# unix_time, cycles_done, cur_path, paths_total, pending_total, pending_favs, map_size, unique_crashes, unique_hangs, max_depth, execs_per_sec, valid_inputs, invalid_inputs, valid_cov, all_covered_probes, valid_covered_probes
1694845570, 0, 0, 1, 0, 0, 7098.83, 0, 0, 0, 0.07, 1, 0, 7098.83, 18173, 18173
1694845575, 0, 0, 2, 0, 0, 7200.00, 0, 0, 0, 0.19, 2, 0, 7200.00, 18432, 18432
1694845578, 0, 0, 3, 0, 0, 7201.95, 0, 0, 0, 0.33, 3, 0, 7201.95, 18437, 18437
1694845581, 0, 0, 4, 0, 0, 7201.95, 0, 0, 0, 0.36, 4, 0, 7201.95, 18437, 18437
1694845584, 0, 0, 4, 0, 0, 7201.95, 0, 0, 0, 0.34, 5, 0, 7201.95, 18437, 18437
1694845588, 0, 0, 5, 0, 0, 7201.95, 0, 0, 0, 0.23, 6, 0, 7201.95, 18437, 18437
1694845591, 0, 0, 6, 0, 0, 7201.95, 0, 0, 0, 0.35, 7, 0, 7201.95, 18437, 18437
1694845594, 0, 0, 7, 0, 0, 7201.95, 0, 0, 0, 0.36, 8, 0, 7201.95, 18437, 18437
1694845597, 0, 0, 7, 0, 0, 7201.95, 0, 0, 0, 0.32, 9, 0, 7201.95, 18437, 18437
1694845601, 0, 0, 8, 0, 0, 7201.95, 0, 0, 0, 0.24, 10, 0, 7201.95, 18437, 18437
1694845604, 0, 0, 9, 0, 0, 7201.95, 0, 0, 0, 0.40, 11, 0, 7201.95, 18437, 18437
1694845608, 0, 0, 10, 0, 0, 7201.95, 0, 0, 0, 0.22, 12, 0, 7201.95, 18437, 18437
1694845611, 0, 0, 11, 0, 0, 7201.95, 0, 0, 0, 0.42, 13, 0, 7201.95, 18437, 18437
1694845614, 0, 0, 12, 0, 0, 7201.95, 0, 0, 0, 0.32, 14, 0, 7201.95, 18437, 18437
1694845616, 0, 0, 13, 0, 0, 7202.73, 0, 0, 0, 0.52, 15, 0, 7202.73, 18439, 18439
1694845619, 0, 0, 14, 0, 0, 7202.73, 0, 0, 0, 0.33, 16, 0, 7202.73, 18439, 18439
1694845621, 0, 0, 14, 0, 0, 7202.73, 0, 0, 0, 0.44, 17, 0, 7202.73, 18439, 18439
1694845624, 0, 0, 14, 0, 0, 7202.73, 0, 0, 0, 0.39, 18, 0, 7202.73, 18439, 18439
1694845626, 0, 0, 15, 0, 0, 7202.73, 0, 0, 0, 0.38, 19, 0, 7202.73, 18439, 18439
1694845629, 0, 0, 15, 0, 0, 7202.73, 0, 0, 0, 0.40, 20, 0, 7202.73, 18439, 18439
1694845631, 0, 0, 15, 0, 0, 7202.73, 0, 0, 0, 0.45, 21, 0, 7202.73, 18439, 18439
1694845634, 0, 0, 16, 0, 0, 7202.73, 0, 0, 0, 0.34, 22, 0, 7202.73, 18439, 18439
1694845636, 0, 0, 17, 0, 0, 7202.73, 0, 0, 0, 0.40, 23, 0, 7202.73, 18439, 18439
1694845640, 0, 0, 18, 0, 0, 7202.73, 0, 0, 0, 0.30, 24, 0, 7202.73, 18439, 18439
1694845642, 0, 0, 19, 0, 0, 7202.73, 0, 0, 0, 0.38, 25, 0, 7202.73, 18439, 18439
1694845646, 0, 0, 19, 0, 0, 7202.73, 0, 0, 0, 0.26, 26, 0, 7202.73, 18439, 18439
1694845649, 0, 0, 20, 0, 0, 7202.73, 0, 0, 0, 0.39, 27, 0, 7202.73, 18439, 18439
1694845651, 0, 0, 21, 0, 0, 7202.73, 0, 0, 0, 0.35, 28, 0, 7202.73, 18439, 18439
1694845654, 0, 0, 21, 0, 0, 7202.73, 0, 0, 0, 0.36, 29, 0, 7202.73, 18439, 18439
1694845658, 0, 0, 22, 0, 0, 7202.73, 0, 0, 0, 0.27, 30, 0, 7202.73, 18439, 18439
1694845661, 0, 0, 23, 0, 0, 7202.73, 0, 0, 0, 0.38, 31, 0, 7202.73, 18439, 18439
1694845663, 0, 0, 24, 0, 0, 7202.73, 0, 0, 0, 0.39, 32, 0, 7202.73, 18439, 18439
1694845665, 0, 0, 24, 0, 0, 7202.73, 0, 0, 0, 0.42, 33, 0, 7202.73, 18439, 18439
1694845668, 0, 0, 25, 0, 0, 7202.73, 0, 0, 0, 0.39, 34, 0, 7202.73, 18439, 18439
1694845671, 0, 0, 26, 0, 0, 7202.73, 0, 0, 0, 0.39, 35, 0, 7202.73, 18439, 18439
1694845673, 0, 0, 27, 0, 0, 7202.73, 0, 0, 0, 0.43, 36, 0, 7202.73, 18439, 18439
1694845675, 0, 0, 27, 0, 0, 7202.73, 0, 0, 0, 0.44, 37, 0, 7202.73, 18439, 18439
1694845677, 0, 0, 28, 0, 0, 7202.73, 0, 0, 0, 0.49, 38, 0, 7202.73, 18439, 18439
1694845680, 0, 0, 28, 0, 0, 7202.73, 0, 0, 0, 0.37, 39, 0, 7202.73, 18439, 18439
1694845682, 0, 0, 29, 0, 0, 7202.73, 0, 0, 0, 0.46, 40, 0, 7202.73, 18439, 18439
1694845684, 0, 0, 29, 0, 0, 7202.73, 0, 0, 0, 0.44, 41, 0, 7202.73, 18439, 18439
1694845687, 0, 0, 29, 0, 0, 7202.73, 0, 0, 0, 0.42, 42, 0, 7202.73, 18439, 18439
1694845689, 0, 0, 30, 0, 0, 7202.73, 0, 0, 0, 0.44, 43, 0, 7202.73, 18439, 18439
1694845691, 0, 0, 30, 0, 0, 7202.73, 0, 0, 0, 0.43, 44, 0, 7202.73, 18439, 18439
1694845694, 0, 0, 30, 0, 0, 7202.73, 0, 0, 0, 0.47, 45, 0, 7202.73, 18439, 18439
1694845696, 0, 0, 30, 0, 0, 7202.73, 0, 0, 0, 0.43, 46, 0, 7202.73, 18439, 18439
1694845698, 0, 0, 30, 0, 0, 7202.73, 0, 0, 0, 0.43, 47, 0, 7202.73, 18439, 18439
1694845701, 0, 0, 30, 0, 0, 7202.73, 0, 0, 0, 0.41, 48, 0, 7202.73, 18439, 18439
1694845703, 0, 0, 30, 0, 0, 7202.73, 0, 0, 0, 0.43, 49, 0, 7202.73, 18439, 18439
1694845705, 0, 0, 31, 0, 0, 7202.73, 0, 0, 0, 0.41, 50, 0, 7202.73, 18439, 18439
1694845708, 0, 0, 31, 0, 0, 7202.73, 0, 0, 0, 0.43, 51, 0, 7202.73, 18439, 18439
1694845712, 0, 0, 32, 0, 0, 7213.67, 0, 0, 0, 0.26, 52, 0, 7213.67, 18467, 18467
1694845714, 0, 0, 33, 0, 0, 7213.67, 0, 0, 0, 0.41, 53, 0, 7213.67, 18467, 18467
1694845716, 0, 0, 33, 0, 0, 7213.67, 0, 0, 0, 0.53, 54, 0, 7213.67, 18467, 18467
1694845718, 0, 0, 33, 0, 0, 7213.67, 0, 0, 0, 0.46, 55, 0, 7213.67, 18467, 18467
1694845720, 0, 0, 34, 0, 0, 7213.67, 0, 0, 0, 0.43, 56, 0, 7213.67, 18467, 18467
1694845723, 0, 0, 34, 0, 0, 7213.67, 0, 0, 0, 0.45, 57, 0, 7213.67, 18467, 18467
1694845725, 0, 0, 35, 0, 0, 7213.67, 0, 0, 0, 0.36, 58, 0, 7213.67, 18467, 18467
1694845728, 0, 0, 36, 0, 0, 7213.67, 0, 0, 0, 0.41, 59, 0, 7213.67, 18467, 18467
1694845731, 0, 0, 37, 0, 0, 7213.67, 0, 0, 0, 0.36, 60, 0, 7213.67, 18467, 18467
1694845733, 0, 0, 38, 0, 0, 7213.67, 0, 0, 0, 0.43, 61, 0, 7213.67, 18467, 18467
1694845735, 0, 0, 39, 0, 0, 7213.67, 0, 0, 0, 0.47, 62, 0, 7213.67, 18467, 18467
1694845737, 0, 0, 40, 0, 0, 7213.67, 0, 0, 0, 0.46, 63, 0, 7213.67, 18467, 18467
1694845739, 0, 0, 41, 0, 0, 7213.67, 0, 0, 0, 0.45, 64, 0, 7213.67, 18467, 18467
1694845742, 0, 0, 41, 0, 0, 7213.67, 0, 0, 0, 0.38, 65, 0, 7213.67, 18467, 18467
1694845745, 0, 0, 41, 0, 0, 7213.67, 0, 0, 0, 0.38, 66, 0, 7213.67, 18467, 18467
1694845747, 0, 0, 41, 0, 0, 7213.67, 0, 0, 0, 0.46, 67, 0, 7213.67, 18467, 18467
1694845749, 0, 0, 41, 0, 0, 7213.67, 0, 0, 0, 0.46, 68, 0, 7213.67, 18467, 18467
1694845751, 0, 0, 42, 0, 0, 7213.67, 0, 0, 0, 0.49, 69, 0, 7213.67, 18467, 18467
1694845754, 0, 0, 43, 0, 0, 7213.67, 0, 0, 0, 0.40, 70, 0, 7213.67, 18467, 18467
1694845756, 0, 0, 43, 0, 0, 7213.67, 0, 0, 0, 0.46, 71, 0, 7213.67, 18467, 18467
1694845758, 0, 0, 43, 0, 0, 7213.67, 0, 0, 0, 0.46, 72, 0, 7213.67, 18467, 18467
1694845760, 0, 0, 43, 0, 0, 7213.67, 0, 0, 0, 0.50, 73, 0, 7213.67, 18467, 18467
1694845762, 0, 0, 43, 0, 0, 7213.67, 0, 0, 0, 0.52, 74, 0, 7213.67, 18467, 18467
1694845764, 0, 0, 44, 0, 0, 7213.67, 0, 0, 0, 0.44, 75, 0, 7213.67, 18467, 18467
1694845767, 0, 0, 44, 0, 0, 7213.67, 0, 0, 0, 0.39, 76, 0, 7213.67, 18467, 18467
1694845770, 0, 0, 45, 0, 0, 7213.67, 0, 0, 0, 0.27, 77, 0, 7213.67, 18467, 18467
1694845773, 0, 0, 46, 0, 0, 7213.67, 0, 0, 0, 0.33, 78, 0, 7213.67, 18467, 18467
1694845777, 0, 0, 46, 0, 0, 7213.67, 0, 0, 0, 0.30, 79, 0, 7213.67, 18467, 18467
1694845779, 0, 0, 47, 0, 0, 7213.67, 0, 0, 0, 0.42, 80, 0, 7213.67, 18467, 18467
1694845781, 0, 0, 47, 0, 0, 7213.67, 0, 0, 0, 0.45, 81, 0, 7213.67, 18467, 18467
1694845783, 0, 0, 47, 0, 0, 7213.67, 0, 0, 0, 0.52, 82, 0, 7213.67, 18467, 18467
1694845785, 0, 0, 48, 0, 0, 7213.67, 0, 0, 0, 0.49, 83, 0, 7213.67, 18467, 18467
1694845788, 0, 0, 48, 0, 0, 7213.67, 0, 0, 0, 0.45, 84, 0, 7213.67, 18467, 18467
1694845790, 0, 0, 48, 0, 0, 7213.67, 0, 0, 0, 0.42, 85, 0, 7213.67, 18467, 18467
1694845792, 0, 0, 49, 0, 0, 7213.67, 0, 0, 0, 0.42, 86, 0, 7213.67, 18467, 18467
1694845794, 0, 0, 49, 0, 0, 7213.67, 0, 0, 0, 0.46, 87, 0, 7213.67, 18467, 18467
1694845797, 0, 0, 49, 0, 0, 7213.67, 0, 0, 0, 0.44, 88, 0, 7213.67, 18467, 18467
1694845799, 0, 0, 49, 0, 0, 7213.67, 0, 0, 0, 0.47, 89, 0, 7213.67, 18467, 18467
1694845801, 0, 0, 49, 0, 0, 7213.67, 0, 0, 0, 0.47, 90, 0, 7213.67, 18467, 18467
1694845804, 0, 0, 49, 0, 0, 7213.67, 0, 0, 0, 0.30, 91, 0, 7213.67, 18467, 18467
1694845807, 0, 0, 49, 0, 0, 7213.67, 0, 0, 0, 0.44, 92, 0, 7213.67, 18467, 18467
1694845809, 0, 0, 49, 0, 0, 7213.67, 0, 0, 0, 0.40, 93, 0, 7213.67, 18467, 18467
1694845812, 0, 0, 49, 0, 0, 7213.67, 0, 0, 0, 0.33, 94, 0, 7213.67, 18467, 18467
1694845815, 0, 0, 50, 0, 0, 7213.67, 0, 0, 0, 0.42, 95, 0, 7213.67, 18467, 18467
1694845817, 0, 0, 51, 0, 0, 7213.67, 0, 0, 0, 0.47, 96, 0, 7213.67, 18467, 18467
1694845819, 0, 0, 51, 0, 0, 7213.67, 0, 0, 0, 0.46, 97, 0, 7213.67, 18467, 18467
1694845821, 0, 0, 52, 0, 0, 7213.67, 0, 0, 0, 0.44, 98, 0, 7213.67, 18467, 18467
1694845825, 0, 0, 53, 0, 0, 7213.67, 0, 0, 0, 0.30, 99, 0, 7213.67, 18467, 18467
1694845828, 0, 0, 54, 0, 0, 7213.67, 0, 0, 0, 0.30, 100, 0, 7213.67, 18467, 18467
1694845830, 0, 0, 54, 0, 0, 7213.67, 0, 0, 0, 0.41, 101, 0, 7213.67, 18467, 18467
1694845833, 0, 0, 55, 0, 0, 7213.67, 0, 0, 0, 0.38, 102, 0, 7213.67, 18467, 18467
1694845836, 0, 0, 55, 0, 0, 7213.67, 0, 0, 0, 0.38, 103, 0, 7213.67, 18467, 18467
1694845839, 0, 0, 55, 0, 0, 7213.67, 0, 0, 0, 0.32, 104, 0, 7213.67, 18467, 18467
1694845841, 0, 0, 55, 0, 0, 7213.67, 0, 0, 0, 0.46, 105, 0, 7213.67, 18467, 18467
1694845843, 0, 0, 55, 0, 0, 7213.67, 0, 0, 0, 0.38, 106, 0, 7213.67, 18467, 18467
1694845846, 0, 0, 55, 0, 0, 7213.67, 0, 0, 0, 0.34, 107, 0, 7213.67, 18467, 18467
1694845849, 0, 0, 55, 0, 0, 7213.67, 0, 0, 0, 0.37, 108, 0, 7213.67, 18467, 18467
1694845852, 0, 0, 55, 0, 0, 7213.67, 1, 0, 0, 0.34, 108, 1, 7213.67, 18467, 18467
1694845856, 0, 0, 56, 0, 0, 7221.48, 1, 0, 0, 0.29, 109, 1, 7221.48, 18487, 18487
1694845858, 0, 0, 56, 0, 0, 7221.48, 1, 0, 0, 0.35, 110, 1, 7221.48, 18487, 18487
1694845861, 0, 0, 56, 0, 0, 7221.48, 1, 0, 0, 0.42, 111, 1, 7221.48, 18487, 18487
1694845865, 0, 0, 57, 0, 0, 7221.48, 1, 0, 0, 0.26, 112, 1, 7221.48, 18487, 18487
1694845867, 0, 0, 57, 0, 0, 7221.48, 1, 0, 0, 0.39, 113, 1, 7221.48, 18487, 18487
1694845869, 0, 0, 57, 0, 0, 7221.48, 1, 0, 0, 0.44, 114, 1, 7221.48, 18487, 18487
1694845872, 0, 0, 57, 0, 0, 7221.48, 1, 0, 0, 0.47, 115, 1, 7221.48, 18487, 18487
1694845875, 0, 0, 58, 0, 0, 7221.48, 1, 0, 0, 0.32, 116, 1, 7221.48, 18487, 18487
1694845877, 0, 0, 58, 0, 0, 7221.48, 1, 0, 0, 0.39, 117, 1, 7221.48, 18487, 18487
1694845881, 0, 0, 58, 0, 0, 7221.48, 1, 0, 0, 0.29, 118, 1, 7221.48, 18487, 18487
1694845884, 0, 0, 58, 0, 0, 7221.48, 1, 0, 0, 0.30, 119, 1, 7221.48, 18487, 18487
1694845888, 0, 0, 59, 0, 0, 7221.48, 1, 0, 0, 0.28, 120, 1, 7221.48, 18487, 18487
1694845891, 0, 0, 59, 0, 0, 7221.48, 1, 0, 0, 0.36, 121, 1, 7221.48, 18487, 18487
1694845896, 0, 0, 60, 0, 0, 7221.48, 1, 0, 0, 0.20, 122, 1, 7221.48, 18487, 18487
1694845899, 0, 0, 60, 0, 0, 7221.48, 1, 0, 0, 0.33, 123, 1, 7221.48, 18487, 18487
1694845901, 0, 0, 61, 0, 0, 7221.48, 1, 0, 0, 0.45, 124, 1, 7221.48, 18487, 18487
1694845904, 0, 0, 61, 0, 0, 7221.48, 1, 0, 0, 0.34, 125, 1, 7221.48, 18487, 18487
1694845906, 0, 0, 62, 0, 0, 7221.48, 1, 0, 0, 0.39, 126, 1, 7221.48, 18487, 18487
1694845909, 0, 0, 63, 0, 0, 7221.48, 1, 0, 0, 0.35, 127, 1, 7221.48, 18487, 18487
1694845912, 0, 0, 64, 0, 0, 7221.48, 1, 0, 0, 0.36, 128, 1, 7221.48, 18487, 18487
1694845915, 0, 0, 64, 0, 0, 7221.48, 1, 0, 0, 0.38, 129, 1, 7221.48, 18487, 18487
1694845917, 0, 0, 65, 0, 0, 7221.48, 1, 0, 0, 0.36, 130, 1, 7221.48, 18487, 18487
1694845921, 0, 0, 65, 0, 0, 7221.48, 1, 0, 0, 0.29, 131, 1, 7221.48, 18487, 18487
1694845923, 0, 0, 65, 0, 0, 7221.48, 1, 0, 0, 0.39, 132, 1, 7221.48, 18487, 18487
1694845927, 0, 0, 65, 0, 0, 7221.48, 1, 0, 0, 0.27, 133, 1, 7221.48, 18487, 18487
1694845930, 0, 0, 65, 0, 0, 7221.48, 1, 0, 0, 0.36, 134, 1, 7221.48, 18487, 18487
1694845933, 0, 0, 66, 0, 0, 7355.86, 1, 0, 0, 0.32, 135, 1, 7355.86, 18831, 18831
1694845936, 0, 0, 67, 0, 0, 7356.64, 1, 0, 0, 0.34, 136, 1, 7356.64, 18833, 18833
1694845938, 0, 0, 67, 0, 0, 7356.64, 1, 0, 0, 0.36, 137, 1, 7356.64, 18833, 18833
1694845941, 0, 0, 67, 0, 0, 7356.64, 1, 0, 0, 0.37, 138, 1, 7356.64, 18833, 18833
1694845944, 0, 0, 67, 0, 0, 7356.64, 1, 0, 0, 0.32, 139, 1, 7356.64, 18833, 18833
1694845947, 0, 0, 67, 0, 0, 7356.64, 1, 0, 0, 0.39, 140, 1, 7356.64, 18833, 18833
1694845950, 0, 0, 67, 0, 0, 7356.64, 1, 0, 0, 0.30, 141, 1, 7356.64, 18833, 18833
1694845953, 0, 0, 68, 0, 0, 7356.64, 1, 0, 0, 0.34, 142, 1, 7356.64, 18833, 18833
1694845956, 0, 0, 69, 0, 0, 7356.64, 1, 0, 0, 0.31, 143, 1, 7356.64, 18833, 18833
1694845959, 0, 0, 69, 0, 0, 7356.64, 1, 0, 0, 0.40, 144, 1, 7356.64, 18833, 18833
1694845962, 0, 0, 69, 0, 0, 7356.64, 1, 0, 0, 0.34, 145, 1, 7356.64, 18833, 18833
1694845965, 0, 0, 69, 0, 0, 7356.64, 1, 0, 0, 0.33, 146, 1, 7356.64, 18833, 18833
1694845968, 0, 0, 69, 0, 0, 7356.64, 1, 0, 0, 0.37, 147, 1, 7356.64, 18833, 18833
1694845970, 0, 0, 69, 0, 0, 7356.64, 1, 0, 0, 0.43, 148, 1, 7356.64, 18833, 18833
1694845973, 0, 0, 69, 0, 0, 7356.64, 1, 0, 0, 0.31, 149, 1, 7356.64, 18833, 18833
1694845976, 0, 0, 69, 0, 0, 7356.64, 1, 0, 0, 0.32, 150, 1, 7356.64, 18833, 18833
1694845980, 0, 0, 69, 0, 0, 7356.64, 1, 0, 0, 0.31, 151, 1, 7356.64, 18833, 18833
1694845982, 0, 0, 69, 0, 0, 7356.64, 1, 0, 0, 0.38, 152, 1, 7356.64, 18833, 18833
1694845985, 0, 0, 69, 0, 0, 7356.64, 1, 0, 0, 0.32, 153, 1, 7356.64, 18833, 18833
1694845988, 0, 0, 69, 0, 0, 7356.64, 1, 0, 0, 0.44, 154, 1, 7356.64, 18833, 18833
1694845991, 0, 0, 69, 0, 0, 7356.64, 1, 0, 0, 0.32, 155, 1, 7356.64, 18833, 18833
1694845994, 0, 0, 69, 0, 0, 7356.64, 1, 0, 0, 0.36, 156, 1, 7356.64, 18833, 18833
1694845997, 0, 0, 69, 0, 0, 7356.64, 1, 0, 0, 0.30, 157, 1, 7356.64, 18833, 18833
1694846000, 0, 0, 69, 0, 0, 7356.64, 1, 0, 0, 0.37, 158, 1, 7356.64, 18833, 18833
1694846003, 0, 0, 69, 0, 0, 7356.64, 1, 0, 0, 0.33, 159, 1, 7356.64, 18833, 18833
1694846005, 0, 0, 69, 0, 0, 7356.64, 1, 0, 0, 0.39, 160, 1, 7356.64, 18833, 18833
1694846008, 0, 0, 69, 0, 0, 7356.64, 1, 0, 0, 0.33, 161, 1, 7356.64, 18833, 18833
1694846011, 0, 0, 70, 0, 0, 7356.64, 1, 0, 0, 0.36, 162, 1, 7356.64, 18833, 18833
1694846014, 0, 0, 70, 0, 0, 7356.64, 1, 0, 0, 0.30, 163, 1, 7356.64, 18833, 18833
1694846017, 0, 0, 71, 0, 0, 7356.64, 1, 0, 0, 0.33, 164, 1, 7356.64, 18833, 18833
1694846020, 0, 0, 71, 0, 0, 7356.64, 1, 0, 0, 0.32, 165, 1, 7356.64, 18833, 18833
1694846023, 0, 0, 71, 0, 0, 7356.64, 1, 0, 0, 0.37, 166, 1, 7356.64, 18833, 18833
1694846026, 0, 0, 72, 0, 0, 7356.64, 1, 0, 0, 0.32, 167, 1, 7356.64, 18833, 18833
1694846029, 0, 0, 72, 0, 0, 7356.64, 1, 0, 0, 0.35, 168, 1, 7356.64, 18833, 18833
1694846033, 0, 0, 72, 0, 0, 7356.64, 1, 0, 0, 0.26, 169, 1, 7356.64, 18833, 18833
1694846036, 0, 0, 73, 0, 0, 7356.64, 1, 0, 0, 0.36, 170, 1, 7356.64, 18833, 18833
1694846039, 0, 0, 73, 0, 0, 7356.64, 1, 0, 0, 0.33, 171, 1, 7356.64, 18833, 18833
1694846041, 0, 0, 73, 0, 0, 7356.64, 1, 0, 0, 0.37, 172, 1, 7356.64, 18833, 18833
1694846045, 0, 0, 73, 0, 0, 7356.64, 1, 0, 0, 0.32, 173, 1, 7356.64, 18833, 18833
1694846047, 0, 0, 73, 0, 0, 7356.64, 1, 0, 0, 0.38, 174, 1, 7356.64, 18833, 18833
1694846050, 0, 0, 73, 0, 0, 7356.64, 1, 0, 0, 0.34, 175, 1, 7356.64, 18833, 18833
1694846053, 0, 0, 73, 0, 0, 7356.64, 1, 0, 0, 0.35, 176, 1, 7356.64, 18833, 18833
1694846056, 0, 0, 73, 0, 0, 7356.64, 1, 0, 0, 0.34, 177, 1, 7356.64, 18833, 18833
1694846058, 0, 0, 73, 0, 0, 7356.64, 1, 0, 0, 0.40, 178, 1, 7356.64, 18833, 18833
1694846062, 0, 0, 73, 0, 0, 7356.64, 1, 0, 0, 0.32, 179, 1, 7356.64, 18833, 18833
1694846065, 0, 0, 73, 0, 0, 7356.64, 1, 0, 0, 0.34, 180, 1, 7356.64, 18833, 18833
1694846067, 0, 0, 73, 0, 0, 7356.64, 1, 0, 0, 0.34, 181, 1, 7356.64, 18833, 18833
1694846070, 0, 0, 73, 0, 0, 7356.64, 1, 0, 0, 0.43, 182, 1, 7356.64, 18833, 18833
1694846072, 0, 0, 73, 0, 0, 7356.64, 1, 0, 0, 0.45, 183, 1, 7356.64, 18833, 18833
1694846075, 0, 0, 73, 0, 0, 7356.64, 1, 0, 0, 0.36, 184, 1, 7356.64, 18833, 18833
1694846078, 0, 0, 73, 0, 0, 7356.64, 1, 0, 0, 0.37, 185, 1, 7356.64, 18833, 18833
1694846080, 0, 0, 73, 0, 0, 7356.64, 1, 0, 0, 0.35, 186, 1, 7356.64, 18833, 18833
1694846083, 0, 0, 73, 0, 0, 7356.64, 1, 0, 0, 0.37, 187, 1, 7356.64, 18833, 18833
1694846086, 0, 0, 73, 0, 0, 7356.64, 1, 0, 0, 0.38, 188, 1, 7356.64, 18833, 18833
1694846088, 0, 0, 73, 0, 0, 7356.64, 1, 0, 0, 0.38, 189, 1, 7356.64, 18833, 18833
1694846091, 0, 0, 73, 0, 0, 7356.64, 1, 0, 0, 0.35, 190, 1, 7356.64, 18833, 18833
1694846094, 0, 0, 73, 0, 0, 7356.64, 1, 0, 0, 0.37, 191, 1, 7356.64, 18833, 18833
1694846097, 0, 0, 73, 0, 0, 7356.64, 1, 0, 0, 0.34, 192, 1, 7356.64, 18833, 18833
1694846100, 0, 0, 73, 0, 0, 7356.64, 1, 0, 0, 0.37, 193, 1, 7356.64, 18833, 18833
1694846103, 0, 0, 73, 0, 0, 7356.64, 1, 0, 0, 0.30, 194, 1, 7356.64, 18833, 18833
1694846111, 0, 0, 74, 0, 0, 7356.64, 1, 0, 0, 0.13, 195, 1, 7356.64, 18833, 18833
1694846113, 0, 0, 74, 0, 0, 7356.64, 1, 0, 0, 0.34, 196, 1, 7356.64, 18833, 18833
1694846116, 0, 0, 74, 0, 0, 7356.64, 1, 0, 0, 0.36, 197, 1, 7356.64, 18833, 18833
1694846120, 0, 0, 74, 0, 0, 7356.64, 1, 0, 0, 0.29, 198, 1, 7356.64, 18833, 18833
1694846122, 0, 0, 74, 0, 0, 7356.64, 1, 0, 0, 0.35, 199, 1, 7356.64, 18833, 18833
1694846125, 0, 0, 74, 0, 0, 7356.64, 1, 0, 0, 0.34, 200, 1, 7356.64, 18833, 18833
1694846128, 0, 0, 74, 0, 0, 7356.64, 1, 0, 0, 0.40, 201, 1, 7356.64, 18833, 18833
1694846131, 0, 0, 75, 0, 0, 7356.64, 1, 0, 0, 0.34, 202, 1, 7356.64, 18833, 18833
1694846134, 0, 0, 75, 0, 0, 7356.64, 1, 0, 0, 0.33, 203, 1, 7356.64, 18833, 18833
1694846137, 0, 0, 75, 0, 0, 7356.64, 1, 0, 0, 0.33, 204, 1, 7356.64, 18833, 18833
1694846140, 0, 0, 75, 0, 0, 7356.64, 1, 0, 0, 0.29, 205, 1, 7356.64, 18833, 18833
1694846143, 0, 0, 75, 0, 0, 7356.64, 1, 0, 0, 0.35, 206, 1, 7356.64, 18833, 18833
1694846146, 0, 0, 75, 0, 0, 7356.64, 1, 0, 0, 0.35, 207, 1, 7356.64, 18833, 18833
1694846148, 0, 0, 75, 0, 0, 7356.64, 1, 0, 0, 0.41, 208, 1, 7356.64, 18833, 18833
1694846151, 0, 0, 75, 0, 0, 7356.64, 1, 0, 0, 0.34, 209, 1, 7356.64, 18833, 18833
1694846154, 0, 0, 75, 0, 0, 7356.64, 1, 0, 0, 0.37, 210, 1, 7356.64, 18833, 18833
1694846157, 0, 0, 75, 0, 0, 7356.64, 1, 0, 0, 0.35, 211, 1, 7356.64, 18833, 18833
1694846160, 0, 0, 75, 0, 0, 7356.64, 1, 0, 0, 0.35, 212, 1, 7356.64, 18833, 18833
1694846163, 0, 0, 75, 0, 0, 7356.64, 1, 0, 0, 0.32, 213, 1, 7356.64, 18833, 18833
1694846165, 0, 0, 75, 0, 0, 7356.64, 1, 0, 0, 0.40, 214, 1, 7356.64, 18833, 18833
1694846168, 0, 0, 75, 0, 0, 7356.64, 1, 0, 0, 0.34, 215, 1, 7356.64, 18833, 18833
1694846171, 0, 0, 75, 0, 0, 7356.64, 1, 0, 0, 0.33, 216, 1, 7356.64, 18833, 18833
1694846174, 0, 0, 75, 0, 0, 7356.64, 1, 0, 0, 0.37, 217, 1, 7356.64, 18833, 18833
1694846176, 0, 0, 75, 0, 0, 7356.64, 1, 0, 0, 0.44, 218, 1, 7356.64, 18833, 18833
1694846179, 0, 0, 75, 0, 0, 7356.64, 1, 0, 0, 0.37, 219, 1, 7356.64, 18833, 18833
1694846182, 0, 0, 75, 0, 0, 7356.64, 1, 0, 0, 0.35, 220, 1, 7356.64, 18833, 18833
1694846185, 0, 0, 75, 0, 0, 7356.64, 1, 0, 0, 0.33, 221, 1, 7356.64, 18833, 18833
1694846188, 0, 0, 76, 0, 0, 7356.64, 1, 0, 0, 0.31, 222, 1, 7356.64, 18833, 18833
1694846191, 0, 0, 76, 0, 0, 7356.64, 1, 0, 0, 0.34, 223, 1, 7356.64, 18833, 18833
1694846196, 0, 0, 77, 0, 0, 7356.64, 1, 0, 0, 0.23, 224, 1, 7356.64, 18833, 18833
1694846199, 0, 0, 78, 0, 0, 7356.64, 1, 0, 0, 0.28, 225, 1, 7356.64, 18833, 18833
1694846203, 0, 0, 79, 0, 0, 7356.64, 1, 0, 0, 0.24, 226, 1, 7356.64, 18833, 18833
1694846206, 0, 0, 80, 0, 0, 7356.64, 1, 0, 0, 0.40, 227, 1, 7356.64, 18833, 18833
1694846211, 0, 0, 81, 0, 0, 7356.64, 1, 0, 0, 0.20, 228, 1, 7356.64, 18833, 18833
1694846214, 0, 0, 81, 0, 0, 7356.64, 1, 0, 0, 0.34, 229, 1, 7356.64, 18833, 18833
1694846218, 0, 0, 82, 0, 0, 7356.64, 1, 0, 0, 0.22, 230, 1, 7356.64, 18833, 18833
1694846221, 0, 0, 82, 0, 0, 7356.64, 1, 0, 0, 0.33, 231, 1, 7356.64, 18833, 18833
1694846225, 0, 0, 82, 0, 0, 7356.64, 1, 0, 0, 0.25, 232, 1, 7356.64, 18833, 18833
1694846228, 0, 0, 82, 0, 0, 7356.64, 1, 0, 0, 0.38, 233, 1, 7356.64, 18833, 18833
1694846233, 0, 0, 82, 0, 0, 7356.64, 1, 0, 0, 0.20, 234, 1, 7356.64, 18833, 18833
1694846236, 0, 0, 82, 0, 0, 7356.64, 1, 0, 0, 0.31, 235, 1, 7356.64, 18833, 18833
1694846239, 0, 0, 83, 0, 0, 7356.64, 1, 0, 0, 0.38, 236, 1, 7356.64, 18833, 18833
1694846241, 0, 0, 83, 0, 0, 7356.64, 1, 0, 0, 0.38, 237, 1, 7356.64, 18833, 18833
1694846246, 0, 0, 83, 0, 0, 7356.64, 1, 0, 0, 0.21, 238, 1, 7356.64, 18833, 18833
1694846249, 0, 0, 83, 0, 0, 7356.64, 1, 0, 0, 0.37, 239, 1, 7356.64, 18833, 18833
1694846252, 0, 0, 83, 0, 0, 7356.64, 1, 0, 0, 0.33, 240, 1, 7356.64, 18833, 18833
1694846255, 0, 0, 83, 0, 0, 7356.64, 1, 0, 0, 0.35, 241, 1, 7356.64, 18833, 18833
1694846258, 0, 0, 83, 0, 0, 7356.64, 1, 0, 0, 0.34, 242, 1, 7356.64, 18833, 18833
1694846261, 0, 0, 84, 0, 0, 7356.64, 1, 0, 0, 0.32, 243, 1, 7356.64, 18833, 18833
1694846264, 0, 0, 84, 0, 0, 7356.64, 1, 0, 0, 0.35, 244, 1, 7356.64, 18833, 18833
1694846266, 0, 0, 84, 0, 0, 7356.64, 1, 0, 0, 0.37, 245, 1, 7356.64, 18833, 18833
1694846269, 0, 0, 84, 0, 0, 7356.64, 1, 0, 0, 0.37, 246, 1, 7356.64, 18833, 18833
1694846273, 0, 0, 84, 0, 0, 7356.64, 1, 0, 0, 0.30, 247, 1, 7356.64, 18833, 18833
1694846276, 0, 0, 84, 0, 0, 7356.64, 1, 0, 0, 0.31, 248, 1, 7356.64, 18833, 18833
1694846279, 0, 0, 84, 0, 0, 7356.64, 1, 0, 0, 0.32, 249, 1, 7356.64, 18833, 18833
1694846282, 0, 0, 85, 0, 0, 7356.64, 1, 0, 0, 0.31, 250, 1, 7356.64, 18833, 18833
1694846285, 0, 0, 86, 0, 0, 7356.64, 1, 0, 0, 0.33, 251, 1, 7356.64, 18833, 18833
1694846289, 0, 0, 86, 0, 0, 7356.64, 1, 0, 0, 0.29, 252, 1, 7356.64, 18833, 18833
1694846292, 0, 0, 87, 0, 0, 7356.64, 1, 0, 0, 0.30, 253, 1, 7356.64, 18833, 18833
1694846295, 0, 0, 88, 0, 0, 7356.64, 1, 0, 0, 0.31, 254, 1, 7356.64, 18833, 18833
1694846299, 0, 0, 89, 0, 0, 7356.64, 1, 0, 0, 0.28, 255, 1, 7356.64, 18833, 18833
1694846302, 0, 0, 90, 0, 0, 7356.64, 1, 0, 0, 0.28, 256, 1, 7356.64, 18833, 18833
1694846305, 0, 0, 90, 0, 0, 7356.64, 1, 0, 0, 0.33, 257, 1, 7356.64, 18833, 18833
1694846308, 0, 0, 90, 0, 0, 7356.64, 1, 0, 0, 0.35, 258, 1, 7356.64, 18833, 18833
1694846311, 0, 0, 91, 0, 0, 7356.64, 1, 0, 0, 0.36, 259, 1, 7356.64, 18833, 18833
1694846315, 0, 0, 91, 0, 0, 7356.64, 1, 0, 0, 0.27, 260, 1, 7356.64, 18833, 18833
1694846318, 0, 0, 91, 0, 0, 7356.64, 1, 0, 0, 0.33, 261, 1, 7356.64, 18833, 18833
1694846321, 0, 0, 91, 0, 0, 7356.64, 1, 0, 0, 0.31, 262, 1, 7356.64, 18833, 18833
1694846324, 0, 0, 91, 0, 0, 7356.64, 1, 0, 0, 0.34, 263, 1, 7356.64, 18833, 18833
1694846327, 0, 0, 91, 0, 0, 7356.64, 1, 0, 0, 0.31, 264, 1, 7356.64, 18833, 18833
1694846330, 0, 0, 91, 0, 0, 7356.64, 1, 0, 0, 0.33, 265, 1, 7356.64, 18833, 18833
1694846333, 0, 0, 91, 0, 0, 7356.64, 1, 0, 0, 0.36, 266, 1, 7356.64, 18833, 18833
1694846336, 0, 0, 91, 0, 0, 7356.64, 1, 0, 0, 0.33, 267, 1, 7356.64, 18833, 18833
1694846339, 0, 0, 91, 0, 0, 7356.64, 1, 0, 0, 0.37, 268, 1, 7356.64, 18833, 18833
1694846341, 0, 0, 91, 0, 0, 7356.64, 1, 0, 0, 0.36, 269, 1, 7356.64, 18833, 18833
1694846344, 0, 0, 91, 0, 0, 7356.64, 1, 0, 0, 0.33, 270, 1, 7356.64, 18833, 18833
1694846347, 0, 0, 91, 0, 0, 7356.64, 1, 0, 0, 0.38, 271, 1, 7356.64, 18833, 18833
1694846350, 0, 0, 91, 0, 0, 7356.64, 1, 0, 0, 0.33, 272, 1, 7356.64, 18833, 18833
1694846353, 0, 0, 91, 0, 0, 7356.64, 1, 0, 0, 0.34, 273, 1, 7356.64, 18833, 18833
1694846355, 0, 0, 91, 0, 0, 7356.64, 1, 0, 0, 0.43, 274, 1, 7356.64, 18833, 18833
1694846358, 0, 0, 91, 0, 0, 7356.64, 1, 0, 0, 0.44, 275, 1, 7356.64, 18833, 18833
1694846360, 0, 0, 91, 0, 0, 7356.64, 1, 0, 0, 0.35, 276, 1, 7356.64, 18833, 18833
1694846364, 0, 0, 92, 0, 0, 7363.28, 1, 0, 0, 0.29, 277, 1, 7363.28, 18850, 18850
1694846367, 0, 0, 92, 0, 0, 7363.28, 1, 0, 0, 0.35, 278, 1, 7363.28, 18850, 18850
1694846369, 0, 0, 92, 0, 0, 7363.28, 1, 0, 0, 0.45, 279, 1, 7363.28, 18850, 18850
1694846371, 0, 0, 92, 0, 0, 7363.28, 1, 0, 0, 0.42, 280, 1, 7363.28, 18850, 18850
1694846375, 0, 0, 92, 0, 0, 7363.28, 1, 0, 0, 0.27, 281, 1, 7363.28, 18850, 18850
1694846378, 0, 0, 92, 0, 0, 7363.28, 1, 0, 0, 0.34, 282, 1, 7363.28, 18850, 18850
1694846381, 0, 0, 92, 0, 0, 7363.28, 1, 0, 0, 0.33, 283, 1, 7363.28, 18850, 18850
1694846384, 0, 0, 92, 0, 0, 7363.28, 1, 0, 0, 0.33, 284, 1, 7363.28, 18850, 18850
1694846388, 0, 0, 93, 0, 0, 7363.28, 1, 0, 0, 0.25, 285, 1, 7363.28, 18850, 18850
1694846391, 0, 0, 93, 0, 0, 7363.28, 1, 0, 0, 0.35, 286, 1, 7363.28, 18850, 18850
1694846394, 0, 0, 93, 0, 0, 7363.28, 1, 0, 0, 0.36, 287, 1, 7363.28, 18850, 18850
1694846396, 0, 0, 94, 0, 0, 7363.28, 1, 0, 0, 0.34, 288, 1, 7363.28, 18850, 18850
1694846399, 0, 0, 94, 0, 0, 7363.28, 1, 0, 0, 0.39, 289, 1, 7363.28, 18850, 18850
1694846402, 0, 0, 94, 0, 0, 7363.28, 1, 0, 0, 0.35, 290, 1, 7363.28, 18850, 18850
1694846405, 0, 0, 94, 0, 0, 7363.28, 1, 0, 0, 0.28, 291, 1, 7363.28, 18850, 18850
1694846408, 0, 0, 94, 0, 0, 7363.28, 1, 0, 0, 0.42, 292, 1, 7363.28, 18850, 18850
1694846410, 0, 0, 94, 0, 0, 7363.28, 1, 0, 0, 0.42, 293, 1, 7363.28, 18850, 18850
1694846414, 0, 0, 94, 0, 0, 7363.28, 1, 0, 0, 0.29, 294, 1, 7363.28, 18850, 18850
1694846417, 0, 0, 94, 0, 0, 7363.28, 1, 0, 0, 0.34, 295, 1, 7363.28, 18850, 18850
1694846419, 0, 0, 94, 0, 0, 7363.28, 1, 0, 0, 0.36, 296, 1, 7363.28, 18850, 18850
1694846423, 0, 0, 95, 0, 0, 7363.28, 1, 0, 0, 0.28, 297, 1, 7363.28, 18850, 18850
1694846426, 0, 0, 95, 0, 0, 7363.28, 1, 0, 0, 0.37, 298, 1, 7363.28, 18850, 18850
1694846429, 0, 0, 95, 0, 0, 7363.28, 1, 0, 0, 0.32, 299, 1, 7363.28, 18850, 18850
1694846431, 0, 0, 95, 0, 0, 7363.28, 1, 0, 0, 0.39, 300, 1, 7363.28, 18850, 18850
1694846434, 0, 0, 95, 0, 0, 7363.28, 1, 0, 0, 0.36, 301, 1, 7363.28, 18850, 18850
1694846437, 0, 0, 95, 0, 0, 7363.28, 1, 0, 0, 0.31, 302, 1, 7363.28, 18850, 18850
1694846440, 0, 0, 95, 0, 0, 7363.28, 1, 0, 0, 0.32, 303, 1, 7363.28, 18850, 18850
1694846444, 0, 0, 95, 0, 0, 7363.28, 1, 0, 0, 0.26, 304, 1, 7363.28, 18850, 18850
1694846448, 0, 0, 95, 0, 0, 7363.28, 1, 0, 0, 0.30, 305, 1, 7363.28, 18850, 18850
1694846450, 0, 0, 95, 0, 0, 7363.28, 1, 0, 0, 0.35, 306, 1, 7363.28, 18850, 18850
1694846454, 0, 0, 95, 0, 0, 7363.28, 1, 0, 0, 0.29, 307, 1, 7363.28, 18850, 18850
1694846457, 0, 0, 95, 0, 0, 7363.28, 1, 0, 0, 0.35, 308, 1, 7363.28, 18850, 18850
1694846461, 0, 0, 95, 0, 0, 7363.28, 1, 0, 0, 0.23, 309, 1, 7363.28, 18850, 18850
1694846465, 0, 0, 96, 0, 0, 7363.28, 1, 0, 0, 0.27, 310, 1, 7363.28, 18850, 18850
1694846468, 0, 0, 96, 0, 0, 7363.28, 1, 0, 0, 0.30, 311, 1, 7363.28, 18850, 18850
1694846472, 0, 0, 97, 0, 0, 7363.28, 1, 0, 0, 0.28, 312, 1, 7363.28, 18850, 18850
1694846477, 0, 0, 97, 0, 0, 7363.28, 1, 0, 0, 0.20, 313, 1, 7363.28, 18850, 18850
1694846480, 0, 0, 98, 0, 0, 7363.28, 1, 0, 0, 0.28, 314, 1, 7363.28, 18850, 18850
1694846483, 0, 0, 98, 0, 0, 7363.28, 1, 0, 0, 0.33, 315, 1, 7363.28, 18850, 18850
1694846486, 0, 0, 98, 0, 0, 7363.28, 1, 0, 0, 0.33, 316, 1, 7363.28, 18850, 18850
1694846490, 0, 0, 98, 0, 0, 7363.28, 1, 0, 0, 0.30, 317, 1, 7363.28, 18850, 18850
1694846494, 0, 0, 98, 0, 0, 7363.28, 1, 0, 0, 0.24, 318, 1, 7363.28, 18850, 18850
1694846497, 0, 0, 98, 0, 0, 7363.28, 1, 0, 0, 0.31, 319, 1, 7363.28, 18850, 18850
1694846500, 0, 0, 98, 0, 0, 7363.28, 1, 0, 0, 0.34, 320, 1, 7363.28, 18850, 18850
1694846503, 0, 0, 98, 0, 0, 7363.28, 1, 0, 0, 0.38, 321, 1, 7363.28, 18850, 18850
1694846507, 0, 0, 98, 0, 0, 7363.28, 1, 0, 0, 0.25, 322, 1, 7363.28, 18850, 18850
1694846510, 0, 0, 98, 0, 0, 7363.28, 1, 0, 0, 0.30, 323, 1, 7363.28, 18850, 18850
1694846513, 0, 0, 98, 0, 0, 7363.28, 1, 0, 0, 0.36, 324, 1, 7363.28, 18850, 18850
1694846515, 0, 0, 98, 0, 0, 7363.28, 1, 0, 0, 0.37, 325, 1, 7363.28, 18850, 18850
1694846518, 0, 0, 98, 0, 0, 7363.28, 1, 0, 0, 0.33, 326, 1, 7363.28, 18850, 18850
1694846522, 0, 0, 98, 0, 0, 7363.28, 1, 0, 0, 0.29, 327, 1, 7363.28, 18850, 18850
1694846525, 0, 0, 98, 0, 0, 7363.28, 1, 0, 0, 0.30, 328, 1, 7363.28, 18850, 18850
1694846528, 0, 0, 98, 0, 0, 7363.28, 1, 0, 0, 0.36, 329, 1, 7363.28, 18850, 18850
1694846531, 0, 0, 98, 0, 0, 7363.28, 1, 0, 0, 0.34, 330, 1, 7363.28, 18850, 18850
1694846534, 0, 0, 98, 0, 0, 7363.28, 1, 0, 0, 0.30, 331, 1, 7363.28, 18850, 18850
1694846537, 0, 0, 98, 0, 0, 7363.28, 1, 0, 0, 0.36, 332, 1, 7363.28, 18850, 18850
1694846541, 0, 0, 98, 0, 0, 7363.28, 1, 0, 0, 0.28, 333, 1, 7363.28, 18850, 18850
1694846544, 0, 0, 98, 0, 0, 7363.28, 1, 0, 0, 0.31, 334, 1, 7363.28, 18850, 18850
1694846546, 0, 0, 98, 0, 0, 7363.28, 1, 0, 0, 0.39, 335, 1, 7363.28, 18850, 18850
1694846550, 0, 0, 98, 0, 0, 7363.28, 1, 0, 0, 0.28, 336, 1, 7363.28, 18850, 18850
1694846553, 0, 0, 98, 0, 0, 7363.28, 1, 0, 0, 0.32, 337, 1, 7363.28, 18850, 18850
1694846556, 0, 0, 99, 0, 0, 7363.28, 1, 0, 0, 0.32, 338, 1, 7363.28, 18850, 18850
1694846562, 0, 0, 100, 0, 0, 7363.28, 1, 0, 0, 0.17, 339, 1, 7363.28, 18850, 18850
1694846565, 0, 0, 100, 0, 0, 7363.28, 1, 0, 0, 0.38, 340, 1, 7363.28, 18850, 18850
1694846569, 0, 0, 101, 0, 0, 7363.28, 1, 0, 0, 0.26, 341, 1, 7363.28, 18850, 18850
1694846572, 0, 0, 101, 0, 0, 7363.28, 1, 0, 0, 0.34, 342, 1, 7363.28, 18850, 18850
1694846574, 0, 0, 101, 0, 0, 7363.28, 1, 0, 0, 0.38, 343, 1, 7363.28, 18850, 18850
1694846578, 0, 0, 101, 0, 0, 7363.28, 1, 0, 0, 0.27, 344, 1, 7363.28, 18850, 18850
1694846581, 0, 0, 101, 0, 0, 7363.28, 1, 0, 0, 0.34, 345, 1, 7363.28, 18850, 18850
1694846584, 0, 0, 101, 0, 0, 7363.28, 1, 0, 0, 0.32, 346, 1, 7363.28, 18850, 18850
1694846587, 0, 0, 101, 0, 0, 7363.28, 1, 0, 0, 0.29, 347, 1, 7363.28, 18850, 18850
1694846591, 0, 0, 101, 0, 0, 7363.28, 1, 0, 0, 0.30, 348, 1, 7363.28, 18850, 18850
1694846594, 0, 0, 101, 0, 0, 7363.28, 1, 0, 0, 0.31, 349, 1, 7363.28, 18850, 18850
1694846597, 0, 0, 101, 0, 0, 7363.28, 1, 0, 0, 0.36, 350, 1, 7363.28, 18850, 18850
1694846600, 0, 0, 101, 0, 0, 7363.28, 1, 0, 0, 0.30, 351, 1, 7363.28, 18850, 18850
1694846603, 0, 0, 101, 0, 0, 7363.28, 1, 0, 0, 0.34, 352, 1, 7363.28, 18850, 18850
1694846606, 0, 0, 101, 0, 0, 7363.28, 1, 0, 0, 0.35, 353, 1, 7363.28, 18850, 18850
1694846609, 0, 0, 101, 0, 0, 7363.28, 1, 0, 0, 0.32, 354, 1, 7363.28, 18850, 18850
1694846612, 0, 0, 101, 0, 0, 7363.28, 1, 0, 0, 0.36, 355, 1, 7363.28, 18850, 18850
1694846614, 0, 0, 101, 0, 0, 7363.28, 1, 0, 0, 0.37, 356, 1, 7363.28, 18850, 18850
1694846618, 0, 0, 101, 0, 0, 7363.28, 1, 0, 0, 0.31, 357, 1, 7363.28, 18850, 18850
1694846620, 0, 0, 101, 0, 0, 7363.28, 1, 0, 0, 0.38, 358, 1, 7363.28, 18850, 18850
1694846623, 0, 0, 101, 0, 0, 7363.28, 1, 0, 0, 0.32, 359, 1, 7363.28, 18850, 18850
1694846628, 0, 0, 101, 0, 0, 7363.28, 1, 0, 0, 0.21, 360, 1, 7363.28, 18850, 18850
1694846632, 0, 0, 101, 0, 0, 7363.28, 1, 0, 0, 0.29, 361, 1, 7363.28, 18850, 18850
1694846634, 0, 0, 101, 0, 0, 7363.28, 1, 0, 0, 0.40, 362, 1, 7363.28, 18850, 18850
1694846637, 0, 0, 101, 0, 0, 7363.28, 1, 0, 0, 0.32, 363, 1, 7363.28, 18850, 18850
1694846641, 0, 0, 101, 0, 0, 7363.28, 1, 0, 0, 0.29, 364, 1, 7363.28, 18850, 18850
1694846644, 0, 0, 101, 0, 0, 7363.28, 1, 0, 0, 0.32, 365, 1, 7363.28, 18850, 18850
1694846646, 0, 0, 101, 0, 0, 7363.28, 1, 0, 0, 0.37, 366, 1, 7363.28, 18850, 18850
1694846649, 0, 0, 101, 0, 0, 7363.28, 1, 0, 0, 0.33, 367, 1, 7363.28, 18850, 18850
1694846653, 0, 0, 101, 0, 0, 7363.28, 1, 0, 0, 0.32, 368, 1, 7363.28, 18850, 18850
1694846655, 0, 0, 101, 0, 0, 7363.28, 1, 0, 0, 0.37, 369, 1, 7363.28, 18850, 18850
1694846659, 0, 0, 101, 0, 0, 7363.28, 1, 0, 0, 0.30, 370, 1, 7363.28, 18850, 18850
1694846662, 0, 0, 101, 0, 0, 7363.28, 1, 0, 0, 0.27, 371, 1, 7363.28, 18850, 18850
1694846667, 0, 0, 101, 0, 0, 7363.28, 1, 0, 0, 0.23, 372, 1, 7363.28, 18850, 18850
1694846669, 0, 0, 101, 0, 0, 7363.28, 1, 0, 0, 0.41, 373, 1, 7363.28, 18850, 18850
1694846672, 0, 0, 101, 0, 0, 7363.28, 1, 0, 0, 0.33, 374, 1, 7363.28, 18850, 18850
1694846675, 0, 0, 101, 0, 0, 7363.28, 1, 0, 0, 0.35, 375, 1, 7363.28, 18850, 18850
1694846678, 0, 0, 101, 0, 0, 7363.28, 1, 0, 0, 0.33, 376, 1, 7363.28, 18850, 18850
1694846681, 0, 0, 101, 0, 0, 7363.28, 1, 0, 0, 0.30, 377, 1, 7363.28, 18850, 18850
1694846684, 0, 0, 101, 0, 0, 7363.28, 1, 0, 0, 0.32, 378, 1, 7363.28, 18850, 18850
1694846687, 0, 0, 101, 0, 0, 7363.28, 1, 0, 0, 0.40, 379, 1, 7363.28, 18850, 18850
1694846690, 0, 0, 101, 0, 0, 7363.28, 1, 0, 0, 0.36, 380, 1, 7363.28, 18850, 18850
1694846693, 0, 0, 101, 0, 0, 7363.28, 1, 0, 0, 0.33, 381, 1, 7363.28, 18850, 18850
1694846695, 0, 0, 101, 0, 0, 7363.28, 1, 0, 0, 0.36, 382, 1, 7363.28, 18850, 18850
1694846699, 0, 0, 101, 0, 0, 7363.28, 1, 0, 0, 0.33, 383, 1, 7363.28, 18850, 18850
1694846702, 0, 0, 101, 0, 0, 7363.28, 1, 0, 0, 0.30, 384, 1, 7363.28, 18850, 18850
1694846705, 0, 0, 101, 0, 0, 7363.28, 1, 0, 0, 0.32, 385, 1, 7363.28, 18850, 18850
1694846708, 0, 0, 101, 0, 0, 7363.28, 1, 0, 0, 0.29, 386, 1, 7363.28, 18850, 18850
1694846712, 0, 0, 101, 0, 0, 7363.28, 1, 0, 0, 0.31, 387, 1, 7363.28, 18850, 18850
1694846715, 0, 0, 101, 0, 0, 7363.28, 1, 0, 0, 0.33, 388, 1, 7363.28, 18850, 18850
1694849184, 0, 0, 101, 0, 0, 7363.28, 1, 0, 0, 0.00, 388, 2, 7363.28, 18850, 18850
1694849184, 0, 0, 101, 0, 0, 7363.28, 1, 0, 0, 0.00, 388, 2, 7363.28, 18850, 18850
