# unix_time, cycles_done, cur_path, paths_total, pending_total, pending_favs, map_size, unique_crashes, unique_hangs, max_depth, execs_per_sec, valid_inputs, invalid_inputs, valid_cov, all_covered_probes, valid_covered_probes
1695574391, 0, 0, 1, 0, 0, 4241.02, 0, 0, 0, 0.56, 0, 1, 0.00, 10857, 0
1695574391, 0, 0, 4, 0, 0, 4847.66, 0, 0, 0, 8.80, 0, 4, 0.00, 12410, 0
1695574411, 0, 0, 14, 0, 0, 25015.23, 0, 0, 0, 0.59, 3, 13, 23994.14, 64039, 61425
1695574430, 0, 0, 16, 0, 0, 25382.03, 0, 0, 0, 0.11, 5, 13, 24370.70, 64978, 62389
1695574442, 0, 0, 18, 0, 0, 25384.77, 1, 0, 0, 0.40, 6, 17, 24373.44, 64985, 62396
1695574455, 0, 0, 26, 0, 0, 25444.14, 1, 0, 0, 0.95, 10, 25, 24406.25, 65137, 62480
1695574455, 0, 0, 27, 0, 0, 25444.14, 1, 0, 0, 2.78, 11, 25, 24406.25, 65137, 62480
1695574455, 0, 0, 33, 0, 0, 25699.61, 1, 0, 0, 43.05, 15, 34, 24673.83, 65791, 63165
1695574456, 0, 0, 35, 0, 0, 25700.78, 1, 0, 0, 63.69, 18, 51, 24674.61, 65794, 63167
1695574468, 0, 0, 36, 0, 0, 25892.97, 1, 0, 0, 0.42, 21, 53, 24868.36, 66286, 63663
1695574481, 0, 0, 40, 0, 0, 25896.88, 1, 0, 0, 1.32, 26, 65, 24871.88, 66296, 63672
1695574492, 0, 0, 44, 0, 0, 25911.33, 1, 0, 0, 0.93, 32, 70, 24887.11, 66333, 63711
1695574505, 0, 0, 49, 0, 0, 25941.41, 1, 0, 0, 0.88, 35, 78, 24917.19, 66410, 63788
1695574516, 0, 0, 52, 0, 0, 25941.80, 1, 0, 0, 0.35, 36, 81, 24917.58, 66411, 63789
1695574531, 0, 0, 57, 0, 0, 26317.19, 1, 0, 0, 1.19, 42, 92, 25292.97, 67372, 64750
1695574551, 0, 1, 65, 0, 0, 26323.44, 1, 0, 0, 1.88, 53, 120, 25298.83, 67388, 64765
1695574563, 0, 1, 66, 0, 0, 26333.59, 1, 0, 0, 0.08, 54, 120, 25308.98, 67414, 64791
1695574577, 0, 1, 67, 0, 0, 26345.31, 1, 0, 0, 0.07, 55, 120, 25320.70, 67444, 64821
1695574589, 0, 1, 73, 0, 0, 26348.44, 1, 0, 0, 1.47, 63, 130, 25323.83, 67452, 64829
1695574601, 0, 1, 76, 0, 0, 26348.44, 1, 0, 0, 1.34, 67, 142, 25323.83, 67452, 64829
1695574614, 0, 1, 79, 0, 0, 26348.44, 1, 0, 0, 0.39, 70, 144, 25324.22, 67452, 64830
1695574614, 0, 1, 82, 0, 0, 26355.08, 1, 0, 0, 121.71, 82, 169, 25330.86, 67469, 64847
1695574614, 0, 2, 84, 0, 0, 26355.08, 1, 0, 0, 125.00, 91, 198, 25330.86, 67469, 64847
1695574615, 0, 2, 85, 0, 0, 26355.08, 1, 0, 0, 127.54, 101, 232, 25330.86, 67469, 64847
1695574626, 0, 2, 86, 0, 0, 26357.81, 1, 0, 0, 1.14, 105, 241, 25333.59, 67476, 64854
1695574639, 0, 2, 87, 0, 0, 26357.81, 1, 0, 0, 0.07, 106, 241, 25333.59, 67476, 64854
1695574651, 0, 2, 91, 0, 0, 26371.48, 1, 0, 0, 1.10, 111, 249, 25347.27, 67511, 64889
1695574663, 0, 3, 95, 0, 0, 26371.48, 2, 0, 0, 1.86, 123, 258, 25347.27, 67511, 64889
1695574675, 0, 3, 96, 0, 0, 26371.48, 2, 0, 0, 0.08, 124, 258, 25347.27, 67511, 64889
1695574687, 0, 3, 99, 0, 0, 26371.48, 2, 0, 0, 0.58, 130, 259, 25347.27, 67511, 64889
1695574700, 0, 3, 101, 0, 0, 26371.48, 2, 0, 0, 0.31, 133, 260, 25347.27, 67511, 64889
1695574700, 0, 3, 103, 0, 0, 26371.48, 2, 0, 0, 55.92, 144, 266, 25347.27, 67511, 64889
1695574712, 0, 3, 104, 0, 0, 26371.48, 2, 0, 0, 1.89, 162, 270, 25347.27, 67511, 64889
1695574728, 0, 3, 106, 0, 0, 26373.83, 2, 0, 0, 0.19, 165, 270, 25349.61, 67517, 64895
1695574740, 0, 5, 111, 0, 0, 26373.83, 2, 0, 0, 1.51, 171, 283, 25349.61, 67517, 64895
1695574753, 0, 5, 115, 0, 0, 26390.63, 2, 0, 0, 2.78, 180, 310, 25366.41, 67560, 64938
1695574766, 0, 5, 118, 0, 0, 26390.63, 2, 0, 0, 0.24, 182, 311, 25366.41, 67560, 64938
1695574780, 0, 5, 120, 0, 0, 26396.48, 2, 0, 0, 0.51, 183, 317, 25372.27, 67575, 64953
1695574791, 0, 5, 122, 0, 0, 26403.13, 2, 0, 0, 0.17, 184, 318, 25378.91, 67592, 64970
1695574816, 0, 6, 126, 0, 0, 26404.69, 2, 0, 0, 1.02, 202, 325, 25380.47, 67596, 64974
1695574830, 0, 6, 128, 0, 0, 26404.69, 2, 0, 0, 0.41, 207, 326, 25380.47, 67596, 64974
1695574831, 0, 6, 130, 0, 0, 26404.69, 2, 0, 0, 32.68, 214, 329, 25380.47, 67596, 64974
1695574831, 0, 6, 131, 0, 0, 26404.69, 2, 0, 0, 15.82, 218, 330, 25380.47, 67596, 64974
1695574845, 0, 6, 132, 0, 0, 26405.47, 2, 0, 0, 0.37, 223, 330, 25381.25, 67598, 64976
1695574857, 0, 7, 134, 0, 0, 26405.47, 2, 0, 0, 0.92, 234, 330, 25381.25, 67598, 64976
1695574869, 0, 8, 137, 0, 0, 26405.47, 2, 0, 0, 0.57, 237, 334, 25381.25, 67598, 64976
1695574884, 0, 8, 138, 0, 0, 26406.64, 2, 0, 0, 0.75, 240, 342, 25382.42, 67601, 64979
1695574903, 0, 8, 139, 0, 0, 26406.64, 2, 0, 0, 0.26, 241, 346, 25382.42, 67601, 64979
1695574920, 0, 8, 142, 0, 0, 26407.03, 2, 0, 0, 1.07, 249, 356, 25382.81, 67602, 64980
1695574920, 0, 9, 144, 0, 0, 26407.03, 2, 0, 0, 31.07, 254, 362, 25382.81, 67602, 64980
1695574937, 0, 9, 145, 0, 0, 26407.42, 2, 0, 0, 0.30, 255, 366, 25383.20, 67603, 64981
1695574937, 0, 10, 146, 0, 0, 26407.42, 2, 0, 0, 93.25, 269, 381, 25383.20, 67603, 64981
1695574975, 0, 10, 147, 0, 0, 26412.11, 2, 0, 0, 0.10, 271, 383, 25387.89, 67615, 64993
1695574991, 0, 10, 149, 0, 0, 26412.11, 2, 0, 0, 0.51, 277, 385, 25387.89, 67615, 64993
1695575009, 0, 10, 150, 0, 0, 26412.11, 2, 0, 0, 0.27, 282, 385, 25387.89, 67615, 64993
1695575021, 0, 10, 150, 0, 0, 26412.11, 2, 0, 0, 0.84, 289, 388, 25387.89, 67615, 64993
1695575042, 0, 10, 151, 0, 0, 26412.11, 2, 0, 0, 0.34, 294, 390, 25387.89, 67615, 64993
1695575054, 0, 13, 154, 0, 0, 26412.11, 2, 0, 0, 0.65, 299, 393, 25387.89, 67615, 64993
1695575072, 0, 13, 155, 0, 0, 26412.50, 2, 0, 0, 0.05, 300, 393, 25388.28, 67616, 64994
1695575084, 0, 13, 156, 0, 0, 26412.50, 2, 0, 0, 0.09, 301, 393, 25388.28, 67616, 64994
1695575103, 0, 13, 157, 0, 0, 26412.50, 2, 0, 0, 0.05, 302, 393, 25388.28, 67616, 64994
1695575115, 0, 13, 157, 0, 0, 26412.50, 2, 0, 0, 0.09, 303, 393, 25388.28, 67616, 64994
1695575135, 0, 13, 158, 0, 0, 26412.50, 2, 0, 0, 0.05, 304, 393, 25388.28, 67616, 64994
1695575147, 0, 13, 159, 0, 0, 26412.50, 2, 0, 0, 0.09, 305, 393, 25388.28, 67616, 64994
1695575166, 0, 13, 159, 0, 0, 26412.50, 2, 0, 0, 0.05, 306, 393, 25388.28, 67616, 64994
1695575178, 0, 13, 160, 0, 0, 26412.89, 2, 0, 0, 0.09, 307, 393, 25388.67, 67617, 64995
1695575198, 0, 13, 160, 0, 0, 26412.89, 2, 0, 0, 0.05, 308, 393, 25388.67, 67617, 64995
1695575209, 0, 13, 161, 0, 0, 26412.89, 2, 0, 0, 0.09, 309, 393, 25388.67, 67617, 64995
1695575229, 0, 13, 161, 0, 0, 26412.89, 2, 0, 0, 0.05, 310, 393, 25388.67, 67617, 64995
1695575241, 0, 13, 162, 0, 0, 26412.89, 2, 0, 0, 0.08, 311, 393, 25388.67, 67617, 64995
1695575261, 0, 13, 163, 0, 0, 26412.89, 2, 0, 0, 0.05, 312, 393, 25388.67, 67617, 64995
1695575273, 0, 13, 164, 0, 0, 26412.89, 2, 0, 0, 0.08, 313, 393, 25388.67, 67617, 64995
1695575291, 0, 13, 165, 0, 0, 26412.89, 2, 0, 0, 0.06, 314, 393, 25388.67, 67617, 64995
1695575304, 0, 13, 166, 0, 0, 26412.89, 2, 0, 0, 0.08, 315, 393, 25388.67, 67617, 64995
1695575322, 0, 13, 167, 0, 0, 26412.89, 2, 0, 0, 0.06, 316, 393, 25388.67, 67617, 64995
1695575336, 0, 13, 168, 0, 0, 26412.89, 2, 0, 0, 0.07, 317, 393, 25388.67, 67617, 64995
1695575353, 0, 13, 169, 0, 0, 26412.89, 2, 0, 0, 0.06, 318, 393, 25388.67, 67617, 64995
1695575367, 0, 13, 170, 0, 0, 26412.89, 2, 0, 0, 0.07, 319, 393, 25388.67, 67617, 64995
1695575383, 0, 13, 171, 0, 0, 26415.23, 2, 0, 0, 0.06, 320, 393, 25391.02, 67623, 65001
1695575397, 0, 13, 172, 0, 0, 26415.23, 2, 0, 0, 0.07, 321, 393, 25391.02, 67623, 65001
1695575415, 0, 13, 173, 0, 0, 26415.23, 2, 0, 0, 0.06, 322, 393, 25391.02, 67623, 65001
1695575429, 0, 13, 174, 0, 0, 26415.23, 2, 0, 0, 0.07, 323, 393, 25391.02, 67623, 65001
1695575446, 0, 13, 174, 0, 0, 26415.23, 2, 0, 0, 0.06, 324, 393, 25391.02, 67623, 65001
1695575461, 0, 13, 174, 0, 0, 26415.23, 2, 0, 0, 0.07, 325, 393, 25391.02, 67623, 65001
1695575476, 0, 13, 174, 0, 0, 26415.23, 2, 0, 0, 0.07, 326, 393, 25391.02, 67623, 65001
1695575492, 0, 13, 175, 0, 0, 26416.02, 2, 0, 0, 0.06, 327, 393, 25391.80, 67625, 65003
1695575507, 0, 13, 175, 0, 0, 26416.02, 2, 0, 0, 0.07, 328, 393, 25391.80, 67625, 65003
1695575525, 0, 13, 176, 0, 0, 26416.02, 2, 0, 0, 0.06, 329, 393, 25391.80, 67625, 65003
1695575540, 0, 13, 177, 0, 0, 26416.02, 2, 0, 0, 0.07, 330, 393, 25391.80, 67625, 65003
1695575557, 0, 13, 178, 0, 0, 26416.02, 2, 0, 0, 0.06, 331, 393, 25391.80, 67625, 65003
1695575570, 0, 13, 179, 0, 0, 26416.02, 2, 0, 0, 0.08, 332, 393, 25391.80, 67625, 65003
1695575589, 0, 13, 180, 0, 0, 26416.02, 2, 0, 0, 0.05, 333, 393, 25391.80, 67625, 65003
1695575601, 0, 13, 181, 0, 0, 26416.02, 2, 0, 0, 0.08, 334, 393, 25391.80, 67625, 65003
1695575621, 0, 13, 182, 0, 0, 26416.02, 2, 0, 0, 0.05, 335, 393, 25391.80, 67625, 65003
1695575632, 0, 13, 183, 0, 0, 26416.02, 2, 0, 0, 0.09, 336, 393, 25391.80, 67625, 65003
1695575653, 0, 13, 184, 0, 0, 26416.02, 2, 0, 0, 0.05, 337, 393, 25391.80, 67625, 65003
1695575665, 0, 13, 184, 0, 0, 26416.02, 2, 0, 0, 0.09, 338, 393, 25391.80, 67625, 65003
1695575685, 0, 13, 185, 0, 0, 26416.02, 2, 0, 0, 0.05, 339, 393, 25391.80, 67625, 65003
1695575697, 0, 13, 186, 0, 0, 26416.02, 2, 0, 0, 0.09, 340, 393, 25391.80, 67625, 65003
1695575716, 0, 13, 187, 0, 0, 26416.02, 2, 0, 0, 0.05, 341, 393, 25391.80, 67625, 65003
1695575729, 0, 13, 188, 0, 0, 26416.02, 2, 0, 0, 0.08, 342, 393, 25391.80, 67625, 65003
1695575749, 0, 13, 189, 0, 0, 26416.02, 2, 0, 0, 0.05, 343, 393, 25391.80, 67625, 65003
1695575762, 0, 13, 189, 0, 0, 26416.02, 2, 0, 0, 0.08, 344, 393, 25391.80, 67625, 65003
1695575774, 0, 13, 190, 0, 0, 26416.02, 2, 0, 0, 0.09, 345, 393, 25391.80, 67625, 65003
1695575792, 0, 13, 191, 0, 0, 26416.02, 2, 0, 0, 0.05, 346, 393, 25391.80, 67625, 65003
1695575807, 0, 13, 192, 0, 0, 26416.02, 2, 0, 0, 0.07, 347, 393, 25391.80, 67625, 65003
1695575824, 0, 13, 192, 0, 0, 26416.02, 2, 0, 0, 0.06, 348, 393, 25391.80, 67625, 65003
1695575839, 0, 13, 192, 0, 0, 26416.02, 2, 0, 0, 0.07, 349, 393, 25391.80, 67625, 65003
1695575854, 0, 13, 192, 0, 0, 26416.02, 2, 0, 0, 0.06, 350, 393, 25391.80, 67625, 65003
1695575870, 0, 13, 193, 0, 0, 26416.41, 2, 0, 0, 0.06, 351, 393, 25392.19, 67626, 65004
1695575885, 0, 13, 194, 0, 0, 26416.41, 2, 0, 0, 0.07, 352, 393, 25392.19, 67626, 65004
1695575904, 0, 13, 194, 0, 0, 26416.41, 2, 0, 0, 0.06, 353, 393, 25392.19, 67626, 65004
1695575918, 0, 13, 194, 0, 0, 26416.41, 2, 0, 0, 0.07, 354, 393, 25392.19, 67626, 65004
1695575935, 0, 13, 194, 0, 0, 26416.41, 2, 0, 0, 0.06, 355, 393, 25392.19, 67626, 65004
1695575950, 0, 13, 195, 0, 0, 26416.41, 2, 0, 0, 0.07, 356, 393, 25392.19, 67626, 65004
1695575967, 0, 13, 195, 0, 0, 26416.41, 2, 0, 0, 0.06, 357, 393, 25392.19, 67626, 65004
1695575980, 0, 13, 195, 0, 0, 26416.41, 2, 0, 0, 0.08, 358, 393, 25392.19, 67626, 65004
1695575999, 0, 13, 196, 0, 0, 26416.41, 2, 0, 0, 0.05, 359, 393, 25392.19, 67626, 65004
1695576012, 0, 13, 197, 0, 0, 26416.41, 2, 0, 0, 0.08, 360, 393, 25392.19, 67626, 65004
1695576033, 0, 13, 198, 0, 0, 26416.41, 2, 0, 0, 0.05, 361, 393, 25392.19, 67626, 65004
1695576045, 0, 13, 199, 0, 0, 26416.41, 2, 0, 0, 0.09, 362, 393, 25392.19, 67626, 65004
1695576066, 0, 13, 200, 0, 0, 26416.41, 2, 0, 0, 0.05, 363, 393, 25392.19, 67626, 65004
1695576078, 0, 13, 201, 0, 0, 26416.41, 2, 0, 0, 0.08, 364, 393, 25392.19, 67626, 65004
1695576099, 0, 13, 202, 0, 0, 26416.41, 2, 0, 0, 0.05, 365, 393, 25392.19, 67626, 65004
1695576111, 0, 13, 203, 0, 0, 26416.41, 2, 0, 0, 0.08, 366, 393, 25392.19, 67626, 65004
1695576132, 0, 13, 204, 0, 0, 26416.41, 2, 0, 0, 0.05, 367, 393, 25392.19, 67626, 65004
1695576144, 0, 13, 205, 0, 0, 26416.41, 2, 0, 0, 0.09, 368, 393, 25392.19, 67626, 65004
1695576166, 0, 13, 206, 0, 0, 26416.41, 2, 0, 0, 0.05, 369, 393, 25392.19, 67626, 65004
1695576178, 0, 13, 207, 0, 0, 26416.41, 2, 0, 0, 0.08, 370, 393, 25392.19, 67626, 65004
1695576199, 0, 13, 207, 0, 0, 26416.41, 2, 0, 0, 0.05, 371, 393, 25392.19, 67626, 65004
1695576211, 0, 13, 208, 0, 0, 26416.41, 2, 0, 0, 0.08, 372, 393, 25392.19, 67626, 65004
1695576231, 0, 13, 209, 0, 0, 26416.41, 2, 0, 0, 0.05, 373, 393, 25392.19, 67626, 65004
1695576243, 0, 13, 210, 0, 0, 26416.41, 2, 0, 0, 0.08, 374, 393, 25392.19, 67626, 65004
1695576265, 0, 13, 211, 0, 0, 26416.41, 2, 0, 0, 0.05, 375, 393, 25392.19, 67626, 65004
1695576277, 0, 13, 212, 0, 0, 26416.41, 2, 0, 0, 0.08, 376, 393, 25392.19, 67626, 65004
1695576297, 0, 13, 213, 0, 0, 26416.41, 2, 0, 0, 0.05, 377, 393, 25392.19, 67626, 65004
1695576309, 0, 13, 213, 0, 0, 26416.41, 2, 0, 0, 0.08, 378, 393, 25392.19, 67626, 65004
1695576330, 0, 13, 214, 0, 0, 26416.41, 2, 0, 0, 0.05, 379, 393, 25392.19, 67626, 65004
1695576343, 0, 13, 215, 0, 0, 26416.41, 2, 0, 0, 0.07, 380, 393, 25392.19, 67626, 65004
1695576363, 0, 13, 216, 0, 0, 26416.41, 2, 0, 0, 0.05, 381, 393, 25392.19, 67626, 65004
1695576376, 0, 13, 217, 0, 0, 26416.41, 2, 0, 0, 0.08, 382, 393, 25392.19, 67626, 65004
1695576395, 0, 13, 218, 0, 0, 26416.41, 2, 0, 0, 0.05, 383, 393, 25392.19, 67626, 65004
1695576410, 0, 13, 219, 0, 0, 26416.41, 2, 0, 0, 0.07, 384, 393, 25392.19, 67626, 65004
1695576429, 0, 13, 220, 0, 0, 26416.41, 2, 0, 0, 0.05, 385, 393, 25392.19, 67626, 65004
1695576444, 0, 13, 220, 0, 0, 26416.41, 2, 0, 0, 0.07, 386, 393, 25392.19, 67626, 65004
1695576463, 0, 13, 220, 0, 0, 26416.41, 2, 0, 0, 0.05, 387, 393, 25392.19, 67626, 65004
1695576478, 0, 13, 220, 0, 0, 26416.41, 2, 0, 0, 0.07, 388, 393, 25392.19, 67626, 65004
1695576497, 0, 13, 220, 0, 0, 26416.41, 2, 0, 0, 0.05, 389, 393, 25392.19, 67626, 65004
1695576512, 0, 13, 220, 0, 0, 26416.41, 2, 0, 0, 0.07, 390, 393, 25392.19, 67626, 65004
1695576531, 0, 13, 221, 0, 0, 26416.41, 2, 0, 0, 0.05, 391, 393, 25392.19, 67626, 65004
1695576545, 0, 13, 221, 0, 0, 26416.41, 2, 0, 0, 0.07, 392, 393, 25392.19, 67626, 65004
1695576563, 0, 13, 222, 0, 0, 26416.41, 2, 0, 0, 0.06, 393, 393, 25392.19, 67626, 65004
1695576578, 0, 13, 223, 0, 0, 26416.41, 2, 0, 0, 0.07, 394, 393, 25392.19, 67626, 65004
1695576596, 0, 13, 223, 0, 0, 26416.41, 2, 0, 0, 0.06, 395, 393, 25392.19, 67626, 65004
1695576613, 0, 13, 223, 0, 0, 26416.41, 2, 0, 0, 0.06, 396, 393, 25392.19, 67626, 65004
1695576631, 0, 13, 224, 0, 0, 26416.41, 2, 0, 0, 0.06, 397, 393, 25392.19, 67626, 65004
1695576649, 0, 13, 225, 0, 0, 26416.41, 2, 0, 0, 0.06, 398, 393, 25392.19, 67626, 65004
1695576665, 0, 13, 226, 0, 0, 26416.41, 2, 0, 0, 0.06, 399, 393, 25392.19, 67626, 65004
1695576684, 0, 13, 227, 0, 0, 26416.41, 2, 0, 0, 0.05, 400, 393, 25392.19, 67626, 65004
1695576701, 0, 13, 228, 0, 0, 26416.41, 2, 0, 0, 0.06, 401, 393, 25392.19, 67626, 65004
1695576720, 0, 13, 229, 0, 0, 26416.41, 2, 0, 0, 0.05, 402, 393, 25392.19, 67626, 65004
1695576735, 0, 13, 230, 0, 0, 26416.41, 2, 0, 0, 0.07, 403, 393, 25392.19, 67626, 65004
1695576754, 0, 13, 230, 0, 0, 26416.41, 2, 0, 0, 0.05, 404, 393, 25392.19, 67626, 65004
1695576768, 0, 13, 231, 0, 0, 26416.41, 2, 0, 0, 0.07, 405, 393, 25392.19, 67626, 65004
1695576786, 0, 13, 232, 0, 0, 26416.41, 2, 0, 0, 0.05, 406, 393, 25392.19, 67626, 65004
1695576800, 0, 13, 233, 0, 0, 26416.41, 2, 0, 0, 0.07, 407, 393, 25392.19, 67626, 65004
1695576821, 0, 13, 234, 0, 0, 26416.41, 2, 0, 0, 0.05, 408, 393, 25392.19, 67626, 65004
1695576834, 0, 13, 234, 0, 0, 26416.41, 2, 0, 0, 0.07, 409, 393, 25392.19, 67626, 65004
1695576853, 0, 13, 234, 0, 0, 26416.41, 2, 0, 0, 0.05, 410, 393, 25392.19, 67626, 65004
1695576865, 0, 13, 234, 0, 0, 26416.41, 2, 0, 0, 0.09, 411, 393, 25392.19, 67626, 65004
1695576885, 0, 13, 235, 0, 0, 26416.41, 2, 0, 0, 0.05, 412, 393, 25392.19, 67626, 65004
1695576897, 0, 13, 236, 0, 0, 26416.41, 2, 0, 0, 0.09, 413, 393, 25392.19, 67626, 65004
1695576919, 0, 13, 237, 0, 0, 26416.41, 2, 0, 0, 0.05, 414, 393, 25392.19, 67626, 65004
1695576930, 0, 13, 237, 0, 0, 26416.41, 2, 0, 0, 0.09, 415, 393, 25392.19, 67626, 65004
1695576942, 0, 13, 237, 0, 0, 26416.41, 2, 0, 0, 0.09, 416, 393, 25392.19, 67626, 65004
1695576964, 0, 13, 238, 0, 0, 26416.41, 2, 0, 0, 0.05, 417, 393, 25392.19, 67626, 65004
1695576977, 0, 13, 238, 0, 0, 26416.41, 2, 0, 0, 0.07, 418, 393, 25392.19, 67626, 65004
1695576997, 0, 13, 239, 0, 0, 26416.41, 2, 0, 0, 0.05, 419, 393, 25392.19, 67626, 65004
1695577011, 0, 13, 239, 0, 0, 26416.41, 2, 0, 0, 0.07, 420, 393, 25392.19, 67626, 65004
1695577030, 0, 13, 240, 0, 0, 26416.41, 2, 0, 0, 0.05, 421, 393, 25392.19, 67626, 65004
1695577045, 0, 13, 241, 0, 0, 26416.41, 2, 0, 0, 0.07, 422, 393, 25392.19, 67626, 65004
1695577065, 0, 13, 242, 0, 0, 26416.41, 2, 0, 0, 0.05, 423, 393, 25392.19, 67626, 65004
1695577079, 0, 13, 243, 0, 0, 26416.41, 2, 0, 0, 0.07, 424, 393, 25392.19, 67626, 65004
1695577098, 0, 13, 244, 0, 0, 26416.41, 2, 0, 0, 0.05, 425, 393, 25392.19, 67626, 65004
1695577113, 0, 13, 245, 0, 0, 26416.41, 2, 0, 0, 0.07, 426, 393, 25392.19, 67626, 65004
1695577130, 0, 13, 246, 0, 0, 26416.41, 2, 0, 0, 0.06, 427, 393, 25392.19, 67626, 65004
1695577146, 0, 13, 247, 0, 0, 26416.41, 2, 0, 0, 0.07, 428, 393, 25392.19, 67626, 65004
1695577162, 0, 13, 248, 0, 0, 26416.41, 2, 0, 0, 0.06, 429, 393, 25392.19, 67626, 65004
1695577178, 0, 13, 249, 0, 0, 26416.41, 2, 0, 0, 0.06, 430, 393, 25392.19, 67626, 65004
1695577195, 0, 13, 250, 0, 0, 26416.41, 2, 0, 0, 0.06, 431, 393, 25392.19, 67626, 65004
1695577212, 0, 13, 251, 0, 0, 26416.41, 2, 0, 0, 0.06, 432, 393, 25392.19, 67626, 65004
1695577229, 0, 13, 252, 0, 0, 26416.41, 2, 0, 0, 0.06, 433, 393, 25392.19, 67626, 65004
1695577246, 0, 13, 253, 0, 0, 26416.41, 2, 0, 0, 0.06, 434, 393, 25392.19, 67626, 65004
1695577262, 0, 13, 254, 0, 0, 26416.41, 2, 0, 0, 0.06, 435, 393, 25392.19, 67626, 65004
1695577280, 0, 13, 255, 0, 0, 26416.41, 2, 0, 0, 0.06, 436, 393, 25392.19, 67626, 65004
1695577295, 0, 13, 256, 0, 0, 26416.41, 2, 0, 0, 0.06, 437, 393, 25392.19, 67626, 65004
1695577313, 0, 13, 257, 0, 0, 26416.41, 2, 0, 0, 0.06, 438, 393, 25392.19, 67626, 65004
1695577327, 0, 13, 258, 0, 0, 26416.41, 2, 0, 0, 0.07, 439, 393, 25392.19, 67626, 65004
1695577347, 0, 13, 259, 0, 0, 26416.41, 2, 0, 0, 0.05, 440, 393, 25392.19, 67626, 65004
1695577360, 0, 13, 259, 0, 0, 26416.41, 2, 0, 0, 0.08, 441, 393, 25392.19, 67626, 65004
1695577381, 0, 13, 260, 0, 0, 26416.41, 2, 0, 0, 0.05, 442, 393, 25392.19, 67626, 65004
1695577394, 0, 13, 260, 0, 0, 26416.41, 2, 0, 0, 0.08, 443, 393, 25392.19, 67626, 65004
1695577415, 0, 13, 261, 0, 0, 26416.41, 2, 0, 0, 0.05, 444, 393, 25392.19, 67626, 65004
1695577427, 0, 13, 261, 0, 0, 26416.41, 2, 0, 0, 0.08, 445, 393, 25392.19, 67626, 65004
1695577448, 0, 13, 261, 0, 0, 26416.41, 2, 0, 0, 0.05, 446, 393, 25392.19, 67626, 65004
1695577459, 0, 13, 262, 0, 0, 26416.41, 2, 0, 0, 0.09, 447, 393, 25392.19, 67626, 65004
1695577481, 0, 13, 263, 0, 0, 26416.41, 2, 0, 0, 0.05, 448, 393, 25392.19, 67626, 65004
1695577492, 0, 13, 263, 0, 0, 26416.41, 2, 0, 0, 0.09, 449, 393, 25392.19, 67626, 65004
1695577515, 0, 13, 264, 0, 0, 26416.41, 2, 0, 0, 0.04, 450, 393, 25392.19, 67626, 65004
1695577527, 0, 13, 264, 0, 0, 26416.41, 2, 0, 0, 0.08, 451, 393, 25392.19, 67626, 65004
1695577549, 0, 13, 265, 0, 0, 26416.41, 2, 0, 0, 0.05, 452, 393, 25392.19, 67626, 65004
1695577561, 0, 13, 266, 0, 0, 26416.41, 2, 0, 0, 0.08, 453, 393, 25392.19, 67626, 65004
1695577582, 0, 13, 267, 0, 0, 26416.41, 2, 0, 0, 0.05, 454, 393, 25392.19, 67626, 65004
1695577596, 0, 13, 268, 0, 0, 26416.41, 2, 0, 0, 0.07, 455, 393, 25392.19, 67626, 65004
1695577616, 0, 13, 269, 0, 0, 26416.41, 2, 0, 0, 0.05, 456, 393, 25392.19, 67626, 65004
1695577629, 0, 13, 269, 0, 0, 26416.41, 2, 0, 0, 0.08, 457, 393, 25392.19, 67626, 65004
1695577648, 0, 13, 269, 0, 0, 26416.41, 2, 0, 0, 0.05, 458, 393, 25392.19, 67626, 65004
1695577662, 0, 13, 269, 0, 0, 26416.41, 2, 0, 0, 0.07, 459, 393, 25392.19, 67626, 65004
1695577681, 0, 13, 269, 0, 0, 26416.41, 2, 0, 0, 0.05, 460, 393, 25392.19, 67626, 65004
1695577697, 0, 13, 270, 0, 0, 26416.41, 2, 0, 0, 0.06, 461, 393, 25392.19, 67626, 65004
