# unix_time, cycles_done, cur_path, paths_total, pending_total, pending_favs, map_size, unique_crashes, unique_hangs, max_depth, execs_per_sec, valid_inputs, invalid_inputs, valid_cov, all_covered_probes, valid_covered_probes
1695085128, 0, 0, 1, 0, 0, 763.67, 0, 0, 0, 0.54, 1, 0, 763.67, 1955, 1955
1695085143, 0, 0, 4, 0, 0, 7310.55, 0, 0, 0, 0.19, 3, 1, 7291.80, 18715, 18667
1695085144, 0, 0, 5, 0, 0, 7317.97, 0, 0, 0, 1.77, 4, 1, 7299.22, 18734, 18686
1695085151, 0, 0, 8, 0, 0, 7523.05, 0, 0, 0, 0.54, 7, 2, 7419.92, 19259, 18995
1695085156, 0, 0, 8, 0, 0, 7523.05, 1, 0, 0, 0.20, 7, 3, 7419.92, 19259, 18995
1695085157, 0, 0, 9, 0, 0, 7529.69, 1, 0, 0, 5.60, 7, 5, 7419.92, 19276, 18995
1695085157, 0, 0, 12, 0, 0, 7745.31, 1, 0, 0, 23.95, 12, 8, 7640.23, 19828, 19559
1695085164, 0, 0, 16, 0, 0, 7876.56, 1, 0, 0, 0.91, 16, 10, 7770.31, 20164, 19892
1695085169, 0, 0, 18, 0, 0, 8023.05, 2, 0, 0, 1.13, 18, 14, 7770.31, 20539, 19892
1695085173, 0, 0, 21, 0, 0, 8030.86, 2, 0, 0, 3.08, 24, 21, 7776.95, 20559, 19909
1695085177, 0, 0, 22, 0, 0, 8037.50, 2, 0, 0, 1.08, 27, 22, 7783.59, 20576, 19926
1695085182, 0, 0, 22, 0, 0, 8037.50, 2, 0, 0, 1.92, 33, 26, 7783.59, 20576, 19926
1695085189, 0, 0, 22, 0, 0, 8037.50, 2, 0, 0, 1.40, 37, 31, 7783.59, 20576, 19926
1695085193, 0, 0, 22, 0, 0, 8037.50, 2, 0, 0, 0.49, 38, 32, 7783.59, 20576, 19926
1695085196, 0, 0, 23, 0, 0, 8048.44, 2, 0, 0, 3.12, 47, 34, 7794.53, 20604, 19954
1695085197, 0, 0, 23, 0, 0, 8048.44, 2, 0, 0, 18.35, 52, 35, 7794.53, 20604, 19954
1695085200, 0, 0, 25, 0, 0, 8051.95, 2, 0, 0, 1.19, 54, 37, 7794.92, 20613, 19955
1695085204, 0, 0, 25, 0, 0, 8051.95, 2, 0, 0, 4.19, 66, 42, 7794.92, 20613, 19955
1695085209, 0, 0, 26, 0, 0, 8078.91, 2, 0, 0, 1.95, 73, 45, 7821.88, 20682, 20024
1695085213, 0, 0, 26, 0, 0, 8078.91, 2, 0, 0, 1.95, 76, 49, 7821.88, 20682, 20024
1695085216, 0, 0, 27, 0, 0, 8081.64, 2, 0, 0, 0.54, 77, 50, 7821.88, 20689, 20024
1695085222, 0, 0, 28, 0, 0, 8123.05, 2, 0, 0, 0.90, 82, 50, 7863.28, 20795, 20130
1695085229, 0, 0, 28, 0, 0, 8123.05, 2, 0, 0, 0.66, 86, 51, 7863.28, 20795, 20130
1695085233, 0, 0, 29, 0, 0, 8129.69, 2, 0, 0, 2.09, 90, 54, 7869.92, 20812, 20147
1695085239, 0, 0, 29, 0, 0, 8129.69, 2, 0, 0, 2.66, 102, 58, 7869.92, 20812, 20147
1695085243, 0, 0, 29, 0, 0, 8129.69, 2, 0, 0, 1.32, 105, 61, 7869.92, 20812, 20147
1695085248, 0, 0, 29, 0, 0, 8129.69, 2, 0, 0, 1.60, 110, 63, 7869.92, 20812, 20147
1695085251, 0, 0, 29, 0, 0, 8129.69, 2, 0, 0, 1.76, 115, 64, 7869.92, 20812, 20147
1695085259, 0, 0, 29, 0, 0, 8129.69, 2, 0, 0, 1.48, 123, 68, 7869.92, 20812, 20147
1695085267, 0, 0, 29, 0, 0, 8129.69, 2, 0, 0, 0.27, 124, 69, 7869.92, 20812, 20147
1695085270, 0, 0, 29, 0, 0, 8129.69, 2, 0, 0, 1.55, 126, 72, 7869.92, 20812, 20147
1695085274, 0, 0, 29, 0, 0, 8129.69, 2, 0, 0, 6.10, 139, 82, 7869.92, 20812, 20147
1695085274, 0, 0, 29, 0, 0, 8129.69, 2, 0, 0, 97.18, 154, 98, 7869.92, 20812, 20147
1695085279, 0, 0, 29, 0, 0, 8129.69, 2, 0, 0, 0.63, 156, 99, 7869.92, 20812, 20147
1695085282, 0, 0, 29, 0, 0, 8129.69, 2, 0, 0, 2.40, 158, 104, 7869.92, 20812, 20147
1695085287, 0, 0, 29, 0, 0, 8129.69, 2, 0, 0, 3.14, 171, 108, 7869.92, 20812, 20147
1695085291, 0, 0, 29, 0, 0, 8129.69, 3, 0, 0, 0.29, 171, 109, 7869.92, 20812, 20147
1695085291, 0, 0, 29, 0, 0, 8129.69, 3, 0, 0, 24.39, 178, 111, 7869.92, 20812, 20147
1695085295, 0, 0, 29, 0, 0, 8129.69, 3, 0, 0, 0.78, 180, 112, 7869.92, 20812, 20147
1695085299, 0, 0, 29, 0, 0, 8129.69, 3, 0, 0, 1.16, 184, 113, 7869.92, 20812, 20147
1695085303, 0, 0, 29, 0, 0, 8129.69, 3, 0, 0, 2.36, 188, 119, 7869.92, 20812, 20147
1695085308, 0, 0, 29, 0, 0, 8129.69, 3, 0, 0, 0.44, 190, 119, 7869.92, 20812, 20147
1695085312, 0, 0, 29, 0, 0, 8129.69, 3, 0, 0, 2.62, 195, 126, 7869.92, 20812, 20147
1695085315, 0, 0, 29, 0, 0, 8129.69, 3, 0, 0, 0.33, 196, 126, 7869.92, 20812, 20147
1695085319, 0, 0, 29, 0, 0, 8129.69, 3, 0, 0, 2.81, 202, 131, 7869.92, 20812, 20147
1695085327, 0, 0, 29, 0, 0, 8129.69, 3, 0, 0, 0.13, 203, 131, 7869.92, 20812, 20147
1695085331, 0, 0, 29, 0, 0, 8129.69, 3, 0, 0, 0.29, 204, 131, 7869.92, 20812, 20147
1695085336, 0, 0, 29, 0, 0, 8129.69, 3, 0, 0, 2.48, 212, 135, 7869.92, 20812, 20147
1695085340, 0, 0, 29, 0, 0, 8129.69, 3, 0, 0, 1.99, 218, 137, 7869.92, 20812, 20147
1695085344, 0, 0, 29, 0, 0, 8129.69, 3, 0, 0, 2.76, 226, 141, 7869.92, 20812, 20147
1695085349, 0, 0, 29, 0, 0, 8129.69, 3, 0, 0, 1.19, 230, 143, 7869.92, 20812, 20147
1695085352, 0, 0, 29, 0, 0, 8129.69, 3, 0, 0, 1.30, 231, 146, 7869.92, 20812, 20147
1695085357, 0, 0, 29, 0, 0, 8129.69, 3, 0, 0, 1.30, 234, 149, 7869.92, 20812, 20147
1695085361, 0, 0, 29, 0, 0, 8129.69, 3, 0, 0, 4.74, 250, 155, 7869.92, 20812, 20147
1695085366, 0, 0, 29, 0, 0, 8129.69, 3, 0, 0, 0.62, 253, 155, 7869.92, 20812, 20147
1695085370, 0, 0, 29, 0, 0, 8129.69, 3, 0, 0, 0.29, 254, 155, 7869.92, 20812, 20147
1695085373, 0, 0, 29, 0, 0, 8129.69, 3, 0, 0, 2.50, 261, 156, 7869.92, 20812, 20147
1695085377, 0, 0, 29, 0, 0, 8129.69, 3, 0, 0, 3.44, 269, 161, 7869.92, 20812, 20147
1695085382, 0, 0, 29, 0, 0, 8129.69, 3, 0, 0, 0.20, 270, 161, 7869.92, 20812, 20147
1695085393, 0, 0, 29, 0, 0, 8129.69, 3, 0, 0, 0.60, 274, 164, 7869.92, 20812, 20147
1695085396, 0, 0, 29, 0, 0, 8129.69, 3, 0, 0, 2.60, 277, 168, 7869.92, 20812, 20147
1695085396, 0, 0, 29, 0, 0, 8129.69, 3, 0, 0, 20.00, 280, 171, 7869.92, 20812, 20147
1695085402, 0, 0, 29, 0, 0, 8129.69, 3, 0, 0, 0.37, 282, 171, 7869.92, 20812, 20147
1695085410, 0, 0, 29, 0, 0, 8129.69, 3, 0, 0, 1.26, 291, 172, 7869.92, 20812, 20147
1695085421, 0, 0, 29, 0, 0, 8129.69, 3, 0, 0, 1.17, 300, 176, 7869.92, 20812, 20147
1695085425, 0, 0, 29, 0, 0, 8129.69, 3, 0, 0, 0.24, 301, 176, 7869.92, 20812, 20147
1695085430, 0, 0, 29, 0, 0, 8129.69, 3, 0, 0, 4.34, 316, 185, 7869.92, 20812, 20147
1695085441, 0, 0, 29, 0, 0, 8129.69, 3, 0, 0, 0.39, 318, 187, 7869.92, 20812, 20147
1695085450, 0, 0, 29, 0, 0, 8129.69, 3, 0, 0, 1.94, 329, 195, 7869.92, 20812, 20147
1695085460, 0, 0, 29, 0, 0, 8129.69, 3, 0, 0, 0.11, 330, 195, 7869.92, 20812, 20147
1695085467, 0, 0, 29, 0, 0, 8129.69, 3, 0, 0, 1.07, 333, 200, 7869.92, 20812, 20147
1695085474, 0, 0, 29, 0, 0, 8129.69, 3, 0, 0, 1.42, 338, 205, 7869.92, 20812, 20147
1695085481, 0, 0, 30, 0, 0, 8130.47, 3, 0, 0, 0.91, 341, 208, 7870.70, 20814, 20149
1695085486, 0, 0, 30, 0, 0, 8130.47, 3, 0, 0, 2.66, 349, 215, 7870.70, 20814, 20149
1695085492, 0, 0, 30, 0, 0, 8130.47, 3, 0, 0, 2.96, 359, 222, 7870.70, 20814, 20149
1695085496, 0, 0, 30, 0, 0, 8130.47, 3, 0, 0, 0.98, 361, 224, 7870.70, 20814, 20149
1695085500, 0, 0, 30, 0, 0, 8130.47, 3, 0, 0, 1.57, 366, 225, 7870.70, 20814, 20149
1695085504, 0, 0, 30, 0, 0, 8130.47, 3, 0, 0, 0.46, 368, 225, 7870.70, 20814, 20149
1695085508, 0, 0, 30, 0, 0, 8130.47, 3, 0, 0, 0.28, 368, 226, 7870.70, 20814, 20149
1695085514, 0, 0, 30, 0, 0, 8130.47, 3, 0, 0, 1.21, 371, 230, 7870.70, 20814, 20149
1695085518, 0, 0, 30, 0, 0, 8130.47, 3, 0, 0, 0.23, 372, 230, 7870.70, 20814, 20149
1695085522, 0, 0, 30, 0, 0, 8130.47, 3, 0, 0, 0.49, 374, 230, 7870.70, 20814, 20149
1695085525, 0, 0, 30, 0, 0, 8130.47, 3, 0, 0, 0.60, 375, 231, 7870.70, 20814, 20149
1695085531, 0, 0, 30, 0, 0, 8130.47, 3, 0, 0, 1.65, 382, 233, 7870.70, 20814, 20149
1695085542, 0, 0, 30, 0, 0, 8130.47, 3, 0, 0, 0.45, 386, 234, 7870.70, 20814, 20149
1695085546, 0, 0, 30, 0, 0, 8130.47, 3, 0, 0, 0.98, 390, 234, 7870.70, 20814, 20149
1695085555, 0, 0, 30, 0, 0, 8130.47, 3, 0, 0, 1.59, 398, 241, 7870.70, 20814, 20149
1695085559, 0, 0, 30, 0, 0, 8130.47, 3, 0, 0, 5.69, 407, 252, 7870.70, 20814, 20149
1695085564, 0, 0, 30, 0, 0, 8130.47, 3, 0, 0, 0.20, 408, 252, 7870.70, 20814, 20149
1695085567, 0, 0, 30, 0, 0, 8130.47, 3, 0, 0, 1.62, 412, 253, 7870.70, 20814, 20149
1695085571, 0, 0, 30, 0, 0, 8130.47, 3, 0, 0, 1.19, 415, 254, 7870.70, 20814, 20149
1695085575, 0, 0, 30, 0, 0, 8130.47, 3, 0, 0, 0.40, 417, 254, 7870.70, 20814, 20149
1695085580, 0, 0, 30, 0, 0, 8130.47, 3, 0, 0, 1.47, 420, 257, 7870.70, 20814, 20149
1695085588, 0, 0, 30, 0, 0, 8130.47, 3, 0, 0, 0.12, 421, 257, 7870.70, 20814, 20149
1695085588, 0, 0, 30, 0, 0, 8130.47, 3, 0, 0, 95.71, 434, 273, 7870.70, 20814, 20149
1695085592, 0, 0, 30, 0, 0, 8130.47, 3, 0, 0, 1.28, 437, 275, 7870.70, 20814, 20149
1695085596, 0, 0, 30, 0, 0, 8130.47, 3, 0, 0, 4.16, 445, 283, 7870.70, 20814, 20149
1695085599, 0, 0, 30, 0, 0, 8130.47, 3, 0, 0, 0.79, 448, 283, 7870.70, 20814, 20149
1695085604, 0, 0, 30, 0, 0, 8130.47, 3, 0, 0, 1.01, 450, 286, 7870.70, 20814, 20149
1695085605, 0, 0, 30, 0, 0, 8130.47, 3, 0, 0, 39.34, 455, 293, 7870.70, 20814, 20149
1695085609, 0, 0, 30, 0, 0, 8130.47, 3, 0, 0, 0.68, 456, 295, 7870.70, 20814, 20149
1695085609, 0, 0, 30, 0, 0, 8130.47, 3, 0, 0, 46.67, 468, 297, 7870.70, 20814, 20149
1695085616, 0, 0, 30, 0, 0, 8130.47, 3, 0, 0, 0.28, 470, 297, 7870.70, 20814, 20149
1695085623, 0, 0, 30, 0, 0, 8130.47, 3, 0, 0, 0.16, 471, 297, 7870.70, 20814, 20149
1695085630, 0, 0, 30, 0, 0, 8130.47, 3, 0, 0, 1.18, 474, 302, 7870.70, 20814, 20149
1695085635, 0, 0, 30, 0, 0, 8130.47, 3, 0, 0, 1.95, 481, 305, 7870.70, 20814, 20149
1695085635, 0, 0, 30, 0, 0, 8130.47, 3, 0, 0, 49.42, 489, 314, 7870.70, 20814, 20149
1695085643, 0, 0, 30, 0, 0, 8130.47, 3, 0, 0, 0.13, 490, 314, 7870.70, 20814, 20149
1695085652, 0, 0, 30, 0, 0, 8130.47, 3, 0, 0, 0.22, 491, 315, 7870.70, 20814, 20149
1695085657, 0, 0, 30, 0, 0, 8130.47, 3, 0, 0, 1.00, 494, 317, 7870.70, 20814, 20149
1695085662, 0, 0, 30, 0, 0, 8130.47, 3, 0, 0, 0.53, 495, 319, 7870.70, 20814, 20149
1695085666, 0, 0, 30, 0, 0, 8130.47, 3, 0, 0, 2.64, 500, 324, 7870.70, 20814, 20149
1695085670, 0, 0, 30, 0, 0, 8130.47, 3, 0, 0, 1.66, 503, 328, 7870.70, 20814, 20149
1695085676, 0, 0, 30, 0, 0, 8130.47, 3, 0, 0, 0.19, 504, 328, 7870.70, 20814, 20149
1695085680, 0, 0, 30, 0, 0, 8130.47, 3, 0, 0, 1.91, 510, 330, 7870.70, 20814, 20149
1695085688, 0, 0, 30, 0, 0, 8130.47, 3, 0, 0, 0.48, 512, 332, 7870.70, 20814, 20149
1695085693, 0, 0, 30, 0, 0, 8130.47, 3, 0, 0, 0.21, 513, 332, 7870.70, 20814, 20149
1695085693, 0, 0, 30, 0, 0, 8130.47, 3, 0, 0, 23.19, 519, 334, 7870.70, 20814, 20149
1695085698, 0, 0, 30, 0, 0, 8130.47, 3, 0, 0, 0.23, 520, 334, 7870.70, 20814, 20149
1695085703, 0, 0, 30, 0, 0, 8130.47, 3, 0, 0, 0.79, 523, 335, 7870.70, 20814, 20149
1695085707, 0, 0, 30, 0, 0, 8130.47, 3, 0, 0, 0.46, 524, 336, 7870.70, 20814, 20149
1695085717, 0, 0, 30, 0, 0, 8130.47, 3, 0, 0, 1.14, 529, 342, 7870.70, 20814, 20149
1695085721, 0, 0, 30, 0, 0, 8130.47, 3, 0, 0, 0.68, 531, 343, 7870.70, 20814, 20149
1695085726, 0, 0, 30, 0, 0, 8130.47, 3, 0, 0, 0.75, 534, 344, 7870.70, 20814, 20149
1695085731, 0, 0, 30, 0, 0, 8130.47, 3, 0, 0, 3.28, 545, 348, 7870.70, 20814, 20149
1695085735, 0, 0, 30, 0, 0, 8130.47, 3, 0, 0, 1.45, 548, 351, 7870.70, 20814, 20149
1695085740, 0, 0, 30, 0, 0, 8130.47, 3, 0, 0, 1.69, 553, 354, 7870.70, 20814, 20149
1695085744, 0, 0, 30, 0, 0, 8130.47, 3, 0, 0, 0.93, 554, 357, 7870.70, 20814, 20149
1695085748, 0, 0, 30, 0, 0, 8130.47, 3, 0, 0, 5.51, 565, 367, 7870.70, 20814, 20149
1695085752, 0, 0, 30, 0, 0, 8130.47, 3, 0, 0, 4.61, 573, 376, 7870.70, 20814, 20149
1695085761, 0, 0, 31, 0, 0, 8135.94, 3, 0, 0, 1.51, 580, 383, 7876.17, 20828, 20163
1695085764, 0, 0, 31, 0, 0, 8135.94, 3, 0, 0, 2.60, 585, 386, 7876.17, 20828, 20163
1695085768, 0, 0, 31, 0, 0, 8135.94, 3, 0, 0, 3.25, 591, 393, 7876.17, 20828, 20163
1695085772, 0, 0, 31, 0, 0, 8135.94, 3, 0, 0, 1.54, 595, 395, 7876.17, 20828, 20163
1695085777, 0, 0, 31, 0, 0, 8135.94, 3, 0, 0, 2.43, 602, 400, 7876.17, 20828, 20163
1695085786, 0, 0, 31, 0, 0, 8135.94, 3, 0, 0, 0.55, 604, 403, 7876.17, 20828, 20163
1695085791, 0, 0, 31, 0, 0, 8135.94, 3, 0, 0, 1.26, 607, 406, 7876.17, 20828, 20163
1695085796, 0, 0, 31, 0, 0, 8135.94, 3, 0, 0, 0.19, 608, 406, 7876.17, 20828, 20163
1695085796, 0, 0, 31, 0, 0, 8135.94, 3, 0, 0, 7.65, 611, 406, 7876.17, 20828, 20163
1695085801, 0, 0, 31, 0, 0, 8135.94, 3, 0, 0, 0.19, 612, 406, 7876.17, 20828, 20163
1695085808, 0, 0, 31, 0, 0, 8135.94, 3, 0, 0, 1.45, 616, 411, 7876.17, 20828, 20163
1695085814, 0, 0, 31, 0, 0, 8135.94, 3, 0, 0, 0.45, 619, 411, 7876.17, 20828, 20163
1695085819, 0, 0, 31, 0, 0, 8135.94, 3, 0, 0, 1.33, 623, 413, 7876.17, 20828, 20163
1695085824, 0, 0, 31, 0, 0, 8135.94, 3, 0, 0, 1.21, 627, 415, 7876.17, 20828, 20163
1695085828, 0, 0, 31, 0, 0, 8135.94, 3, 0, 0, 0.48, 629, 415, 7876.17, 20828, 20163
1695085832, 0, 0, 31, 0, 0, 8135.94, 3, 0, 0, 0.49, 631, 415, 7876.17, 20828, 20163
1695085837, 0, 0, 31, 0, 0, 8135.94, 3, 0, 0, 2.76, 638, 421, 7876.17, 20828, 20163
1695085837, 0, 0, 31, 0, 0, 8135.94, 3, 0, 0, 88.82, 656, 430, 7876.17, 20828, 20163
1695085847, 0, 0, 31, 0, 0, 8135.94, 3, 0, 0, 0.41, 658, 432, 7876.17, 20828, 20163
1695085852, 0, 0, 31, 0, 0, 8135.94, 3, 0, 0, 1.01, 661, 434, 7876.17, 20828, 20163
1695085852, 0, 0, 31, 0, 0, 8135.94, 3, 0, 0, 49.18, 671, 439, 7876.17, 20828, 20163
1695085857, 0, 0, 31, 0, 0, 8135.94, 3, 0, 0, 0.43, 673, 439, 7876.17, 20828, 20163
1695085866, 0, 0, 31, 0, 0, 8135.94, 3, 0, 0, 1.21, 681, 442, 7876.17, 20828, 20163
1695085870, 0, 0, 31, 0, 0, 8135.94, 3, 0, 0, 0.63, 682, 444, 7876.17, 20828, 20163
1695085875, 0, 0, 31, 0, 0, 8135.94, 3, 0, 0, 0.71, 685, 444, 7876.17, 20828, 20163
1695085881, 0, 0, 31, 0, 0, 8135.94, 3, 0, 0, 0.59, 686, 447, 7876.17, 20828, 20163
1695085886, 0, 0, 31, 0, 0, 8135.94, 3, 0, 0, 2.26, 690, 454, 7876.17, 20828, 20163
1695085895, 0, 0, 31, 0, 0, 8135.94, 3, 0, 0, 0.35, 692, 455, 7876.17, 20828, 20163
1695085899, 0, 0, 31, 0, 0, 8135.94, 3, 0, 0, 0.73, 694, 456, 7876.17, 20828, 20163
1695085910, 0, 0, 31, 0, 0, 8135.94, 3, 0, 0, 1.90, 710, 461, 7876.17, 20828, 20163
1695085914, 0, 0, 31, 0, 0, 8135.94, 3, 0, 0, 0.26, 711, 461, 7876.17, 20828, 20163
1695085918, 0, 0, 31, 0, 0, 8135.94, 3, 0, 0, 0.23, 712, 461, 7876.17, 20828, 20163
1695085922, 0, 0, 31, 0, 0, 8135.94, 3, 0, 0, 1.63, 716, 464, 7876.17, 20828, 20163
1695085927, 0, 0, 31, 0, 0, 8135.94, 3, 0, 0, 1.66, 720, 467, 7876.17, 20828, 20163
1695085931, 0, 0, 31, 0, 0, 8135.94, 3, 0, 0, 1.48, 725, 469, 7876.17, 20828, 20163
1695085935, 0, 0, 31, 0, 0, 8135.94, 3, 0, 0, 1.28, 729, 470, 7876.17, 20828, 20163
1695085940, 0, 0, 31, 0, 0, 8135.94, 3, 0, 0, 2.14, 737, 472, 7876.17, 20828, 20163
1695085940, 0, 0, 31, 0, 0, 8135.94, 3, 0, 0, 26.95, 742, 476, 7876.17, 20828, 20163
1695085946, 0, 0, 31, 0, 0, 8135.94, 3, 0, 0, 0.53, 744, 477, 7876.17, 20828, 20163
1695085952, 0, 0, 31, 0, 0, 8135.94, 3, 0, 0, 0.50, 746, 478, 7876.17, 20828, 20163
1695085957, 0, 0, 31, 0, 0, 8135.94, 3, 0, 0, 0.19, 747, 478, 7876.17, 20828, 20163
1695085962, 0, 0, 31, 0, 0, 8135.94, 3, 0, 0, 0.43, 749, 478, 7876.17, 20828, 20163
1695085966, 0, 0, 31, 0, 0, 8135.94, 3, 0, 0, 0.95, 753, 478, 7876.17, 20828, 20163
1695085971, 0, 0, 31, 0, 0, 8135.94, 3, 0, 0, 2.67, 762, 481, 7876.17, 20828, 20163
1695085976, 0, 0, 31, 0, 0, 8135.94, 3, 0, 0, 0.37, 764, 481, 7876.17, 20828, 20163
1695085981, 0, 0, 31, 0, 0, 8135.94, 3, 0, 0, 2.00, 769, 486, 7876.17, 20828, 20163
1695085986, 0, 0, 31, 0, 0, 8135.94, 3, 0, 0, 0.88, 772, 487, 7876.17, 20828, 20163
1695085986, 0, 0, 31, 0, 0, 8135.94, 3, 0, 0, 32.61, 780, 491, 7876.17, 20828, 20163
1695085991, 0, 0, 31, 0, 0, 8135.94, 3, 0, 0, 1.04, 784, 492, 7876.17, 20828, 20163
1695085998, 0, 0, 31, 0, 0, 8135.94, 3, 0, 0, 0.30, 786, 492, 7876.17, 20828, 20163
1695086002, 0, 0, 31, 0, 0, 8135.94, 3, 0, 0, 1.24, 790, 494, 7876.17, 20828, 20163
1695086007, 0, 0, 31, 0, 0, 8135.94, 3, 0, 0, 0.64, 792, 495, 7876.17, 20828, 20163
1695086016, 0, 0, 31, 0, 0, 8135.94, 3, 0, 0, 1.75, 803, 499, 7876.17, 20828, 20163
1695086021, 0, 0, 31, 0, 0, 8135.94, 3, 0, 0, 0.59, 805, 500, 7876.17, 20828, 20163
1695086025, 0, 0, 31, 0, 0, 8135.94, 3, 0, 0, 1.00, 806, 503, 7876.17, 20828, 20163
1695086030, 0, 0, 31, 0, 0, 8135.94, 3, 0, 0, 2.44, 814, 507, 7876.17, 20828, 20163
1695086034, 0, 0, 31, 0, 0, 8135.94, 3, 0, 0, 0.83, 816, 509, 7876.17, 20828, 20163
1695086039, 0, 0, 31, 0, 0, 8135.94, 3, 0, 0, 0.22, 817, 509, 7876.17, 20828, 20163
1695086045, 0, 0, 31, 0, 0, 8135.94, 3, 0, 0, 0.51, 820, 509, 7876.17, 20828, 20163
1695086050, 0, 0, 31, 0, 0, 8135.94, 3, 0, 0, 1.57, 823, 514, 7876.17, 20828, 20163
1695086056, 0, 0, 31, 0, 0, 8135.94, 3, 0, 0, 0.89, 827, 515, 7876.17, 20828, 20163
1695086063, 0, 0, 31, 0, 0, 8135.94, 3, 0, 0, 0.54, 830, 516, 7876.17, 20828, 20163
1695086068, 0, 0, 31, 0, 0, 8135.94, 3, 0, 0, 1.30, 835, 517, 7876.17, 20828, 20163
1695086072, 0, 0, 31, 0, 0, 8135.94, 3, 0, 0, 1.13, 837, 520, 7876.17, 20828, 20163
1695086081, 0, 0, 32, 0, 0, 8136.72, 3, 0, 0, 0.23, 838, 521, 7876.95, 20830, 20165
1695086086, 0, 0, 32, 0, 0, 8136.72, 3, 0, 0, 1.08, 842, 523, 7876.95, 20830, 20165
1695086092, 0, 0, 32, 0, 0, 8136.72, 3, 0, 0, 0.19, 843, 523, 7876.95, 20830, 20165
1695086097, 0, 0, 32, 0, 0, 8136.72, 3, 0, 0, 0.39, 844, 524, 7876.95, 20830, 20165
1695086104, 0, 0, 32, 0, 0, 8136.72, 3, 0, 0, 0.43, 847, 524, 7876.95, 20830, 20165
1695086104, 0, 0, 32, 0, 0, 8136.72, 3, 0, 0, 32.79, 853, 528, 7876.95, 20830, 20165
1695086109, 0, 0, 32, 0, 0, 8136.72, 3, 0, 0, 0.56, 856, 528, 7876.95, 20830, 20165
1695086115, 0, 0, 32, 0, 0, 8136.72, 3, 0, 0, 0.58, 858, 529, 7876.95, 20830, 20165
1695086121, 0, 0, 32, 0, 0, 8136.72, 3, 0, 0, 0.63, 861, 530, 7876.95, 20830, 20165
1695086121, 0, 0, 32, 0, 0, 8136.72, 3, 0, 0, 30.67, 868, 533, 7876.95, 20830, 20165
1695086126, 0, 0, 32, 0, 0, 8136.72, 3, 0, 0, 0.64, 870, 534, 7876.95, 20830, 20165
1695086130, 0, 0, 32, 0, 0, 8136.72, 3, 0, 0, 1.12, 875, 534, 7876.95, 20830, 20165
1695086137, 0, 0, 32, 0, 0, 8136.72, 3, 0, 0, 0.61, 878, 535, 7876.95, 20830, 20165
1695086145, 0, 0, 32, 0, 0, 8136.72, 3, 0, 0, 0.25, 879, 536, 7876.95, 20830, 20165
1695086150, 0, 0, 32, 0, 0, 8136.72, 3, 0, 0, 1.49, 883, 539, 7876.95, 20830, 20165
1695086153, 0, 0, 32, 0, 0, 8136.72, 3, 0, 0, 1.85, 887, 542, 7876.95, 20830, 20165
1695086159, 0, 0, 32, 0, 0, 8136.72, 3, 0, 0, 3.20, 895, 551, 7876.95, 20830, 20165
1695086162, 0, 0, 32, 0, 0, 8136.72, 3, 0, 0, 0.59, 897, 551, 7876.95, 20830, 20165
1695086162, 0, 0, 32, 0, 0, 8136.72, 3, 0, 0, 18.63, 899, 555, 7876.95, 20830, 20165
1695086171, 0, 0, 32, 0, 0, 8136.72, 3, 0, 0, 0.57, 904, 555, 7876.95, 20830, 20165
1695086177, 0, 0, 32, 0, 0, 8136.72, 3, 0, 0, 2.03, 913, 557, 7876.95, 20830, 20165
1695086181, 0, 0, 32, 0, 0, 8136.72, 3, 0, 0, 1.47, 917, 559, 7876.95, 20830, 20165
1695086185, 0, 0, 32, 0, 0, 8136.72, 3, 0, 0, 0.51, 918, 560, 7876.95, 20830, 20165
1695086185, 0, 0, 32, 0, 0, 8136.72, 3, 0, 0, 26.23, 921, 565, 7876.95, 20830, 20165
1695086190, 0, 0, 32, 0, 0, 8136.72, 3, 0, 0, 0.44, 922, 566, 7876.95, 20830, 20165
1695086196, 0, 0, 32, 0, 0, 8136.72, 3, 0, 0, 2.18, 929, 572, 7876.95, 20830, 20165
1695086196, 0, 0, 32, 0, 0, 8136.72, 3, 0, 0, 19.87, 934, 573, 7876.95, 20830, 20165
1695086196, 0, 0, 32, 0, 0, 8136.72, 3, 0, 0, 72.13, 946, 583, 7876.95, 20830, 20165
1695086201, 0, 0, 32, 0, 0, 8136.72, 3, 0, 0, 1.11, 950, 584, 7876.95, 20830, 20165
1695086205, 0, 0, 32, 0, 0, 8136.72, 3, 0, 0, 1.03, 953, 585, 7876.95, 20830, 20165
1695086209, 0, 0, 32, 0, 0, 8136.72, 3, 0, 0, 0.88, 956, 586, 7876.95, 20830, 20165
1695086209, 0, 0, 32, 0, 0, 8136.72, 3, 0, 0, 35.60, 962, 591, 7876.95, 20830, 20165
1695086213, 0, 0, 32, 0, 0, 8136.72, 3, 0, 0, 1.27, 963, 595, 7876.95, 20830, 20165
1695086230, 0, 0, 33, 0, 0, 8138.67, 3, 0, 0, 0.72, 971, 599, 7878.91, 20835, 20170
1695086235, 0, 0, 33, 0, 0, 8138.67, 3, 0, 0, 0.22, 972, 599, 7878.91, 20835, 20170
1695086240, 0, 0, 33, 0, 0, 8138.67, 3, 0, 0, 0.75, 975, 600, 7878.91, 20835, 20170
1695086245, 0, 0, 33, 0, 0, 8138.67, 3, 0, 0, 2.56, 982, 605, 7878.91, 20835, 20170
1695086248, 0, 0, 33, 0, 0, 8138.67, 3, 0, 0, 0.30, 982, 606, 7878.91, 20835, 20170
1695086254, 0, 0, 33, 0, 0, 8138.67, 3, 0, 0, 0.52, 985, 606, 7878.91, 20835, 20170
1695086260, 0, 0, 33, 0, 0, 8138.67, 3, 0, 0, 0.75, 988, 608, 7878.91, 20835, 20170
1695086261, 0, 0, 33, 0, 0, 8138.67, 3, 0, 0, 28.21, 995, 610, 7878.91, 20835, 20170
1695086265, 0, 0, 33, 0, 0, 8138.67, 3, 0, 0, 1.02, 998, 611, 7878.91, 20835, 20170
1695086265, 0, 0, 33, 0, 0, 8138.67, 3, 0, 0, 36.04, 1005, 616, 7878.91, 20835, 20170
1695086270, 0, 0, 33, 0, 0, 8138.67, 3, 0, 0, 1.26, 1008, 620, 7878.91, 20835, 20170
1695086275, 0, 0, 33, 0, 0, 8138.67, 3, 0, 0, 2.78, 1016, 626, 7878.91, 20835, 20170
1695086280, 0, 0, 33, 0, 0, 8138.67, 3, 0, 0, 0.20, 1017, 626, 7878.91, 20835, 20170
1695086285, 0, 0, 33, 0, 0, 8138.67, 3, 0, 0, 0.42, 1018, 627, 7878.91, 20835, 20170
1695086292, 0, 0, 33, 0, 0, 8138.67, 3, 0, 0, 0.61, 1019, 630, 7878.91, 20835, 20170
1695086297, 0, 0, 33, 0, 0, 8138.67, 3, 0, 0, 1.93, 1025, 635, 7878.91, 20835, 20170
1695086300, 0, 0, 33, 0, 0, 8138.67, 3, 0, 0, 1.07, 1026, 637, 7878.91, 20835, 20170
1695086306, 0, 0, 33, 0, 0, 8138.67, 3, 0, 0, 0.75, 1029, 638, 7878.91, 20835, 20170
1695086306, 0, 0, 33, 0, 0, 8138.67, 3, 0, 0, 17.59, 1032, 642, 7878.91, 20835, 20170
1695086310, 0, 0, 33, 0, 0, 8138.67, 3, 0, 0, 0.49, 1034, 642, 7878.91, 20835, 20170
1695086315, 0, 0, 33, 0, 0, 8138.67, 3, 0, 0, 1.79, 1038, 647, 7878.91, 20835, 20170
1695086319, 0, 0, 33, 0, 0, 8138.67, 3, 0, 0, 1.24, 1041, 649, 7878.91, 20835, 20170
1695086319, 0, 0, 33, 0, 0, 8138.67, 3, 0, 0, 16.45, 1046, 649, 7878.91, 20835, 20170
1695086320, 0, 0, 33, 0, 0, 8138.67, 3, 0, 0, 15.58, 1049, 651, 7878.91, 20835, 20170
1695086320, 0, 0, 33, 0, 0, 8138.67, 3, 0, 0, 38.83, 1055, 657, 7878.91, 20835, 20170
1695086335, 0, 0, 33, 0, 0, 8138.67, 3, 0, 0, 0.39, 1058, 660, 7878.91, 20835, 20170
1695086342, 0, 0, 33, 0, 0, 8138.67, 3, 0, 0, 0.44, 1061, 660, 7878.91, 20835, 20170
1695086346, 0, 0, 33, 0, 0, 8138.67, 3, 0, 0, 2.41, 1066, 665, 7878.91, 20835, 20170
1695086352, 0, 0, 33, 0, 0, 8138.67, 3, 0, 0, 1.90, 1072, 669, 7878.91, 20835, 20170
1695086356, 0, 0, 33, 0, 0, 8138.67, 3, 0, 0, 1.55, 1077, 671, 7878.91, 20835, 20170
1695086357, 0, 0, 33, 0, 0, 8138.67, 3, 0, 0, 29.61, 1081, 676, 7878.91, 20835, 20170
1695086361, 0, 0, 33, 0, 0, 8138.67, 3, 0, 0, 0.63, 1083, 677, 7878.91, 20835, 20170
1695086362, 0, 0, 33, 0, 0, 8138.67, 3, 0, 0, 39.22, 1091, 681, 7878.91, 20835, 20170
1695086371, 0, 0, 33, 0, 0, 8138.67, 3, 0, 0, 0.11, 1092, 681, 7878.91, 20835, 20170
1695086371, 0, 0, 33, 0, 0, 8138.67, 3, 0, 0, 45.45, 1096, 691, 7878.91, 20835, 20170
1695086376, 0, 0, 33, 0, 0, 8138.67, 3, 0, 0, 0.81, 1099, 692, 7878.91, 20835, 20170
1695086382, 0, 0, 33, 0, 0, 8138.67, 3, 0, 0, 0.77, 1103, 693, 7878.91, 20835, 20170
1695086383, 0, 0, 33, 0, 0, 8138.67, 3, 0, 0, 24.06, 1109, 696, 7878.91, 20835, 20170
1695086383, 0, 0, 33, 0, 0, 8138.67, 3, 0, 0, 9.06, 1112, 698, 7878.91, 20835, 20170
1695086388, 0, 0, 33, 0, 0, 8138.67, 3, 0, 0, 0.47, 1113, 699, 7878.91, 20835, 20170
1695086392, 0, 0, 33, 0, 0, 8138.67, 3, 0, 0, 0.23, 1114, 699, 7878.91, 20835, 20170
1695086397, 0, 0, 33, 0, 0, 8138.67, 3, 0, 0, 0.75, 1117, 700, 7878.91, 20835, 20170
1695086403, 0, 0, 33, 0, 0, 8138.67, 3, 0, 0, 1.06, 1120, 703, 7878.91, 20835, 20170
1695086409, 0, 0, 33, 0, 0, 8138.67, 3, 0, 0, 0.51, 1122, 704, 7878.91, 20835, 20170
1695086414, 0, 0, 33, 0, 0, 8138.67, 3, 0, 0, 0.83, 1124, 706, 7878.91, 20835, 20170
1695086419, 0, 0, 33, 0, 0, 8138.67, 3, 0, 0, 0.37, 1126, 706, 7878.91, 20835, 20170
1695086424, 0, 0, 33, 0, 0, 8138.67, 3, 0, 0, 0.40, 1127, 707, 7878.91, 20835, 20170
1695086430, 0, 0, 33, 0, 0, 8138.67, 3, 0, 0, 0.32, 1129, 707, 7878.91, 20835, 20170
1695086431, 0, 0, 33, 0, 0, 8138.67, 3, 0, 0, 8.24, 1129, 710, 7878.91, 20835, 20170
1695086435, 0, 0, 33, 0, 0, 8138.67, 3, 0, 0, 0.85, 1132, 711, 7878.91, 20835, 20170
1695086436, 0, 0, 33, 0, 0, 8138.67, 3, 0, 0, 9.84, 1135, 714, 7878.91, 20835, 20170
1695086436, 0, 0, 33, 0, 0, 8138.67, 3, 0, 0, 31.95, 1142, 717, 7878.91, 20835, 20170
1695086442, 0, 0, 33, 0, 0, 8138.67, 3, 0, 0, 1.27, 1144, 722, 7878.91, 20835, 20170
1695086442, 0, 0, 33, 0, 0, 8138.67, 3, 0, 0, 29.41, 1149, 727, 7878.91, 20835, 20170
1695086447, 0, 0, 33, 0, 0, 8138.67, 3, 0, 0, 1.39, 1154, 729, 7878.91, 20835, 20170
1695086452, 0, 0, 33, 0, 0, 8138.67, 3, 0, 0, 0.22, 1155, 729, 7878.91, 20835, 20170
1695086455, 0, 0, 33, 0, 0, 8138.67, 3, 0, 0, 1.32, 1157, 732, 7878.91, 20835, 20170
1695086469, 0, 0, 33, 0, 0, 8138.67, 3, 0, 0, 0.15, 1158, 733, 7878.91, 20835, 20170
1695086474, 0, 0, 33, 0, 0, 8138.67, 3, 0, 0, 0.20, 1159, 733, 7878.91, 20835, 20170
1695086479, 0, 0, 33, 0, 0, 8138.67, 3, 0, 0, 0.61, 1160, 735, 7878.91, 20835, 20170
1695086484, 0, 0, 33, 0, 0, 8138.67, 3, 0, 0, 0.75, 1164, 735, 7878.91, 20835, 20170
1695086489, 0, 0, 33, 0, 0, 8138.67, 3, 0, 0, 0.41, 1166, 735, 7878.91, 20835, 20170
1695086495, 0, 0, 33, 0, 0, 8138.67, 3, 0, 0, 0.17, 1167, 735, 7878.91, 20835, 20170
1695086499, 0, 0, 33, 0, 0, 8138.67, 3, 0, 0, 0.46, 1168, 736, 7878.91, 20835, 20170
1695086504, 0, 0, 33, 0, 0, 8138.67, 3, 0, 0, 0.82, 1171, 737, 7878.91, 20835, 20170
1695086510, 0, 0, 33, 0, 0, 8138.67, 3, 0, 0, 0.34, 1172, 738, 7878.91, 20835, 20170
1695086516, 0, 0, 33, 0, 0, 8138.67, 3, 0, 0, 2.20, 1179, 744, 7878.91, 20835, 20170
1695086521, 0, 0, 33, 0, 0, 8138.67, 3, 0, 0, 1.61, 1183, 748, 7878.91, 20835, 20170
1695086521, 0, 0, 33, 0, 0, 8138.67, 3, 0, 0, 33.22, 1190, 751, 7878.91, 20835, 20170
1695086527, 0, 0, 33, 0, 0, 8138.67, 3, 0, 0, 0.94, 1194, 752, 7878.91, 20835, 20170
1695086530, 0, 0, 33, 0, 0, 8138.67, 3, 0, 0, 2.19, 1196, 758, 7878.91, 20835, 20170
1695086531, 0, 0, 33, 0, 0, 8138.67, 3, 0, 0, 30.77, 1203, 761, 7878.91, 20835, 20170
1695086535, 0, 0, 33, 0, 0, 8138.67, 3, 0, 0, 0.43, 1204, 762, 7878.91, 20835, 20170
1695086536, 0, 0, 33, 0, 0, 8138.67, 3, 0, 0, 27.11, 1209, 766, 7878.91, 20835, 20170
1695086536, 0, 0, 33, 0, 0, 8138.67, 3, 0, 0, 32.68, 1214, 771, 7878.91, 20835, 20170
1695086541, 0, 0, 33, 0, 0, 8138.67, 3, 0, 0, 0.95, 1217, 773, 7878.91, 20835, 20170
1695086546, 0, 0, 33, 0, 0, 8138.67, 3, 0, 0, 0.39, 1219, 773, 7878.91, 20835, 20170
1695086547, 0, 0, 33, 0, 0, 8138.67, 3, 0, 0, 12.99, 1223, 775, 7878.91, 20835, 20170
1695086555, 0, 0, 33, 0, 0, 8138.67, 3, 0, 0, 0.25, 1225, 775, 7878.91, 20835, 20170
1695086560, 0, 0, 33, 0, 0, 8138.67, 3, 0, 0, 0.78, 1227, 777, 7878.91, 20835, 20170
1695086560, 0, 0, 33, 0, 0, 8138.67, 3, 0, 0, 10.10, 1230, 778, 7878.91, 20835, 20170
1695086585, 0, 0, 33, 0, 0, 8138.67, 3, 0, 0, 0.20, 1233, 780, 7878.91, 20835, 20170
1695086585, 0, 0, 33, 0, 0, 8138.67, 3, 0, 0, 7.21, 1236, 780, 7878.91, 20835, 20170
1695086590, 0, 0, 33, 0, 0, 8138.67, 3, 0, 0, 0.22, 1237, 780, 7878.91, 20835, 20170
1695086590, 0, 0, 33, 0, 0, 8138.67, 3, 0, 0, 12.95, 1240, 782, 7878.91, 20835, 20170
1695086590, 0, 0, 33, 0, 0, 8138.67, 3, 0, 0, 13.09, 1242, 785, 7878.91, 20835, 20170
1695086591, 0, 0, 33, 0, 0, 8138.67, 3, 0, 0, 15.72, 1245, 787, 7878.91, 20835, 20170
1695086597, 0, 0, 33, 0, 0, 8138.67, 3, 0, 0, 0.33, 1247, 787, 7878.91, 20835, 20170
1695086604, 0, 0, 33, 0, 0, 8138.67, 3, 0, 0, 0.15, 1248, 787, 7878.91, 20835, 20170
1695086604, 0, 0, 33, 0, 0, 8138.67, 3, 0, 0, 9.62, 1249, 789, 7878.91, 20835, 20170
1695086604, 0, 0, 33, 0, 0, 8138.67, 3, 0, 0, 13.11, 1253, 789, 7878.91, 20835, 20170
1695086605, 0, 0, 33, 0, 0, 8138.67, 3, 0, 0, 19.91, 1261, 790, 7878.91, 20835, 20170
1695086624, 0, 0, 33, 0, 0, 8138.67, 3, 0, 0, 0.05, 1262, 790, 7878.91, 20835, 20170
1695086625, 0, 0, 33, 0, 0, 8138.67, 3, 0, 0, 9.84, 1263, 792, 7878.91, 20835, 20170
1695086630, 0, 0, 33, 0, 0, 8138.67, 3, 0, 0, 0.61, 1264, 794, 7878.91, 20835, 20170
1695086634, 0, 0, 33, 0, 0, 8138.67, 3, 0, 0, 0.93, 1266, 796, 7878.91, 20835, 20170
1695086634, 0, 0, 33, 0, 0, 8138.67, 3, 0, 0, 26.14, 1270, 800, 7878.91, 20835, 20170
1695086639, 0, 0, 33, 0, 0, 8138.67, 3, 0, 0, 1.47, 1274, 803, 7878.91, 20835, 20170
1695086649, 0, 0, 33, 0, 0, 8138.67, 3, 0, 0, 0.61, 1279, 804, 7878.91, 20835, 20170
1695086654, 0, 0, 33, 0, 0, 8138.67, 3, 0, 0, 0.99, 1283, 805, 7878.91, 20835, 20170
1695086662, 0, 0, 33, 0, 0, 8138.67, 3, 0, 0, 0.38, 1284, 807, 7878.91, 20835, 20170
1695086667, 0, 0, 33, 0, 0, 8138.67, 3, 0, 0, 0.74, 1286, 809, 7878.91, 20835, 20170
1695086667, 0, 0, 33, 0, 0, 8138.67, 3, 0, 0, 23.18, 1291, 811, 7878.91, 20835, 20170
1695086668, 0, 0, 33, 0, 0, 8138.67, 3, 0, 0, 9.87, 1293, 812, 7878.91, 20835, 20170
1695086672, 0, 0, 33, 0, 0, 8138.67, 3, 0, 0, 0.95, 1295, 814, 7878.91, 20835, 20170
1695086677, 0, 0, 33, 0, 0, 8138.67, 3, 0, 0, 0.76, 1297, 816, 7878.91, 20835, 20170
1695086678, 0, 0, 33, 0, 0, 8138.67, 3, 0, 0, 14.62, 1302, 816, 7878.91, 20835, 20170
1695086682, 0, 0, 33, 0, 0, 8138.67, 3, 0, 0, 0.64, 1305, 816, 7878.91, 20835, 20170
1695086689, 0, 0, 33, 0, 0, 8138.67, 3, 0, 0, 0.16, 1306, 816, 7878.91, 20835, 20170
1695086693, 0, 0, 33, 0, 0, 8138.67, 3, 0, 0, 0.21, 1307, 816, 7878.91, 20835, 20170
1695086700, 0, 0, 33, 0, 0, 8138.67, 3, 0, 0, 1.26, 1312, 819, 7878.91, 20835, 20170
1695086700, 0, 0, 33, 0, 0, 8138.67, 3, 0, 0, 17.96, 1315, 822, 7878.91, 20835, 20170
1695086701, 0, 0, 33, 0, 0, 8138.67, 3, 0, 0, 19.44, 1317, 827, 7878.91, 20835, 20170
1695086708, 0, 0, 33, 0, 0, 8138.67, 3, 0, 0, 0.27, 1318, 828, 7878.91, 20835, 20170
1695086712, 0, 0, 33, 0, 0, 8138.67, 3, 0, 0, 0.26, 1318, 829, 7878.91, 20835, 20170
1695086712, 0, 0, 33, 0, 0, 8138.67, 3, 0, 0, 26.87, 1324, 832, 7878.91, 20835, 20170
1695086720, 0, 0, 33, 0, 0, 8138.67, 3, 0, 0, 1.22, 1327, 839, 7878.91, 20835, 20170
1695086721, 0, 0, 33, 0, 0, 8138.67, 3, 0, 0, 12.86, 1331, 839, 7878.91, 20835, 20170
1695086725, 0, 0, 33, 0, 0, 8138.67, 3, 0, 0, 0.23, 1332, 839, 7878.91, 20835, 20170
1695086730, 0, 0, 33, 0, 0, 8138.67, 3, 0, 0, 0.19, 1333, 839, 7878.91, 20835, 20170
1695086731, 0, 0, 33, 0, 0, 8138.67, 3, 0, 0, 27.17, 1340, 842, 7878.91, 20835, 20170
1695086734, 0, 0, 33, 0, 0, 8138.67, 3, 0, 0, 0.52, 1342, 842, 7878.91, 20835, 20170
1695086741, 0, 0, 33, 0, 0, 8138.67, 3, 0, 0, 0.29, 1343, 843, 7878.91, 20835, 20170
1695086742, 0, 0, 33, 0, 0, 8138.67, 3, 0, 0, 15.23, 1347, 845, 7878.91, 20835, 20170
1695086742, 0, 0, 33, 0, 0, 8138.67, 3, 0, 0, 29.80, 1353, 848, 7878.91, 20835, 20170
1695086747, 0, 0, 33, 0, 0, 8138.67, 3, 0, 0, 0.20, 1354, 848, 7878.91, 20835, 20170
1695086747, 0, 0, 33, 0, 0, 8138.67, 3, 0, 0, 9.35, 1356, 849, 7878.91, 20835, 20170
1695086752, 0, 0, 33, 0, 0, 8138.67, 3, 0, 0, 1.16, 1358, 852, 7878.91, 20835, 20170
1695086752, 0, 0, 33, 0, 0, 8138.67, 3, 0, 0, 29.90, 1365, 854, 7878.91, 20835, 20170
1695086756, 0, 0, 33, 0, 0, 8138.67, 3, 0, 0, 0.45, 1366, 855, 7878.91, 20835, 20170
1695086761, 0, 0, 33, 0, 0, 8138.67, 3, 0, 0, 1.44, 1369, 859, 7878.91, 20835, 20170
1695086766, 0, 0, 33, 0, 0, 8138.67, 3, 0, 0, 0.63, 1370, 861, 7878.91, 20835, 20170
1695086766, 0, 0, 33, 0, 0, 8138.67, 3, 0, 0, 16.39, 1373, 863, 7878.91, 20835, 20170
1695086767, 0, 0, 33, 0, 0, 8138.67, 3, 0, 0, 9.32, 1376, 863, 7878.91, 20835, 20170
1695086773, 0, 0, 33, 0, 0, 8138.67, 3, 0, 0, 0.58, 1378, 865, 7878.91, 20835, 20170
1695086780, 0, 0, 33, 0, 0, 8138.67, 3, 0, 0, 0.50, 1380, 866, 7878.91, 20835, 20170
1695086786, 0, 0, 33, 0, 0, 8138.67, 3, 0, 0, 0.16, 1381, 866, 7878.91, 20835, 20170
1695086786, 0, 0, 33, 0, 0, 8138.67, 3, 0, 0, 14.16, 1384, 868, 7878.91, 20835, 20170
1695086787, 0, 0, 33, 0, 0, 8138.67, 3, 0, 0, 9.19, 1387, 870, 7878.91, 20835, 20170
1695086791, 0, 0, 33, 0, 0, 8138.67, 3, 0, 0, 0.67, 1390, 870, 7878.91, 20835, 20170
1695086803, 0, 0, 33, 0, 0, 8138.67, 3, 0, 0, 0.26, 1392, 871, 7878.91, 20835, 20170
1695086803, 0, 0, 33, 0, 0, 8138.67, 3, 0, 0, 15.77, 1394, 874, 7878.91, 20835, 20170
1695086807, 0, 0, 33, 0, 0, 8138.67, 3, 0, 0, 0.51, 1395, 875, 7878.91, 20835, 20170
1695086812, 0, 0, 33, 0, 0, 8138.67, 3, 0, 0, 0.58, 1396, 877, 7878.91, 20835, 20170
1695086812, 0, 0, 33, 0, 0, 8138.67, 3, 0, 0, 11.39, 1398, 880, 7878.91, 20835, 20170
1695086813, 0, 0, 33, 0, 0, 8138.67, 3, 0, 0, 5.18, 1400, 880, 7878.91, 20835, 20170
1695086817, 0, 0, 33, 0, 0, 8138.67, 3, 0, 0, 1.04, 1402, 882, 7878.91, 20835, 20170
1695086817, 0, 0, 33, 0, 0, 8138.67, 3, 0, 0, 36.67, 1408, 887, 7878.91, 20835, 20170
1695086817, 0, 0, 33, 0, 0, 8138.67, 3, 0, 0, 29.41, 1414, 890, 7878.91, 20835, 20170
1695086818, 0, 0, 33, 0, 0, 8138.67, 3, 0, 0, 15.24, 1417, 892, 7878.91, 20835, 20170
1695086818, 0, 0, 33, 0, 0, 8138.67, 3, 0, 0, 16.67, 1419, 896, 7878.91, 20835, 20170
1695086824, 0, 0, 33, 0, 0, 8138.67, 3, 0, 0, 0.18, 1420, 896, 7878.91, 20835, 20170
1695086828, 0, 0, 33, 0, 0, 8138.67, 3, 0, 0, 0.21, 1421, 896, 7878.91, 20835, 20170
1695086833, 0, 0, 33, 0, 0, 8138.67, 3, 0, 0, 0.67, 1424, 896, 7878.91, 20835, 20170
1695086839, 0, 0, 33, 0, 0, 8138.67, 3, 0, 0, 0.16, 1425, 896, 7878.91, 20835, 20170
1695086839, 0, 0, 33, 0, 0, 8138.67, 3, 0, 0, 8.72, 1427, 897, 7878.91, 20835, 20170
1695086840, 0, 0, 33, 0, 0, 8138.67, 3, 0, 0, 9.29, 1428, 899, 7878.91, 20835, 20170
1695086844, 0, 0, 33, 0, 0, 8138.67, 3, 0, 0, 0.84, 1431, 900, 7878.91, 20835, 20170
1695086845, 0, 0, 33, 0, 0, 8138.67, 3, 0, 0, 9.80, 1434, 900, 7878.91, 20835, 20170
1695086845, 0, 0, 33, 0, 0, 8138.67, 3, 0, 0, 17.70, 1438, 902, 7878.91, 20835, 20170
1695086845, 0, 0, 33, 0, 0, 8138.67, 3, 0, 0, 19.87, 1444, 902, 7878.91, 20835, 20170
1695086850, 0, 0, 33, 0, 0, 8138.67, 3, 0, 0, 1.10, 1448, 903, 7878.91, 20835, 20170
1695086850, 0, 0, 33, 0, 0, 8138.67, 3, 0, 0, 20.65, 1451, 907, 7878.91, 20835, 20170
1695086854, 0, 0, 33, 0, 0, 8138.67, 3, 0, 0, 0.98, 1454, 908, 7878.91, 20835, 20170
1695086858, 0, 0, 33, 0, 0, 8138.67, 3, 0, 0, 1.00, 1457, 909, 7878.91, 20835, 20170
1695086859, 0, 0, 33, 0, 0, 8138.67, 3, 0, 0, 11.53, 1460, 910, 7878.91, 20835, 20170
1695086863, 0, 0, 33, 0, 0, 8138.67, 3, 0, 0, 0.72, 1461, 912, 7878.91, 20835, 20170
1695086863, 0, 0, 33, 0, 0, 8138.67, 3, 0, 0, 14.93, 1464, 914, 7878.91, 20835, 20170
1695086864, 0, 0, 33, 0, 0, 8138.67, 3, 0, 0, 11.80, 1468, 914, 7878.91, 20835, 20170
1695086868, 0, 0, 33, 0, 0, 8138.67, 3, 0, 0, 0.45, 1470, 914, 7878.91, 20835, 20170
1695086868, 0, 0, 33, 0, 0, 8138.67, 3, 0, 0, 12.42, 1473, 915, 7878.91, 20835, 20170
1695086874, 0, 0, 33, 0, 0, 8138.67, 3, 0, 0, 0.83, 1477, 916, 7878.91, 20835, 20170
1695086879, 0, 0, 33, 0, 0, 8138.67, 3, 0, 0, 0.39, 1478, 917, 7878.91, 20835, 20170
1695086880, 0, 0, 33, 0, 0, 8138.67, 3, 0, 0, 25.40, 1481, 922, 7878.91, 20835, 20170
1695086884, 0, 0, 33, 0, 0, 8138.67, 3, 0, 0, 0.87, 1484, 923, 7878.91, 20835, 20170
1695086885, 0, 0, 33, 0, 0, 8138.67, 3, 0, 0, 16.13, 1488, 925, 7878.91, 20835, 20170
1695086890, 0, 0, 33, 0, 0, 8138.67, 3, 0, 0, 0.39, 1490, 925, 7878.91, 20835, 20170
1695086890, 0, 0, 33, 0, 0, 8138.67, 3, 0, 0, 16.45, 1493, 927, 7878.91, 20835, 20170
1695086890, 0, 0, 33, 0, 0, 8138.67, 3, 0, 0, 21.60, 1496, 931, 7878.91, 20835, 20170
1695086900, 0, 0, 33, 0, 0, 8138.67, 3, 0, 0, 0.11, 1497, 931, 7878.91, 20835, 20170
1695086905, 0, 0, 33, 0, 0, 8138.67, 3, 0, 0, 0.40, 1498, 932, 7878.91, 20835, 20170
1695086905, 0, 0, 33, 0, 0, 8138.67, 3, 0, 0, 10.42, 1500, 934, 7878.91, 20835, 20170
1695086905, 0, 0, 33, 0, 0, 8138.67, 3, 0, 0, 4.45, 1502, 934, 7878.91, 20835, 20170
1695086906, 0, 0, 33, 0, 0, 8138.67, 3, 0, 0, 14.75, 1505, 936, 7878.91, 20835, 20170
1695086911, 0, 0, 33, 0, 0, 8138.67, 3, 0, 0, 0.42, 1507, 936, 7878.91, 20835, 20170
1695086916, 0, 0, 33, 0, 0, 8138.67, 3, 0, 0, 0.39, 1509, 936, 7878.91, 20835, 20170
1695086916, 0, 0, 33, 0, 0, 8138.67, 3, 0, 0, 12.99, 1512, 938, 7878.91, 20835, 20170
1695086922, 0, 0, 33, 0, 0, 8138.67, 3, 0, 0, 0.16, 1513, 938, 7878.91, 20835, 20170
1695086923, 0, 0, 33, 0, 0, 8138.67, 3, 0, 0, 16.23, 1514, 942, 7878.91, 20835, 20170
1695086923, 0, 0, 33, 0, 0, 8138.67, 3, 0, 0, 19.23, 1517, 945, 7878.91, 20835, 20170
1695086928, 0, 0, 33, 0, 0, 8138.67, 3, 0, 0, 0.97, 1520, 947, 7878.91, 20835, 20170
1695086928, 0, 0, 33, 0, 0, 8138.67, 3, 0, 0, 9.46, 1522, 948, 7878.91, 20835, 20170
1695086933, 0, 0, 33, 0, 0, 8138.67, 3, 0, 0, 0.93, 1524, 950, 7878.91, 20835, 20170
1695086937, 0, 0, 33, 0, 0, 8138.67, 3, 0, 0, 0.22, 1525, 950, 7878.91, 20835, 20170
1695086937, 0, 0, 33, 0, 0, 8138.67, 3, 0, 0, 23.18, 1529, 953, 7878.91, 20835, 20170
1695086943, 0, 0, 33, 0, 0, 8138.67, 3, 0, 0, 0.40, 1531, 953, 7878.91, 20835, 20170
1695086947, 0, 0, 33, 0, 0, 8138.67, 3, 0, 0, 1.06, 1534, 955, 7878.91, 20835, 20170
1695086948, 0, 0, 33, 0, 0, 8138.67, 3, 0, 0, 13.33, 1537, 956, 7878.91, 20835, 20170
1695086952, 0, 0, 33, 0, 0, 8138.67, 3, 0, 0, 0.95, 1540, 957, 7878.91, 20835, 20170
1695086952, 0, 0, 33, 0, 0, 8138.67, 3, 0, 0, 28.75, 1545, 961, 7878.91, 20835, 20170
1695086952, 0, 0, 33, 0, 0, 8138.67, 3, 0, 0, 25.32, 1550, 964, 7878.91, 20835, 20170
1695086957, 0, 0, 33, 0, 0, 8138.67, 3, 0, 0, 0.67, 1553, 964, 7878.91, 20835, 20170
1695086957, 0, 0, 33, 0, 0, 8138.67, 3, 0, 0, 3.30, 1554, 964, 7878.91, 20835, 20170
1695086958, 0, 0, 33, 0, 0, 8138.67, 3, 0, 0, 11.02, 1557, 965, 7878.91, 20835, 20170
1695086962, 0, 0, 33, 0, 0, 8138.67, 3, 0, 0, 0.65, 1560, 965, 7878.91, 20835, 20170
1695086968, 0, 0, 33, 0, 0, 8138.67, 3, 0, 0, 0.17, 1561, 965, 7878.91, 20835, 20170
1695086968, 0, 0, 33, 0, 0, 8138.67, 3, 0, 0, 10.99, 1563, 967, 7878.91, 20835, 20170
1695086973, 0, 0, 33, 0, 0, 8138.67, 3, 0, 0, 0.23, 1564, 967, 7878.91, 20835, 20170
1695086973, 0, 0, 33, 0, 0, 8138.67, 3, 0, 0, 21.15, 1566, 972, 7878.91, 20835, 20170
1695086978, 0, 0, 33, 0, 0, 8138.67, 3, 0, 0, 1.22, 1569, 975, 7878.91, 20835, 20170
1695086978, 0, 0, 33, 0, 0, 8138.67, 3, 0, 0, 15.02, 1571, 978, 7878.91, 20835, 20170
1695086979, 0, 0, 33, 0, 0, 8138.67, 3, 0, 0, 20.47, 1576, 980, 7878.91, 20835, 20170
1695086979, 0, 0, 33, 0, 0, 8138.67, 3, 0, 0, 24.92, 1579, 985, 7878.91, 20835, 20170
1695086984, 0, 0, 33, 0, 0, 8138.67, 3, 0, 0, 0.23, 1580, 985, 7878.91, 20835, 20170
1695086984, 0, 0, 33, 0, 0, 8138.67, 3, 0, 0, 22.08, 1582, 990, 7878.91, 20835, 20170
1695086984, 0, 0, 33, 0, 0, 8138.67, 3, 0, 0, 13.25, 1584, 992, 7878.91, 20835, 20170
1695086988, 0, 0, 33, 0, 0, 8138.67, 3, 0, 0, 0.70, 1586, 993, 7878.91, 20835, 20170
1695086993, 0, 0, 33, 0, 0, 8138.67, 3, 0, 0, 0.22, 1587, 993, 7878.91, 20835, 20170
1695087003, 0, 0, 33, 0, 0, 8138.67, 3, 0, 0, 0.40, 1590, 994, 7878.91, 20835, 20170
1695087003, 0, 0, 33, 0, 0, 8138.67, 3, 0, 0, 3.05, 1591, 994, 7878.91, 20835, 20170
1695087008, 0, 0, 33, 0, 0, 8138.67, 3, 0, 0, 0.20, 1592, 994, 7878.91, 20835, 20170
1695087013, 0, 0, 33, 0, 0, 8138.67, 3, 0, 0, 0.70, 1593, 996, 7878.91, 20835, 20170
1695087019, 0, 0, 33, 0, 0, 8138.67, 3, 0, 0, 0.16, 1594, 996, 7878.91, 20835, 20170
1695087019, 0, 0, 33, 0, 0, 8138.67, 3, 0, 0, 5.41, 1595, 997, 7878.91, 20835, 20170
1695087020, 0, 0, 33, 0, 0, 8138.67, 3, 0, 0, 7.11, 1597, 998, 7878.91, 20835, 20170
1695087020, 0, 0, 33, 0, 0, 8138.67, 3, 0, 0, 7.14, 1598, 1000, 7878.91, 20835, 20170
1695087021, 0, 0, 33, 0, 0, 8138.67, 3, 0, 0, 6.54, 1599, 1002, 7878.91, 20835, 20170
1695087021, 0, 0, 33, 0, 0, 8138.67, 3, 0, 0, 5.73, 1601, 1002, 7878.91, 20835, 20170
1695087021, 0, 0, 33, 0, 0, 8138.67, 3, 0, 0, 15.24, 1603, 1005, 7878.91, 20835, 20170
1695087022, 0, 0, 33, 0, 0, 8138.67, 3, 0, 0, 12.20, 1604, 1008, 7878.91, 20835, 20170
1695087022, 0, 0, 33, 0, 0, 8138.67, 3, 0, 0, 12.90, 1606, 1010, 7878.91, 20835, 20170
1695087032, 0, 0, 33, 0, 0, 8138.67, 3, 0, 0, 0.70, 1612, 1011, 7878.91, 20835, 20170
1695087037, 0, 0, 33, 0, 0, 8138.67, 3, 0, 0, 0.92, 1615, 1013, 7878.91, 20835, 20170
1695087045, 0, 0, 33, 0, 0, 8138.67, 3, 0, 0, 0.51, 1617, 1015, 7878.91, 20835, 20170
1695087046, 0, 0, 33, 0, 0, 8138.67, 3, 0, 0, 15.20, 1622, 1015, 7878.91, 20835, 20170
1695087051, 0, 0, 33, 0, 0, 8138.67, 3, 0, 0, 1.19, 1625, 1018, 7878.91, 20835, 20170
1695087051, 0, 0, 33, 0, 0, 8138.67, 3, 0, 0, 10.00, 1627, 1019, 7878.91, 20835, 20170
1695087051, 0, 0, 33, 0, 0, 8138.67, 3, 0, 0, 12.90, 1631, 1019, 7878.91, 20835, 20170
1695087089, 0, 0, 33, 0, 0, 8138.67, 3, 0, 0, 0.13, 1634, 1021, 7878.91, 20835, 20170
1695087090, 0, 0, 33, 0, 0, 8138.67, 3, 0, 0, 15.20, 1638, 1022, 7878.91, 20835, 20170
1695087090, 0, 0, 33, 0, 0, 8138.67, 3, 0, 0, 8.85, 1640, 1023, 7878.91, 20835, 20170
1695087096, 0, 0, 33, 0, 0, 8138.67, 3, 0, 0, 0.35, 1641, 1024, 7878.91, 20835, 20170
1695087096, 0, 0, 33, 0, 0, 8138.67, 3, 0, 0, 4.85, 1641, 1026, 7878.91, 20835, 20170
1695087097, 0, 0, 33, 0, 0, 8138.67, 3, 0, 0, 4.71, 1641, 1028, 7878.91, 20835, 20170
1695087103, 0, 0, 33, 0, 0, 8138.67, 3, 0, 0, 0.45, 1643, 1029, 7878.91, 20835, 20170
1695087110, 0, 0, 33, 0, 0, 8138.67, 3, 0, 0, 1.09, 1649, 1030, 7878.91, 20835, 20170
1695087115, 0, 0, 33, 0, 0, 8138.67, 3, 0, 0, 0.36, 1650, 1031, 7878.91, 20835, 20170
1695087129, 0, 0, 33, 0, 0, 8138.67, 3, 0, 0, 0.14, 1651, 1032, 7878.91, 20835, 20170
1695087134, 0, 0, 33, 0, 0, 8138.67, 3, 0, 0, 0.21, 1652, 1032, 7878.91, 20835, 20170
1695087135, 0, 0, 33, 0, 0, 8138.67, 3, 0, 0, 7.85, 1654, 1033, 7878.91, 20835, 20170
1695087135, 0, 0, 33, 0, 0, 8138.67, 3, 0, 0, 16.34, 1659, 1033, 7878.91, 20835, 20170
1695087135, 0, 0, 33, 0, 0, 8138.67, 3, 0, 0, 17.80, 1663, 1035, 7878.91, 20835, 20170
1695087141, 0, 0, 33, 0, 0, 8138.67, 3, 0, 0, 0.73, 1665, 1037, 7878.91, 20835, 20170
1695087145, 0, 0, 33, 0, 0, 8138.67, 3, 0, 0, 0.63, 1666, 1039, 7878.91, 20835, 20170
1695087146, 0, 0, 33, 0, 0, 8138.67, 3, 0, 0, 18.57, 1672, 1040, 7878.91, 20835, 20170
1695087154, 0, 0, 33, 0, 0, 8138.67, 3, 0, 0, 0.24, 1673, 1041, 7878.91, 20835, 20170
1695087154, 0, 0, 33, 0, 0, 8138.67, 3, 0, 0, 22.58, 1676, 1045, 7878.91, 20835, 20170
1695087161, 0, 0, 33, 0, 0, 8138.67, 3, 0, 0, 0.32, 1677, 1046, 7878.91, 20835, 20170
1695087161, 0, 0, 33, 0, 0, 8138.67, 3, 0, 0, 5.93, 1678, 1047, 7878.91, 20835, 20170
1695087161, 0, 0, 33, 0, 0, 8138.67, 3, 0, 0, 5.65, 1680, 1047, 7878.91, 20835, 20170
1695087162, 0, 0, 33, 0, 0, 8138.67, 3, 0, 0, 8.02, 1682, 1048, 7878.91, 20835, 20170
1695087167, 0, 0, 33, 0, 0, 8138.67, 3, 0, 0, 0.57, 1684, 1049, 7878.91, 20835, 20170
1695087167, 0, 0, 33, 0, 0, 8138.67, 3, 0, 0, 12.59, 1687, 1051, 7878.91, 20835, 20170
1695087168, 0, 0, 33, 0, 0, 8138.67, 3, 0, 0, 15.02, 1690, 1053, 7878.91, 20835, 20170
1695087172, 0, 0, 33, 0, 0, 8138.67, 3, 0, 0, 0.43, 1691, 1054, 7878.91, 20835, 20170
1695087173, 0, 0, 33, 0, 0, 8138.67, 3, 0, 0, 15.42, 1695, 1056, 7878.91, 20835, 20170
1695087178, 0, 0, 33, 0, 0, 8138.67, 3, 0, 0, 0.60, 1697, 1057, 7878.91, 20835, 20170
1695087182, 0, 0, 33, 0, 0, 8138.67, 3, 0, 0, 1.18, 1702, 1057, 7878.91, 20835, 20170
1695087187, 0, 0, 33, 0, 0, 8138.67, 3, 0, 0, 0.20, 1703, 1057, 7878.91, 20835, 20170
1695087187, 0, 0, 33, 0, 0, 8138.67, 3, 0, 0, 12.50, 1704, 1060, 7878.91, 20835, 20170
1695087197, 0, 0, 33, 0, 0, 8138.67, 3, 0, 0, 0.30, 1707, 1060, 7878.91, 20835, 20170
1695087198, 0, 0, 33, 0, 0, 8138.67, 3, 0, 0, 18.42, 1712, 1062, 7878.91, 20835, 20170
1695087198, 0, 0, 33, 0, 0, 8138.67, 3, 0, 0, 8.77, 1714, 1063, 7878.91, 20835, 20170
1695087198, 0, 0, 33, 0, 0, 8138.67, 3, 0, 0, 11.44, 1717, 1065, 7878.91, 20835, 20170
1695087199, 0, 0, 33, 0, 0, 8138.67, 3, 0, 0, 6.64, 1718, 1066, 7878.91, 20835, 20170
1695087199, 0, 0, 33, 0, 0, 8138.67, 3, 0, 0, 9.90, 1720, 1067, 7878.91, 20835, 20170
1695087199, 0, 0, 33, 0, 0, 8138.67, 3, 0, 0, 12.54, 1721, 1070, 7878.91, 20835, 20170
1695087200, 0, 0, 33, 0, 0, 8138.67, 3, 0, 0, 15.24, 1723, 1073, 7878.91, 20835, 20170
1695087200, 0, 0, 33, 0, 0, 8138.67, 3, 0, 0, 16.95, 1726, 1076, 7878.91, 20835, 20170
1695087200, 0, 0, 33, 0, 0, 8138.67, 3, 0, 0, 15.63, 1729, 1078, 7878.91, 20835, 20170
1695087208, 0, 0, 33, 0, 0, 8138.67, 3, 0, 0, 0.56, 1732, 1079, 7878.91, 20835, 20170
1695087208, 0, 0, 33, 0, 0, 8138.67, 3, 0, 0, 5.42, 1733, 1080, 7878.91, 20835, 20170
1695087208, 0, 0, 33, 0, 0, 8138.67, 3, 0, 0, 5.92, 1735, 1080, 7878.91, 20835, 20170
1695087209, 0, 0, 33, 0, 0, 8138.67, 3, 0, 0, 12.86, 1737, 1082, 7878.91, 20835, 20170
1695087209, 0, 0, 33, 0, 0, 8138.67, 3, 0, 0, 12.35, 1738, 1085, 7878.91, 20835, 20170
1695087214, 0, 0, 33, 0, 0, 8138.67, 3, 0, 0, 0.36, 1740, 1085, 7878.91, 20835, 20170
1695087215, 0, 0, 33, 0, 0, 8138.67, 3, 0, 0, 15.97, 1743, 1087, 7878.91, 20835, 20170
1695087219, 0, 0, 33, 0, 0, 8138.67, 3, 0, 0, 0.45, 1745, 1087, 7878.91, 20835, 20170
1695087223, 0, 0, 33, 0, 0, 8138.67, 3, 0, 0, 0.25, 1746, 1087, 7878.91, 20835, 20170
1695087224, 0, 0, 33, 0, 0, 8138.67, 3, 0, 0, 12.42, 1747, 1090, 7878.91, 20835, 20170
1695087229, 0, 0, 33, 0, 0, 8138.67, 3, 0, 0, 1.01, 1751, 1091, 7878.91, 20835, 20170
1695087229, 0, 0, 33, 0, 0, 8138.67, 3, 0, 0, 19.42, 1754, 1094, 7878.91, 20835, 20170
1695087233, 0, 0, 33, 0, 0, 8138.67, 3, 0, 0, 0.72, 1756, 1095, 7878.91, 20835, 20170
1695087233, 0, 0, 33, 0, 0, 8138.67, 3, 0, 0, 11.59, 1758, 1097, 7878.91, 20835, 20170
1695087239, 0, 0, 33, 0, 0, 8138.67, 3, 0, 0, 0.19, 1759, 1097, 7878.91, 20835, 20170
1695087244, 0, 0, 33, 0, 0, 8138.67, 3, 0, 0, 0.38, 1761, 1097, 7878.91, 20835, 20170
1695087255, 0, 0, 33, 0, 0, 8138.67, 3, 0, 0, 0.09, 1762, 1097, 7878.91, 20835, 20170
1695087260, 0, 0, 33, 0, 0, 8138.67, 3, 0, 0, 0.86, 1766, 1097, 7878.91, 20835, 20170
1695087265, 0, 0, 33, 0, 0, 8138.67, 3, 0, 0, 0.58, 1768, 1098, 7878.91, 20835, 20170
1695087270, 0, 0, 33, 0, 0, 8138.67, 3, 0, 0, 0.20, 1769, 1098, 7878.91, 20835, 20170
1695087271, 0, 0, 33, 0, 0, 8138.67, 3, 0, 0, 9.52, 1771, 1099, 7878.91, 20835, 20170
1695087275, 0, 0, 33, 0, 0, 8138.67, 3, 0, 0, 0.22, 1772, 1099, 7878.91, 20835, 20170
1695087279, 0, 0, 33, 0, 0, 8138.67, 3, 0, 0, 1.13, 1775, 1100, 7878.91, 20835, 20170
1695087279, 0, 0, 33, 0, 0, 8138.67, 3, 0, 0, 18.69, 1779, 1102, 7878.91, 20835, 20170
1695087279, 0, 0, 33, 0, 0, 8138.67, 3, 0, 0, 4.99, 1780, 1103, 7878.91, 20835, 20170
1695087301, 0, 0, 33, 0, 0, 8138.67, 3, 0, 0, 0.14, 1782, 1104, 7878.91, 20835, 20170
1695087301, 0, 0, 33, 0, 0, 8138.67, 3, 0, 0, 17.49, 1783, 1109, 7878.91, 20835, 20170
1695087301, 0, 0, 33, 0, 0, 8138.67, 3, 0, 0, 9.68, 1785, 1110, 7878.91, 20835, 20170
1695087302, 0, 0, 33, 0, 0, 8138.67, 3, 0, 0, 12.90, 1787, 1112, 7878.91, 20835, 20170
1695087302, 0, 0, 33, 0, 0, 8138.67, 3, 0, 0, 11.40, 1791, 1112, 7878.91, 20835, 20170
1695087302, 0, 0, 33, 0, 0, 8138.67, 3, 0, 0, 6.94, 1794, 1112, 7878.91, 20835, 20170
1695087307, 0, 0, 33, 0, 0, 8138.67, 3, 0, 0, 0.64, 1796, 1113, 7878.91, 20835, 20170
1695087313, 0, 0, 33, 0, 0, 8138.67, 3, 0, 0, 0.17, 1797, 1113, 7878.91, 20835, 20170
1695087326, 0, 0, 33, 0, 0, 8138.67, 3, 0, 0, 0.16, 1799, 1113, 7878.91, 20835, 20170
1695087330, 0, 0, 33, 0, 0, 8138.67, 3, 0, 0, 1.47, 1801, 1117, 7878.91, 20835, 20170
1695087335, 0, 0, 33, 0, 0, 8138.67, 3, 0, 0, 1.22, 1803, 1121, 7878.91, 20835, 20170
1695087339, 0, 0, 33, 0, 0, 8138.67, 3, 0, 0, 0.22, 1804, 1121, 7878.91, 20835, 20170
1695087345, 0, 0, 33, 0, 0, 8138.67, 3, 0, 0, 0.38, 1806, 1121, 7878.91, 20835, 20170
1695087345, 0, 0, 33, 0, 0, 8138.67, 3, 0, 0, 11.87, 1808, 1123, 7878.91, 20835, 20170
1695087345, 0, 0, 33, 0, 0, 8138.67, 3, 0, 0, 4.59, 1809, 1124, 7878.91, 20835, 20170
1695087346, 0, 0, 33, 0, 0, 8138.67, 3, 0, 0, 8.93, 1810, 1126, 7878.91, 20835, 20170
1695087346, 0, 0, 33, 0, 0, 8138.67, 3, 0, 0, 7.14, 1812, 1127, 7878.91, 20835, 20170
1695087346, 0, 0, 33, 0, 0, 8138.67, 3, 0, 0, 9.74, 1814, 1128, 7878.91, 20835, 20170
1695087347, 0, 0, 33, 0, 0, 8138.67, 3, 0, 0, 10.39, 1818, 1128, 7878.91, 20835, 20170
1695087347, 0, 0, 33, 0, 0, 8138.67, 3, 0, 0, 15.67, 1819, 1132, 7878.91, 20835, 20170
1695087353, 0, 0, 33, 0, 0, 8138.67, 3, 0, 0, 0.65, 1822, 1133, 7878.91, 20835, 20170
1695087358, 0, 0, 33, 0, 0, 8138.67, 3, 0, 0, 0.39, 1823, 1134, 7878.91, 20835, 20170
1695087359, 0, 0, 33, 0, 0, 8138.67, 3, 0, 0, 6.37, 1825, 1135, 7878.91, 20835, 20170
1695087359, 0, 0, 33, 0, 0, 8138.67, 3, 0, 0, 13.16, 1827, 1137, 7878.91, 20835, 20170
1695087359, 0, 0, 33, 0, 0, 8138.67, 3, 0, 0, 11.14, 1828, 1140, 7878.91, 20835, 20170
1695087360, 0, 0, 33, 0, 0, 8138.67, 3, 0, 0, 14.12, 1830, 1143, 7878.91, 20835, 20170
1695087365, 0, 0, 33, 0, 0, 8138.67, 3, 0, 0, 0.95, 1834, 1144, 7878.91, 20835, 20170
1695087365, 0, 0, 33, 0, 0, 8138.67, 3, 0, 0, 7.77, 1836, 1145, 7878.91, 20835, 20170
1695087366, 0, 0, 33, 0, 0, 8138.67, 3, 0, 0, 5.46, 1837, 1146, 7878.91, 20835, 20170
1695087366, 0, 0, 33, 0, 0, 8138.67, 3, 0, 0, 6.10, 1838, 1147, 7878.91, 20835, 20170
1695087371, 0, 0, 33, 0, 0, 8138.67, 3, 0, 0, 0.90, 1841, 1148, 7878.91, 20835, 20170
1695087376, 0, 0, 33, 0, 0, 8138.67, 3, 0, 0, 0.52, 1843, 1149, 7878.91, 20835, 20170
1695087381, 0, 0, 33, 0, 0, 8138.67, 3, 0, 0, 0.21, 1844, 1149, 7878.91, 20835, 20170
1695087381, 0, 0, 33, 0, 0, 8138.67, 3, 0, 0, 19.61, 1846, 1153, 7878.91, 20835, 20170
1695087401, 0, 0, 33, 0, 0, 8138.67, 3, 0, 0, 0.10, 1848, 1153, 7878.91, 20835, 20170
1695087406, 0, 0, 33, 0, 0, 8138.67, 3, 0, 0, 0.20, 1849, 1153, 7878.91, 20835, 20170
1695087411, 0, 0, 33, 0, 0, 8138.67, 3, 0, 0, 0.41, 1851, 1153, 7878.91, 20835, 20170
1695087417, 0, 0, 33, 0, 0, 8138.67, 3, 0, 0, 0.72, 1853, 1155, 7878.91, 20835, 20170
1695087417, 0, 0, 33, 0, 0, 8138.67, 3, 0, 0, 11.53, 1855, 1157, 7878.91, 20835, 20170
1695087418, 0, 0, 33, 0, 0, 8138.67, 3, 0, 0, 10.08, 1859, 1158, 7878.91, 20835, 20170
1695087423, 0, 0, 33, 0, 0, 8138.67, 3, 0, 0, 0.19, 1860, 1158, 7878.91, 20835, 20170
1695087423, 0, 0, 33, 0, 0, 8138.67, 3, 0, 0, 6.32, 1862, 1159, 7878.91, 20835, 20170
1695087424, 0, 0, 33, 0, 0, 8138.67, 3, 0, 0, 9.06, 1864, 1160, 7878.91, 20835, 20170
1695087424, 0, 0, 33, 0, 0, 8138.67, 3, 0, 0, 12.74, 1866, 1162, 7878.91, 20835, 20170
1695087429, 0, 0, 33, 0, 0, 8138.67, 3, 0, 0, 0.41, 1867, 1163, 7878.91, 20835, 20170
1695087429, 0, 0, 33, 0, 0, 8138.67, 3, 0, 0, 17.65, 1870, 1166, 7878.91, 20835, 20170
1695087434, 0, 0, 33, 0, 0, 8138.67, 3, 0, 0, 1.12, 1873, 1168, 7878.91, 20835, 20170
1695087434, 0, 0, 33, 0, 0, 8138.67, 3, 0, 0, 2.82, 1874, 1168, 7878.91, 20835, 20170
1695087435, 0, 0, 33, 0, 0, 8138.67, 3, 0, 0, 7.75, 1876, 1169, 7878.91, 20835, 20170
1695087439, 0, 0, 33, 0, 0, 8138.67, 3, 0, 0, 0.61, 1879, 1169, 7878.91, 20835, 20170
1695087440, 0, 0, 33, 0, 0, 8138.67, 3, 0, 0, 9.01, 1881, 1170, 7878.91, 20835, 20170
1695087444, 0, 0, 33, 0, 0, 8138.67, 3, 0, 0, 0.23, 1882, 1170, 7878.91, 20835, 20170
1695087445, 0, 0, 33, 0, 0, 8138.67, 3, 0, 0, 2.55, 1883, 1170, 7878.91, 20835, 20170
1695087449, 0, 0, 33, 0, 0, 8138.67, 3, 0, 0, 0.47, 1885, 1170, 7878.91, 20835, 20170
1695087449, 0, 0, 33, 0, 0, 8138.67, 3, 0, 0, 16.13, 1887, 1173, 7878.91, 20835, 20170
1695087450, 0, 0, 33, 0, 0, 8138.67, 3, 0, 0, 7.03, 1888, 1175, 7878.91, 20835, 20170
1695087455, 0, 0, 33, 0, 0, 8138.67, 3, 0, 0, 0.52, 1891, 1175, 7878.91, 20835, 20170
1695087456, 0, 0, 33, 0, 0, 8138.67, 3, 0, 0, 14.71, 1895, 1176, 7878.91, 20835, 20170
1695087456, 0, 0, 33, 0, 0, 8138.67, 3, 0, 0, 8.11, 1896, 1178, 7878.91, 20835, 20170
1695087461, 0, 0, 33, 0, 0, 8138.67, 3, 0, 0, 0.56, 1898, 1179, 7878.91, 20835, 20170
1695087468, 0, 0, 33, 0, 0, 8138.67, 3, 0, 0, 0.32, 1900, 1179, 7878.91, 20835, 20170
1695087476, 0, 0, 33, 0, 0, 8138.67, 3, 0, 0, 0.12, 1901, 1179, 7878.91, 20835, 20170
1695087482, 0, 0, 33, 0, 0, 8138.67, 3, 0, 0, 0.34, 1903, 1179, 7878.91, 20835, 20170
1695087482, 0, 0, 33, 0, 0, 8138.67, 3, 0, 0, 8.62, 1903, 1182, 7878.91, 20835, 20170
1695087482, 0, 0, 33, 0, 0, 8138.67, 3, 0, 0, 16.23, 1906, 1184, 7878.91, 20835, 20170
1695087487, 0, 0, 33, 0, 0, 8138.67, 3, 0, 0, 0.43, 1907, 1185, 7878.91, 20835, 20170
1695087487, 0, 0, 33, 0, 0, 8138.67, 3, 0, 0, 10.47, 1907, 1189, 7878.91, 20835, 20170
1695087492, 0, 0, 33, 0, 0, 8138.67, 3, 0, 0, 0.21, 1908, 1189, 7878.91, 20835, 20170
1695087493, 0, 0, 33, 0, 0, 8138.67, 3, 0, 0, 7.79, 1909, 1191, 7878.91, 20835, 20170
1695087498, 0, 0, 33, 0, 0, 8138.67, 3, 0, 0, 0.20, 1910, 1191, 7878.91, 20835, 20170
1695087498, 0, 0, 33, 0, 0, 8138.67, 3, 0, 0, 9.49, 1911, 1193, 7878.91, 20835, 20170
1695087498, 0, 0, 33, 0, 0, 8138.67, 3, 0, 0, 9.15, 1912, 1195, 7878.91, 20835, 20170
1695087502, 0, 0, 33, 0, 0, 8138.67, 3, 0, 0, 0.49, 1913, 1196, 7878.91, 20835, 20170
1695087503, 0, 0, 33, 0, 0, 8138.67, 3, 0, 0, 9.93, 1916, 1196, 7878.91, 20835, 20170
1695087508, 0, 0, 33, 0, 0, 8138.67, 3, 0, 0, 0.36, 1917, 1197, 7878.91, 20835, 20170
1695087509, 0, 0, 33, 0, 0, 8138.67, 3, 0, 0, 9.24, 1919, 1199, 7878.91, 20835, 20170
1695087509, 0, 0, 33, 0, 0, 8138.67, 3, 0, 0, 14.05, 1922, 1202, 7878.91, 20835, 20170
1695087534, 0, 0, 33, 0, 0, 8138.67, 3, 0, 0, 0.08, 1923, 1203, 7878.91, 20835, 20170
1695087534, 0, 0, 33, 0, 0, 8138.67, 3, 0, 0, 9.59, 1927, 1203, 7878.91, 20835, 20170
1695087540, 0, 0, 33, 0, 0, 8138.67, 3, 0, 0, 0.52, 1929, 1204, 7878.91, 20835, 20170
1695087541, 0, 0, 33, 0, 0, 8138.67, 3, 0, 0, 4.76, 1931, 1205, 7878.91, 20835, 20170
1695087541, 0, 0, 33, 0, 0, 8138.67, 3, 0, 0, 10.75, 1933, 1207, 7878.91, 20835, 20170
1695087541, 0, 0, 33, 0, 0, 8138.67, 3, 0, 0, 6.64, 1934, 1208, 7878.91, 20835, 20170
1695087542, 0, 0, 33, 0, 0, 8138.67, 3, 0, 0, 6.43, 1935, 1209, 7878.91, 20835, 20170
1695087542, 0, 0, 33, 0, 0, 8138.67, 3, 0, 0, 9.97, 1937, 1210, 7878.91, 20835, 20170
1695087548, 0, 0, 33, 0, 0, 8138.67, 3, 0, 0, 0.33, 1939, 1210, 7878.91, 20835, 20170
1695087554, 0, 0, 33, 0, 0, 8138.67, 3, 0, 0, 0.17, 1940, 1210, 7878.91, 20835, 20170
1695087554, 0, 0, 33, 0, 0, 8138.67, 3, 0, 0, 6.98, 1942, 1211, 7878.91, 20835, 20170
1695087559, 0, 0, 33, 0, 0, 8138.67, 3, 0, 0, 0.23, 1943, 1211, 7878.91, 20835, 20170
1695087559, 0, 0, 33, 0, 0, 8138.67, 3, 0, 0, 8.60, 1945, 1212, 7878.91, 20835, 20170
1695087566, 0, 0, 33, 0, 0, 8138.67, 3, 0, 0, 0.29, 1947, 1212, 7878.91, 20835, 20170
1695087567, 0, 0, 33, 0, 0, 8138.67, 3, 0, 0, 6.22, 1950, 1212, 7878.91, 20835, 20170
1695087571, 0, 0, 33, 0, 0, 8138.67, 3, 0, 0, 0.43, 1952, 1212, 7878.91, 20835, 20170
1695087578, 0, 0, 33, 0, 0, 8138.67, 3, 0, 0, 0.31, 1954, 1212, 7878.91, 20835, 20170
1695087583, 0, 0, 33, 0, 0, 8138.67, 3, 0, 0, 0.19, 1955, 1212, 7878.91, 20835, 20170
1695087583, 0, 0, 33, 0, 0, 8138.67, 3, 0, 0, 11.59, 1958, 1213, 7878.91, 20835, 20170
1695087584, 0, 0, 33, 0, 0, 8138.67, 3, 0, 0, 5.67, 1960, 1213, 7878.91, 20835, 20170
1695087584, 0, 0, 33, 0, 0, 8138.67, 3, 0, 0, 8.70, 1962, 1214, 7878.91, 20835, 20170
1695087584, 0, 0, 33, 0, 0, 8138.67, 3, 0, 0, 9.93, 1965, 1214, 7878.91, 20835, 20170
1695087585, 0, 0, 33, 0, 0, 8138.67, 3, 0, 0, 4.76, 1966, 1215, 7878.91, 20835, 20170
1695087589, 0, 0, 33, 0, 0, 8138.67, 3, 0, 0, 0.44, 1968, 1215, 7878.91, 20835, 20170
1695087595, 0, 0, 33, 0, 0, 8138.67, 3, 0, 0, 0.38, 1970, 1215, 7878.91, 20835, 20170
1695087595, 0, 0, 33, 0, 0, 8138.67, 3, 0, 0, 2.73, 1971, 1215, 7878.91, 20835, 20170
1695087595, 0, 0, 33, 0, 0, 8138.67, 3, 0, 0, 13.19, 1975, 1216, 7878.91, 20835, 20170
1695087596, 0, 0, 33, 0, 0, 8138.67, 3, 0, 0, 10.00, 1978, 1217, 7878.91, 20835, 20170
1695087596, 0, 0, 33, 0, 0, 8138.67, 3, 0, 0, 9.73, 1981, 1218, 7878.91, 20835, 20170
1695087597, 0, 0, 33, 0, 0, 8138.67, 3, 0, 0, 7.61, 1982, 1220, 7878.91, 20835, 20170
1695087597, 0, 0, 33, 0, 0, 8138.67, 3, 0, 0, 12.42, 1985, 1221, 7878.91, 20835, 20170
1695087597, 0, 0, 33, 0, 0, 8138.67, 3, 0, 0, 14.49, 1989, 1222, 7878.91, 20835, 20170
1695087604, 0, 0, 33, 0, 0, 8138.67, 3, 0, 0, 0.16, 1990, 1222, 7878.91, 20835, 20170
1695087604, 0, 0, 33, 0, 0, 8138.67, 3, 0, 0, 9.12, 1992, 1223, 7878.91, 20835, 20170
1695087604, 0, 0, 33, 0, 0, 8138.67, 3, 0, 0, 13.33, 1996, 1224, 7878.91, 20835, 20170
1695087610, 0, 0, 33, 0, 0, 8138.67, 3, 0, 0, 0.86, 1999, 1226, 7878.91, 20835, 20170
1695087610, 0, 0, 33, 0, 0, 8138.67, 3, 0, 0, 9.43, 2001, 1227, 7878.91, 20835, 20170
1695087611, 0, 0, 33, 0, 0, 8138.67, 3, 0, 0, 11.14, 2003, 1229, 7878.91, 20835, 20170
1695087618, 0, 0, 33, 0, 0, 8138.67, 3, 0, 0, 0.14, 2004, 1229, 7878.91, 20835, 20170
1695087623, 0, 0, 33, 0, 0, 8138.67, 3, 0, 0, 0.80, 2007, 1230, 7878.91, 20835, 20170
1695087623, 0, 0, 33, 0, 0, 8138.67, 3, 0, 0, 6.17, 2007, 1232, 7878.91, 20835, 20170
1695087634, 0, 0, 33, 0, 0, 8138.67, 3, 0, 0, 0.28, 2009, 1233, 7878.91, 20835, 20170
1695087634, 0, 0, 33, 0, 0, 8138.67, 3, 0, 0, 6.58, 2011, 1233, 7878.91, 20835, 20170
1695087634, 0, 0, 33, 0, 0, 8138.67, 3, 0, 0, 6.13, 2012, 1234, 7878.91, 20835, 20170
1695087635, 0, 0, 33, 0, 0, 8138.67, 3, 0, 0, 10.55, 2016, 1234, 7878.91, 20835, 20170
1695087639, 0, 0, 33, 0, 0, 8138.67, 3, 0, 0, 0.27, 2016, 1235, 7878.91, 20835, 20170
1695087647, 0, 0, 33, 0, 0, 8138.67, 3, 0, 0, 0.35, 2019, 1235, 7878.91, 20835, 20170
1695087653, 0, 0, 33, 0, 0, 8138.67, 3, 0, 0, 0.34, 2021, 1235, 7878.91, 20835, 20170
1695087653, 0, 0, 33, 0, 0, 8138.67, 3, 0, 0, 4.85, 2023, 1235, 7878.91, 20835, 20170
1695087659, 0, 0, 33, 0, 0, 8138.67, 3, 0, 0, 0.54, 2026, 1235, 7878.91, 20835, 20170
1695087659, 0, 0, 33, 0, 0, 8138.67, 3, 0, 0, 4.89, 2027, 1236, 7878.91, 20835, 20170
1695087660, 0, 0, 33, 0, 0, 8138.67, 3, 0, 0, 7.89, 2029, 1237, 7878.91, 20835, 20170
1695087666, 0, 0, 33, 0, 0, 8138.67, 3, 0, 0, 0.35, 2030, 1238, 7878.91, 20835, 20170
1695087671, 0, 0, 33, 0, 0, 8138.67, 3, 0, 0, 0.79, 2032, 1240, 7878.91, 20835, 20170
1695087671, 0, 0, 33, 0, 0, 8138.67, 3, 0, 0, 8.98, 2035, 1240, 7878.91, 20835, 20170
1695087671, 0, 0, 33, 0, 0, 8138.67, 3, 0, 0, 7.83, 2035, 1243, 7878.91, 20835, 20170
1695087672, 0, 0, 33, 0, 0, 8138.67, 3, 0, 0, 3.22, 2036, 1243, 7878.91, 20835, 20170
1695087672, 0, 0, 33, 0, 0, 8138.67, 3, 0, 0, 2.69, 2037, 1244, 7878.91, 20835, 20170
1695087673, 0, 0, 33, 0, 0, 8138.67, 3, 0, 0, 5.87, 2038, 1245, 7878.91, 20835, 20170
1695087679, 0, 0, 33, 0, 0, 8138.67, 3, 0, 0, 0.32, 2040, 1245, 7878.91, 20835, 20170
1695087691, 0, 0, 33, 0, 0, 8138.67, 3, 0, 0, 0.17, 2042, 1245, 7878.91, 20835, 20170
1695087691, 0, 0, 33, 0, 0, 8138.67, 3, 0, 0, 14.97, 2046, 1246, 7878.91, 20835, 20170
1695087692, 0, 0, 33, 0, 0, 8138.67, 3, 0, 0, 12.27, 2046, 1250, 7878.91, 20835, 20170
1695087699, 0, 0, 33, 0, 0, 8138.67, 3, 0, 0, 0.41, 2049, 1250, 7878.91, 20835, 20170
1695087704, 0, 0, 33, 0, 0, 8138.67, 3, 0, 0, 0.56, 2050, 1252, 7878.91, 20835, 20170
1695087705, 0, 0, 33, 0, 0, 8138.67, 3, 0, 0, 9.17, 2052, 1254, 7878.91, 20835, 20170
1695087711, 0, 0, 33, 0, 0, 8138.67, 3, 0, 0, 0.34, 2054, 1254, 7878.91, 20835, 20170
1695087711, 0, 0, 33, 0, 0, 8138.67, 3, 0, 0, 9.74, 2056, 1255, 7878.91, 20835, 20170
1695087711, 0, 0, 33, 0, 0, 8138.67, 3, 0, 0, 7.41, 2057, 1257, 7878.91, 20835, 20170
1695087716, 0, 0, 33, 0, 0, 8138.67, 3, 0, 0, 0.21, 2058, 1257, 7878.91, 20835, 20170
1695087723, 0, 0, 33, 0, 0, 8138.67, 3, 0, 0, 0.14, 2059, 1257, 7878.91, 20835, 20170
1695087724, 0, 0, 33, 0, 0, 8138.67, 3, 0, 0, 5.49, 2061, 1257, 7878.91, 20835, 20170
1695087734, 0, 0, 33, 0, 0, 8138.67, 3, 0, 0, 0.20, 2062, 1258, 7878.91, 20835, 20170
1695087739, 0, 0, 33, 0, 0, 8138.67, 3, 0, 0, 0.17, 2063, 1258, 7878.91, 20835, 20170
1695087746, 0, 0, 33, 0, 0, 8138.67, 3, 0, 0, 0.30, 2065, 1258, 7878.91, 20835, 20170
1695087747, 0, 0, 33, 0, 0, 8138.67, 3, 0, 0, 9.03, 2066, 1261, 7878.91, 20835, 20170
1695087747, 0, 0, 33, 0, 0, 8138.67, 3, 0, 0, 8.90, 2068, 1262, 7878.91, 20835, 20170
1695087747, 0, 0, 33, 0, 0, 8138.67, 3, 0, 0, 7.48, 2069, 1264, 7878.91, 20835, 20170
1695087748, 0, 0, 33, 0, 0, 8138.67, 3, 0, 0, 8.38, 2071, 1265, 7878.91, 20835, 20170
1695087748, 0, 0, 33, 0, 0, 8138.67, 3, 0, 0, 5.70, 2072, 1266, 7878.91, 20835, 20170
1695087753, 0, 0, 33, 0, 0, 8138.67, 3, 0, 0, 0.20, 2073, 1266, 7878.91, 20835, 20170
1695087760, 0, 0, 33, 0, 0, 8138.67, 3, 0, 0, 0.27, 2075, 1266, 7878.91, 20835, 20170
1695087761, 0, 0, 33, 0, 0, 8138.67, 3, 0, 0, 4.42, 2076, 1267, 7878.91, 20835, 20170
1695087761, 0, 0, 33, 0, 0, 8138.67, 3, 0, 0, 13.11, 2078, 1269, 7878.91, 20835, 20170
1695087767, 0, 0, 33, 0, 0, 8138.67, 3, 0, 0, 0.80, 2079, 1273, 7878.91, 20835, 20170
1695087768, 0, 0, 33, 0, 0, 8138.67, 3, 0, 0, 7.39, 2079, 1276, 7878.91, 20835, 20170
1695087768, 0, 0, 33, 0, 0, 8138.67, 3, 0, 0, 5.08, 2081, 1276, 7878.91, 20835, 20170
1695087774, 0, 0, 33, 0, 0, 8138.67, 3, 0, 0, 0.16, 2082, 1276, 7878.91, 20835, 20170
1695087775, 0, 0, 33, 0, 0, 8138.67, 3, 0, 0, 9.23, 2084, 1277, 7878.91, 20835, 20170
1695087775, 0, 0, 33, 0, 0, 8138.67, 3, 0, 0, 8.00, 2087, 1278, 7878.91, 20835, 20170
1695087782, 0, 0, 33, 0, 0, 8138.67, 3, 0, 0, 0.29, 2089, 1278, 7878.91, 20835, 20170
1695087783, 0, 0, 33, 0, 0, 8138.67, 3, 0, 0, 7.75, 2092, 1278, 7878.91, 20835, 20170
1695087783, 0, 0, 33, 0, 0, 8138.67, 3, 0, 0, 8.26, 2094, 1279, 7878.91, 20835, 20170
1695087783, 0, 0, 33, 0, 0, 8138.67, 3, 0, 0, 8.18, 2096, 1281, 7878.91, 20835, 20170
1695087784, 0, 0, 33, 0, 0, 8138.67, 3, 0, 0, 6.67, 2098, 1281, 7878.91, 20835, 20170
1695087793, 0, 0, 33, 0, 0, 8138.67, 3, 0, 0, 0.42, 2099, 1284, 7878.91, 20835, 20170
1695087799, 0, 0, 33, 0, 0, 8138.67, 3, 0, 0, 0.18, 2100, 1284, 7878.91, 20835, 20170
1695087805, 0, 0, 33, 0, 0, 8138.67, 3, 0, 0, 0.34, 2102, 1284, 7878.91, 20835, 20170
1695087805, 0, 0, 33, 0, 0, 8138.67, 3, 0, 0, 15.87, 2103, 1288, 7878.91, 20835, 20170
1695087805, 0, 0, 33, 0, 0, 8138.67, 3, 0, 0, 8.57, 2105, 1289, 7878.91, 20835, 20170
1695087806, 0, 0, 33, 0, 0, 8138.67, 3, 0, 0, 4.73, 2106, 1290, 7878.91, 20835, 20170
1695087806, 0, 0, 33, 0, 0, 8138.67, 3, 0, 0, 6.45, 2108, 1290, 7878.91, 20835, 20170
1695087806, 0, 0, 33, 0, 0, 8138.67, 3, 0, 0, 6.67, 2110, 1291, 7878.91, 20835, 20170
1695087813, 0, 0, 33, 0, 0, 8138.67, 3, 0, 0, 0.31, 2112, 1291, 7878.91, 20835, 20170
1695087813, 0, 0, 33, 0, 0, 8138.67, 3, 0, 0, 7.19, 2114, 1292, 7878.91, 20835, 20170
1695087832, 0, 0, 33, 0, 0, 8138.67, 3, 0, 0, 0.10, 2115, 1293, 7878.91, 20835, 20170
1695087833, 0, 0, 33, 0, 0, 8138.67, 3, 0, 0, 8.38, 2117, 1294, 7878.91, 20835, 20170
1695087833, 0, 0, 33, 0, 0, 8138.67, 3, 0, 0, 9.80, 2118, 1296, 7878.91, 20835, 20170
1695087839, 0, 0, 33, 0, 0, 8138.67, 3, 0, 0, 0.36, 2119, 1297, 7878.91, 20835, 20170
1695087845, 0, 0, 33, 0, 0, 8138.67, 3, 0, 0, 0.46, 2121, 1298, 7878.91, 20835, 20170
1695087846, 0, 0, 33, 0, 0, 8138.67, 3, 0, 0, 7.65, 2122, 1300, 7878.91, 20835, 20170
1695087851, 0, 0, 33, 0, 0, 8138.67, 3, 0, 0, 0.20, 2123, 1300, 7878.91, 20835, 20170
1695087851, 0, 0, 33, 0, 0, 8138.67, 3, 0, 0, 4.90, 2124, 1301, 7878.91, 20835, 20170
1695087857, 0, 0, 33, 0, 0, 8138.67, 3, 0, 0, 0.33, 2125, 1302, 7878.91, 20835, 20170
1695087858, 0, 0, 33, 0, 0, 8138.67, 3, 0, 0, 10.84, 2128, 1303, 7878.91, 20835, 20170
1695087858, 0, 0, 33, 0, 0, 8138.67, 3, 0, 0, 12.82, 2131, 1304, 7878.91, 20835, 20170
1695087858, 0, 0, 33, 0, 0, 8138.67, 3, 0, 0, 9.55, 2133, 1306, 7878.91, 20835, 20170
1695087859, 0, 0, 33, 0, 0, 8138.67, 3, 0, 0, 12.92, 2134, 1310, 7878.91, 20835, 20170
1695087859, 0, 0, 33, 0, 0, 8138.67, 3, 0, 0, 5.93, 2135, 1311, 7878.91, 20835, 20170
1695087865, 0, 0, 33, 0, 0, 8138.67, 3, 0, 0, 0.16, 2136, 1311, 7878.91, 20835, 20170
1695087871, 0, 0, 33, 0, 0, 8138.67, 3, 0, 0, 0.68, 2139, 1312, 7878.91, 20835, 20170
1695087871, 0, 0, 33, 0, 0, 8138.67, 3, 0, 0, 5.05, 2140, 1313, 7878.91, 20835, 20170
1695087872, 0, 0, 33, 0, 0, 8138.67, 3, 0, 0, 6.02, 2141, 1314, 7878.91, 20835, 20170
1695087872, 0, 0, 33, 0, 0, 8138.67, 3, 0, 0, 3.62, 2141, 1316, 7878.91, 20835, 20170
1695087873, 0, 0, 33, 0, 0, 8138.67, 3, 0, 0, 5.15, 2143, 1316, 7878.91, 20835, 20170
1695087880, 0, 0, 33, 0, 0, 8138.67, 3, 0, 0, 0.14, 2144, 1316, 7878.91, 20835, 20170
1695087880, 0, 0, 33, 0, 0, 8138.67, 3, 0, 0, 3.00, 2145, 1316, 7878.91, 20835, 20170
1695087881, 0, 0, 33, 0, 0, 8138.67, 3, 0, 0, 4.75, 2146, 1317, 7878.91, 20835, 20170
1695087881, 0, 0, 33, 0, 0, 8138.67, 3, 0, 0, 11.19, 2148, 1320, 7878.91, 20835, 20170
1695087882, 0, 0, 33, 0, 0, 8138.67, 3, 0, 0, 7.41, 2150, 1321, 7878.91, 20835, 20170
1695087882, 0, 0, 33, 0, 0, 8138.67, 3, 0, 0, 6.86, 2152, 1322, 7878.91, 20835, 20170
1695087882, 0, 0, 33, 0, 0, 8138.67, 3, 0, 0, 6.62, 2154, 1322, 7878.91, 20835, 20170
1695087883, 0, 0, 33, 0, 0, 8138.67, 3, 0, 0, 9.65, 2156, 1323, 7878.91, 20835, 20170
1695087892, 0, 0, 33, 0, 0, 8138.67, 3, 0, 0, 0.11, 2157, 1323, 7878.91, 20835, 20170
1695087898, 0, 0, 33, 0, 0, 8138.67, 3, 0, 0, 0.17, 2158, 1323, 7878.91, 20835, 20170
1695087898, 0, 0, 33, 0, 0, 8138.67, 3, 0, 0, 2.95, 2159, 1323, 7878.91, 20835, 20170
1695087898, 0, 0, 33, 0, 0, 8138.67, 3, 0, 0, 7.94, 2160, 1325, 7878.91, 20835, 20170
1695087903, 0, 0, 33, 0, 0, 8138.67, 3, 0, 0, 0.19, 2161, 1325, 7878.91, 20835, 20170
1695087904, 0, 0, 33, 0, 0, 8138.67, 3, 0, 0, 2.35, 2162, 1325, 7878.91, 20835, 20170
1695087904, 0, 0, 33, 0, 0, 8138.67, 3, 0, 0, 4.21, 2163, 1326, 7878.91, 20835, 20170
1695087910, 0, 0, 33, 0, 0, 8138.67, 3, 0, 0, 0.17, 2164, 1326, 7878.91, 20835, 20170
1695087911, 0, 0, 33, 0, 0, 8138.67, 3, 0, 0, 7.73, 2165, 1328, 7878.91, 20835, 20170
1695087917, 0, 0, 33, 0, 0, 8138.67, 3, 0, 0, 0.15, 2166, 1328, 7878.91, 20835, 20170
1695087918, 0, 0, 33, 0, 0, 8138.67, 3, 0, 0, 10.82, 2169, 1330, 7878.91, 20835, 20170
1695087918, 0, 0, 33, 0, 0, 8138.67, 3, 0, 0, 12.78, 2172, 1331, 7878.91, 20835, 20170
1695087919, 0, 0, 33, 0, 0, 8138.67, 3, 0, 0, 11.76, 2175, 1332, 7878.91, 20835, 20170
1695087919, 0, 0, 33, 0, 0, 8138.67, 3, 0, 0, 8.29, 2177, 1333, 7878.91, 20835, 20170
1695087919, 0, 0, 33, 0, 0, 8138.67, 3, 0, 0, 3.28, 2178, 1333, 7878.91, 20835, 20170
1695087920, 0, 0, 33, 0, 0, 8138.67, 3, 0, 0, 9.73, 2180, 1335, 7878.91, 20835, 20170
1695087920, 0, 0, 33, 0, 0, 8138.67, 3, 0, 0, 6.39, 2180, 1337, 7878.91, 20835, 20170
1695087920, 0, 0, 33, 0, 0, 8138.67, 3, 0, 0, 4.99, 2182, 1337, 7878.91, 20835, 20170
1695087921, 0, 0, 33, 0, 0, 8138.67, 3, 0, 0, 7.41, 2184, 1338, 7878.91, 20835, 20170
1695087925, 0, 0, 33, 0, 0, 8138.67, 3, 0, 0, 0.43, 2185, 1339, 7878.91, 20835, 20170
1695087926, 0, 0, 33, 0, 0, 8138.67, 3, 0, 0, 6.17, 2186, 1340, 7878.91, 20835, 20170
1695087926, 0, 0, 33, 0, 0, 8138.67, 3, 0, 0, 3.87, 2188, 1341, 7878.91, 20835, 20170
1695087927, 0, 0, 33, 0, 0, 8138.67, 3, 0, 0, 7.73, 2190, 1342, 7878.91, 20835, 20170
1695087927, 0, 0, 33, 0, 0, 8138.67, 3, 0, 0, 4.86, 2191, 1344, 7878.91, 20835, 20170
1695087933, 0, 0, 33, 0, 0, 8138.67, 3, 0, 0, 0.39, 2193, 1344, 7878.91, 20835, 20170
1695087933, 0, 0, 33, 0, 0, 8138.67, 3, 0, 0, 7.06, 2195, 1345, 7878.91, 20835, 20170
1695087938, 0, 0, 33, 0, 0, 8138.67, 3, 0, 0, 0.74, 2197, 1347, 7878.91, 20835, 20170
1695087947, 0, 0, 33, 0, 0, 8138.67, 3, 0, 0, 0.24, 2198, 1348, 7878.91, 20835, 20170
1695087947, 0, 0, 33, 0, 0, 8138.67, 3, 0, 0, 5.24, 2200, 1348, 7878.91, 20835, 20170
1695087948, 0, 0, 33, 0, 0, 8138.67, 3, 0, 0, 6.47, 2200, 1350, 7878.91, 20835, 20170
1695087948, 0, 0, 33, 0, 0, 8138.67, 3, 0, 0, 5.76, 2201, 1351, 7878.91, 20835, 20170
1695087953, 0, 0, 33, 0, 0, 8138.67, 3, 0, 0, 0.19, 2202, 1351, 7878.91, 20835, 20170
1695087954, 0, 0, 33, 0, 0, 8138.67, 3, 0, 0, 2.81, 2202, 1352, 7878.91, 20835, 20170
1695087954, 0, 0, 33, 0, 0, 8138.67, 3, 0, 0, 8.45, 2205, 1352, 7878.91, 20835, 20170
1695087963, 0, 0, 33, 0, 0, 8138.67, 3, 0, 0, 0.23, 2207, 1352, 7878.91, 20835, 20170
1695087963, 0, 0, 33, 0, 0, 8138.67, 3, 0, 0, 6.80, 2210, 1352, 7878.91, 20835, 20170
1695087979, 0, 0, 33, 0, 0, 8138.67, 3, 0, 0, 0.06, 2211, 1352, 7878.91, 20835, 20170
1695087984, 0, 0, 33, 0, 0, 8138.67, 3, 0, 0, 0.77, 2214, 1353, 7878.91, 20835, 20170
1695087996, 0, 0, 33, 0, 0, 8138.67, 3, 0, 0, 0.17, 2215, 1354, 7878.91, 20835, 20170
1695087997, 0, 0, 33, 0, 0, 8138.67, 3, 0, 0, 6.08, 2215, 1356, 7878.91, 20835, 20170
1695087997, 0, 0, 33, 0, 0, 8138.67, 3, 0, 0, 2.27, 2216, 1356, 7878.91, 20835, 20170
1695087997, 0, 0, 33, 0, 0, 8138.67, 3, 0, 0, 3.00, 2217, 1356, 7878.91, 20835, 20170
1695087998, 0, 0, 33, 0, 0, 8138.67, 3, 0, 0, 6.86, 2218, 1358, 7878.91, 20835, 20170
1695087998, 0, 0, 33, 0, 0, 8138.67, 3, 0, 0, 7.65, 2219, 1360, 7878.91, 20835, 20170
1695088003, 0, 0, 33, 0, 0, 8138.67, 3, 0, 0, 0.21, 2220, 1360, 7878.91, 20835, 20170
1695088003, 0, 0, 33, 0, 0, 8138.67, 3, 0, 0, 5.75, 2221, 1361, 7878.91, 20835, 20170
1695088004, 0, 0, 33, 0, 0, 8138.67, 3, 0, 0, 3.99, 2223, 1361, 7878.91, 20835, 20170
1695088004, 0, 0, 33, 0, 0, 8138.67, 3, 0, 0, 8.17, 2225, 1362, 7878.91, 20835, 20170
1695088011, 0, 0, 33, 0, 0, 8138.67, 3, 0, 0, 0.32, 2226, 1363, 7878.91, 20835, 20170
1695088019, 0, 0, 33, 0, 0, 8138.67, 3, 0, 0, 0.48, 2227, 1366, 7878.91, 20835, 20170
1695088019, 0, 0, 33, 0, 0, 8138.67, 3, 0, 0, 5.68, 2228, 1367, 7878.91, 20835, 20170
1695088020, 0, 0, 33, 0, 0, 8138.67, 3, 0, 0, 5.89, 2229, 1369, 7878.91, 20835, 20170
1695088020, 0, 0, 33, 0, 0, 8138.67, 3, 0, 0, 5.98, 2230, 1371, 7878.91, 20835, 20170
1695088021, 0, 0, 33, 0, 0, 8138.67, 3, 0, 0, 7.33, 2231, 1373, 7878.91, 20835, 20170
1695088021, 0, 0, 33, 0, 0, 8138.67, 3, 0, 0, 5.90, 2232, 1374, 7878.91, 20835, 20170
1695088046, 0, 0, 33, 0, 0, 8138.67, 3, 0, 0, 0.08, 2234, 1374, 7878.91, 20835, 20170
1695088052, 0, 0, 33, 0, 0, 8138.67, 3, 0, 0, 0.16, 2235, 1374, 7878.91, 20835, 20170
1695088052, 0, 0, 33, 0, 0, 8138.67, 3, 0, 0, 4.49, 2236, 1375, 7878.91, 20835, 20170
1695088060, 0, 0, 33, 0, 0, 8138.67, 3, 0, 0, 0.13, 2237, 1375, 7878.91, 20835, 20170
1695088060, 0, 0, 33, 0, 0, 8138.67, 3, 0, 0, 9.48, 2239, 1377, 7878.91, 20835, 20170
1695088061, 0, 0, 33, 0, 0, 8138.67, 3, 0, 0, 11.40, 2242, 1378, 7878.91, 20835, 20170
1695088061, 0, 0, 33, 0, 0, 8138.67, 3, 0, 0, 11.87, 2245, 1379, 7878.91, 20835, 20170
1695088068, 0, 0, 33, 0, 0, 8138.67, 3, 0, 0, 0.45, 2247, 1380, 7878.91, 20835, 20170
1695088074, 0, 0, 33, 0, 0, 8138.67, 3, 0, 0, 0.29, 2248, 1381, 7878.91, 20835, 20170
1695088075, 0, 0, 33, 0, 0, 8138.67, 3, 0, 0, 2.79, 2249, 1381, 7878.91, 20835, 20170
1695088075, 0, 0, 33, 0, 0, 8138.67, 3, 0, 0, 6.21, 2251, 1381, 7878.91, 20835, 20170
1695088076, 0, 0, 33, 0, 0, 8138.67, 3, 0, 0, 4.78, 2253, 1381, 7878.91, 20835, 20170
1695088079, 0, 0, 33, 0, 0, 8138.67, 3, 0, 0, 0.52, 2253, 1383, 7878.91, 20835, 20170
1695088085, 0, 0, 33, 0, 0, 8138.67, 3, 0, 0, 0.34, 2255, 1383, 7878.91, 20835, 20170
1695088086, 0, 0, 33, 0, 0, 8138.67, 3, 0, 0, 6.35, 2256, 1384, 7878.91, 20835, 20170
1695088086, 0, 0, 33, 0, 0, 8138.67, 3, 0, 0, 4.30, 2257, 1385, 7878.91, 20835, 20170
1695088086, 0, 0, 33, 0, 0, 8138.67, 3, 0, 0, 11.24, 2259, 1387, 7878.91, 20835, 20170
1695088087, 0, 0, 33, 0, 0, 8138.67, 3, 0, 0, 10.13, 2261, 1389, 7878.91, 20835, 20170
1695088087, 0, 0, 33, 0, 0, 8138.67, 3, 0, 0, 3.66, 2261, 1391, 7878.91, 20835, 20170
1695088088, 0, 0, 33, 0, 0, 8138.67, 3, 0, 0, 2.99, 2261, 1392, 7878.91, 20835, 20170
1695088088, 0, 0, 33, 0, 0, 8138.67, 3, 0, 0, 2.67, 2261, 1393, 7878.91, 20835, 20170
1695088089, 0, 0, 33, 0, 0, 8138.67, 3, 0, 0, 7.63, 2264, 1393, 7878.91, 20835, 20170
1695088089, 0, 0, 33, 0, 0, 8138.67, 3, 0, 0, 6.31, 2264, 1395, 7878.91, 20835, 20170
1695088089, 0, 0, 33, 0, 0, 8138.67, 3, 0, 0, 6.17, 2264, 1397, 7878.91, 20835, 20170
1695088090, 0, 0, 33, 0, 0, 8138.67, 3, 0, 0, 5.36, 2265, 1398, 7878.91, 20835, 20170
1695088095, 0, 0, 33, 0, 0, 8138.67, 3, 0, 0, 0.68, 2269, 1398, 7878.91, 20835, 20170
1695088102, 0, 0, 33, 0, 0, 8138.67, 3, 0, 0, 0.46, 2271, 1399, 7878.91, 20835, 20170
1695088114, 0, 0, 33, 0, 0, 8138.67, 3, 0, 0, 0.17, 2273, 1399, 7878.91, 20835, 20170
1695088115, 0, 0, 33, 0, 0, 8138.67, 3, 0, 0, 3.36, 2274, 1400, 7878.91, 20835, 20170
1695088115, 0, 0, 33, 0, 0, 8138.67, 3, 0, 0, 5.31, 2275, 1401, 7878.91, 20835, 20170
1695088120, 0, 0, 33, 0, 0, 8138.67, 3, 0, 0, 0.19, 2276, 1401, 7878.91, 20835, 20170
1695088121, 0, 0, 33, 0, 0, 8138.67, 3, 0, 0, 4.49, 2276, 1403, 7878.91, 20835, 20170
1695088121, 0, 0, 33, 0, 0, 8138.67, 3, 0, 0, 5.63, 2278, 1403, 7878.91, 20835, 20170
1695088121, 0, 0, 33, 0, 0, 8138.67, 3, 0, 0, 6.02, 2279, 1404, 7878.91, 20835, 20170
1695088128, 0, 0, 33, 0, 0, 8138.67, 3, 0, 0, 0.33, 2281, 1404, 7878.91, 20835, 20170
1695088136, 0, 0, 33, 0, 0, 8138.67, 3, 0, 0, 0.35, 2284, 1404, 7878.91, 20835, 20170
1695088137, 0, 0, 33, 0, 0, 8138.67, 3, 0, 0, 4.47, 2284, 1406, 7878.91, 20835, 20170
1695088137, 0, 0, 33, 0, 0, 8138.67, 3, 0, 0, 2.39, 2285, 1406, 7878.91, 20835, 20170
1695088137, 0, 0, 33, 0, 0, 8138.67, 3, 0, 0, 10.26, 2289, 1406, 7878.91, 20835, 20170
1695088138, 0, 0, 33, 0, 0, 8138.67, 3, 0, 0, 5.66, 2292, 1406, 7878.91, 20835, 20170
1695088144, 0, 0, 33, 0, 0, 8138.67, 3, 0, 0, 0.36, 2293, 1407, 7878.91, 20835, 20170
1695088144, 0, 0, 33, 0, 0, 8138.67, 3, 0, 0, 5.39, 2295, 1407, 7878.91, 20835, 20170
1695088144, 0, 0, 33, 0, 0, 8138.67, 3, 0, 0, 8.17, 2297, 1408, 7878.91, 20835, 20170
1695088152, 0, 0, 33, 0, 0, 8138.67, 3, 0, 0, 0.26, 2299, 1408, 7878.91, 20835, 20170
1695088152, 0, 0, 33, 0, 0, 8138.67, 3, 0, 0, 5.93, 2299, 1410, 7878.91, 20835, 20170
1695088153, 0, 0, 33, 0, 0, 8138.67, 3, 0, 0, 6.94, 2300, 1412, 7878.91, 20835, 20170
1695088153, 0, 0, 33, 0, 0, 8138.67, 3, 0, 0, 12.78, 2302, 1414, 7878.91, 20835, 20170
1695088154, 0, 0, 33, 0, 0, 8138.67, 3, 0, 0, 9.88, 2304, 1416, 7878.91, 20835, 20170
1695088154, 0, 0, 33, 0, 0, 8138.67, 3, 0, 0, 5.08, 2306, 1417, 7878.91, 20835, 20170
1695088154, 0, 0, 33, 0, 0, 8138.67, 3, 0, 0, 9.90, 2309, 1417, 7878.91, 20835, 20170
1695088155, 0, 0, 33, 0, 0, 8138.67, 3, 0, 0, 2.58, 2311, 1417, 7878.91, 20835, 20170
1695088156, 0, 0, 33, 0, 0, 8138.67, 3, 0, 0, 12.46, 2313, 1419, 7878.91, 20835, 20170
1695088160, 0, 0, 33, 0, 0, 8138.67, 3, 0, 0, 0.20, 2314, 1419, 7878.91, 20835, 20170
1695088161, 0, 0, 33, 0, 0, 8138.67, 3, 0, 0, 10.78, 2316, 1421, 7878.91, 20835, 20170
1695088169, 0, 0, 33, 0, 0, 8138.67, 3, 0, 0, 0.49, 2319, 1422, 7878.91, 20835, 20170
1695088169, 0, 0, 33, 0, 0, 8138.67, 3, 0, 0, 7.08, 2322, 1422, 7878.91, 20835, 20170
1695088170, 0, 0, 33, 0, 0, 8138.67, 3, 0, 0, 5.04, 2323, 1423, 7878.91, 20835, 20170
1695088170, 0, 0, 33, 0, 0, 8138.67, 3, 0, 0, 3.66, 2324, 1424, 7878.91, 20835, 20170
1695088171, 0, 0, 33, 0, 0, 8138.67, 3, 0, 0, 6.39, 2326, 1424, 7878.91, 20835, 20170
1695088187, 0, 0, 33, 0, 0, 8138.67, 3, 0, 0, 0.18, 2328, 1425, 7878.91, 20835, 20170
1695088187, 0, 0, 33, 0, 0, 8138.67, 3, 0, 0, 6.12, 2329, 1426, 7878.91, 20835, 20170
1695088188, 0, 0, 33, 0, 0, 8138.67, 3, 0, 0, 5.63, 2330, 1427, 7878.91, 20835, 20170
1695088195, 0, 0, 33, 0, 0, 8138.67, 3, 0, 0, 0.27, 2331, 1428, 7878.91, 20835, 20170
1695088201, 0, 0, 33, 0, 0, 8138.67, 3, 0, 0, 0.67, 2333, 1430, 7878.91, 20835, 20170
1695088201, 0, 0, 33, 0, 0, 8138.67, 3, 0, 0, 5.93, 2335, 1430, 7878.91, 20835, 20170
1695088202, 0, 0, 33, 0, 0, 8138.67, 3, 0, 0, 6.62, 2337, 1431, 7878.91, 20835, 20170
1695088202, 0, 0, 33, 0, 0, 8138.67, 3, 0, 0, 6.25, 2339, 1431, 7878.91, 20835, 20170
1695088208, 0, 0, 33, 0, 0, 8138.67, 3, 0, 0, 0.34, 2340, 1432, 7878.91, 20835, 20170
1695088209, 0, 0, 33, 0, 0, 8138.67, 3, 0, 0, 3.66, 2341, 1433, 7878.91, 20835, 20170
1695088216, 0, 0, 33, 0, 0, 8138.67, 3, 0, 0, 0.44, 2344, 1433, 7878.91, 20835, 20170
1695088216, 0, 0, 33, 0, 0, 8138.67, 3, 0, 0, 3.06, 2346, 1433, 7878.91, 20835, 20170
1695088216, 0, 0, 33, 0, 0, 8138.67, 3, 0, 0, 6.45, 2347, 1434, 7878.91, 20835, 20170
1695088217, 0, 0, 33, 0, 0, 8138.67, 3, 0, 0, 5.50, 2349, 1435, 7878.91, 20835, 20170
1695088217, 0, 0, 33, 0, 0, 8138.67, 3, 0, 0, 4.98, 2351, 1435, 7878.91, 20835, 20170
1695088238, 0, 0, 33, 0, 0, 8138.67, 3, 0, 0, 0.05, 2352, 1435, 7878.91, 20835, 20170
1695088238, 0, 0, 33, 0, 0, 8138.67, 3, 0, 0, 6.99, 2354, 1436, 7878.91, 20835, 20170
1695088239, 0, 0, 33, 0, 0, 8138.67, 3, 0, 0, 2.59, 2355, 1436, 7878.91, 20835, 20170
1695088244, 0, 0, 33, 0, 0, 8138.67, 3, 0, 0, 0.38, 2356, 1437, 7878.91, 20835, 20170
1695088252, 0, 0, 33, 0, 0, 8138.67, 3, 0, 0, 0.50, 2358, 1439, 7878.91, 20835, 20170
1695088252, 0, 0, 33, 0, 0, 8138.67, 3, 0, 0, 5.01, 2358, 1441, 7878.91, 20835, 20170
1695088253, 0, 0, 33, 0, 0, 8138.67, 3, 0, 0, 6.11, 2359, 1443, 7878.91, 20835, 20170
1695088258, 0, 0, 33, 0, 0, 8138.67, 3, 0, 0, 0.57, 2360, 1445, 7878.91, 20835, 20170
1695088258, 0, 0, 33, 0, 0, 8138.67, 3, 0, 0, 5.35, 2361, 1446, 7878.91, 20835, 20170
1695088259, 0, 0, 33, 0, 0, 8138.67, 3, 0, 0, 6.17, 2362, 1447, 7878.91, 20835, 20170
1695088265, 0, 0, 33, 0, 0, 8138.67, 3, 0, 0, 0.16, 2363, 1447, 7878.91, 20835, 20170
1695088269, 0, 0, 33, 0, 0, 8138.67, 3, 0, 0, 0.46, 2365, 1447, 7878.91, 20835, 20170
1695088270, 0, 0, 33, 0, 0, 8138.67, 3, 0, 0, 9.68, 2368, 1447, 7878.91, 20835, 20170
1695088270, 0, 0, 33, 0, 0, 8138.67, 3, 0, 0, 2.60, 2369, 1447, 7878.91, 20835, 20170
1695088270, 0, 0, 33, 0, 0, 8138.67, 3, 0, 0, 5.67, 2371, 1447, 7878.91, 20835, 20170
1695088271, 0, 0, 33, 0, 0, 8138.67, 3, 0, 0, 2.62, 2371, 1448, 7878.91, 20835, 20170
1695088275, 0, 0, 33, 0, 0, 8138.67, 3, 0, 0, 0.23, 2372, 1448, 7878.91, 20835, 20170
1695088276, 0, 0, 33, 0, 0, 8138.67, 3, 0, 0, 6.56, 2374, 1448, 7878.91, 20835, 20170
1695088281, 0, 0, 33, 0, 0, 8138.67, 3, 0, 0, 0.17, 2375, 1448, 7878.91, 20835, 20170
1695088282, 0, 0, 33, 0, 0, 8138.67, 3, 0, 0, 8.22, 2377, 1449, 7878.91, 20835, 20170
1695088282, 0, 0, 33, 0, 0, 8138.67, 3, 0, 0, 6.45, 2378, 1450, 7878.91, 20835, 20170
1695088282, 0, 0, 33, 0, 0, 8138.67, 3, 0, 0, 6.33, 2379, 1451, 7878.91, 20835, 20170
1695088283, 0, 0, 33, 0, 0, 8138.67, 3, 0, 0, 4.84, 2381, 1451, 7878.91, 20835, 20170
1695088283, 0, 0, 33, 0, 0, 8138.67, 3, 0, 0, 1.82, 2382, 1451, 7878.91, 20835, 20170
1695088284, 0, 0, 33, 0, 0, 8138.67, 3, 0, 0, 5.92, 2383, 1452, 7878.91, 20835, 20170
1695088290, 0, 0, 33, 0, 0, 8138.67, 3, 0, 0, 0.34, 2384, 1453, 7878.91, 20835, 20170
1695088290, 0, 0, 33, 0, 0, 8138.67, 3, 0, 0, 3.40, 2385, 1454, 7878.91, 20835, 20170
1695088295, 0, 0, 33, 0, 0, 8138.67, 3, 0, 0, 0.39, 2387, 1454, 7878.91, 20835, 20170
1695088302, 0, 0, 33, 0, 0, 8138.67, 3, 0, 0, 0.15, 2388, 1454, 7878.91, 20835, 20170
1695088302, 0, 0, 33, 0, 0, 8138.67, 3, 0, 0, 4.23, 2389, 1455, 7878.91, 20835, 20170
1695088303, 0, 0, 33, 0, 0, 8138.67, 3, 0, 0, 3.28, 2390, 1455, 7878.91, 20835, 20170
1695088303, 0, 0, 33, 0, 0, 8138.67, 3, 0, 0, 7.73, 2392, 1456, 7878.91, 20835, 20170
1695088303, 0, 0, 33, 0, 0, 8138.67, 3, 0, 0, 11.59, 2395, 1457, 7878.91, 20835, 20170
1695088304, 0, 0, 33, 0, 0, 8138.67, 3, 0, 0, 6.62, 2396, 1458, 7878.91, 20835, 20170
1695088304, 0, 0, 33, 0, 0, 8138.67, 3, 0, 0, 5.80, 2398, 1458, 7878.91, 20835, 20170
1695088305, 0, 0, 33, 0, 0, 8138.67, 3, 0, 0, 6.21, 2400, 1459, 7878.91, 20835, 20170
1695088305, 0, 0, 33, 0, 0, 8138.67, 3, 0, 0, 6.38, 2401, 1461, 7878.91, 20835, 20170
1695088306, 0, 0, 33, 0, 0, 8138.67, 3, 0, 0, 6.64, 2403, 1462, 7878.91, 20835, 20170
1695088306, 0, 0, 33, 0, 0, 8138.67, 3, 0, 0, 4.88, 2404, 1463, 7878.91, 20835, 20170
1695088306, 0, 0, 33, 0, 0, 8138.67, 3, 0, 0, 2.97, 2405, 1463, 7878.91, 20835, 20170
1695088312, 0, 0, 33, 0, 0, 8138.67, 3, 0, 0, 0.36, 2406, 1464, 7878.91, 20835, 20170
1695088312, 0, 0, 33, 0, 0, 8138.67, 3, 0, 0, 8.20, 2407, 1466, 7878.91, 20835, 20170
1695088313, 0, 0, 33, 0, 0, 8138.67, 3, 0, 0, 7.98, 2410, 1466, 7878.91, 20835, 20170
1695088313, 0, 0, 33, 0, 0, 8138.67, 3, 0, 0, 4.66, 2411, 1467, 7878.91, 20835, 20170
1695088313, 0, 0, 33, 0, 0, 8138.67, 3, 0, 0, 7.85, 2414, 1467, 7878.91, 20835, 20170
1695088318, 0, 0, 33, 0, 0, 8138.67, 3, 0, 0, 0.82, 2418, 1467, 7878.91, 20835, 20170
1695088319, 0, 0, 33, 0, 0, 8138.67, 3, 0, 0, 7.98, 2421, 1467, 7878.91, 20835, 20170
1695088319, 0, 0, 33, 0, 0, 8138.67, 3, 0, 0, 5.36, 2422, 1468, 7878.91, 20835, 20170
1695088319, 0, 0, 33, 0, 0, 8138.67, 3, 0, 0, 6.67, 2423, 1469, 7878.91, 20835, 20170
1695088320, 0, 0, 33, 0, 0, 8138.67, 3, 0, 0, 5.78, 2425, 1469, 7878.91, 20835, 20170
1695088331, 0, 0, 33, 0, 0, 8138.67, 3, 0, 0, 0.09, 2426, 1469, 7878.91, 20835, 20170
1695088336, 0, 0, 33, 0, 0, 8138.67, 3, 0, 0, 0.37, 2428, 1469, 7878.91, 20835, 20170
1695088336, 0, 0, 33, 0, 0, 8138.67, 3, 0, 0, 6.33, 2430, 1469, 7878.91, 20835, 20170
1695088337, 0, 0, 33, 0, 0, 8138.67, 3, 0, 0, 7.91, 2432, 1471, 7878.91, 20835, 20170
1695088337, 0, 0, 33, 0, 0, 8138.67, 3, 0, 0, 6.32, 2435, 1471, 7878.91, 20835, 20170
1695088338, 0, 0, 33, 0, 0, 8138.67, 3, 0, 0, 5.21, 2437, 1471, 7878.91, 20835, 20170
1695088338, 0, 0, 33, 0, 0, 8138.67, 3, 0, 0, 4.64, 2437, 1473, 7878.91, 20835, 20170
1695088343, 0, 0, 33, 0, 0, 8138.67, 3, 0, 0, 0.19, 2438, 1473, 7878.91, 20835, 20170
1695088344, 0, 0, 33, 0, 0, 8138.67, 3, 0, 0, 5.95, 2439, 1475, 7878.91, 20835, 20170
1695088344, 0, 0, 33, 0, 0, 8138.67, 3, 0, 0, 3.28, 2440, 1475, 7878.91, 20835, 20170
1695088345, 0, 0, 33, 0, 0, 8138.67, 3, 0, 0, 3.69, 2441, 1476, 7878.91, 20835, 20170
1695088345, 0, 0, 33, 0, 0, 8138.67, 3, 0, 0, 2.42, 2442, 1476, 7878.91, 20835, 20170
1695088345, 0, 0, 33, 0, 0, 8138.67, 3, 0, 0, 3.04, 2443, 1476, 7878.91, 20835, 20170
1695088346, 0, 0, 33, 0, 0, 8138.67, 3, 0, 0, 4.81, 2444, 1477, 7878.91, 20835, 20170
1695088346, 0, 0, 33, 0, 0, 8138.67, 3, 0, 0, 5.24, 2446, 1477, 7878.91, 20835, 20170
1695088347, 0, 0, 33, 0, 0, 8138.67, 3, 0, 0, 2.98, 2447, 1478, 7878.91, 20835, 20170
1695088347, 0, 0, 33, 0, 0, 8138.67, 3, 0, 0, 5.68, 2447, 1480, 7878.91, 20835, 20170
1695088355, 0, 0, 33, 0, 0, 8138.67, 3, 0, 0, 0.26, 2448, 1481, 7878.91, 20835, 20170
1695088355, 0, 0, 33, 0, 0, 8138.67, 3, 0, 0, 9.58, 2450, 1482, 7878.91, 20835, 20170
1695088356, 0, 0, 33, 0, 0, 8138.67, 3, 0, 0, 8.22, 2452, 1483, 7878.91, 20835, 20170
1695088356, 0, 0, 33, 0, 0, 8138.67, 3, 0, 0, 5.90, 2454, 1483, 7878.91, 20835, 20170
1695088356, 0, 0, 33, 0, 0, 8138.67, 3, 0, 0, 4.77, 2456, 1483, 7878.91, 20835, 20170
1695088357, 0, 0, 33, 0, 0, 8138.67, 3, 0, 0, 5.76, 2456, 1485, 7878.91, 20835, 20170
1695088357, 0, 0, 33, 0, 0, 8138.67, 3, 0, 0, 5.78, 2456, 1487, 7878.91, 20835, 20170
1695088357, 0, 0, 33, 0, 0, 8138.67, 3, 0, 0, 5.17, 2456, 1489, 7878.91, 20835, 20170
1695088358, 0, 0, 33, 0, 0, 8138.67, 3, 0, 0, 2.88, 2456, 1490, 7878.91, 20835, 20170
1695088358, 0, 0, 33, 0, 0, 8138.67, 3, 0, 0, 5.95, 2457, 1491, 7878.91, 20835, 20170
1695088364, 0, 0, 33, 0, 0, 8138.67, 3, 0, 0, 0.34, 2458, 1492, 7878.91, 20835, 20170
1695088364, 0, 0, 33, 0, 0, 8138.67, 3, 0, 0, 5.99, 2460, 1492, 7878.91, 20835, 20170
1695088371, 0, 0, 33, 0, 0, 8138.67, 3, 0, 0, 0.30, 2462, 1492, 7878.91, 20835, 20170
1695088375, 0, 0, 33, 0, 0, 8138.67, 3, 0, 0, 0.25, 2462, 1493, 7878.91, 20835, 20170
1695088381, 0, 0, 33, 0, 0, 8138.67, 3, 0, 0, 0.16, 2463, 1493, 7878.91, 20835, 20170
1695088387, 0, 0, 33, 0, 0, 8138.67, 3, 0, 0, 0.17, 2464, 1493, 7878.91, 20835, 20170
1695088388, 0, 0, 33, 0, 0, 8138.67, 3, 0, 0, 8.88, 2467, 1493, 7878.91, 20835, 20170
1695088388, 0, 0, 33, 0, 0, 8138.67, 3, 0, 0, 4.72, 2468, 1494, 7878.91, 20835, 20170
1695088389, 0, 0, 33, 0, 0, 8138.67, 3, 0, 0, 3.39, 2470, 1494, 7878.91, 20835, 20170
1695088389, 0, 0, 33, 0, 0, 8138.67, 3, 0, 0, 7.81, 2473, 1494, 7878.91, 20835, 20170
1695088396, 0, 0, 33, 0, 0, 8138.67, 3, 0, 0, 0.45, 2475, 1495, 7878.91, 20835, 20170
1695088404, 0, 0, 33, 0, 0, 8138.67, 3, 0, 0, 0.12, 2476, 1495, 7878.91, 20835, 20170
1695088409, 0, 0, 33, 0, 0, 8138.67, 3, 0, 0, 0.37, 2477, 1496, 7878.91, 20835, 20170
1695088416, 0, 0, 33, 0, 0, 8138.67, 3, 0, 0, 0.14, 2478, 1496, 7878.91, 20835, 20170
1695088423, 0, 0, 33, 0, 0, 8138.67, 3, 0, 0, 0.48, 2480, 1497, 7878.91, 20835, 20170
1695088428, 0, 0, 33, 0, 0, 8138.67, 3, 0, 0, 0.19, 2481, 1497, 7878.91, 20835, 20170
1695088428, 0, 0, 33, 0, 0, 8138.67, 3, 0, 0, 5.36, 2482, 1498, 7878.91, 20835, 20170
1695088434, 0, 0, 33, 0, 0, 8138.67, 3, 0, 0, 0.35, 2484, 1498, 7878.91, 20835, 20170
1695088434, 0, 0, 33, 0, 0, 8138.67, 3, 0, 0, 3.86, 2484, 1500, 7878.91, 20835, 20170
1695088439, 0, 0, 33, 0, 0, 8138.67, 3, 0, 0, 0.43, 2486, 1500, 7878.91, 20835, 20170
1695088440, 0, 0, 33, 0, 0, 8138.67, 3, 0, 0, 8.68, 2488, 1502, 7878.91, 20835, 20170
1695088440, 0, 0, 33, 0, 0, 8138.67, 3, 0, 0, 7.41, 2490, 1503, 7878.91, 20835, 20170
1695088440, 0, 0, 33, 0, 0, 8138.67, 3, 0, 0, 7.77, 2491, 1505, 7878.91, 20835, 20170
1695088441, 0, 0, 33, 0, 0, 8138.67, 3, 0, 0, 6.13, 2493, 1506, 7878.91, 20835, 20170
1695088441, 0, 0, 33, 0, 0, 8138.67, 3, 0, 0, 4.96, 2495, 1506, 7878.91, 20835, 20170
1695088442, 0, 0, 33, 0, 0, 8138.67, 3, 0, 0, 12.12, 2498, 1507, 7878.91, 20835, 20170
1695088442, 0, 0, 33, 0, 0, 8138.67, 3, 0, 0, 6.99, 2500, 1508, 7878.91, 20835, 20170
1695088442, 0, 0, 33, 0, 0, 8138.67, 3, 0, 0, 5.24, 2501, 1509, 7878.91, 20835, 20170
1695088443, 0, 0, 33, 0, 0, 8138.67, 3, 0, 0, 1.64, 2502, 1509, 7878.91, 20835, 20170
1695088443, 0, 0, 33, 0, 0, 8138.67, 3, 0, 0, 7.77, 2503, 1511, 7878.91, 20835, 20170
1695088450, 0, 0, 33, 0, 0, 8138.67, 3, 0, 0, 0.42, 2505, 1512, 7878.91, 20835, 20170
1695088451, 0, 0, 33, 0, 0, 8138.67, 3, 0, 0, 5.28, 2506, 1513, 7878.91, 20835, 20170
1695088458, 0, 0, 33, 0, 0, 8138.67, 3, 0, 0, 0.14, 2507, 1513, 7878.91, 20835, 20170
1695088464, 0, 0, 33, 0, 0, 8138.67, 3, 0, 0, 0.34, 2509, 1513, 7878.91, 20835, 20170
1695088464, 0, 0, 33, 0, 0, 8138.67, 3, 0, 0, 4.99, 2509, 1515, 7878.91, 20835, 20170
1695088465, 0, 0, 33, 0, 0, 8138.67, 3, 0, 0, 5.70, 2511, 1515, 7878.91, 20835, 20170
1695088465, 0, 0, 33, 0, 0, 8138.67, 3, 0, 0, 8.06, 2511, 1518, 7878.91, 20835, 20170
1695088465, 0, 0, 33, 0, 0, 8138.67, 3, 0, 0, 6.31, 2512, 1519, 7878.91, 20835, 20170
1695088471, 0, 0, 33, 0, 0, 8138.67, 3, 0, 0, 0.38, 2513, 1520, 7878.91, 20835, 20170
1695088471, 0, 0, 33, 0, 0, 8138.67, 3, 0, 0, 5.36, 2513, 1522, 7878.91, 20835, 20170
1695088472, 0, 0, 33, 0, 0, 8138.67, 3, 0, 0, 6.91, 2515, 1523, 7878.91, 20835, 20170
1695088477, 0, 0, 33, 0, 0, 8138.67, 3, 0, 0, 0.37, 2516, 1524, 7878.91, 20835, 20170
1695088477, 0, 0, 33, 0, 0, 8138.67, 3, 0, 0, 4.73, 2518, 1524, 7878.91, 20835, 20170
1695088478, 0, 0, 33, 0, 0, 8138.67, 3, 0, 0, 4.90, 2520, 1524, 7878.91, 20835, 20170
1695088478, 0, 0, 33, 0, 0, 8138.67, 3, 0, 0, 7.87, 2521, 1526, 7878.91, 20835, 20170
1695088485, 0, 0, 33, 0, 0, 8138.67, 3, 0, 0, 0.57, 2524, 1527, 7878.91, 20835, 20170
1695088486, 0, 0, 33, 0, 0, 8138.67, 3, 0, 0, 7.85, 2526, 1528, 7878.91, 20835, 20170
1695088486, 0, 0, 33, 0, 0, 8138.67, 3, 0, 0, 3.85, 2527, 1529, 7878.91, 20835, 20170
1695088486, 0, 0, 33, 0, 0, 8138.67, 3, 0, 0, 5.09, 2528, 1530, 7878.91, 20835, 20170
1695088494, 0, 0, 33, 0, 0, 8138.67, 3, 0, 0, 0.14, 2529, 1530, 7878.91, 20835, 20170
1695088494, 0, 0, 33, 0, 0, 8138.67, 3, 0, 0, 5.97, 2530, 1531, 7878.91, 20835, 20170
1695088494, 0, 0, 33, 0, 0, 8138.67, 3, 0, 0, 6.47, 2531, 1532, 7878.91, 20835, 20170
1695088499, 0, 0, 33, 0, 0, 8138.67, 3, 0, 0, 0.44, 2533, 1532, 7878.91, 20835, 20170
1695088504, 0, 0, 33, 0, 0, 8138.67, 3, 0, 0, 0.59, 2535, 1533, 7878.91, 20835, 20170
1695088505, 0, 0, 33, 0, 0, 8138.67, 3, 0, 0, 4.23, 2536, 1534, 7878.91, 20835, 20170
1695088505, 0, 0, 33, 0, 0, 8138.67, 3, 0, 0, 9.84, 2537, 1536, 7878.91, 20835, 20170
1695088506, 0, 0, 33, 0, 0, 8138.67, 3, 0, 0, 2.90, 2538, 1537, 7878.91, 20835, 20170
1695088511, 0, 0, 33, 0, 0, 8138.67, 3, 0, 0, 0.35, 2540, 1537, 7878.91, 20835, 20170
1695088512, 0, 0, 33, 0, 0, 8138.67, 3, 0, 0, 7.83, 2543, 1537, 7878.91, 20835, 20170
1695088512, 0, 0, 33, 0, 0, 8138.67, 3, 0, 0, 4.02, 2545, 1537, 7878.91, 20835, 20170
1695088513, 0, 0, 33, 0, 0, 8138.67, 3, 0, 0, 4.22, 2547, 1537, 7878.91, 20835, 20170
1695088513, 0, 0, 33, 0, 0, 8138.67, 3, 0, 0, 4.06, 2549, 1537, 7878.91, 20835, 20170
1695088518, 0, 0, 33, 0, 0, 8138.67, 3, 0, 0, 0.20, 2550, 1537, 7878.91, 20835, 20170
1695088519, 0, 0, 33, 0, 0, 8138.67, 3, 0, 0, 6.31, 2551, 1538, 7878.91, 20835, 20170
1695088519, 0, 0, 33, 0, 0, 8138.67, 3, 0, 0, 3.14, 2552, 1538, 7878.91, 20835, 20170
1695088519, 0, 0, 33, 0, 0, 8138.67, 3, 0, 0, 7.37, 2554, 1539, 7878.91, 20835, 20170
1695088520, 0, 0, 33, 0, 0, 8138.67, 3, 0, 0, 9.15, 2556, 1540, 7878.91, 20835, 20170
1695088526, 0, 0, 33, 0, 0, 8138.67, 3, 0, 0, 0.29, 2558, 1540, 7878.91, 20835, 20170
1695088532, 0, 0, 33, 0, 0, 8138.67, 3, 0, 0, 0.39, 2560, 1540, 7878.91, 20835, 20170
1695088532, 0, 0, 33, 0, 0, 8138.67, 3, 0, 0, 6.65, 2561, 1542, 7878.91, 20835, 20170
1695088537, 0, 0, 33, 0, 0, 8138.67, 3, 0, 0, 0.19, 2562, 1542, 7878.91, 20835, 20170
1695088538, 0, 0, 33, 0, 0, 8138.67, 3, 0, 0, 3.15, 2563, 1542, 7878.91, 20835, 20170
1695088538, 0, 0, 33, 0, 0, 8138.67, 3, 0, 0, 5.86, 2565, 1543, 7878.91, 20835, 20170
1695088539, 0, 0, 33, 0, 0, 8138.67, 3, 0, 0, 5.52, 2565, 1545, 7878.91, 20835, 20170
1695088544, 0, 0, 33, 0, 0, 8138.67, 3, 0, 0, 0.18, 2566, 1545, 7878.91, 20835, 20170
1695088545, 0, 0, 33, 0, 0, 8138.67, 3, 0, 0, 5.22, 2568, 1545, 7878.91, 20835, 20170
1695088552, 0, 0, 33, 0, 0, 8138.67, 3, 0, 0, 0.14, 2569, 1545, 7878.91, 20835, 20170
1695088552, 0, 0, 33, 0, 0, 8138.67, 3, 0, 0, 9.26, 2571, 1546, 7878.91, 20835, 20170
1695088553, 0, 0, 33, 0, 0, 8138.67, 3, 0, 0, 6.51, 2573, 1546, 7878.91, 20835, 20170
1695088553, 0, 0, 33, 0, 0, 8138.67, 3, 0, 0, 3.39, 2574, 1547, 7878.91, 20835, 20170
1695088554, 0, 0, 33, 0, 0, 8138.67, 3, 0, 0, 2.70, 2575, 1547, 7878.91, 20835, 20170
1695088554, 0, 0, 33, 0, 0, 8138.67, 3, 0, 0, 4.66, 2577, 1547, 7878.91, 20835, 20170
1695088554, 0, 0, 33, 0, 0, 8138.67, 3, 0, 0, 5.26, 2577, 1549, 7878.91, 20835, 20170
1695088555, 0, 0, 33, 0, 0, 8138.67, 3, 0, 0, 2.93, 2578, 1549, 7878.91, 20835, 20170
1695088555, 0, 0, 33, 0, 0, 8138.67, 3, 0, 0, 5.03, 2579, 1550, 7878.91, 20835, 20170
1695088555, 0, 0, 33, 0, 0, 8138.67, 3, 0, 0, 7.69, 2580, 1552, 7878.91, 20835, 20170
1695088556, 0, 0, 33, 0, 0, 8138.67, 3, 0, 0, 7.61, 2581, 1554, 7878.91, 20835, 20170
1695088561, 0, 0, 33, 0, 0, 8138.67, 3, 0, 0, 0.55, 2582, 1556, 7878.91, 20835, 20170
1695088562, 0, 0, 33, 0, 0, 8138.67, 3, 0, 0, 6.85, 2584, 1557, 7878.91, 20835, 20170
1695088562, 0, 0, 33, 0, 0, 8138.67, 3, 0, 0, 6.64, 2586, 1557, 7878.91, 20835, 20170
1695088568, 0, 0, 33, 0, 0, 8138.67, 3, 0, 0, 0.16, 2587, 1557, 7878.91, 20835, 20170
1695088569, 0, 0, 33, 0, 0, 8138.67, 3, 0, 0, 5.70, 2587, 1559, 7878.91, 20835, 20170
1695088569, 0, 0, 33, 0, 0, 8138.67, 3, 0, 0, 6.12, 2589, 1559, 7878.91, 20835, 20170
1695088569, 0, 0, 33, 0, 0, 8138.67, 3, 0, 0, 9.09, 2591, 1560, 7878.91, 20835, 20170
1695088570, 0, 0, 33, 0, 0, 8138.67, 3, 0, 0, 7.61, 2594, 1560, 7878.91, 20835, 20170
1695088575, 0, 0, 33, 0, 0, 8138.67, 3, 0, 0, 0.52, 2595, 1562, 7878.91, 20835, 20170
1695088580, 0, 0, 33, 0, 0, 8138.67, 3, 0, 0, 0.20, 2596, 1562, 7878.91, 20835, 20170
1695088581, 0, 0, 33, 0, 0, 8138.67, 3, 0, 0, 4.50, 2596, 1564, 7878.91, 20835, 20170
1695088581, 0, 0, 33, 0, 0, 8138.67, 3, 0, 0, 8.00, 2597, 1566, 7878.91, 20835, 20170
1695088587, 0, 0, 33, 0, 0, 8138.67, 3, 0, 0, 0.35, 2599, 1566, 7878.91, 20835, 20170
1695088593, 0, 0, 33, 0, 0, 8138.67, 3, 0, 0, 0.31, 2600, 1567, 7878.91, 20835, 20170
1695088593, 0, 0, 33, 0, 0, 8138.67, 3, 0, 0, 2.62, 2601, 1567, 7878.91, 20835, 20170
1695088594, 0, 0, 33, 0, 0, 8138.67, 3, 0, 0, 1.93, 2601, 1568, 7878.91, 20835, 20170
1695088598, 0, 0, 33, 0, 0, 8138.67, 3, 0, 0, 0.48, 2601, 1570, 7878.91, 20835, 20170
1695088606, 0, 0, 33, 0, 0, 8138.67, 3, 0, 0, 0.24, 2602, 1571, 7878.91, 20835, 20170
1695088607, 0, 0, 33, 0, 0, 8138.67, 3, 0, 0, 4.95, 2603, 1572, 7878.91, 20835, 20170
1695088607, 0, 0, 33, 0, 0, 8138.67, 3, 0, 0, 9.93, 2605, 1573, 7878.91, 20835, 20170
1695088608, 0, 0, 33, 0, 0, 8138.67, 3, 0, 0, 5.55, 2606, 1575, 7878.91, 20835, 20170
1695088608, 0, 0, 33, 0, 0, 8138.67, 3, 0, 0, 5.88, 2608, 1575, 7878.91, 20835, 20170
1695088609, 0, 0, 33, 0, 0, 8138.67, 3, 0, 0, 4.08, 2610, 1575, 7878.91, 20835, 20170
1695088609, 0, 0, 33, 0, 0, 8138.67, 3, 0, 0, 6.12, 2612, 1575, 7878.91, 20835, 20170
1695088609, 0, 0, 33, 0, 0, 8138.67, 3, 0, 0, 4.14, 2613, 1576, 7878.91, 20835, 20170
1695088610, 0, 0, 33, 0, 0, 8138.67, 3, 0, 0, 4.80, 2615, 1576, 7878.91, 20835, 20170
1695088616, 0, 0, 33, 0, 0, 8138.67, 3, 0, 0, 0.16, 2616, 1576, 7878.91, 20835, 20170
1695088617, 0, 0, 33, 0, 0, 8138.67, 3, 0, 0, 6.37, 2618, 1576, 7878.91, 20835, 20170
1695088617, 0, 0, 33, 0, 0, 8138.67, 3, 0, 0, 5.52, 2618, 1578, 7878.91, 20835, 20170
1695088617, 0, 0, 33, 0, 0, 8138.67, 3, 0, 0, 6.08, 2618, 1580, 7878.91, 20835, 20170
1695088618, 0, 0, 33, 0, 0, 8138.67, 3, 0, 0, 9.23, 2620, 1581, 7878.91, 20835, 20170
1695088618, 0, 0, 33, 0, 0, 8138.67, 3, 0, 0, 4.81, 2621, 1582, 7878.91, 20835, 20170
1695088618, 0, 0, 33, 0, 0, 8138.67, 3, 0, 0, 3.15, 2621, 1583, 7878.91, 20835, 20170
1695088619, 0, 0, 33, 0, 0, 8138.67, 3, 0, 0, 1.49, 2622, 1583, 7878.91, 20835, 20170
1695088620, 0, 0, 33, 0, 0, 8138.67, 3, 0, 0, 3.36, 2623, 1584, 7878.91, 20835, 20170
1695088625, 0, 0, 33, 0, 0, 8138.67, 3, 0, 0, 0.17, 2624, 1584, 7878.91, 20835, 20170
1695088631, 0, 0, 33, 0, 0, 8138.67, 3, 0, 0, 0.17, 2625, 1584, 7878.91, 20835, 20170
1695088632, 0, 0, 33, 0, 0, 8138.67, 3, 0, 0, 2.10, 2626, 1584, 7878.91, 20835, 20170
1695088632, 0, 0, 33, 0, 0, 8138.67, 3, 0, 0, 5.60, 2627, 1585, 7878.91, 20835, 20170
1695088632, 0, 0, 33, 0, 0, 8138.67, 3, 0, 0, 5.81, 2627, 1587, 7878.91, 20835, 20170
1695088633, 0, 0, 33, 0, 0, 8138.67, 3, 0, 0, 8.24, 2630, 1587, 7878.91, 20835, 20170
1695088633, 0, 0, 33, 0, 0, 8138.67, 3, 0, 0, 5.73, 2632, 1587, 7878.91, 20835, 20170
1695088633, 0, 0, 33, 0, 0, 8138.67, 3, 0, 0, 9.62, 2633, 1589, 7878.91, 20835, 20170
1695088634, 0, 0, 33, 0, 0, 8138.67, 3, 0, 0, 5.81, 2635, 1589, 7878.91, 20835, 20170
1695088634, 0, 0, 33, 0, 0, 8138.67, 3, 0, 0, 5.99, 2636, 1590, 7878.91, 20835, 20170
1695088635, 0, 0, 33, 0, 0, 8138.67, 3, 0, 0, 4.28, 2637, 1591, 7878.91, 20835, 20170
1695088635, 0, 0, 33, 0, 0, 8138.67, 3, 0, 0, 5.59, 2637, 1593, 7878.91, 20835, 20170
1695088635, 0, 0, 33, 0, 0, 8138.67, 3, 0, 0, 4.26, 2639, 1593, 7878.91, 20835, 20170
1695088644, 0, 0, 33, 0, 0, 8138.67, 3, 0, 0, 0.11, 2640, 1593, 7878.91, 20835, 20170
1695088644, 0, 0, 33, 0, 0, 8138.67, 3, 0, 0, 3.19, 2640, 1594, 7878.91, 20835, 20170
1695088645, 0, 0, 33, 0, 0, 8138.67, 3, 0, 0, 3.77, 2641, 1595, 7878.91, 20835, 20170
1695088651, 0, 0, 33, 0, 0, 8138.67, 3, 0, 0, 0.18, 2642, 1595, 7878.91, 20835, 20170
1695088651, 0, 0, 33, 0, 0, 8138.67, 3, 0, 0, 3.18, 2643, 1595, 7878.91, 20835, 20170
1695088651, 0, 0, 33, 0, 0, 8138.67, 3, 0, 0, 5.93, 2644, 1596, 7878.91, 20835, 20170
1695088652, 0, 0, 33, 0, 0, 8138.67, 3, 0, 0, 6.13, 2645, 1597, 7878.91, 20835, 20170
1695088652, 0, 0, 33, 0, 0, 8138.67, 3, 0, 0, 7.71, 2645, 1600, 7878.91, 20835, 20170
1695088658, 0, 0, 33, 0, 0, 8138.67, 3, 0, 0, 0.16, 2646, 1600, 7878.91, 20835, 20170
1695088659, 0, 0, 33, 0, 0, 8138.67, 3, 0, 0, 5.57, 2647, 1601, 7878.91, 20835, 20170
1695088659, 0, 0, 33, 0, 0, 8138.67, 3, 0, 0, 5.06, 2647, 1603, 7878.91, 20835, 20170
1695088659, 0, 0, 33, 0, 0, 8138.67, 3, 0, 0, 4.81, 2648, 1604, 7878.91, 20835, 20170
1695088660, 0, 0, 33, 0, 0, 8138.67, 3, 0, 0, 4.14, 2650, 1604, 7878.91, 20835, 20170
1695088660, 0, 0, 33, 0, 0, 8138.67, 3, 0, 0, 5.97, 2652, 1604, 7878.91, 20835, 20170
1695088661, 0, 0, 33, 0, 0, 8138.67, 3, 0, 0, 3.34, 2653, 1605, 7878.91, 20835, 20170
1695088661, 0, 0, 33, 0, 0, 8138.67, 3, 0, 0, 2.87, 2654, 1605, 7878.91, 20835, 20170
1695088662, 0, 0, 33, 0, 0, 8138.67, 3, 0, 0, 5.04, 2655, 1606, 7878.91, 20835, 20170
1695088667, 0, 0, 33, 0, 0, 8138.67, 3, 0, 0, 0.19, 2656, 1606, 7878.91, 20835, 20170
1695088676, 0, 0, 33, 0, 0, 8138.67, 3, 0, 0, 0.21, 2657, 1607, 7878.91, 20835, 20170
1695088677, 0, 0, 33, 0, 0, 8138.67, 3, 0, 0, 6.01, 2658, 1608, 7878.91, 20835, 20170
1695088685, 0, 0, 33, 0, 0, 8138.67, 3, 0, 0, 0.36, 2660, 1609, 7878.91, 20835, 20170
1695088692, 0, 0, 33, 0, 0, 8138.67, 3, 0, 0, 0.14, 2661, 1609, 7878.91, 20835, 20170
1695088698, 0, 0, 33, 0, 0, 8138.67, 3, 0, 0, 0.17, 2662, 1609, 7878.91, 20835, 20170
1695088699, 0, 0, 33, 0, 0, 8138.67, 3, 0, 0, 2.02, 2663, 1609, 7878.91, 20835, 20170
1695088699, 0, 0, 33, 0, 0, 8138.67, 3, 0, 0, 5.80, 2664, 1610, 7878.91, 20835, 20170
1695088705, 0, 0, 33, 0, 0, 8138.67, 3, 0, 0, 0.15, 2665, 1610, 7878.91, 20835, 20170
1695088706, 0, 0, 33, 0, 0, 8138.67, 3, 0, 0, 5.60, 2666, 1611, 7878.91, 20835, 20170
1695088706, 0, 0, 33, 0, 0, 8138.67, 3, 0, 0, 5.51, 2667, 1612, 7878.91, 20835, 20170
1695088706, 0, 0, 33, 0, 0, 8138.67, 3, 0, 0, 5.75, 2667, 1614, 7878.91, 20835, 20170
1695088707, 0, 0, 33, 0, 0, 8138.67, 3, 0, 0, 7.39, 2667, 1617, 7878.91, 20835, 20170
1695088707, 0, 0, 33, 0, 0, 8138.67, 3, 0, 0, 4.52, 2668, 1618, 7878.91, 20835, 20170
1695088716, 0, 0, 33, 0, 0, 8138.67, 3, 0, 0, 0.22, 2670, 1618, 7878.91, 20835, 20170
1695088724, 0, 0, 33, 0, 0, 8138.67, 3, 0, 0, 0.37, 2673, 1618, 7878.91, 20835, 20170
1695088725, 0, 0, 33, 0, 0, 8138.67, 3, 0, 0, 8.40, 2675, 1619, 7878.91, 20835, 20170
1695088725, 0, 0, 33, 0, 0, 8138.67, 3, 0, 0, 8.47, 2678, 1619, 7878.91, 20835, 20170
1695088731, 0, 0, 33, 0, 0, 8138.67, 3, 0, 0, 0.54, 2680, 1620, 7878.91, 20835, 20170
1695088731, 0, 0, 33, 0, 0, 8138.67, 3, 0, 0, 0.00, 2680, 1620, 7878.91, 20835, 20170
