# unix_time, cycles_done, cur_path, paths_total, pending_total, pending_favs, map_size, unique_crashes, unique_hangs, max_depth, execs_per_sec, valid_inputs, invalid_inputs, valid_cov, all_covered_probes, valid_covered_probes
1691786201; 0; 0; 1; 0; 0; 748.05, 0; 0; 0; 1.72, 1; 0; 748.05, 1915; 1915
1691786201; 0; 0; 6; 0; 0; 1205.47, 0; 0; 0; 14.33, 5; 1; 1050.39, 3086; 2689
1691786202; 0; 0; 7; 0; 0; 1263.67, 0; 0; 0; 1.54, 5; 2; 1050.39, 3235; 2689
1691786221; 0; 0; 13; 0; 0; 7945.70, 0; 0; 0; 0.95, 15; 10; 7720.70, 20341; 19765
1691786222; 0; 0; 15; 0; 0; 7961.72, 0; 0; 0; 9.71, 17; 12; 7720.70, 20382; 19765
1691786240; 0; 0; 19; 0; 0; 8083.59, 0; 0; 0; 0.33, 21; 14; 7832.03, 20694; 20050
1691786240; 0; 0; 21; 0; 0; 8111.72, 0; 0; 0; 13.99, 25; 16; 7877.34, 20766; 20166
1691786240; 0; 0; 22; 0; 0; 8111.72, 0; 0; 0; 13.81, 29; 17; 7877.34, 20766; 20166
1691786253; 0; 0; 23; 0; 0; 8123.05, 0; 0; 0; 0.46, 34; 18; 7888.67, 20795; 20195
1691786254; 0; 0; 23; 0; 0; 8123.05, 0; 0; 0; 57.58, 47; 24; 7888.67, 20795; 20195
1691786264; 0; 0; 25; 0; 0; 8130.08, 0; 0; 0; 0.39, 51; 24; 7896.88, 20813; 20216
1691786265; 0; 0; 27; 0; 0; 8130.08, 0; 0; 0; 4.93, 52; 25; 7896.88, 20813; 20216
1691786265; 0; 1; 27; 0; 0; 8130.08, 0; 0; 0; 32.00, 63; 30; 7896.88, 20813; 20216
1691786276; 0; 1; 28; 0; 0; 8146.48, 0; 0; 0; 0.47, 66; 32; 7913.28, 20855; 20258
1691786287; 0; 1; 29; 0; 0; 8146.88, 0; 0; 0; 0.28, 68; 33; 7913.67, 20856; 20259
1691786298; 0; 1; 32; 0; 0; 8169.92, 0; 0; 0; 0.60, 69; 39; 7918.36, 20915; 20271
1691786309; 0; 1; 32; 0; 0; 8169.92, 1; 0; 0; 0.47, 71; 42; 7918.36, 20915; 20271
1691786309; 0; 1; 33; 0; 0; 8265.23, 1; 0; 0; 21.33, 74; 47; 8013.67, 21159; 20515
1691786321; 0; 3; 35; 0; 0; 8266.80, 1; 0; 0; 0.51, 79; 48; 8015.23, 21163; 20519
1691786331; 0; 3; 36; 0; 0; 8294.53, 1; 0; 0; 0.10, 80; 48; 8042.97, 21234; 20590
1691786345; 0; 3; 37; 0; 0; 8434.38, 1; 0; 0; 0.14, 82; 48; 8182.81, 21592; 20948
1691786354; 0; 3; 38; 0; 0; 8434.38, 1; 0; 0; 0.22, 84; 48; 8182.81, 21592; 20948
1691786368; 0; 3; 39; 0; 0; 8439.06, 1; 0; 0; 0.14, 85; 49; 8187.50, 21604; 20960
1691786387; 0; 3; 40; 0; 0; 8439.06, 1; 0; 0; 0.36, 89; 52; 8187.50, 21604; 20960
1691786403; 0; 3; 41; 0; 0; 8439.06, 1; 0; 0; 0.06, 90; 52; 8187.50, 21604; 20960
1691786415; 0; 3; 42; 0; 0; 8439.06, 1; 0; 0; 0.61, 95; 54; 8187.50, 21604; 20960
1691786415; 0; 3; 42; 0; 0; 8439.06, 1; 0; 0; 36.67, 100; 60; 8187.50, 21604; 20960
1691786415; 0; 4; 42; 0; 0; 8439.06, 1; 0; 0; 35.26, 103; 68; 8187.50, 21604; 20960
1691786442; 0; 4; 43; 0; 0; 8439.06, 1; 0; 0; 0.33, 104; 76; 8187.50, 21604; 20960
1691786453; 0; 4; 44; 0; 0; 8439.06, 1; 0; 0; 0.76, 107; 81; 8187.50, 21604; 20960
1691786463; 0; 4; 45; 0; 0; 8439.06, 1; 0; 0; 1.15, 114; 86; 8187.50, 21604; 20960
1691786473; 0; 4; 46; 0; 0; 8439.06, 1; 0; 0; 0.61, 119; 87; 8187.50, 21604; 20960
1691786529; 0; 5; 48; 0; 0; 8448.83, 1; 0; 0; 0.34, 130; 95; 8197.27, 21629; 20985
1691786540; 0; 5; 49; 0; 0; 8448.83, 1; 0; 0; 0.18, 132; 95; 8197.27, 21629; 20985
1691786552; 0; 5; 50; 0; 0; 8448.83, 1; 0; 0; 0.40, 133; 99; 8197.27, 21629; 20985
1691786563; 0; 5; 51; 0; 0; 8448.83, 1; 0; 0; 1.41, 142; 105; 8197.27, 21629; 20985
1691786575; 0; 5; 52; 0; 0; 8448.83, 1; 0; 0; 0.51, 146; 107; 8197.27, 21629; 20985
1691786587; 0; 5; 53; 0; 0; 8448.83, 1; 0; 0; 1.45, 154; 117; 8197.27, 21629; 20985
1691786612; 0; 5; 54; 0; 0; 8448.83, 1; 0; 0; 0.08, 155; 118; 8197.27, 21629; 20985
1691786631; 0; 5; 55; 0; 0; 8448.83, 1; 0; 0; 0.05, 156; 118; 8197.27, 21629; 20985
1691786631; 0; 6; 56; 0; 0; 8448.83, 1; 0; 0; 49.69, 162; 128; 8197.27, 21629; 20985
1691786632; 0; 6; 56; 0; 0; 8448.83, 1; 0; 0; 45.60, 166; 138; 8197.27, 21629; 20985
1691786642; 0; 6; 57; 0; 0; 8448.83, 1; 0; 0; 0.49, 169; 140; 8197.27, 21629; 20985
1691786652; 0; 6; 58; 0; 0; 8448.83, 1; 0; 0; 0.10, 170; 140; 8197.27, 21629; 20985
1691786664; 0; 6; 59; 0; 0; 8448.83, 1; 0; 0; 0.50, 174; 142; 8197.27, 21629; 20985
1691786665; 0; 6; 59; 0; 0; 8448.83, 1; 0; 0; 31.75, 179; 147; 8197.27, 21629; 20985
1691786677; 0; 6; 60; 0; 0; 8448.83, 1; 0; 0; 0.41, 182; 149; 8197.27, 21629; 20985
1691786677; 0; 6; 60; 0; 0; 8448.83, 1; 0; 0; 17.05, 184; 153; 8197.27, 21629; 20985
1691786691; 0; 7; 61; 0; 0; 8448.83, 1; 0; 0; 0.90, 192; 157; 8197.27, 21629; 20985
1691786707; 0; 7; 62; 0; 0; 8448.83, 1; 0; 0; 0.12, 193; 158; 8197.27, 21629; 20985
1691786718; 0; 7; 63; 0; 0; 8448.83, 1; 0; 0; 1.25, 202; 162; 8197.27, 21629; 20985
1691786728; 0; 7; 63; 0; 0; 8448.83, 1; 0; 0; 0.91, 207; 167; 8197.27, 21629; 20985
1691786739; 0; 7; 64; 0; 0; 8448.83, 1; 0; 0; 0.86, 211; 172; 8197.27, 21629; 20985
1691786750; 0; 8; 65; 0; 0; 8448.83, 1; 0; 0; 0.28, 213; 173; 8197.27, 21629; 20985
1691786750; 0; 8; 66; 0; 0; 8448.83, 1; 0; 0; 29.90, 216; 179; 8197.27, 21629; 20985
1691786761; 0; 8; 67; 0; 0; 8448.83, 1; 0; 0; 0.09, 217; 179; 8197.27, 21629; 20985
1691786774; 0; 8; 68; 0; 0; 8464.84, 1; 0; 0; 0.32, 220; 180; 8217.97, 21670; 21038
1691786785; 0; 8; 69; 0; 0; 8464.84, 1; 0; 0; 0.34, 222; 182; 8217.97, 21670; 21038
1691786795; 0; 8; 70; 0; 0; 8464.84, 1; 0; 0; 0.70, 228; 183; 8217.97, 21670; 21038
1691786806; 0; 9; 71; 0; 0; 8464.84, 1; 0; 0; 1.36, 237; 189; 8217.97, 21670; 21038
1691786818; 0; 9; 72; 0; 0; 8464.84, 1; 0; 0; 1.17, 246; 193; 8217.97, 21670; 21038
1691786828; 0; 9; 73; 0; 0; 8464.84, 1; 0; 0; 0.10, 247; 193; 8217.97, 21670; 21038
1691786845; 0; 9; 73; 0; 0; 8464.84, 1; 0; 0; 0.58, 251; 199; 8217.97, 21670; 21038
1691786845; 0; 9; 73; 0; 0; 8464.84, 1; 0; 0; 24.84, 253; 205; 8217.97, 21670; 21038
1691786861; 0; 9; 74; 0; 0; 8464.84, 1; 0; 0; 0.19, 256; 205; 8217.97, 21670; 21038
1691786871; 0; 10; 74; 0; 0; 8464.84, 1; 0; 0; 0.40, 260; 205; 8217.97, 21670; 21038
1691786885; 0; 10; 75; 0; 0; 8464.84, 1; 0; 0; 0.07, 261; 205; 8217.97, 21670; 21038
1691786899; 0; 10; 76; 0; 0; 8464.84, 1; 0; 0; 0.28, 264; 206; 8217.97, 21670; 21038
1691786910; 0; 10; 77; 0; 0; 8464.84, 1; 0; 0; 1.76, 271; 218; 8217.97, 21670; 21038
1691786920; 0; 10; 77; 0; 0; 8464.84, 1; 0; 0; 0.40, 274; 219; 8217.97, 21670; 21038
1691786930; 0; 10; 77; 0; 0; 8464.84, 1; 0; 0; 0.85, 279; 223; 8217.97, 21670; 21038
1691786945; 0; 10; 77; 0; 0; 8464.84, 1; 0; 0; 0.07, 280; 223; 8217.97, 21670; 21038
1691786956; 0; 10; 77; 0; 0; 8464.84, 1; 0; 0; 1.03, 285; 229; 8217.97, 21670; 21038
1691786966; 0; 10; 78; 0; 0; 8464.84, 1; 0; 0; 0.88, 288; 235; 8217.97, 21670; 21038
1691786977; 0; 11; 79; 0; 0; 8464.84, 1; 0; 0; 0.28, 290; 236; 8217.97, 21670; 21038
1691786987; 0; 11; 80; 0; 0; 8464.84, 1; 0; 0; 0.69, 295; 238; 8217.97, 21670; 21038
1691786997; 0; 11; 80; 0; 0; 8464.84, 1; 0; 0; 0.87, 297; 245; 8217.97, 21670; 21038
1691787008; 0; 11; 81; 0; 0; 8465.23, 1; 0; 0; 0.18, 299; 245; 8218.36, 21671; 21039
1691787009; 0; 11; 81; 0; 0; 8465.23, 1; 0; 0; 41.30, 304; 254; 8218.36, 21671; 21039
1691787019; 0; 12; 82; 0; 0; 8465.23, 1; 0; 0; 0.55, 308; 256; 8218.36, 21671; 21039
1691787030; 0; 12; 83; 0; 0; 8465.23, 1; 0; 0; 0.10, 309; 256; 8218.36, 21671; 21039
1691787040; 0; 12; 84; 0; 0; 8465.23, 1; 0; 0; 0.09, 310; 256; 8218.36, 21671; 21039
1691787052; 0; 12; 85; 0; 0; 8465.23, 1; 0; 0; 0.09, 311; 256; 8218.36, 21671; 21039
1691787062; 0; 12; 86; 0; 0; 8465.23, 1; 0; 0; 0.10, 312; 256; 8218.36, 21671; 21039
1691787072; 0; 12; 87; 0; 0; 8466.02, 1; 0; 0; 0.10, 313; 256; 8219.14, 21673; 21041
1691787084; 0; 12; 88; 0; 0; 8466.02, 1; 0; 0; 0.08, 314; 256; 8219.14, 21673; 21041
1691787095; 0; 12; 88; 0; 0; 8466.02, 1; 0; 0; 0.09, 315; 256; 8219.14, 21673; 21041
1691787110; 0; 12; 88; 0; 0; 8466.02, 1; 0; 0; 0.07, 316; 256; 8219.14, 21673; 21041
1691787122; 0; 12; 88; 0; 0; 8466.02, 1; 0; 0; 0.09, 317; 256; 8219.14, 21673; 21041
1691787132; 0; 12; 88; 0; 0; 8466.02, 1; 0; 0; 0.10, 318; 256; 8219.14, 21673; 21041
1691787157; 0; 12; 89; 0; 0; 8466.02, 1; 0; 0; 0.04, 319; 256; 8219.14, 21673; 21041
1691787167; 0; 12; 89; 0; 0; 8466.02, 1; 0; 0; 0.10, 320; 256; 8219.14, 21673; 21041
1691787178; 0; 12; 90; 0; 0; 8466.02, 1; 0; 0; 0.09, 321; 256; 8219.14, 21673; 21041
1691787198; 0; 12; 91; 0; 0; 8466.02, 1; 0; 0; 0.05, 322; 256; 8219.14, 21673; 21041
1691787214; 0; 12; 92; 0; 0; 8466.02, 1; 0; 0; 0.06, 323; 256; 8219.14, 21673; 21041
1691787228; 0; 12; 92; 0; 0; 8466.02, 2; 0; 0; 0.07, 323; 257; 8219.14, 21673; 21041
1691787262; 0; 12; 93; 0; 0; 8468.36, 2; 0; 0; 0.03, 324; 257; 8221.48, 21679; 21047
1691787275; 0; 12; 94; 0; 0; 8468.36, 2; 0; 0; 0.08, 325; 257; 8221.48, 21679; 21047
1691787286; 0; 12; 95; 0; 0; 8468.36, 2; 0; 0; 0.09, 326; 257; 8221.48, 21679; 21047
1691787298; 0; 12; 95; 0; 0; 8468.36, 2; 0; 0; 0.09, 327; 257; 8221.48, 21679; 21047
1691787308; 0; 12; 95; 0; 0; 8468.36, 2; 0; 0; 0.10, 328; 257; 8221.48, 21679; 21047
1691787319; 0; 12; 95; 0; 0; 8468.36, 2; 0; 0; 0.09, 329; 257; 8221.48, 21679; 21047
1691787347; 0; 12; 96; 0; 0; 8468.36, 2; 0; 0; 0.04, 330; 257; 8221.48, 21679; 21047
1691787356; 0; 12; 97; 0; 0; 8468.36, 2; 0; 0; 0.10, 331; 257; 8221.48, 21679; 21047
1691787366; 0; 12; 97; 0; 0; 8468.36, 2; 0; 0; 0.10, 332; 257; 8221.48, 21679; 21047
1691787382; 0; 12; 98; 0; 0; 8468.36, 2; 0; 0; 0.06, 333; 257; 8221.48, 21679; 21047
1691787392; 0; 12; 98; 0; 0; 8468.36, 2; 0; 0; 0.10, 334; 257; 8221.48, 21679; 21047
1691787403; 0; 12; 98; 0; 0; 8468.36, 2; 0; 0; 0.10, 335; 257; 8221.48, 21679; 21047
1691787421; 0; 12; 99; 0; 0; 8468.36, 2; 0; 0; 0.06, 336; 257; 8221.48, 21679; 21047
1691787435; 0; 12; 99; 0; 0; 8468.36, 2; 0; 0; 0.07, 337; 257; 8221.48, 21679; 21047
1691787445; 0; 12; 99; 0; 0; 8468.36, 2; 0; 0; 0.10, 338; 257; 8221.48, 21679; 21047
1691787455; 0; 12; 99; 0; 0; 8468.36, 2; 0; 0; 0.09, 339; 257; 8221.48, 21679; 21047
1691787465; 0; 12; 99; 0; 0; 8468.36, 2; 0; 0; 0.10, 340; 257; 8221.48, 21679; 21047
1691787476; 0; 12; 100; 0; 0; 8468.36, 2; 0; 0; 0.09, 341; 257; 8221.48, 21679; 21047
1691787486; 0; 12; 101; 0; 0; 8468.36, 2; 0; 0; 0.09, 342; 257; 8221.48, 21679; 21047
1691787502; 0; 12; 102; 0; 0; 8468.36, 2; 0; 0; 0.06, 343; 257; 8221.48, 21679; 21047
1691787528; 0; 12; 103; 0; 0; 8495.70, 2; 0; 0; 0.04, 344; 257; 8248.83, 21749; 21117
1691787539; 0; 12; 103; 0; 0; 8495.70, 2; 0; 0; 0.10, 345; 257; 8248.83, 21749; 21117
1691787574; 0; 12; 104; 0; 0; 8495.70, 2; 0; 0; 0.03, 346; 257; 8248.83, 21749; 21117
1691787589; 0; 12; 104; 0; 0; 8495.70, 2; 0; 0; 0.07, 347; 257; 8248.83, 21749; 21117
1691787600; 0; 12; 105; 0; 0; 8495.70, 2; 0; 0; 0.09, 348; 257; 8248.83, 21749; 21117
1691787610; 0; 12; 106; 0; 0; 8495.70, 2; 0; 0; 0.10, 349; 257; 8248.83, 21749; 21117
1691787620; 0; 12; 107; 0; 0; 8495.70, 2; 0; 0; 0.10, 350; 257; 8248.83, 21749; 21117
1691787642; 0; 12; 108; 0; 0; 8495.70, 2; 0; 0; 0.05, 351; 257; 8248.83, 21749; 21117
1691787660; 0; 12; 108; 0; 0; 8495.70, 2; 0; 0; 0.05, 352; 257; 8248.83, 21749; 21117
1691787679; 0; 12; 108; 0; 0; 8495.70, 2; 0; 0; 0.05, 353; 257; 8248.83, 21749; 21117
1691787699; 0; 12; 109; 0; 0; 8495.70, 2; 0; 0; 0.05, 354; 257; 8248.83, 21749; 21117
1691787720; 0; 12; 109; 0; 0; 8495.70, 2; 0; 0; 0.05, 355; 257; 8248.83, 21749; 21117
1691787730; 0; 12; 109; 0; 0; 8495.70, 2; 0; 0; 0.10, 356; 257; 8248.83, 21749; 21117
1691787740; 0; 12; 109; 0; 0; 8495.70, 2; 0; 0; 0.10, 357; 257; 8248.83, 21749; 21117
1691787750; 0; 12; 110; 0; 0; 8495.70, 2; 0; 0; 0.10, 358; 257; 8248.83, 21749; 21117
1691787761; 0; 12; 110; 0; 0; 8495.70, 2; 0; 0; 0.09, 359; 257; 8248.83, 21749; 21117
1691787771; 0; 12; 111; 0; 0; 8495.70, 2; 0; 0; 0.10, 360; 257; 8248.83, 21749; 21117
1691787783; 0; 12; 112; 0; 0; 8495.70, 2; 0; 0; 0.09, 361; 257; 8248.83, 21749; 21117
1691787792; 0; 12; 113; 0; 0; 8495.70, 2; 0; 0; 0.10, 362; 257; 8248.83, 21749; 21117
1691787801; 0; 12; 113; 0; 0; 8495.70, 2; 0; 0; 0.11, 363; 257; 8248.83, 21749; 21117
1691787821; 0; 12; 113; 0; 0; 8495.70, 2; 0; 0; 0.05, 364; 257; 8248.83, 21749; 21117
1691787846; 0; 12; 113; 0; 0; 8495.70, 2; 0; 0; 0.04, 365; 257; 8248.83, 21749; 21117
1691787857; 0; 12; 113; 0; 0; 8495.70, 2; 0; 0; 0.09, 366; 257; 8248.83, 21749; 21117
1691787868; 0; 12; 113; 0; 0; 8495.70, 2; 0; 0; 0.09, 367; 257; 8248.83, 21749; 21117
1691787881; 0; 12; 114; 0; 0; 8495.70, 2; 0; 0; 0.08, 368; 257; 8248.83, 21749; 21117
1691787891; 0; 12; 115; 0; 0; 8495.70, 2; 0; 0; 0.10, 369; 257; 8248.83, 21749; 21117
1691787912; 0; 12; 116; 0; 0; 8495.70, 2; 0; 0; 0.05, 370; 257; 8248.83, 21749; 21117
1691787922; 0; 12; 117; 0; 0; 8495.70, 2; 0; 0; 0.10, 371; 257; 8248.83, 21749; 21117
1691787960; 0; 12; 118; 0; 0; 8495.70, 2; 0; 0; 0.03, 372; 257; 8248.83, 21749; 21117
1691787970; 0; 12; 119; 0; 0; 8495.70, 2; 0; 0; 0.10, 373; 257; 8248.83, 21749; 21117
1691787980; 0; 12; 120; 0; 0; 8495.70, 2; 0; 0; 0.10, 374; 257; 8248.83, 21749; 21117
1691787993; 0; 12; 121; 0; 0; 8495.70, 2; 0; 0; 0.08, 375; 257; 8248.83, 21749; 21117
1691788010; 0; 12; 122; 0; 0; 8495.70, 2; 0; 0; 0.06, 376; 257; 8248.83, 21749; 21117
1691788022; 0; 12; 123; 0; 0; 8495.70, 2; 0; 0; 0.08, 377; 257; 8248.83, 21749; 21117
1691788033; 0; 12; 123; 0; 0; 8495.70, 2; 0; 0; 0.09, 378; 257; 8248.83, 21749; 21117
1691788043; 0; 12; 123; 0; 0; 8495.70, 2; 0; 0; 0.10, 379; 257; 8248.83, 21749; 21117
1691788054; 0; 12; 123; 0; 0; 8495.70, 2; 0; 0; 0.09, 380; 257; 8248.83, 21749; 21117
1691788064; 0; 12; 123; 0; 0; 8495.70, 2; 0; 0; 0.10, 381; 257; 8248.83, 21749; 21117
1691788079; 0; 12; 123; 0; 0; 8495.70, 2; 0; 0; 0.07, 382; 257; 8248.83, 21749; 21117
1691788089; 0; 12; 123; 0; 0; 8495.70, 2; 0; 0; 0.10, 383; 257; 8248.83, 21749; 21117
1691788101; 0; 12; 123; 0; 0; 8495.70, 2; 0; 0; 0.09, 384; 257; 8248.83, 21749; 21117
1691788111; 0; 12; 123; 0; 0; 8495.70, 2; 0; 0; 0.09, 385; 257; 8248.83, 21749; 21117
1691788121; 0; 12; 123; 0; 0; 8495.70, 2; 0; 0; 0.10, 386; 257; 8248.83, 21749; 21117
1691788131; 0; 12; 123; 0; 0; 8495.70, 2; 0; 0; 0.10, 387; 257; 8248.83, 21749; 21117
1691788141; 0; 12; 123; 0; 0; 8495.70, 2; 0; 0; 0.10, 388; 257; 8248.83, 21749; 21117
1691788151; 0; 12; 123; 0; 0; 8495.70, 2; 0; 0; 0.10, 389; 257; 8248.83, 21749; 21117
1691788181; 0; 12; 124; 0; 0; 8495.70, 2; 0; 0; 0.03, 390; 257; 8248.83, 21749; 21117
1691788200; 0; 12; 125; 0; 0; 8495.70, 2; 0; 0; 0.05, 391; 257; 8248.83, 21749; 21117
1691788212; 0; 12; 126; 0; 0; 8495.70, 2; 0; 0; 0.08, 392; 257; 8248.83, 21749; 21117
1691788223; 0; 12; 127; 0; 0; 8495.70, 2; 0; 0; 0.10, 393; 257; 8248.83, 21749; 21117
1691788233; 0; 12; 127; 0; 0; 8495.70, 2; 0; 0; 0.10, 394; 257; 8248.83, 21749; 21117
1691788243; 0; 12; 128; 0; 0; 8495.70, 2; 0; 0; 0.10, 395; 257; 8248.83, 21749; 21117
1691788256; 0; 12; 128; 0; 0; 8495.70, 2; 0; 0; 0.08, 396; 257; 8248.83, 21749; 21117
1691788267; 0; 12; 128; 0; 0; 8495.70, 2; 0; 0; 0.09, 397; 257; 8248.83, 21749; 21117
1691788294; 0; 12; 128; 0; 0; 8495.70, 2; 0; 0; 0.04, 398; 257; 8248.83, 21749; 21117
1691788304; 0; 12; 128; 0; 0; 8495.70, 2; 0; 0; 0.10, 399; 257; 8248.83, 21749; 21117
1691788315; 0; 12; 128; 0; 0; 8495.70, 2; 0; 0; 0.09, 400; 257; 8248.83, 21749; 21117
1691788326; 0; 12; 128; 0; 0; 8495.70, 2; 0; 0; 0.09, 401; 257; 8248.83, 21749; 21117
1691788337; 0; 12; 128; 0; 0; 8495.70, 2; 0; 0; 0.09, 402; 257; 8248.83, 21749; 21117
1691788351; 0; 12; 128; 0; 0; 8495.70, 2; 0; 0; 0.07, 403; 257; 8248.83, 21749; 21117
1691788364; 0; 12; 128; 0; 0; 8495.70, 2; 0; 0; 0.08, 404; 257; 8248.83, 21749; 21117
1691788374; 0; 12; 128; 0; 0; 8495.70, 2; 0; 0; 0.10, 405; 257; 8248.83, 21749; 21117
1691788384; 0; 12; 128; 0; 0; 8495.70, 2; 0; 0; 0.10, 406; 257; 8248.83, 21749; 21117
1691788394; 0; 12; 128; 0; 0; 8495.70, 2; 0; 0; 0.10, 407; 257; 8248.83, 21749; 21117
1691788404; 0; 12; 128; 0; 0; 8495.70, 2; 0; 0; 0.10, 408; 257; 8248.83, 21749; 21117
1691788414; 0; 12; 128; 0; 0; 8495.70, 2; 0; 0; 0.10, 409; 257; 8248.83, 21749; 21117
1691788424; 0; 12; 128; 0; 0; 8495.70, 2; 0; 0; 0.10, 410; 257; 8248.83, 21749; 21117
1691788435; 0; 12; 128; 0; 0; 8495.70, 2; 0; 0; 0.09, 411; 257; 8248.83, 21749; 21117
1691788447; 0; 12; 128; 0; 0; 8495.70, 2; 0; 0; 0.09, 412; 257; 8248.83, 21749; 21117
1691788457; 0; 12; 129; 0; 0; 8495.70, 2; 0; 0; 0.10, 413; 257; 8248.83, 21749; 21117
1691788467; 0; 12; 129; 0; 0; 8495.70, 2; 0; 0; 0.10, 414; 257; 8248.83, 21749; 21117
1691788477; 0; 12; 129; 0; 0; 8495.70, 2; 0; 0; 0.10, 415; 257; 8248.83, 21749; 21117
1691788488; 0; 12; 129; 0; 0; 8495.70, 2; 0; 0; 0.10, 416; 257; 8248.83, 21749; 21117
1691788503; 0; 12; 129; 0; 0; 8495.70, 2; 0; 0; 0.07, 417; 257; 8248.83, 21749; 21117
1691788513; 0; 12; 130; 0; 0; 8495.70, 2; 0; 0; 0.10, 418; 257; 8248.83, 21749; 21117
1691788523; 0; 12; 131; 0; 0; 8495.70, 2; 0; 0; 0.10, 419; 257; 8248.83, 21749; 21117
1691788539; 0; 12; 131; 0; 0; 8495.70, 2; 0; 0; 0.07, 420; 257; 8248.83, 21749; 21117
1691788549; 0; 12; 131; 0; 0; 8495.70, 2; 0; 0; 0.09, 421; 257; 8248.83, 21749; 21117
1691788560; 0; 12; 132; 0; 0; 8495.70, 2; 0; 0; 0.10, 422; 257; 8248.83, 21749; 21117
1691788572; 0; 12; 132; 0; 0; 8495.70, 2; 0; 0; 0.08, 423; 257; 8248.83, 21749; 21117
1691788585; 0; 12; 132; 0; 0; 8495.70, 2; 0; 0; 0.07, 424; 257; 8248.83, 21749; 21117
1691788600; 0; 12; 132; 0; 0; 8495.70, 2; 0; 0; 0.07, 425; 257; 8248.83, 21749; 21117
1691788610; 0; 12; 132; 0; 0; 8495.70, 2; 0; 0; 0.10, 426; 257; 8248.83, 21749; 21117
1691788621; 0; 12; 132; 0; 0; 8495.70, 2; 0; 0; 0.09, 427; 257; 8248.83, 21749; 21117
1691788631; 0; 12; 133; 0; 0; 8495.70, 2; 0; 0; 0.09, 428; 257; 8248.83, 21749; 21117
1691788642; 0; 12; 133; 0; 0; 8495.70, 2; 0; 0; 0.10, 429; 257; 8248.83, 21749; 21117
1691788652; 0; 12; 134; 0; 0; 8495.70, 2; 0; 0; 0.10, 430; 257; 8248.83, 21749; 21117
1691788661; 0; 12; 134; 0; 0; 8495.70, 2; 0; 0; 0.10, 431; 257; 8248.83, 21749; 21117
1691788672; 0; 12; 134; 0; 0; 8495.70, 2; 0; 0; 0.10, 432; 257; 8248.83, 21749; 21117
1691788690; 0; 12; 134; 0; 0; 8495.70, 2; 0; 0; 0.06, 433; 257; 8248.83, 21749; 21117
1691788705; 0; 12; 134; 0; 0; 8495.70, 2; 0; 0; 0.06, 434; 257; 8248.83, 21749; 21117
1691788715; 0; 12; 134; 0; 0; 8495.70, 2; 0; 0; 0.10, 435; 257; 8248.83, 21749; 21117
1691788726; 0; 12; 134; 0; 0; 8495.70, 2; 0; 0; 0.09, 436; 257; 8248.83, 21749; 21117
1691788737; 0; 12; 134; 0; 0; 8495.70, 2; 0; 0; 0.09, 437; 257; 8248.83, 21749; 21117
1691788747; 0; 12; 134; 0; 0; 8495.70, 2; 0; 0; 0.10, 438; 257; 8248.83, 21749; 21117
1691788757; 0; 12; 134; 0; 0; 8495.70, 2; 0; 0; 0.10, 439; 257; 8248.83, 21749; 21117
1691788768; 0; 12; 134; 0; 0; 8495.70, 2; 0; 0; 0.09, 440; 257; 8248.83, 21749; 21117
1691788781; 0; 12; 134; 0; 0; 8495.70, 2; 0; 0; 0.08, 441; 257; 8248.83, 21749; 21117
1691788791; 0; 12; 135; 0; 0; 8495.70, 2; 0; 0; 0.10, 442; 257; 8248.83, 21749; 21117
1691788819; 0; 12; 136; 0; 0; 8495.70, 2; 0; 0; 0.04, 443; 257; 8248.83, 21749; 21117
1691788830; 0; 12; 136; 0; 0; 8495.70, 2; 0; 0; 0.09, 444; 257; 8248.83, 21749; 21117
1691788840; 0; 12; 136; 0; 0; 8495.70, 2; 0; 0; 0.11, 445; 257; 8248.83, 21749; 21117
1691788851; 0; 12; 136; 0; 0; 8495.70, 2; 0; 0; 0.09, 446; 257; 8248.83, 21749; 21117
1691788862; 0; 12; 136; 0; 0; 8495.70, 2; 0; 0; 0.09, 447; 257; 8248.83, 21749; 21117
1691788872; 0; 12; 136; 0; 0; 8495.70, 2; 0; 0; 0.10, 448; 257; 8248.83, 21749; 21117
1691788883; 0; 12; 136; 0; 0; 8495.70, 2; 0; 0; 0.09, 449; 257; 8248.83, 21749; 21117
1691788893; 0; 12; 136; 0; 0; 8495.70, 2; 0; 0; 0.10, 450; 257; 8248.83, 21749; 21117
1691788904; 0; 12; 136; 0; 0; 8495.70, 2; 0; 0; 0.09, 451; 257; 8248.83, 21749; 21117
1691788915; 0; 12; 136; 0; 0; 8495.70, 2; 0; 0; 0.10, 452; 257; 8248.83, 21749; 21117
1691788930; 0; 12; 137; 0; 0; 8495.70, 2; 0; 0; 0.06, 453; 257; 8248.83, 21749; 21117
1691788942; 0; 12; 137; 0; 0; 8495.70, 2; 0; 0; 0.09, 454; 257; 8248.83, 21749; 21117
1691788952; 0; 12; 137; 0; 0; 8495.70, 2; 0; 0; 0.10, 455; 257; 8248.83, 21749; 21117
1691788962; 0; 12; 137; 0; 0; 8495.70, 2; 0; 0; 0.10, 456; 257; 8248.83, 21749; 21117
1691788974; 0; 12; 137; 0; 0; 8495.70, 2; 0; 0; 0.08, 457; 257; 8248.83, 21749; 21117
1691788985; 0; 12; 137; 0; 0; 8495.70, 2; 0; 0; 0.09, 458; 257; 8248.83, 21749; 21117
1691788995; 0; 12; 137; 0; 0; 8495.70, 2; 0; 0; 0.10, 459; 257; 8248.83, 21749; 21117
1691789005; 0; 12; 137; 0; 0; 8495.70, 2; 0; 0; 0.10, 460; 257; 8248.83, 21749; 21117
1691789022; 0; 12; 137; 0; 0; 8495.70, 2; 0; 0; 0.06, 461; 257; 8248.83, 21749; 21117
1691789036; 0; 12; 137; 0; 0; 8495.70, 2; 0; 0; 0.07, 462; 257; 8248.83, 21749; 21117
1691789048; 0; 12; 137; 0; 0; 8495.70, 2; 0; 0; 0.08, 463; 257; 8248.83, 21749; 21117
1691789058; 0; 12; 137; 0; 0; 8495.70, 2; 0; 0; 0.10, 464; 257; 8248.83, 21749; 21117
1691789083; 0; 12; 137; 0; 0; 8495.70, 2; 0; 0; 0.04, 465; 257; 8248.83, 21749; 21117
1691789096; 0; 12; 137; 0; 0; 8495.70, 2; 0; 0; 0.07, 466; 257; 8248.83, 21749; 21117
1691789105; 0; 12; 138; 0; 0; 8495.70, 2; 0; 0; 0.11, 467; 257; 8248.83, 21749; 21117
1691789114; 0; 12; 138; 0; 0; 8495.70, 2; 0; 0; 0.11, 468; 257; 8248.83, 21749; 21117
1691789123; 0; 12; 138; 0; 0; 8495.70, 2; 0; 0; 0.11, 469; 257; 8248.83, 21749; 21117
1691789162; 0; 12; 139; 0; 0; 8495.70, 2; 0; 0; 0.03, 470; 257; 8248.83, 21749; 21117
1691789172; 0; 12; 139; 0; 0; 8495.70, 2; 0; 0; 0.11, 471; 257; 8248.83, 21749; 21117
1691789180; 0; 12; 139; 0; 0; 8495.70, 2; 0; 0; 0.12, 472; 257; 8248.83, 21749; 21117
1691789189; 0; 12; 140; 0; 0; 8495.70, 2; 0; 0; 0.12, 473; 257; 8248.83, 21749; 21117
1691789198; 0; 12; 140; 0; 0; 8495.70, 2; 0; 0; 0.11, 474; 257; 8248.83, 21749; 21117
1691789207; 0; 12; 140; 0; 0; 8495.70, 2; 0; 0; 0.11, 475; 257; 8248.83, 21749; 21117
1691789217; 0; 12; 140; 0; 0; 8495.70, 2; 0; 0; 0.10, 476; 257; 8248.83, 21749; 21117
1691789225; 0; 12; 140; 0; 0; 8495.70, 2; 0; 0; 0.11, 477; 257; 8248.83, 21749; 21117
1691789235; 0; 12; 140; 0; 0; 8495.70, 2; 0; 0; 0.10, 478; 257; 8248.83, 21749; 21117
1691789251; 0; 12; 140; 0; 0; 8495.70, 2; 0; 0; 0.06, 479; 257; 8248.83, 21749; 21117
1691789263; 0; 12; 140; 0; 0; 8495.70, 2; 0; 0; 0.09, 480; 257; 8248.83, 21749; 21117
1691789272; 0; 12; 141; 0; 0; 8495.70, 2; 0; 0; 0.10, 481; 257; 8248.83, 21749; 21117
1691789281; 0; 12; 141; 0; 0; 8495.70, 2; 0; 0; 0.11, 482; 257; 8248.83, 21749; 21117
1691789290; 0; 12; 141; 0; 0; 8495.70, 2; 0; 0; 0.11, 483; 257; 8248.83, 21749; 21117
1691789299; 0; 12; 141; 0; 0; 8495.70, 2; 0; 0; 0.11, 484; 257; 8248.83, 21749; 21117
1691789310; 0; 12; 141; 0; 0; 8495.70, 2; 0; 0; 0.09, 485; 257; 8248.83, 21749; 21117
1691789320; 0; 12; 141; 0; 0; 8495.70, 2; 0; 0; 0.11, 486; 257; 8248.83, 21749; 21117
1691789331; 0; 12; 141; 0; 0; 8495.70, 2; 0; 0; 0.09, 487; 257; 8248.83, 21749; 21117
1691789341; 0; 12; 141; 0; 0; 8495.70, 2; 0; 0; 0.10, 488; 257; 8248.83, 21749; 21117
1691789357; 0; 12; 141; 0; 0; 8495.70, 2; 0; 0; 0.06, 489; 257; 8248.83, 21749; 21117
1691789368; 0; 12; 142; 0; 0; 8495.70, 2; 0; 0; 0.10, 490; 257; 8248.83, 21749; 21117
1691789377; 0; 12; 142; 0; 0; 8495.70, 2; 0; 0; 0.11, 491; 257; 8248.83, 21749; 21117
1691789386; 0; 12; 142; 0; 0; 8495.70, 2; 0; 0; 0.11, 492; 257; 8248.83, 21749; 21117
1691789395; 0; 12; 142; 0; 0; 8495.70, 2; 0; 0; 0.11, 493; 257; 8248.83, 21749; 21117
1691789404; 0; 12; 142; 0; 0; 8495.70, 2; 0; 0; 0.11, 494; 257; 8248.83, 21749; 21117
1691789414; 0; 12; 143; 0; 0; 8495.70, 2; 0; 0; 0.10, 495; 257; 8248.83, 21749; 21117
1691789438; 0; 12; 143; 0; 0; 8495.70, 2; 0; 0; 0.04, 496; 257; 8248.83, 21749; 21117
1691789447; 0; 12; 143; 0; 0; 8495.70, 2; 0; 0; 0.11, 497; 257; 8248.83, 21749; 21117
1691789456; 0; 12; 144; 0; 0; 8495.70, 2; 0; 0; 0.11, 498; 257; 8248.83, 21749; 21117
1691789465; 0; 12; 145; 0; 0; 8495.70, 2; 0; 0; 0.11, 499; 257; 8248.83, 21749; 21117
1691789474; 0; 12; 145; 0; 0; 8495.70, 2; 0; 0; 0.11, 500; 257; 8248.83, 21749; 21117
1691789484; 0; 12; 146; 0; 0; 8495.70, 2; 0; 0; 0.10, 501; 257; 8248.83, 21749; 21117
1691789515; 0; 12; 147; 0; 0; 8495.70, 2; 0; 0; 0.03, 502; 257; 8248.83, 21749; 21117
1691789526; 0; 12; 148; 0; 0; 8495.70, 2; 0; 0; 0.09, 503; 257; 8248.83, 21749; 21117
1691789534; 0; 12; 149; 0; 0; 8495.70, 2; 0; 0; 0.11, 504; 257; 8248.83, 21749; 21117
1691789547; 0; 12; 149; 0; 0; 8495.70, 2; 0; 0; 0.08, 505; 257; 8248.83, 21749; 21117
1691789556; 0; 12; 149; 0; 0; 8495.70, 2; 0; 0; 0.11, 506; 257; 8248.83, 21749; 21117
1691789565; 0; 12; 150; 0; 0; 8495.70, 2; 0; 0; 0.11, 507; 257; 8248.83, 21749; 21117
1691789576; 0; 12; 150; 0; 0; 8495.70, 2; 0; 0; 0.10, 508; 257; 8248.83, 21749; 21117
1691789585; 0; 12; 150; 0; 0; 8495.70, 2; 0; 0; 0.11, 509; 257; 8248.83, 21749; 21117
1691789594; 0; 12; 150; 0; 0; 8495.70, 2; 0; 0; 0.11, 510; 257; 8248.83, 21749; 21117
1691789604; 0; 12; 151; 0; 0; 8495.70, 2; 0; 0; 0.10, 511; 257; 8248.83, 21749; 21117
1691789613; 0; 12; 151; 0; 0; 8495.70, 2; 0; 0; 0.11, 512; 257; 8248.83, 21749; 21117
1691789624; 0; 12; 151; 0; 0; 8495.70, 2; 0; 0; 0.09, 513; 257; 8248.83, 21749; 21117
1691789633; 0; 12; 151; 0; 0; 8495.70, 2; 0; 0; 0.10, 514; 257; 8248.83, 21749; 21117
1691789643; 0; 12; 151; 0; 0; 8495.70, 2; 0; 0; 0.11, 515; 257; 8248.83, 21749; 21117
1691789652; 0; 12; 151; 0; 0; 8495.70, 2; 0; 0; 0.11, 516; 257; 8248.83, 21749; 21117
1691789661; 0; 12; 151; 0; 0; 8495.70, 2; 0; 0; 0.11, 517; 257; 8248.83, 21749; 21117
1691789670; 0; 12; 152; 0; 0; 8495.70, 2; 0; 0; 0.11, 518; 257; 8248.83, 21749; 21117
1691789680; 0; 12; 152; 0; 0; 8495.70, 2; 0; 0; 0.09, 519; 257; 8248.83, 21749; 21117
1691789689; 0; 12; 152; 0; 0; 8495.70, 2; 0; 0; 0.11, 520; 257; 8248.83, 21749; 21117
1691789699; 0; 12; 152; 0; 0; 8495.70, 2; 0; 0; 0.11, 521; 257; 8248.83, 21749; 21117
1691789715; 0; 12; 152; 0; 0; 8495.70, 2; 0; 0; 0.06, 522; 257; 8248.83, 21749; 21117
1691789724; 0; 12; 152; 0; 0; 8495.70, 2; 0; 0; 0.12, 523; 257; 8248.83, 21749; 21117
1691789740; 0; 12; 152; 0; 0; 8495.70, 2; 0; 0; 0.06, 524; 257; 8248.83, 21749; 21117
1691789750; 0; 12; 152; 0; 0; 8495.70, 2; 0; 0; 0.10, 525; 257; 8248.83, 21749; 21117
1691789761; 0; 12; 152; 0; 0; 8495.70, 2; 0; 0; 0.09, 526; 257; 8248.83, 21749; 21117
1691789770; 0; 12; 152; 0; 0; 8495.70, 2; 0; 0; 0.11, 527; 257; 8248.83, 21749; 21117
1691789779; 0; 12; 152; 0; 0; 8495.70, 2; 0; 0; 0.11, 528; 257; 8248.83, 21749; 21117
1691789789; 0; 12; 153; 0; 0; 8495.70, 2; 0; 0; 0.10, 529; 257; 8248.83, 21749; 21117
1691789798; 0; 12; 153; 0; 0; 8495.70, 2; 0; 0; 0.11, 530; 257; 8248.83, 21749; 21117
1691789810; 0; 12; 153; 0; 0; 8495.70, 2; 0; 0; 0.09, 531; 257; 8248.83, 21749; 21117
1691789819; 0; 12; 153; 0; 0; 8495.70, 2; 0; 0; 0.10, 532; 257; 8248.83, 21749; 21117
1691789829; 0; 12; 153; 0; 0; 8495.70, 2; 0; 0; 0.11, 533; 257; 8248.83, 21749; 21117
1691789838; 0; 12; 154; 0; 0; 8495.70, 2; 0; 0; 0.11, 534; 257; 8248.83, 21749; 21117
1691789847; 0; 12; 154; 0; 0; 8495.70, 2; 0; 0; 0.10, 535; 257; 8248.83, 21749; 21117
1691789856; 0; 12; 154; 0; 0; 8495.70, 2; 0; 0; 0.12, 536; 257; 8248.83, 21749; 21117
1691789865; 0; 12; 154; 0; 0; 8495.70, 2; 0; 0; 0.11, 537; 257; 8248.83, 21749; 21117
1691789874; 0; 12; 154; 0; 0; 8495.70, 2; 0; 0; 0.11, 538; 257; 8248.83, 21749; 21117
1691789884; 0; 12; 154; 0; 0; 8495.70, 2; 0; 0; 0.10, 539; 257; 8248.83, 21749; 21117
1691789893; 0; 12; 154; 0; 0; 8495.70, 2; 0; 0; 0.11, 540; 257; 8248.83, 21749; 21117
1691789905; 0; 12; 154; 0; 0; 8495.70, 2; 0; 0; 0.09, 541; 257; 8248.83, 21749; 21117
1691789918; 0; 12; 154; 0; 0; 8495.70, 2; 0; 0; 0.08, 542; 257; 8248.83, 21749; 21117
1691789930; 0; 12; 154; 0; 0; 8495.70, 2; 0; 0; 0.08, 543; 257; 8248.83, 21749; 21117
1691789939; 0; 12; 154; 0; 0; 8495.70, 2; 0; 0; 0.11, 544; 257; 8248.83, 21749; 21117
1691789949; 0; 12; 154; 0; 0; 8495.70, 2; 0; 0; 0.10, 545; 257; 8248.83, 21749; 21117
1691789958; 0; 12; 154; 0; 0; 8495.70, 2; 0; 0; 0.11, 546; 257; 8248.83, 21749; 21117
1691789967; 0; 12; 154; 0; 0; 8495.70, 2; 0; 0; 0.11, 547; 257; 8248.83, 21749; 21117
1691789984; 0; 12; 154; 0; 0; 8495.70, 2; 0; 0; 0.06, 548; 257; 8248.83, 21749; 21117
1691790001; 0; 12; 154; 0; 0; 8495.70, 2; 0; 0; 0.06, 549; 257; 8248.83, 21749; 21117
1691790010; 0; 12; 154; 0; 0; 8495.70, 2; 0; 0; 0.12, 550; 257; 8248.83, 21749; 21117
1691790019; 0; 12; 154; 0; 0; 8495.70, 2; 0; 0; 0.11, 551; 257; 8248.83, 21749; 21117
1691790028; 0; 12; 154; 0; 0; 8495.70, 2; 0; 0; 0.11, 552; 257; 8248.83, 21749; 21117
1691790037; 0; 12; 154; 0; 0; 8495.70, 2; 0; 0; 0.11, 553; 257; 8248.83, 21749; 21117
1691790046; 0; 12; 154; 0; 0; 8495.70, 2; 0; 0; 0.11, 554; 257; 8248.83, 21749; 21117
1691790054; 0; 12; 154; 0; 0; 8495.70, 2; 0; 0; 0.11, 555; 257; 8248.83, 21749; 21117
1691790064; 0; 12; 154; 0; 0; 8495.70, 2; 0; 0; 0.11, 556; 257; 8248.83, 21749; 21117
1691790074; 0; 12; 154; 0; 0; 8495.70, 2; 0; 0; 0.10, 557; 257; 8248.83, 21749; 21117
1691790083; 0; 12; 154; 0; 0; 8495.70, 2; 0; 0; 0.11, 558; 257; 8248.83, 21749; 21117
1691790095; 0; 12; 154; 0; 0; 8495.70, 2; 0; 0; 0.09, 559; 257; 8248.83, 21749; 21117
1691790104; 0; 12; 154; 0; 0; 8495.70, 2; 0; 0; 0.11, 560; 257; 8248.83, 21749; 21117
1691790113; 0; 12; 154; 0; 0; 8495.70, 2; 0; 0; 0.11, 561; 257; 8248.83, 21749; 21117
1691790122; 0; 12; 154; 0; 0; 8495.70, 2; 0; 0; 0.11, 562; 257; 8248.83, 21749; 21117
1691790132; 0; 12; 154; 0; 0; 8495.70, 2; 0; 0; 0.11, 563; 257; 8248.83, 21749; 21117
1691790141; 0; 12; 154; 0; 0; 8495.70, 2; 0; 0; 0.10, 564; 257; 8248.83, 21749; 21117
1691790150; 0; 12; 154; 0; 0; 8495.70, 2; 0; 0; 0.11, 565; 257; 8248.83, 21749; 21117
1691790160; 0; 12; 154; 0; 0; 8495.70, 2; 0; 0; 0.11, 566; 257; 8248.83, 21749; 21117
1691790170; 0; 12; 154; 0; 0; 8495.70, 2; 0; 0; 0.10, 567; 257; 8248.83, 21749; 21117
1691790179; 0; 12; 155; 0; 0; 8495.70, 2; 0; 0; 0.11, 568; 257; 8248.83, 21749; 21117
1691790188; 0; 12; 155; 0; 0; 8495.70, 2; 0; 0; 0.11, 569; 257; 8248.83, 21749; 21117
1691790203; 0; 12; 156; 0; 0; 8495.70, 2; 0; 0; 0.06, 570; 257; 8248.83, 21749; 21117
1691790212; 0; 12; 156; 0; 0; 8495.70, 2; 0; 0; 0.11, 571; 257; 8248.83, 21749; 21117
1691790221; 0; 12; 156; 0; 0; 8495.70, 2; 0; 0; 0.11, 572; 257; 8248.83, 21749; 21117
1691790230; 0; 12; 156; 0; 0; 8495.70, 2; 0; 0; 0.11, 573; 257; 8248.83, 21749; 21117
1691790240; 0; 12; 156; 0; 0; 8495.70, 2; 0; 0; 0.10, 574; 257; 8248.83, 21749; 21117
1691790264; 0; 12; 156; 0; 0; 8495.70, 2; 0; 0; 0.04, 575; 257; 8248.83, 21749; 21117
1691790273; 0; 12; 156; 0; 0; 8495.70, 2; 0; 0; 0.11, 576; 257; 8248.83, 21749; 21117
1691790282; 0; 12; 156; 0; 0; 8495.70, 2; 0; 0; 0.11, 577; 257; 8248.83, 21749; 21117
1691790291; 0; 12; 156; 0; 0; 8495.70, 2; 0; 0; 0.10, 578; 257; 8248.83, 21749; 21117
1691790300; 0; 12; 156; 0; 0; 8495.70, 2; 0; 0; 0.11, 579; 257; 8248.83, 21749; 21117
1691790310; 0; 12; 156; 0; 0; 8495.70, 2; 0; 0; 0.11, 580; 257; 8248.83, 21749; 21117
1691790319; 0; 12; 156; 0; 0; 8495.70, 2; 0; 0; 0.11, 581; 257; 8248.83, 21749; 21117
1691790328; 0; 12; 156; 0; 0; 8495.70, 2; 0; 0; 0.11, 582; 257; 8248.83, 21749; 21117
1691790338; 0; 12; 156; 0; 0; 8495.70, 2; 0; 0; 0.10, 583; 257; 8248.83, 21749; 21117
1691790347; 0; 12; 156; 0; 0; 8495.70, 2; 0; 0; 0.11, 584; 257; 8248.83, 21749; 21117
1691790356; 0; 12; 157; 0; 0; 8495.70, 2; 0; 0; 0.11, 585; 257; 8248.83, 21749; 21117
1691790365; 0; 12; 157; 0; 0; 8495.70, 2; 0; 0; 0.11, 586; 257; 8248.83, 21749; 21117
1691790375; 0; 12; 157; 0; 0; 8495.70, 2; 0; 0; 0.11, 587; 257; 8248.83, 21749; 21117
1691790384; 0; 12; 158; 0; 0; 8495.70, 2; 0; 0; 0.10, 588; 257; 8248.83, 21749; 21117
1691790398; 0; 12; 158; 0; 0; 8495.70, 2; 0; 0; 0.07, 589; 257; 8248.83, 21749; 21117
1691790414; 0; 12; 158; 0; 0; 8495.70, 2; 0; 0; 0.06, 590; 257; 8248.83, 21749; 21117
1691790423; 0; 12; 158; 0; 0; 8495.70, 2; 0; 0; 0.10, 591; 257; 8248.83, 21749; 21117
1691790451; 0; 12; 159; 0; 0; 8495.70, 2; 0; 0; 0.04, 592; 257; 8248.83, 21749; 21117
1691790465; 0; 12; 160; 0; 0; 8495.70, 2; 0; 0; 0.08, 593; 257; 8248.83, 21749; 21117
1691790474; 0; 12; 160; 0; 0; 8495.70, 2; 0; 0; 0.10, 594; 257; 8248.83, 21749; 21117
1691790484; 0; 12; 160; 0; 0; 8495.70, 2; 0; 0; 0.10, 595; 257; 8248.83, 21749; 21117
1691790493; 0; 12; 160; 0; 0; 8495.70, 2; 0; 0; 0.11, 596; 257; 8248.83, 21749; 21117
1691790504; 0; 12; 160; 0; 0; 8495.70, 2; 0; 0; 0.09, 597; 257; 8248.83, 21749; 21117
1691790513; 0; 12; 160; 0; 0; 8495.70, 2; 0; 0; 0.11, 598; 257; 8248.83, 21749; 21117
1691790523; 0; 12; 160; 0; 0; 8495.70, 2; 0; 0; 0.11, 599; 257; 8248.83, 21749; 21117
1691790532; 0; 12; 160; 0; 0; 8495.70, 2; 0; 0; 0.11, 600; 257; 8248.83, 21749; 21117
1691790541; 0; 12; 160; 0; 0; 8495.70, 2; 0; 0; 0.11, 601; 257; 8248.83, 21749; 21117
1691790550; 0; 12; 160; 0; 0; 8495.70, 2; 0; 0; 0.11, 602; 257; 8248.83, 21749; 21117
1691790561; 0; 12; 160; 0; 0; 8495.70, 2; 0; 0; 0.09, 603; 257; 8248.83, 21749; 21117
1691790571; 0; 12; 160; 0; 0; 8495.70, 2; 0; 0; 0.10, 604; 257; 8248.83, 21749; 21117
1691790580; 0; 12; 160; 0; 0; 8495.70, 2; 0; 0; 0.11, 604; 258; 8248.83, 21749; 21117
1691790589; 0; 12; 160; 0; 0; 8495.70, 2; 0; 0; 0.11, 605; 258; 8248.83, 21749; 21117
1691790599; 0; 12; 160; 0; 0; 8495.70, 2; 0; 0; 0.11, 606; 258; 8248.83, 21749; 21117
1691790608; 0; 12; 160; 0; 0; 8495.70, 2; 0; 0; 0.10, 607; 258; 8248.83, 21749; 21117
1691790618; 0; 12; 161; 0; 0; 8495.70, 2; 0; 0; 0.11, 608; 258; 8248.83, 21749; 21117
1691790627; 0; 12; 161; 0; 0; 8495.70, 2; 0; 0; 0.11, 609; 258; 8248.83, 21749; 21117
1691790636; 0; 12; 161; 0; 0; 8495.70, 2; 0; 0; 0.11, 610; 258; 8248.83, 21749; 21117
1691790645; 0; 12; 161; 0; 0; 8495.70, 2; 0; 0; 0.11, 611; 258; 8248.83, 21749; 21117
1691790654; 0; 12; 161; 0; 0; 8495.70, 2; 0; 0; 0.11, 612; 258; 8248.83, 21749; 21117
1691790663; 0; 12; 162; 0; 0; 8495.70, 2; 0; 0; 0.11, 613; 258; 8248.83, 21749; 21117
1691790673; 0; 12; 162; 0; 0; 8495.70, 2; 0; 0; 0.11, 614; 258; 8248.83, 21749; 21117
1691790682; 0; 12; 162; 0; 0; 8495.70, 2; 0; 0; 0.11, 615; 258; 8248.83, 21749; 21117
1691790691; 0; 12; 162; 0; 0; 8495.70, 2; 0; 0; 0.11, 616; 258; 8248.83, 21749; 21117
1691790700; 0; 12; 163; 0; 0; 8495.70, 2; 0; 0; 0.11, 617; 258; 8248.83, 21749; 21117
1691790710; 0; 12; 163; 0; 0; 8495.70, 2; 0; 0; 0.10, 618; 258; 8248.83, 21749; 21117
1691790719; 0; 12; 163; 0; 0; 8495.70, 2; 0; 0; 0.10, 619; 258; 8248.83, 21749; 21117
1691790728; 0; 12; 163; 0; 0; 8495.70, 2; 0; 0; 0.11, 620; 258; 8248.83, 21749; 21117
1691790738; 0; 12; 163; 0; 0; 8495.70, 2; 0; 0; 0.11, 621; 258; 8248.83, 21749; 21117
1691790747; 0; 12; 163; 0; 0; 8495.70, 2; 0; 0; 0.11, 622; 258; 8248.83, 21749; 21117
1691790758; 0; 12; 163; 0; 0; 8495.70, 2; 0; 0; 0.09, 623; 258; 8248.83, 21749; 21117
1691790775; 0; 12; 163; 0; 0; 8495.70, 2; 0; 0; 0.06, 624; 258; 8248.83, 21749; 21117
1691790794; 0; 12; 163; 0; 0; 8495.70, 2; 0; 0; 0.05, 625; 258; 8248.83, 21749; 21117
1691790811; 0; 12; 163; 0; 0; 8495.70, 2; 0; 0; 0.06, 626; 258; 8248.83, 21749; 21117
1691790826; 0; 12; 163; 0; 0; 8495.70, 2; 0; 0; 0.06, 627; 258; 8248.83, 21749; 21117
1691790836; 0; 12; 163; 0; 0; 8495.70, 2; 0; 0; 0.11, 628; 258; 8248.83, 21749; 21117
1691790845; 0; 12; 163; 0; 0; 8495.70, 2; 0; 0; 0.11, 629; 258; 8248.83, 21749; 21117
1691790853; 0; 12; 163; 0; 0; 8495.70, 2; 0; 0; 0.12, 630; 258; 8248.83, 21749; 21117
1691790867; 0; 12; 163; 0; 0; 8495.70, 2; 0; 0; 0.07, 631; 258; 8248.83, 21749; 21117
1691790876; 0; 12; 163; 0; 0; 8495.70, 2; 0; 0; 0.11, 632; 258; 8248.83, 21749; 21117
1691790885; 0; 12; 163; 0; 0; 8495.70, 2; 0; 0; 0.11, 633; 258; 8248.83, 21749; 21117
1691790895; 0; 12; 163; 0; 0; 8495.70, 2; 0; 0; 0.10, 634; 258; 8248.83, 21749; 21117
1691790904; 0; 12; 163; 0; 0; 8495.70, 2; 0; 0; 0.11, 635; 258; 8248.83, 21749; 21117
1691790915; 0; 12; 163; 0; 0; 8495.70, 2; 0; 0; 0.10, 636; 258; 8248.83, 21749; 21117
1691790924; 0; 12; 163; 0; 0; 8495.70, 2; 0; 0; 0.10, 637; 258; 8248.83, 21749; 21117
1691790935; 0; 12; 163; 0; 0; 8495.70, 2; 0; 0; 0.10, 638; 258; 8248.83, 21749; 21117
1691790952; 0; 12; 163; 0; 0; 8495.70, 2; 0; 0; 0.06, 639; 258; 8248.83, 21749; 21117
1691790962; 0; 12; 163; 0; 0; 8495.70, 2; 0; 0; 0.10, 640; 258; 8248.83, 21749; 21117
1691790972; 0; 12; 163; 0; 0; 8495.70, 2; 0; 0; 0.11, 641; 258; 8248.83, 21749; 21117
1691790987; 0; 12; 163; 0; 0; 8495.70, 2; 0; 0; 0.06, 642; 258; 8248.83, 21749; 21117
1691791007; 0; 12; 163; 0; 0; 8495.70, 2; 0; 0; 0.05, 643; 258; 8248.83, 21749; 21117
1691791019; 0; 12; 163; 0; 0; 8495.70, 2; 0; 0; 0.09, 644; 258; 8248.83, 21749; 21117
1691791033; 0; 12; 163; 0; 0; 8495.70, 2; 0; 0; 0.07, 645; 258; 8248.83, 21749; 21117
1691791052; 0; 12; 163; 0; 0; 8495.70, 2; 0; 0; 0.05, 646; 258; 8248.83, 21749; 21117
1691791063; 0; 12; 163; 0; 0; 8495.70, 2; 0; 0; 0.09, 647; 258; 8248.83, 21749; 21117
1691791081; 0; 12; 163; 0; 0; 8495.70, 2; 0; 0; 0.06, 648; 258; 8248.83, 21749; 21117
1691791099; 0; 12; 163; 0; 0; 8495.70, 2; 0; 0; 0.06, 649; 258; 8248.83, 21749; 21117
1691791148; 0; 12; 164; 0; 0; 8495.70, 2; 0; 0; 0.02, 650; 258; 8248.83, 21749; 21117
1691791157; 0; 12; 164; 0; 0; 8495.70, 2; 0; 0; 0.11, 651; 258; 8248.83, 21749; 21117
1691791167; 0; 12; 165; 0; 0; 8495.70, 2; 0; 0; 0.10, 652; 258; 8248.83, 21749; 21117
1691791176; 0; 12; 165; 0; 0; 8495.70, 2; 0; 0; 0.11, 653; 258; 8248.83, 21749; 21117
1691791185; 0; 12; 165; 0; 0; 8495.70, 2; 0; 0; 0.11, 654; 258; 8248.83, 21749; 21117
1691791195; 0; 12; 166; 0; 0; 8495.70, 2; 0; 0; 0.10, 655; 258; 8248.83, 21749; 21117
1691791204; 0; 12; 166; 0; 0; 8495.70, 2; 0; 0; 0.11, 656; 258; 8248.83, 21749; 21117
1691791216; 0; 12; 166; 0; 0; 8495.70, 2; 0; 0; 0.09, 657; 258; 8248.83, 21749; 21117
1691791225; 0; 12; 166; 0; 0; 8495.70, 2; 0; 0; 0.11, 658; 258; 8248.83, 21749; 21117
1691791237; 0; 12; 166; 0; 0; 8495.70, 2; 0; 0; 0.08, 659; 258; 8248.83, 21749; 21117
1691791246; 0; 12; 166; 0; 0; 8495.70, 2; 0; 0; 0.11, 660; 258; 8248.83, 21749; 21117
1691791255; 0; 12; 166; 0; 0; 8495.70, 2; 0; 0; 0.11, 661; 258; 8248.83, 21749; 21117
1691791264; 0; 12; 166; 0; 0; 8495.70, 2; 0; 0; 0.11, 662; 258; 8248.83, 21749; 21117
1691791273; 0; 12; 166; 0; 0; 8495.70, 2; 0; 0; 0.11, 663; 258; 8248.83, 21749; 21117
1691791284; 0; 12; 167; 0; 0; 8495.70, 2; 0; 0; 0.09, 664; 258; 8248.83, 21749; 21117
1691791293; 0; 12; 167; 0; 0; 8495.70, 2; 0; 0; 0.11, 665; 258; 8248.83, 21749; 21117
1691791303; 0; 12; 167; 0; 0; 8495.70, 2; 0; 0; 0.11, 666; 258; 8248.83, 21749; 21117
1691791316; 0; 12; 167; 0; 0; 8495.70, 2; 0; 0; 0.07, 667; 258; 8248.83, 21749; 21117
1691791326; 0; 12; 167; 0; 0; 8495.70, 2; 0; 0; 0.11, 668; 258; 8248.83, 21749; 21117
1691791335; 0; 12; 167; 0; 0; 8495.70, 2; 0; 0; 0.11, 669; 258; 8248.83, 21749; 21117
1691791344; 0; 12; 167; 0; 0; 8495.70, 2; 0; 0; 0.11, 670; 258; 8248.83, 21749; 21117
1691791353; 0; 12; 167; 0; 0; 8495.70, 2; 0; 0; 0.11, 671; 258; 8248.83, 21749; 21117
1691791362; 0; 12; 167; 0; 0; 8495.70, 2; 0; 0; 0.11, 672; 258; 8248.83, 21749; 21117
1691791371; 0; 12; 167; 0; 0; 8495.70, 2; 0; 0; 0.11, 673; 258; 8248.83, 21749; 21117
1691791380; 0; 12; 167; 0; 0; 8495.70, 2; 0; 0; 0.11, 674; 258; 8248.83, 21749; 21117
1691791389; 0; 12; 167; 0; 0; 8495.70, 2; 0; 0; 0.11, 675; 258; 8248.83, 21749; 21117
1691791398; 0; 12; 167; 0; 0; 8495.70, 2; 0; 0; 0.11, 676; 258; 8248.83, 21749; 21117
1691791408; 0; 12; 167; 0; 0; 8495.70, 2; 0; 0; 0.11, 677; 258; 8248.83, 21749; 21117
1691791417; 0; 12; 167; 0; 0; 8495.70, 2; 0; 0; 0.10, 678; 258; 8248.83, 21749; 21117
1691791426; 0; 12; 167; 0; 0; 8495.70, 2; 0; 0; 0.11, 679; 258; 8248.83, 21749; 21117
1691791435; 0; 12; 167; 0; 0; 8495.70, 2; 0; 0; 0.11, 680; 258; 8248.83, 21749; 21117
1691791452; 0; 12; 167; 0; 0; 8495.70, 2; 0; 0; 0.06, 681; 258; 8248.83, 21749; 21117
1691791461; 0; 12; 167; 0; 0; 8495.70, 2; 0; 0; 0.11, 682; 258; 8248.83, 21749; 21117
1691791471; 0; 12; 167; 0; 0; 8495.70, 2; 0; 0; 0.11, 683; 258; 8248.83, 21749; 21117
1691791481; 0; 12; 167; 0; 0; 8495.70, 2; 0; 0; 0.10, 684; 258; 8248.83, 21749; 21117
1691791489; 0; 12; 167; 0; 0; 8495.70, 2; 0; 0; 0.11, 685; 258; 8248.83, 21749; 21117
1691791498; 0; 12; 167; 0; 0; 8495.70, 2; 0; 0; 0.11, 686; 258; 8248.83, 21749; 21117
1691791507; 0; 12; 167; 0; 0; 8495.70, 2; 0; 0; 0.11, 687; 258; 8248.83, 21749; 21117
1691791516; 0; 12; 167; 0; 0; 8495.70, 2; 0; 0; 0.11, 688; 258; 8248.83, 21749; 21117
1691791525; 0; 12; 167; 0; 0; 8495.70, 2; 0; 0; 0.11, 689; 258; 8248.83, 21749; 21117
1691791535; 0; 12; 168; 0; 0; 8495.70, 2; 0; 0; 0.10, 690; 258; 8248.83, 21749; 21117
1691791545; 0; 12; 168; 0; 0; 8495.70, 2; 0; 0; 0.10, 691; 258; 8248.83, 21749; 21117
1691791556; 0; 12; 168; 0; 0; 8495.70, 2; 0; 0; 0.09, 692; 258; 8248.83, 21749; 21117
1691791565; 0; 12; 168; 0; 0; 8495.70, 2; 0; 0; 0.11, 693; 258; 8248.83, 21749; 21117
1691791574; 0; 12; 168; 0; 0; 8495.70, 2; 0; 0; 0.11, 694; 258; 8248.83, 21749; 21117
1691791583; 0; 12; 168; 0; 0; 8495.70, 2; 0; 0; 0.11, 695; 258; 8248.83, 21749; 21117
1691791592; 0; 12; 168; 0; 0; 8495.70, 2; 0; 0; 0.11, 696; 258; 8248.83, 21749; 21117
1691791601; 0; 12; 168; 0; 0; 8495.70, 2; 0; 0; 0.11, 697; 258; 8248.83, 21749; 21117
1691791610; 0; 12; 168; 0; 0; 8495.70, 2; 0; 0; 0.11, 698; 258; 8248.83, 21749; 21117
1691791619; 0; 12; 168; 0; 0; 8495.70, 2; 0; 0; 0.11, 699; 258; 8248.83, 21749; 21117
1691791628; 0; 12; 168; 0; 0; 8495.70, 2; 0; 0; 0.11, 700; 258; 8248.83, 21749; 21117
1691791637; 0; 12; 168; 0; 0; 8495.70, 2; 0; 0; 0.11, 701; 258; 8248.83, 21749; 21117
1691791647; 0; 12; 168; 0; 0; 8495.70, 2; 0; 0; 0.10, 702; 258; 8248.83, 21749; 21117
1691791656; 0; 12; 168; 0; 0; 8495.70, 2; 0; 0; 0.11, 703; 258; 8248.83, 21749; 21117
1691791665; 0; 12; 168; 0; 0; 8495.70, 2; 0; 0; 0.11, 704; 258; 8248.83, 21749; 21117
1691791674; 0; 12; 168; 0; 0; 8495.70, 2; 0; 0; 0.11, 705; 258; 8248.83, 21749; 21117
1691791683; 0; 12; 168; 0; 0; 8495.70, 2; 0; 0; 0.11, 706; 258; 8248.83, 21749; 21117
1691791693; 0; 12; 168; 0; 0; 8495.70, 2; 0; 0; 0.11, 707; 258; 8248.83, 21749; 21117
1691791705; 0; 12; 168; 0; 0; 8495.70, 2; 0; 0; 0.08, 708; 258; 8248.83, 21749; 21117
1691791725; 0; 12; 168; 0; 0; 8495.70, 2; 0; 0; 0.05, 709; 258; 8248.83, 21749; 21117
1691791737; 0; 12; 168; 0; 0; 8495.70, 2; 0; 0; 0.08, 710; 258; 8248.83, 21749; 21117
1691791745; 0; 12; 168; 0; 0; 8495.70, 2; 0; 0; 0.12, 711; 258; 8248.83, 21749; 21117
1691791755; 0; 12; 168; 0; 0; 8495.70, 2; 0; 0; 0.11, 712; 258; 8248.83, 21749; 21117
1691791764; 0; 12; 169; 0; 0; 8495.70, 2; 0; 0; 0.11, 713; 258; 8248.83, 21749; 21117
1691791773; 0; 12; 169; 0; 0; 8495.70, 3; 0; 0; 0.11, 713; 259; 8248.83, 21749; 21117
1691791782; 0; 12; 170; 0; 0; 8495.70, 3; 0; 0; 0.11, 714; 259; 8248.83, 21749; 21117
1691791796; 0; 12; 170; 0; 0; 8495.70, 3; 0; 0; 0.07, 715; 259; 8248.83, 21749; 21117
1691791805; 0; 12; 170; 0; 0; 8495.70, 3; 0; 0; 0.11, 716; 259; 8248.83, 21749; 21117
1691791815; 0; 12; 170; 0; 0; 8495.70, 3; 0; 0; 0.11, 717; 259; 8248.83, 21749; 21117
1691791824; 0; 12; 170; 0; 0; 8495.70, 3; 0; 0; 0.10, 718; 259; 8248.83, 21749; 21117
1691791834; 0; 12; 170; 0; 0; 8495.70, 3; 0; 0; 0.11, 719; 259; 8248.83, 21749; 21117
1691791846; 0; 12; 170; 0; 0; 8495.70, 3; 0; 0; 0.08, 720; 259; 8248.83, 21749; 21117
1691791856; 0; 12; 170; 0; 0; 8495.70, 3; 0; 0; 0.10, 721; 259; 8248.83, 21749; 21117
1691791865; 0; 12; 170; 0; 0; 8495.70, 3; 0; 0; 0.11, 722; 259; 8248.83, 21749; 21117
1691791874; 0; 12; 170; 0; 0; 8495.70, 3; 0; 0; 0.11, 723; 259; 8248.83, 21749; 21117
1691791899; 0; 12; 170; 0; 0; 8495.70, 3; 0; 0; 0.04, 724; 259; 8248.83, 21749; 21117
1691791909; 0; 12; 170; 0; 0; 8495.70, 3; 0; 0; 0.10, 725; 259; 8248.83, 21749; 21117
1691791918; 0; 12; 170; 0; 0; 8495.70, 3; 0; 0; 0.11, 726; 259; 8248.83, 21749; 21117
1691791928; 0; 12; 170; 0; 0; 8495.70, 3; 0; 0; 0.10, 727; 259; 8248.83, 21749; 21117
1691791938; 0; 12; 170; 0; 0; 8495.70, 3; 0; 0; 0.10, 728; 259; 8248.83, 21749; 21117
1691791947; 0; 12; 170; 0; 0; 8495.70, 3; 0; 0; 0.11, 729; 259; 8248.83, 21749; 21117
1691791959; 0; 12; 170; 0; 0; 8495.70, 3; 0; 0; 0.08, 730; 259; 8248.83, 21749; 21117
1691791968; 0; 12; 170; 0; 0; 8495.70, 3; 0; 0; 0.11, 731; 259; 8248.83, 21749; 21117
1691791979; 0; 12; 170; 0; 0; 8495.70, 3; 0; 0; 0.09, 732; 259; 8248.83, 21749; 21117
1691791995; 0; 12; 170; 0; 0; 8495.70, 3; 0; 0; 0.06, 733; 259; 8248.83, 21749; 21117
1691792005; 0; 12; 170; 0; 0; 8495.70, 3; 0; 0; 0.10, 734; 259; 8248.83, 21749; 21117
1691792015; 0; 12; 170; 0; 0; 8495.70, 3; 0; 0; 0.10, 735; 259; 8248.83, 21749; 21117
1691792024; 0; 12; 170; 0; 0; 8495.70, 3; 0; 0; 0.11, 736; 259; 8248.83, 21749; 21117
1691792033; 0; 12; 170; 0; 0; 8495.70, 3; 0; 0; 0.11, 737; 259; 8248.83, 21749; 21117
1691792041; 0; 12; 170; 0; 0; 8495.70, 3; 0; 0; 0.11, 738; 259; 8248.83, 21749; 21117
1691792051; 0; 12; 170; 0; 0; 8495.70, 3; 0; 0; 0.11, 739; 259; 8248.83, 21749; 21117
1691792060; 0; 12; 170; 0; 0; 8495.70, 3; 0; 0; 0.11, 740; 259; 8248.83, 21749; 21117
1691792070; 0; 12; 170; 0; 0; 8495.70, 3; 0; 0; 0.09, 741; 259; 8248.83, 21749; 21117
1691792080; 0; 12; 170; 0; 0; 8495.70, 3; 0; 0; 0.11, 742; 259; 8248.83, 21749; 21117
1691792096; 0; 12; 170; 0; 0; 8495.70, 3; 0; 0; 0.06, 743; 259; 8248.83, 21749; 21117
1691792106; 0; 12; 170; 0; 0; 8495.70, 3; 0; 0; 0.10, 744; 259; 8248.83, 21749; 21117
1691792115; 0; 12; 170; 0; 0; 8495.70, 3; 0; 0; 0.11, 745; 259; 8248.83, 21749; 21117
1691792124; 0; 12; 170; 0; 0; 8495.70, 3; 0; 0; 0.11, 746; 259; 8248.83, 21749; 21117
1691792133; 0; 12; 170; 0; 0; 8495.70, 3; 0; 0; 0.11, 747; 259; 8248.83, 21749; 21117
1691792145; 0; 12; 170; 0; 0; 8495.70, 3; 0; 0; 0.09, 748; 259; 8248.83, 21749; 21117
1691792161; 0; 12; 170; 0; 0; 8495.70, 3; 0; 0; 0.06, 749; 259; 8248.83, 21749; 21117
1691792176; 0; 12; 170; 0; 0; 8495.70, 3; 0; 0; 0.07, 750; 259; 8248.83, 21749; 21117
1691792185; 0; 12; 170; 0; 0; 8495.70, 3; 0; 0; 0.11, 751; 259; 8248.83, 21749; 21117
1691792195; 0; 12; 170; 0; 0; 8495.70, 3; 0; 0; 0.10, 752; 259; 8248.83, 21749; 21117
1691792207; 0; 12; 170; 0; 0; 8495.70, 3; 0; 0; 0.09, 753; 259; 8248.83, 21749; 21117
1691792216; 0; 12; 171; 0; 0; 8495.70, 3; 0; 0; 0.11, 754; 259; 8248.83, 21749; 21117
1691792225; 0; 12; 172; 0; 0; 8495.70, 3; 0; 0; 0.11, 755; 259; 8248.83, 21749; 21117
1691792234; 0; 12; 173; 0; 0; 8495.70, 3; 0; 0; 0.11, 756; 259; 8248.83, 21749; 21117
1691792243; 0; 12; 174; 0; 0; 8495.70, 3; 0; 0; 0.11, 757; 259; 8248.83, 21749; 21117
1691792257; 0; 12; 175; 0; 0; 8495.70, 3; 0; 0; 0.07, 758; 259; 8248.83, 21749; 21117
1691792267; 0; 12; 176; 0; 0; 8495.70, 3; 0; 0; 0.10, 759; 259; 8248.83, 21749; 21117
1691792287; 0; 12; 177; 0; 0; 8495.70, 3; 0; 0; 0.05, 760; 259; 8248.83, 21749; 21117
1691792296; 0; 12; 177; 0; 0; 8495.70, 3; 0; 0; 0.11, 761; 259; 8248.83, 21749; 21117
1691792308; 0; 12; 178; 0; 0; 8495.70, 3; 0; 0; 0.08, 762; 259; 8248.83, 21749; 21117
1691792322; 0; 12; 178; 0; 0; 8495.70, 3; 0; 0; 0.07, 763; 259; 8248.83, 21749; 21117
1691792332; 0; 12; 178; 0; 0; 8495.70, 3; 0; 0; 0.10, 764; 259; 8248.83, 21749; 21117
1691792341; 0; 12; 178; 0; 0; 8495.70, 3; 0; 0; 0.11, 765; 259; 8248.83, 21749; 21117
1691792350; 0; 12; 178; 0; 0; 8495.70, 3; 0; 0; 0.11, 766; 259; 8248.83, 21749; 21117
1691792359; 0; 12; 178; 0; 0; 8495.70, 3; 0; 0; 0.11, 767; 259; 8248.83, 21749; 21117
1691792368; 0; 12; 178; 0; 0; 8495.70, 3; 0; 0; 0.11, 768; 259; 8248.83, 21749; 21117
1691792377; 0; 12; 178; 0; 0; 8495.70, 3; 0; 0; 0.11, 769; 259; 8248.83, 21749; 21117
1691792387; 0; 12; 178; 0; 0; 8495.70, 3; 0; 0; 0.11, 770; 259; 8248.83, 21749; 21117
1691792397; 0; 12; 178; 0; 0; 8495.70, 3; 0; 0; 0.10, 771; 259; 8248.83, 21749; 21117
1691792406; 0; 12; 179; 0; 0; 8495.70, 3; 0; 0; 0.11, 772; 259; 8248.83, 21749; 21117
1691792415; 0; 12; 179; 0; 0; 8495.70, 3; 0; 0; 0.11, 773; 259; 8248.83, 21749; 21117
1691792425; 0; 12; 179; 0; 0; 8495.70, 3; 0; 0; 0.11, 774; 259; 8248.83, 21749; 21117
1691792434; 0; 12; 179; 0; 0; 8495.70, 3; 0; 0; 0.11, 775; 259; 8248.83, 21749; 21117
1691792443; 0; 12; 179; 0; 0; 8495.70, 3; 0; 0; 0.11, 776; 259; 8248.83, 21749; 21117
1691792452; 0; 12; 179; 0; 0; 8495.70, 3; 0; 0; 0.11, 777; 259; 8248.83, 21749; 21117
1691792462; 0; 12; 179; 0; 0; 8495.70, 3; 0; 0; 0.11, 778; 259; 8248.83, 21749; 21117
1691792473; 0; 12; 179; 0; 0; 8495.70, 3; 0; 0; 0.09, 779; 259; 8248.83, 21749; 21117
1691792482; 0; 12; 179; 0; 0; 8495.70, 3; 0; 0; 0.11, 780; 259; 8248.83, 21749; 21117
1691792491; 0; 12; 179; 0; 0; 8495.70, 3; 0; 0; 0.11, 781; 259; 8248.83, 21749; 21117
1691792505; 0; 12; 179; 0; 0; 8495.70, 3; 0; 0; 0.07, 782; 259; 8248.83, 21749; 21117
1691792515; 0; 12; 179; 0; 0; 8495.70, 3; 0; 0; 0.11, 783; 259; 8248.83, 21749; 21117
1691792524; 0; 12; 179; 0; 0; 8495.70, 3; 0; 0; 0.11, 784; 259; 8248.83, 21749; 21117
1691792533; 0; 12; 179; 0; 0; 8495.70, 3; 0; 0; 0.11, 785; 259; 8248.83, 21749; 21117
1691792543; 0; 12; 179; 0; 0; 8495.70, 3; 0; 0; 0.11, 786; 259; 8248.83, 21749; 21117
1691792552; 0; 12; 179; 0; 0; 8495.70, 3; 0; 0; 0.11, 787; 259; 8248.83, 21749; 21117
1691792561; 0; 12; 179; 0; 0; 8495.70, 3; 0; 0; 0.11, 788; 259; 8248.83, 21749; 21117
1691792570; 0; 12; 179; 0; 0; 8495.70, 3; 0; 0; 0.11, 789; 259; 8248.83, 21749; 21117
1691792579; 0; 12; 179; 0; 0; 8495.70, 3; 0; 0; 0.11, 790; 259; 8248.83, 21749; 21117
1691792589; 0; 12; 179; 0; 0; 8495.70, 3; 0; 0; 0.10, 791; 259; 8248.83, 21749; 21117
1691792598; 0; 12; 179; 0; 0; 8495.70, 3; 0; 0; 0.11, 792; 259; 8248.83, 21749; 21117
1691792608; 0; 12; 179; 0; 0; 8495.70, 3; 0; 0; 0.10, 793; 259; 8248.83, 21749; 21117
1691792618; 0; 12; 179; 0; 0; 8495.70, 3; 0; 0; 0.11, 794; 259; 8248.83, 21749; 21117
1691792630; 0; 12; 179; 0; 0; 8495.70, 3; 0; 0; 0.08, 795; 259; 8248.83, 21749; 21117
1691792639; 0; 12; 179; 0; 0; 8495.70, 3; 0; 0; 0.11, 796; 259; 8248.83, 21749; 21117
1691792649; 0; 12; 179; 0; 0; 8495.70, 3; 0; 0; 0.10, 797; 259; 8248.83, 21749; 21117
1691792658; 0; 12; 179; 0; 0; 8495.70, 3; 0; 0; 0.11, 798; 259; 8248.83, 21749; 21117
1691792667; 0; 12; 179; 0; 0; 8495.70, 3; 0; 0; 0.11, 799; 259; 8248.83, 21749; 21117
1691792682; 0; 12; 179; 0; 0; 8495.70, 3; 0; 0; 0.07, 800; 259; 8248.83, 21749; 21117
1691792693; 0; 12; 179; 0; 0; 8495.70, 3; 0; 0; 0.09, 801; 259; 8248.83, 21749; 21117
1691792702; 0; 12; 179; 0; 0; 8495.70, 3; 0; 0; 0.11, 802; 259; 8248.83, 21749; 21117
1691792711; 0; 12; 179; 0; 0; 8495.70, 3; 0; 0; 0.11, 803; 259; 8248.83, 21749; 21117
1691792725; 0; 12; 179; 0; 0; 8495.70, 3; 0; 0; 0.07, 804; 259; 8248.83, 21749; 21117
1691792735; 0; 12; 180; 0; 0; 8495.70, 3; 0; 0; 0.10, 805; 259; 8248.83, 21749; 21117
1691792744; 0; 12; 180; 0; 0; 8495.70, 3; 0; 0; 0.11, 806; 259; 8248.83, 21749; 21117
1691792754; 0; 12; 180; 0; 0; 8495.70, 3; 0; 0; 0.11, 807; 259; 8248.83, 21749; 21117
1691792763; 0; 12; 180; 0; 0; 8495.70, 3; 0; 0; 0.11, 808; 259; 8248.83, 21749; 21117
1691792772; 0; 12; 180; 0; 0; 8495.70, 3; 0; 0; 0.11, 809; 259; 8248.83, 21749; 21117
1691792781; 0; 12; 180; 0; 0; 8495.70, 3; 0; 0; 0.11, 810; 259; 8248.83, 21749; 21117
1691792790; 0; 12; 180; 0; 0; 8495.70, 3; 0; 0; 0.11, 811; 259; 8248.83, 21749; 21117
1691792800; 0; 12; 180; 0; 0; 8495.70, 3; 0; 0; 0.11, 812; 259; 8248.83, 21749; 21117
1691792809; 0; 12; 180; 0; 0; 8495.70, 3; 0; 0; 0.11, 813; 259; 8248.83, 21749; 21117
1691792818; 0; 12; 180; 0; 0; 8495.70, 3; 0; 0; 0.11, 814; 259; 8248.83, 21749; 21117
1691792829; 0; 12; 180; 0; 0; 8495.70, 3; 0; 0; 0.09, 815; 259; 8248.83, 21749; 21117
1691792843; 0; 12; 180; 0; 0; 8495.70, 3; 0; 0; 0.07, 816; 259; 8248.83, 21749; 21117
1691792852; 0; 12; 180; 0; 0; 8495.70, 3; 0; 0; 0.11, 817; 259; 8248.83, 21749; 21117
1691792861; 0; 12; 180; 0; 0; 8495.70, 3; 0; 0; 0.11, 818; 259; 8248.83, 21749; 21117
1691792870; 0; 12; 180; 0; 0; 8495.70, 3; 0; 0; 0.11, 819; 259; 8248.83, 21749; 21117
1691792879; 0; 12; 180; 0; 0; 8495.70, 3; 0; 0; 0.11, 820; 259; 8248.83, 21749; 21117
1691792894; 0; 12; 180; 0; 0; 8495.70, 3; 0; 0; 0.07, 821; 259; 8248.83, 21749; 21117
1691792903; 0; 12; 180; 0; 0; 8495.70, 3; 0; 0; 0.11, 822; 259; 8248.83, 21749; 21117
1691792912; 0; 12; 180; 0; 0; 8495.70, 3; 0; 0; 0.11, 823; 259; 8248.83, 21749; 21117
1691792922; 0; 12; 180; 0; 0; 8495.70, 3; 0; 0; 0.11, 824; 259; 8248.83, 21749; 21117
1691792932; 0; 12; 180; 0; 0; 8495.70, 3; 0; 0; 0.10, 825; 259; 8248.83, 21749; 21117
1691792941; 0; 12; 180; 0; 0; 8495.70, 3; 0; 0; 0.10, 826; 259; 8248.83, 21749; 21117
1691792951; 0; 12; 180; 0; 0; 8495.70, 3; 0; 0; 0.10, 827; 259; 8248.83, 21749; 21117
1691792960; 0; 12; 180; 0; 0; 8495.70, 3; 0; 0; 0.11, 828; 259; 8248.83, 21749; 21117
1691792970; 0; 12; 180; 0; 0; 8495.70, 3; 0; 0; 0.10, 829; 259; 8248.83, 21749; 21117
1691792979; 0; 12; 180; 0; 0; 8495.70, 3; 0; 0; 0.11, 830; 259; 8248.83, 21749; 21117
1691792988; 0; 12; 180; 0; 0; 8495.70, 3; 0; 0; 0.11, 831; 259; 8248.83, 21749; 21117
1691792997; 0; 12; 180; 0; 0; 8495.70, 4; 0; 0; 0.11, 831; 260; 8248.83, 21749; 21117
1691793006; 0; 12; 180; 0; 0; 8495.70, 4; 0; 0; 0.11, 832; 260; 8248.83, 21749; 21117
1691793015; 0; 12; 180; 0; 0; 8495.70, 4; 0; 0; 0.11, 833; 260; 8248.83, 21749; 21117
1691793024; 0; 12; 180; 0; 0; 8495.70, 4; 0; 0; 0.11, 834; 260; 8248.83, 21749; 21117
1691793033; 0; 12; 180; 0; 0; 8495.70, 4; 0; 0; 0.11, 835; 260; 8248.83, 21749; 21117
1691793048; 0; 12; 180; 0; 0; 8495.70, 4; 0; 0; 0.07, 836; 260; 8248.83, 21749; 21117
1691793061; 0; 12; 180; 0; 0; 8495.70, 4; 0; 0; 0.08, 837; 260; 8248.83, 21749; 21117
1691793070; 0; 12; 180; 0; 0; 8495.70, 4; 0; 0; 0.11, 838; 260; 8248.83, 21749; 21117
1691793079; 0; 12; 180; 0; 0; 8495.70, 4; 0; 0; 0.11, 839; 260; 8248.83, 21749; 21117
1691793091; 0; 12; 180; 0; 0; 8495.70, 4; 0; 0; 0.09, 840; 260; 8248.83, 21749; 21117
1691793100; 0; 12; 180; 0; 0; 8495.70, 4; 0; 0; 0.11, 841; 260; 8248.83, 21749; 21117
1691793109; 0; 12; 180; 0; 0; 8495.70, 4; 0; 0; 0.11, 842; 260; 8248.83, 21749; 21117
1691793126; 0; 12; 180; 0; 0; 8495.70, 4; 0; 0; 0.06, 843; 260; 8248.83, 21749; 21117
1691793138; 0; 12; 180; 0; 0; 8495.70, 4; 0; 0; 0.08, 844; 260; 8248.83, 21749; 21117
1691793147; 0; 12; 180; 0; 0; 8495.70, 4; 0; 0; 0.11, 845; 260; 8248.83, 21749; 21117
1691793157; 0; 12; 180; 0; 0; 8495.70, 4; 0; 0; 0.11, 846; 260; 8248.83, 21749; 21117
1691793180; 0; 12; 180; 0; 0; 8495.70, 4; 0; 0; 0.04, 847; 260; 8248.83, 21749; 21117
1691793190; 0; 12; 180; 0; 0; 8495.70, 4; 0; 0; 0.10, 848; 260; 8248.83, 21749; 21117
1691793212; 0; 12; 181; 0; 0; 8495.70, 4; 0; 0; 0.05, 849; 260; 8248.83, 21749; 21117
1691793222; 0; 12; 181; 0; 0; 8495.70, 4; 0; 0; 0.11, 850; 260; 8248.83, 21749; 21117
1691793231; 0; 12; 181; 0; 0; 8495.70, 4; 0; 0; 0.11, 851; 260; 8248.83, 21749; 21117
1691793240; 0; 12; 181; 0; 0; 8495.70, 4; 0; 0; 0.11, 852; 260; 8248.83, 21749; 21117
1691793255; 0; 12; 181; 0; 0; 8495.70, 4; 0; 0; 0.06, 853; 260; 8248.83, 21749; 21117
1691793264; 0; 12; 181; 0; 0; 8495.70, 4; 0; 0; 0.12, 854; 260; 8248.83, 21749; 21117
1691793273; 0; 12; 181; 0; 0; 8495.70, 4; 0; 0; 0.11, 855; 260; 8248.83, 21749; 21117
1691793281; 0; 12; 181; 0; 0; 8495.70, 4; 0; 0; 0.12, 856; 260; 8248.83, 21749; 21117
1691793290; 0; 12; 181; 0; 0; 8495.70, 4; 0; 0; 0.12, 857; 260; 8248.83, 21749; 21117
1691793299; 0; 12; 181; 0; 0; 8495.70, 4; 0; 0; 0.11, 858; 260; 8248.83, 21749; 21117
1691793307; 0; 12; 181; 0; 0; 8495.70, 4; 0; 0; 0.12, 859; 260; 8248.83, 21749; 21117
1691793316; 0; 12; 182; 0; 0; 8495.70, 4; 0; 0; 0.12, 860; 260; 8248.83, 21749; 21117
1691793325; 0; 12; 182; 0; 0; 8495.70, 4; 0; 0; 0.11, 861; 260; 8248.83, 21749; 21117
1691793333; 0; 12; 182; 0; 0; 8495.70, 4; 0; 0; 0.12, 862; 260; 8248.83, 21749; 21117
1691793341; 0; 12; 182; 0; 0; 8495.70, 4; 0; 0; 0.12, 863; 260; 8248.83, 21749; 21117
1691793379; 0; 12; 183; 0; 0; 8495.70, 4; 0; 0; 0.03, 864; 260; 8248.83, 21749; 21117
1691793388; 0; 12; 183; 0; 0; 8495.70, 4; 0; 0; 0.12, 865; 260; 8248.83, 21749; 21117
1691793397; 0; 12; 183; 0; 0; 8495.70, 4; 0; 0; 0.11, 866; 260; 8248.83, 21749; 21117
1691793413; 0; 12; 183; 0; 0; 8495.70, 4; 0; 0; 0.06, 867; 260; 8248.83, 21749; 21117
1691793413; 0; 12; 183; 0; 0; 8495.70, 4; 0; 0; 0.00, 867; 260; 8248.83, 21749; 21117
