# unix_time, cycles_done, cur_path, paths_total, pending_total, pending_favs, map_size, unique_crashes, unique_hangs, max_depth, execs_per_sec, valid_inputs, invalid_inputs, valid_cov, all_covered_probes, valid_covered_probes
1693412353, 0, 0, 1, 0, 0, 2527.34, 0, 0, 0, 0.02, 0, 1, 0.00, 6470, 0
1693412378, 0, 0, 2, 0, 0, 2589.84, 0, 0, 0, 0.04, 0, 2, 0.00, 6630, 0
1693412401, 0, 0, 3, 0, 0, 2591.80, 0, 0, 0, 0.04, 0, 3, 0.00, 6635, 0
1693412426, 0, 0, 4, 0, 0, 2591.80, 0, 0, 0, 0.04, 0, 4, 0.00, 6635, 0
1693412447, 0, 0, 5, 0, 0, 2591.80, 0, 0, 0, 0.05, 0, 5, 0.00, 6635, 0
1693412471, 0, 0, 6, 0, 0, 2591.80, 0, 0, 0, 0.04, 0, 6, 0.00, 6635, 0
1693412490, 0, 0, 6, 0, 0, 2591.80, 0, 0, 0, 0.05, 0, 7, 0.00, 6635, 0
1693412510, 0, 0, 6, 0, 0, 2591.80, 0, 0, 0, 0.05, 0, 8, 0.00, 6635, 0
1693412530, 0, 0, 6, 0, 0, 2591.80, 0, 0, 0, 0.05, 0, 9, 0.00, 6635, 0
