# unix_time, cycles_done, cur_path, paths_total, pending_total, pending_favs, map_size, unique_crashes, unique_hangs, max_depth, execs_per_sec, valid_inputs, invalid_inputs, valid_cov, all_covered_probes, valid_covered_probes
1695465180, 0, 0, 1, 0, 0, 3827.34, 0, 0, 0, 0.45, 0, 1, 0.00, 9798, 0
1695465180, 0, 0, 4, 0, 0, 4317.19, 0, 0, 0, 8.06, 2, 2, 2813.28, 11052, 7202
1695465202, 0, 0, 5, 0, 0, 24677.73, 0, 0, 0, 0.05, 3, 2, 24105.08, 63175, 61709
1695465221, 0, 0, 11, 0, 0, 25599.61, 0, 0, 0, 0.30, 5, 6, 24729.69, 65535, 63308
1695465234, 0, 0, 13, 0, 0, 25851.56, 1, 0, 0, 0.41, 8, 8, 25000.39, 66180, 64001
1695465257, 0, 0, 19, 0, 0, 25989.45, 1, 0, 0, 0.34, 13, 11, 25046.09, 66533, 64118
1695465269, 0, 0, 20, 0, 0, 26000.39, 1, 0, 0, 0.34, 17, 11, 25057.03, 66561, 64146
1695465280, 0, 0, 20, 0, 0, 26000.39, 2, 0, 0, 0.62, 22, 13, 25057.03, 66561, 64146
1695465295, 0, 0, 21, 0, 0, 26007.42, 2, 0, 0, 0.35, 26, 14, 25064.06, 66579, 64164
1695465315, 0, 0, 23, 0, 0, 26383.59, 2, 0, 0, 0.20, 30, 14, 25440.23, 67542, 65127
1695465330, 0, 0, 25, 0, 0, 26391.80, 2, 0, 0, 0.45, 35, 16, 25448.44, 67563, 65148
1695465363, 0, 0, 27, 0, 0, 26419.14, 2, 0, 0, 0.43, 47, 18, 25464.45, 67633, 65189
1695465376, 0, 0, 28, 0, 0, 26595.70, 2, 0, 0, 1.02, 54, 24, 25642.58, 68085, 65645
1695465395, 0, 0, 29, 0, 0, 26604.30, 2, 0, 0, 0.26, 56, 27, 25651.17, 68107, 65667
1695465412, 0, 0, 30, 0, 0, 26616.41, 2, 0, 0, 0.06, 57, 27, 25663.28, 68138, 65698
1695465427, 0, 0, 32, 0, 0, 26617.19, 2, 0, 0, 0.44, 61, 30, 25664.06, 68140, 65700
1695465441, 0, 0, 33, 0, 0, 26617.58, 2, 0, 0, 0.07, 62, 30, 25664.45, 68141, 65701
1695465455, 0, 0, 34, 0, 0, 26621.48, 2, 0, 0, 1.24, 72, 37, 25668.36, 68151, 65711
1695465468, 0, 0, 35, 0, 0, 26631.25, 2, 0, 0, 0.99, 78, 44, 25678.13, 68176, 65736
1695465481, 0, 0, 36, 0, 0, 26644.14, 2, 0, 0, 0.07, 79, 44, 25691.02, 68209, 65769
1695465505, 0, 0, 36, 0, 0, 26644.14, 2, 0, 0, 0.13, 80, 46, 25691.02, 68209, 65769
1695465518, 0, 0, 36, 0, 0, 26644.14, 2, 0, 0, 0.99, 88, 51, 25691.02, 68209, 65769
1695465531, 0, 0, 36, 0, 0, 26644.14, 2, 0, 0, 0.86, 96, 54, 25691.02, 68209, 65769
1695465549, 0, 0, 37, 0, 0, 26662.11, 2, 0, 0, 0.90, 108, 59, 25708.98, 68255, 65815
1695465565, 0, 0, 38, 0, 0, 26662.89, 2, 0, 0, 1.05, 116, 67, 25709.77, 68257, 65817
1695465577, 0, 0, 38, 0, 0, 26662.89, 2, 0, 0, 0.24, 117, 69, 25709.77, 68257, 65817
1695465590, 0, 0, 38, 0, 0, 26662.89, 2, 0, 0, 0.15, 118, 70, 25709.77, 68257, 65817
1695465603, 0, 0, 38, 0, 0, 26662.89, 2, 0, 0, 0.78, 125, 73, 25709.77, 68257, 65817
1695465617, 0, 0, 38, 0, 0, 26662.89, 2, 0, 0, 1.24, 133, 82, 25709.77, 68257, 65817
1695465630, 0, 0, 38, 0, 0, 26662.89, 2, 0, 0, 1.63, 148, 89, 25709.77, 68257, 65817
1695465645, 0, 0, 39, 0, 0, 26663.67, 2, 0, 0, 0.34, 151, 91, 25710.55, 68259, 65819
1695465657, 0, 0, 39, 0, 0, 26663.67, 3, 0, 0, 0.25, 153, 92, 25710.55, 68259, 65819
1695465670, 0, 0, 40, 0, 0, 26664.84, 3, 0, 0, 0.24, 156, 92, 25711.72, 68262, 65822
1695465710, 0, 0, 40, 0, 0, 26664.84, 3, 0, 0, 0.30, 161, 99, 25711.72, 68262, 65822
1695465724, 0, 0, 41, 0, 0, 26680.08, 3, 0, 0, 0.65, 168, 101, 25726.95, 68301, 65861
1695465737, 0, 0, 41, 0, 0, 26680.08, 3, 0, 0, 0.16, 170, 101, 25726.95, 68301, 65861
1695465737, 0, 0, 41, 0, 0, 26680.08, 3, 0, 0, 42.42, 180, 105, 25726.95, 68301, 65861
1695465751, 0, 0, 41, 0, 0, 26680.08, 3, 0, 0, 0.44, 184, 107, 25726.95, 68301, 65861
1695465767, 0, 0, 42, 0, 0, 26680.86, 3, 0, 0, 0.50, 187, 112, 25727.73, 68303, 65863
1695465783, 0, 0, 42, 0, 0, 26680.86, 3, 0, 0, 0.44, 190, 116, 25727.73, 68303, 65863
1695465796, 0, 0, 42, 0, 0, 26680.86, 3, 0, 0, 0.60, 196, 118, 25727.73, 68303, 65863
1695465810, 0, 0, 42, 0, 0, 26680.86, 3, 0, 0, 0.73, 202, 122, 25727.73, 68303, 65863
1695465825, 0, 0, 43, 0, 0, 26681.64, 3, 0, 0, 0.20, 203, 124, 25728.52, 68305, 65865
1695465840, 0, 0, 44, 0, 0, 26683.59, 3, 0, 0, 0.07, 204, 124, 25730.47, 68310, 65870
1695465852, 0, 0, 44, 0, 0, 26683.59, 3, 0, 0, 0.87, 213, 126, 25730.47, 68310, 65870
1695465865, 0, 0, 44, 0, 0, 26683.59, 3, 0, 0, 1.81, 228, 134, 25730.47, 68310, 65870
1695465879, 0, 0, 44, 0, 0, 26683.59, 3, 0, 0, 0.88, 233, 141, 25730.47, 68310, 65870
1695465892, 0, 0, 44, 0, 0, 26683.59, 3, 0, 0, 0.08, 234, 141, 25730.47, 68310, 65870
1695465904, 0, 0, 45, 0, 0, 26683.98, 3, 0, 0, 0.48, 239, 142, 25730.86, 68311, 65871
1695465904, 0, 0, 45, 0, 0, 26683.98, 3, 0, 0, 3.07, 240, 142, 25730.86, 68311, 65871
1695465918, 0, 0, 45, 0, 0, 26683.98, 3, 0, 0, 0.07, 241, 142, 25730.86, 68311, 65871
1695465931, 0, 0, 45, 0, 0, 26683.98, 3, 0, 0, 0.08, 242, 142, 25730.86, 68311, 65871
1695465945, 0, 0, 45, 0, 0, 26683.98, 3, 0, 0, 0.14, 243, 143, 25730.86, 68311, 65871
1695465958, 0, 0, 45, 0, 0, 26683.98, 3, 0, 0, 0.79, 250, 146, 25730.86, 68311, 65871
1695465971, 0, 0, 45, 0, 0, 26683.98, 3, 0, 0, 1.37, 263, 151, 25730.86, 68311, 65871
1695465984, 0, 0, 45, 0, 0, 26683.98, 3, 0, 0, 0.15, 264, 152, 25730.86, 68311, 65871
1695465997, 0, 0, 45, 0, 0, 26683.98, 3, 0, 0, 0.32, 267, 153, 25730.86, 68311, 65871
1695466011, 0, 0, 46, 0, 0, 26685.16, 3, 0, 0, 0.71, 273, 157, 25732.03, 68314, 65874
1695466032, 0, 0, 46, 0, 0, 26685.16, 3, 0, 0, 0.29, 275, 161, 25732.03, 68314, 65874
1695466047, 0, 0, 46, 0, 0, 26685.16, 3, 0, 0, 0.75, 284, 163, 25732.03, 68314, 65874
1695466060, 0, 0, 46, 0, 0, 26685.16, 3, 0, 0, 0.23, 287, 163, 25732.03, 68314, 65874
1695466079, 0, 0, 47, 0, 0, 26685.55, 3, 0, 0, 0.05, 288, 163, 25732.42, 68315, 65875
1695466092, 0, 0, 47, 0, 0, 26685.55, 3, 0, 0, 0.45, 292, 165, 25732.42, 68315, 65875
1695466105, 0, 0, 47, 0, 0, 26685.55, 3, 0, 0, 0.23, 294, 166, 25732.42, 68315, 65875
1695466121, 0, 0, 48, 0, 0, 26685.94, 3, 0, 0, 0.57, 303, 166, 25732.81, 68316, 65876
1695466136, 0, 0, 48, 0, 0, 26685.94, 3, 0, 0, 0.06, 304, 166, 25732.81, 68316, 65876
1695466151, 0, 0, 49, 0, 0, 26687.11, 3, 0, 0, 0.35, 306, 169, 25733.98, 68319, 65879
1695466165, 0, 0, 49, 0, 0, 26687.11, 3, 0, 0, 0.50, 310, 172, 25733.98, 68319, 65879
1695466177, 0, 0, 49, 0, 0, 26687.11, 3, 0, 0, 0.23, 312, 173, 25733.98, 68319, 65879
1695466178, 0, 0, 49, 0, 0, 26687.11, 3, 0, 0, 51.52, 317, 185, 25733.98, 68319, 65879
1695466192, 0, 0, 49, 0, 0, 26687.11, 3, 0, 0, 0.29, 320, 186, 25733.98, 68319, 65879
1695466205, 0, 0, 49, 0, 0, 26687.11, 3, 0, 0, 0.37, 323, 188, 25733.98, 68319, 65879
1695466222, 0, 0, 49, 0, 0, 26687.11, 3, 0, 0, 0.12, 325, 188, 25733.98, 68319, 65879
1695466235, 0, 0, 49, 0, 0, 26687.11, 3, 0, 0, 0.15, 327, 188, 25733.98, 68319, 65879
1695466249, 0, 0, 49, 0, 0, 26687.11, 3, 0, 0, 0.22, 328, 190, 25733.98, 68319, 65879
1695466249, 0, 0, 49, 0, 0, 26687.11, 3, 0, 0, 81.50, 345, 199, 25733.98, 68319, 65879
1695466262, 0, 0, 49, 0, 0, 26687.11, 3, 0, 0, 0.15, 347, 199, 25733.98, 68319, 65879
1695466263, 0, 0, 49, 0, 0, 26687.11, 3, 0, 0, 60.90, 359, 206, 25733.98, 68319, 65879
1695466276, 0, 0, 49, 0, 0, 26687.11, 3, 0, 0, 1.11, 369, 211, 25733.98, 68319, 65879
1695466276, 0, 0, 49, 0, 0, 26687.11, 3, 0, 0, 45.16, 376, 218, 25733.98, 68319, 65879
1695466290, 0, 0, 49, 0, 0, 26687.11, 3, 0, 0, 0.43, 379, 221, 25733.98, 68319, 65879
1695466307, 0, 0, 50, 0, 0, 26693.36, 3, 0, 0, 0.12, 380, 222, 25740.23, 68335, 65895
1695466321, 0, 0, 50, 0, 0, 26693.36, 3, 0, 0, 0.65, 388, 223, 25740.23, 68335, 65895
1695466337, 0, 0, 50, 0, 0, 26693.36, 3, 0, 0, 0.25, 390, 225, 25740.23, 68335, 65895
1695466350, 0, 0, 50, 0, 0, 26693.36, 3, 0, 0, 0.77, 393, 232, 25740.23, 68335, 65895
1695466373, 0, 0, 51, 0, 0, 26694.14, 3, 0, 0, 0.09, 394, 233, 25740.23, 68337, 65895
1695466388, 0, 0, 51, 0, 0, 26694.14, 3, 0, 0, 0.48, 400, 234, 25740.23, 68337, 65895
1695466403, 0, 0, 51, 0, 0, 26694.14, 3, 0, 0, 0.20, 402, 235, 25740.23, 68337, 65895
1695466415, 0, 0, 51, 0, 0, 26694.14, 3, 0, 0, 0.39, 404, 238, 25740.23, 68337, 65895
1695466430, 0, 0, 52, 0, 0, 26695.31, 3, 0, 0, 0.60, 407, 244, 25741.41, 68340, 65898
1695466444, 0, 0, 52, 0, 0, 26695.31, 3, 0, 0, 0.14, 409, 244, 25741.41, 68340, 65898
1695466457, 0, 0, 52, 0, 0, 26695.31, 3, 0, 0, 0.08, 410, 244, 25741.41, 68340, 65898
1695466474, 0, 0, 52, 0, 0, 26695.31, 3, 0, 0, 0.48, 414, 248, 25741.41, 68340, 65898
1695466487, 0, 0, 52, 0, 0, 26695.31, 3, 0, 0, 0.14, 416, 248, 25741.41, 68340, 65898
1695466501, 0, 0, 52, 0, 0, 26695.31, 3, 0, 0, 0.64, 423, 250, 25741.41, 68340, 65898
1695466518, 0, 0, 52, 0, 0, 26695.31, 3, 0, 0, 0.19, 426, 250, 25741.41, 68340, 65898
1695466518, 0, 0, 52, 0, 0, 26695.31, 3, 0, 0, 19.89, 432, 251, 25741.41, 68340, 65898
1695466533, 0, 0, 52, 0, 0, 26695.31, 3, 0, 0, 0.07, 433, 251, 25741.41, 68340, 65898
1695466533, 0, 0, 52, 0, 0, 26695.31, 3, 0, 0, 38.46, 438, 258, 25741.41, 68340, 65898
1695466534, 0, 0, 52, 0, 0, 26695.31, 3, 0, 0, 37.88, 444, 267, 25741.41, 68340, 65898
1695466547, 0, 0, 52, 0, 0, 26695.31, 3, 0, 0, 0.72, 450, 271, 25741.41, 68340, 65898
1695466562, 0, 0, 52, 0, 0, 26695.31, 3, 0, 0, 0.81, 459, 274, 25741.41, 68340, 65898
1695466577, 0, 0, 52, 0, 0, 26695.31, 3, 0, 0, 0.21, 462, 274, 25741.41, 68340, 65898
1695466590, 0, 0, 52, 0, 0, 26695.31, 3, 0, 0, 0.83, 469, 278, 25741.41, 68340, 65898
1695466604, 0, 0, 52, 0, 0, 26695.31, 3, 0, 0, 0.28, 472, 279, 25741.41, 68340, 65898
1695466618, 0, 0, 52, 0, 0, 26695.31, 3, 0, 0, 0.22, 473, 281, 25741.41, 68340, 65898
1695466632, 0, 0, 52, 0, 0, 26695.31, 3, 0, 0, 0.42, 476, 284, 25741.41, 68340, 65898
1695466645, 0, 0, 52, 0, 0, 26695.31, 3, 0, 0, 0.23, 479, 284, 25741.41, 68340, 65898
1695466659, 0, 0, 53, 0, 0, 26695.70, 3, 0, 0, 0.07, 480, 284, 25741.80, 68341, 65899
1695466672, 0, 0, 53, 0, 0, 26695.70, 3, 0, 0, 1.10, 489, 289, 25741.80, 68341, 65899
1695466688, 0, 0, 53, 0, 0, 26695.70, 3, 0, 0, 0.64, 494, 294, 25741.80, 68341, 65899
1695466705, 0, 0, 53, 0, 0, 26695.70, 3, 0, 0, 0.06, 495, 294, 25741.80, 68341, 65899
1695466738, 0, 0, 53, 0, 0, 26695.70, 3, 0, 0, 0.30, 500, 299, 25741.80, 68341, 65899
1695466738, 0, 0, 53, 0, 0, 26695.70, 3, 0, 0, 21.74, 506, 302, 25741.80, 68341, 65899
1695466738, 0, 0, 53, 0, 0, 26695.70, 3, 0, 0, 19.11, 509, 305, 25741.80, 68341, 65899
1695466753, 0, 0, 53, 0, 0, 26695.70, 3, 0, 0, 0.21, 512, 305, 25741.80, 68341, 65899
1695466767, 0, 0, 53, 0, 0, 26695.70, 3, 0, 0, 0.36, 516, 306, 25741.80, 68341, 65899
1695466793, 0, 0, 53, 0, 0, 26695.70, 3, 0, 0, 0.08, 517, 307, 25741.80, 68341, 65899
1695466794, 0, 0, 53, 0, 0, 26695.70, 3, 0, 0, 34.81, 524, 311, 25741.80, 68341, 65899
1695466794, 0, 0, 53, 0, 0, 26695.70, 3, 0, 0, 24.69, 527, 316, 25741.80, 68341, 65899
1695466810, 0, 0, 53, 0, 0, 26695.70, 3, 0, 0, 0.37, 529, 320, 25741.80, 68341, 65899
1695466823, 0, 0, 53, 0, 0, 26695.70, 3, 0, 0, 0.15, 531, 320, 25741.80, 68341, 65899
1695466840, 0, 0, 53, 0, 0, 26695.70, 3, 0, 0, 0.06, 532, 320, 25741.80, 68341, 65899
1695466853, 0, 0, 53, 0, 0, 26695.70, 3, 0, 0, 0.22, 534, 321, 25741.80, 68341, 65899
1695466867, 0, 0, 53, 0, 0, 26695.70, 3, 0, 0, 0.14, 535, 322, 25741.80, 68341, 65899
1695466893, 0, 0, 53, 0, 0, 26695.70, 3, 0, 0, 0.39, 540, 327, 25741.80, 68341, 65899
1695466907, 0, 0, 53, 0, 0, 26695.70, 3, 0, 0, 0.86, 547, 332, 25741.80, 68341, 65899
1695466920, 0, 0, 53, 0, 0, 26695.70, 3, 0, 0, 0.23, 549, 333, 25741.80, 68341, 65899
1695466920, 0, 0, 53, 0, 0, 26695.70, 3, 0, 0, 20.00, 553, 335, 25741.80, 68341, 65899
1695466933, 0, 0, 53, 0, 0, 26695.70, 3, 0, 0, 0.08, 553, 336, 25741.80, 68341, 65899
1695466946, 0, 0, 53, 0, 0, 26695.70, 3, 0, 0, 0.15, 555, 336, 25741.80, 68341, 65899
1695466960, 0, 0, 53, 0, 0, 26695.70, 3, 0, 0, 0.72, 562, 339, 25741.80, 68341, 65899
1695466961, 0, 0, 53, 0, 0, 26695.70, 3, 0, 0, 25.00, 568, 342, 25741.80, 68341, 65899
1695466975, 0, 0, 53, 0, 0, 26695.70, 3, 0, 0, 0.21, 571, 342, 25741.80, 68341, 65899
1695466975, 0, 0, 53, 0, 0, 26695.70, 3, 0, 0, 38.46, 575, 350, 25741.80, 68341, 65899
1695466975, 0, 0, 53, 0, 0, 26695.70, 3, 0, 0, 22.88, 578, 354, 25741.80, 68341, 65899
1695466991, 0, 0, 54, 0, 0, 26696.48, 3, 0, 0, 0.13, 580, 354, 25742.58, 68343, 65901
1695467004, 0, 0, 54, 0, 0, 26696.48, 3, 0, 0, 0.15, 582, 354, 25742.58, 68343, 65901
1695467004, 0, 0, 54, 0, 0, 26696.48, 3, 0, 0, 26.23, 587, 357, 25742.58, 68343, 65901
1695467019, 0, 0, 54, 0, 0, 26696.48, 3, 0, 0, 0.63, 591, 362, 25742.58, 68343, 65901
1695467032, 0, 0, 54, 0, 0, 26696.48, 3, 0, 0, 0.67, 597, 365, 25742.58, 68343, 65901
1695467046, 0, 0, 54, 0, 0, 26696.48, 3, 0, 0, 0.30, 600, 366, 25742.58, 68343, 65901
1695467059, 0, 0, 54, 0, 0, 26696.48, 3, 0, 0, 0.45, 604, 368, 25742.58, 68343, 65901
1695467072, 0, 0, 54, 0, 0, 26696.48, 3, 0, 0, 0.07, 605, 368, 25742.58, 68343, 65901
1695467085, 0, 0, 54, 0, 0, 26696.48, 3, 0, 0, 0.08, 606, 368, 25742.58, 68343, 65901
1695467119, 0, 0, 54, 0, 0, 26696.48, 3, 0, 0, 0.18, 611, 369, 25742.58, 68343, 65901
1695467120, 0, 0, 54, 0, 0, 26696.48, 3, 0, 0, 37.27, 619, 373, 25742.58, 68343, 65901
1695467120, 0, 0, 54, 0, 0, 26696.48, 3, 0, 0, 26.39, 623, 378, 25742.58, 68343, 65901
1695467134, 0, 0, 54, 0, 0, 26696.48, 3, 0, 0, 0.29, 624, 381, 25742.58, 68343, 65901
1695467134, 0, 0, 54, 0, 0, 26696.48, 3, 0, 0, 24.79, 630, 384, 25742.58, 68343, 65901
1695467134, 0, 0, 54, 0, 0, 26696.48, 3, 0, 0, 32.47, 636, 388, 25742.58, 68343, 65901
1695467149, 0, 0, 54, 0, 0, 26696.48, 3, 0, 0, 0.48, 640, 391, 25742.58, 68343, 65901
1695467149, 0, 0, 54, 0, 0, 26696.48, 3, 0, 0, 14.37, 643, 393, 25742.58, 68343, 65901
1695467163, 0, 0, 54, 0, 0, 26696.48, 3, 0, 0, 0.50, 649, 394, 25742.58, 68343, 65901
1695467185, 0, 0, 54, 0, 0, 26696.48, 3, 0, 0, 0.09, 651, 394, 25742.58, 68343, 65901
1695467198, 0, 0, 54, 0, 0, 26696.48, 3, 0, 0, 0.15, 653, 394, 25742.58, 68343, 65901
1695467212, 0, 0, 54, 0, 0, 26696.48, 3, 0, 0, 0.57, 655, 400, 25742.58, 68343, 65901
1695467225, 0, 0, 54, 0, 0, 26696.48, 3, 0, 0, 0.08, 656, 400, 25742.58, 68343, 65901
1695467240, 0, 0, 54, 0, 0, 26696.48, 3, 0, 0, 0.14, 658, 400, 25742.58, 68343, 65901
1695467253, 0, 0, 54, 0, 0, 26696.48, 3, 0, 0, 0.30, 659, 403, 25742.58, 68343, 65901
1695467265, 0, 0, 54, 0, 0, 26696.48, 3, 0, 0, 0.16, 661, 403, 25742.58, 68343, 65901
1695467266, 0, 0, 54, 0, 0, 26696.48, 3, 0, 0, 28.66, 666, 407, 25742.58, 68343, 65901
1695467266, 0, 0, 54, 0, 0, 26696.48, 3, 0, 0, 20.83, 670, 410, 25742.58, 68343, 65901
1695467281, 0, 0, 54, 0, 0, 26696.48, 3, 0, 0, 0.27, 673, 411, 25742.58, 68343, 65901
1695467304, 0, 0, 55, 0, 0, 26696.88, 3, 0, 0, 0.35, 678, 414, 25742.97, 68344, 65902
1695467304, 0, 0, 55, 0, 0, 26696.88, 3, 0, 0, 4.60, 679, 415, 25742.97, 68344, 65902
1695467318, 0, 0, 55, 0, 0, 26696.88, 3, 0, 0, 0.37, 682, 417, 25742.97, 68344, 65902
1695467331, 0, 0, 55, 0, 0, 26696.88, 3, 0, 0, 0.15, 683, 418, 25742.97, 68344, 65902
1695467331, 0, 0, 55, 0, 0, 26696.88, 3, 0, 0, 26.23, 688, 421, 25742.97, 68344, 65902
1695467332, 0, 0, 55, 0, 0, 26696.88, 3, 0, 0, 23.03, 691, 425, 25742.97, 68344, 65902
1695467345, 0, 0, 55, 0, 0, 26696.88, 3, 0, 0, 0.46, 694, 428, 25742.97, 68344, 65902
1695467360, 0, 0, 55, 0, 0, 26696.88, 3, 0, 0, 0.26, 695, 431, 25742.97, 68344, 65902
1695467360, 0, 0, 55, 0, 0, 26696.88, 3, 0, 0, 28.94, 701, 434, 25742.97, 68344, 65902
1695467361, 0, 0, 55, 0, 0, 26696.88, 3, 0, 0, 18.35, 705, 436, 25742.97, 68344, 65902
1695467375, 0, 0, 55, 0, 0, 26696.88, 3, 0, 0, 0.07, 706, 436, 25742.97, 68344, 65902
1695467376, 0, 0, 55, 0, 0, 26696.88, 3, 0, 0, 23.60, 713, 437, 25742.97, 68344, 65902
1695467410, 0, 0, 55, 0, 0, 26696.88, 3, 0, 0, 0.06, 714, 438, 25742.97, 68344, 65902
1695467438, 0, 0, 56, 0, 0, 26697.66, 3, 0, 0, 0.11, 717, 438, 25743.75, 68346, 65904
1695467455, 0, 0, 57, 0, 0, 26698.44, 3, 0, 0, 0.30, 721, 439, 25744.53, 68348, 65906
1695467471, 0, 0, 57, 0, 0, 26698.44, 3, 0, 0, 0.06, 722, 439, 25744.53, 68348, 65906
1695467471, 0, 0, 57, 0, 0, 26698.44, 3, 0, 0, 16.39, 725, 443, 25744.53, 68348, 65906
1695467486, 0, 0, 57, 0, 0, 26698.44, 3, 0, 0, 0.07, 726, 443, 25744.53, 68348, 65906
1695467486, 0, 0, 57, 0, 0, 26698.44, 3, 0, 0, 24.69, 730, 447, 25744.53, 68348, 65906
1695467487, 0, 0, 57, 0, 0, 26698.44, 3, 0, 0, 16.67, 734, 448, 25744.53, 68348, 65906
1695467502, 0, 0, 57, 0, 0, 26698.44, 3, 0, 0, 0.65, 739, 453, 25744.53, 68348, 65906
1695467519, 0, 0, 57, 0, 0, 26698.44, 3, 0, 0, 0.52, 746, 455, 25744.53, 68348, 65906
1695467536, 0, 0, 57, 0, 0, 26698.44, 3, 0, 0, 0.36, 750, 457, 25744.53, 68348, 65906
1695467551, 0, 0, 57, 0, 0, 26698.44, 3, 0, 0, 0.20, 753, 457, 25744.53, 68348, 65906
1695467551, 0, 0, 57, 0, 0, 26698.44, 3, 0, 0, 13.26, 757, 458, 25744.53, 68348, 65906
1695467565, 0, 0, 57, 0, 0, 26698.44, 3, 0, 0, 0.07, 758, 458, 25744.53, 68348, 65906
1695467579, 0, 0, 57, 0, 0, 26698.44, 3, 0, 0, 0.29, 762, 458, 25744.53, 68348, 65906
1695467579, 0, 0, 57, 0, 0, 26698.44, 3, 0, 0, 22.15, 765, 462, 25744.53, 68348, 65906
1695467595, 0, 0, 57, 0, 0, 26698.44, 3, 0, 0, 0.07, 766, 462, 25744.53, 68348, 65906
1695467611, 0, 0, 57, 0, 0, 26698.44, 3, 0, 0, 0.06, 767, 462, 25744.53, 68348, 65906
1695467611, 0, 0, 57, 0, 0, 26698.44, 3, 0, 0, 22.86, 772, 465, 25744.53, 68348, 65906
1695467612, 0, 0, 57, 0, 0, 26698.44, 3, 0, 0, 10.58, 775, 466, 25744.53, 68348, 65906
1695467612, 0, 0, 57, 0, 0, 26698.44, 3, 0, 0, 16.50, 779, 467, 25744.53, 68348, 65906
1695467626, 0, 0, 57, 0, 0, 26698.44, 3, 0, 0, 0.21, 782, 467, 25744.53, 68348, 65906
1695467626, 0, 0, 57, 0, 0, 26698.44, 3, 0, 0, 28.21, 786, 472, 25744.53, 68348, 65906
1695467640, 0, 0, 57, 0, 0, 26698.44, 3, 0, 0, 0.15, 788, 472, 25744.53, 68348, 65906
1695467640, 0, 0, 57, 0, 0, 26698.44, 3, 0, 0, 17.49, 790, 476, 25744.53, 68348, 65906
1695467653, 0, 0, 57, 0, 0, 26698.44, 3, 0, 0, 0.08, 791, 476, 25744.53, 68348, 65906
1695467669, 0, 0, 57, 0, 0, 26698.44, 3, 0, 0, 0.45, 796, 478, 25744.53, 68348, 65906
1695467682, 0, 0, 57, 0, 0, 26698.44, 3, 0, 0, 0.07, 797, 478, 25744.53, 68348, 65906
1695467683, 0, 0, 57, 0, 0, 26698.44, 3, 0, 0, 16.34, 801, 479, 25744.53, 68348, 65906
1695467697, 0, 0, 57, 0, 0, 26698.44, 3, 0, 0, 0.07, 802, 479, 25744.53, 68348, 65906
1695467711, 0, 0, 57, 0, 0, 26698.44, 3, 0, 0, 0.14, 803, 480, 25744.53, 68348, 65906
1695467712, 0, 0, 57, 0, 0, 26698.44, 3, 0, 0, 18.18, 807, 482, 25744.53, 68348, 65906
1695467712, 0, 0, 57, 0, 0, 26698.44, 3, 0, 0, 12.82, 809, 484, 25744.53, 68348, 65906
1695467726, 0, 0, 57, 0, 0, 26698.44, 3, 0, 0, 0.21, 812, 484, 25744.53, 68348, 65906
1695467726, 0, 0, 57, 0, 0, 26698.44, 3, 0, 0, 9.01, 814, 485, 25744.53, 68348, 65906
1695467739, 0, 0, 57, 0, 0, 26698.44, 3, 0, 0, 0.08, 815, 485, 25744.53, 68348, 65906
1695467739, 0, 0, 57, 0, 0, 26698.44, 3, 0, 0, 17.14, 820, 486, 25744.53, 68348, 65906
1695467740, 0, 0, 57, 0, 0, 26698.44, 3, 0, 0, 24.84, 822, 492, 25744.53, 68348, 65906
1695467740, 0, 0, 57, 0, 0, 26698.44, 3, 0, 0, 20.17, 826, 495, 25744.53, 68348, 65906
1695467755, 0, 0, 57, 0, 0, 26698.44, 3, 0, 0, 0.07, 827, 495, 25744.53, 68348, 65906
1695467755, 0, 0, 57, 0, 0, 26698.44, 3, 0, 0, 28.04, 831, 500, 25744.53, 68348, 65906
1695467769, 0, 0, 57, 0, 0, 26698.44, 3, 0, 0, 0.22, 833, 501, 25744.53, 68348, 65906
1695467783, 0, 0, 57, 0, 0, 26698.44, 3, 0, 0, 0.14, 834, 502, 25744.53, 68348, 65906
1695467784, 0, 0, 57, 0, 0, 26698.44, 3, 0, 0, 17.24, 839, 504, 25744.53, 68348, 65906
1695467797, 0, 0, 57, 0, 0, 26698.44, 3, 0, 0, 0.38, 843, 505, 25744.53, 68348, 65906
1695467811, 0, 0, 57, 0, 0, 26698.44, 3, 0, 0, 0.28, 845, 507, 25744.53, 68348, 65906
1695467825, 0, 0, 57, 0, 0, 26698.44, 3, 0, 0, 0.28, 848, 508, 25744.53, 68348, 65906
1695467826, 0, 0, 57, 0, 0, 26698.44, 3, 0, 0, 26.58, 852, 512, 25744.53, 68348, 65906
1695467826, 0, 0, 57, 0, 0, 26698.44, 3, 0, 0, 21.79, 855, 518, 25744.53, 68348, 65906
1695467841, 0, 0, 57, 0, 0, 26698.44, 3, 0, 0, 0.20, 857, 519, 25744.53, 68348, 65906
1695467857, 0, 0, 57, 0, 0, 26698.44, 3, 0, 0, 0.13, 858, 520, 25744.53, 68348, 65906
1695467874, 0, 0, 57, 0, 0, 26698.44, 3, 0, 0, 0.23, 861, 521, 25744.53, 68348, 65906
1695467890, 0, 0, 57, 0, 0, 26698.44, 3, 0, 0, 0.18, 864, 521, 25744.53, 68348, 65906
1695467905, 0, 0, 57, 0, 0, 26698.44, 3, 0, 0, 0.39, 869, 522, 25744.53, 68348, 65906
1695467920, 0, 0, 57, 0, 0, 26698.44, 3, 0, 0, 0.28, 871, 524, 25744.53, 68348, 65906
1695467920, 0, 0, 57, 0, 0, 26698.44, 3, 0, 0, 12.90, 874, 525, 25744.53, 68348, 65906
1695467920, 0, 0, 57, 0, 0, 26698.44, 3, 0, 0, 20.59, 878, 528, 25744.53, 68348, 65906
1695467921, 0, 0, 57, 0, 0, 26698.44, 3, 0, 0, 12.86, 881, 529, 25744.53, 68348, 65906
1695467936, 0, 0, 57, 0, 0, 26698.44, 3, 0, 0, 0.06, 882, 529, 25744.53, 68348, 65906
1695467965, 0, 0, 58, 0, 0, 26698.83, 3, 0, 0, 0.04, 883, 529, 25744.92, 68349, 65907
1695467965, 0, 0, 58, 0, 0, 26698.83, 3, 0, 0, 23.33, 885, 534, 25744.92, 68349, 65907
1695467965, 0, 0, 58, 0, 0, 26698.83, 3, 0, 0, 19.11, 889, 536, 25744.92, 68349, 65907
1695467966, 0, 0, 58, 0, 0, 26698.83, 3, 0, 0, 15.11, 892, 538, 25744.92, 68349, 65907
1695468006, 0, 0, 58, 0, 0, 26698.83, 3, 0, 0, 0.12, 895, 540, 25744.92, 68349, 65907
1695468021, 0, 0, 58, 0, 0, 26698.83, 3, 0, 0, 0.21, 895, 543, 25744.92, 68349, 65907
1695468037, 0, 0, 58, 0, 0, 26698.83, 3, 0, 0, 0.18, 896, 545, 25744.92, 68349, 65907
1695468052, 0, 0, 58, 0, 0, 26698.83, 3, 0, 0, 0.07, 897, 545, 25744.92, 68349, 65907
1695468052, 0, 0, 58, 0, 0, 26698.83, 3, 0, 0, 19.80, 900, 548, 25744.92, 68349, 65907
1695468052, 0, 0, 58, 0, 0, 26698.83, 3, 0, 0, 20.06, 903, 552, 25744.92, 68349, 65907
1695468053, 0, 0, 58, 0, 0, 26698.83, 3, 0, 0, 9.30, 907, 552, 25744.92, 68349, 65907
1695468069, 0, 0, 58, 0, 0, 26698.83, 3, 0, 0, 0.31, 911, 553, 25744.92, 68349, 65907
1695468069, 0, 0, 58, 0, 0, 26698.83, 3, 0, 0, 8.36, 914, 553, 25744.92, 68349, 65907
1695468085, 0, 0, 58, 0, 0, 26698.83, 3, 0, 0, 0.37, 919, 554, 25744.92, 68349, 65907
1695468103, 0, 0, 58, 0, 0, 26698.83, 3, 0, 0, 0.23, 922, 555, 25744.92, 68349, 65907
1695468103, 0, 0, 58, 0, 0, 26698.83, 3, 0, 0, 13.81, 925, 557, 25744.92, 68349, 65907
1695468116, 0, 0, 58, 0, 0, 26698.83, 3, 0, 0, 0.23, 925, 560, 25744.92, 68349, 65907
1695468133, 0, 0, 58, 0, 0, 26698.83, 3, 0, 0, 0.12, 926, 561, 25744.92, 68349, 65907
1695468148, 0, 0, 58, 0, 0, 26698.83, 3, 0, 0, 0.13, 927, 562, 25744.92, 68349, 65907
1695468202, 0, 0, 58, 0, 0, 26698.83, 3, 0, 0, 0.09, 930, 564, 25744.92, 68349, 65907
1695468217, 0, 0, 58, 0, 0, 26698.83, 3, 0, 0, 0.13, 931, 565, 25744.92, 68349, 65907
1695468217, 0, 0, 58, 0, 0, 26698.83, 3, 0, 0, 13.16, 935, 565, 25744.92, 68349, 65907
1695468233, 0, 0, 58, 0, 0, 26698.83, 3, 0, 0, 0.06, 936, 565, 25744.92, 68349, 65907
1695468249, 0, 0, 58, 0, 0, 26698.83, 3, 0, 0, 0.06, 937, 565, 25744.92, 68349, 65907
1695468264, 0, 0, 58, 0, 0, 26698.83, 3, 0, 0, 0.14, 939, 565, 25744.92, 68349, 65907
1695468278, 0, 0, 58, 0, 0, 26698.83, 3, 0, 0, 0.20, 940, 567, 25744.92, 68349, 65907
1695468293, 0, 0, 58, 0, 0, 26698.83, 3, 0, 0, 0.34, 944, 568, 25744.92, 68349, 65907
1695468309, 0, 0, 58, 0, 0, 26698.83, 3, 0, 0, 0.12, 946, 568, 25744.92, 68349, 65907
1695468330, 0, 0, 58, 0, 0, 26698.83, 3, 0, 0, 0.05, 947, 568, 25744.92, 68349, 65907
1695468365, 0, 0, 58, 0, 0, 26698.83, 3, 0, 0, 0.03, 948, 568, 25744.92, 68349, 65907
1695468365, 0, 0, 58, 0, 0, 26698.83, 3, 0, 0, 19.11, 950, 572, 25744.92, 68349, 65907
1695468380, 0, 0, 58, 0, 0, 26698.83, 3, 0, 0, 0.07, 951, 572, 25744.92, 68349, 65907
1695468380, 0, 0, 58, 0, 0, 26698.83, 3, 0, 0, 16.50, 953, 575, 25744.92, 68349, 65907
1695468397, 0, 0, 58, 0, 0, 26698.83, 3, 0, 0, 0.06, 954, 575, 25744.92, 68349, 65907
1695468412, 0, 0, 58, 0, 0, 26698.83, 3, 0, 0, 0.32, 957, 577, 25744.92, 68349, 65907
1695468430, 0, 0, 58, 0, 0, 26698.83, 3, 0, 0, 0.33, 962, 578, 25744.92, 68349, 65907
1695468430, 0, 0, 58, 0, 0, 26698.83, 3, 0, 0, 5.63, 964, 578, 25744.92, 68349, 65907
1695468448, 0, 0, 58, 0, 0, 26698.83, 3, 0, 0, 0.06, 965, 578, 25744.92, 68349, 65907
1695468463, 0, 0, 58, 0, 0, 26698.83, 3, 0, 0, 0.07, 966, 578, 25744.92, 68349, 65907
1695468463, 0, 0, 58, 0, 0, 26698.83, 3, 0, 0, 11.94, 968, 580, 25744.92, 68349, 65907
1695468463, 0, 0, 58, 0, 0, 26698.83, 3, 0, 0, 11.16, 971, 582, 25744.92, 68349, 65907
1695468464, 0, 0, 58, 0, 0, 26698.83, 3, 0, 0, 15.82, 973, 585, 25744.92, 68349, 65907
1695468464, 0, 0, 58, 0, 0, 26698.83, 3, 0, 0, 9.97, 976, 585, 25744.92, 68349, 65907
1695468481, 0, 0, 58, 0, 0, 26698.83, 3, 0, 0, 0.06, 977, 585, 25744.92, 68349, 65907
1695468496, 0, 0, 58, 0, 0, 26698.83, 3, 0, 0, 0.27, 981, 585, 25744.92, 68349, 65907
1695468512, 0, 0, 58, 0, 0, 26698.83, 3, 0, 0, 0.25, 984, 586, 25744.92, 68349, 65907
1695468512, 0, 0, 58, 0, 0, 26698.83, 3, 0, 0, 16.13, 988, 587, 25744.92, 68349, 65907
1695468530, 0, 0, 58, 0, 0, 26698.83, 3, 0, 0, 0.06, 989, 587, 25744.92, 68349, 65907
1695468531, 0, 0, 58, 0, 0, 26698.83, 3, 0, 0, 6.25, 990, 588, 25744.92, 68349, 65907
1695468575, 0, 0, 58, 0, 0, 26698.83, 3, 0, 0, 0.04, 992, 588, 25744.92, 68349, 65907
1695468590, 0, 0, 58, 0, 0, 26698.83, 3, 0, 0, 0.07, 993, 588, 25744.92, 68349, 65907
1695468591, 0, 0, 58, 0, 0, 26698.83, 3, 0, 0, 13.20, 995, 590, 25744.92, 68349, 65907
1695468591, 0, 0, 58, 0, 0, 26698.83, 3, 0, 0, 21.81, 997, 595, 25744.92, 68349, 65907
1695468591, 0, 0, 58, 0, 0, 26698.83, 3, 0, 0, 20.23, 1002, 597, 25744.92, 68349, 65907
1695468592, 0, 0, 58, 0, 0, 26698.83, 3, 0, 0, 16.03, 1005, 599, 25744.92, 68349, 65907
1695468592, 0, 0, 58, 0, 0, 26698.83, 3, 0, 0, 19.87, 1009, 601, 25744.92, 68349, 65907
1695468592, 0, 0, 58, 0, 0, 26698.83, 3, 0, 0, 15.72, 1013, 602, 25744.92, 68349, 65907
1695468607, 0, 0, 58, 0, 0, 26698.83, 3, 0, 0, 0.28, 1014, 605, 25744.92, 68349, 65907
1695468607, 0, 0, 58, 0, 0, 26698.83, 3, 0, 0, 15.20, 1017, 607, 25744.92, 68349, 65907
1695468623, 0, 0, 58, 0, 0, 26698.83, 3, 0, 0, 0.19, 1018, 609, 25744.92, 68349, 65907
1695468623, 0, 0, 58, 0, 0, 26698.83, 3, 0, 0, 6.64, 1020, 609, 25744.92, 68349, 65907
1695468623, 0, 0, 58, 0, 0, 26698.83, 3, 0, 0, 10.47, 1024, 609, 25744.92, 68349, 65907
1695468624, 0, 0, 58, 0, 0, 26698.83, 3, 0, 0, 7.08, 1026, 610, 25744.92, 68349, 65907
1695468637, 0, 0, 58, 0, 0, 26698.83, 3, 0, 0, 0.07, 1027, 610, 25744.92, 68349, 65907
1695468637, 0, 0, 58, 0, 0, 26698.83, 3, 0, 0, 12.08, 1029, 612, 25744.92, 68349, 65907
1695468651, 0, 0, 58, 0, 0, 26698.83, 3, 0, 0, 0.08, 1029, 613, 25744.92, 68349, 65907
1695468651, 0, 0, 58, 0, 0, 26698.83, 3, 0, 0, 10.87, 1032, 614, 25744.92, 68349, 65907
1695468667, 0, 0, 58, 0, 0, 26698.83, 3, 0, 0, 0.06, 1033, 614, 25744.92, 68349, 65907
1695468667, 0, 0, 58, 0, 0, 26698.83, 3, 0, 0, 10.00, 1034, 616, 25744.92, 68349, 65907
1695468668, 0, 0, 58, 0, 0, 26698.83, 3, 0, 0, 15.83, 1035, 621, 25744.92, 68349, 65907
1695468683, 0, 0, 58, 0, 0, 26698.83, 3, 0, 0, 0.26, 1038, 622, 25744.92, 68349, 65907
1695468684, 0, 0, 58, 0, 0, 26698.83, 3, 0, 0, 13.03, 1042, 622, 25744.92, 68349, 65907
1695468684, 0, 0, 58, 0, 0, 26698.83, 3, 0, 0, 6.25, 1044, 622, 25744.92, 68349, 65907
1695468704, 0, 0, 60, 0, 0, 26700.00, 3, 0, 0, 0.20, 1045, 625, 25745.70, 68352, 65909
1695468704, 0, 0, 60, 0, 0, 26700.00, 3, 0, 0, 2.91, 1046, 625, 25745.70, 68352, 65909
1695468705, 0, 0, 60, 0, 0, 26700.00, 3, 0, 0, 19.74, 1048, 629, 25745.70, 68352, 65909
1695468705, 0, 0, 60, 0, 0, 26700.00, 3, 0, 0, 12.66, 1050, 631, 25745.70, 68352, 65909
1695468705, 0, 0, 60, 0, 0, 26700.00, 3, 0, 0, 14.12, 1053, 633, 25745.70, 68352, 65909
1695468706, 0, 0, 60, 0, 0, 26700.00, 3, 0, 0, 9.12, 1055, 634, 25745.70, 68352, 65909
1695468706, 0, 0, 60, 0, 0, 26700.00, 3, 0, 0, 15.43, 1056, 638, 25745.70, 68352, 65909
1695468706, 0, 0, 60, 0, 0, 26700.00, 3, 0, 0, 13.93, 1059, 640, 25745.70, 68352, 65909
1695468728, 0, 0, 60, 0, 0, 26700.00, 3, 0, 0, 0.05, 1060, 640, 25745.70, 68352, 65909
1695468729, 0, 0, 60, 0, 0, 26700.00, 3, 0, 0, 10.08, 1064, 641, 25745.70, 68352, 65909
1695468742, 0, 0, 60, 0, 0, 26700.00, 3, 0, 0, 0.22, 1066, 642, 25745.70, 68352, 65909
1695468773, 0, 0, 60, 0, 0, 26700.00, 3, 0, 0, 0.10, 1069, 642, 25745.70, 68352, 65909
1695468774, 0, 0, 60, 0, 0, 26700.00, 3, 0, 0, 11.73, 1072, 643, 25745.70, 68352, 65909
1695468774, 0, 0, 60, 0, 0, 26700.00, 3, 0, 0, 12.05, 1073, 646, 25745.70, 68352, 65909
1695468774, 0, 0, 60, 0, 0, 26700.00, 3, 0, 0, 12.99, 1076, 648, 25745.70, 68352, 65909
1695468775, 0, 0, 60, 0, 0, 26700.00, 3, 0, 0, 5.25, 1077, 649, 25745.70, 68352, 65909
1695468775, 0, 0, 60, 0, 0, 26700.00, 3, 0, 0, 6.49, 1079, 649, 25745.70, 68352, 65909
1695468791, 0, 0, 60, 0, 0, 26700.00, 3, 0, 0, 0.19, 1081, 650, 25745.70, 68352, 65909
1695468791, 0, 0, 60, 0, 0, 26700.00, 3, 0, 0, 0.00, 1081, 650, 25745.70, 68352, 65909
