# unix_time, cycles_done, cur_path, paths_total, pending_total, pending_favs, map_size, unique_crashes, unique_hangs, max_depth, execs_per_sec, valid_inputs, invalid_inputs, valid_cov, all_covered_probes, valid_covered_probes
1695570782, 0, 0, 1, 0, 0, 3849.61, 0, 0, 0, 0.43, 1, 0, 3849.61, 9855, 9855
1695570782, 0, 0, 2, 0, 0, 4575.39, 0, 0, 0, 1.93, 1, 1, 3849.61, 11713, 9855
1695570783, 0, 0, 7, 0, 0, 5051.95, 0, 0, 0, 14.22, 5, 3, 3942.19, 12933, 10092
1695570783, 0, 0, 15, 0, 0, 5068.75, 0, 0, 0, 33.23, 13, 6, 3943.36, 12976, 10095
1695570803, 0, 0, 15, 0, 0, 5068.75, 1, 0, 0, 0.10, 14, 7, 3943.36, 12976, 10095
1695570803, 0, 0, 24, 0, 0, 9825.00, 1, 0, 0, 34.59, 24, 8, 8950.78, 25152, 22914
1695570814, 0, 0, 31, 0, 0, 20905.47, 1, 0, 0, 1.74, 34, 18, 20278.52, 53518, 51913
1695570827, 0, 0, 38, 0, 0, 21459.38, 1, 0, 0, 1.20, 46, 21, 20835.94, 54936, 53340
1695570841, 0, 0, 41, 0, 0, 21523.83, 1, 0, 0, 0.29, 50, 21, 20901.56, 55101, 53508
1695570870, 0, 0, 48, 0, 0, 22092.19, 1, 0, 0, 0.66, 66, 24, 21471.48, 56556, 54967
1695570884, 0, 0, 52, 0, 0, 22199.22, 1, 0, 0, 1.30, 79, 29, 21578.52, 56830, 55241
1695570894, 0, 0, 54, 0, 0, 22199.22, 1, 0, 0, 0.55, 85, 29, 21578.52, 56830, 55241
1695570906, 0, 0, 59, 0, 0, 22216.02, 1, 0, 0, 2.46, 105, 37, 21595.31, 56873, 55284
1695570917, 0, 0, 63, 0, 0, 22227.34, 1, 0, 0, 0.35, 107, 39, 21595.70, 56902, 55285
1695570928, 0, 0, 65, 0, 0, 22227.73, 1, 0, 0, 0.18, 109, 39, 21596.09, 56903, 55286
1695570940, 0, 0, 70, 0, 0, 22228.52, 1, 0, 0, 0.87, 116, 42, 21596.88, 56905, 55288
1695570951, 0, 0, 71, 0, 0, 22230.08, 1, 0, 0, 0.09, 117, 42, 21598.44, 56909, 55292
1695570962, 0, 1, 75, 0, 0, 22230.86, 2, 0, 0, 1.87, 122, 58, 21598.44, 56911, 55292
1695570973, 0, 1, 77, 0, 0, 22230.86, 2, 0, 0, 1.03, 125, 67, 21598.44, 56911, 55292
1695570974, 0, 1, 80, 0, 0, 22230.86, 2, 0, 0, 130.00, 134, 97, 21598.44, 56911, 55292
1695571015, 0, 1, 81, 0, 0, 22371.09, 2, 0, 0, 0.46, 138, 112, 21738.67, 57270, 55651
1695571016, 0, 1, 83, 0, 0, 22371.09, 2, 0, 0, 14.76, 138, 120, 21738.67, 57270, 55651
1695571028, 0, 1, 84, 0, 0, 22376.17, 2, 0, 0, 0.89, 140, 129, 21743.75, 57283, 55664
1695571050, 0, 1, 86, 0, 0, 22377.34, 2, 0, 0, 0.09, 141, 130, 21744.92, 57286, 55667
1695571065, 0, 1, 90, 0, 0, 22379.69, 2, 0, 0, 1.19, 148, 141, 21747.27, 57292, 55673
1695571077, 0, 1, 91, 0, 0, 22386.33, 2, 0, 0, 0.16, 149, 142, 21753.91, 57309, 55690
1695571092, 0, 1, 94, 0, 0, 22389.45, 2, 0, 0, 0.66, 152, 149, 21757.03, 57317, 55698
1695571113, 0, 2, 96, 0, 0, 22405.86, 2, 0, 0, 0.09, 154, 149, 21773.44, 57359, 55740
1695571114, 0, 2, 98, 0, 0, 22405.86, 2, 0, 0, 38.46, 162, 153, 21773.44, 57359, 55740
1695571131, 0, 2, 99, 0, 0, 22405.86, 2, 0, 0, 0.41, 168, 154, 21773.44, 57359, 55740
1695571142, 0, 2, 101, 0, 0, 22405.86, 2, 0, 0, 0.43, 172, 155, 21773.44, 57359, 55740
1695571154, 0, 2, 104, 0, 0, 22405.86, 2, 0, 0, 0.75, 178, 158, 21773.44, 57359, 55740
1695571166, 0, 2, 105, 0, 0, 22406.64, 2, 0, 0, 0.09, 179, 158, 21774.22, 57361, 55742
1695571178, 0, 2, 109, 0, 0, 22408.20, 2, 0, 0, 0.40, 182, 160, 21775.78, 57365, 55746
1695571190, 0, 3, 112, 0, 0, 22408.59, 2, 0, 0, 2.25, 198, 170, 21776.17, 57366, 55747
1695571203, 0, 3, 113, 0, 0, 22410.94, 2, 0, 0, 1.17, 203, 180, 21778.52, 57372, 55753
1695571216, 0, 3, 115, 0, 0, 22417.97, 2, 0, 0, 0.44, 207, 182, 21785.55, 57390, 55771
1695571238, 0, 3, 117, 0, 0, 22417.97, 2, 0, 0, 0.38, 211, 186, 21785.55, 57390, 55771
1695571249, 0, 3, 118, 0, 0, 22418.36, 2, 0, 0, 0.43, 215, 187, 21785.94, 57391, 55772
1695571262, 0, 3, 121, 0, 0, 22418.36, 2, 0, 0, 1.40, 222, 198, 21785.94, 57391, 55772
1695571279, 0, 3, 123, 0, 0, 22427.34, 2, 0, 0, 0.79, 227, 206, 21794.92, 57414, 55795
1695571307, 0, 3, 124, 0, 0, 22427.34, 2, 0, 0, 0.03, 228, 206, 21794.92, 57414, 55795
1695571320, 0, 3, 126, 0, 0, 22427.73, 2, 0, 0, 1.63, 234, 221, 21795.31, 57415, 55796
1695571335, 0, 5, 128, 0, 0, 22430.47, 2, 0, 0, 1.18, 244, 229, 21798.05, 57422, 55803
1695571350, 0, 5, 129, 0, 0, 22430.47, 2, 0, 0, 0.40, 249, 230, 21798.05, 57422, 55803
1695571367, 0, 5, 130, 0, 0, 22430.47, 2, 0, 0, 0.18, 252, 230, 21798.05, 57422, 55803
1695571379, 0, 5, 132, 0, 0, 22430.47, 2, 0, 0, 1.06, 261, 234, 21798.05, 57422, 55803
1695571393, 0, 5, 134, 0, 0, 22430.47, 2, 0, 0, 0.15, 263, 234, 21798.05, 57422, 55803
1695571405, 0, 6, 136, 0, 0, 22430.86, 2, 0, 0, 1.32, 273, 240, 21798.44, 57423, 55804
1695571405, 0, 6, 137, 0, 0, 22430.86, 2, 0, 0, 84.11, 281, 259, 21798.44, 57423, 55804
1695571416, 0, 6, 137, 0, 0, 22430.86, 2, 0, 0, 0.26, 282, 261, 21798.44, 57423, 55804
1695571448, 0, 6, 142, 0, 0, 22435.16, 2, 0, 0, 0.45, 287, 270, 21802.73, 57434, 55815
1695571460, 0, 6, 144, 0, 0, 22435.16, 2, 0, 0, 0.34, 289, 272, 21802.73, 57434, 55815
1695571472, 0, 6, 146, 0, 0, 22438.67, 2, 0, 0, 1.14, 297, 278, 21806.25, 57443, 55824
1695571487, 0, 6, 149, 0, 0, 22438.67, 2, 0, 0, 0.46, 299, 283, 21806.25, 57443, 55824
1695571500, 0, 6, 150, 0, 0, 22438.67, 2, 0, 0, 0.31, 301, 285, 21806.25, 57443, 55824
1695571513, 0, 6, 152, 0, 0, 22438.67, 2, 0, 0, 0.55, 305, 288, 21806.25, 57443, 55824
1695571525, 0, 6, 153, 0, 0, 22438.67, 2, 0, 0, 0.42, 307, 291, 21806.25, 57443, 55824
1695571552, 0, 6, 154, 0, 0, 22438.67, 2, 0, 0, 0.07, 308, 292, 21806.25, 57443, 55824
1695571583, 0, 6, 155, 0, 0, 22438.67, 2, 0, 0, 0.51, 315, 301, 21806.25, 57443, 55824
1695571595, 0, 7, 157, 0, 0, 22438.67, 2, 0, 0, 0.85, 317, 309, 21806.25, 57443, 55824
1695571595, 0, 7, 158, 0, 0, 22438.67, 2, 0, 0, 19.74, 322, 310, 21806.25, 57443, 55824
1695571608, 0, 7, 159, 0, 0, 22438.67, 2, 0, 0, 0.15, 324, 310, 21806.25, 57443, 55824
1695571622, 0, 7, 161, 0, 0, 22438.67, 2, 0, 0, 0.44, 329, 311, 21806.25, 57443, 55824
1695571622, 0, 7, 162, 0, 0, 22438.67, 2, 0, 0, 25.40, 335, 313, 21806.25, 57443, 55824
1695571635, 0, 7, 163, 0, 0, 22438.67, 2, 0, 0, 0.46, 341, 313, 21806.25, 57443, 55824
1695571635, 0, 7, 164, 0, 0, 22438.67, 2, 0, 0, 29.59, 349, 315, 21806.25, 57443, 55824
1695571651, 0, 7, 167, 0, 0, 22438.67, 2, 0, 0, 0.45, 354, 317, 21806.25, 57443, 55824
1695571665, 0, 7, 169, 0, 0, 22438.67, 2, 0, 0, 0.91, 362, 322, 21806.25, 57443, 55824
1695571666, 0, 12, 172, 0, 0, 22438.67, 2, 0, 0, 40.12, 369, 328, 21806.25, 57443, 55824
1695571679, 0, 12, 173, 0, 0, 22438.67, 2, 0, 0, 0.31, 372, 329, 21806.25, 57443, 55824
1695571691, 0, 12, 175, 0, 0, 22438.67, 2, 0, 0, 0.90, 382, 330, 21806.25, 57443, 55824
1695571704, 0, 12, 177, 0, 0, 22438.67, 2, 0, 0, 0.36, 385, 332, 21806.25, 57443, 55824
1695571717, 0, 12, 179, 0, 0, 22438.67, 2, 0, 0, 0.56, 391, 333, 21806.25, 57443, 55824
1695571732, 0, 12, 181, 0, 0, 22438.67, 2, 0, 0, 0.40, 397, 333, 21806.25, 57443, 55824
1695571744, 0, 12, 182, 0, 0, 22438.67, 2, 0, 0, 0.18, 399, 333, 21806.25, 57443, 55824
1695571756, 0, 12, 184, 0, 0, 22438.67, 2, 0, 0, 0.33, 402, 334, 21806.25, 57443, 55824
1695571769, 0, 13, 187, 0, 0, 22438.67, 2, 0, 0, 1.29, 406, 347, 21806.25, 57443, 55824
1695571769, 0, 13, 188, 0, 0, 22438.67, 2, 0, 0, 16.34, 407, 351, 21806.25, 57443, 55824
1695571769, 0, 13, 188, 0, 0, 22438.67, 2, 0, 0, 22.22, 408, 357, 21806.25, 57443, 55824
1695571770, 0, 13, 188, 0, 0, 22438.67, 2, 0, 0, 12.23, 410, 359, 21806.25, 57443, 55824
1695571797, 0, 13, 189, 0, 0, 22438.67, 2, 0, 0, 0.04, 411, 359, 21806.25, 57443, 55824
1695571797, 0, 13, 190, 0, 0, 22438.67, 2, 0, 0, 31.95, 413, 367, 21806.25, 57443, 55824
1695571819, 0, 13, 191, 0, 0, 22438.67, 2, 0, 0, 0.23, 416, 369, 21806.25, 57443, 55824
1695571832, 0, 13, 192, 0, 0, 22438.67, 2, 0, 0, 0.24, 418, 370, 21806.25, 57443, 55824
1695571832, 0, 15, 193, 0, 0, 22438.67, 2, 0, 0, 37.62, 423, 377, 21806.25, 57443, 55824
1695571844, 0, 15, 194, 0, 0, 22438.67, 2, 0, 0, 2.17, 441, 384, 21806.25, 57443, 55824
1695571857, 0, 15, 195, 0, 0, 22438.67, 2, 0, 0, 0.14, 443, 384, 21806.25, 57443, 55824
1695571897, 0, 15, 196, 0, 0, 22438.67, 2, 0, 0, 0.05, 445, 384, 21806.25, 57443, 55824
1695571909, 0, 15, 198, 0, 0, 22438.67, 2, 0, 0, 0.60, 451, 385, 21806.25, 57443, 55824
1695571921, 0, 15, 199, 0, 0, 22438.67, 2, 0, 0, 0.34, 455, 385, 21806.25, 57443, 55824
1695571933, 0, 15, 200, 0, 0, 22438.67, 2, 0, 0, 0.41, 460, 385, 21806.25, 57443, 55824
1695571945, 0, 15, 201, 0, 0, 22438.67, 2, 0, 0, 0.09, 461, 385, 21806.25, 57443, 55824
1695571957, 0, 15, 202, 0, 0, 22438.67, 2, 0, 0, 0.84, 467, 389, 21806.25, 57443, 55824
1695571957, 0, 16, 202, 0, 0, 22438.67, 2, 0, 0, 77.17, 484, 396, 21806.25, 57443, 55824
1695571957, 0, 17, 203, 0, 0, 22438.67, 2, 0, 0, 69.31, 489, 412, 21806.25, 57443, 55824
1695571958, 0, 17, 203, 0, 0, 22438.67, 2, 0, 0, 68.85, 495, 427, 21806.25, 57443, 55824
1695571958, 0, 17, 203, 0, 0, 22438.67, 2, 0, 0, 74.43, 504, 441, 21806.25, 57443, 55824
1695571970, 0, 17, 204, 0, 0, 22438.67, 2, 0, 0, 1.03, 509, 449, 21806.25, 57443, 55824
1695571984, 0, 17, 204, 0, 0, 22438.67, 2, 0, 0, 0.45, 510, 454, 21806.25, 57443, 55824
1695571984, 0, 17, 205, 0, 0, 22438.67, 2, 0, 0, 55.38, 517, 465, 21806.25, 57443, 55824
1695571996, 0, 18, 206, 0, 0, 22438.67, 2, 0, 0, 0.25, 520, 465, 21806.25, 57443, 55824
1695572009, 0, 18, 207, 0, 0, 22438.67, 2, 0, 0, 0.32, 524, 465, 21806.25, 57443, 55824
1695572021, 0, 18, 208, 0, 0, 22438.67, 2, 0, 0, 0.23, 527, 465, 21806.25, 57443, 55824
1695572036, 0, 18, 209, 0, 0, 22438.67, 2, 0, 0, 0.49, 533, 466, 21806.25, 57443, 55824
1695572051, 0, 18, 210, 0, 0, 22438.67, 2, 0, 0, 0.81, 542, 469, 21806.25, 57443, 55824
1695572051, 0, 18, 211, 0, 0, 22438.67, 2, 0, 0, 49.50, 555, 471, 21806.25, 57443, 55824
1695572064, 0, 18, 211, 0, 0, 22438.67, 2, 0, 0, 0.96, 567, 471, 21806.25, 57443, 55824
1695572077, 0, 18, 212, 0, 0, 22438.67, 2, 0, 0, 0.53, 572, 473, 21806.25, 57443, 55824
1695572088, 0, 18, 214, 0, 0, 22438.67, 2, 0, 0, 1.33, 584, 476, 21806.25, 57443, 55824
1695572099, 0, 19, 215, 0, 0, 22438.67, 3, 0, 0, 0.55, 588, 478, 21806.25, 57443, 55824
1695572099, 0, 19, 215, 0, 0, 22438.67, 3, 0, 0, 33.22, 595, 481, 21806.25, 57443, 55824
1695572112, 0, 19, 216, 0, 0, 22438.67, 3, 0, 0, 0.30, 598, 482, 21806.25, 57443, 55824
1695572113, 0, 19, 217, 0, 0, 22438.67, 3, 0, 0, 23.74, 606, 482, 21806.25, 57443, 55824
1695572125, 0, 19, 218, 0, 0, 22438.67, 3, 0, 0, 0.72, 612, 485, 21806.25, 57443, 55824
1695572126, 0, 19, 219, 0, 0, 22438.67, 3, 0, 0, 31.25, 621, 487, 21806.25, 57443, 55824
1695572126, 0, 19, 220, 0, 0, 22438.67, 3, 0, 0, 35.48, 631, 488, 21806.25, 57443, 55824
1695572138, 0, 19, 221, 0, 0, 22438.67, 3, 0, 0, 0.08, 632, 488, 21806.25, 57443, 55824
1695572150, 0, 19, 223, 0, 0, 22438.67, 3, 0, 0, 0.47, 635, 491, 21806.25, 57443, 55824
1695572151, 0, 19, 224, 0, 0, 22438.67, 3, 0, 0, 24.73, 643, 492, 21806.25, 57443, 55824
1695572151, 0, 19, 224, 0, 0, 22438.67, 3, 0, 0, 25.35, 650, 494, 21806.25, 57443, 55824
1695572163, 0, 19, 225, 0, 0, 22438.67, 3, 0, 0, 0.17, 651, 495, 21806.25, 57443, 55824
1695572164, 0, 19, 226, 0, 0, 22438.67, 3, 0, 0, 23.26, 655, 498, 21806.25, 57443, 55824
1695572176, 0, 19, 227, 0, 0, 22438.67, 3, 0, 0, 0.25, 658, 498, 21806.25, 57443, 55824
1695572176, 0, 19, 227, 0, 0, 22438.67, 3, 0, 0, 25.71, 666, 499, 21806.25, 57443, 55824
1695572188, 0, 19, 228, 0, 0, 22438.67, 3, 0, 0, 0.32, 668, 501, 21806.25, 57443, 55824
1695572189, 0, 19, 228, 0, 0, 22438.67, 3, 0, 0, 23.19, 674, 503, 21806.25, 57443, 55824
1695572202, 0, 19, 229, 0, 0, 22438.67, 3, 0, 0, 0.39, 679, 503, 21806.25, 57443, 55824
1695572216, 0, 19, 231, 0, 0, 22438.67, 3, 0, 0, 0.29, 681, 505, 21806.25, 57443, 55824
1695572216, 0, 19, 232, 0, 0, 22438.67, 3, 0, 0, 26.58, 686, 508, 21806.25, 57443, 55824
1695572235, 0, 19, 233, 0, 0, 22439.84, 3, 0, 0, 0.21, 690, 508, 21807.42, 57446, 55827
1695572247, 0, 19, 234, 0, 0, 22439.84, 3, 0, 0, 0.09, 691, 508, 21807.42, 57446, 55827
1695572262, 0, 19, 235, 0, 0, 22439.84, 3, 0, 0, 0.06, 692, 508, 21807.42, 57446, 55827
1695572280, 0, 19, 237, 0, 0, 22439.84, 3, 0, 0, 0.28, 697, 508, 21807.42, 57446, 55827
1695572281, 0, 19, 237, 0, 0, 22439.84, 3, 0, 0, 16.03, 700, 510, 21807.42, 57446, 55827
1695572301, 0, 19, 238, 0, 0, 22441.41, 3, 0, 0, 0.39, 708, 510, 21808.98, 57450, 55831
1695572314, 0, 19, 239, 0, 0, 22441.41, 3, 0, 0, 0.16, 709, 511, 21808.98, 57450, 55831
1695572325, 0, 19, 240, 0, 0, 22441.41, 3, 0, 0, 0.52, 713, 513, 21808.98, 57450, 55831
1695572326, 0, 19, 240, 0, 0, 22441.41, 3, 0, 0, 19.54, 719, 513, 21808.98, 57450, 55831
1695572338, 0, 19, 241, 0, 0, 22441.41, 3, 0, 0, 0.41, 722, 515, 21808.98, 57450, 55831
1695572338, 0, 19, 242, 0, 0, 22441.41, 3, 0, 0, 25.35, 727, 519, 21808.98, 57450, 55831
1695572338, 0, 19, 242, 0, 0, 22441.41, 3, 0, 0, 24.62, 734, 520, 21808.98, 57450, 55831
1695572350, 0, 19, 243, 0, 0, 22441.41, 3, 0, 0, 0.25, 737, 520, 21808.98, 57450, 55831
1695572351, 0, 19, 244, 0, 0, 22441.41, 3, 0, 0, 20.41, 743, 521, 21808.98, 57450, 55831
1695572363, 0, 19, 244, 0, 0, 22441.41, 3, 0, 0, 0.08, 744, 521, 21808.98, 57450, 55831
1695572363, 0, 19, 244, 0, 0, 22441.41, 3, 0, 0, 19.67, 750, 521, 21808.98, 57450, 55831
1695572363, 0, 19, 244, 0, 0, 22441.41, 3, 0, 0, 41.94, 758, 526, 21808.98, 57450, 55831
1695572376, 0, 19, 245, 0, 0, 22441.41, 3, 0, 0, 0.23, 760, 527, 21808.98, 57450, 55831
1695572389, 0, 19, 246, 0, 0, 22441.41, 3, 0, 0, 0.33, 762, 529, 21808.98, 57450, 55831
1695572389, 0, 19, 247, 0, 0, 22441.41, 3, 0, 0, 17.54, 768, 529, 21808.98, 57450, 55831
1695572389, 0, 19, 247, 0, 0, 22441.41, 3, 0, 0, 18.69, 774, 529, 21808.98, 57450, 55831
1695572401, 0, 19, 248, 0, 0, 22441.41, 3, 0, 0, 0.08, 775, 529, 21808.98, 57450, 55831
1695572402, 0, 19, 249, 0, 0, 22441.41, 3, 0, 0, 15.29, 777, 532, 21808.98, 57450, 55831
1695572414, 0, 19, 249, 0, 0, 22441.41, 4, 0, 0, 0.59, 782, 534, 21808.98, 57450, 55831
1695572414, 0, 19, 249, 0, 0, 22441.41, 4, 0, 0, 18.40, 788, 534, 21808.98, 57450, 55831
1695572426, 0, 19, 250, 0, 0, 22441.41, 4, 0, 0, 0.17, 790, 534, 21808.98, 57450, 55831
1695572426, 0, 19, 251, 0, 0, 22441.41, 4, 0, 0, 21.81, 793, 538, 21808.98, 57450, 55831
1695572427, 0, 19, 251, 0, 0, 22441.41, 4, 0, 0, 21.88, 799, 539, 21808.98, 57450, 55831
1695572427, 0, 19, 252, 0, 0, 22441.41, 4, 0, 0, 23.33, 804, 541, 21808.98, 57450, 55831
1695572440, 0, 19, 253, 0, 0, 22441.41, 4, 0, 0, 0.62, 811, 542, 21808.98, 57450, 55831
1695572440, 0, 19, 253, 0, 0, 22441.41, 4, 0, 0, 22.66, 818, 543, 21808.98, 57450, 55831
1695572441, 0, 19, 253, 0, 0, 22441.41, 4, 0, 0, 26.06, 824, 545, 21808.98, 57450, 55831
1695572452, 0, 19, 254, 0, 0, 22441.41, 4, 0, 0, 0.58, 829, 547, 21808.98, 57450, 55831
1695572464, 0, 19, 255, 0, 0, 22441.41, 4, 0, 0, 0.26, 830, 549, 21808.98, 57450, 55831
1695572464, 0, 19, 257, 0, 0, 22441.41, 4, 0, 0, 21.74, 835, 551, 21808.98, 57450, 55831
1695572465, 0, 19, 258, 0, 0, 22441.41, 4, 0, 0, 13.20, 838, 552, 21808.98, 57450, 55831
1695572478, 0, 19, 259, 0, 0, 22441.41, 4, 0, 0, 0.46, 840, 556, 21808.98, 57450, 55831
1695572491, 0, 19, 260, 0, 0, 22441.41, 4, 0, 0, 0.07, 841, 556, 21808.98, 57450, 55831
1695572491, 0, 20, 260, 0, 0, 22441.41, 4, 0, 0, 23.33, 846, 558, 21808.98, 57450, 55831
1695572505, 0, 20, 261, 0, 0, 22441.80, 4, 0, 0, 0.22, 849, 558, 21809.38, 57451, 55832
1695572505, 0, 20, 263, 0, 0, 22441.80, 4, 0, 0, 28.85, 854, 562, 21809.38, 57451, 55832
1695572518, 0, 20, 264, 0, 0, 22441.80, 4, 0, 0, 0.32, 857, 563, 21809.38, 57451, 55832
1695572518, 0, 20, 265, 0, 0, 22441.80, 4, 0, 0, 23.33, 861, 566, 21809.38, 57451, 55832
1695572531, 0, 20, 266, 0, 0, 22441.80, 4, 0, 0, 0.24, 863, 567, 21809.38, 57451, 55832
1695572531, 0, 20, 267, 0, 0, 22441.80, 4, 0, 0, 14.97, 867, 568, 21809.38, 57451, 55832
1695572532, 0, 20, 267, 0, 0, 22441.80, 4, 0, 0, 11.76, 871, 568, 21809.38, 57451, 55832
1695572545, 0, 20, 268, 0, 0, 22441.80, 4, 0, 0, 0.15, 873, 568, 21809.38, 57451, 55832
1695572545, 0, 20, 270, 0, 0, 22441.80, 4, 0, 0, 15.87, 877, 569, 21809.38, 57451, 55832
1695572546, 0, 20, 270, 0, 0, 22441.80, 4, 0, 0, 21.60, 882, 571, 21809.38, 57451, 55832
1695572546, 0, 20, 270, 0, 0, 22441.80, 4, 0, 0, 17.70, 886, 573, 21809.38, 57451, 55832
1695572558, 0, 20, 270, 0, 0, 22441.80, 4, 0, 0, 0.25, 887, 575, 21809.38, 57451, 55832
1695572558, 0, 20, 271, 0, 0, 22441.80, 4, 0, 0, 13.62, 890, 577, 21809.38, 57451, 55832
1695572569, 0, 20, 272, 0, 0, 22441.80, 4, 0, 0, 0.45, 892, 580, 21809.38, 57451, 55832
1695572581, 0, 20, 273, 0, 0, 22442.19, 4, 0, 0, 0.59, 895, 584, 21809.77, 57452, 55833
1695572582, 0, 20, 274, 0, 0, 22442.19, 4, 0, 0, 22.08, 900, 586, 21809.77, 57452, 55833
1695572582, 0, 20, 274, 0, 0, 22442.19, 4, 0, 0, 22.92, 905, 589, 21809.77, 57452, 55833
1695572594, 0, 20, 274, 0, 0, 22442.19, 4, 0, 0, 0.08, 906, 589, 21809.77, 57452, 55833
1695572607, 0, 20, 275, 0, 0, 22442.19, 4, 0, 0, 0.23, 907, 591, 21809.77, 57452, 55833
1695572620, 0, 20, 278, 0, 0, 22442.19, 4, 0, 0, 0.55, 912, 593, 21809.77, 57452, 55833
1695572620, 0, 20, 279, 0, 0, 22442.19, 4, 0, 0, 18.75, 916, 595, 21809.77, 57452, 55833
1695572632, 0, 20, 280, 0, 0, 22442.19, 4, 0, 0, 0.68, 921, 598, 21809.77, 57452, 55833
1695572644, 0, 20, 283, 0, 0, 22442.19, 4, 0, 0, 0.32, 924, 599, 21809.77, 57452, 55833
1695572656, 0, 20, 285, 0, 0, 22442.19, 4, 0, 0, 0.17, 926, 599, 21809.77, 57452, 55833
1695572669, 0, 20, 286, 0, 0, 22442.19, 4, 0, 0, 0.08, 927, 599, 21809.77, 57452, 55833
1695572682, 0, 20, 289, 0, 0, 22442.19, 4, 0, 0, 0.47, 930, 602, 21809.77, 57452, 55833
1695572682, 0, 20, 289, 0, 0, 22442.19, 4, 0, 0, 22.58, 933, 606, 21809.77, 57452, 55833
1695572683, 0, 20, 289, 0, 0, 22442.19, 4, 0, 0, 25.64, 938, 609, 21809.77, 57452, 55833
1695572699, 0, 20, 290, 0, 0, 22442.19, 4, 0, 0, 0.19, 941, 609, 21809.77, 57452, 55833
1695572711, 0, 20, 291, 0, 0, 22442.19, 4, 0, 0, 0.33, 944, 610, 21809.77, 57452, 55833
1695572711, 0, 20, 292, 0, 0, 22442.19, 4, 0, 0, 16.57, 949, 611, 21809.77, 57452, 55833
1695572712, 0, 20, 292, 0, 0, 22442.19, 4, 0, 0, 17.75, 954, 612, 21809.77, 57452, 55833
1695572712, 0, 20, 292, 0, 0, 22442.19, 4, 0, 0, 28.66, 957, 618, 21809.77, 57452, 55833
1695572723, 0, 20, 292, 0, 0, 22442.19, 4, 0, 0, 0.61, 961, 621, 21809.77, 57452, 55833
1695572736, 0, 20, 293, 0, 0, 22442.19, 4, 0, 0, 0.48, 965, 623, 21809.77, 57452, 55833
1695572751, 0, 20, 294, 0, 0, 22442.19, 4, 0, 0, 0.33, 970, 623, 21809.77, 57452, 55833
1695572751, 0, 20, 296, 0, 0, 22442.19, 4, 0, 0, 15.92, 974, 624, 21809.77, 57452, 55833
1695572766, 0, 20, 297, 0, 0, 22442.19, 4, 0, 0, 0.07, 975, 624, 21809.77, 57452, 55833
1695572766, 0, 20, 297, 0, 0, 22442.19, 4, 0, 0, 22.58, 979, 627, 21809.77, 57452, 55833
1695572779, 0, 20, 297, 0, 0, 22442.19, 4, 0, 0, 0.16, 981, 627, 21809.77, 57452, 55833
1695572779, 0, 20, 297, 0, 0, 22442.19, 4, 0, 0, 19.74, 987, 627, 21809.77, 57452, 55833
1695572779, 0, 20, 297, 0, 0, 22442.19, 4, 0, 0, 22.51, 992, 629, 21809.77, 57452, 55833
1695572780, 0, 20, 297, 0, 0, 22442.19, 4, 0, 0, 13.62, 995, 631, 21809.77, 57452, 55833
1695572780, 0, 20, 297, 0, 0, 22442.19, 4, 0, 0, 12.70, 998, 632, 21809.77, 57452, 55833
1695572780, 0, 20, 297, 0, 0, 22442.19, 4, 0, 0, 15.53, 1003, 632, 21809.77, 57452, 55833
1695572781, 0, 20, 297, 0, 0, 22442.19, 4, 0, 0, 22.29, 1008, 634, 21809.77, 57452, 55833
1695572781, 0, 20, 297, 0, 0, 22442.19, 4, 0, 0, 20.47, 1012, 637, 21809.77, 57452, 55833
1695572793, 0, 20, 298, 0, 0, 22442.58, 4, 0, 0, 0.48, 1016, 639, 21810.16, 57453, 55834
1695572794, 0, 20, 298, 0, 0, 22442.58, 4, 0, 0, 20.11, 1020, 642, 21810.16, 57453, 55834
1695572794, 0, 20, 298, 0, 0, 22442.58, 4, 0, 0, 19.74, 1025, 643, 21810.16, 57453, 55834
1695572794, 0, 20, 298, 0, 0, 22442.58, 4, 0, 0, 22.73, 1032, 644, 21810.16, 57453, 55834
1695572795, 0, 20, 298, 0, 0, 22442.58, 4, 0, 0, 15.87, 1036, 645, 21810.16, 57453, 55834
1695572806, 0, 20, 298, 0, 0, 22442.58, 5, 0, 0, 0.43, 1037, 649, 21810.16, 57453, 55834
1695572807, 0, 20, 299, 0, 0, 22442.58, 5, 0, 0, 16.03, 1040, 651, 21810.16, 57453, 55834
1695572807, 0, 20, 299, 0, 0, 22442.58, 5, 0, 0, 10.78, 1044, 651, 21810.16, 57453, 55834
1695572820, 0, 20, 299, 0, 0, 22442.58, 5, 0, 0, 0.32, 1046, 653, 21810.16, 57453, 55834
1695572820, 0, 20, 300, 0, 0, 22442.58, 5, 0, 0, 19.35, 1049, 656, 21810.16, 57453, 55834
1695572820, 0, 20, 300, 0, 0, 22442.58, 5, 0, 0, 15.58, 1053, 658, 21810.16, 57453, 55834
1695572834, 0, 20, 301, 0, 0, 22442.58, 5, 0, 0, 0.30, 1056, 659, 21810.16, 57453, 55834
1695572834, 0, 20, 302, 0, 0, 22442.58, 5, 0, 0, 19.66, 1062, 660, 21810.16, 57453, 55834
1695572834, 0, 21, 302, 0, 0, 22442.58, 5, 0, 0, 18.81, 1067, 661, 21810.16, 57453, 55834
1695572835, 0, 21, 302, 0, 0, 22442.58, 5, 0, 0, 13.66, 1072, 661, 21810.16, 57453, 55834
1695572848, 0, 21, 303, 0, 0, 22444.53, 5, 0, 0, 0.15, 1074, 661, 21812.11, 57458, 55839
1695572860, 0, 21, 305, 0, 0, 22444.53, 5, 0, 0, 0.17, 1076, 661, 21812.11, 57458, 55839
1695572873, 0, 22, 306, 0, 0, 22444.53, 5, 0, 0, 0.29, 1078, 663, 21812.11, 57458, 55839
1695572874, 0, 22, 306, 0, 0, 22444.53, 5, 0, 0, 24.54, 1081, 668, 21812.11, 57458, 55839
1695572874, 0, 22, 306, 0, 0, 22444.53, 5, 0, 0, 27.78, 1085, 673, 21812.11, 57458, 55839
1695572874, 0, 22, 306, 0, 0, 22444.53, 5, 0, 0, 27.27, 1091, 676, 21812.11, 57458, 55839
1695572875, 0, 22, 306, 0, 0, 22444.53, 5, 0, 0, 28.39, 1094, 682, 21812.11, 57458, 55839
1695572875, 0, 22, 306, 0, 0, 22444.53, 5, 0, 0, 25.48, 1100, 684, 21812.11, 57458, 55839
1695572887, 0, 22, 307, 0, 0, 22444.53, 5, 0, 0, 0.42, 1103, 686, 21812.11, 57458, 55839
1695572887, 0, 22, 308, 0, 0, 22444.53, 5, 0, 0, 19.80, 1108, 687, 21812.11, 57458, 55839
1695572900, 0, 22, 308, 0, 0, 22444.53, 5, 0, 0, 0.47, 1113, 688, 21812.11, 57458, 55839
1695572900, 0, 22, 309, 0, 0, 22444.53, 5, 0, 0, 8.82, 1115, 689, 21812.11, 57458, 55839
1695572901, 0, 22, 309, 0, 0, 22444.53, 5, 0, 0, 25.24, 1120, 692, 21812.11, 57458, 55839
1695572913, 0, 23, 310, 0, 0, 22444.53, 5, 0, 0, 0.64, 1126, 694, 21812.11, 57458, 55839
1695572927, 0, 23, 311, 0, 0, 22444.53, 5, 0, 0, 0.07, 1127, 694, 21812.11, 57458, 55839
1695572942, 0, 23, 312, 0, 0, 22444.53, 5, 0, 0, 0.07, 1128, 694, 21812.11, 57458, 55839
1695572953, 0, 24, 312, 0, 0, 22444.53, 5, 0, 0, 0.26, 1130, 695, 21812.11, 57458, 55839
1695572954, 0, 24, 313, 0, 0, 22444.53, 5, 0, 0, 20.73, 1132, 701, 21812.11, 57458, 55839
1695572954, 0, 24, 313, 0, 0, 22444.53, 5, 0, 0, 29.03, 1134, 708, 21812.11, 57458, 55839
1695572954, 0, 24, 313, 0, 0, 22444.53, 5, 0, 0, 28.94, 1136, 715, 21812.11, 57458, 55839
1695572955, 0, 24, 313, 0, 0, 22444.53, 5, 0, 0, 22.58, 1138, 720, 21812.11, 57458, 55839
1695572955, 0, 24, 313, 0, 0, 22444.53, 5, 0, 0, 22.99, 1140, 726, 21812.11, 57458, 55839
1695572955, 0, 24, 313, 0, 0, 22444.53, 5, 0, 0, 17.00, 1143, 729, 21812.11, 57458, 55839
1695572974, 0, 24, 314, 0, 0, 22444.53, 5, 0, 0, 0.26, 1145, 732, 21812.11, 57458, 55839
1695572975, 0, 24, 314, 0, 0, 22444.53, 5, 0, 0, 19.42, 1145, 738, 21812.11, 57458, 55839
1695572975, 0, 24, 314, 0, 0, 22444.53, 5, 0, 0, 20.06, 1148, 742, 21812.11, 57458, 55839
1695572976, 0, 24, 314, 0, 0, 22444.53, 5, 0, 0, 10.67, 1152, 742, 21812.11, 57458, 55839
1695572976, 0, 24, 314, 0, 0, 22444.53, 5, 0, 0, 21.34, 1153, 748, 21812.11, 57458, 55839
1695572976, 0, 24, 314, 0, 0, 22444.53, 5, 0, 0, 19.42, 1154, 753, 21812.11, 57458, 55839
1695572976, 0, 24, 314, 0, 0, 22444.53, 5, 0, 0, 19.11, 1156, 757, 21812.11, 57458, 55839
1695572977, 0, 24, 314, 0, 0, 22444.53, 5, 0, 0, 14.37, 1159, 759, 21812.11, 57458, 55839
1695572977, 0, 25, 314, 0, 0, 22444.53, 5, 0, 0, 20.23, 1161, 764, 21812.11, 57458, 55839
1695572989, 0, 26, 314, 0, 0, 22444.53, 5, 0, 0, 0.49, 1164, 767, 21812.11, 57458, 55839
1695572990, 0, 27, 314, 0, 0, 22444.53, 5, 0, 0, 20.00, 1166, 772, 21812.11, 57458, 55839
1695572990, 0, 27, 314, 0, 0, 22444.53, 5, 0, 0, 23.95, 1170, 776, 21812.11, 57458, 55839
1695573002, 0, 27, 314, 0, 0, 22444.53, 6, 0, 0, 0.70, 1171, 783, 21812.11, 57458, 55839
1695573002, 0, 27, 315, 0, 0, 22452.34, 6, 0, 0, 16.45, 1172, 787, 21819.92, 57478, 55859
1695573002, 0, 27, 315, 0, 0, 22452.34, 6, 0, 0, 23.33, 1175, 791, 21819.92, 57478, 55859
1695573015, 0, 27, 316, 0, 0, 22452.34, 6, 0, 0, 0.24, 1176, 793, 21819.92, 57478, 55859
1695573015, 0, 27, 316, 0, 0, 22452.34, 6, 0, 0, 8.24, 1179, 793, 21819.92, 57478, 55859
1695573015, 0, 27, 316, 0, 0, 22452.34, 6, 0, 0, 14.41, 1181, 796, 21819.92, 57478, 55859
1695573016, 0, 27, 316, 0, 0, 22452.34, 6, 0, 0, 17.70, 1183, 800, 21819.92, 57478, 55859
1695573029, 0, 27, 317, 0, 0, 22452.73, 6, 0, 0, 0.23, 1185, 801, 21820.31, 57479, 55860
1695573029, 0, 27, 317, 0, 0, 22452.73, 6, 0, 0, 24.84, 1188, 806, 21820.31, 57479, 55860
1695573030, 0, 27, 317, 0, 0, 22452.73, 6, 0, 0, 23.95, 1189, 813, 21820.31, 57479, 55860
1695573030, 0, 27, 317, 0, 0, 22452.73, 6, 0, 0, 18.52, 1192, 816, 21820.31, 57479, 55860
1695573030, 0, 29, 317, 0, 0, 22452.73, 6, 0, 0, 20.73, 1196, 820, 21820.31, 57479, 55860
1695573031, 0, 29, 317, 0, 0, 22452.73, 6, 0, 0, 22.51, 1198, 825, 21820.31, 57479, 55860
1695573031, 0, 29, 317, 0, 0, 22452.73, 6, 0, 0, 25.56, 1200, 831, 21820.31, 57479, 55860
1695573031, 0, 29, 317, 0, 0, 22452.73, 6, 0, 0, 19.54, 1203, 834, 21820.31, 57479, 55860
1695573032, 0, 29, 317, 0, 0, 22452.73, 6, 0, 0, 26.40, 1205, 840, 21820.31, 57479, 55860
1695573032, 0, 29, 317, 0, 0, 22452.73, 6, 0, 0, 20.71, 1209, 843, 21820.31, 57479, 55860
1695573044, 0, 29, 318, 0, 0, 22452.73, 6, 0, 0, 0.50, 1213, 845, 21820.31, 57479, 55860
1695573044, 0, 29, 318, 0, 0, 22452.73, 6, 0, 0, 21.08, 1214, 851, 21820.31, 57479, 55860
1695573045, 0, 29, 318, 0, 0, 22452.73, 6, 0, 0, 19.05, 1216, 855, 21820.31, 57479, 55860
1695573057, 0, 29, 319, 0, 0, 22452.73, 6, 0, 0, 0.55, 1217, 861, 21820.31, 57479, 55860
1695573058, 0, 29, 319, 0, 0, 22452.73, 6, 0, 0, 18.24, 1218, 866, 21820.31, 57479, 55860
1695573058, 0, 29, 319, 0, 0, 22452.73, 6, 0, 0, 21.88, 1222, 869, 21820.31, 57479, 55860
1695573070, 0, 30, 320, 0, 0, 22452.73, 6, 0, 0, 0.42, 1224, 872, 21820.31, 57479, 55860
1695573081, 0, 30, 320, 0, 0, 22452.73, 6, 0, 0, 0.09, 1225, 872, 21820.31, 57479, 55860
1695573093, 0, 30, 320, 0, 0, 22452.73, 6, 0, 0, 0.09, 1226, 872, 21820.31, 57479, 55860
1695573104, 0, 30, 320, 0, 0, 22452.73, 6, 0, 0, 0.09, 1227, 872, 21820.31, 57479, 55860
1695573115, 0, 30, 321, 0, 0, 22452.73, 6, 0, 0, 0.09, 1228, 872, 21820.31, 57479, 55860
1695573126, 0, 30, 321, 0, 0, 22452.73, 6, 0, 0, 0.09, 1229, 872, 21820.31, 57479, 55860
1695573137, 0, 30, 321, 0, 0, 22452.73, 6, 0, 0, 0.09, 1230, 872, 21820.31, 57479, 55860
1695573148, 0, 30, 321, 0, 0, 22452.73, 6, 0, 0, 0.09, 1231, 872, 21820.31, 57479, 55860
1695573159, 0, 30, 322, 0, 0, 22452.73, 6, 0, 0, 0.09, 1232, 872, 21820.31, 57479, 55860
1695573170, 0, 30, 323, 0, 0, 22452.73, 6, 0, 0, 0.09, 1233, 872, 21820.31, 57479, 55860
1695573182, 0, 30, 323, 0, 0, 22452.73, 6, 0, 0, 0.09, 1234, 872, 21820.31, 57479, 55860
1695573193, 0, 30, 323, 0, 0, 22452.73, 6, 0, 0, 0.09, 1235, 872, 21820.31, 57479, 55860
1695573205, 0, 30, 324, 0, 0, 22452.73, 6, 0, 0, 0.09, 1236, 872, 21820.31, 57479, 55860
1695573216, 0, 30, 325, 0, 0, 22452.73, 6, 0, 0, 0.09, 1237, 872, 21820.31, 57479, 55860
1695573227, 0, 30, 326, 0, 0, 22452.73, 6, 0, 0, 0.09, 1238, 872, 21820.31, 57479, 55860
1695573238, 0, 30, 326, 0, 0, 22452.73, 6, 0, 0, 0.09, 1239, 872, 21820.31, 57479, 55860
1695573249, 0, 30, 326, 0, 0, 22452.73, 6, 0, 0, 0.09, 1240, 872, 21820.31, 57479, 55860
1695573261, 0, 30, 327, 0, 0, 22452.73, 6, 0, 0, 0.09, 1241, 872, 21820.31, 57479, 55860
1695573272, 0, 30, 328, 0, 0, 22452.73, 6, 0, 0, 0.09, 1242, 872, 21820.31, 57479, 55860
1695573282, 0, 30, 328, 0, 0, 22452.73, 6, 0, 0, 0.09, 1243, 872, 21820.31, 57479, 55860
1695573294, 0, 30, 329, 0, 0, 22452.73, 6, 0, 0, 0.09, 1244, 872, 21820.31, 57479, 55860
1695573305, 0, 30, 330, 0, 0, 22452.73, 6, 0, 0, 0.09, 1245, 872, 21820.31, 57479, 55860
1695573317, 0, 30, 331, 0, 0, 22452.73, 6, 0, 0, 0.08, 1246, 872, 21820.31, 57479, 55860
1695573328, 0, 30, 332, 0, 0, 22452.73, 6, 0, 0, 0.09, 1247, 872, 21820.31, 57479, 55860
1695573340, 0, 30, 333, 0, 0, 22452.73, 6, 0, 0, 0.09, 1248, 872, 21820.31, 57479, 55860
1695573352, 0, 30, 334, 0, 0, 22452.73, 6, 0, 0, 0.09, 1249, 872, 21820.31, 57479, 55860
1695573363, 0, 30, 335, 0, 0, 22453.52, 6, 0, 0, 0.09, 1250, 872, 21821.09, 57481, 55862
1695573374, 0, 30, 335, 0, 0, 22453.52, 6, 0, 0, 0.09, 1251, 872, 21821.09, 57481, 55862
1695573385, 0, 30, 336, 0, 0, 22453.52, 6, 0, 0, 0.09, 1252, 872, 21821.09, 57481, 55862
1695573397, 0, 30, 336, 0, 0, 22453.52, 6, 0, 0, 0.09, 1253, 872, 21821.09, 57481, 55862
1695573408, 0, 30, 337, 0, 0, 22453.52, 6, 0, 0, 0.09, 1254, 872, 21821.09, 57481, 55862
1695573419, 0, 30, 337, 0, 0, 22453.52, 6, 0, 0, 0.09, 1255, 872, 21821.09, 57481, 55862
1695573430, 0, 30, 337, 0, 0, 22453.52, 6, 0, 0, 0.09, 1256, 872, 21821.09, 57481, 55862
1695573441, 0, 30, 338, 0, 0, 22453.52, 6, 0, 0, 0.09, 1257, 872, 21821.09, 57481, 55862
1695573453, 0, 30, 339, 0, 0, 22453.52, 6, 0, 0, 0.09, 1258, 872, 21821.09, 57481, 55862
1695573464, 0, 30, 340, 0, 0, 22453.52, 6, 0, 0, 0.09, 1259, 872, 21821.09, 57481, 55862
1695573475, 0, 30, 340, 0, 0, 22453.52, 6, 0, 0, 0.09, 1260, 872, 21821.09, 57481, 55862
1695573486, 0, 30, 341, 0, 0, 22453.52, 6, 0, 0, 0.09, 1261, 872, 21821.09, 57481, 55862
1695573498, 0, 30, 341, 0, 0, 22453.52, 6, 0, 0, 0.09, 1262, 872, 21821.09, 57481, 55862
1695573509, 0, 30, 341, 0, 0, 22453.52, 6, 0, 0, 0.09, 1263, 872, 21821.09, 57481, 55862
1695573520, 0, 30, 341, 0, 0, 22453.52, 6, 0, 0, 0.09, 1264, 872, 21821.09, 57481, 55862
1695573531, 0, 30, 341, 0, 0, 22453.52, 6, 0, 0, 0.09, 1265, 872, 21821.09, 57481, 55862
1695573542, 0, 30, 341, 0, 0, 22453.52, 6, 0, 0, 0.09, 1266, 872, 21821.09, 57481, 55862
1695573553, 0, 30, 341, 0, 0, 22453.52, 6, 0, 0, 0.09, 1267, 872, 21821.09, 57481, 55862
1695573564, 0, 30, 341, 0, 0, 22453.52, 6, 0, 0, 0.09, 1268, 872, 21821.09, 57481, 55862
1695573575, 0, 30, 341, 0, 0, 22453.52, 6, 0, 0, 0.09, 1269, 872, 21821.09, 57481, 55862
1695573586, 0, 30, 341, 0, 0, 22453.52, 6, 0, 0, 0.09, 1270, 872, 21821.09, 57481, 55862
1695573598, 0, 30, 341, 0, 0, 22453.52, 6, 0, 0, 0.09, 1271, 872, 21821.09, 57481, 55862
1695573610, 0, 30, 341, 0, 0, 22453.52, 6, 0, 0, 0.08, 1272, 872, 21821.09, 57481, 55862
1695573621, 0, 30, 341, 0, 0, 22453.52, 6, 0, 0, 0.09, 1273, 872, 21821.09, 57481, 55862
1695573632, 0, 30, 341, 0, 0, 22453.52, 6, 0, 0, 0.09, 1274, 872, 21821.09, 57481, 55862
1695573644, 0, 30, 341, 0, 0, 22453.52, 6, 0, 0, 0.09, 1275, 872, 21821.09, 57481, 55862
1695573655, 0, 30, 341, 0, 0, 22453.52, 6, 0, 0, 0.09, 1276, 872, 21821.09, 57481, 55862
1695573667, 0, 30, 341, 0, 0, 22453.52, 6, 0, 0, 0.09, 1277, 872, 21821.09, 57481, 55862
1695573678, 0, 30, 342, 0, 0, 22453.52, 6, 0, 0, 0.09, 1278, 872, 21821.09, 57481, 55862
1695573690, 0, 30, 342, 0, 0, 22453.52, 6, 0, 0, 0.09, 1279, 872, 21821.09, 57481, 55862
1695573701, 0, 30, 342, 0, 0, 22453.52, 6, 0, 0, 0.09, 1280, 872, 21821.09, 57481, 55862
1695573712, 0, 30, 342, 0, 0, 22453.52, 6, 0, 0, 0.09, 1281, 872, 21821.09, 57481, 55862
1695573724, 0, 30, 343, 0, 0, 22453.52, 6, 0, 0, 0.09, 1282, 872, 21821.09, 57481, 55862
1695573736, 0, 30, 343, 0, 0, 22453.52, 6, 0, 0, 0.08, 1283, 872, 21821.09, 57481, 55862
1695573747, 0, 30, 344, 0, 0, 22453.52, 6, 0, 0, 0.09, 1284, 872, 21821.09, 57481, 55862
1695573758, 0, 30, 344, 0, 0, 22453.52, 6, 0, 0, 0.09, 1285, 872, 21821.09, 57481, 55862
1695573769, 0, 30, 344, 0, 0, 22453.52, 6, 0, 0, 0.09, 1286, 872, 21821.09, 57481, 55862
1695573781, 0, 30, 345, 0, 0, 22453.52, 6, 0, 0, 0.09, 1287, 872, 21821.09, 57481, 55862
1695573792, 0, 30, 346, 0, 0, 22453.52, 6, 0, 0, 0.08, 1288, 872, 21821.09, 57481, 55862
1695573804, 0, 30, 347, 0, 0, 22453.52, 6, 0, 0, 0.08, 1289, 872, 21821.09, 57481, 55862
1695573815, 0, 30, 347, 0, 0, 22453.52, 6, 0, 0, 0.09, 1290, 872, 21821.09, 57481, 55862
1695573827, 0, 30, 347, 0, 0, 22453.52, 6, 0, 0, 0.09, 1291, 872, 21821.09, 57481, 55862
1695573837, 0, 30, 347, 0, 0, 22453.52, 6, 0, 0, 0.09, 1292, 872, 21821.09, 57481, 55862
1695573848, 0, 30, 348, 0, 0, 22453.52, 6, 0, 0, 0.09, 1293, 872, 21821.09, 57481, 55862
1695573860, 0, 30, 348, 0, 0, 22453.52, 6, 0, 0, 0.09, 1294, 872, 21821.09, 57481, 55862
1695573871, 0, 30, 349, 0, 0, 22453.52, 6, 0, 0, 0.09, 1295, 872, 21821.09, 57481, 55862
1695573882, 0, 30, 349, 0, 0, 22453.52, 6, 0, 0, 0.09, 1296, 872, 21821.09, 57481, 55862
1695573893, 0, 30, 349, 0, 0, 22453.52, 6, 0, 0, 0.09, 1297, 872, 21821.09, 57481, 55862
1695573904, 0, 30, 349, 0, 0, 22453.52, 6, 0, 0, 0.09, 1298, 872, 21821.09, 57481, 55862
1695573916, 0, 30, 349, 0, 0, 22453.52, 6, 0, 0, 0.09, 1299, 872, 21821.09, 57481, 55862
1695573927, 0, 30, 349, 0, 0, 22453.52, 6, 0, 0, 0.09, 1300, 872, 21821.09, 57481, 55862
1695573938, 0, 30, 350, 0, 0, 22453.52, 6, 0, 0, 0.09, 1301, 872, 21821.09, 57481, 55862
1695573949, 0, 30, 350, 0, 0, 22453.52, 6, 0, 0, 0.09, 1302, 872, 21821.09, 57481, 55862
1695573960, 0, 30, 350, 0, 0, 22453.52, 6, 0, 0, 0.09, 1303, 872, 21821.09, 57481, 55862
1695573971, 0, 30, 351, 0, 0, 22453.52, 6, 0, 0, 0.09, 1304, 872, 21821.09, 57481, 55862
1695573983, 0, 30, 351, 0, 0, 22453.52, 6, 0, 0, 0.09, 1305, 872, 21821.09, 57481, 55862
1695573994, 0, 30, 351, 0, 0, 22453.52, 6, 0, 0, 0.09, 1306, 872, 21821.09, 57481, 55862
1695574005, 0, 30, 352, 0, 0, 22453.52, 6, 0, 0, 0.09, 1307, 872, 21821.09, 57481, 55862
1695574016, 0, 30, 352, 0, 0, 22453.52, 6, 0, 0, 0.09, 1308, 872, 21821.09, 57481, 55862
1695574028, 0, 30, 353, 0, 0, 22453.52, 6, 0, 0, 0.09, 1309, 872, 21821.09, 57481, 55862
1695574040, 0, 30, 354, 0, 0, 22453.52, 6, 0, 0, 0.09, 1310, 872, 21821.09, 57481, 55862
1695574051, 0, 30, 354, 0, 0, 22453.52, 6, 0, 0, 0.09, 1311, 872, 21821.09, 57481, 55862
1695574062, 0, 30, 354, 0, 0, 22453.52, 6, 0, 0, 0.09, 1312, 872, 21821.09, 57481, 55862
1695574073, 0, 30, 355, 0, 0, 22453.52, 6, 0, 0, 0.09, 1313, 872, 21821.09, 57481, 55862
1695574084, 0, 30, 356, 0, 0, 22453.52, 6, 0, 0, 0.09, 1314, 872, 21821.09, 57481, 55862
1695574096, 0, 30, 356, 0, 0, 22453.52, 6, 0, 0, 0.09, 1315, 872, 21821.09, 57481, 55862
1695574107, 0, 30, 357, 0, 0, 22453.52, 6, 0, 0, 0.09, 1316, 872, 21821.09, 57481, 55862
1695574119, 0, 30, 357, 0, 0, 22453.52, 6, 0, 0, 0.09, 1317, 872, 21821.09, 57481, 55862
1695574130, 0, 30, 358, 0, 0, 22453.52, 6, 0, 0, 0.09, 1318, 872, 21821.09, 57481, 55862
1695574141, 0, 30, 359, 0, 0, 22453.52, 6, 0, 0, 0.09, 1319, 872, 21821.09, 57481, 55862
1695574153, 0, 30, 360, 0, 0, 22453.52, 6, 0, 0, 0.09, 1320, 872, 21821.09, 57481, 55862
1695574165, 0, 30, 361, 0, 0, 22453.52, 6, 0, 0, 0.09, 1321, 872, 21821.09, 57481, 55862
1695574176, 0, 30, 362, 0, 0, 22453.52, 6, 0, 0, 0.08, 1322, 872, 21821.09, 57481, 55862
1695574188, 0, 30, 363, 0, 0, 22453.52, 6, 0, 0, 0.09, 1323, 872, 21821.09, 57481, 55862
1695574199, 0, 30, 363, 0, 0, 22453.52, 6, 0, 0, 0.09, 1324, 872, 21821.09, 57481, 55862
1695574211, 0, 30, 363, 0, 0, 22453.52, 6, 0, 0, 0.08, 1325, 872, 21821.09, 57481, 55862
1695574223, 0, 30, 363, 0, 0, 22453.52, 6, 0, 0, 0.09, 1326, 872, 21821.09, 57481, 55862
1695574234, 0, 30, 364, 0, 0, 22453.52, 6, 0, 0, 0.09, 1327, 872, 21821.09, 57481, 55862
1695574245, 0, 30, 365, 0, 0, 22453.52, 6, 0, 0, 0.09, 1328, 872, 21821.09, 57481, 55862
1695574256, 0, 30, 366, 0, 0, 22453.52, 6, 0, 0, 0.09, 1329, 872, 21821.09, 57481, 55862
1695574268, 0, 30, 367, 0, 0, 22453.52, 6, 0, 0, 0.09, 1330, 872, 21821.09, 57481, 55862
1695574279, 0, 30, 368, 0, 0, 22453.52, 6, 0, 0, 0.09, 1331, 872, 21821.09, 57481, 55862
1695574291, 0, 30, 368, 0, 0, 22453.52, 6, 0, 0, 0.09, 1332, 872, 21821.09, 57481, 55862
1695574302, 0, 30, 368, 0, 0, 22453.52, 6, 0, 0, 0.09, 1333, 872, 21821.09, 57481, 55862
1695574313, 0, 30, 368, 0, 0, 22453.52, 6, 0, 0, 0.09, 1334, 872, 21821.09, 57481, 55862
1695574325, 0, 30, 368, 0, 0, 22453.52, 6, 0, 0, 0.09, 1335, 872, 21821.09, 57481, 55862
1695574336, 0, 30, 368, 0, 0, 22453.52, 6, 0, 0, 0.09, 1336, 872, 21821.09, 57481, 55862
1695574348, 0, 30, 368, 0, 0, 22453.52, 6, 0, 0, 0.09, 1337, 872, 21821.09, 57481, 55862
1695574359, 0, 30, 368, 0, 0, 22453.52, 6, 0, 0, 0.09, 1338, 872, 21821.09, 57481, 55862
1695574370, 0, 30, 369, 0, 0, 22453.52, 6, 0, 0, 0.09, 1339, 872, 21821.09, 57481, 55862
1695574382, 0, 30, 370, 0, 0, 22453.52, 6, 0, 0, 0.09, 1340, 872, 21821.09, 57481, 55862
1695574382, 0, 30, 370, 0, 0, 22453.52, 6, 0, 0, 0.00, 1340, 872, 21821.09, 57481, 55862
