# unix_time, cycles_done, cur_path, paths_total, pending_total, pending_favs, map_size, unique_crashes, unique_hangs, max_depth, execs_per_sec, valid_inputs, invalid_inputs, valid_cov, all_covered_probes, valid_covered_probes
1695418195, 0, 0, 1, 0, 0, 3714.06, 0, 0, 0, 0.63, 1, 0, 3714.06, 9508, 9508
1695418195, 0, 0, 3, 0, 0, 4545.70, 0, 0, 0, 3.80, 1, 2, 3714.06, 11637, 9508
1695418227, 0, 0, 5, 0, 0, 24962.89, 0, 0, 0, 0.06, 3, 2, 24669.92, 63905, 63155
1695418227, 0, 0, 12, 0, 0, 25530.86, 0, 0, 0, 33.33, 8, 7, 24961.72, 65359, 63902
1695418239, 0, 0, 14, 0, 0, 25778.52, 0, 0, 0, 0.17, 10, 7, 25210.55, 65993, 64539
1695418239, 0, 0, 19, 0, 0, 25790.63, 0, 0, 0, 33.33, 15, 12, 25226.56, 66024, 64580
1695418254, 0, 0, 20, 0, 0, 25831.64, 0, 0, 0, 0.07, 16, 12, 25267.58, 66129, 64685
1695418268, 0, 0, 21, 0, 0, 25846.48, 0, 0, 0, 0.59, 20, 16, 25282.42, 66167, 64723
1695418280, 0, 0, 22, 0, 0, 25854.69, 0, 0, 0, 0.24, 21, 18, 25290.63, 66188, 64744
1695418291, 0, 0, 22, 0, 0, 25854.69, 1, 0, 0, 0.09, 21, 19, 25290.63, 66188, 64744
1695418304, 0, 0, 27, 0, 0, 25862.11, 1, 0, 0, 0.82, 27, 23, 25294.53, 66207, 64754
1695418315, 0, 0, 27, 0, 0, 25862.11, 1, 0, 0, 0.79, 32, 27, 25294.53, 66207, 64754
1695418331, 0, 0, 30, 0, 0, 25866.02, 1, 0, 0, 0.89, 38, 35, 25295.70, 66217, 64757
1695418341, 0, 0, 31, 0, 0, 25867.19, 1, 0, 0, 0.09, 39, 35, 25296.88, 66220, 64760
1695418353, 0, 0, 33, 0, 0, 25869.53, 1, 0, 0, 1.08, 46, 40, 25299.22, 66226, 64766
1695418365, 0, 0, 34, 0, 0, 26236.33, 1, 0, 0, 0.08, 47, 40, 25666.02, 67165, 65705
1695418377, 0, 0, 35, 0, 0, 26238.67, 1, 0, 0, 0.40, 51, 41, 25668.36, 67171, 65711
1695418389, 0, 0, 36, 0, 0, 26240.63, 1, 0, 0, 0.43, 55, 42, 25670.31, 67176, 65716
1695418400, 0, 0, 37, 0, 0, 26415.23, 1, 0, 0, 0.69, 59, 46, 25846.48, 67623, 66167
1695418411, 0, 0, 37, 0, 0, 26415.23, 2, 0, 0, 0.37, 59, 50, 25846.48, 67623, 66167
1695418411, 0, 0, 37, 0, 0, 26415.23, 2, 0, 0, 75.41, 72, 60, 25846.48, 67623, 66167
1695418423, 0, 0, 39, 0, 0, 26434.77, 2, 0, 0, 0.69, 77, 63, 25866.02, 67673, 66217
1695418438, 0, 0, 40, 0, 0, 26442.19, 2, 0, 0, 0.26, 80, 64, 25873.44, 67692, 66236
1695418450, 0, 0, 41, 0, 0, 26444.53, 2, 0, 0, 0.35, 84, 64, 25875.78, 67698, 66242
1695418461, 0, 0, 41, 0, 0, 26444.53, 2, 0, 0, 1.35, 93, 70, 25875.78, 67698, 66242
1695418475, 0, 0, 42, 0, 0, 26450.78, 2, 0, 0, 0.35, 96, 72, 25882.03, 67714, 66258
1695418487, 0, 0, 42, 0, 0, 26450.78, 2, 0, 0, 1.13, 103, 78, 25882.03, 67714, 66258
1695418525, 0, 0, 43, 0, 0, 26452.73, 2, 0, 0, 0.21, 109, 80, 25883.98, 67719, 66263
1695418525, 0, 0, 44, 0, 0, 26453.13, 2, 0, 0, 46.20, 119, 84, 25884.38, 67720, 66264
1695418536, 0, 0, 44, 0, 0, 26453.13, 3, 0, 0, 0.19, 119, 86, 25884.38, 67720, 66264
1695418536, 0, 0, 44, 0, 0, 26453.13, 3, 0, 0, 62.30, 130, 94, 25884.38, 67720, 66264
1695418547, 0, 0, 44, 0, 0, 26453.13, 3, 0, 0, 0.65, 135, 96, 25884.38, 67720, 66264
1695418558, 0, 0, 44, 0, 0, 26453.13, 3, 0, 0, 0.45, 137, 99, 25884.38, 67720, 66264
1695418569, 0, 0, 45, 0, 0, 26453.52, 3, 0, 0, 0.09, 138, 99, 25884.77, 67721, 66265
1695418581, 0, 0, 46, 0, 0, 26454.69, 3, 0, 0, 0.97, 146, 102, 25885.94, 67724, 66268
1695418593, 0, 0, 47, 0, 0, 26472.27, 3, 0, 0, 0.39, 150, 103, 25903.52, 67769, 66313
1695418605, 0, 0, 47, 0, 0, 26472.27, 3, 0, 0, 1.43, 162, 107, 25903.52, 67769, 66313
1695418616, 0, 0, 47, 0, 0, 26472.27, 3, 0, 0, 0.64, 167, 109, 25903.52, 67769, 66313
1695418630, 0, 0, 48, 0, 0, 26480.08, 3, 0, 0, 0.49, 171, 112, 25911.33, 67789, 66333
1695418645, 0, 0, 49, 0, 0, 26536.33, 3, 0, 0, 0.13, 173, 112, 25967.58, 67933, 66477
1695418645, 0, 0, 49, 0, 0, 26536.33, 3, 0, 0, 24.95, 179, 119, 25967.58, 67933, 66477
1695418657, 0, 0, 49, 0, 0, 26536.33, 3, 0, 0, 1.13, 186, 125, 25967.58, 67933, 66477
1695418687, 0, 0, 50, 0, 0, 26538.67, 3, 0, 0, 0.43, 193, 131, 25969.92, 67939, 66483
1695418702, 0, 0, 50, 0, 0, 26538.67, 3, 0, 0, 0.35, 196, 133, 25969.92, 67939, 66483
1695418714, 0, 0, 51, 0, 0, 26539.06, 3, 0, 0, 0.67, 199, 138, 25970.31, 67940, 66484
1695418724, 0, 0, 51, 0, 0, 26539.06, 3, 0, 0, 0.19, 199, 140, 25970.31, 67940, 66484
1695418739, 0, 0, 52, 0, 0, 26539.45, 3, 0, 0, 0.68, 202, 147, 25970.70, 67941, 66485
1695418750, 0, 0, 52, 0, 0, 26539.45, 3, 0, 0, 0.18, 202, 149, 25970.70, 67941, 66485
1695418762, 0, 0, 52, 0, 0, 26539.45, 3, 0, 0, 0.99, 211, 152, 25970.70, 67941, 66485
1695418774, 0, 0, 52, 0, 0, 26539.45, 3, 0, 0, 0.17, 212, 153, 25970.70, 67941, 66485
1695418787, 0, 0, 53, 0, 0, 26539.84, 3, 0, 0, 0.84, 219, 157, 25971.09, 67942, 66486
1695418787, 0, 0, 53, 0, 0, 26539.84, 3, 0, 0, 24.02, 224, 160, 25971.09, 67942, 66486
1695418800, 0, 0, 54, 0, 0, 26540.63, 3, 0, 0, 0.62, 231, 161, 25971.88, 67944, 66488
1695418816, 0, 0, 54, 0, 0, 26540.63, 3, 0, 0, 0.06, 232, 161, 25971.88, 67944, 66488
1695418829, 0, 0, 55, 0, 0, 26541.02, 3, 0, 0, 0.96, 241, 165, 25972.27, 67945, 66489
1695418842, 0, 0, 55, 0, 0, 26541.02, 3, 0, 0, 0.16, 243, 165, 25972.27, 67945, 66489
1695418855, 0, 0, 55, 0, 0, 26541.02, 3, 0, 0, 1.19, 250, 174, 25972.27, 67945, 66489
1695418867, 0, 0, 55, 0, 0, 26541.02, 3, 0, 0, 0.17, 251, 175, 25972.27, 67945, 66489
1695418881, 0, 0, 56, 0, 0, 26542.58, 3, 0, 0, 0.52, 255, 178, 25973.83, 67949, 66493
1695418896, 0, 0, 56, 0, 0, 26542.58, 3, 0, 0, 0.07, 256, 178, 25973.83, 67949, 66493
1695418908, 0, 0, 56, 0, 0, 26542.58, 3, 0, 0, 0.17, 258, 178, 25973.83, 67949, 66493
1695418908, 0, 0, 56, 0, 0, 26542.58, 3, 0, 0, 54.31, 268, 185, 25973.83, 67949, 66493
1695418929, 0, 0, 56, 0, 0, 26542.58, 3, 0, 0, 0.14, 271, 185, 25973.83, 67949, 66493
1695418941, 0, 0, 56, 0, 0, 26542.58, 3, 0, 0, 1.08, 279, 190, 25973.83, 67949, 66493
1695418953, 0, 0, 56, 0, 0, 26542.58, 3, 0, 0, 0.08, 280, 190, 25973.83, 67949, 66493
1695418966, 0, 0, 56, 0, 0, 26542.58, 3, 0, 0, 0.16, 282, 190, 25973.83, 67949, 66493
1695418978, 0, 0, 56, 0, 0, 26542.58, 3, 0, 0, 1.29, 289, 199, 25973.83, 67949, 66493
1695418995, 0, 0, 57, 0, 0, 26543.36, 3, 0, 0, 0.06, 290, 199, 25974.61, 67951, 66495
1695419008, 0, 0, 57, 0, 0, 26543.36, 3, 0, 0, 0.29, 292, 201, 25974.61, 67951, 66495
1695419020, 0, 0, 57, 0, 0, 26543.36, 3, 0, 0, 0.08, 293, 201, 25974.61, 67951, 66495
1695419035, 0, 0, 57, 0, 0, 26543.36, 3, 0, 0, 0.81, 298, 208, 25974.61, 67951, 66495
1695419046, 0, 0, 57, 0, 0, 26543.36, 3, 0, 0, 0.09, 298, 209, 25974.61, 67951, 66495
1695419058, 0, 0, 57, 0, 0, 26543.36, 3, 0, 0, 0.93, 302, 216, 25974.61, 67951, 66495
1695419070, 0, 0, 57, 0, 0, 26543.36, 3, 0, 0, 0.09, 302, 217, 25974.61, 67951, 66495
1695419081, 0, 0, 57, 0, 0, 26543.36, 3, 0, 0, 0.09, 303, 217, 25974.61, 67951, 66495
1695419093, 0, 0, 57, 0, 0, 26543.36, 3, 0, 0, 0.25, 304, 219, 25974.61, 67951, 66495
1695419107, 0, 0, 57, 0, 0, 26543.36, 3, 0, 0, 0.57, 310, 221, 25974.61, 67951, 66495
1695419122, 0, 0, 58, 0, 0, 26544.14, 3, 0, 0, 0.64, 317, 223, 25975.39, 67953, 66497
1695419134, 0, 0, 59, 0, 0, 26544.92, 3, 0, 0, 0.16, 319, 223, 25976.17, 67955, 66499
1695419135, 0, 0, 59, 0, 0, 26544.92, 3, 0, 0, 33.74, 329, 224, 25976.17, 67955, 66499
1695419135, 0, 0, 59, 0, 0, 26544.92, 3, 0, 0, 65.90, 338, 238, 25976.17, 67955, 66499
1695419147, 0, 0, 59, 0, 0, 26544.92, 3, 0, 0, 1.10, 346, 243, 25976.17, 67955, 66499
1695419161, 0, 0, 59, 0, 0, 26544.92, 3, 0, 0, 0.91, 353, 249, 25976.17, 67955, 66499
1695419174, 0, 0, 59, 0, 0, 26544.92, 3, 0, 0, 0.63, 359, 251, 25976.17, 67955, 66499
1695419188, 0, 0, 59, 0, 0, 26544.92, 3, 0, 0, 0.34, 364, 251, 25976.17, 67955, 66499
1695419200, 0, 0, 59, 0, 0, 26544.92, 3, 0, 0, 0.92, 369, 257, 25976.17, 67955, 66499
1695419218, 0, 0, 59, 0, 0, 26544.92, 3, 0, 0, 0.17, 371, 258, 25976.17, 67955, 66499
1695419231, 0, 0, 59, 0, 0, 26544.92, 3, 0, 0, 0.52, 378, 258, 25976.17, 67955, 66499
1695419246, 0, 0, 59, 0, 0, 26544.92, 3, 0, 0, 0.13, 379, 259, 25976.17, 67955, 66499
1695419300, 0, 0, 59, 0, 0, 26544.92, 3, 0, 0, 0.19, 385, 263, 25976.17, 67955, 66499
1695419325, 0, 0, 59, 0, 0, 26544.92, 3, 0, 0, 0.16, 387, 265, 25976.17, 67955, 66499
1695419352, 0, 0, 59, 0, 0, 26544.92, 3, 0, 0, 0.14, 390, 266, 25976.17, 67955, 66499
1695419365, 0, 0, 59, 0, 0, 26544.92, 3, 0, 0, 0.48, 395, 267, 25976.17, 67955, 66499
1695419377, 0, 0, 60, 0, 0, 26545.70, 3, 0, 0, 0.16, 396, 268, 25976.95, 67957, 66501
1695419378, 0, 0, 60, 0, 0, 26545.70, 3, 0, 0, 24.10, 399, 273, 25976.95, 67957, 66501
1695419390, 0, 0, 60, 0, 0, 26545.70, 3, 0, 0, 0.08, 400, 273, 25976.95, 67957, 66501
1695419403, 0, 0, 60, 0, 0, 26545.70, 3, 0, 0, 0.89, 406, 279, 25976.95, 67957, 66501
1695419416, 0, 0, 60, 0, 0, 26545.70, 3, 0, 0, 1.12, 414, 285, 25976.95, 67957, 66501
1695419427, 0, 0, 60, 0, 0, 26545.70, 3, 0, 0, 0.79, 419, 289, 25976.95, 67957, 66501
1695419440, 0, 0, 60, 0, 0, 26545.70, 3, 0, 0, 0.32, 422, 290, 25976.95, 67957, 66501
1695419453, 0, 0, 60, 0, 0, 26545.70, 3, 0, 0, 0.52, 426, 293, 25976.95, 67957, 66501
1695419466, 0, 0, 60, 0, 0, 26545.70, 3, 0, 0, 0.08, 427, 293, 25976.95, 67957, 66501
1695419484, 0, 0, 60, 0, 0, 26545.70, 3, 0, 0, 0.17, 430, 293, 25976.95, 67957, 66501
1695419497, 0, 0, 60, 0, 0, 26545.70, 3, 0, 0, 0.23, 432, 294, 25976.95, 67957, 66501
1695419498, 0, 0, 60, 0, 0, 26545.70, 3, 0, 0, 15.43, 437, 294, 25976.95, 67957, 66501
1695419511, 0, 0, 61, 0, 0, 26546.88, 3, 0, 0, 0.39, 440, 296, 25978.13, 67960, 66504
1695419524, 0, 0, 61, 0, 0, 26546.88, 3, 0, 0, 0.23, 443, 296, 25978.13, 67960, 66504
1695419538, 0, 0, 61, 0, 0, 26546.88, 3, 0, 0, 0.57, 447, 300, 25978.13, 67960, 66504
1695419549, 0, 0, 61, 0, 0, 26546.88, 3, 0, 0, 0.90, 454, 303, 25978.13, 67960, 66504
1695419565, 0, 0, 61, 0, 0, 26546.88, 3, 0, 0, 0.92, 465, 307, 25978.13, 67960, 66504
1695419579, 0, 0, 61, 0, 0, 26546.88, 3, 0, 0, 0.45, 468, 310, 25978.13, 67960, 66504
1695419593, 0, 0, 61, 0, 0, 26546.88, 3, 0, 0, 0.14, 469, 311, 25978.13, 67960, 66504
1695419593, 0, 0, 61, 0, 0, 26546.88, 3, 0, 0, 34.29, 477, 315, 25978.13, 67960, 66504
1695419604, 0, 0, 61, 0, 0, 26546.88, 3, 0, 0, 0.17, 478, 316, 25978.13, 67960, 66504
1695419617, 0, 0, 61, 0, 0, 26546.88, 3, 0, 0, 0.64, 483, 319, 25978.13, 67960, 66504
1695419628, 0, 0, 61, 0, 0, 26546.88, 3, 0, 0, 0.09, 484, 319, 25978.13, 67960, 66504
1695419629, 0, 0, 61, 0, 0, 26546.88, 3, 0, 0, 32.84, 490, 324, 25978.13, 67960, 66504
1695419629, 0, 0, 61, 0, 0, 26546.88, 3, 0, 0, 20.25, 497, 325, 25978.13, 67960, 66504
1695419629, 0, 0, 61, 0, 0, 26546.88, 3, 0, 0, 47.92, 507, 330, 25978.13, 67960, 66504
1695419642, 0, 0, 61, 0, 0, 26546.88, 3, 0, 0, 0.32, 509, 332, 25978.13, 67960, 66504
1695419655, 0, 0, 61, 0, 0, 26546.88, 3, 0, 0, 0.40, 513, 333, 25978.13, 67960, 66504
1695419669, 0, 0, 61, 0, 0, 26546.88, 3, 0, 0, 0.41, 517, 335, 25978.13, 67960, 66504
1695419682, 0, 0, 62, 0, 0, 26547.27, 3, 0, 0, 0.79, 522, 340, 25978.52, 67961, 66505
1695419695, 0, 0, 62, 0, 0, 26547.27, 3, 0, 0, 0.07, 523, 340, 25978.52, 67961, 66505
1695419708, 0, 0, 62, 0, 0, 26547.27, 3, 0, 0, 0.39, 526, 342, 25978.52, 67961, 66505
1695419722, 0, 0, 62, 0, 0, 26547.27, 3, 0, 0, 1.03, 530, 352, 25978.52, 67961, 66505
1695419722, 0, 0, 62, 0, 0, 26547.27, 3, 0, 0, 33.64, 534, 359, 25978.52, 67961, 66505
1695419734, 0, 0, 62, 0, 0, 26547.27, 3, 0, 0, 0.50, 539, 360, 25978.52, 67961, 66505
1695419735, 0, 0, 62, 0, 0, 26547.27, 3, 0, 0, 26.09, 544, 364, 25978.52, 67961, 66505
1695419747, 0, 0, 62, 0, 0, 26547.27, 3, 0, 0, 0.50, 548, 366, 25978.52, 67961, 66505
1695419759, 0, 0, 62, 0, 0, 26547.27, 3, 0, 0, 0.16, 550, 366, 25978.52, 67961, 66505
1695419773, 0, 0, 62, 0, 0, 26547.27, 3, 0, 0, 0.07, 551, 366, 25978.52, 67961, 66505
1695419785, 0, 0, 62, 0, 0, 26547.27, 3, 0, 0, 1.09, 555, 375, 25978.52, 67961, 66505
1695419808, 0, 0, 62, 0, 0, 26547.27, 3, 0, 0, 0.08, 557, 375, 25978.52, 67961, 66505
1695419821, 0, 0, 62, 0, 0, 26547.27, 3, 0, 0, 0.31, 561, 375, 25978.52, 67961, 66505
1695419835, 0, 0, 62, 0, 0, 26547.27, 3, 0, 0, 0.50, 565, 378, 25978.52, 67961, 66505
1695419836, 0, 0, 62, 0, 0, 26547.27, 3, 0, 0, 14.88, 569, 379, 25978.52, 67961, 66505
1695419848, 0, 0, 62, 0, 0, 26547.27, 3, 0, 0, 0.81, 573, 385, 25978.52, 67961, 66505
1695419860, 0, 0, 62, 0, 0, 26547.27, 3, 0, 0, 0.17, 574, 386, 25978.52, 67961, 66505
1695419872, 0, 0, 62, 0, 0, 26547.27, 3, 0, 0, 0.54, 579, 388, 25978.52, 67961, 66505
1695419884, 0, 0, 62, 0, 0, 26547.27, 3, 0, 0, 0.17, 580, 389, 25978.52, 67961, 66505
1695419897, 0, 0, 62, 0, 0, 26547.27, 3, 0, 0, 0.08, 581, 389, 25978.52, 67961, 66505
1695419911, 0, 0, 62, 0, 0, 26547.27, 3, 0, 0, 0.95, 590, 393, 25978.52, 67961, 66505
1695419922, 0, 0, 62, 0, 0, 26547.27, 3, 0, 0, 0.35, 594, 393, 25978.52, 67961, 66505
1695419933, 0, 0, 62, 0, 0, 26547.27, 3, 0, 0, 0.09, 595, 393, 25978.52, 67961, 66505
1695419958, 0, 0, 63, 0, 0, 26550.39, 3, 0, 0, 0.16, 598, 394, 25981.64, 67969, 66513
1695419959, 0, 0, 63, 0, 0, 26550.39, 3, 0, 0, 13.09, 601, 396, 25981.64, 67969, 66513
1695419971, 0, 0, 63, 0, 0, 26550.39, 3, 0, 0, 0.33, 604, 397, 25981.64, 67969, 66513
1695419982, 0, 0, 63, 0, 0, 26550.39, 3, 0, 0, 0.43, 608, 398, 25981.64, 67969, 66513
1695419995, 0, 0, 63, 0, 0, 26550.39, 3, 0, 0, 0.71, 612, 403, 25981.64, 67969, 66513
1695420009, 0, 0, 64, 0, 0, 26551.95, 3, 0, 0, 0.07, 613, 403, 25983.20, 67973, 66517
1695420022, 0, 0, 64, 0, 0, 26551.95, 3, 0, 0, 0.65, 618, 406, 25983.20, 67973, 66517
1695420034, 0, 0, 64, 0, 0, 26551.95, 3, 0, 0, 1.03, 627, 409, 25983.20, 67973, 66517
1695420048, 0, 0, 64, 0, 0, 26551.95, 3, 0, 0, 0.49, 631, 412, 25983.20, 67973, 66517
1695420048, 0, 0, 64, 0, 0, 26551.95, 3, 0, 0, 19.17, 636, 413, 25983.20, 67973, 66517
1695420061, 0, 0, 64, 0, 0, 26551.95, 3, 0, 0, 0.23, 637, 415, 25983.20, 67973, 66517
1695420075, 0, 0, 64, 0, 0, 26551.95, 3, 0, 0, 0.50, 642, 417, 25983.20, 67973, 66517
1695420089, 0, 0, 64, 0, 0, 26551.95, 3, 0, 0, 0.07, 643, 417, 25983.20, 67973, 66517
1695420102, 0, 0, 64, 0, 0, 26551.95, 3, 0, 0, 0.15, 644, 418, 25983.20, 67973, 66517
1695420115, 0, 0, 64, 0, 0, 26551.95, 3, 0, 0, 0.54, 646, 423, 25983.20, 67973, 66517
1695420130, 0, 0, 64, 0, 0, 26551.95, 3, 0, 0, 0.53, 650, 427, 25983.20, 67973, 66517
1695420143, 0, 0, 64, 0, 0, 26551.95, 3, 0, 0, 0.08, 651, 427, 25983.20, 67973, 66517
1695420157, 0, 0, 65, 0, 0, 26552.34, 3, 0, 0, 0.29, 654, 428, 25983.59, 67974, 66518
1695420170, 0, 0, 65, 0, 0, 26552.34, 3, 0, 0, 0.08, 655, 428, 25983.59, 67974, 66518
1695420183, 0, 0, 65, 0, 0, 26552.34, 3, 0, 0, 0.31, 658, 429, 25983.59, 67974, 66518
1695420196, 0, 0, 65, 0, 0, 26552.34, 3, 0, 0, 0.44, 663, 430, 25983.59, 67974, 66518
1695420210, 0, 0, 65, 0, 0, 26552.34, 3, 0, 0, 0.66, 669, 433, 25983.59, 67974, 66518
1695420222, 0, 0, 65, 0, 0, 26552.34, 3, 0, 0, 0.99, 679, 435, 25983.59, 67974, 66518
1695420235, 0, 0, 65, 0, 0, 26552.34, 3, 0, 0, 0.16, 680, 436, 25983.59, 67974, 66518
1695420248, 0, 0, 65, 0, 0, 26552.34, 3, 0, 0, 0.08, 681, 436, 25983.59, 67974, 66518
1695420259, 0, 0, 65, 0, 0, 26552.34, 3, 0, 0, 0.59, 685, 439, 25983.59, 67974, 66518
1695420271, 0, 0, 65, 0, 0, 26552.34, 3, 0, 0, 0.26, 687, 440, 25983.59, 67974, 66518
1695420284, 0, 0, 65, 0, 0, 26552.34, 3, 0, 0, 0.32, 690, 441, 25983.59, 67974, 66518
1695420297, 0, 0, 65, 0, 0, 26552.34, 3, 0, 0, 0.69, 694, 446, 25983.59, 67974, 66518
1695420309, 0, 0, 65, 0, 0, 26552.34, 3, 0, 0, 0.58, 697, 450, 25983.59, 67974, 66518
1695420309, 0, 0, 65, 0, 0, 26552.34, 3, 0, 0, 21.88, 701, 453, 25983.59, 67974, 66518
1695420310, 0, 0, 65, 0, 0, 26552.34, 3, 0, 0, 15.04, 704, 458, 25983.59, 67974, 66518
1695420335, 0, 0, 65, 0, 0, 26552.34, 3, 0, 0, 0.12, 705, 460, 25983.59, 67974, 66518
1695420347, 0, 0, 65, 0, 0, 26552.34, 3, 0, 0, 0.82, 712, 463, 25983.59, 67974, 66518
1695420358, 0, 0, 65, 0, 0, 26552.34, 3, 0, 0, 0.17, 713, 464, 25983.59, 67974, 66518
1695420359, 0, 0, 65, 0, 0, 26552.34, 3, 0, 0, 18.24, 718, 465, 25983.59, 67974, 66518
1695420371, 0, 0, 65, 0, 0, 26552.34, 3, 0, 0, 0.73, 725, 467, 25983.59, 67974, 66518
1695420371, 0, 0, 65, 0, 0, 26552.34, 3, 0, 0, 21.28, 729, 470, 25983.59, 67974, 66518
1695420372, 0, 0, 65, 0, 0, 26552.34, 3, 0, 0, 8.72, 732, 470, 25983.59, 67974, 66518
1695420385, 0, 0, 65, 0, 0, 26552.34, 3, 0, 0, 0.37, 736, 471, 25983.59, 67974, 66518
1695420402, 0, 0, 65, 0, 0, 26552.34, 3, 0, 0, 0.06, 737, 471, 25983.59, 67974, 66518
1695420402, 0, 0, 65, 0, 0, 26552.34, 3, 0, 0, 25.00, 740, 476, 25983.59, 67974, 66518
1695420418, 0, 0, 65, 0, 0, 26552.34, 3, 0, 0, 0.19, 741, 478, 25983.59, 67974, 66518
1695420432, 0, 0, 65, 0, 0, 26552.34, 3, 0, 0, 0.50, 745, 481, 25983.59, 67974, 66518
1695420447, 0, 0, 65, 0, 0, 26552.34, 3, 0, 0, 0.13, 747, 481, 25983.59, 67974, 66518
1695420447, 0, 0, 65, 0, 0, 26552.34, 3, 0, 0, 20.00, 754, 482, 25983.59, 67974, 66518
1695420467, 0, 0, 65, 0, 0, 26552.34, 3, 0, 0, 0.46, 758, 487, 25983.59, 67974, 66518
1695420467, 0, 0, 65, 0, 0, 26552.34, 3, 0, 0, 22.88, 763, 489, 25983.59, 67974, 66518
1695420483, 0, 0, 65, 0, 0, 26552.34, 3, 0, 0, 0.06, 764, 489, 25983.59, 67974, 66518
1695420483, 0, 0, 65, 0, 0, 26552.34, 3, 0, 0, 18.87, 769, 490, 25983.59, 67974, 66518
1695420483, 0, 0, 65, 0, 0, 26552.34, 3, 0, 0, 8.52, 772, 490, 25983.59, 67974, 66518
1695420484, 0, 0, 65, 0, 0, 26552.34, 3, 0, 0, 12.20, 773, 493, 25983.59, 67974, 66518
1695420510, 0, 0, 65, 0, 0, 26552.34, 3, 0, 0, 0.23, 775, 497, 25983.59, 67974, 66518
1695420523, 0, 0, 65, 0, 0, 26552.34, 3, 0, 0, 0.31, 777, 499, 25983.59, 67974, 66518
1695420537, 0, 0, 66, 0, 0, 26552.73, 3, 0, 0, 0.21, 780, 499, 25983.98, 67975, 66519
1695420551, 0, 0, 66, 0, 0, 26552.73, 3, 0, 0, 0.14, 782, 499, 25983.98, 67975, 66519
1695420551, 0, 0, 66, 0, 0, 26552.73, 3, 0, 0, 20.96, 787, 501, 25983.98, 67975, 66519
1695420551, 0, 0, 66, 0, 0, 26552.73, 3, 0, 0, 19.87, 791, 503, 25983.98, 67975, 66519
1695420568, 0, 0, 66, 0, 0, 26552.73, 3, 0, 0, 0.06, 792, 503, 25983.98, 67975, 66519
1695420568, 0, 0, 66, 0, 0, 26552.73, 3, 0, 0, 18.52, 794, 507, 25983.98, 67975, 66519
1695420581, 0, 0, 66, 0, 0, 26552.73, 3, 0, 0, 0.08, 795, 507, 25983.98, 67975, 66519
1695420638, 0, 0, 67, 0, 0, 26556.25, 3, 0, 0, 0.11, 800, 508, 25987.50, 67984, 66528
1695420655, 0, 0, 67, 0, 0, 26556.25, 3, 0, 0, 0.06, 801, 508, 25987.50, 67984, 66528
1695420655, 0, 0, 67, 0, 0, 26556.25, 3, 0, 0, 12.50, 806, 508, 25987.50, 67984, 66528
1695420668, 0, 0, 67, 0, 0, 26556.25, 3, 0, 0, 0.39, 808, 511, 25987.50, 67984, 66528
1695420668, 0, 0, 67, 0, 0, 26556.25, 3, 0, 0, 30.21, 815, 514, 25987.50, 67984, 66528
1695420692, 0, 0, 67, 0, 0, 26556.25, 3, 0, 0, 0.08, 817, 514, 25987.50, 67984, 66528
1695420692, 0, 0, 67, 0, 0, 26556.25, 3, 0, 0, 24.24, 823, 516, 25987.50, 67984, 66528
1695420706, 0, 0, 67, 0, 0, 26556.25, 3, 0, 0, 0.29, 827, 516, 25987.50, 67984, 66528
1695420724, 0, 0, 67, 0, 0, 26556.25, 3, 0, 0, 0.11, 828, 517, 25987.50, 67984, 66528
1695420724, 0, 0, 67, 0, 0, 26556.25, 3, 0, 0, 22.65, 831, 521, 25987.50, 67984, 66528
1695420749, 0, 0, 67, 0, 0, 26556.25, 3, 0, 0, 0.24, 833, 525, 25987.50, 67984, 66528
1695420761, 0, 0, 67, 0, 0, 26556.25, 3, 0, 0, 0.26, 835, 526, 25987.50, 67984, 66528
1695420761, 0, 0, 67, 0, 0, 26556.25, 3, 0, 0, 20.00, 837, 530, 25987.50, 67984, 66528
1695420777, 0, 0, 67, 0, 0, 26556.25, 3, 0, 0, 0.37, 840, 533, 25987.50, 67984, 66528
1695420790, 0, 0, 67, 0, 0, 26556.25, 3, 0, 0, 0.31, 844, 533, 25987.50, 67984, 66528
1695420809, 0, 0, 67, 0, 0, 26556.25, 3, 0, 0, 0.16, 847, 533, 25987.50, 67984, 66528
1695420809, 0, 0, 67, 0, 0, 26556.25, 3, 0, 0, 2.56, 848, 533, 25987.50, 67984, 66528
1695420821, 0, 0, 67, 0, 0, 26556.25, 3, 0, 0, 0.17, 850, 533, 25987.50, 67984, 66528
1695420834, 0, 0, 67, 0, 0, 26556.25, 3, 0, 0, 0.33, 853, 534, 25987.50, 67984, 66528
1695420849, 0, 0, 67, 0, 0, 26556.25, 3, 0, 0, 0.13, 855, 534, 25987.50, 67984, 66528
1695420862, 0, 0, 67, 0, 0, 26556.25, 3, 0, 0, 0.56, 860, 536, 25987.50, 67984, 66528
1695420880, 0, 0, 67, 0, 0, 26556.25, 3, 0, 0, 0.11, 862, 536, 25987.50, 67984, 66528
1695420894, 0, 0, 67, 0, 0, 26556.25, 3, 0, 0, 0.29, 866, 536, 25987.50, 67984, 66528
1695420895, 0, 0, 67, 0, 0, 26556.25, 3, 0, 0, 18.99, 869, 539, 25987.50, 67984, 66528
1695420908, 0, 0, 67, 0, 0, 26556.25, 3, 0, 0, 0.07, 870, 539, 25987.50, 67984, 66528
1695420920, 0, 0, 67, 0, 0, 26556.25, 3, 0, 0, 0.16, 871, 540, 25987.50, 67984, 66528
1695420921, 0, 0, 67, 0, 0, 26556.25, 3, 0, 0, 17.14, 875, 542, 25987.50, 67984, 66528
1695420938, 0, 0, 67, 0, 0, 26556.25, 3, 0, 0, 0.34, 879, 544, 25987.50, 67984, 66528
1695420955, 0, 0, 67, 0, 0, 26556.25, 3, 0, 0, 0.24, 883, 544, 25987.50, 67984, 66528
1695420955, 0, 0, 67, 0, 0, 26556.25, 3, 0, 0, 23.95, 887, 548, 25987.50, 67984, 66528
1695420968, 0, 0, 67, 0, 0, 26556.25, 3, 0, 0, 0.16, 889, 548, 25987.50, 67984, 66528
1695420968, 0, 0, 67, 0, 0, 26556.25, 3, 0, 0, 21.34, 894, 550, 25987.50, 67984, 66528
1695420969, 0, 0, 67, 0, 0, 26556.25, 3, 0, 0, 21.54, 897, 554, 25987.50, 67984, 66528
1695420982, 0, 0, 67, 0, 0, 26556.25, 3, 0, 0, 0.31, 900, 555, 25987.50, 67984, 66528
1695420982, 0, 0, 67, 0, 0, 26556.25, 3, 0, 0, 7.98, 903, 555, 25987.50, 67984, 66528
1695420994, 0, 0, 67, 0, 0, 26556.25, 3, 0, 0, 0.33, 905, 557, 25987.50, 67984, 66528
1695420994, 0, 0, 67, 0, 0, 26556.25, 3, 0, 0, 25.89, 906, 564, 25987.50, 67984, 66528
1695420995, 0, 0, 67, 0, 0, 26556.25, 3, 0, 0, 23.81, 909, 569, 25987.50, 67984, 66528
1695421009, 0, 0, 67, 0, 0, 26556.25, 3, 0, 0, 0.21, 912, 569, 25987.50, 67984, 66528
1695421026, 0, 0, 67, 0, 0, 26556.25, 3, 0, 0, 0.43, 918, 570, 25987.50, 67984, 66528
1695421026, 0, 0, 67, 0, 0, 26556.25, 3, 0, 0, 15.92, 920, 573, 25987.50, 67984, 66528
1695421026, 0, 0, 67, 0, 0, 26556.25, 3, 0, 0, 9.43, 922, 574, 25987.50, 67984, 66528
1695421027, 0, 0, 67, 0, 0, 26556.25, 3, 0, 0, 13.16, 924, 576, 25987.50, 67984, 66528
1695421027, 0, 0, 67, 0, 0, 26556.25, 3, 0, 0, 9.17, 927, 576, 25987.50, 67984, 66528
1695421027, 0, 0, 67, 0, 0, 26556.25, 3, 0, 0, 9.21, 930, 578, 25987.50, 67984, 66528
1695421047, 0, 0, 67, 0, 0, 26556.25, 3, 0, 0, 0.05, 931, 578, 25987.50, 67984, 66528
1695421060, 0, 0, 67, 0, 0, 26556.25, 3, 0, 0, 0.37, 934, 580, 25987.50, 67984, 66528
1695421061, 0, 0, 67, 0, 0, 26556.25, 3, 0, 0, 15.87, 937, 582, 25987.50, 67984, 66528
1695421075, 0, 0, 67, 0, 0, 26556.25, 3, 0, 0, 0.35, 939, 585, 25987.50, 67984, 66528
1695421075, 0, 0, 67, 0, 0, 26556.25, 3, 0, 0, 22.01, 943, 588, 25987.50, 67984, 66528
1695421076, 0, 0, 67, 0, 0, 26556.25, 3, 0, 0, 23.32, 946, 593, 25987.50, 67984, 66528
1695421087, 0, 0, 67, 0, 0, 26556.25, 3, 0, 0, 0.17, 946, 595, 25987.50, 67984, 66528
1695421100, 0, 0, 67, 0, 0, 26556.25, 3, 0, 0, 0.32, 949, 596, 25987.50, 67984, 66528
1695421113, 0, 0, 67, 0, 0, 26556.25, 3, 0, 0, 0.31, 953, 596, 25987.50, 67984, 66528
1695421113, 0, 0, 67, 0, 0, 26556.25, 3, 0, 0, 18.99, 955, 600, 25987.50, 67984, 66528
1695421128, 0, 0, 67, 0, 0, 26556.25, 3, 0, 0, 0.56, 957, 606, 25987.50, 67984, 66528
1695421128, 0, 0, 67, 0, 0, 26556.25, 3, 0, 0, 21.41, 961, 609, 25987.50, 67984, 66528
1695421140, 0, 0, 67, 0, 0, 26556.25, 3, 0, 0, 0.49, 965, 611, 25987.50, 67984, 66528
1695421140, 0, 0, 67, 0, 0, 26556.25, 3, 0, 0, 18.58, 966, 616, 25987.50, 67984, 66528
1695421141, 0, 0, 67, 0, 0, 26556.25, 3, 0, 0, 14.62, 969, 618, 25987.50, 67984, 66528
1695421141, 0, 0, 67, 0, 0, 26556.25, 3, 0, 0, 12.58, 972, 619, 25987.50, 67984, 66528
1695421154, 0, 0, 67, 0, 0, 26556.25, 3, 0, 0, 0.08, 973, 619, 25987.50, 67984, 66528
1695421154, 0, 0, 67, 0, 0, 26556.25, 3, 0, 0, 16.34, 976, 621, 25987.50, 67984, 66528
1695421167, 0, 0, 67, 0, 0, 26556.25, 3, 0, 0, 0.16, 978, 621, 25987.50, 67984, 66528
1695421167, 0, 0, 67, 0, 0, 26556.25, 3, 0, 0, 21.74, 981, 625, 25987.50, 67984, 66528
1695421168, 0, 0, 67, 0, 0, 26556.25, 3, 0, 0, 14.58, 985, 626, 25987.50, 67984, 66528
1695421168, 0, 0, 67, 0, 0, 26556.25, 3, 0, 0, 16.13, 987, 629, 25987.50, 67984, 66528
1695421184, 0, 0, 67, 0, 0, 26556.25, 3, 0, 0, 0.19, 989, 630, 25987.50, 67984, 66528
1695421184, 0, 0, 67, 0, 0, 26556.25, 3, 0, 0, 19.42, 992, 635, 25987.50, 67984, 66528
1695421185, 0, 0, 67, 0, 0, 26556.25, 3, 0, 0, 12.62, 996, 635, 25987.50, 67984, 66528
1695421185, 0, 0, 67, 0, 0, 26556.25, 3, 0, 0, 22.58, 999, 639, 25987.50, 67984, 66528
1695421185, 0, 0, 67, 0, 0, 26556.25, 3, 0, 0, 17.44, 1003, 641, 25987.50, 67984, 66528
1695421186, 0, 0, 67, 0, 0, 26556.25, 3, 0, 0, 12.50, 1006, 642, 25987.50, 67984, 66528
1695421186, 0, 0, 67, 0, 0, 26556.25, 3, 0, 0, 12.86, 1009, 643, 25987.50, 67984, 66528
1695421199, 0, 0, 67, 0, 0, 26556.25, 3, 0, 0, 0.23, 1011, 644, 25987.50, 67984, 66528
1695421200, 0, 0, 67, 0, 0, 26556.25, 3, 0, 0, 14.93, 1014, 646, 25987.50, 67984, 66528
1695421213, 0, 0, 67, 0, 0, 26556.25, 3, 0, 0, 0.14, 1016, 646, 25987.50, 67984, 66528
1695421236, 0, 0, 67, 0, 0, 26556.25, 3, 0, 0, 0.09, 1017, 647, 25987.50, 67984, 66528
1695421236, 0, 0, 67, 0, 0, 26556.25, 3, 0, 0, 17.41, 1020, 651, 25987.50, 67984, 66528
1695421251, 0, 0, 67, 0, 0, 26556.25, 3, 0, 0, 0.07, 1021, 651, 25987.50, 67984, 66528
1695421252, 0, 0, 67, 0, 0, 26556.25, 3, 0, 0, 17.14, 1027, 651, 25987.50, 67984, 66528
1695421252, 0, 0, 67, 0, 0, 26556.25, 3, 0, 0, 8.90, 1029, 652, 25987.50, 67984, 66528
1695421252, 0, 0, 67, 0, 0, 26556.25, 3, 0, 0, 19.74, 1032, 655, 25987.50, 67984, 66528
1695421253, 0, 0, 67, 0, 0, 26556.25, 3, 0, 0, 9.04, 1034, 656, 25987.50, 67984, 66528
1695421253, 0, 0, 67, 0, 0, 26556.25, 3, 0, 0, 13.93, 1035, 660, 25987.50, 67984, 66528
1695421266, 0, 0, 67, 0, 0, 26556.25, 3, 0, 0, 0.08, 1036, 660, 25987.50, 67984, 66528
1695421266, 0, 0, 67, 0, 0, 26556.25, 3, 0, 0, 12.66, 1039, 661, 25987.50, 67984, 66528
1695421266, 0, 0, 67, 0, 0, 26556.25, 3, 0, 0, 22.15, 1041, 666, 25987.50, 67984, 66528
1695421267, 0, 0, 67, 0, 0, 26556.25, 3, 0, 0, 15.77, 1046, 666, 25987.50, 67984, 66528
1695421279, 0, 0, 67, 0, 0, 26556.25, 3, 0, 0, 0.33, 1048, 668, 25987.50, 67984, 66528
1695421279, 0, 0, 67, 0, 0, 26556.25, 3, 0, 0, 16.45, 1050, 671, 25987.50, 67984, 66528
1695421293, 0, 0, 67, 0, 0, 26556.25, 3, 0, 0, 0.07, 1051, 671, 25987.50, 67984, 66528
1695421293, 0, 0, 67, 0, 0, 26556.25, 3, 0, 0, 14.53, 1055, 673, 25987.50, 67984, 66528
1695421293, 0, 0, 67, 0, 0, 26556.25, 3, 0, 0, 14.20, 1057, 676, 25987.50, 67984, 66528
1695421306, 0, 0, 67, 0, 0, 26556.25, 3, 0, 0, 0.31, 1061, 676, 25987.50, 67984, 66528
1695421319, 0, 0, 67, 0, 0, 26556.25, 3, 0, 0, 0.15, 1063, 676, 25987.50, 67984, 66528
1695421320, 0, 0, 67, 0, 0, 26556.25, 3, 0, 0, 8.79, 1066, 677, 25987.50, 67984, 66528
1695421320, 0, 0, 67, 0, 0, 26556.25, 3, 0, 0, 10.50, 1068, 680, 25987.50, 67984, 66528
1695421332, 0, 0, 67, 0, 0, 26556.25, 3, 0, 0, 0.26, 1071, 680, 25987.50, 67984, 66528
1695421332, 0, 0, 67, 0, 0, 26556.25, 3, 0, 0, 12.27, 1073, 682, 25987.50, 67984, 66528
1695421344, 0, 0, 67, 0, 0, 26556.25, 3, 0, 0, 0.08, 1074, 682, 25987.50, 67984, 66528
1695421345, 0, 0, 67, 0, 0, 26556.25, 3, 0, 0, 19.87, 1078, 684, 25987.50, 67984, 66528
1695421358, 0, 0, 67, 0, 0, 26556.25, 3, 0, 0, 0.31, 1081, 685, 25987.50, 67984, 66528
1695421358, 0, 0, 67, 0, 0, 26556.25, 3, 0, 0, 19.80, 1086, 686, 25987.50, 67984, 66528
1695421358, 0, 0, 67, 0, 0, 26556.25, 3, 0, 0, 16.23, 1090, 687, 25987.50, 67984, 66528
1695421359, 0, 0, 67, 0, 0, 26556.25, 3, 0, 0, 16.48, 1095, 688, 25987.50, 67984, 66528
1695421372, 0, 0, 67, 0, 0, 26556.25, 3, 0, 0, 0.23, 1097, 689, 25987.50, 67984, 66528
1695421372, 0, 0, 67, 0, 0, 26556.25, 3, 0, 0, 14.97, 1099, 692, 25987.50, 67984, 66528
1695421385, 0, 0, 67, 0, 0, 26556.25, 3, 0, 0, 0.15, 1100, 693, 25987.50, 67984, 66528
1695421385, 0, 0, 67, 0, 0, 26556.25, 3, 0, 0, 12.35, 1101, 696, 25987.50, 67984, 66528
1695421386, 0, 0, 67, 0, 0, 26556.25, 3, 0, 0, 12.50, 1104, 697, 25987.50, 67984, 66528
1695421398, 0, 0, 67, 0, 0, 26556.25, 3, 0, 0, 0.08, 1105, 697, 25987.50, 67984, 66528
1695421398, 0, 0, 67, 0, 0, 26556.25, 3, 0, 0, 12.05, 1107, 699, 25987.50, 67984, 66528
1695421398, 0, 0, 67, 0, 0, 26556.25, 3, 0, 0, 14.37, 1110, 701, 25987.50, 67984, 66528
1695421410, 0, 0, 67, 0, 0, 26556.25, 3, 0, 0, 0.08, 1111, 701, 25987.50, 67984, 66528
1695421426, 0, 0, 67, 0, 0, 26556.25, 3, 0, 0, 0.06, 1112, 701, 25987.50, 67984, 66528
1695421426, 0, 0, 67, 0, 0, 26556.25, 3, 0, 0, 20.00, 1115, 704, 25987.50, 67984, 66528
1695421440, 0, 0, 67, 0, 0, 26556.25, 3, 0, 0, 0.07, 1116, 704, 25987.50, 67984, 66528
1695421456, 0, 0, 67, 0, 0, 26556.25, 3, 0, 0, 0.26, 1118, 706, 25987.50, 67984, 66528
1695421456, 0, 0, 67, 0, 0, 26556.25, 3, 0, 0, 12.74, 1120, 708, 25987.50, 67984, 66528
1695421468, 0, 0, 67, 0, 0, 26556.25, 3, 0, 0, 0.49, 1121, 713, 25987.50, 67984, 66528
1695421480, 0, 0, 67, 0, 0, 26556.25, 3, 0, 0, 0.17, 1122, 714, 25987.50, 67984, 66528
1695421481, 0, 0, 67, 0, 0, 26556.25, 3, 0, 0, 19.35, 1126, 716, 25987.50, 67984, 66528
1695421481, 0, 0, 67, 0, 0, 26556.25, 3, 0, 0, 17.65, 1129, 719, 25987.50, 67984, 66528
1695421481, 0, 0, 67, 0, 0, 26556.25, 3, 0, 0, 14.53, 1132, 721, 25987.50, 67984, 66528
1695421482, 0, 0, 67, 0, 0, 26556.25, 3, 0, 0, 15.72, 1135, 723, 25987.50, 67984, 66528
1695421497, 0, 0, 67, 0, 0, 26556.25, 3, 0, 0, 0.33, 1139, 724, 25987.50, 67984, 66528
1695421510, 0, 0, 68, 0, 0, 26557.03, 3, 0, 0, 0.38, 1140, 728, 25988.28, 67986, 66530
1695421510, 0, 0, 68, 0, 0, 26557.03, 3, 0, 0, 4.82, 1141, 729, 25988.28, 67986, 66530
1695421535, 0, 0, 68, 0, 0, 26557.03, 3, 0, 0, 0.08, 1142, 730, 25988.28, 67986, 66530
1695421548, 0, 0, 68, 0, 0, 26557.03, 3, 0, 0, 0.31, 1145, 731, 25988.28, 67986, 66530
1695421560, 0, 0, 68, 0, 0, 26557.03, 3, 0, 0, 0.41, 1147, 734, 25988.28, 67986, 66530
1695421561, 0, 0, 68, 0, 0, 26557.03, 3, 0, 0, 18.81, 1152, 735, 25988.28, 67986, 66530
1695421561, 0, 0, 68, 0, 0, 26557.03, 3, 0, 0, 19.54, 1155, 738, 25988.28, 67986, 66530
1695421561, 0, 0, 68, 0, 0, 26557.03, 3, 0, 0, 11.53, 1158, 739, 25988.28, 67986, 66530
1695421562, 0, 0, 68, 0, 0, 26557.03, 3, 0, 0, 11.08, 1161, 740, 25988.28, 67986, 66530
1695421562, 0, 0, 68, 0, 0, 26557.03, 3, 0, 0, 17.24, 1164, 743, 25988.28, 67986, 66530
1695421562, 0, 0, 68, 0, 0, 26557.03, 3, 0, 0, 5.73, 1165, 744, 25988.28, 67986, 66530
1695421563, 0, 0, 68, 0, 0, 26557.03, 3, 0, 0, 8.43, 1168, 744, 25988.28, 67986, 66530
1695421581, 0, 0, 68, 0, 0, 26557.03, 3, 0, 0, 0.06, 1169, 744, 25988.28, 67986, 66530
1695421593, 0, 0, 68, 0, 0, 26557.03, 3, 0, 0, 0.24, 1172, 744, 25988.28, 67986, 66530
1695421609, 0, 0, 68, 0, 0, 26557.03, 3, 0, 0, 0.12, 1174, 744, 25988.28, 67986, 66530
1695421610, 0, 0, 68, 0, 0, 26557.03, 3, 0, 0, 9.97, 1177, 744, 25988.28, 67986, 66530
1695421623, 0, 0, 68, 0, 0, 26557.03, 3, 0, 0, 0.07, 1178, 744, 25988.28, 67986, 66530
1695421624, 0, 0, 68, 0, 0, 26557.03, 3, 0, 0, 18.29, 1181, 747, 25988.28, 67986, 66530
1695421637, 0, 0, 68, 0, 0, 26557.03, 3, 0, 0, 0.15, 1182, 748, 25988.28, 67986, 66530
1695421637, 0, 0, 68, 0, 0, 26557.03, 3, 0, 0, 6.64, 1184, 748, 25988.28, 67986, 66530
1695421638, 0, 0, 68, 0, 0, 26557.03, 3, 0, 0, 16.62, 1186, 752, 25988.28, 67986, 66530
1695421638, 0, 0, 68, 0, 0, 26557.03, 3, 0, 0, 11.70, 1187, 755, 25988.28, 67986, 66530
1695421651, 0, 0, 68, 0, 0, 26557.03, 3, 0, 0, 0.40, 1188, 759, 25988.28, 67986, 66530
1695421664, 0, 0, 68, 0, 0, 26557.03, 3, 0, 0, 0.15, 1190, 759, 25988.28, 67986, 66530
1695421664, 0, 0, 68, 0, 0, 26557.03, 3, 0, 0, 11.24, 1194, 759, 25988.28, 67986, 66530
1695421664, 0, 0, 68, 0, 0, 26557.03, 3, 0, 0, 12.86, 1196, 761, 25988.28, 67986, 66530
1695421681, 0, 0, 68, 0, 0, 26557.03, 3, 0, 0, 0.18, 1198, 762, 25988.28, 67986, 66530
1695421682, 0, 0, 68, 0, 0, 26557.03, 3, 0, 0, 6.23, 1199, 763, 25988.28, 67986, 66530
1695421682, 0, 0, 68, 0, 0, 26557.03, 3, 0, 0, 4.73, 1201, 763, 25988.28, 67986, 66530
1695421698, 0, 0, 69, 0, 0, 26557.81, 3, 0, 0, 0.06, 1202, 763, 25989.06, 67988, 66532
1695421710, 0, 0, 69, 0, 0, 26557.81, 3, 0, 0, 0.08, 1203, 763, 25989.06, 67988, 66532
1695421711, 0, 0, 69, 0, 0, 26557.81, 3, 0, 0, 10.18, 1204, 766, 25989.06, 67988, 66532
1695421711, 0, 0, 69, 0, 0, 26557.81, 3, 0, 0, 10.72, 1206, 768, 25989.06, 67988, 66532
1695421711, 0, 0, 69, 0, 0, 26557.81, 3, 0, 0, 8.88, 1208, 769, 25989.06, 67988, 66532
1695421712, 0, 0, 69, 0, 0, 26557.81, 3, 0, 0, 12.38, 1211, 770, 25989.06, 67988, 66532
1695421712, 0, 0, 69, 0, 0, 26557.81, 3, 0, 0, 11.98, 1212, 773, 25989.06, 67988, 66532
1695421712, 0, 0, 69, 0, 0, 26557.81, 3, 0, 0, 12.12, 1213, 776, 25989.06, 67988, 66532
1695421733, 0, 0, 69, 0, 0, 26557.81, 3, 0, 0, 0.25, 1217, 777, 25989.06, 67988, 66532
1695421733, 0, 0, 69, 0, 0, 26557.81, 3, 0, 0, 14.49, 1219, 780, 25989.06, 67988, 66532
1695421745, 0, 0, 69, 0, 0, 26557.81, 3, 0, 0, 0.25, 1222, 780, 25989.06, 67988, 66532
1695421758, 0, 0, 69, 0, 0, 26557.81, 3, 0, 0, 0.08, 1223, 780, 25989.06, 67988, 66532
1695421770, 0, 0, 69, 0, 0, 26557.81, 3, 0, 0, 0.40, 1227, 781, 25989.06, 67988, 66532
1695421783, 0, 0, 69, 0, 0, 26557.81, 3, 0, 0, 0.16, 1229, 781, 25989.06, 67988, 66532
1695421783, 0, 0, 69, 0, 0, 26557.81, 3, 0, 0, 11.24, 1230, 784, 25989.06, 67988, 66532
1695421796, 0, 0, 69, 0, 0, 26557.81, 3, 0, 0, 0.16, 1232, 784, 25989.06, 67988, 66532
1695421796, 0, 0, 69, 0, 0, 26557.81, 3, 0, 0, 0.00, 1232, 784, 25989.06, 67988, 66532
