# unix_time, cycles_done, cur_path, paths_total, pending_total, pending_favs, map_size, unique_crashes, unique_hangs, max_depth, execs_per_sec
1694027792, 0, 0, 5, 5, 1, 3.31%, 0, 0, 1, 14.77
1694027797, 0, 2, 6, 6, 1, 3.77%, 0, 0, 2, 11.61
1694027829, 0, 2, 7, 7, 1, 3.77%, 0, 0, 2, 5.71
1694027849, 0, 2, 8, 8, 1, 3.83%, 0, 0, 2, 4.34
1694027880, 0, 5, 8, 7, 1, 3.83%, 0, 0, 2, 3.46
1694027890, 0, 6, 8, 6, 0, 3.83%, 0, 0, 2, 3.26
1694028099, 0, 6, 9, 7, 0, 3.83%, 0, 0, 3, 2.77
1694028176, 0, 6, 10, 8, 0, 3.83%, 0, 0, 3, 1.36
1694028294, 0, 7, 10, 7, 0, 3.83%, 0, 0, 3, 1.10
1694028767, 0, 7, 11, 8, 0, 3.84%, 0, 0, 3, 0.77
1694028843, 0, 7, 12, 9, 0, 3.84%, 0, 0, 3, 1.78
1694029216, 0, 11, 12, 8, 1, 3.84%, 0, 0, 3, 0.57
1694029645, 0, 11, 13, 9, 1, 3.84%, 0, 0, 4, 0.46
1694029693, 1, 2, 13, 8, 0, 3.84%, 0, 0, 4, 1.28
1694029715, 1, 2, 14, 9, 0, 3.84%, 0, 0, 4, 1.38
1694030620, 1, 13, 14, 9, 1, 3.84%, 0, 0, 4, 0.85
1694030727, 1, 13, 15, 10, 1, 3.84%, 0, 0, 4, 0.68
1694030834, 1, 13, 16, 11, 1, 3.84%, 0, 0, 4, 1.34
1694031327, 1, 15, 16, 10, 1, 3.84%, 0, 0, 4, 0.27
