# unix_time, cycles_done, cur_path, paths_total, pending_total, pending_favs, map_size, unique_crashes, unique_hangs, max_depth, execs_per_sec, valid_inputs, invalid_inputs, valid_cov, all_covered_probes, valid_covered_probes
1695400119, 0, 0, 1, 0, 0, 4446.88, 0, 0, 0, 0.45, 0, 1, 0.00, 11384, 0
1695400139, 0, 0, 2, 0, 0, 24624.61, 0, 0, 0, 0.05, 1, 1, 23783.20, 63039, 60885
1695400139, 0, 0, 9, 0, 0, 24806.25, 0, 0, 0, 26.58, 3, 7, 23967.19, 63504, 61356
1695400139, 0, 0, 11, 0, 0, 25062.11, 0, 0, 0, 18.35, 5, 11, 24239.06, 64159, 62052
1695400140, 0, 0, 18, 0, 0, 25112.50, 0, 0, 0, 43.19, 8, 21, 24261.72, 64288, 62110
1695400140, 0, 0, 21, 0, 0, 25114.45, 0, 0, 0, 33.22, 11, 28, 24263.67, 64293, 62115
1695400155, 0, 0, 23, 0, 0, 25736.72, 0, 0, 0, 0.60, 14, 34, 24894.53, 65886, 63730
1695400169, 0, 0, 32, 0, 0, 25770.31, 0, 0, 0, 1.15, 20, 44, 24927.73, 65972, 63815
1695400181, 0, 0, 40, 0, 0, 25789.45, 0, 0, 0, 2.05, 29, 60, 24946.48, 66021, 63863
1695400197, 0, 0, 43, 0, 0, 25789.45, 1, 0, 0, 0.49, 31, 66, 24946.48, 66021, 63863
1695400211, 0, 0, 48, 0, 0, 25801.56, 1, 0, 0, 1.13, 35, 77, 24958.59, 66052, 63894
1695400224, 0, 0, 54, 0, 0, 26070.70, 1, 0, 0, 1.58, 39, 94, 25143.36, 66741, 64367
1695400237, 0, 0, 55, 0, 0, 26126.56, 1, 0, 0, 0.08, 40, 94, 25214.45, 66884, 64549
1695400249, 0, 0, 57, 0, 0, 26126.95, 1, 0, 0, 0.16, 41, 95, 25214.84, 66885, 64550
1695400268, 0, 0, 58, 0, 0, 26134.77, 1, 0, 0, 0.05, 42, 95, 25222.66, 66905, 64570
1695400280, 0, 0, 63, 0, 0, 26149.61, 1, 0, 0, 1.27, 48, 104, 25226.17, 66943, 64579
1695400290, 0, 1, 67, 0, 0, 26150.78, 1, 0, 0, 0.92, 49, 113, 25227.34, 66946, 64582
1695400300, 0, 1, 68, 0, 0, 26157.42, 1, 0, 0, 0.10, 50, 113, 25233.98, 66963, 64599
1695400311, 0, 1, 69, 0, 0, 26157.42, 1, 0, 0, 0.09, 51, 113, 25233.98, 66963, 64599
1695400321, 0, 1, 70, 0, 0, 26164.06, 1, 0, 0, 0.10, 52, 113, 25240.63, 66980, 64616
1695400332, 0, 1, 71, 0, 0, 26164.06, 1, 0, 0, 0.09, 53, 113, 25240.63, 66980, 64616
1695400342, 0, 1, 72, 0, 0, 26164.06, 1, 0, 0, 0.10, 54, 113, 25240.63, 66980, 64616
1695400352, 0, 1, 73, 0, 0, 26164.45, 1, 0, 0, 0.10, 55, 113, 25241.02, 66981, 64617
1695400362, 0, 1, 74, 0, 0, 26164.45, 1, 0, 0, 0.10, 56, 113, 25241.02, 66981, 64617
1695400373, 0, 1, 75, 0, 0, 26164.45, 1, 0, 0, 0.10, 57, 113, 25241.02, 66981, 64617
1695400383, 0, 1, 76, 0, 0, 26164.84, 1, 0, 0, 0.10, 58, 113, 25241.41, 66982, 64618
1695400393, 0, 1, 77, 0, 0, 26164.84, 1, 0, 0, 0.10, 59, 113, 25241.41, 66982, 64618
1695400403, 0, 1, 78, 0, 0, 26164.84, 1, 0, 0, 0.10, 60, 113, 25241.41, 66982, 64618
1695400414, 0, 1, 78, 0, 0, 26164.84, 1, 0, 0, 0.10, 61, 113, 25241.41, 66982, 64618
1695400423, 0, 1, 79, 0, 0, 26164.84, 1, 0, 0, 0.10, 62, 113, 25241.41, 66982, 64618
1695400434, 0, 1, 80, 0, 0, 26164.84, 1, 0, 0, 0.10, 63, 113, 25241.41, 66982, 64618
1695400444, 0, 1, 81, 0, 0, 26164.84, 1, 0, 0, 0.10, 64, 113, 25241.41, 66982, 64618
1695400454, 0, 1, 82, 0, 0, 26164.84, 1, 0, 0, 0.10, 65, 113, 25241.41, 66982, 64618
1695400464, 0, 1, 83, 0, 0, 26164.84, 1, 0, 0, 0.10, 66, 113, 25241.41, 66982, 64618
1695400474, 0, 1, 84, 0, 0, 26164.84, 1, 0, 0, 0.10, 67, 113, 25241.41, 66982, 64618
1695400485, 0, 1, 85, 0, 0, 26165.23, 1, 0, 0, 0.09, 68, 113, 25241.80, 66983, 64619
1695400496, 0, 1, 86, 0, 0, 26181.25, 1, 0, 0, 0.09, 69, 113, 25257.81, 67024, 64660
1695400506, 0, 1, 87, 0, 0, 26181.25, 1, 0, 0, 0.09, 70, 113, 25257.81, 67024, 64660
1695400525, 0, 1, 88, 0, 0, 26181.25, 1, 0, 0, 0.05, 71, 113, 25257.81, 67024, 64660
1695400540, 0, 1, 89, 0, 0, 26181.25, 1, 0, 0, 0.07, 72, 113, 25257.81, 67024, 64660
1695400551, 0, 1, 89, 0, 0, 26181.25, 1, 0, 0, 0.09, 73, 113, 25257.81, 67024, 64660
1695400562, 0, 1, 90, 0, 0, 26181.25, 1, 0, 0, 0.09, 74, 113, 25257.81, 67024, 64660
1695400572, 0, 1, 91, 0, 0, 26181.25, 1, 0, 0, 0.10, 75, 113, 25257.81, 67024, 64660
1695400583, 0, 1, 92, 0, 0, 26181.25, 1, 0, 0, 0.09, 76, 113, 25257.81, 67024, 64660
1695400594, 0, 1, 93, 0, 0, 26181.25, 1, 0, 0, 0.09, 77, 113, 25257.81, 67024, 64660
1695400604, 0, 1, 94, 0, 0, 26181.25, 1, 0, 0, 0.10, 78, 113, 25257.81, 67024, 64660
1695400622, 0, 1, 95, 0, 0, 26181.25, 1, 0, 0, 0.05, 79, 113, 25257.81, 67024, 64660
1695400643, 0, 1, 96, 0, 0, 26182.03, 1, 0, 0, 0.05, 80, 113, 25258.59, 67026, 64662
1695400655, 0, 1, 97, 0, 0, 26182.03, 1, 0, 0, 0.09, 81, 113, 25258.59, 67026, 64662
1695400665, 0, 1, 97, 0, 0, 26182.03, 1, 0, 0, 0.10, 82, 113, 25258.59, 67026, 64662
1695400676, 0, 1, 98, 0, 0, 26182.03, 1, 0, 0, 0.09, 83, 113, 25258.59, 67026, 64662
1695400688, 0, 1, 99, 0, 0, 26182.03, 1, 0, 0, 0.09, 84, 113, 25258.59, 67026, 64662
1695400699, 0, 1, 99, 0, 0, 26182.03, 1, 0, 0, 0.09, 85, 113, 25258.59, 67026, 64662
1695400710, 0, 1, 99, 0, 0, 26182.03, 1, 0, 0, 0.09, 86, 113, 25258.59, 67026, 64662
1695400722, 0, 1, 100, 0, 0, 26182.03, 1, 0, 0, 0.09, 87, 113, 25258.59, 67026, 64662
1695400732, 0, 1, 100, 0, 0, 26182.03, 1, 0, 0, 0.09, 88, 113, 25258.59, 67026, 64662
1695400746, 0, 1, 101, 0, 0, 26182.03, 1, 0, 0, 0.07, 89, 113, 25258.59, 67026, 64662
1695400757, 0, 1, 102, 0, 0, 26182.03, 1, 0, 0, 0.09, 90, 113, 25258.59, 67026, 64662
1695400767, 0, 1, 103, 0, 0, 26182.42, 1, 0, 0, 0.09, 91, 113, 25258.98, 67027, 64663
1695400778, 0, 1, 104, 0, 0, 26182.42, 1, 0, 0, 0.09, 92, 113, 25258.98, 67027, 64663
1695400790, 0, 1, 105, 0, 0, 26184.38, 1, 0, 0, 0.09, 93, 113, 25260.94, 67032, 64668
1695400802, 0, 1, 106, 0, 0, 26185.94, 1, 0, 0, 0.08, 94, 113, 25262.50, 67036, 64672
1695400822, 0, 1, 107, 0, 0, 26185.94, 1, 0, 0, 0.05, 95, 113, 25262.50, 67036, 64672
1695400833, 0, 1, 108, 0, 0, 26185.94, 1, 0, 0, 0.09, 96, 113, 25262.50, 67036, 64672
1695400845, 0, 1, 109, 0, 0, 26185.94, 1, 0, 0, 0.09, 97, 113, 25262.50, 67036, 64672
1695400856, 0, 1, 110, 0, 0, 26185.94, 1, 0, 0, 0.09, 98, 113, 25262.50, 67036, 64672
1695400868, 0, 1, 111, 0, 0, 26185.94, 1, 0, 0, 0.08, 99, 113, 25262.50, 67036, 64672
1695400880, 0, 1, 112, 0, 0, 26185.94, 1, 0, 0, 0.08, 100, 113, 25262.50, 67036, 64672
1695400892, 0, 1, 113, 0, 0, 26185.94, 1, 0, 0, 0.09, 101, 113, 25262.50, 67036, 64672
1695400903, 0, 1, 114, 0, 0, 26185.94, 1, 0, 0, 0.09, 102, 113, 25262.50, 67036, 64672
1695400914, 0, 1, 115, 0, 0, 26185.94, 1, 0, 0, 0.09, 103, 113, 25262.50, 67036, 64672
1695400925, 0, 1, 115, 0, 0, 26185.94, 1, 0, 0, 0.09, 104, 113, 25262.50, 67036, 64672
1695400936, 0, 1, 115, 0, 0, 26185.94, 1, 0, 0, 0.09, 105, 113, 25262.50, 67036, 64672
1695400948, 0, 1, 116, 0, 0, 26185.94, 1, 0, 0, 0.09, 106, 113, 25262.50, 67036, 64672
1695400959, 0, 1, 117, 0, 0, 26185.94, 1, 0, 0, 0.09, 107, 113, 25262.50, 67036, 64672
1695400970, 0, 1, 118, 0, 0, 26185.94, 1, 0, 0, 0.09, 108, 113, 25262.50, 67036, 64672
1695400982, 0, 1, 119, 0, 0, 26185.94, 1, 0, 0, 0.08, 109, 113, 25262.50, 67036, 64672
1695400995, 0, 1, 120, 0, 0, 26185.94, 1, 0, 0, 0.08, 110, 113, 25262.50, 67036, 64672
1695401006, 0, 1, 121, 0, 0, 26185.94, 1, 0, 0, 0.09, 111, 113, 25262.50, 67036, 64672
1695401017, 0, 1, 122, 0, 0, 26185.94, 1, 0, 0, 0.09, 112, 113, 25262.50, 67036, 64672
1695401028, 0, 1, 122, 0, 0, 26185.94, 1, 0, 0, 0.09, 113, 113, 25262.50, 67036, 64672
1695401040, 0, 1, 123, 0, 0, 26185.94, 1, 0, 0, 0.09, 114, 113, 25262.50, 67036, 64672
1695401051, 0, 1, 124, 0, 0, 26186.72, 1, 0, 0, 0.09, 115, 113, 25263.28, 67038, 64674
1695401063, 0, 1, 125, 0, 0, 26187.11, 1, 0, 0, 0.09, 116, 113, 25263.67, 67039, 64675
1695401080, 0, 1, 125, 0, 0, 26187.11, 1, 0, 0, 0.06, 117, 113, 25263.67, 67039, 64675
1695401091, 0, 1, 126, 0, 0, 26187.11, 1, 0, 0, 0.09, 118, 113, 25263.67, 67039, 64675
1695401103, 0, 1, 127, 0, 0, 26187.11, 1, 0, 0, 0.09, 119, 113, 25263.67, 67039, 64675
1695401114, 0, 1, 128, 0, 0, 26187.11, 1, 0, 0, 0.09, 120, 113, 25263.67, 67039, 64675
1695401125, 0, 1, 129, 0, 0, 26187.11, 1, 0, 0, 0.09, 121, 113, 25263.67, 67039, 64675
1695401137, 0, 1, 130, 0, 0, 26187.11, 1, 0, 0, 0.09, 122, 113, 25263.67, 67039, 64675
1695401148, 0, 1, 131, 0, 0, 26187.11, 1, 0, 0, 0.09, 123, 113, 25263.67, 67039, 64675
1695401160, 0, 1, 131, 0, 0, 26187.11, 1, 0, 0, 0.09, 124, 113, 25263.67, 67039, 64675
1695401172, 0, 1, 131, 0, 0, 26187.11, 1, 0, 0, 0.08, 125, 113, 25263.67, 67039, 64675
1695401183, 0, 1, 132, 0, 0, 26187.11, 1, 0, 0, 0.08, 126, 113, 25263.67, 67039, 64675
1695401199, 0, 1, 133, 0, 0, 26187.11, 1, 0, 0, 0.06, 127, 113, 25263.67, 67039, 64675
1695401212, 0, 1, 134, 0, 0, 26187.11, 1, 0, 0, 0.08, 128, 113, 25263.67, 67039, 64675
1695401224, 0, 1, 135, 0, 0, 26187.11, 1, 0, 0, 0.08, 129, 113, 25263.67, 67039, 64675
1695401236, 0, 1, 136, 0, 0, 26187.11, 1, 0, 0, 0.09, 130, 113, 25263.67, 67039, 64675
1695401247, 0, 1, 136, 0, 0, 26187.11, 1, 0, 0, 0.09, 131, 113, 25263.67, 67039, 64675
1695401259, 0, 1, 137, 0, 0, 26187.11, 1, 0, 0, 0.09, 132, 113, 25263.67, 67039, 64675
1695401270, 0, 1, 137, 0, 0, 26187.11, 1, 0, 0, 0.09, 133, 113, 25263.67, 67039, 64675
1695401281, 0, 1, 138, 0, 0, 26187.11, 1, 0, 0, 0.09, 134, 113, 25263.67, 67039, 64675
1695401292, 0, 1, 139, 0, 0, 26187.11, 1, 0, 0, 0.09, 135, 113, 25263.67, 67039, 64675
1695401305, 0, 1, 140, 0, 0, 26187.11, 1, 0, 0, 0.08, 136, 113, 25263.67, 67039, 64675
1695401316, 0, 1, 140, 0, 0, 26187.11, 1, 0, 0, 0.09, 137, 113, 25263.67, 67039, 64675
1695401327, 0, 1, 140, 0, 0, 26187.11, 1, 0, 0, 0.09, 138, 113, 25263.67, 67039, 64675
1695401338, 0, 1, 140, 0, 0, 26187.11, 1, 0, 0, 0.09, 139, 113, 25263.67, 67039, 64675
1695401350, 0, 1, 141, 0, 0, 26187.11, 1, 0, 0, 0.09, 140, 113, 25263.67, 67039, 64675
1695401363, 0, 1, 141, 0, 0, 26187.11, 1, 0, 0, 0.08, 141, 113, 25263.67, 67039, 64675
1695401374, 0, 1, 141, 0, 0, 26187.11, 1, 0, 0, 0.09, 142, 113, 25263.67, 67039, 64675
1695401385, 0, 1, 142, 0, 0, 26187.11, 1, 0, 0, 0.09, 143, 113, 25263.67, 67039, 64675
1695401396, 0, 1, 143, 0, 0, 26187.11, 1, 0, 0, 0.09, 144, 113, 25263.67, 67039, 64675
1695401408, 0, 1, 143, 0, 0, 26187.11, 1, 0, 0, 0.09, 145, 113, 25263.67, 67039, 64675
1695401419, 0, 1, 143, 0, 0, 26187.11, 1, 0, 0, 0.09, 146, 113, 25263.67, 67039, 64675
1695401431, 0, 1, 144, 0, 0, 26187.11, 1, 0, 0, 0.08, 147, 113, 25263.67, 67039, 64675
1695401442, 0, 1, 145, 0, 0, 26187.11, 1, 0, 0, 0.09, 148, 113, 25263.67, 67039, 64675
1695401453, 0, 1, 146, 0, 0, 26187.11, 1, 0, 0, 0.09, 149, 113, 25263.67, 67039, 64675
1695401464, 0, 1, 146, 0, 0, 26187.11, 1, 0, 0, 0.09, 150, 113, 25263.67, 67039, 64675
1695401476, 0, 1, 147, 0, 0, 26187.11, 1, 0, 0, 0.09, 151, 113, 25263.67, 67039, 64675
1695401487, 0, 1, 148, 0, 0, 26187.11, 1, 0, 0, 0.09, 152, 113, 25263.67, 67039, 64675
1695401499, 0, 1, 149, 0, 0, 26187.11, 1, 0, 0, 0.09, 153, 113, 25263.67, 67039, 64675
1695401510, 0, 1, 150, 0, 0, 26187.11, 1, 0, 0, 0.09, 154, 113, 25263.67, 67039, 64675
1695401521, 0, 1, 151, 0, 0, 26187.11, 1, 0, 0, 0.09, 155, 113, 25263.67, 67039, 64675
1695401533, 0, 1, 152, 0, 0, 26187.11, 1, 0, 0, 0.09, 156, 113, 25263.67, 67039, 64675
1695401545, 0, 1, 153, 0, 0, 26187.11, 1, 0, 0, 0.09, 157, 113, 25263.67, 67039, 64675
1695401556, 0, 1, 154, 0, 0, 26187.11, 1, 0, 0, 0.09, 158, 113, 25263.67, 67039, 64675
1695401567, 0, 1, 155, 0, 0, 26187.11, 1, 0, 0, 0.09, 159, 113, 25263.67, 67039, 64675
1695401578, 0, 1, 156, 0, 0, 26187.11, 1, 0, 0, 0.09, 160, 113, 25263.67, 67039, 64675
1695401597, 0, 1, 157, 0, 0, 26187.11, 1, 0, 0, 0.05, 161, 113, 25263.67, 67039, 64675
1695401621, 0, 1, 158, 0, 0, 26187.11, 1, 0, 0, 0.04, 162, 113, 25263.67, 67039, 64675
1695401634, 0, 1, 159, 0, 0, 26187.11, 1, 0, 0, 0.08, 163, 113, 25263.67, 67039, 64675
1695401645, 0, 1, 160, 0, 0, 26187.11, 1, 0, 0, 0.09, 164, 113, 25263.67, 67039, 64675
1695401656, 0, 1, 161, 0, 0, 26187.11, 1, 0, 0, 0.09, 165, 113, 25263.67, 67039, 64675
1695401667, 0, 1, 162, 0, 0, 26187.11, 1, 0, 0, 0.09, 166, 113, 25263.67, 67039, 64675
1695401678, 0, 1, 163, 0, 0, 26187.11, 1, 0, 0, 0.09, 167, 113, 25263.67, 67039, 64675
1695401689, 0, 1, 163, 0, 0, 26187.11, 1, 0, 0, 0.09, 168, 113, 25263.67, 67039, 64675
1695401701, 0, 1, 164, 0, 0, 26187.11, 1, 0, 0, 0.08, 169, 113, 25263.67, 67039, 64675
1695401713, 0, 1, 164, 0, 0, 26187.11, 1, 0, 0, 0.08, 170, 113, 25263.67, 67039, 64675
1695401724, 0, 1, 164, 0, 0, 26187.11, 1, 0, 0, 0.09, 171, 113, 25263.67, 67039, 64675
1695401735, 0, 1, 164, 0, 0, 26187.11, 1, 0, 0, 0.09, 172, 113, 25263.67, 67039, 64675
1695401746, 0, 1, 164, 0, 0, 26187.11, 1, 0, 0, 0.09, 173, 113, 25263.67, 67039, 64675
1695401757, 0, 1, 165, 0, 0, 26187.11, 1, 0, 0, 0.09, 174, 113, 25263.67, 67039, 64675
1695401768, 0, 1, 165, 0, 0, 26187.11, 1, 0, 0, 0.09, 175, 113, 25263.67, 67039, 64675
1695401779, 0, 1, 165, 0, 0, 26187.11, 1, 0, 0, 0.09, 176, 113, 25263.67, 67039, 64675
1695401790, 0, 1, 166, 0, 0, 26187.50, 1, 0, 0, 0.09, 177, 113, 25264.06, 67040, 64676
1695401801, 0, 1, 167, 0, 0, 26187.50, 1, 0, 0, 0.09, 178, 113, 25264.06, 67040, 64676
1695401813, 0, 1, 167, 0, 0, 26187.50, 1, 0, 0, 0.08, 179, 113, 25264.06, 67040, 64676
1695401825, 0, 1, 168, 0, 0, 26187.50, 1, 0, 0, 0.09, 180, 113, 25264.06, 67040, 64676
1695401836, 0, 1, 169, 0, 0, 26187.50, 1, 0, 0, 0.09, 181, 113, 25264.06, 67040, 64676
1695401848, 0, 1, 170, 0, 0, 26187.50, 1, 0, 0, 0.09, 182, 113, 25264.06, 67040, 64676
1695401859, 0, 1, 171, 0, 0, 26187.50, 1, 0, 0, 0.09, 183, 113, 25264.06, 67040, 64676
1695401870, 0, 1, 172, 0, 0, 26187.50, 1, 0, 0, 0.09, 184, 113, 25264.06, 67040, 64676
1695401882, 0, 1, 172, 0, 0, 26187.50, 1, 0, 0, 0.08, 185, 113, 25264.06, 67040, 64676
1695401894, 0, 1, 172, 0, 0, 26187.50, 1, 0, 0, 0.09, 186, 113, 25264.06, 67040, 64676
1695401905, 0, 1, 172, 0, 0, 26187.50, 1, 0, 0, 0.09, 187, 113, 25264.06, 67040, 64676
1695401917, 0, 1, 172, 0, 0, 26187.50, 1, 0, 0, 0.08, 188, 113, 25264.06, 67040, 64676
1695401928, 0, 1, 173, 0, 0, 26187.50, 1, 0, 0, 0.09, 189, 113, 25264.06, 67040, 64676
1695401939, 0, 1, 173, 0, 0, 26187.50, 1, 0, 0, 0.09, 190, 113, 25264.06, 67040, 64676
1695401950, 0, 1, 173, 0, 0, 26187.50, 1, 0, 0, 0.09, 191, 113, 25264.06, 67040, 64676
1695401961, 0, 1, 173, 0, 0, 26187.50, 1, 0, 0, 0.09, 192, 113, 25264.06, 67040, 64676
1695401972, 0, 1, 173, 0, 0, 26187.50, 1, 0, 0, 0.09, 193, 113, 25264.06, 67040, 64676
1695401983, 0, 1, 173, 0, 0, 26187.50, 1, 0, 0, 0.09, 194, 113, 25264.06, 67040, 64676
1695401994, 0, 1, 174, 0, 0, 26187.50, 1, 0, 0, 0.09, 195, 113, 25264.06, 67040, 64676
1695402006, 0, 1, 175, 0, 0, 26187.50, 1, 0, 0, 0.08, 196, 113, 25264.06, 67040, 64676
1695402018, 0, 1, 176, 0, 0, 26187.50, 1, 0, 0, 0.09, 197, 113, 25264.06, 67040, 64676
1695402029, 0, 1, 177, 0, 0, 26187.50, 1, 0, 0, 0.09, 198, 113, 25264.06, 67040, 64676
1695402040, 0, 1, 177, 0, 0, 26187.50, 1, 0, 0, 0.09, 199, 113, 25264.06, 67040, 64676
1695402052, 0, 1, 178, 0, 0, 26187.50, 1, 0, 0, 0.09, 200, 113, 25264.06, 67040, 64676
1695402063, 0, 1, 179, 0, 0, 26187.50, 1, 0, 0, 0.09, 201, 113, 25264.06, 67040, 64676
1695402074, 0, 1, 180, 0, 0, 26187.50, 1, 0, 0, 0.09, 202, 113, 25264.06, 67040, 64676
1695402085, 0, 1, 181, 0, 0, 26187.50, 1, 0, 0, 0.09, 203, 113, 25264.06, 67040, 64676
1695402096, 0, 1, 182, 0, 0, 26187.50, 1, 0, 0, 0.09, 204, 113, 25264.06, 67040, 64676
1695402108, 0, 1, 183, 0, 0, 26187.50, 1, 0, 0, 0.09, 205, 113, 25264.06, 67040, 64676
1695402119, 0, 1, 184, 0, 0, 26187.50, 1, 0, 0, 0.09, 206, 113, 25264.06, 67040, 64676
1695402131, 0, 1, 185, 0, 0, 26187.50, 1, 0, 0, 0.09, 207, 113, 25264.06, 67040, 64676
1695402143, 0, 1, 186, 0, 0, 26187.50, 1, 0, 0, 0.08, 208, 113, 25264.06, 67040, 64676
1695402163, 0, 1, 187, 0, 0, 26187.50, 1, 0, 0, 0.05, 209, 113, 25264.06, 67040, 64676
1695402175, 0, 1, 188, 0, 0, 26188.28, 1, 0, 0, 0.08, 210, 113, 25264.84, 67042, 64678
1695402186, 0, 1, 189, 0, 0, 26188.28, 1, 0, 0, 0.09, 211, 113, 25264.84, 67042, 64678
1695402198, 0, 1, 190, 0, 0, 26188.28, 1, 0, 0, 0.08, 212, 113, 25264.84, 67042, 64678
1695402210, 0, 1, 190, 0, 0, 26188.28, 1, 0, 0, 0.09, 213, 113, 25264.84, 67042, 64678
1695402222, 0, 1, 191, 0, 0, 26188.28, 1, 0, 0, 0.08, 214, 113, 25264.84, 67042, 64678
1695402234, 0, 1, 191, 0, 0, 26188.28, 1, 0, 0, 0.08, 215, 113, 25264.84, 67042, 64678
1695402249, 0, 1, 192, 0, 0, 26188.28, 1, 0, 0, 0.07, 216, 113, 25264.84, 67042, 64678
1695402261, 0, 1, 193, 0, 0, 26188.28, 1, 0, 0, 0.08, 217, 113, 25264.84, 67042, 64678
1695402273, 0, 1, 194, 0, 0, 26188.28, 1, 0, 0, 0.08, 218, 113, 25264.84, 67042, 64678
1695402285, 0, 1, 195, 0, 0, 26188.28, 1, 0, 0, 0.08, 219, 113, 25264.84, 67042, 64678
1695402297, 0, 1, 196, 0, 0, 26188.28, 1, 0, 0, 0.08, 220, 113, 25264.84, 67042, 64678
1695402309, 0, 1, 196, 0, 0, 26188.28, 1, 0, 0, 0.08, 221, 113, 25264.84, 67042, 64678
1695402321, 0, 1, 197, 0, 0, 26188.28, 1, 0, 0, 0.09, 222, 113, 25264.84, 67042, 64678
1695402333, 0, 1, 198, 0, 0, 26188.28, 1, 0, 0, 0.08, 223, 113, 25264.84, 67042, 64678
1695402344, 0, 1, 198, 0, 0, 26188.28, 1, 0, 0, 0.09, 224, 113, 25264.84, 67042, 64678
1695402355, 0, 1, 198, 0, 0, 26188.28, 1, 0, 0, 0.09, 225, 113, 25264.84, 67042, 64678
1695402367, 0, 1, 198, 0, 0, 26188.28, 1, 0, 0, 0.09, 226, 113, 25264.84, 67042, 64678
1695402378, 0, 1, 198, 0, 0, 26188.28, 1, 0, 0, 0.09, 227, 113, 25264.84, 67042, 64678
1695402390, 0, 1, 199, 0, 0, 26188.28, 1, 0, 0, 0.08, 228, 113, 25264.84, 67042, 64678
1695402402, 0, 1, 199, 0, 0, 26188.28, 1, 0, 0, 0.08, 229, 113, 25264.84, 67042, 64678
1695402414, 0, 1, 200, 0, 0, 26188.28, 1, 0, 0, 0.09, 230, 113, 25264.84, 67042, 64678
1695402426, 0, 1, 200, 0, 0, 26188.28, 1, 0, 0, 0.08, 231, 113, 25264.84, 67042, 64678
1695402438, 0, 1, 200, 0, 0, 26188.28, 1, 0, 0, 0.09, 232, 113, 25264.84, 67042, 64678
1695402449, 0, 1, 201, 0, 0, 26188.67, 1, 0, 0, 0.09, 233, 113, 25265.23, 67043, 64679
1695402460, 0, 1, 201, 0, 0, 26188.67, 1, 0, 0, 0.09, 234, 113, 25265.23, 67043, 64679
1695402472, 0, 1, 201, 0, 0, 26188.67, 1, 0, 0, 0.09, 235, 113, 25265.23, 67043, 64679
1695402483, 0, 1, 202, 0, 0, 26188.67, 1, 0, 0, 0.09, 236, 113, 25265.23, 67043, 64679
1695402494, 0, 1, 202, 0, 0, 26188.67, 1, 0, 0, 0.09, 237, 113, 25265.23, 67043, 64679
1695402505, 0, 1, 202, 0, 0, 26188.67, 1, 0, 0, 0.09, 238, 113, 25265.23, 67043, 64679
1695402516, 0, 1, 203, 0, 0, 26188.67, 1, 0, 0, 0.09, 239, 113, 25265.23, 67043, 64679
1695402527, 0, 1, 204, 0, 0, 26188.67, 1, 0, 0, 0.09, 240, 113, 25265.23, 67043, 64679
1695402538, 0, 1, 204, 0, 0, 26188.67, 1, 0, 0, 0.10, 241, 113, 25265.23, 67043, 64679
1695402549, 0, 1, 204, 0, 0, 26188.67, 1, 0, 0, 0.09, 242, 113, 25265.23, 67043, 64679
1695402560, 0, 1, 205, 0, 0, 26188.67, 1, 0, 0, 0.09, 243, 113, 25265.23, 67043, 64679
1695402572, 0, 1, 205, 0, 0, 26188.67, 1, 0, 0, 0.08, 244, 113, 25265.23, 67043, 64679
1695402584, 0, 1, 205, 0, 0, 26188.67, 1, 0, 0, 0.09, 245, 113, 25265.23, 67043, 64679
1695402596, 0, 1, 206, 0, 0, 26188.67, 1, 0, 0, 0.08, 246, 113, 25265.23, 67043, 64679
1695402608, 0, 1, 206, 0, 0, 26188.67, 1, 0, 0, 0.08, 247, 113, 25265.23, 67043, 64679
1695402622, 0, 1, 207, 0, 0, 26188.67, 1, 0, 0, 0.07, 248, 113, 25265.23, 67043, 64679
1695402634, 0, 1, 207, 0, 0, 26188.67, 1, 0, 0, 0.08, 249, 113, 25265.23, 67043, 64679
1695402647, 0, 1, 207, 0, 0, 26188.67, 1, 0, 0, 0.08, 250, 113, 25265.23, 67043, 64679
1695402659, 0, 1, 207, 0, 0, 26188.67, 1, 0, 0, 0.08, 251, 113, 25265.23, 67043, 64679
1695402671, 0, 1, 207, 0, 0, 26188.67, 1, 0, 0, 0.09, 252, 113, 25265.23, 67043, 64679
1695402682, 0, 1, 208, 0, 0, 26188.67, 1, 0, 0, 0.09, 253, 113, 25265.23, 67043, 64679
1695402693, 0, 1, 208, 0, 0, 26188.67, 1, 0, 0, 0.09, 254, 113, 25265.23, 67043, 64679
1695402705, 0, 1, 209, 0, 0, 26188.67, 1, 0, 0, 0.08, 255, 113, 25265.23, 67043, 64679
1695402717, 0, 1, 210, 0, 0, 26189.45, 1, 0, 0, 0.09, 256, 113, 25266.02, 67045, 64681
1695402728, 0, 1, 211, 0, 0, 26189.84, 1, 0, 0, 0.09, 257, 113, 25266.41, 67046, 64682
1695402740, 0, 1, 211, 0, 0, 26189.84, 1, 0, 0, 0.09, 258, 113, 25266.41, 67046, 64682
1695402751, 0, 1, 212, 0, 0, 26189.84, 1, 0, 0, 0.09, 259, 113, 25266.41, 67046, 64682
1695402763, 0, 1, 213, 0, 0, 26189.84, 1, 0, 0, 0.09, 260, 113, 25266.41, 67046, 64682
1695402774, 0, 1, 214, 0, 0, 26189.84, 1, 0, 0, 0.09, 261, 113, 25266.41, 67046, 64682
1695402786, 0, 1, 214, 0, 0, 26189.84, 1, 0, 0, 0.09, 262, 113, 25266.41, 67046, 64682
1695402797, 0, 1, 215, 0, 0, 26189.84, 1, 0, 0, 0.09, 263, 113, 25266.41, 67046, 64682
1695402809, 0, 1, 216, 0, 0, 26189.84, 1, 0, 0, 0.09, 264, 113, 25266.41, 67046, 64682
1695402821, 0, 1, 217, 0, 0, 26189.84, 1, 0, 0, 0.08, 265, 113, 25266.41, 67046, 64682
1695402832, 0, 1, 218, 0, 0, 26189.84, 1, 0, 0, 0.09, 266, 113, 25266.41, 67046, 64682
1695402843, 0, 1, 219, 0, 0, 26189.84, 1, 0, 0, 0.09, 267, 113, 25266.41, 67046, 64682
1695402855, 0, 1, 220, 0, 0, 26189.84, 1, 0, 0, 0.09, 268, 113, 25266.41, 67046, 64682
1695402866, 0, 1, 221, 0, 0, 26189.84, 1, 0, 0, 0.08, 269, 113, 25266.41, 67046, 64682
1695402878, 0, 1, 222, 0, 0, 26189.84, 1, 0, 0, 0.08, 270, 113, 25266.41, 67046, 64682
1695402893, 0, 1, 222, 0, 0, 26189.84, 1, 0, 0, 0.07, 271, 113, 25266.41, 67046, 64682
1695402904, 0, 1, 223, 0, 0, 26189.84, 1, 0, 0, 0.09, 272, 113, 25266.41, 67046, 64682
1695402916, 0, 1, 224, 0, 0, 26189.84, 1, 0, 0, 0.08, 273, 113, 25266.41, 67046, 64682
1695402928, 0, 1, 225, 0, 0, 26189.84, 1, 0, 0, 0.09, 274, 113, 25266.41, 67046, 64682
1695402939, 0, 1, 226, 0, 0, 26189.84, 1, 0, 0, 0.09, 275, 113, 25266.41, 67046, 64682
1695402951, 0, 1, 226, 0, 0, 26189.84, 1, 0, 0, 0.09, 276, 113, 25266.41, 67046, 64682
1695402962, 0, 1, 227, 0, 0, 26189.84, 1, 0, 0, 0.09, 277, 113, 25266.41, 67046, 64682
1695402973, 0, 1, 228, 0, 0, 26189.84, 1, 0, 0, 0.09, 278, 113, 25266.41, 67046, 64682
1695402985, 0, 1, 228, 0, 0, 26189.84, 1, 0, 0, 0.08, 279, 113, 25266.41, 67046, 64682
1695402997, 0, 1, 229, 0, 0, 26189.84, 1, 0, 0, 0.08, 280, 113, 25266.41, 67046, 64682
1695403009, 0, 1, 230, 0, 0, 26189.84, 1, 0, 0, 0.09, 281, 113, 25266.41, 67046, 64682
1695403021, 0, 1, 231, 0, 0, 26197.66, 1, 0, 0, 0.08, 282, 113, 25274.22, 67066, 64702
1695403032, 0, 1, 232, 0, 0, 26197.66, 1, 0, 0, 0.09, 283, 113, 25274.22, 67066, 64702
1695403046, 0, 1, 233, 0, 0, 26197.66, 1, 0, 0, 0.07, 284, 113, 25274.22, 67066, 64702
1695403071, 0, 1, 234, 0, 0, 26197.66, 1, 0, 0, 0.04, 285, 113, 25274.22, 67066, 64702
1695403088, 0, 1, 235, 0, 0, 26197.66, 1, 0, 0, 0.06, 286, 113, 25274.22, 67066, 64702
1695403100, 0, 1, 236, 0, 0, 26197.66, 1, 0, 0, 0.08, 287, 113, 25274.22, 67066, 64702
1695403110, 0, 1, 237, 0, 0, 26197.66, 1, 0, 0, 0.09, 288, 113, 25274.22, 67066, 64702
1695403122, 0, 1, 238, 0, 0, 26197.66, 1, 0, 0, 0.08, 289, 113, 25274.22, 67066, 64702
1695403134, 0, 1, 239, 0, 0, 26197.66, 1, 0, 0, 0.09, 290, 113, 25274.22, 67066, 64702
1695403145, 0, 1, 240, 0, 0, 26197.66, 1, 0, 0, 0.09, 291, 113, 25274.22, 67066, 64702
1695403157, 0, 1, 241, 0, 0, 26197.66, 1, 0, 0, 0.09, 292, 113, 25274.22, 67066, 64702
1695403168, 0, 1, 242, 0, 0, 26197.66, 1, 0, 0, 0.08, 293, 113, 25274.22, 67066, 64702
1695403180, 0, 1, 243, 0, 0, 26197.66, 1, 0, 0, 0.09, 294, 113, 25274.22, 67066, 64702
1695403192, 0, 1, 244, 0, 0, 26197.66, 1, 0, 0, 0.08, 295, 113, 25274.22, 67066, 64702
1695403204, 0, 1, 244, 0, 0, 26197.66, 1, 0, 0, 0.08, 296, 113, 25274.22, 67066, 64702
1695403217, 0, 1, 245, 0, 0, 26197.66, 1, 0, 0, 0.08, 297, 113, 25274.22, 67066, 64702
1695403228, 0, 1, 245, 0, 0, 26197.66, 1, 0, 0, 0.09, 298, 113, 25274.22, 67066, 64702
1695403240, 0, 1, 245, 0, 0, 26197.66, 1, 0, 0, 0.08, 299, 113, 25274.22, 67066, 64702
1695403252, 0, 1, 246, 0, 0, 26197.66, 1, 0, 0, 0.08, 300, 113, 25274.22, 67066, 64702
1695403264, 0, 1, 246, 0, 0, 26197.66, 1, 0, 0, 0.08, 301, 113, 25274.22, 67066, 64702
1695403277, 0, 1, 246, 0, 0, 26197.66, 1, 0, 0, 0.08, 302, 113, 25274.22, 67066, 64702
1695403288, 0, 1, 247, 0, 0, 26197.66, 1, 0, 0, 0.08, 303, 113, 25274.22, 67066, 64702
1695403300, 0, 1, 247, 0, 0, 26197.66, 1, 0, 0, 0.08, 304, 113, 25274.22, 67066, 64702
1695403311, 0, 1, 247, 0, 0, 26197.66, 1, 0, 0, 0.09, 305, 113, 25274.22, 67066, 64702
1695403323, 0, 1, 247, 0, 0, 26197.66, 1, 0, 0, 0.09, 306, 113, 25274.22, 67066, 64702
1695403335, 0, 1, 247, 0, 0, 26197.66, 1, 0, 0, 0.08, 307, 113, 25274.22, 67066, 64702
1695403348, 0, 1, 248, 0, 0, 26197.66, 1, 0, 0, 0.08, 308, 113, 25274.22, 67066, 64702
1695403360, 0, 1, 249, 0, 0, 26197.66, 1, 0, 0, 0.08, 309, 113, 25274.22, 67066, 64702
1695403372, 0, 1, 250, 0, 0, 26197.66, 1, 0, 0, 0.08, 310, 113, 25274.22, 67066, 64702
1695403385, 0, 1, 251, 0, 0, 26197.66, 1, 0, 0, 0.08, 311, 113, 25274.22, 67066, 64702
1695403399, 0, 1, 252, 0, 0, 26197.66, 1, 0, 0, 0.08, 312, 113, 25274.22, 67066, 64702
1695403417, 0, 1, 252, 0, 0, 26197.66, 1, 0, 0, 0.05, 313, 113, 25274.22, 67066, 64702
1695403429, 0, 1, 252, 0, 0, 26197.66, 1, 0, 0, 0.09, 314, 113, 25274.22, 67066, 64702
1695403440, 0, 1, 252, 0, 0, 26197.66, 1, 0, 0, 0.09, 315, 113, 25274.22, 67066, 64702
1695403453, 0, 1, 253, 0, 0, 26197.66, 1, 0, 0, 0.08, 316, 113, 25274.22, 67066, 64702
1695403465, 0, 1, 253, 0, 0, 26197.66, 1, 0, 0, 0.08, 317, 113, 25274.22, 67066, 64702
1695403477, 0, 1, 253, 0, 0, 26197.66, 1, 0, 0, 0.08, 318, 113, 25274.22, 67066, 64702
1695403489, 0, 1, 253, 0, 0, 26197.66, 1, 0, 0, 0.08, 319, 113, 25274.22, 67066, 64702
1695403501, 0, 1, 253, 0, 0, 26197.66, 1, 0, 0, 0.08, 320, 113, 25274.22, 67066, 64702
1695403514, 0, 1, 254, 0, 0, 26197.66, 1, 0, 0, 0.08, 321, 113, 25274.22, 67066, 64702
1695403527, 0, 1, 254, 0, 0, 26197.66, 1, 0, 0, 0.08, 322, 113, 25274.22, 67066, 64702
1695403539, 0, 1, 254, 0, 0, 26197.66, 1, 0, 0, 0.08, 323, 113, 25274.22, 67066, 64702
1695403550, 0, 1, 255, 0, 0, 26197.66, 1, 0, 0, 0.09, 324, 113, 25274.22, 67066, 64702
1695403562, 0, 1, 256, 0, 0, 26197.66, 1, 0, 0, 0.09, 325, 113, 25274.22, 67066, 64702
1695403575, 0, 1, 256, 0, 0, 26197.66, 1, 0, 0, 0.08, 326, 113, 25274.22, 67066, 64702
1695403588, 0, 1, 257, 0, 0, 26197.66, 1, 0, 0, 0.08, 327, 113, 25274.22, 67066, 64702
1695403601, 0, 1, 257, 0, 0, 26197.66, 1, 0, 0, 0.08, 328, 113, 25274.22, 67066, 64702
1695403613, 0, 1, 258, 0, 0, 26197.66, 1, 0, 0, 0.08, 329, 113, 25274.22, 67066, 64702
1695403626, 0, 1, 258, 0, 0, 26197.66, 1, 0, 0, 0.08, 330, 113, 25274.22, 67066, 64702
1695403640, 0, 1, 258, 0, 0, 26197.66, 1, 0, 0, 0.07, 331, 113, 25274.22, 67066, 64702
1695403653, 0, 1, 258, 0, 0, 26197.66, 1, 0, 0, 0.08, 332, 113, 25274.22, 67066, 64702
1695403665, 0, 1, 258, 0, 0, 26197.66, 1, 0, 0, 0.08, 333, 113, 25274.22, 67066, 64702
1695403677, 0, 1, 258, 0, 0, 26197.66, 1, 0, 0, 0.09, 334, 113, 25274.22, 67066, 64702
1695403690, 0, 1, 258, 0, 0, 26197.66, 1, 0, 0, 0.07, 335, 113, 25274.22, 67066, 64702
1695403702, 0, 1, 258, 0, 0, 26197.66, 1, 0, 0, 0.08, 336, 113, 25274.22, 67066, 64702
1695403715, 0, 1, 258, 0, 0, 26197.66, 1, 0, 0, 0.08, 337, 113, 25274.22, 67066, 64702
1695403727, 0, 1, 259, 0, 0, 26197.66, 1, 0, 0, 0.08, 338, 113, 25274.22, 67066, 64702
1695403727, 0, 1, 259, 0, 0, 26197.66, 1, 0, 0, 0.00, 338, 113, 25274.22, 67066, 64702
