# unix_time, cycles_done, cur_path, paths_total, pending_total, pending_favs, map_size, unique_crashes, unique_hangs, max_depth, execs_per_sec, valid_inputs, invalid_inputs, valid_cov, all_covered_probes, valid_covered_probes
1695252158, 0, 0, 1, 0, 0, 7183.59, 0, 0, 0, 0.05, 1, 0, 7183.59, 18390, 18390
1695252171, 0, 0, 2, 0, 0, 7287.89, 0, 0, 0, 0.07, 2, 0, 7287.89, 18657, 18657
1695252181, 0, 0, 3, 0, 0, 7289.84, 0, 0, 0, 0.10, 3, 0, 7289.84, 18662, 18662
1695252190, 0, 0, 4, 0, 0, 7289.84, 0, 0, 0, 0.12, 4, 0, 7289.84, 18662, 18662
1695252198, 0, 0, 5, 0, 0, 7290.63, 0, 0, 0, 0.13, 5, 0, 7290.63, 18664, 18664
1695252201, 0, 0, 6, 0, 0, 7291.41, 0, 0, 0, 0.27, 6, 0, 7291.41, 18666, 18666
1695252211, 0, 0, 7, 0, 0, 7291.41, 0, 0, 0, 0.10, 7, 0, 7291.41, 18666, 18666
1695252219, 0, 0, 8, 0, 0, 7291.41, 0, 0, 0, 0.14, 8, 0, 7291.41, 18666, 18666
1695252226, 0, 0, 9, 0, 0, 7291.41, 0, 0, 0, 0.14, 9, 0, 7291.41, 18666, 18666
1695252235, 0, 0, 10, 0, 0, 7291.41, 0, 0, 0, 0.11, 10, 0, 7291.41, 18666, 18666
1695252243, 0, 0, 11, 0, 0, 7291.41, 0, 0, 0, 0.13, 11, 0, 7291.41, 18666, 18666
1695252250, 0, 0, 12, 0, 0, 7291.41, 0, 0, 0, 0.14, 12, 0, 7291.41, 18666, 18666
1695252257, 0, 0, 13, 0, 0, 7291.41, 0, 0, 0, 0.16, 13, 0, 7291.41, 18666, 18666
1695252264, 0, 0, 14, 0, 0, 7291.41, 0, 0, 0, 0.14, 14, 0, 7291.41, 18666, 18666
1695252270, 0, 0, 15, 0, 0, 7291.41, 0, 0, 0, 0.15, 15, 0, 7291.41, 18666, 18666
1695252282, 0, 0, 16, 0, 0, 7291.41, 0, 0, 0, 0.09, 16, 0, 7291.41, 18666, 18666
1695252289, 0, 0, 16, 0, 0, 7291.41, 0, 0, 0, 0.14, 17, 0, 7291.41, 18666, 18666
1695252296, 0, 0, 16, 0, 0, 7291.41, 0, 0, 0, 0.14, 18, 0, 7291.41, 18666, 18666
1695252304, 0, 0, 17, 0, 0, 7291.41, 0, 0, 0, 0.13, 19, 0, 7291.41, 18666, 18666
1695252311, 0, 0, 17, 0, 0, 7291.41, 0, 0, 0, 0.13, 20, 0, 7291.41, 18666, 18666
1695252319, 0, 0, 17, 0, 0, 7291.41, 0, 0, 0, 0.14, 21, 0, 7291.41, 18666, 18666
1695252326, 0, 0, 18, 0, 0, 7291.41, 0, 0, 0, 0.13, 22, 0, 7291.41, 18666, 18666
1695252334, 0, 0, 18, 0, 0, 7291.41, 0, 0, 0, 0.14, 23, 0, 7291.41, 18666, 18666
1695252341, 0, 0, 18, 0, 0, 7291.41, 0, 0, 0, 0.14, 24, 0, 7291.41, 18666, 18666
1695252348, 0, 0, 18, 0, 0, 7291.41, 0, 0, 0, 0.13, 25, 0, 7291.41, 18666, 18666
1695252355, 0, 0, 19, 0, 0, 7291.41, 0, 0, 0, 0.14, 26, 0, 7291.41, 18666, 18666
1695252364, 0, 0, 20, 0, 0, 7291.41, 0, 0, 0, 0.11, 27, 0, 7291.41, 18666, 18666
1695252372, 0, 0, 21, 0, 0, 7291.41, 0, 0, 0, 0.13, 28, 0, 7291.41, 18666, 18666
1695252380, 0, 0, 22, 0, 0, 7291.41, 0, 0, 0, 0.13, 29, 0, 7291.41, 18666, 18666
1695252382, 0, 0, 23, 0, 0, 7298.05, 0, 0, 0, 0.47, 30, 0, 7298.05, 18683, 18683
1695252390, 0, 0, 24, 0, 0, 7298.05, 0, 0, 0, 0.12, 31, 0, 7298.05, 18683, 18683
1695252397, 0, 0, 25, 0, 0, 7298.05, 0, 0, 0, 0.14, 32, 0, 7298.05, 18683, 18683
1695252404, 0, 0, 26, 0, 0, 7298.05, 0, 0, 0, 0.14, 33, 0, 7298.05, 18683, 18683
1695252411, 0, 0, 26, 0, 0, 7298.05, 0, 0, 0, 0.15, 34, 0, 7298.05, 18683, 18683
1695252418, 0, 0, 27, 0, 0, 7298.05, 0, 0, 0, 0.15, 35, 0, 7298.05, 18683, 18683
1695252425, 0, 0, 27, 0, 0, 7298.05, 0, 0, 0, 0.14, 36, 0, 7298.05, 18683, 18683
1695252435, 0, 0, 27, 0, 0, 7298.05, 0, 0, 0, 0.10, 37, 0, 7298.05, 18683, 18683
1695252448, 0, 0, 28, 0, 0, 7298.05, 0, 0, 0, 0.08, 38, 0, 7298.05, 18683, 18683
1695252459, 0, 0, 28, 0, 0, 7298.05, 0, 0, 0, 0.09, 39, 0, 7298.05, 18683, 18683
1695252467, 0, 0, 29, 0, 0, 7298.05, 0, 0, 0, 0.13, 40, 0, 7298.05, 18683, 18683
1695252475, 0, 0, 29, 0, 0, 7298.05, 0, 0, 0, 0.13, 41, 0, 7298.05, 18683, 18683
1695252487, 0, 0, 29, 0, 0, 7298.05, 0, 0, 0, 0.08, 42, 0, 7298.05, 18683, 18683
1695252494, 0, 0, 30, 0, 0, 7298.05, 0, 0, 0, 0.14, 43, 0, 7298.05, 18683, 18683
1695252501, 0, 0, 31, 0, 0, 7298.05, 0, 0, 0, 0.14, 44, 0, 7298.05, 18683, 18683
1695252508, 0, 0, 32, 0, 0, 7298.05, 0, 0, 0, 0.14, 45, 0, 7298.05, 18683, 18683
1695252515, 0, 0, 32, 0, 0, 7298.05, 0, 0, 0, 0.15, 46, 0, 7298.05, 18683, 18683
1695252522, 0, 0, 32, 0, 0, 7298.05, 0, 0, 0, 0.15, 47, 0, 7298.05, 18683, 18683
1695252529, 0, 0, 32, 0, 0, 7298.05, 0, 0, 0, 0.15, 48, 0, 7298.05, 18683, 18683
1695252535, 0, 0, 32, 0, 0, 7298.05, 0, 0, 0, 0.15, 49, 0, 7298.05, 18683, 18683
1695252542, 0, 0, 32, 0, 0, 7298.05, 0, 0, 0, 0.15, 50, 0, 7298.05, 18683, 18683
1695252549, 0, 0, 32, 0, 0, 7298.05, 0, 0, 0, 0.14, 51, 0, 7298.05, 18683, 18683
1695252556, 0, 0, 32, 0, 0, 7298.05, 0, 0, 0, 0.15, 52, 0, 7298.05, 18683, 18683
1695252563, 0, 0, 33, 0, 0, 7298.05, 0, 0, 0, 0.13, 53, 0, 7298.05, 18683, 18683
1695252570, 0, 0, 33, 0, 0, 7298.05, 0, 0, 0, 0.14, 54, 0, 7298.05, 18683, 18683
1695252578, 0, 0, 34, 0, 0, 7298.05, 0, 0, 0, 0.14, 55, 0, 7298.05, 18683, 18683
1695252585, 0, 0, 34, 0, 0, 7298.05, 0, 0, 0, 0.14, 56, 0, 7298.05, 18683, 18683
1695252592, 0, 0, 34, 0, 0, 7298.05, 0, 0, 0, 0.14, 57, 0, 7298.05, 18683, 18683
1695252598, 0, 0, 34, 0, 0, 7298.05, 0, 0, 0, 0.15, 58, 0, 7298.05, 18683, 18683
1695252607, 0, 0, 35, 0, 0, 7298.05, 0, 0, 0, 0.11, 59, 0, 7298.05, 18683, 18683
1695252615, 0, 0, 36, 0, 0, 7298.05, 0, 0, 0, 0.13, 60, 0, 7298.05, 18683, 18683
1695252622, 0, 0, 36, 0, 0, 7298.05, 0, 0, 0, 0.13, 61, 0, 7298.05, 18683, 18683
1695252629, 0, 0, 36, 0, 0, 7298.05, 0, 0, 0, 0.14, 62, 0, 7298.05, 18683, 18683
1695252637, 0, 0, 37, 0, 0, 7298.05, 0, 0, 0, 0.14, 63, 0, 7298.05, 18683, 18683
1695252644, 0, 0, 38, 0, 0, 7298.05, 0, 0, 0, 0.14, 64, 0, 7298.05, 18683, 18683
1695252652, 0, 0, 38, 0, 0, 7298.05, 0, 0, 0, 0.12, 65, 0, 7298.05, 18683, 18683
1695252666, 0, 0, 39, 0, 0, 7298.05, 0, 0, 0, 0.07, 66, 0, 7298.05, 18683, 18683
1695252677, 0, 0, 40, 0, 0, 7298.05, 0, 0, 0, 0.09, 67, 0, 7298.05, 18683, 18683
1695252685, 0, 0, 40, 0, 0, 7298.05, 0, 0, 0, 0.13, 68, 0, 7298.05, 18683, 18683
1695252691, 0, 0, 40, 0, 0, 7298.05, 0, 0, 0, 0.16, 69, 0, 7298.05, 18683, 18683
1695252698, 0, 0, 40, 0, 0, 7298.05, 0, 0, 0, 0.14, 70, 0, 7298.05, 18683, 18683
1695252710, 0, 0, 40, 0, 0, 7298.05, 0, 0, 0, 0.08, 71, 0, 7298.05, 18683, 18683
1695252723, 0, 0, 40, 0, 0, 7298.05, 0, 0, 0, 0.08, 72, 0, 7298.05, 18683, 18683
1695252734, 0, 0, 40, 0, 0, 7298.05, 0, 0, 0, 0.09, 73, 0, 7298.05, 18683, 18683
1695252743, 0, 0, 40, 0, 0, 7298.05, 0, 0, 0, 0.11, 74, 0, 7298.05, 18683, 18683
1695252752, 0, 0, 40, 0, 0, 7298.05, 0, 0, 0, 0.10, 75, 0, 7298.05, 18683, 18683
1695252761, 0, 0, 40, 0, 0, 7298.05, 0, 0, 0, 0.11, 76, 0, 7298.05, 18683, 18683
1695252769, 0, 0, 40, 0, 0, 7298.05, 0, 0, 0, 0.12, 77, 0, 7298.05, 18683, 18683
1695252777, 0, 0, 40, 0, 0, 7298.05, 0, 0, 0, 0.13, 78, 0, 7298.05, 18683, 18683
1695252790, 0, 0, 41, 0, 0, 7298.05, 0, 0, 0, 0.08, 79, 0, 7298.05, 18683, 18683
1695252800, 0, 0, 41, 0, 0, 7298.05, 0, 0, 0, 0.10, 80, 0, 7298.05, 18683, 18683
1695252807, 0, 0, 41, 0, 0, 7298.05, 0, 0, 0, 0.13, 81, 0, 7298.05, 18683, 18683
1695252815, 0, 0, 41, 0, 0, 7298.05, 0, 0, 0, 0.13, 82, 0, 7298.05, 18683, 18683
1695252823, 0, 0, 42, 0, 0, 7298.05, 0, 0, 0, 0.13, 83, 0, 7298.05, 18683, 18683
1695252825, 0, 0, 43, 0, 0, 7298.05, 0, 0, 0, 0.55, 84, 0, 7298.05, 18683, 18683
1695252832, 0, 0, 43, 0, 0, 7298.05, 0, 0, 0, 0.14, 85, 0, 7298.05, 18683, 18683
1695252839, 0, 0, 44, 0, 0, 7298.05, 0, 0, 0, 0.14, 86, 0, 7298.05, 18683, 18683
1695252851, 0, 0, 45, 0, 0, 7298.83, 0, 0, 0, 0.08, 87, 0, 7298.83, 18685, 18685
1695252858, 0, 0, 46, 0, 0, 7298.83, 0, 0, 0, 0.14, 88, 0, 7298.83, 18685, 18685
1695252865, 0, 0, 46, 0, 0, 7298.83, 0, 0, 0, 0.15, 89, 0, 7298.83, 18685, 18685
1695252873, 0, 0, 47, 0, 0, 7298.83, 0, 0, 0, 0.13, 90, 0, 7298.83, 18685, 18685
1695252879, 0, 0, 48, 0, 0, 7298.83, 0, 0, 0, 0.14, 91, 0, 7298.83, 18685, 18685
1695252887, 0, 0, 49, 0, 0, 7298.83, 0, 0, 0, 0.14, 92, 0, 7298.83, 18685, 18685
1695252894, 0, 0, 50, 0, 0, 7298.83, 0, 0, 0, 0.13, 93, 0, 7298.83, 18685, 18685
1695252906, 0, 0, 51, 0, 0, 7308.59, 0, 0, 0, 0.08, 94, 0, 7308.59, 18710, 18710
1695252913, 0, 0, 51, 0, 0, 7308.59, 0, 0, 0, 0.15, 95, 0, 7308.59, 18710, 18710
1695252921, 0, 0, 51, 0, 0, 7308.59, 0, 0, 0, 0.12, 96, 0, 7308.59, 18710, 18710
1695252928, 0, 0, 51, 0, 0, 7308.59, 0, 0, 0, 0.14, 97, 0, 7308.59, 18710, 18710
1695252939, 0, 0, 51, 0, 0, 7308.59, 0, 0, 0, 0.09, 98, 0, 7308.59, 18710, 18710
1695252953, 0, 0, 51, 0, 0, 7308.59, 0, 0, 0, 0.07, 99, 0, 7308.59, 18710, 18710
1695252965, 0, 0, 51, 0, 0, 7308.59, 0, 0, 0, 0.08, 100, 0, 7308.59, 18710, 18710
1695252972, 0, 0, 51, 0, 0, 7308.59, 0, 0, 0, 0.14, 101, 0, 7308.59, 18710, 18710
1695252980, 0, 0, 51, 0, 0, 7308.59, 0, 0, 0, 0.14, 102, 0, 7308.59, 18710, 18710
1695252987, 0, 0, 51, 0, 0, 7308.59, 0, 0, 0, 0.13, 103, 0, 7308.59, 18710, 18710
1695252997, 0, 0, 51, 0, 0, 7308.59, 0, 0, 0, 0.11, 104, 0, 7308.59, 18710, 18710
1695253004, 0, 0, 51, 0, 0, 7308.59, 0, 0, 0, 0.13, 105, 0, 7308.59, 18710, 18710
1695253012, 0, 0, 51, 0, 0, 7308.59, 0, 0, 0, 0.14, 106, 0, 7308.59, 18710, 18710
1695253013, 0, 0, 52, 0, 0, 7319.53, 0, 0, 0, 0.53, 107, 0, 7319.53, 18738, 18738
1695253021, 0, 0, 52, 0, 0, 7319.53, 0, 0, 0, 0.13, 108, 0, 7319.53, 18738, 18738
1695253029, 0, 0, 52, 0, 0, 7319.53, 0, 0, 0, 0.13, 109, 0, 7319.53, 18738, 18738
1695253036, 0, 0, 52, 0, 0, 7319.53, 0, 0, 0, 0.14, 110, 0, 7319.53, 18738, 18738
1695253043, 0, 0, 52, 0, 0, 7319.53, 0, 0, 0, 0.14, 111, 0, 7319.53, 18738, 18738
1695253050, 0, 0, 52, 0, 0, 7319.53, 0, 0, 0, 0.14, 112, 0, 7319.53, 18738, 18738
1695253057, 0, 0, 52, 0, 0, 7319.53, 0, 0, 0, 0.14, 113, 0, 7319.53, 18738, 18738
1695253065, 0, 0, 52, 0, 0, 7319.53, 0, 0, 0, 0.14, 114, 0, 7319.53, 18738, 18738
1695253071, 0, 0, 53, 0, 0, 7319.53, 0, 0, 0, 0.16, 115, 0, 7319.53, 18738, 18738
1695253077, 0, 0, 53, 0, 0, 7319.53, 0, 0, 0, 0.16, 116, 0, 7319.53, 18738, 18738
1695253087, 0, 0, 53, 0, 0, 7319.53, 0, 0, 0, 0.10, 117, 0, 7319.53, 18738, 18738
1695253094, 0, 0, 53, 0, 0, 7319.53, 0, 0, 0, 0.14, 118, 0, 7319.53, 18738, 18738
1695253101, 0, 0, 53, 0, 0, 7319.53, 0, 0, 0, 0.14, 119, 0, 7319.53, 18738, 18738
1695253109, 0, 0, 53, 0, 0, 7319.53, 0, 0, 0, 0.13, 120, 0, 7319.53, 18738, 18738
1695253115, 0, 0, 53, 0, 0, 7319.53, 0, 0, 0, 0.15, 121, 0, 7319.53, 18738, 18738
1695253122, 0, 0, 53, 0, 0, 7319.53, 0, 0, 0, 0.14, 122, 0, 7319.53, 18738, 18738
1695253130, 0, 0, 54, 0, 0, 7319.53, 0, 0, 0, 0.14, 123, 0, 7319.53, 18738, 18738
1695253137, 0, 0, 54, 0, 0, 7319.53, 0, 0, 0, 0.13, 124, 0, 7319.53, 18738, 18738
1695253145, 0, 0, 54, 0, 0, 7319.53, 0, 0, 0, 0.14, 125, 0, 7319.53, 18738, 18738
1695253151, 0, 0, 54, 0, 0, 7319.53, 0, 0, 0, 0.15, 126, 0, 7319.53, 18738, 18738
1695253158, 0, 0, 55, 0, 0, 7319.53, 0, 0, 0, 0.15, 127, 0, 7319.53, 18738, 18738
1695253165, 0, 0, 56, 0, 0, 7319.53, 0, 0, 0, 0.15, 128, 0, 7319.53, 18738, 18738
1695253171, 0, 0, 56, 0, 0, 7319.53, 0, 0, 0, 0.15, 129, 0, 7319.53, 18738, 18738
1695253173, 0, 0, 57, 0, 0, 7319.53, 0, 0, 0, 0.54, 130, 0, 7319.53, 18738, 18738
1695253181, 0, 0, 57, 0, 0, 7319.53, 0, 0, 0, 0.13, 131, 0, 7319.53, 18738, 18738
1695253188, 0, 0, 57, 0, 0, 7319.53, 0, 0, 0, 0.15, 132, 0, 7319.53, 18738, 18738
1695253195, 0, 0, 57, 0, 0, 7319.53, 0, 0, 0, 0.14, 133, 0, 7319.53, 18738, 18738
1695253202, 0, 0, 57, 0, 0, 7319.53, 0, 0, 0, 0.14, 134, 0, 7319.53, 18738, 18738
1695253210, 0, 0, 57, 0, 0, 7319.53, 0, 0, 0, 0.13, 135, 0, 7319.53, 18738, 18738
1695253218, 0, 0, 57, 0, 0, 7319.53, 0, 0, 0, 0.12, 136, 0, 7319.53, 18738, 18738
1695253221, 0, 0, 58, 0, 0, 7319.53, 0, 0, 0, 0.39, 137, 0, 7319.53, 18738, 18738
1695253228, 0, 0, 59, 0, 0, 7319.53, 0, 0, 0, 0.13, 138, 0, 7319.53, 18738, 18738
1695253236, 0, 0, 59, 0, 0, 7319.53, 0, 0, 0, 0.13, 139, 0, 7319.53, 18738, 18738
1695253243, 0, 0, 60, 0, 0, 7319.53, 0, 0, 0, 0.14, 140, 0, 7319.53, 18738, 18738
1695253250, 0, 0, 60, 0, 0, 7319.53, 0, 0, 0, 0.14, 141, 0, 7319.53, 18738, 18738
1695253262, 0, 0, 61, 0, 0, 7319.53, 0, 0, 0, 0.08, 142, 0, 7319.53, 18738, 18738
1695253270, 0, 0, 61, 0, 0, 7319.53, 0, 0, 0, 0.12, 143, 0, 7319.53, 18738, 18738
1695253277, 0, 0, 61, 0, 0, 7319.53, 0, 0, 0, 0.15, 144, 0, 7319.53, 18738, 18738
1695253284, 0, 0, 61, 0, 0, 7319.53, 0, 0, 0, 0.14, 145, 0, 7319.53, 18738, 18738
1695253292, 0, 0, 61, 0, 0, 7319.53, 0, 0, 0, 0.12, 146, 0, 7319.53, 18738, 18738
1695253300, 0, 0, 61, 0, 0, 7319.53, 0, 0, 0, 0.13, 147, 0, 7319.53, 18738, 18738
1695253308, 0, 0, 61, 0, 0, 7319.53, 0, 0, 0, 0.13, 148, 0, 7319.53, 18738, 18738
1695253315, 0, 0, 61, 0, 0, 7319.53, 0, 0, 0, 0.14, 149, 0, 7319.53, 18738, 18738
1695253324, 0, 0, 61, 0, 0, 7319.53, 0, 0, 0, 0.12, 150, 0, 7319.53, 18738, 18738
1695253331, 0, 0, 61, 0, 0, 7319.53, 0, 0, 0, 0.13, 151, 0, 7319.53, 18738, 18738
1695253338, 0, 0, 61, 0, 0, 7319.53, 0, 0, 0, 0.14, 152, 0, 7319.53, 18738, 18738
1695253347, 0, 0, 62, 0, 0, 7319.53, 0, 0, 0, 0.11, 153, 0, 7319.53, 18738, 18738
1695253355, 0, 0, 62, 0, 0, 7319.53, 0, 0, 0, 0.13, 154, 0, 7319.53, 18738, 18738
1695253363, 0, 0, 62, 0, 0, 7319.53, 0, 0, 0, 0.13, 155, 0, 7319.53, 18738, 18738
1695253374, 0, 0, 63, 0, 0, 7319.53, 0, 0, 0, 0.10, 156, 0, 7319.53, 18738, 18738
1695253392, 0, 0, 64, 0, 0, 7319.53, 0, 0, 0, 0.06, 157, 0, 7319.53, 18738, 18738
1695253407, 0, 0, 64, 0, 0, 7319.53, 0, 0, 0, 0.06, 158, 0, 7319.53, 18738, 18738
1695253422, 0, 0, 64, 0, 0, 7319.53, 0, 0, 0, 0.07, 159, 0, 7319.53, 18738, 18738
1695253435, 0, 0, 64, 0, 0, 7319.53, 0, 0, 0, 0.07, 160, 0, 7319.53, 18738, 18738
1695253452, 0, 0, 64, 0, 0, 7319.53, 0, 0, 0, 0.06, 161, 0, 7319.53, 18738, 18738
1695253459, 0, 0, 64, 0, 0, 7319.53, 0, 0, 0, 0.13, 162, 0, 7319.53, 18738, 18738
1695253466, 0, 0, 64, 0, 0, 7319.53, 0, 0, 0, 0.14, 163, 0, 7319.53, 18738, 18738
1695253473, 0, 0, 64, 0, 0, 7319.53, 0, 0, 0, 0.14, 164, 0, 7319.53, 18738, 18738
1695253481, 0, 0, 64, 0, 0, 7319.53, 0, 0, 0, 0.13, 165, 0, 7319.53, 18738, 18738
1695253485, 0, 0, 65, 0, 0, 7319.53, 0, 0, 0, 0.31, 166, 0, 7319.53, 18738, 18738
1695253493, 0, 0, 66, 0, 0, 7319.53, 0, 0, 0, 0.12, 167, 0, 7319.53, 18738, 18738
1695253502, 0, 0, 67, 0, 0, 7319.53, 0, 0, 0, 0.11, 168, 0, 7319.53, 18738, 18738
1695253511, 0, 0, 67, 0, 0, 7319.53, 0, 0, 0, 0.12, 169, 0, 7319.53, 18738, 18738
1695253519, 0, 0, 67, 0, 0, 7319.53, 0, 0, 0, 0.12, 170, 0, 7319.53, 18738, 18738
1695253527, 0, 0, 68, 0, 0, 7319.53, 0, 0, 0, 0.13, 171, 0, 7319.53, 18738, 18738
1695253534, 0, 0, 68, 0, 0, 7319.53, 0, 0, 0, 0.13, 172, 0, 7319.53, 18738, 18738
1695253543, 0, 0, 68, 0, 0, 7319.53, 0, 0, 0, 0.12, 173, 0, 7319.53, 18738, 18738
1695253551, 0, 0, 69, 0, 0, 7319.53, 0, 0, 0, 0.12, 174, 0, 7319.53, 18738, 18738
1695253559, 0, 0, 70, 0, 0, 7319.53, 0, 0, 0, 0.13, 175, 0, 7319.53, 18738, 18738
1695253567, 0, 0, 70, 0, 0, 7319.53, 0, 0, 0, 0.11, 176, 0, 7319.53, 18738, 18738
1695253575, 0, 0, 70, 0, 0, 7319.53, 0, 0, 0, 0.13, 177, 0, 7319.53, 18738, 18738
1695253585, 0, 0, 70, 0, 0, 7319.53, 0, 0, 0, 0.10, 178, 0, 7319.53, 18738, 18738
1695253600, 0, 0, 70, 0, 0, 7319.53, 0, 0, 0, 0.07, 179, 0, 7319.53, 18738, 18738
1695253612, 0, 0, 70, 0, 0, 7319.53, 0, 0, 0, 0.08, 180, 0, 7319.53, 18738, 18738
1695253620, 0, 0, 70, 0, 0, 7319.53, 0, 0, 0, 0.12, 181, 0, 7319.53, 18738, 18738
1695253632, 0, 0, 70, 0, 0, 7319.53, 0, 0, 0, 0.08, 182, 0, 7319.53, 18738, 18738
1695253643, 0, 0, 70, 0, 0, 7319.53, 0, 0, 0, 0.09, 183, 0, 7319.53, 18738, 18738
1695253646, 0, 0, 71, 0, 0, 7319.53, 0, 0, 0, 0.34, 184, 0, 7319.53, 18738, 18738
1695253652, 0, 0, 71, 0, 0, 7319.53, 0, 0, 0, 0.16, 185, 0, 7319.53, 18738, 18738
1695253660, 0, 0, 71, 0, 0, 7319.53, 0, 0, 0, 0.12, 186, 0, 7319.53, 18738, 18738
1695253669, 0, 0, 71, 0, 0, 7319.53, 0, 0, 0, 0.12, 187, 0, 7319.53, 18738, 18738
1695253677, 0, 0, 71, 0, 0, 7319.53, 0, 0, 0, 0.13, 188, 0, 7319.53, 18738, 18738
1695253685, 0, 0, 72, 0, 0, 7319.92, 0, 0, 0, 0.12, 189, 0, 7319.92, 18739, 18739
1695253693, 0, 0, 72, 0, 0, 7319.92, 0, 0, 0, 0.12, 190, 0, 7319.92, 18739, 18739
1695253702, 0, 0, 72, 0, 0, 7319.92, 0, 0, 0, 0.11, 191, 0, 7319.92, 18739, 18739
1695253712, 0, 0, 72, 0, 0, 7319.92, 0, 0, 0, 0.10, 192, 0, 7319.92, 18739, 18739
1695253722, 0, 0, 73, 0, 0, 7319.92, 0, 0, 0, 0.11, 193, 0, 7319.92, 18739, 18739
1695253732, 0, 0, 73, 0, 0, 7319.92, 0, 0, 0, 0.09, 194, 0, 7319.92, 18739, 18739
1695253742, 0, 0, 73, 0, 0, 7319.92, 0, 0, 0, 0.10, 195, 0, 7319.92, 18739, 18739
1695253752, 0, 0, 73, 0, 0, 7319.92, 0, 0, 0, 0.10, 196, 0, 7319.92, 18739, 18739
1695253761, 0, 0, 73, 0, 0, 7319.92, 0, 0, 0, 0.11, 197, 0, 7319.92, 18739, 18739
1695253763, 0, 0, 73, 0, 0, 7319.92, 0, 0, 0, 0.41, 198, 0, 7319.92, 18739, 18739
1695253772, 0, 0, 73, 0, 0, 7319.92, 0, 0, 0, 0.12, 199, 0, 7319.92, 18739, 18739
1695253781, 0, 0, 73, 0, 0, 7319.92, 0, 0, 0, 0.11, 200, 0, 7319.92, 18739, 18739
1695253791, 0, 0, 73, 0, 0, 7319.92, 0, 0, 0, 0.10, 201, 0, 7319.92, 18739, 18739
1695253801, 0, 0, 73, 0, 0, 7319.92, 0, 0, 0, 0.10, 202, 0, 7319.92, 18739, 18739
1695253810, 0, 0, 73, 0, 0, 7319.92, 0, 0, 0, 0.11, 203, 0, 7319.92, 18739, 18739
1695253820, 0, 0, 73, 0, 0, 7319.92, 0, 0, 0, 0.10, 204, 0, 7319.92, 18739, 18739
1695253830, 0, 0, 73, 0, 0, 7319.92, 0, 0, 0, 0.10, 205, 0, 7319.92, 18739, 18739
1695253839, 0, 0, 73, 0, 0, 7319.92, 0, 0, 0, 0.11, 206, 0, 7319.92, 18739, 18739
1695253848, 0, 0, 73, 0, 0, 7319.92, 0, 0, 0, 0.11, 207, 0, 7319.92, 18739, 18739
1695253857, 0, 0, 73, 0, 0, 7319.92, 0, 0, 0, 0.11, 208, 0, 7319.92, 18739, 18739
1695253867, 0, 0, 73, 0, 0, 7319.92, 0, 0, 0, 0.10, 209, 0, 7319.92, 18739, 18739
1695253878, 0, 0, 74, 0, 0, 7319.92, 0, 0, 0, 0.09, 210, 0, 7319.92, 18739, 18739
1695253892, 0, 0, 74, 0, 0, 7319.92, 0, 0, 0, 0.07, 211, 0, 7319.92, 18739, 18739
1695253906, 0, 0, 74, 0, 0, 7319.92, 0, 0, 0, 0.07, 212, 0, 7319.92, 18739, 18739
1695253916, 0, 0, 74, 0, 0, 7319.92, 0, 0, 0, 0.09, 213, 0, 7319.92, 18739, 18739
1695253928, 0, 0, 74, 0, 0, 7319.92, 0, 0, 0, 0.09, 214, 0, 7319.92, 18739, 18739
1695253936, 0, 0, 74, 0, 0, 7319.92, 0, 0, 0, 0.12, 215, 0, 7319.92, 18739, 18739
1695253946, 0, 0, 74, 0, 0, 7319.92, 0, 0, 0, 0.11, 216, 0, 7319.92, 18739, 18739
1695253960, 0, 0, 74, 0, 0, 7319.92, 0, 0, 0, 0.07, 217, 0, 7319.92, 18739, 18739
1695253970, 0, 0, 75, 0, 0, 7319.92, 0, 0, 0, 0.10, 218, 0, 7319.92, 18739, 18739
1695253980, 0, 0, 76, 0, 0, 7319.92, 0, 0, 0, 0.10, 219, 0, 7319.92, 18739, 18739
1695253990, 0, 0, 77, 0, 0, 7319.92, 0, 0, 0, 0.10, 220, 0, 7319.92, 18739, 18739
1695254000, 0, 0, 78, 0, 0, 7319.92, 0, 0, 0, 0.10, 221, 0, 7319.92, 18739, 18739
1695254010, 0, 0, 79, 0, 0, 7319.92, 0, 0, 0, 0.10, 222, 0, 7319.92, 18739, 18739
1695254019, 0, 0, 79, 0, 0, 7319.92, 0, 0, 0, 0.12, 223, 0, 7319.92, 18739, 18739
1695254029, 0, 0, 80, 0, 0, 7319.92, 0, 0, 0, 0.10, 224, 0, 7319.92, 18739, 18739
1695254039, 0, 0, 81, 0, 0, 7319.92, 0, 0, 0, 0.10, 225, 0, 7319.92, 18739, 18739
1695254049, 0, 0, 81, 0, 0, 7319.92, 0, 0, 0, 0.10, 226, 0, 7319.92, 18739, 18739
1695254060, 0, 0, 82, 0, 0, 7319.92, 0, 0, 0, 0.09, 227, 0, 7319.92, 18739, 18739
1695254069, 0, 0, 82, 0, 0, 7319.92, 0, 0, 0, 0.11, 228, 0, 7319.92, 18739, 18739
1695254079, 0, 0, 82, 0, 0, 7319.92, 0, 0, 0, 0.10, 229, 0, 7319.92, 18739, 18739
1695254087, 0, 0, 82, 0, 0, 7319.92, 0, 0, 0, 0.12, 230, 0, 7319.92, 18739, 18739
1695254099, 0, 0, 82, 0, 0, 7319.92, 0, 0, 0, 0.08, 231, 0, 7319.92, 18739, 18739
1695254109, 0, 0, 82, 0, 0, 7319.92, 0, 0, 0, 0.10, 232, 0, 7319.92, 18739, 18739
1695254119, 0, 0, 82, 0, 0, 7319.92, 0, 0, 0, 0.10, 233, 0, 7319.92, 18739, 18739
1695254128, 0, 0, 82, 0, 0, 7319.92, 0, 0, 0, 0.12, 234, 0, 7319.92, 18739, 18739
1695254138, 0, 0, 82, 0, 0, 7319.92, 0, 0, 0, 0.10, 235, 0, 7319.92, 18739, 18739
1695254150, 0, 0, 82, 0, 0, 7319.92, 0, 0, 0, 0.09, 236, 0, 7319.92, 18739, 18739
1695254160, 0, 0, 82, 0, 0, 7319.92, 0, 0, 0, 0.10, 237, 0, 7319.92, 18739, 18739
1695254169, 0, 0, 82, 0, 0, 7319.92, 0, 0, 0, 0.10, 238, 0, 7319.92, 18739, 18739
1695254179, 0, 0, 82, 0, 0, 7319.92, 0, 0, 0, 0.10, 239, 0, 7319.92, 18739, 18739
1695254188, 0, 0, 82, 0, 0, 7319.92, 0, 0, 0, 0.12, 240, 0, 7319.92, 18739, 18739
1695254201, 0, 0, 82, 0, 0, 7319.92, 0, 0, 0, 0.08, 241, 0, 7319.92, 18739, 18739
1695254211, 0, 0, 82, 0, 0, 7319.92, 0, 0, 0, 0.10, 242, 0, 7319.92, 18739, 18739
1695254220, 0, 0, 82, 0, 0, 7319.92, 0, 0, 0, 0.10, 243, 0, 7319.92, 18739, 18739
1695254231, 0, 0, 82, 0, 0, 7319.92, 0, 0, 0, 0.10, 244, 0, 7319.92, 18739, 18739
1695254240, 0, 0, 82, 0, 0, 7319.92, 0, 0, 0, 0.11, 245, 0, 7319.92, 18739, 18739
1695254249, 0, 0, 82, 0, 0, 7319.92, 0, 0, 0, 0.11, 246, 0, 7319.92, 18739, 18739
1695254258, 0, 0, 82, 0, 0, 7319.92, 0, 0, 0, 0.11, 247, 0, 7319.92, 18739, 18739
1695254268, 0, 0, 82, 0, 0, 7319.92, 0, 0, 0, 0.11, 248, 0, 7319.92, 18739, 18739
1695254277, 0, 0, 82, 0, 0, 7319.92, 0, 0, 0, 0.11, 249, 0, 7319.92, 18739, 18739
1695254288, 0, 0, 82, 0, 0, 7319.92, 0, 0, 0, 0.09, 250, 0, 7319.92, 18739, 18739
1695254297, 0, 0, 83, 0, 0, 7319.92, 0, 0, 0, 0.10, 251, 0, 7319.92, 18739, 18739
1695254307, 0, 0, 83, 0, 0, 7319.92, 0, 0, 0, 0.11, 252, 0, 7319.92, 18739, 18739
1695254317, 0, 0, 83, 0, 0, 7319.92, 0, 0, 0, 0.10, 253, 0, 7319.92, 18739, 18739
1695254327, 0, 0, 83, 0, 0, 7319.92, 0, 0, 0, 0.10, 254, 0, 7319.92, 18739, 18739
1695254337, 0, 0, 84, 0, 0, 7319.92, 0, 0, 0, 0.10, 255, 0, 7319.92, 18739, 18739
1695254347, 0, 0, 85, 0, 0, 7319.92, 0, 0, 0, 0.10, 256, 0, 7319.92, 18739, 18739
1695254356, 0, 0, 85, 0, 0, 7319.92, 0, 0, 0, 0.11, 257, 0, 7319.92, 18739, 18739
1695254369, 0, 0, 86, 0, 0, 7319.92, 0, 0, 0, 0.07, 258, 0, 7319.92, 18739, 18739
1695254386, 0, 0, 87, 0, 0, 7319.92, 0, 0, 0, 0.06, 259, 0, 7319.92, 18739, 18739
1695254397, 0, 0, 87, 0, 0, 7319.92, 0, 0, 0, 0.09, 260, 0, 7319.92, 18739, 18739
1695254407, 0, 0, 87, 0, 0, 7319.92, 0, 0, 0, 0.10, 261, 0, 7319.92, 18739, 18739
1695254417, 0, 0, 87, 0, 0, 7319.92, 0, 0, 0, 0.10, 262, 0, 7319.92, 18739, 18739
1695254427, 0, 0, 87, 0, 0, 7319.92, 0, 0, 0, 0.10, 263, 0, 7319.92, 18739, 18739
1695254437, 0, 0, 87, 0, 0, 7319.92, 0, 0, 0, 0.10, 264, 0, 7319.92, 18739, 18739
1695254447, 0, 0, 87, 0, 0, 7319.92, 0, 0, 0, 0.10, 265, 0, 7319.92, 18739, 18739
1695254456, 0, 0, 87, 0, 0, 7319.92, 0, 0, 0, 0.11, 266, 0, 7319.92, 18739, 18739
1695254467, 0, 0, 87, 0, 0, 7319.92, 0, 0, 0, 0.09, 267, 0, 7319.92, 18739, 18739
1695254480, 0, 0, 87, 0, 0, 7319.92, 0, 0, 0, 0.08, 268, 0, 7319.92, 18739, 18739
1695254495, 0, 0, 87, 0, 0, 7319.92, 0, 0, 0, 0.07, 269, 0, 7319.92, 18739, 18739
1695254505, 0, 0, 87, 0, 0, 7319.92, 0, 0, 0, 0.10, 270, 0, 7319.92, 18739, 18739
1695254514, 0, 0, 87, 0, 0, 7319.92, 0, 0, 0, 0.11, 271, 0, 7319.92, 18739, 18739
1695254524, 0, 0, 87, 0, 0, 7319.92, 0, 0, 0, 0.10, 272, 0, 7319.92, 18739, 18739
1695254534, 0, 0, 87, 0, 0, 7319.92, 0, 0, 0, 0.09, 273, 0, 7319.92, 18739, 18739
1695254544, 0, 0, 87, 0, 0, 7319.92, 0, 0, 0, 0.10, 274, 0, 7319.92, 18739, 18739
1695254555, 0, 0, 87, 0, 0, 7319.92, 0, 0, 0, 0.09, 275, 0, 7319.92, 18739, 18739
1695254567, 0, 0, 87, 0, 0, 7319.92, 0, 0, 0, 0.08, 276, 0, 7319.92, 18739, 18739
1695254577, 0, 0, 87, 0, 0, 7319.92, 0, 0, 0, 0.10, 277, 0, 7319.92, 18739, 18739
1695254587, 0, 0, 87, 0, 0, 7319.92, 0, 0, 0, 0.10, 278, 0, 7319.92, 18739, 18739
1695254600, 0, 0, 87, 0, 0, 7319.92, 0, 0, 0, 0.08, 279, 0, 7319.92, 18739, 18739
1695254610, 0, 0, 87, 0, 0, 7319.92, 0, 0, 0, 0.10, 280, 0, 7319.92, 18739, 18739
1695254619, 0, 0, 87, 0, 0, 7319.92, 0, 0, 0, 0.10, 281, 0, 7319.92, 18739, 18739
1695254630, 0, 0, 87, 0, 0, 7319.92, 0, 0, 0, 0.10, 282, 0, 7319.92, 18739, 18739
1695254640, 0, 0, 87, 0, 0, 7319.92, 0, 0, 0, 0.09, 283, 0, 7319.92, 18739, 18739
1695254651, 0, 0, 87, 0, 0, 7319.92, 0, 0, 0, 0.09, 284, 0, 7319.92, 18739, 18739
1695254663, 0, 0, 87, 0, 0, 7319.92, 0, 0, 0, 0.08, 285, 0, 7319.92, 18739, 18739
1695254674, 0, 0, 87, 0, 0, 7319.92, 0, 0, 0, 0.09, 286, 0, 7319.92, 18739, 18739
1695254677, 0, 0, 87, 0, 0, 7319.92, 0, 0, 0, 0.33, 287, 0, 7319.92, 18739, 18739
1695254686, 0, 0, 87, 0, 0, 7319.92, 0, 0, 0, 0.11, 288, 0, 7319.92, 18739, 18739
1695254697, 0, 0, 87, 0, 0, 7319.92, 0, 0, 0, 0.09, 289, 0, 7319.92, 18739, 18739
1695254707, 0, 0, 87, 0, 0, 7319.92, 0, 0, 0, 0.10, 290, 0, 7319.92, 18739, 18739
1695254718, 0, 0, 87, 0, 0, 7319.92, 0, 0, 0, 0.10, 291, 0, 7319.92, 18739, 18739
1695254728, 0, 0, 87, 0, 0, 7319.92, 0, 0, 0, 0.10, 292, 0, 7319.92, 18739, 18739
1695254743, 0, 0, 87, 0, 0, 7319.92, 0, 0, 0, 0.07, 293, 0, 7319.92, 18739, 18739
1695254756, 0, 0, 87, 0, 0, 7319.92, 0, 0, 0, 0.08, 294, 0, 7319.92, 18739, 18739
1695254759, 0, 0, 87, 0, 0, 7319.92, 1, 0, 0, 0.35, 294, 1, 7319.92, 18739, 18739
1695254769, 0, 0, 88, 0, 0, 7321.09, 1, 0, 0, 0.09, 295, 1, 7321.09, 18742, 18742
1695254779, 0, 0, 88, 0, 0, 7321.09, 1, 0, 0, 0.10, 296, 1, 7321.09, 18742, 18742
1695254790, 0, 0, 88, 0, 0, 7321.09, 1, 0, 0, 0.09, 297, 1, 7321.09, 18742, 18742
1695254800, 0, 0, 88, 0, 0, 7321.09, 1, 0, 0, 0.10, 298, 1, 7321.09, 18742, 18742
1695254810, 0, 0, 88, 0, 0, 7321.09, 1, 0, 0, 0.10, 299, 1, 7321.09, 18742, 18742
1695254820, 0, 0, 88, 0, 0, 7321.09, 1, 0, 0, 0.10, 300, 1, 7321.09, 18742, 18742
1695254836, 0, 0, 88, 0, 0, 7321.09, 1, 0, 0, 0.06, 301, 1, 7321.09, 18742, 18742
1695254846, 0, 0, 88, 0, 0, 7321.09, 1, 0, 0, 0.10, 302, 1, 7321.09, 18742, 18742
1695254857, 0, 0, 88, 0, 0, 7321.09, 1, 0, 0, 0.09, 303, 1, 7321.09, 18742, 18742
1695254872, 0, 0, 88, 0, 0, 7321.09, 1, 0, 0, 0.07, 304, 1, 7321.09, 18742, 18742
1695254882, 0, 0, 88, 0, 0, 7321.09, 1, 0, 0, 0.10, 305, 1, 7321.09, 18742, 18742
1695254893, 0, 0, 88, 0, 0, 7321.09, 1, 0, 0, 0.09, 306, 1, 7321.09, 18742, 18742
1695254903, 0, 0, 88, 0, 0, 7321.09, 1, 0, 0, 0.11, 307, 1, 7321.09, 18742, 18742
1695254913, 0, 0, 88, 0, 0, 7321.09, 1, 0, 0, 0.10, 308, 1, 7321.09, 18742, 18742
1695254923, 0, 0, 89, 0, 0, 7321.09, 1, 0, 0, 0.10, 309, 1, 7321.09, 18742, 18742
1695254933, 0, 0, 90, 0, 0, 7321.09, 1, 0, 0, 0.10, 310, 1, 7321.09, 18742, 18742
1695254943, 0, 0, 91, 0, 0, 7321.09, 1, 0, 0, 0.10, 311, 1, 7321.09, 18742, 18742
1695254952, 0, 0, 91, 0, 0, 7321.09, 1, 0, 0, 0.10, 312, 1, 7321.09, 18742, 18742
1695254963, 0, 0, 91, 0, 0, 7321.09, 1, 0, 0, 0.10, 313, 1, 7321.09, 18742, 18742
1695254974, 0, 0, 91, 0, 0, 7321.09, 1, 0, 0, 0.09, 314, 1, 7321.09, 18742, 18742
1695254983, 0, 0, 91, 0, 0, 7321.09, 1, 0, 0, 0.10, 315, 1, 7321.09, 18742, 18742
1695254993, 0, 0, 91, 0, 0, 7321.09, 1, 0, 0, 0.10, 316, 1, 7321.09, 18742, 18742
1695255004, 0, 0, 91, 0, 0, 7321.09, 1, 0, 0, 0.09, 317, 1, 7321.09, 18742, 18742
1695255014, 0, 0, 91, 0, 0, 7321.09, 1, 0, 0, 0.09, 318, 1, 7321.09, 18742, 18742
1695255025, 0, 0, 91, 0, 0, 7321.09, 1, 0, 0, 0.10, 319, 1, 7321.09, 18742, 18742
1695255035, 0, 0, 91, 0, 0, 7321.09, 1, 0, 0, 0.10, 320, 1, 7321.09, 18742, 18742
1695255045, 0, 0, 91, 0, 0, 7321.09, 1, 0, 0, 0.11, 321, 1, 7321.09, 18742, 18742
1695255055, 0, 0, 91, 0, 0, 7321.09, 1, 0, 0, 0.10, 322, 1, 7321.09, 18742, 18742
1695255067, 0, 0, 91, 0, 0, 7321.09, 1, 0, 0, 0.09, 323, 1, 7321.09, 18742, 18742
1695255078, 0, 0, 91, 0, 0, 7321.09, 1, 0, 0, 0.09, 324, 1, 7321.09, 18742, 18742
1695255090, 0, 0, 91, 0, 0, 7321.09, 1, 0, 0, 0.08, 325, 1, 7321.09, 18742, 18742
1695255105, 0, 0, 91, 0, 0, 7321.09, 1, 0, 0, 0.07, 326, 1, 7321.09, 18742, 18742
1695255119, 0, 0, 91, 0, 0, 7321.09, 1, 0, 0, 0.07, 327, 1, 7321.09, 18742, 18742
1695255132, 0, 0, 91, 0, 0, 7321.09, 1, 0, 0, 0.08, 328, 1, 7321.09, 18742, 18742
1695255135, 0, 0, 92, 0, 0, 7444.14, 1, 0, 0, 0.30, 329, 1, 7444.14, 19057, 19057
1695255148, 0, 0, 92, 0, 0, 7444.14, 1, 0, 0, 0.08, 330, 1, 7444.14, 19057, 19057
1695255169, 0, 0, 93, 0, 0, 7444.14, 1, 0, 0, 0.05, 331, 1, 7444.14, 19057, 19057
1695255181, 0, 0, 93, 0, 0, 7444.14, 1, 0, 0, 0.08, 332, 1, 7444.14, 19057, 19057
1695255192, 0, 0, 93, 0, 0, 7444.14, 1, 0, 0, 0.09, 333, 1, 7444.14, 19057, 19057
1695255203, 0, 0, 93, 0, 0, 7444.14, 1, 0, 0, 0.09, 334, 1, 7444.14, 19057, 19057
1695255212, 0, 0, 93, 0, 0, 7444.14, 1, 0, 0, 0.10, 335, 1, 7444.14, 19057, 19057
1695255221, 0, 0, 93, 0, 0, 7444.14, 1, 0, 0, 0.11, 336, 1, 7444.14, 19057, 19057
1695255233, 0, 0, 93, 0, 0, 7444.14, 1, 0, 0, 0.09, 337, 1, 7444.14, 19057, 19057
1695255236, 0, 0, 94, 0, 0, 7444.14, 1, 0, 0, 0.26, 338, 1, 7444.14, 19057, 19057
1695255247, 0, 0, 94, 0, 0, 7444.14, 1, 0, 0, 0.09, 339, 1, 7444.14, 19057, 19057
1695255257, 0, 0, 94, 0, 0, 7444.14, 1, 0, 0, 0.10, 340, 1, 7444.14, 19057, 19057
1695255269, 0, 0, 95, 0, 0, 7444.14, 1, 0, 0, 0.09, 341, 1, 7444.14, 19057, 19057
1695255283, 0, 0, 95, 0, 0, 7444.14, 1, 0, 0, 0.07, 342, 1, 7444.14, 19057, 19057
1695255297, 0, 0, 95, 0, 0, 7444.14, 1, 0, 0, 0.07, 343, 1, 7444.14, 19057, 19057
1695255308, 0, 0, 95, 0, 0, 7444.14, 1, 0, 0, 0.09, 344, 1, 7444.14, 19057, 19057
1695255318, 0, 0, 96, 0, 0, 7444.14, 1, 0, 0, 0.09, 345, 1, 7444.14, 19057, 19057
1695255331, 0, 0, 96, 0, 0, 7444.14, 1, 0, 0, 0.08, 346, 1, 7444.14, 19057, 19057
1695255348, 0, 0, 97, 0, 0, 7444.14, 1, 0, 0, 0.06, 347, 1, 7444.14, 19057, 19057
1695255363, 0, 0, 97, 0, 0, 7444.14, 1, 0, 0, 0.07, 348, 1, 7444.14, 19057, 19057
1695255373, 0, 0, 97, 0, 0, 7444.14, 1, 0, 0, 0.10, 349, 1, 7444.14, 19057, 19057
1695255384, 0, 0, 97, 0, 0, 7444.14, 1, 0, 0, 0.09, 350, 1, 7444.14, 19057, 19057
1695255395, 0, 0, 97, 0, 0, 7444.14, 1, 0, 0, 0.09, 351, 1, 7444.14, 19057, 19057
1695255410, 0, 0, 97, 0, 0, 7444.14, 1, 0, 0, 0.07, 352, 1, 7444.14, 19057, 19057
1695255423, 0, 0, 97, 0, 0, 7444.14, 1, 0, 0, 0.08, 353, 1, 7444.14, 19057, 19057
1695255433, 0, 0, 97, 0, 0, 7444.14, 1, 0, 0, 0.10, 354, 1, 7444.14, 19057, 19057
1695255444, 0, 0, 97, 0, 0, 7444.14, 1, 0, 0, 0.09, 355, 1, 7444.14, 19057, 19057
1695255454, 0, 0, 97, 0, 0, 7444.14, 1, 0, 0, 0.10, 356, 1, 7444.14, 19057, 19057
1695255464, 0, 0, 97, 0, 0, 7444.14, 1, 0, 0, 0.10, 357, 1, 7444.14, 19057, 19057
1695255473, 0, 0, 97, 0, 0, 7444.14, 1, 0, 0, 0.11, 358, 1, 7444.14, 19057, 19057
1695255484, 0, 0, 97, 0, 0, 7444.14, 1, 0, 0, 0.10, 359, 1, 7444.14, 19057, 19057
1695255495, 0, 0, 97, 0, 0, 7444.14, 1, 0, 0, 0.09, 360, 1, 7444.14, 19057, 19057
1695255505, 0, 0, 97, 0, 0, 7444.14, 1, 0, 0, 0.10, 361, 1, 7444.14, 19057, 19057
1695255515, 0, 0, 97, 0, 0, 7444.14, 1, 0, 0, 0.10, 362, 1, 7444.14, 19057, 19057
1695255526, 0, 0, 97, 0, 0, 7444.14, 1, 0, 0, 0.09, 363, 1, 7444.14, 19057, 19057
1695255537, 0, 0, 97, 0, 0, 7444.14, 1, 0, 0, 0.09, 364, 1, 7444.14, 19057, 19057
1695255547, 0, 0, 97, 0, 0, 7444.14, 1, 0, 0, 0.10, 365, 1, 7444.14, 19057, 19057
1695255556, 0, 0, 97, 0, 0, 7444.14, 1, 0, 0, 0.11, 366, 1, 7444.14, 19057, 19057
1695255566, 0, 0, 97, 0, 0, 7444.14, 1, 0, 0, 0.10, 367, 1, 7444.14, 19057, 19057
1695255569, 0, 0, 97, 0, 0, 7444.14, 1, 0, 0, 0.39, 368, 1, 7444.14, 19057, 19057
1695255578, 0, 0, 97, 0, 0, 7444.14, 1, 0, 0, 0.10, 369, 1, 7444.14, 19057, 19057
1695255589, 0, 0, 97, 0, 0, 7444.14, 1, 0, 0, 0.10, 370, 1, 7444.14, 19057, 19057
1695255592, 0, 0, 98, 0, 0, 7444.14, 1, 0, 0, 0.27, 371, 1, 7444.14, 19057, 19057
1695255601, 0, 0, 98, 0, 0, 7444.14, 1, 0, 0, 0.11, 372, 1, 7444.14, 19057, 19057
1695255611, 0, 0, 98, 0, 0, 7444.14, 1, 0, 0, 0.10, 373, 1, 7444.14, 19057, 19057
1695255621, 0, 0, 98, 0, 0, 7444.14, 1, 0, 0, 0.10, 374, 1, 7444.14, 19057, 19057
1695255632, 0, 0, 98, 0, 0, 7444.14, 1, 0, 0, 0.09, 375, 1, 7444.14, 19057, 19057
1695255647, 0, 0, 98, 0, 0, 7444.14, 1, 0, 0, 0.07, 376, 1, 7444.14, 19057, 19057
1695255657, 0, 0, 98, 0, 0, 7444.14, 1, 0, 0, 0.10, 377, 1, 7444.14, 19057, 19057
1695255666, 0, 0, 98, 0, 0, 7444.14, 1, 0, 0, 0.11, 378, 1, 7444.14, 19057, 19057
1695255676, 0, 0, 98, 0, 0, 7444.14, 1, 0, 0, 0.10, 379, 1, 7444.14, 19057, 19057
1695255686, 0, 0, 98, 0, 0, 7444.14, 1, 0, 0, 0.10, 380, 1, 7444.14, 19057, 19057
1695255697, 0, 0, 98, 0, 0, 7444.14, 1, 0, 0, 0.09, 381, 1, 7444.14, 19057, 19057
1695255706, 0, 0, 98, 0, 0, 7444.14, 1, 0, 0, 0.11, 382, 1, 7444.14, 19057, 19057
1695255715, 0, 0, 98, 0, 0, 7444.14, 1, 0, 0, 0.11, 383, 1, 7444.14, 19057, 19057
1695255725, 0, 0, 98, 0, 0, 7444.14, 1, 0, 0, 0.10, 384, 1, 7444.14, 19057, 19057
1695255736, 0, 0, 98, 0, 0, 7444.14, 1, 0, 0, 0.09, 385, 1, 7444.14, 19057, 19057
1695255736, 0, 0, 98, 0, 0, 7444.14, 1, 0, 0, 0.00, 385, 1, 7444.14, 19057, 19057
