# unix_time, cycles_done, cur_path, paths_total, pending_total, pending_favs, map_size, unique_crashes, unique_hangs, max_depth, execs_per_sec, valid_inputs, invalid_inputs, valid_cov, all_covered_probes, valid_covered_probes
1695281347, 0, 0, 1, 0, 0, 763.67, 0, 0, 0, 0.63, 1, 0, 763.67, 1955, 1955
1695281362, 0, 0, 2, 0, 0, 779.30, 1, 0, 0, 0.14, 2, 1, 779.30, 1995, 1995
1695281363, 0, 0, 5, 0, 0, 1088.67, 1, 0, 0, 16.29, 6, 2, 959.38, 2787, 2456
1695281393, 0, 0, 7, 0, 0, 6075.78, 1, 0, 0, 0.07, 8, 2, 6042.19, 15554, 15468
1695281393, 0, 0, 10, 0, 0, 6358.59, 1, 0, 0, 11.34, 12, 3, 6261.72, 16278, 16030
1695281393, 0, 0, 13, 0, 0, 6510.16, 1, 0, 0, 32.57, 17, 8, 6261.72, 16666, 16030
1695281399, 0, 0, 15, 0, 0, 6646.88, 1, 0, 0, 0.73, 21, 8, 6398.44, 17016, 16380
1695281399, 0, 0, 16, 0, 0, 6646.88, 1, 0, 0, 32.36, 31, 8, 6398.44, 17016, 16380
1695281405, 0, 0, 19, 0, 0, 6653.52, 1, 0, 0, 0.66, 34, 9, 6398.44, 17033, 16380
1695281410, 0, 0, 21, 0, 0, 6654.30, 1, 0, 0, 0.61, 37, 9, 6399.22, 17035, 16382
1695281416, 0, 0, 27, 0, 0, 6663.67, 1, 0, 0, 4.36, 50, 21, 6405.86, 17059, 16399
1695281416, 0, 0, 28, 0, 0, 6663.67, 1, 0, 0, 5.46, 51, 22, 6405.86, 17059, 16399
1695281422, 0, 0, 30, 0, 0, 6666.41, 1, 0, 0, 1.81, 58, 25, 6405.86, 17066, 16399
1695281427, 0, 0, 31, 0, 0, 6707.81, 1, 0, 0, 1.21, 62, 27, 6447.27, 17172, 16505
1695281431, 0, 0, 32, 0, 0, 6707.81, 1, 0, 0, 0.21, 63, 27, 6447.27, 17172, 16505
1695281438, 0, 0, 34, 0, 0, 6707.81, 1, 0, 0, 0.57, 67, 27, 6447.27, 17172, 16505
1695281445, 0, 1, 38, 0, 0, 6707.81, 1, 0, 0, 3.04, 82, 32, 6447.27, 17172, 16505
1695281445, 0, 1, 39, 0, 0, 6707.81, 1, 0, 0, 32.26, 91, 37, 6447.27, 17172, 16505
1695281450, 0, 1, 41, 0, 0, 6707.81, 1, 0, 0, 3.60, 101, 42, 6447.27, 17172, 16505
1695281457, 0, 1, 43, 0, 0, 6707.81, 1, 0, 0, 0.42, 103, 43, 6447.27, 17172, 16505
1695281463, 0, 1, 44, 0, 0, 6714.45, 1, 0, 0, 1.54, 111, 44, 6453.91, 17189, 16522
1695281468, 0, 1, 46, 0, 0, 6714.84, 1, 0, 0, 1.16, 115, 46, 6454.30, 17190, 16523
1695281473, 0, 2, 48, 0, 0, 6714.84, 1, 0, 0, 3.14, 126, 50, 6454.30, 17190, 16523
1695281479, 0, 2, 51, 0, 0, 6725.78, 1, 0, 0, 0.96, 129, 53, 6465.23, 17218, 16551
1695281485, 0, 2, 53, 0, 0, 6725.78, 1, 0, 0, 0.34, 131, 53, 6465.23, 17218, 16551
1695281496, 0, 2, 55, 0, 0, 6725.78, 1, 0, 0, 1.01, 141, 54, 6465.23, 17218, 16551
1695281500, 0, 2, 58, 0, 0, 6725.78, 1, 0, 0, 2.27, 149, 57, 6465.23, 17218, 16551
1695281505, 0, 2, 59, 0, 0, 6725.78, 1, 0, 0, 3.21, 160, 61, 6465.23, 17218, 16551
1695281505, 0, 2, 61, 0, 0, 6725.78, 1, 0, 0, 12.99, 162, 63, 6465.23, 17218, 16551
1695281511, 0, 3, 63, 0, 0, 6725.78, 1, 0, 0, 3.40, 176, 68, 6465.23, 17218, 16551
1695281516, 0, 3, 64, 0, 0, 6752.73, 1, 0, 0, 0.37, 178, 68, 6492.19, 17287, 16620
1695281517, 0, 3, 65, 0, 0, 6752.73, 1, 0, 0, 29.85, 183, 73, 6492.19, 17287, 16620
1695281523, 0, 3, 66, 0, 0, 6752.73, 1, 0, 0, 0.17, 184, 73, 6492.19, 17287, 16620
1695281528, 0, 3, 66, 0, 0, 6752.73, 1, 0, 0, 1.90, 192, 74, 6492.19, 17287, 16620
1695281532, 0, 3, 67, 0, 0, 6752.73, 1, 0, 0, 0.23, 193, 74, 6492.19, 17287, 16620
1695281537, 0, 3, 70, 0, 0, 6752.73, 1, 0, 0, 1.78, 200, 76, 6492.19, 17287, 16620
1695281540, 0, 3, 70, 0, 0, 6752.73, 2, 0, 0, 1.52, 203, 78, 6492.19, 17287, 16620
1695281547, 0, 3, 71, 0, 0, 6752.73, 2, 0, 0, 0.15, 204, 78, 6492.19, 17287, 16620
1695281547, 0, 3, 72, 0, 0, 6752.73, 2, 0, 0, 39.16, 216, 81, 6492.19, 17287, 16620
1695281552, 0, 3, 72, 0, 0, 6752.73, 2, 0, 0, 0.80, 220, 81, 6492.19, 17287, 16620
1695281557, 0, 3, 73, 0, 0, 6752.73, 2, 0, 0, 2.24, 225, 86, 6492.19, 17287, 16620
1695281568, 0, 3, 74, 0, 0, 6752.73, 2, 0, 0, 0.55, 231, 86, 6492.19, 17287, 16620
1695281568, 0, 4, 76, 0, 0, 6752.73, 2, 0, 0, 19.77, 236, 88, 6492.19, 17287, 16620
1695281574, 0, 4, 78, 0, 0, 6752.73, 2, 0, 0, 3.59, 244, 102, 6492.19, 17287, 16620
1695281640, 0, 4, 80, 0, 0, 6809.77, 2, 0, 0, 0.03, 245, 103, 6549.22, 17433, 16766
1695281649, 0, 4, 82, 0, 0, 6809.77, 2, 0, 0, 0.61, 246, 107, 6549.22, 17433, 16766
1695281653, 0, 4, 84, 0, 0, 6809.77, 2, 0, 0, 1.81, 250, 111, 6549.22, 17433, 16766
1695281658, 0, 4, 86, 0, 0, 6809.77, 2, 0, 0, 5.95, 262, 127, 6549.22, 17433, 16766
1695281664, 0, 5, 88, 0, 0, 6826.17, 2, 0, 0, 3.19, 273, 135, 6565.63, 17475, 16808
1695281667, 0, 5, 89, 0, 0, 6826.17, 2, 0, 0, 0.57, 274, 136, 6565.63, 17475, 16808
1695281677, 0, 5, 90, 0, 0, 6826.17, 2, 0, 0, 1.79, 289, 138, 6565.63, 17475, 16808
1695281681, 0, 5, 90, 0, 0, 6826.17, 2, 0, 0, 7.66, 310, 148, 6565.63, 17475, 16808
1695281703, 0, 6, 91, 0, 0, 6826.17, 2, 0, 0, 0.18, 314, 148, 6565.63, 17475, 16808
1695281727, 0, 6, 92, 0, 0, 6826.17, 2, 0, 0, 0.04, 315, 148, 6565.63, 17475, 16808
1695281749, 0, 6, 93, 0, 0, 6826.17, 2, 0, 0, 0.05, 316, 148, 6565.63, 17475, 16808
1695281772, 0, 6, 94, 0, 0, 6826.17, 2, 0, 0, 0.04, 317, 148, 6565.63, 17475, 16808
1695281794, 0, 6, 94, 0, 0, 6826.17, 2, 0, 0, 0.04, 318, 148, 6565.63, 17475, 16808
1695281817, 0, 6, 94, 0, 0, 6826.17, 2, 0, 0, 0.04, 319, 148, 6565.63, 17475, 16808
1695281841, 0, 6, 94, 0, 0, 6826.17, 2, 0, 0, 0.04, 320, 148, 6565.63, 17475, 16808
1695281864, 0, 6, 94, 0, 0, 6826.17, 2, 0, 0, 0.04, 321, 148, 6565.63, 17475, 16808
1695281890, 0, 6, 94, 0, 0, 6826.17, 2, 0, 0, 0.04, 322, 148, 6565.63, 17475, 16808
1695281914, 0, 6, 94, 0, 0, 6826.17, 2, 0, 0, 0.04, 323, 148, 6565.63, 17475, 16808
1695281937, 0, 6, 94, 0, 0, 6826.17, 2, 0, 0, 0.04, 324, 148, 6565.63, 17475, 16808
1695281961, 0, 6, 94, 0, 0, 6826.17, 2, 0, 0, 0.04, 325, 148, 6565.63, 17475, 16808
1695281986, 0, 6, 95, 0, 0, 6826.17, 2, 0, 0, 0.04, 326, 148, 6565.63, 17475, 16808
1695282009, 0, 6, 96, 0, 0, 6826.17, 2, 0, 0, 0.04, 327, 148, 6565.63, 17475, 16808
1695282032, 0, 6, 96, 0, 0, 6826.17, 2, 0, 0, 0.04, 328, 148, 6565.63, 17475, 16808
1695282053, 0, 6, 96, 0, 0, 6826.17, 2, 0, 0, 0.05, 329, 148, 6565.63, 17475, 16808
1695282080, 0, 6, 96, 0, 0, 6826.17, 2, 0, 0, 0.04, 330, 148, 6565.63, 17475, 16808
1695282104, 0, 6, 96, 0, 0, 6826.17, 2, 0, 0, 0.04, 331, 148, 6565.63, 17475, 16808
1695282131, 0, 6, 96, 0, 0, 6826.17, 2, 0, 0, 0.04, 332, 148, 6565.63, 17475, 16808
1695282158, 0, 6, 96, 0, 0, 6826.17, 2, 0, 0, 0.04, 333, 148, 6565.63, 17475, 16808
1695282181, 0, 6, 96, 0, 0, 6826.17, 2, 0, 0, 0.04, 334, 148, 6565.63, 17475, 16808
1695282208, 0, 6, 97, 0, 0, 6826.17, 2, 0, 0, 0.04, 335, 148, 6565.63, 17475, 16808
1695282245, 0, 6, 98, 0, 0, 6826.17, 2, 0, 0, 0.03, 336, 148, 6565.63, 17475, 16808
1695282271, 0, 6, 99, 0, 0, 6826.17, 2, 0, 0, 0.04, 337, 148, 6565.63, 17475, 16808
1695282293, 0, 6, 100, 0, 0, 6826.17, 2, 0, 0, 0.05, 338, 148, 6565.63, 17475, 16808
1695282317, 0, 6, 100, 0, 0, 6826.17, 2, 0, 0, 0.04, 339, 148, 6565.63, 17475, 16808
1695282340, 0, 6, 100, 0, 0, 6826.17, 2, 0, 0, 0.04, 340, 148, 6565.63, 17475, 16808
1695282367, 0, 6, 100, 0, 0, 6826.17, 2, 0, 0, 0.04, 341, 148, 6565.63, 17475, 16808
1695282392, 0, 6, 100, 0, 0, 6826.17, 2, 0, 0, 0.04, 342, 148, 6565.63, 17475, 16808
1695282417, 0, 6, 100, 0, 0, 6826.17, 2, 0, 0, 0.04, 343, 148, 6565.63, 17475, 16808
1695282440, 0, 6, 101, 0, 0, 6826.17, 2, 0, 0, 0.04, 344, 148, 6565.63, 17475, 16808
1695282462, 0, 6, 102, 0, 0, 6826.17, 2, 0, 0, 0.05, 345, 148, 6565.63, 17475, 16808
1695282486, 0, 6, 102, 0, 0, 6826.17, 2, 0, 0, 0.04, 346, 148, 6565.63, 17475, 16808
1695282507, 0, 6, 103, 0, 0, 6826.17, 2, 0, 0, 0.05, 347, 148, 6565.63, 17475, 16808
1695282529, 0, 6, 103, 0, 0, 6826.17, 2, 0, 0, 0.04, 348, 148, 6565.63, 17475, 16808
1695282553, 0, 6, 103, 0, 0, 6826.17, 2, 0, 0, 0.04, 349, 148, 6565.63, 17475, 16808
1695282575, 0, 6, 103, 0, 0, 6826.17, 2, 0, 0, 0.05, 350, 148, 6565.63, 17475, 16808
1695282601, 0, 6, 103, 0, 0, 6826.17, 2, 0, 0, 0.04, 351, 148, 6565.63, 17475, 16808
1695282626, 0, 6, 103, 0, 0, 6826.17, 2, 0, 0, 0.04, 352, 148, 6565.63, 17475, 16808
1695282651, 0, 6, 103, 0, 0, 6826.17, 2, 0, 0, 0.04, 353, 148, 6565.63, 17475, 16808
1695282673, 0, 6, 103, 0, 0, 6826.17, 2, 0, 0, 0.05, 354, 148, 6565.63, 17475, 16808
1695282695, 0, 6, 104, 0, 0, 6826.17, 2, 0, 0, 0.05, 355, 148, 6565.63, 17475, 16808
1695282718, 0, 6, 104, 0, 0, 6826.17, 2, 0, 0, 0.04, 356, 148, 6565.63, 17475, 16808
1695282741, 0, 6, 105, 0, 0, 6826.17, 2, 0, 0, 0.04, 357, 148, 6565.63, 17475, 16808
1695282770, 0, 6, 106, 0, 0, 6826.17, 2, 0, 0, 0.03, 358, 148, 6565.63, 17475, 16808
1695282804, 0, 6, 107, 0, 0, 6826.17, 2, 0, 0, 0.03, 359, 148, 6565.63, 17475, 16808
1695282828, 0, 6, 107, 0, 0, 6826.17, 2, 0, 0, 0.04, 360, 148, 6565.63, 17475, 16808
1695282861, 0, 6, 107, 0, 0, 6826.17, 2, 0, 0, 0.03, 361, 148, 6565.63, 17475, 16808
1695282883, 0, 6, 107, 0, 0, 6826.17, 2, 0, 0, 0.05, 362, 148, 6565.63, 17475, 16808
1695282909, 0, 6, 107, 0, 0, 6826.17, 2, 0, 0, 0.04, 363, 148, 6565.63, 17475, 16808
1695282950, 0, 6, 108, 0, 0, 6826.17, 2, 0, 0, 0.02, 364, 148, 6565.63, 17475, 16808
1695282976, 0, 6, 108, 0, 0, 6826.17, 2, 0, 0, 0.04, 365, 148, 6565.63, 17475, 16808
1695282999, 0, 6, 108, 0, 0, 6826.17, 2, 0, 0, 0.04, 366, 148, 6565.63, 17475, 16808
1695283023, 0, 6, 108, 0, 0, 6826.17, 2, 0, 0, 0.04, 367, 148, 6565.63, 17475, 16808
1695283047, 0, 6, 108, 0, 0, 6826.17, 2, 0, 0, 0.04, 368, 148, 6565.63, 17475, 16808
1695283069, 0, 6, 108, 0, 0, 6826.17, 2, 0, 0, 0.05, 369, 148, 6565.63, 17475, 16808
1695283094, 0, 6, 108, 0, 0, 6826.17, 2, 0, 0, 0.04, 370, 148, 6565.63, 17475, 16808
1695283121, 0, 6, 108, 0, 0, 6826.17, 2, 0, 0, 0.04, 371, 148, 6565.63, 17475, 16808
1695283142, 0, 6, 108, 0, 0, 6826.17, 2, 0, 0, 0.05, 372, 148, 6565.63, 17475, 16808
1695283166, 0, 6, 108, 0, 0, 6826.17, 2, 0, 0, 0.04, 373, 148, 6565.63, 17475, 16808
1695283189, 0, 6, 108, 0, 0, 6826.17, 2, 0, 0, 0.04, 374, 148, 6565.63, 17475, 16808
1695283192, 0, 6, 109, 0, 0, 6826.17, 2, 0, 0, 0.30, 375, 148, 6565.63, 17475, 16808
1695283217, 0, 6, 109, 0, 0, 6826.17, 2, 0, 0, 0.04, 376, 148, 6565.63, 17475, 16808
1695283242, 0, 6, 109, 0, 0, 6826.17, 2, 0, 0, 0.04, 377, 148, 6565.63, 17475, 16808
1695283267, 0, 6, 109, 0, 0, 6826.17, 2, 0, 0, 0.04, 378, 148, 6565.63, 17475, 16808
1695283290, 0, 6, 109, 0, 0, 6826.17, 2, 0, 0, 0.04, 379, 148, 6565.63, 17475, 16808
1695283313, 0, 6, 110, 0, 0, 6826.17, 2, 0, 0, 0.04, 380, 148, 6565.63, 17475, 16808
1695283336, 0, 6, 110, 0, 0, 6826.17, 2, 0, 0, 0.04, 381, 148, 6565.63, 17475, 16808
1695283357, 0, 6, 110, 0, 0, 6826.17, 2, 0, 0, 0.05, 382, 148, 6565.63, 17475, 16808
1695283381, 0, 6, 110, 0, 0, 6826.17, 2, 0, 0, 0.04, 383, 148, 6565.63, 17475, 16808
1695283416, 0, 6, 110, 0, 0, 6826.17, 2, 0, 0, 0.03, 384, 148, 6565.63, 17475, 16808
1695283442, 0, 6, 110, 0, 0, 6826.17, 2, 0, 0, 0.04, 385, 148, 6565.63, 17475, 16808
1695283465, 0, 6, 110, 0, 0, 6826.17, 2, 0, 0, 0.04, 386, 148, 6565.63, 17475, 16808
1695283487, 0, 6, 110, 0, 0, 6826.17, 2, 0, 0, 0.04, 387, 148, 6565.63, 17475, 16808
1695283511, 0, 6, 110, 0, 0, 6826.17, 2, 0, 0, 0.04, 388, 148, 6565.63, 17475, 16808
1695283533, 0, 6, 110, 0, 0, 6826.17, 2, 0, 0, 0.04, 389, 148, 6565.63, 17475, 16808
1695283554, 0, 6, 110, 0, 0, 6826.17, 2, 0, 0, 0.05, 390, 148, 6565.63, 17475, 16808
1695283561, 0, 6, 111, 0, 0, 6826.17, 2, 0, 0, 0.15, 391, 148, 6565.63, 17475, 16808
1695283593, 0, 6, 111, 0, 0, 6826.17, 2, 0, 0, 0.03, 392, 148, 6565.63, 17475, 16808
1695283615, 0, 6, 111, 0, 0, 6826.17, 2, 0, 0, 0.04, 393, 148, 6565.63, 17475, 16808
1695283646, 0, 6, 111, 0, 0, 6826.17, 2, 0, 0, 0.03, 394, 148, 6565.63, 17475, 16808
1695283671, 0, 6, 111, 0, 0, 6826.17, 2, 0, 0, 0.04, 395, 148, 6565.63, 17475, 16808
1695283699, 0, 6, 111, 0, 0, 6826.17, 2, 0, 0, 0.04, 396, 148, 6565.63, 17475, 16808
1695283723, 0, 6, 111, 0, 0, 6826.17, 2, 0, 0, 0.04, 397, 148, 6565.63, 17475, 16808
1695283757, 0, 6, 111, 0, 0, 6826.17, 2, 0, 0, 0.03, 398, 148, 6565.63, 17475, 16808
1695283784, 0, 6, 112, 0, 0, 6826.17, 2, 0, 0, 0.04, 399, 148, 6565.63, 17475, 16808
1695283815, 0, 6, 113, 0, 0, 6826.17, 2, 0, 0, 0.03, 400, 148, 6565.63, 17475, 16808
1695283843, 0, 6, 114, 0, 0, 6826.17, 2, 0, 0, 0.04, 401, 148, 6565.63, 17475, 16808
1695283870, 0, 6, 115, 0, 0, 6826.17, 2, 0, 0, 0.04, 402, 148, 6565.63, 17475, 16808
1695283897, 0, 6, 115, 0, 0, 6826.17, 2, 0, 0, 0.04, 403, 148, 6565.63, 17475, 16808
1695283923, 0, 6, 115, 0, 0, 6826.17, 2, 0, 0, 0.04, 404, 148, 6565.63, 17475, 16808
1695283948, 0, 6, 115, 0, 0, 6826.17, 2, 0, 0, 0.04, 405, 148, 6565.63, 17475, 16808
1695283973, 0, 6, 115, 0, 0, 6826.17, 2, 0, 0, 0.04, 406, 148, 6565.63, 17475, 16808
1695283999, 0, 6, 115, 0, 0, 6826.17, 2, 0, 0, 0.04, 407, 148, 6565.63, 17475, 16808
1695284023, 0, 6, 115, 0, 0, 6826.17, 2, 0, 0, 0.04, 408, 148, 6565.63, 17475, 16808
1695284049, 0, 6, 115, 0, 0, 6826.17, 2, 0, 0, 0.04, 409, 148, 6565.63, 17475, 16808
1695284073, 0, 6, 115, 0, 0, 6826.17, 2, 0, 0, 0.04, 410, 148, 6565.63, 17475, 16808
1695284093, 0, 6, 115, 0, 0, 6826.17, 2, 0, 0, 0.05, 411, 148, 6565.63, 17475, 16808
1695284118, 0, 6, 115, 0, 0, 6826.17, 2, 0, 0, 0.04, 412, 148, 6565.63, 17475, 16808
1695284146, 0, 6, 115, 0, 0, 6826.17, 2, 0, 0, 0.03, 413, 148, 6565.63, 17475, 16808
1695284152, 0, 6, 115, 0, 0, 6826.17, 2, 0, 0, 0.18, 414, 148, 6565.63, 17475, 16808
1695284177, 0, 6, 115, 0, 0, 6826.17, 2, 0, 0, 0.04, 415, 148, 6565.63, 17475, 16808
1695284204, 0, 6, 115, 0, 0, 6826.17, 2, 0, 0, 0.04, 416, 148, 6565.63, 17475, 16808
1695284230, 0, 6, 115, 0, 0, 6826.17, 2, 0, 0, 0.04, 417, 148, 6565.63, 17475, 16808
1695284264, 0, 6, 115, 0, 0, 6826.17, 2, 0, 0, 0.03, 418, 148, 6565.63, 17475, 16808
1695284304, 0, 6, 115, 0, 0, 6826.17, 2, 0, 0, 0.03, 419, 148, 6565.63, 17475, 16808
1695284332, 0, 6, 115, 0, 0, 6826.17, 2, 0, 0, 0.04, 420, 148, 6565.63, 17475, 16808
1695284367, 0, 6, 115, 0, 0, 6826.17, 2, 0, 0, 0.03, 421, 148, 6565.63, 17475, 16808
1695284398, 0, 6, 115, 0, 0, 6826.17, 2, 0, 0, 0.03, 422, 148, 6565.63, 17475, 16808
1695284426, 0, 6, 115, 0, 0, 6826.17, 2, 0, 0, 0.04, 423, 148, 6565.63, 17475, 16808
1695284453, 0, 6, 115, 0, 0, 6826.17, 2, 0, 0, 0.04, 424, 148, 6565.63, 17475, 16808
1695284482, 0, 6, 115, 0, 0, 6826.17, 2, 0, 0, 0.04, 425, 148, 6565.63, 17475, 16808
1695284509, 0, 6, 115, 0, 0, 6826.17, 2, 0, 0, 0.04, 426, 148, 6565.63, 17475, 16808
1695284545, 0, 6, 115, 0, 0, 6826.17, 2, 0, 0, 0.03, 427, 148, 6565.63, 17475, 16808
1695284579, 0, 6, 115, 0, 0, 6826.17, 2, 0, 0, 0.03, 428, 148, 6565.63, 17475, 16808
1695284610, 0, 6, 115, 0, 0, 6826.17, 2, 0, 0, 0.03, 429, 148, 6565.63, 17475, 16808
1695284643, 0, 6, 116, 0, 0, 6826.17, 2, 0, 0, 0.03, 430, 148, 6565.63, 17475, 16808
1695284670, 0, 6, 116, 0, 0, 6826.17, 2, 0, 0, 0.04, 431, 148, 6565.63, 17475, 16808
1695284695, 0, 6, 116, 0, 0, 6826.17, 2, 0, 0, 0.04, 432, 148, 6565.63, 17475, 16808
1695284721, 0, 6, 116, 0, 0, 6826.17, 2, 0, 0, 0.04, 433, 148, 6565.63, 17475, 16808
1695284760, 0, 6, 116, 0, 0, 6826.17, 2, 0, 0, 0.03, 434, 148, 6565.63, 17475, 16808
1695284786, 0, 6, 116, 0, 0, 6826.17, 2, 0, 0, 0.04, 435, 148, 6565.63, 17475, 16808
1695284790, 0, 6, 116, 0, 0, 6826.17, 2, 0, 0, 0.26, 436, 148, 6565.63, 17475, 16808
1695284818, 0, 6, 116, 0, 0, 6826.17, 2, 0, 0, 0.04, 437, 148, 6565.63, 17475, 16808
1695284846, 0, 6, 116, 0, 0, 6826.17, 2, 0, 0, 0.04, 438, 148, 6565.63, 17475, 16808
1695284851, 0, 6, 117, 0, 0, 6826.17, 2, 0, 0, 0.22, 439, 148, 6565.63, 17475, 16808
1695284877, 0, 6, 118, 0, 0, 6826.17, 2, 0, 0, 0.04, 440, 148, 6565.63, 17475, 16808
1695284908, 0, 6, 118, 0, 0, 6826.17, 2, 0, 0, 0.03, 441, 148, 6565.63, 17475, 16808
1695284937, 0, 6, 119, 0, 0, 6826.17, 2, 0, 0, 0.03, 442, 148, 6565.63, 17475, 16808
1695284959, 0, 6, 120, 0, 0, 6826.17, 2, 0, 0, 0.05, 443, 148, 6565.63, 17475, 16808
1695284959, 0, 6, 120, 0, 0, 6826.17, 2, 0, 0, 0.00, 443, 148, 6565.63, 17475, 16808
