# unix_time, cycles_done, cur_path, paths_total, pending_total, pending_favs, map_size, unique_crashes, unique_hangs, max_depth, execs_per_sec, valid_inputs, invalid_inputs, valid_cov, all_covered_probes, valid_covered_probes
1694973918, 0, 0, 1, 0, 0, 7209.77, 0, 0, 0, 0.03, 1, 0, 7209.77, 18457, 18457
1694973918, 0, 0, 5, 0, 0, 7367.58, 0, 0, 0, 14.84, 5, 1, 7280.86, 18861, 18639
1694973928, 0, 0, 7, 0, 0, 7403.13, 1, 0, 0, 0.30, 5, 4, 7280.86, 18952, 18639
1694973929, 0, 0, 8, 0, 0, 7546.09, 1, 0, 0, 1.43, 5, 5, 7280.86, 19318, 18639
1694973929, 0, 0, 12, 0, 0, 7753.52, 1, 0, 0, 15.19, 7, 9, 7505.47, 19849, 19214
1694973940, 0, 0, 14, 0, 0, 7839.06, 1, 0, 0, 0.18, 9, 9, 7591.02, 20068, 19433
1694973953, 0, 0, 15, 0, 0, 7841.80, 1, 0, 0, 0.15, 10, 10, 7591.02, 20075, 19433
1694973969, 0, 0, 17, 0, 0, 7989.84, 1, 0, 0, 0.59, 13, 16, 7736.33, 20454, 19805
1694973976, 0, 0, 18, 0, 0, 8055.08, 1, 0, 0, 0.43, 15, 17, 7801.56, 20621, 19972
1694973984, 0, 0, 18, 0, 0, 8055.08, 1, 0, 0, 0.12, 16, 17, 7801.56, 20621, 19972
1694973985, 0, 0, 20, 0, 0, 8057.42, 1, 0, 0, 16.09, 20, 19, 7802.73, 20627, 19975
1694973985, 0, 0, 20, 0, 0, 8057.42, 1, 0, 0, 34.38, 26, 24, 7802.73, 20627, 19975
1694973995, 0, 0, 21, 0, 0, 8064.06, 1, 0, 0, 0.41, 29, 25, 7809.38, 20644, 19992
1694974001, 0, 0, 21, 0, 0, 8064.06, 1, 0, 0, 0.15, 30, 25, 7809.38, 20644, 19992
1694974009, 0, 0, 21, 0, 0, 8064.06, 1, 0, 0, 0.39, 33, 25, 7809.38, 20644, 19992
1694974031, 0, 0, 22, 0, 0, 8132.42, 1, 0, 0, 0.14, 35, 26, 7877.73, 20819, 20167
1694974039, 0, 0, 22, 0, 0, 8132.42, 1, 0, 0, 1.79, 42, 33, 7877.73, 20819, 20167
1694974044, 0, 0, 22, 0, 0, 8132.42, 1, 0, 0, 1.25, 48, 34, 7877.73, 20819, 20167
1694974052, 0, 0, 22, 0, 0, 8132.42, 1, 0, 0, 1.76, 54, 41, 7877.73, 20819, 20167
1694974062, 0, 0, 22, 0, 0, 8132.42, 1, 0, 0, 0.90, 59, 45, 7877.73, 20819, 20167
1694974062, 0, 0, 22, 0, 0, 8132.42, 1, 0, 0, 70.00, 68, 57, 7877.73, 20819, 20167
1694974069, 0, 0, 23, 0, 0, 8137.89, 1, 0, 0, 1.45, 74, 61, 7877.73, 20833, 20167
1694974075, 0, 0, 23, 0, 0, 8137.89, 1, 0, 0, 3.28, 85, 70, 7877.73, 20833, 20167
1694974090, 0, 0, 23, 0, 0, 8137.89, 1, 0, 0, 0.34, 88, 72, 7877.73, 20833, 20167
1694974103, 0, 0, 23, 0, 0, 8137.89, 1, 0, 0, 0.37, 91, 74, 7877.73, 20833, 20167
1694974114, 0, 0, 23, 0, 0, 8137.89, 1, 0, 0, 0.89, 96, 78, 7877.73, 20833, 20167
1694974122, 0, 0, 24, 0, 0, 8138.28, 1, 0, 0, 1.34, 101, 84, 7878.13, 20834, 20168
1694974129, 0, 0, 24, 0, 0, 8138.28, 1, 0, 0, 0.44, 103, 85, 7878.13, 20834, 20168
1694974142, 0, 0, 24, 0, 0, 8138.28, 1, 0, 0, 0.61, 109, 87, 7878.13, 20834, 20168
1694974152, 0, 0, 24, 0, 0, 8138.28, 1, 0, 0, 1.90, 118, 97, 7878.13, 20834, 20168
1694974159, 0, 0, 24, 0, 0, 8138.28, 1, 0, 0, 0.95, 122, 100, 7878.13, 20834, 20168
1694974165, 0, 0, 24, 0, 0, 8138.28, 2, 0, 0, 1.06, 124, 104, 7878.13, 20834, 20168
1694974173, 0, 0, 24, 0, 0, 8138.28, 2, 0, 0, 0.60, 129, 104, 7878.13, 20834, 20168
1694974179, 0, 0, 24, 0, 0, 8138.28, 2, 0, 0, 1.19, 131, 109, 7878.13, 20834, 20168
1694974203, 0, 0, 25, 0, 0, 8139.06, 2, 0, 0, 0.96, 148, 115, 7878.13, 20836, 20168
1694974232, 0, 0, 25, 0, 0, 8139.06, 2, 0, 0, 0.07, 149, 116, 7878.13, 20836, 20168
1694974240, 0, 0, 25, 0, 0, 8139.06, 2, 0, 0, 0.41, 151, 117, 7878.13, 20836, 20168
1694974246, 0, 0, 25, 0, 0, 8139.06, 2, 0, 0, 0.15, 152, 117, 7878.13, 20836, 20168
1694974253, 0, 0, 25, 0, 0, 8139.06, 2, 0, 0, 0.33, 153, 118, 7878.13, 20836, 20168
1694974258, 0, 0, 25, 0, 0, 8139.06, 3, 0, 0, 1.42, 158, 121, 7878.13, 20836, 20168
1694974259, 0, 0, 25, 0, 0, 8139.06, 3, 0, 0, 3.03, 158, 122, 7878.13, 20836, 20168
1694974267, 0, 0, 25, 0, 0, 8139.06, 3, 0, 0, 1.33, 165, 126, 7878.13, 20836, 20168
1694974276, 0, 0, 25, 0, 0, 8139.06, 3, 0, 0, 1.26, 172, 130, 7878.13, 20836, 20168
1694974282, 0, 0, 25, 0, 0, 8139.06, 3, 0, 0, 0.93, 175, 133, 7878.13, 20836, 20168
1694974289, 0, 0, 25, 0, 0, 8139.06, 3, 0, 0, 0.67, 179, 134, 7878.13, 20836, 20168
1694974297, 0, 0, 25, 0, 0, 8139.06, 3, 0, 0, 1.94, 190, 137, 7878.13, 20836, 20168
1694974304, 0, 0, 25, 0, 0, 8139.06, 3, 0, 0, 0.26, 191, 138, 7878.13, 20836, 20168
1694974313, 0, 0, 26, 0, 0, 8140.23, 3, 0, 0, 0.22, 192, 139, 7879.30, 20839, 20171
1694974320, 0, 0, 26, 0, 0, 8140.23, 3, 0, 0, 0.92, 197, 140, 7879.30, 20839, 20171
1694974333, 0, 0, 27, 0, 0, 8145.70, 3, 0, 0, 1.11, 206, 145, 7884.77, 20853, 20185
1694974340, 0, 0, 27, 0, 0, 8145.70, 3, 0, 0, 0.14, 207, 145, 7884.77, 20853, 20185
1694974345, 0, 0, 27, 0, 0, 8145.70, 3, 0, 0, 0.54, 208, 147, 7884.77, 20853, 20185
1694974352, 0, 0, 27, 0, 0, 8145.70, 3, 0, 0, 0.75, 211, 149, 7884.77, 20853, 20185
1694974360, 0, 0, 27, 0, 0, 8145.70, 3, 0, 0, 0.40, 213, 150, 7884.77, 20853, 20185
1694974368, 0, 0, 27, 0, 0, 8145.70, 3, 0, 0, 0.11, 214, 150, 7884.77, 20853, 20185
1694974378, 0, 0, 27, 0, 0, 8145.70, 3, 0, 0, 0.93, 219, 154, 7884.77, 20853, 20185
1694974387, 0, 0, 28, 0, 0, 8146.48, 3, 0, 0, 1.47, 226, 161, 7885.55, 20855, 20187
1694974395, 0, 0, 28, 0, 0, 8146.48, 3, 0, 0, 1.53, 233, 165, 7885.55, 20855, 20187
1694974402, 0, 0, 28, 0, 0, 8146.48, 3, 0, 0, 2.42, 247, 168, 7885.55, 20855, 20187
1694974406, 0, 0, 28, 0, 0, 8146.48, 3, 0, 0, 1.05, 251, 169, 7885.55, 20855, 20187
1694974416, 0, 0, 28, 0, 0, 8146.48, 3, 0, 0, 0.11, 252, 169, 7885.55, 20855, 20187
1694974424, 0, 0, 28, 0, 0, 8146.48, 3, 0, 0, 0.25, 254, 169, 7885.55, 20855, 20187
1694974430, 0, 0, 28, 0, 0, 8146.48, 3, 0, 0, 1.63, 260, 174, 7885.55, 20855, 20187
1694974439, 0, 0, 28, 0, 0, 8146.48, 3, 0, 0, 0.79, 265, 176, 7885.55, 20855, 20187
1694974446, 0, 0, 28, 0, 0, 8146.48, 3, 0, 0, 0.63, 267, 178, 7885.55, 20855, 20187
1694974452, 0, 0, 28, 0, 0, 8146.48, 3, 0, 0, 1.10, 273, 179, 7885.55, 20855, 20187
1694974458, 0, 0, 29, 0, 0, 8147.27, 3, 0, 0, 0.18, 274, 179, 7886.33, 20857, 20189
1694974463, 0, 0, 29, 0, 0, 8147.27, 3, 0, 0, 0.36, 274, 181, 7886.33, 20857, 20189
1694974464, 0, 0, 29, 0, 0, 8147.27, 3, 0, 0, 32.57, 281, 184, 7886.33, 20857, 20189
1694974472, 0, 0, 29, 0, 0, 8147.27, 3, 0, 0, 0.67, 282, 189, 7886.33, 20857, 20189
1694974481, 0, 0, 29, 0, 0, 8147.27, 3, 0, 0, 0.12, 283, 189, 7886.33, 20857, 20189
1694974487, 0, 0, 29, 0, 0, 8147.27, 3, 0, 0, 0.16, 284, 189, 7886.33, 20857, 20189
1694974487, 0, 0, 29, 0, 0, 8147.27, 3, 0, 0, 12.50, 288, 189, 7886.33, 20857, 20189
1694974494, 0, 0, 29, 0, 0, 8147.27, 3, 0, 0, 0.30, 289, 190, 7886.33, 20857, 20189
1694974502, 0, 0, 29, 0, 0, 8147.27, 3, 0, 0, 0.53, 292, 191, 7886.33, 20857, 20189
1694974510, 0, 0, 29, 0, 0, 8147.27, 3, 0, 0, 0.97, 297, 194, 7886.33, 20857, 20189
1694974518, 0, 0, 29, 0, 0, 8147.27, 3, 0, 0, 0.78, 301, 196, 7886.33, 20857, 20189
1694974526, 0, 0, 29, 0, 0, 8147.27, 3, 0, 0, 1.95, 314, 200, 7886.33, 20857, 20189
1694974535, 0, 0, 29, 0, 0, 8147.27, 3, 0, 0, 1.53, 321, 206, 7886.33, 20857, 20189
1694974542, 0, 0, 29, 0, 0, 8147.27, 3, 0, 0, 2.25, 330, 213, 7886.33, 20857, 20189
1694974549, 0, 0, 29, 0, 0, 8147.27, 3, 0, 0, 0.15, 331, 213, 7886.33, 20857, 20189
1694974563, 0, 0, 29, 0, 0, 8147.27, 3, 0, 0, 0.21, 332, 215, 7886.33, 20857, 20189
1694974573, 0, 0, 29, 0, 0, 8147.27, 3, 0, 0, 0.38, 334, 217, 7886.33, 20857, 20189
1694974580, 0, 0, 29, 0, 0, 8147.27, 3, 0, 0, 1.43, 338, 223, 7886.33, 20857, 20189
1694974588, 0, 0, 29, 0, 0, 8147.27, 3, 0, 0, 1.26, 345, 225, 7886.33, 20857, 20189
1694974596, 0, 0, 29, 0, 0, 8147.27, 3, 0, 0, 1.60, 356, 227, 7886.33, 20857, 20189
1694974607, 0, 0, 29, 0, 0, 8147.27, 3, 0, 0, 0.43, 360, 228, 7886.33, 20857, 20189
1694974615, 0, 0, 29, 0, 0, 8147.27, 3, 0, 0, 0.85, 364, 231, 7886.33, 20857, 20189
1694974616, 0, 0, 29, 0, 0, 8147.27, 3, 0, 0, 48.39, 374, 236, 7886.33, 20857, 20189
1694974624, 0, 0, 29, 0, 0, 8147.27, 3, 0, 0, 0.24, 375, 237, 7886.33, 20857, 20189
1694974632, 0, 0, 29, 0, 0, 8147.27, 3, 0, 0, 0.67, 379, 238, 7886.33, 20857, 20189
1694974644, 0, 0, 29, 0, 0, 8147.27, 3, 0, 0, 0.08, 380, 238, 7886.33, 20857, 20189
1694974651, 0, 0, 29, 0, 0, 8147.27, 3, 0, 0, 1.39, 386, 242, 7886.33, 20857, 20189
1694974661, 0, 0, 29, 0, 0, 8147.27, 3, 0, 0, 0.10, 387, 242, 7886.33, 20857, 20189
1694974671, 0, 0, 29, 0, 0, 8147.27, 3, 0, 0, 0.11, 388, 242, 7886.33, 20857, 20189
1694974685, 0, 0, 29, 0, 0, 8147.27, 3, 0, 0, 0.14, 390, 242, 7886.33, 20857, 20189
1694974692, 0, 0, 29, 0, 0, 8147.27, 3, 0, 0, 0.14, 391, 242, 7886.33, 20857, 20189
1694974701, 0, 0, 29, 0, 0, 8147.27, 3, 0, 0, 0.22, 393, 242, 7886.33, 20857, 20189
1694974759, 0, 0, 29, 0, 0, 8147.27, 3, 0, 0, 0.02, 394, 242, 7886.33, 20857, 20189
1694974764, 0, 0, 29, 0, 0, 8147.27, 3, 0, 0, 0.86, 397, 244, 7886.33, 20857, 20189
1694974771, 0, 0, 29, 0, 0, 8147.27, 3, 0, 0, 1.64, 402, 249, 7886.33, 20857, 20189
1694974777, 0, 0, 29, 0, 0, 8147.27, 3, 0, 0, 0.83, 404, 252, 7886.33, 20857, 20189
1694974783, 0, 0, 29, 0, 0, 8147.27, 3, 0, 0, 0.45, 406, 253, 7886.33, 20857, 20189
1694974790, 0, 0, 29, 0, 0, 8147.27, 3, 0, 0, 1.13, 412, 255, 7886.33, 20857, 20189
1694974798, 0, 0, 29, 0, 0, 8147.27, 3, 0, 0, 0.25, 413, 256, 7886.33, 20857, 20189
1694974805, 0, 0, 29, 0, 0, 8147.27, 3, 0, 0, 1.45, 420, 259, 7886.33, 20857, 20189
1694974805, 0, 0, 29, 0, 0, 8147.27, 3, 0, 0, 52.81, 431, 264, 7886.33, 20857, 20189
1694974813, 0, 0, 29, 0, 0, 8147.27, 3, 0, 0, 0.40, 434, 264, 7886.33, 20857, 20189
1694974813, 0, 0, 29, 0, 0, 8147.27, 3, 0, 0, 10.92, 437, 268, 7886.33, 20857, 20189
1694974820, 0, 0, 29, 0, 0, 8147.27, 3, 0, 0, 0.47, 439, 269, 7886.33, 20857, 20189
1694974827, 0, 0, 29, 0, 0, 8147.27, 3, 0, 0, 1.81, 443, 278, 7886.33, 20857, 20189
1694974834, 0, 0, 29, 0, 0, 8147.27, 3, 0, 0, 1.28, 447, 283, 7886.33, 20857, 20189
1694974834, 0, 0, 29, 0, 0, 8147.27, 3, 0, 0, 50.63, 457, 289, 7886.33, 20857, 20189
1694974841, 0, 0, 29, 0, 0, 8147.27, 3, 0, 0, 0.15, 458, 289, 7886.33, 20857, 20189
1694974848, 0, 0, 29, 0, 0, 8147.27, 3, 0, 0, 1.31, 462, 294, 7886.33, 20857, 20189
1694974857, 0, 0, 29, 0, 0, 8147.27, 3, 0, 0, 0.65, 466, 296, 7886.33, 20857, 20189
1694974863, 0, 0, 29, 0, 0, 8147.27, 3, 0, 0, 0.35, 467, 297, 7886.33, 20857, 20189
1694974871, 0, 0, 29, 0, 0, 8147.27, 3, 0, 0, 0.79, 471, 299, 7886.33, 20857, 20189
1694974881, 0, 0, 29, 0, 0, 8147.27, 3, 0, 0, 0.10, 472, 299, 7886.33, 20857, 20189
1694974935, 0, 0, 29, 0, 0, 8147.27, 3, 0, 0, 0.26, 479, 306, 7886.33, 20857, 20189
1694974952, 0, 0, 29, 0, 0, 8147.27, 3, 0, 0, 0.12, 481, 306, 7886.33, 20857, 20189
1694974961, 0, 0, 29, 0, 0, 8147.27, 3, 0, 0, 0.73, 485, 309, 7886.33, 20857, 20189
1694974974, 0, 0, 29, 0, 0, 8147.27, 3, 0, 0, 0.56, 490, 311, 7886.33, 20857, 20189
1694974980, 0, 0, 29, 0, 0, 8147.27, 3, 0, 0, 0.61, 492, 313, 7886.33, 20857, 20189
1694974986, 0, 0, 29, 0, 0, 8147.27, 3, 0, 0, 0.89, 495, 315, 7886.33, 20857, 20189
1694974993, 0, 0, 29, 0, 0, 8147.27, 3, 0, 0, 1.05, 498, 319, 7886.33, 20857, 20189
1694975002, 0, 0, 29, 0, 0, 8147.27, 3, 0, 0, 0.91, 503, 322, 7886.33, 20857, 20189
1694975007, 0, 0, 29, 0, 0, 8147.27, 3, 0, 0, 1.52, 507, 327, 7886.33, 20857, 20189
1694975018, 0, 0, 29, 0, 0, 8147.27, 3, 0, 0, 0.29, 510, 327, 7886.33, 20857, 20189
1694975018, 0, 0, 29, 0, 0, 8147.27, 3, 0, 0, 22.80, 514, 330, 7886.33, 20857, 20189
1694975025, 0, 0, 29, 0, 0, 8147.27, 3, 0, 0, 1.43, 518, 335, 7886.33, 20857, 20189
1694975032, 0, 0, 29, 0, 0, 8147.27, 3, 0, 0, 0.26, 520, 335, 7886.33, 20857, 20189
1694975039, 0, 0, 29, 0, 0, 8147.27, 3, 0, 0, 0.58, 522, 337, 7886.33, 20857, 20189
1694975046, 0, 0, 29, 0, 0, 8147.27, 3, 0, 0, 0.14, 523, 337, 7886.33, 20857, 20189
1694975054, 0, 0, 29, 0, 0, 8147.27, 3, 0, 0, 1.57, 529, 343, 7886.33, 20857, 20189
1694975060, 0, 0, 29, 0, 0, 8147.27, 3, 0, 0, 0.30, 530, 344, 7886.33, 20857, 20189
1694975074, 0, 0, 29, 0, 0, 8147.27, 3, 0, 0, 0.15, 532, 344, 7886.33, 20857, 20189
1694975080, 0, 0, 29, 0, 0, 8147.27, 3, 0, 0, 2.32, 542, 348, 7886.33, 20857, 20189
1694975081, 0, 0, 29, 0, 0, 8147.27, 3, 0, 0, 2.87, 543, 348, 7886.33, 20857, 20189
1694975091, 0, 0, 29, 0, 0, 8147.27, 3, 0, 0, 1.37, 551, 354, 7886.33, 20857, 20189
1694975091, 0, 0, 29, 0, 0, 8147.27, 3, 0, 0, 29.57, 559, 357, 7886.33, 20857, 20189
1694975098, 0, 0, 29, 0, 0, 8147.27, 3, 0, 0, 0.15, 560, 357, 7886.33, 20857, 20189
1694975105, 0, 0, 29, 0, 0, 8147.27, 3, 0, 0, 0.55, 563, 358, 7886.33, 20857, 20189
1694975114, 0, 0, 29, 0, 0, 8147.27, 3, 0, 0, 0.77, 568, 360, 7886.33, 20857, 20189
1694975115, 0, 0, 29, 0, 0, 8147.27, 3, 0, 0, 45.60, 576, 366, 7886.33, 20857, 20189
1694975115, 0, 0, 29, 0, 0, 8147.27, 3, 0, 0, 47.62, 583, 374, 7886.33, 20857, 20189
1694975124, 0, 0, 29, 0, 0, 8147.27, 3, 0, 0, 1.11, 588, 379, 7886.33, 20857, 20189
1694975133, 0, 0, 29, 0, 0, 8147.27, 3, 0, 0, 0.89, 594, 381, 7886.33, 20857, 20189
1694975140, 0, 0, 29, 0, 0, 8147.27, 3, 0, 0, 1.25, 601, 383, 7886.33, 20857, 20189
1694975140, 0, 0, 29, 0, 0, 8147.27, 3, 0, 0, 14.75, 603, 386, 7886.33, 20857, 20189
1694975141, 0, 0, 29, 0, 0, 8147.27, 3, 0, 0, 52.46, 609, 396, 7886.33, 20857, 20189
1694975156, 0, 0, 29, 0, 0, 8147.27, 3, 0, 0, 0.40, 614, 397, 7886.33, 20857, 20189
1694975156, 0, 0, 29, 0, 0, 8147.27, 3, 0, 0, 34.38, 620, 402, 7886.33, 20857, 20189
1694975162, 0, 0, 29, 0, 0, 8147.27, 3, 0, 0, 0.82, 623, 404, 7886.33, 20857, 20189
1694975170, 0, 0, 29, 0, 0, 8147.27, 3, 0, 0, 1.36, 630, 408, 7886.33, 20857, 20189
1694975171, 0, 0, 29, 0, 0, 8147.27, 3, 0, 0, 24.92, 636, 410, 7886.33, 20857, 20189
1694975177, 0, 0, 29, 0, 0, 8147.27, 3, 0, 0, 0.15, 637, 410, 7886.33, 20857, 20189
1694975185, 0, 0, 29, 0, 0, 8147.27, 3, 0, 0, 1.39, 644, 414, 7886.33, 20857, 20189
1694975185, 0, 0, 29, 0, 0, 8147.27, 3, 0, 0, 16.39, 647, 416, 7886.33, 20857, 20189
1694975193, 0, 0, 29, 0, 0, 8147.27, 3, 0, 0, 0.91, 650, 420, 7886.33, 20857, 20189
1694975201, 0, 0, 29, 0, 0, 8147.27, 3, 0, 0, 0.12, 651, 420, 7886.33, 20857, 20189
1694975214, 0, 0, 29, 0, 0, 8147.27, 3, 0, 0, 0.88, 655, 427, 7886.33, 20857, 20189
1694975226, 0, 0, 29, 0, 0, 8147.27, 3, 0, 0, 0.59, 661, 428, 7886.33, 20857, 20189
1694975236, 0, 0, 29, 0, 0, 8147.27, 3, 0, 0, 0.86, 668, 430, 7886.33, 20857, 20189
1694975243, 0, 0, 29, 0, 0, 8147.27, 3, 0, 0, 0.15, 669, 430, 7886.33, 20857, 20189
1694975252, 0, 0, 29, 0, 0, 8147.27, 3, 0, 0, 0.45, 672, 431, 7886.33, 20857, 20189
1694975259, 0, 0, 29, 0, 0, 8147.27, 3, 0, 0, 0.89, 676, 434, 7886.33, 20857, 20189
1694975260, 0, 0, 29, 0, 0, 8147.27, 3, 0, 0, 39.87, 682, 440, 7886.33, 20857, 20189
1694975273, 0, 0, 29, 0, 0, 8147.27, 3, 0, 0, 0.31, 684, 442, 7886.33, 20857, 20189
1694975282, 0, 0, 29, 0, 0, 8147.27, 3, 0, 0, 0.43, 685, 445, 7886.33, 20857, 20189
1694975312, 0, 0, 29, 0, 0, 8147.27, 3, 0, 0, 0.10, 687, 446, 7886.33, 20857, 20189
1694975312, 0, 0, 29, 0, 0, 8147.27, 3, 0, 0, 22.47, 693, 448, 7886.33, 20857, 20189
1694975323, 0, 0, 29, 0, 0, 8147.27, 3, 0, 0, 0.09, 694, 448, 7886.33, 20857, 20189
1694975330, 0, 0, 29, 0, 0, 8147.27, 3, 0, 0, 0.88, 698, 450, 7886.33, 20857, 20189
1694975338, 0, 0, 29, 0, 0, 8147.27, 3, 0, 0, 0.24, 700, 450, 7886.33, 20857, 20189
1694975349, 0, 0, 29, 0, 0, 8147.27, 3, 0, 0, 0.49, 703, 452, 7886.33, 20857, 20189
1694975349, 0, 0, 29, 0, 0, 8147.27, 3, 0, 0, 16.50, 707, 453, 7886.33, 20857, 20189
1694975359, 0, 0, 29, 0, 0, 8147.27, 3, 0, 0, 0.47, 710, 455, 7886.33, 20857, 20189
1694975365, 0, 0, 29, 0, 0, 8147.27, 3, 0, 0, 0.17, 711, 455, 7886.33, 20857, 20189
1694975372, 0, 0, 29, 0, 0, 8147.27, 3, 0, 0, 0.28, 712, 456, 7886.33, 20857, 20189
1694975373, 0, 0, 29, 0, 0, 8147.27, 3, 0, 0, 35.95, 718, 461, 7886.33, 20857, 20189
1694975373, 0, 0, 29, 0, 0, 8147.27, 3, 0, 0, 9.77, 718, 464, 7886.33, 20857, 20189
1694975379, 0, 0, 29, 0, 0, 8147.27, 3, 0, 0, 1.57, 722, 469, 7886.33, 20857, 20189
1694975387, 0, 0, 29, 0, 0, 8147.27, 3, 0, 0, 0.38, 725, 469, 7886.33, 20857, 20189
1694975393, 0, 0, 29, 0, 0, 8147.27, 3, 0, 0, 0.31, 727, 469, 7886.33, 20857, 20189
1694975402, 0, 0, 29, 0, 0, 8147.27, 3, 0, 0, 0.12, 728, 469, 7886.33, 20857, 20189
1694975409, 0, 0, 29, 0, 0, 8147.27, 3, 0, 0, 1.27, 730, 477, 7886.33, 20857, 20189
1694975410, 0, 0, 29, 0, 0, 8147.27, 3, 0, 0, 25.89, 735, 480, 7886.33, 20857, 20189
1694975417, 0, 0, 29, 0, 0, 8147.27, 3, 0, 0, 1.29, 738, 486, 7886.33, 20857, 20189
1694975425, 0, 0, 29, 0, 0, 8147.27, 3, 0, 0, 0.49, 742, 486, 7886.33, 20857, 20189
1694975431, 0, 0, 29, 0, 0, 8147.27, 3, 0, 0, 0.30, 743, 487, 7886.33, 20857, 20189
1694975437, 0, 0, 29, 0, 0, 8147.27, 3, 0, 0, 0.72, 745, 489, 7886.33, 20857, 20189
1694975444, 0, 0, 29, 0, 0, 8147.27, 3, 0, 0, 0.14, 746, 489, 7886.33, 20857, 20189
1694975454, 0, 0, 29, 0, 0, 8147.27, 3, 0, 0, 0.42, 749, 490, 7886.33, 20857, 20189
1694975461, 0, 0, 29, 0, 0, 8147.27, 3, 0, 0, 1.37, 754, 495, 7886.33, 20857, 20189
1694975471, 0, 0, 29, 0, 0, 8147.27, 3, 0, 0, 0.39, 757, 496, 7886.33, 20857, 20189
1694975478, 0, 0, 29, 0, 0, 8147.27, 3, 0, 0, 0.28, 758, 497, 7886.33, 20857, 20189
1694975487, 0, 0, 29, 0, 0, 8147.27, 3, 0, 0, 0.66, 762, 499, 7886.33, 20857, 20189
1694975494, 0, 0, 29, 0, 0, 8147.27, 3, 0, 0, 0.61, 764, 501, 7886.33, 20857, 20189
1694975494, 0, 0, 29, 0, 0, 8147.27, 3, 0, 0, 13.51, 768, 502, 7886.33, 20857, 20189
1694975506, 0, 0, 29, 0, 0, 8147.27, 3, 0, 0, 0.35, 770, 504, 7886.33, 20857, 20189
1694975515, 0, 0, 29, 0, 0, 8147.27, 3, 0, 0, 0.88, 774, 508, 7886.33, 20857, 20189
1694975515, 0, 0, 29, 0, 0, 8147.27, 3, 0, 0, 10.39, 777, 509, 7886.33, 20857, 20189
1694975516, 0, 0, 29, 0, 0, 8147.27, 3, 0, 0, 10.47, 781, 509, 7886.33, 20857, 20189
1694975526, 0, 0, 29, 0, 0, 8147.27, 3, 0, 0, 0.60, 787, 509, 7886.33, 20857, 20189
1694975533, 0, 0, 29, 0, 0, 8147.27, 3, 0, 0, 0.29, 789, 509, 7886.33, 20857, 20189
1694975540, 0, 0, 29, 0, 0, 8147.27, 3, 0, 0, 1.03, 797, 509, 7886.33, 20857, 20189
1694975549, 0, 0, 29, 0, 0, 8147.27, 3, 0, 0, 0.23, 798, 510, 7886.33, 20857, 20189
1694975555, 0, 0, 29, 0, 0, 8147.27, 3, 0, 0, 0.32, 800, 510, 7886.33, 20857, 20189
1694975563, 0, 0, 29, 0, 0, 8147.27, 3, 0, 0, 0.26, 802, 510, 7886.33, 20857, 20189
1694975570, 0, 0, 29, 0, 0, 8147.27, 3, 0, 0, 1.01, 806, 513, 7886.33, 20857, 20189
1694975581, 0, 0, 29, 0, 0, 8147.27, 3, 0, 0, 0.37, 808, 515, 7886.33, 20857, 20189
1694975581, 0, 0, 29, 0, 0, 8147.27, 3, 0, 0, 21.05, 814, 517, 7886.33, 20857, 20189
1694975593, 0, 0, 29, 0, 0, 8147.27, 3, 0, 0, 0.75, 820, 520, 7886.33, 20857, 20189
1694975601, 0, 0, 29, 0, 0, 8147.27, 3, 0, 0, 0.52, 821, 523, 7886.33, 20857, 20189
1694975612, 0, 0, 29, 0, 0, 8147.27, 3, 0, 0, 0.27, 822, 525, 7886.33, 20857, 20189
1694975612, 0, 0, 29, 0, 0, 8147.27, 3, 0, 0, 22.47, 828, 527, 7886.33, 20857, 20189
1694975621, 0, 0, 29, 0, 0, 8147.27, 3, 0, 0, 0.33, 830, 528, 7886.33, 20857, 20189
1694975622, 0, 0, 29, 0, 0, 8147.27, 3, 0, 0, 16.13, 834, 529, 7886.33, 20857, 20189
1694975622, 0, 0, 29, 0, 0, 8147.27, 3, 0, 0, 19.74, 839, 530, 7886.33, 20857, 20189
1694975622, 0, 0, 29, 0, 0, 8147.27, 3, 0, 0, 16.53, 845, 530, 7886.33, 20857, 20189
1694975646, 0, 0, 29, 0, 0, 8147.27, 3, 0, 0, 0.08, 846, 531, 7886.33, 20857, 20189
1694975647, 0, 0, 29, 0, 0, 8147.27, 3, 0, 0, 28.04, 851, 535, 7886.33, 20857, 20189
1694975652, 0, 0, 29, 0, 0, 8147.27, 3, 0, 0, 1.45, 856, 538, 7886.33, 20857, 20189
1694975652, 0, 0, 29, 0, 0, 8147.27, 3, 0, 0, 23.10, 860, 541, 7886.33, 20857, 20189
1694975653, 0, 0, 29, 0, 0, 8147.27, 3, 0, 0, 26.39, 867, 543, 7886.33, 20857, 20189
1694975653, 0, 0, 29, 0, 0, 8147.27, 3, 0, 0, 12.05, 871, 543, 7886.33, 20857, 20189
1694975665, 0, 0, 29, 0, 0, 8147.27, 3, 0, 0, 0.08, 872, 543, 7886.33, 20857, 20189
1694975673, 0, 0, 29, 0, 0, 8147.27, 3, 0, 0, 1.08, 877, 546, 7886.33, 20857, 20189
1694975680, 0, 0, 29, 0, 0, 8147.27, 3, 0, 0, 0.99, 881, 549, 7886.33, 20857, 20189
1694975688, 0, 0, 29, 0, 0, 8147.27, 3, 0, 0, 0.61, 883, 552, 7886.33, 20857, 20189
1694975688, 0, 0, 29, 0, 0, 8147.27, 3, 0, 0, 26.14, 887, 556, 7886.33, 20857, 20189
1694975695, 0, 0, 29, 0, 0, 8147.27, 3, 0, 0, 0.74, 890, 558, 7886.33, 20857, 20189
1694975708, 0, 0, 29, 0, 0, 8147.27, 3, 0, 0, 0.30, 893, 559, 7886.33, 20857, 20189
1694975709, 0, 0, 29, 0, 0, 8147.27, 3, 0, 0, 16.55, 897, 562, 7886.33, 20857, 20189
1694975709, 0, 0, 29, 0, 0, 8147.27, 3, 0, 0, 19.80, 900, 565, 7886.33, 20857, 20189
1694975718, 0, 0, 29, 0, 0, 8147.27, 3, 0, 0, 0.60, 905, 565, 7886.33, 20857, 20189
1694975718, 0, 0, 29, 0, 0, 8147.27, 3, 0, 0, 26.32, 912, 568, 7886.33, 20857, 20189
1694975718, 0, 0, 29, 0, 0, 8147.27, 3, 0, 0, 12.63, 917, 568, 7886.33, 20857, 20189
1694975725, 0, 0, 29, 0, 0, 8147.27, 3, 0, 0, 0.31, 918, 569, 7886.33, 20857, 20189
1694975730, 0, 0, 29, 0, 0, 8147.27, 3, 0, 0, 0.18, 918, 570, 7886.33, 20857, 20189
1694975731, 0, 0, 29, 0, 0, 8147.27, 3, 0, 0, 20.04, 924, 573, 7886.33, 20857, 20189
1694975738, 0, 0, 29, 0, 0, 8147.27, 3, 0, 0, 0.14, 925, 573, 7886.33, 20857, 20189
1694975745, 0, 0, 29, 0, 0, 8147.27, 3, 0, 0, 0.43, 927, 574, 7886.33, 20857, 20189
1694975746, 0, 0, 29, 0, 0, 8147.27, 3, 0, 0, 19.07, 930, 578, 7886.33, 20857, 20189
1694975752, 0, 0, 29, 0, 0, 8147.27, 3, 0, 0, 0.61, 932, 580, 7886.33, 20857, 20189
1694975752, 0, 0, 29, 0, 0, 8147.27, 3, 0, 0, 39.74, 939, 585, 7886.33, 20857, 20189
1694975759, 0, 0, 29, 0, 0, 8147.27, 3, 0, 0, 0.45, 942, 585, 7886.33, 20857, 20189
1694975767, 0, 0, 29, 0, 0, 8147.27, 3, 0, 0, 0.39, 945, 585, 7886.33, 20857, 20189
1694975767, 0, 0, 29, 0, 0, 8147.27, 3, 0, 0, 24.69, 951, 587, 7886.33, 20857, 20189
1694975767, 0, 0, 29, 0, 0, 8147.27, 3, 0, 0, 15.82, 954, 589, 7886.33, 20857, 20189
1694975775, 0, 0, 29, 0, 0, 8147.27, 3, 0, 0, 0.53, 956, 591, 7886.33, 20857, 20189
1694975782, 0, 0, 29, 0, 0, 8147.27, 3, 0, 0, 1.27, 963, 593, 7886.33, 20857, 20189
1694975791, 0, 0, 29, 0, 0, 8147.27, 3, 0, 0, 0.36, 965, 594, 7886.33, 20857, 20189
1694975791, 0, 0, 29, 0, 0, 8147.27, 3, 0, 0, 17.06, 970, 597, 7886.33, 20857, 20189
1694975799, 0, 0, 29, 0, 0, 8147.27, 3, 0, 0, 0.51, 974, 597, 7886.33, 20857, 20189
1694975799, 0, 0, 29, 0, 0, 8147.27, 3, 0, 0, 19.11, 977, 600, 7886.33, 20857, 20189
1694975799, 0, 0, 29, 0, 0, 8147.27, 3, 0, 0, 18.87, 981, 602, 7886.33, 20857, 20189
1694975806, 0, 0, 29, 0, 0, 8147.27, 3, 0, 0, 0.91, 986, 603, 7886.33, 20857, 20189
1694975806, 0, 0, 29, 0, 0, 8147.27, 3, 0, 0, 36.18, 992, 608, 7886.33, 20857, 20189
1694975813, 0, 0, 29, 0, 0, 8147.27, 3, 0, 0, 0.44, 994, 609, 7886.33, 20857, 20189
1694975871, 0, 0, 29, 0, 0, 8147.27, 3, 0, 0, 0.14, 999, 612, 7886.33, 20857, 20189
1694975877, 0, 0, 29, 0, 0, 8147.27, 3, 0, 0, 0.76, 1002, 614, 7886.33, 20857, 20189
1694975878, 0, 0, 29, 0, 0, 8147.27, 3, 0, 0, 12.61, 1006, 616, 7886.33, 20857, 20189
1694975878, 0, 0, 29, 0, 0, 8147.27, 3, 0, 0, 19.80, 1007, 621, 7886.33, 20857, 20189
1694975884, 0, 0, 29, 0, 0, 8147.27, 3, 0, 0, 0.32, 1008, 622, 7886.33, 20857, 20189
1694975892, 0, 0, 29, 0, 0, 8147.27, 3, 0, 0, 0.42, 1010, 623, 7886.33, 20857, 20189
1694975900, 0, 0, 29, 0, 0, 8147.27, 3, 0, 0, 0.38, 1012, 624, 7886.33, 20857, 20189
1694975900, 0, 0, 29, 0, 0, 8147.27, 3, 0, 0, 12.08, 1014, 627, 7886.33, 20857, 20189
1694975908, 0, 0, 29, 0, 0, 8147.27, 3, 0, 0, 0.38, 1016, 628, 7886.33, 20857, 20189
1694975908, 0, 0, 29, 0, 0, 8147.27, 3, 0, 0, 19.42, 1020, 630, 7886.33, 20857, 20189
1694975908, 0, 0, 29, 0, 0, 8147.27, 3, 0, 0, 10.75, 1022, 632, 7886.33, 20857, 20189
1694975909, 0, 0, 29, 0, 0, 8147.27, 3, 0, 0, 26.14, 1026, 636, 7886.33, 20857, 20189
1694975921, 0, 0, 29, 0, 0, 8147.27, 3, 0, 0, 0.08, 1027, 636, 7886.33, 20857, 20189
1694975928, 0, 0, 29, 0, 0, 8147.27, 3, 0, 0, 0.41, 1029, 637, 7886.33, 20857, 20189
1694975929, 0, 0, 29, 0, 0, 8147.27, 3, 0, 0, 29.03, 1033, 642, 7886.33, 20857, 20189
1694975929, 0, 0, 29, 0, 0, 8147.27, 3, 0, 0, 25.21, 1038, 646, 7886.33, 20857, 20189
1694975940, 0, 0, 29, 0, 0, 8147.27, 3, 0, 0, 0.37, 1042, 646, 7886.33, 20857, 20189
1694975954, 0, 0, 29, 0, 0, 8147.27, 3, 0, 0, 0.21, 1045, 646, 7886.33, 20857, 20189
1694975954, 0, 0, 29, 0, 0, 8147.27, 3, 0, 0, 19.93, 1048, 649, 7886.33, 20857, 20189
1694975962, 0, 0, 29, 0, 0, 8147.27, 3, 0, 0, 0.28, 1050, 649, 7886.33, 20857, 20189
1694975962, 0, 0, 29, 0, 0, 8147.27, 3, 0, 0, 15.67, 1053, 651, 7886.33, 20857, 20189
1694975969, 0, 0, 29, 0, 0, 8147.27, 3, 0, 0, 1.39, 1057, 657, 7886.33, 20857, 20189
1694975976, 0, 0, 29, 0, 0, 8147.27, 3, 0, 0, 0.16, 1058, 657, 7886.33, 20857, 20189
1694975984, 0, 0, 29, 0, 0, 8147.27, 3, 0, 0, 0.74, 1063, 658, 7886.33, 20857, 20189
1694975984, 0, 0, 29, 0, 0, 8147.27, 3, 0, 0, 33.33, 1068, 663, 7886.33, 20857, 20189
1694975984, 0, 0, 29, 0, 0, 8147.27, 3, 0, 0, 12.82, 1073, 663, 7886.33, 20857, 20189
1694975985, 0, 0, 29, 0, 0, 8147.27, 3, 0, 0, 19.61, 1076, 666, 7886.33, 20857, 20189
1694975991, 0, 0, 29, 0, 0, 8147.27, 3, 0, 0, 0.16, 1077, 666, 7886.33, 20857, 20189
1694975991, 0, 0, 29, 0, 0, 8147.27, 3, 0, 0, 14.97, 1078, 670, 7886.33, 20857, 20189
1694976024, 0, 0, 29, 0, 0, 8147.27, 3, 0, 0, 0.06, 1079, 671, 7886.33, 20857, 20189
1694976031, 0, 0, 29, 0, 0, 8147.27, 3, 0, 0, 0.86, 1082, 674, 7886.33, 20857, 20189
1694976038, 0, 0, 29, 0, 0, 8147.27, 3, 0, 0, 0.40, 1085, 674, 7886.33, 20857, 20189
1694976038, 0, 0, 29, 0, 0, 8147.27, 3, 0, 0, 13.03, 1088, 675, 7886.33, 20857, 20189
1694976048, 0, 0, 29, 0, 0, 8147.27, 3, 0, 0, 0.61, 1091, 678, 7886.33, 20857, 20189
1694976054, 0, 0, 29, 0, 0, 8147.27, 3, 0, 0, 0.16, 1092, 678, 7886.33, 20857, 20189
1694976061, 0, 0, 29, 0, 0, 8147.27, 3, 0, 0, 0.32, 1093, 679, 7886.33, 20857, 20189
1694976068, 0, 0, 29, 0, 0, 8147.27, 3, 0, 0, 0.71, 1098, 679, 7886.33, 20857, 20189
1694976068, 0, 0, 29, 0, 0, 8147.27, 3, 0, 0, 12.35, 1101, 681, 7886.33, 20857, 20189
1694976068, 0, 0, 29, 0, 0, 8147.27, 3, 0, 0, 15.72, 1105, 682, 7886.33, 20857, 20189
1694976069, 0, 0, 29, 0, 0, 8147.27, 3, 0, 0, 24.62, 1109, 686, 7886.33, 20857, 20189
1694976076, 0, 0, 29, 0, 0, 8147.27, 3, 0, 0, 0.41, 1110, 688, 7886.33, 20857, 20189
1694976076, 0, 0, 29, 0, 0, 8147.27, 3, 0, 0, 18.69, 1116, 688, 7886.33, 20857, 20189
1694976083, 0, 0, 29, 0, 0, 8147.27, 3, 0, 0, 0.42, 1118, 689, 7886.33, 20857, 20189
1694976090, 0, 0, 29, 0, 0, 8147.27, 3, 0, 0, 0.44, 1120, 690, 7886.33, 20857, 20189
1694976096, 0, 0, 29, 0, 0, 8147.27, 3, 0, 0, 1.18, 1126, 691, 7886.33, 20857, 20189
1694976104, 0, 0, 29, 0, 0, 8147.27, 3, 0, 0, 0.41, 1128, 692, 7886.33, 20857, 20189
1694976113, 0, 0, 29, 0, 0, 8147.27, 3, 0, 0, 0.54, 1131, 694, 7886.33, 20857, 20189
1694976113, 0, 0, 29, 0, 0, 8147.27, 3, 0, 0, 9.71, 1134, 694, 7886.33, 20857, 20189
1694976113, 0, 0, 29, 0, 0, 8147.27, 3, 0, 0, 26.58, 1138, 698, 7886.33, 20857, 20189
1694976121, 0, 0, 29, 0, 0, 8147.27, 3, 0, 0, 0.14, 1139, 698, 7886.33, 20857, 20189
1694976130, 0, 0, 29, 0, 0, 8147.27, 3, 0, 0, 0.63, 1143, 700, 7886.33, 20857, 20189
1694976131, 0, 0, 29, 0, 0, 8147.27, 3, 0, 0, 16.67, 1146, 702, 7886.33, 20857, 20189
1694976139, 0, 0, 29, 0, 0, 8147.27, 3, 0, 0, 0.12, 1147, 702, 7886.33, 20857, 20189
1694976147, 0, 0, 29, 0, 0, 8147.27, 3, 0, 0, 0.80, 1150, 705, 7886.33, 20857, 20189
1694976157, 0, 0, 29, 0, 0, 8147.27, 3, 0, 0, 0.29, 1152, 706, 7886.33, 20857, 20189
1694976157, 0, 0, 29, 0, 0, 8147.27, 3, 0, 0, 2.88, 1153, 706, 7886.33, 20857, 20189
1694976157, 0, 0, 29, 0, 0, 8147.27, 3, 0, 0, 22.92, 1159, 708, 7886.33, 20857, 20189
1694976167, 0, 0, 29, 0, 0, 8147.27, 3, 0, 0, 0.32, 1161, 709, 7886.33, 20857, 20189
1694976175, 0, 0, 29, 0, 0, 8147.27, 3, 0, 0, 0.12, 1162, 709, 7886.33, 20857, 20189
1694976183, 0, 0, 29, 0, 0, 8147.27, 3, 0, 0, 0.92, 1167, 711, 7886.33, 20857, 20189
1694976189, 0, 0, 29, 0, 0, 8147.27, 3, 0, 0, 1.04, 1170, 714, 7886.33, 20857, 20189
1694976216, 0, 0, 29, 0, 0, 8147.27, 3, 0, 0, 0.11, 1172, 715, 7886.33, 20857, 20189
1694976217, 0, 0, 29, 0, 0, 8147.27, 3, 0, 0, 25.72, 1177, 718, 7886.33, 20857, 20189
1694976217, 0, 0, 29, 0, 0, 8147.27, 3, 0, 0, 14.45, 1179, 721, 7886.33, 20857, 20189
1694976217, 0, 0, 29, 0, 0, 8147.27, 3, 0, 0, 13.77, 1180, 725, 7886.33, 20857, 20189
1694976218, 0, 0, 29, 0, 0, 8147.27, 3, 0, 0, 15.53, 1183, 727, 7886.33, 20857, 20189
1694976218, 0, 0, 29, 0, 0, 8147.27, 3, 0, 0, 19.80, 1188, 728, 7886.33, 20857, 20189
1694976218, 0, 0, 29, 0, 0, 8147.27, 3, 0, 0, 19.34, 1191, 732, 7886.33, 20857, 20189
1694976228, 0, 0, 29, 0, 0, 8147.27, 3, 0, 0, 0.11, 1192, 732, 7886.33, 20857, 20189
1694976228, 0, 0, 29, 0, 0, 8147.27, 3, 0, 0, 2.79, 1193, 732, 7886.33, 20857, 20189
1694976234, 0, 0, 29, 0, 0, 8147.27, 3, 0, 0, 0.77, 1198, 732, 7886.33, 20857, 20189
1694976235, 0, 0, 29, 0, 0, 8147.27, 3, 0, 0, 24.77, 1204, 734, 7886.33, 20857, 20189
1694976242, 0, 0, 29, 0, 0, 8147.27, 3, 0, 0, 0.14, 1204, 735, 7886.33, 20857, 20189
1694976242, 0, 0, 29, 0, 0, 8147.27, 3, 0, 0, 10.20, 1207, 736, 7886.33, 20857, 20189
1694976242, 0, 0, 29, 0, 0, 8147.27, 3, 0, 0, 13.20, 1209, 738, 7886.33, 20857, 20189
1694976251, 0, 0, 29, 0, 0, 8147.27, 3, 0, 0, 0.22, 1210, 739, 7886.33, 20857, 20189
1694976260, 0, 0, 29, 0, 0, 8147.27, 3, 0, 0, 0.12, 1211, 739, 7886.33, 20857, 20189
1694976260, 0, 0, 29, 0, 0, 8147.27, 3, 0, 0, 13.25, 1213, 741, 7886.33, 20857, 20189
1694976260, 0, 0, 29, 0, 0, 8147.27, 3, 0, 0, 16.26, 1215, 745, 7886.33, 20857, 20189
1694976261, 0, 0, 29, 0, 0, 8147.27, 3, 0, 0, 15.58, 1217, 749, 7886.33, 20857, 20189
1694976268, 0, 0, 29, 0, 0, 8147.27, 3, 0, 0, 0.38, 1219, 750, 7886.33, 20857, 20189
1694976274, 0, 0, 29, 0, 0, 8147.27, 3, 0, 0, 0.68, 1220, 753, 7886.33, 20857, 20189
1694976275, 0, 0, 29, 0, 0, 8147.27, 3, 0, 0, 15.15, 1223, 755, 7886.33, 20857, 20189
1694976275, 0, 0, 29, 0, 0, 8147.27, 3, 0, 0, 21.34, 1228, 757, 7886.33, 20857, 20189
1694976282, 0, 0, 29, 0, 0, 8147.27, 3, 0, 0, 0.14, 1229, 757, 7886.33, 20857, 20189
1694976290, 0, 0, 29, 0, 0, 8147.27, 3, 0, 0, 0.54, 1231, 759, 7886.33, 20857, 20189
1694976305, 0, 0, 29, 0, 0, 8147.27, 3, 0, 0, 0.33, 1234, 761, 7886.33, 20857, 20189
1694976313, 0, 0, 29, 0, 0, 8147.27, 3, 0, 0, 0.38, 1235, 763, 7886.33, 20857, 20189
1694976323, 0, 0, 29, 0, 0, 8147.27, 3, 0, 0, 0.20, 1237, 763, 7886.33, 20857, 20189
1694976332, 0, 0, 29, 0, 0, 8147.27, 3, 0, 0, 0.21, 1239, 763, 7886.33, 20857, 20189
1694976340, 0, 0, 29, 0, 0, 8147.27, 3, 0, 0, 0.60, 1242, 765, 7886.33, 20857, 20189
1694976348, 0, 0, 29, 0, 0, 8147.27, 3, 0, 0, 0.38, 1245, 765, 7886.33, 20857, 20189
1694976349, 0, 0, 29, 0, 0, 8147.27, 3, 0, 0, 16.00, 1248, 768, 7886.33, 20857, 20189
1694976354, 0, 0, 29, 0, 0, 8147.27, 3, 0, 0, 0.90, 1251, 770, 7886.33, 20857, 20189
1694976361, 0, 0, 29, 0, 0, 8147.27, 3, 0, 0, 0.28, 1253, 770, 7886.33, 20857, 20189
1694976362, 0, 0, 29, 0, 0, 8147.27, 3, 0, 0, 11.94, 1257, 770, 7886.33, 20857, 20189
1694976362, 0, 0, 29, 0, 0, 8147.27, 3, 0, 0, 12.50, 1261, 770, 7886.33, 20857, 20189
1694976362, 0, 0, 29, 0, 0, 8147.27, 3, 0, 0, 7.77, 1264, 770, 7886.33, 20857, 20189
1694976363, 0, 0, 29, 0, 0, 8147.27, 3, 0, 0, 6.33, 1265, 771, 7886.33, 20857, 20189
1694976371, 0, 0, 29, 0, 0, 8147.27, 3, 0, 0, 0.24, 1266, 772, 7886.33, 20857, 20189
1694976371, 0, 0, 29, 0, 0, 8147.27, 3, 0, 0, 16.13, 1269, 774, 7886.33, 20857, 20189
1694976380, 0, 0, 29, 0, 0, 8147.27, 3, 0, 0, 0.45, 1271, 776, 7886.33, 20857, 20189
1694976393, 0, 0, 29, 0, 0, 8147.27, 3, 0, 0, 0.08, 1272, 776, 7886.33, 20857, 20189
1694976394, 0, 0, 29, 0, 0, 8147.27, 3, 0, 0, 15.20, 1275, 778, 7886.33, 20857, 20189
1694976403, 0, 0, 29, 0, 0, 8147.27, 3, 0, 0, 0.11, 1276, 778, 7886.33, 20857, 20189
1694976414, 0, 0, 29, 0, 0, 8147.27, 3, 0, 0, 0.43, 1278, 781, 7886.33, 20857, 20189
1694976415, 0, 0, 29, 0, 0, 8147.27, 3, 0, 0, 15.43, 1282, 782, 7886.33, 20857, 20189
1694976415, 0, 0, 29, 0, 0, 8147.27, 3, 0, 0, 12.66, 1283, 785, 7886.33, 20857, 20189
1694976423, 0, 0, 29, 0, 0, 8147.27, 3, 0, 0, 0.73, 1285, 789, 7886.33, 20857, 20189
1694976431, 0, 0, 29, 0, 0, 8147.27, 3, 0, 0, 0.12, 1286, 789, 7886.33, 20857, 20189
1694976432, 0, 0, 29, 0, 0, 8147.27, 3, 0, 0, 11.43, 1290, 789, 7886.33, 20857, 20189
1694976443, 0, 0, 29, 0, 0, 8147.27, 3, 0, 0, 0.35, 1292, 791, 7886.33, 20857, 20189
1694976443, 0, 0, 29, 0, 0, 8147.27, 3, 0, 0, 7.79, 1293, 793, 7886.33, 20857, 20189
1694976444, 0, 0, 29, 0, 0, 8147.27, 3, 0, 0, 16.95, 1294, 798, 7886.33, 20857, 20189
1694976444, 0, 0, 29, 0, 0, 8147.27, 3, 0, 0, 4.98, 1296, 799, 7886.33, 20857, 20189
1694976445, 0, 0, 29, 0, 0, 8147.27, 3, 0, 0, 13.20, 1299, 800, 7886.33, 20857, 20189
1694976445, 0, 0, 29, 0, 0, 8147.27, 3, 0, 0, 11.36, 1303, 801, 7886.33, 20857, 20189
1694976455, 0, 0, 29, 0, 0, 8147.27, 3, 0, 0, 0.10, 1304, 801, 7886.33, 20857, 20189
1694976456, 0, 0, 29, 0, 0, 8147.27, 3, 0, 0, 11.76, 1307, 804, 7886.33, 20857, 20189
1694976456, 0, 0, 29, 0, 0, 8147.27, 3, 0, 0, 11.73, 1309, 806, 7886.33, 20857, 20189
1694976456, 0, 0, 29, 0, 0, 8147.27, 3, 0, 0, 7.59, 1312, 806, 7886.33, 20857, 20189
1694976457, 0, 0, 29, 0, 0, 8147.27, 3, 0, 0, 11.56, 1315, 807, 7886.33, 20857, 20189
1694976457, 0, 0, 29, 0, 0, 8147.27, 3, 0, 0, 11.98, 1318, 808, 7886.33, 20857, 20189
1694976457, 0, 0, 29, 0, 0, 8147.27, 3, 0, 0, 15.58, 1321, 810, 7886.33, 20857, 20189
1694976494, 0, 0, 29, 0, 0, 8147.27, 3, 0, 0, 0.03, 1322, 810, 7886.33, 20857, 20189
1694976494, 0, 0, 29, 0, 0, 8147.27, 3, 0, 0, 17.49, 1324, 814, 7886.33, 20857, 20189
1694976495, 0, 0, 29, 0, 0, 8147.27, 3, 0, 0, 11.46, 1326, 816, 7886.33, 20857, 20189
1694976504, 0, 0, 29, 0, 0, 8147.27, 3, 0, 0, 0.34, 1329, 816, 7886.33, 20857, 20189
1694976513, 0, 0, 29, 0, 0, 8147.27, 3, 0, 0, 0.11, 1330, 816, 7886.33, 20857, 20189
1694976521, 0, 0, 29, 0, 0, 8147.27, 3, 0, 0, 0.52, 1332, 818, 7886.33, 20857, 20189
1694976521, 0, 0, 29, 0, 0, 8147.27, 3, 0, 0, 13.29, 1336, 818, 7886.33, 20857, 20189
1694976528, 0, 0, 29, 0, 0, 8147.27, 3, 0, 0, 0.29, 1338, 818, 7886.33, 20857, 20189
1694976528, 0, 0, 29, 0, 0, 8147.27, 3, 0, 0, 8.80, 1339, 820, 7886.33, 20857, 20189
1694976536, 0, 0, 29, 0, 0, 8147.27, 3, 0, 0, 0.28, 1340, 821, 7886.33, 20857, 20189
1694976536, 0, 0, 29, 0, 0, 8147.27, 3, 0, 0, 19.17, 1344, 823, 7886.33, 20857, 20189
1694976536, 0, 0, 29, 0, 0, 8147.27, 3, 0, 0, 12.63, 1346, 826, 7886.33, 20857, 20189
1694976537, 0, 0, 29, 0, 0, 8147.27, 3, 0, 0, 12.44, 1348, 829, 7886.33, 20857, 20189
1694976537, 0, 0, 29, 0, 0, 8147.27, 3, 0, 0, 16.62, 1352, 831, 7886.33, 20857, 20189
1694976537, 0, 0, 29, 0, 0, 8147.27, 3, 0, 0, 11.59, 1356, 831, 7886.33, 20857, 20189
1694976538, 0, 0, 29, 0, 0, 8147.27, 3, 0, 0, 12.31, 1360, 831, 7886.33, 20857, 20189
1694976545, 0, 0, 29, 0, 0, 8147.27, 3, 0, 0, 0.53, 1362, 833, 7886.33, 20857, 20189
1694976557, 0, 0, 29, 0, 0, 8147.27, 3, 0, 0, 0.25, 1364, 834, 7886.33, 20857, 20189
1694976558, 0, 0, 29, 0, 0, 8147.27, 3, 0, 0, 8.79, 1368, 834, 7886.33, 20857, 20189
1694976571, 0, 0, 29, 0, 0, 8147.27, 3, 0, 0, 0.14, 1369, 835, 7886.33, 20857, 20189
1694976572, 0, 0, 29, 0, 0, 8147.27, 3, 0, 0, 13.20, 1372, 836, 7886.33, 20857, 20189
1694976572, 0, 0, 29, 0, 0, 8147.27, 3, 0, 0, 11.66, 1374, 838, 7886.33, 20857, 20189
1694976572, 0, 0, 29, 0, 0, 8147.27, 3, 0, 0, 5.41, 1375, 839, 7886.33, 20857, 20189
1694976573, 0, 0, 29, 0, 0, 8147.27, 3, 0, 0, 14.88, 1377, 842, 7886.33, 20857, 20189
1694976573, 0, 0, 29, 0, 0, 8147.27, 3, 0, 0, 12.66, 1381, 843, 7886.33, 20857, 20189
1694976581, 0, 0, 29, 0, 0, 8147.27, 3, 0, 0, 0.12, 1382, 843, 7886.33, 20857, 20189
1694976582, 0, 0, 29, 0, 0, 8147.27, 3, 0, 0, 6.43, 1383, 844, 7886.33, 20857, 20189
1694976582, 0, 0, 29, 0, 0, 8147.27, 3, 0, 0, 14.20, 1384, 848, 7886.33, 20857, 20189
1694976592, 0, 0, 29, 0, 0, 8147.27, 3, 0, 0, 0.21, 1385, 849, 7886.33, 20857, 20189
1694976598, 0, 0, 29, 0, 0, 8147.27, 3, 0, 0, 0.58, 1387, 851, 7886.33, 20857, 20189
1694976599, 0, 0, 29, 0, 0, 8147.27, 3, 0, 0, 9.29, 1389, 852, 7886.33, 20857, 20189
1694976599, 0, 0, 29, 0, 0, 8147.27, 3, 0, 0, 13.33, 1392, 854, 7886.33, 20857, 20189
1694976599, 0, 0, 29, 0, 0, 8147.27, 3, 0, 0, 16.23, 1394, 857, 7886.33, 20857, 20189
1694976608, 0, 0, 29, 0, 0, 8147.27, 3, 0, 0, 0.12, 1395, 857, 7886.33, 20857, 20189
1694976620, 0, 0, 29, 0, 0, 8147.27, 3, 0, 0, 0.33, 1397, 859, 7886.33, 20857, 20189
1694976621, 0, 0, 29, 0, 0, 8147.27, 3, 0, 0, 6.25, 1398, 862, 7886.33, 20857, 20189
1694976621, 0, 0, 29, 0, 0, 8147.27, 3, 0, 0, 9.35, 1400, 863, 7886.33, 20857, 20189
1694976629, 0, 0, 29, 0, 0, 8147.27, 3, 0, 0, 0.13, 1401, 863, 7886.33, 20857, 20189
1694976629, 0, 0, 29, 0, 0, 8147.27, 3, 0, 0, 8.40, 1403, 864, 7886.33, 20857, 20189
1694976637, 0, 0, 29, 0, 0, 8147.27, 3, 0, 0, 0.39, 1405, 865, 7886.33, 20857, 20189
1694976637, 0, 0, 29, 0, 0, 8147.27, 3, 0, 0, 9.04, 1408, 865, 7886.33, 20857, 20189
1694976637, 0, 0, 29, 0, 0, 8147.27, 3, 0, 0, 8.40, 1409, 867, 7886.33, 20857, 20189
1694976638, 0, 0, 29, 0, 0, 8147.27, 3, 0, 0, 16.67, 1410, 871, 7886.33, 20857, 20189
1694976648, 0, 0, 29, 0, 0, 8147.27, 3, 0, 0, 0.50, 1414, 872, 7886.33, 20857, 20189
1694976648, 0, 0, 29, 0, 0, 8147.27, 3, 0, 0, 5.04, 1414, 874, 7886.33, 20857, 20189
1694976649, 0, 0, 29, 0, 0, 8147.27, 3, 0, 0, 7.41, 1416, 875, 7886.33, 20857, 20189
1694976649, 0, 0, 29, 0, 0, 8147.27, 3, 0, 0, 7.32, 1419, 875, 7886.33, 20857, 20189
1694976658, 0, 0, 29, 0, 0, 8147.27, 3, 0, 0, 0.56, 1423, 876, 7886.33, 20857, 20189
1694976667, 0, 0, 29, 0, 0, 8147.27, 3, 0, 0, 0.32, 1425, 877, 7886.33, 20857, 20189
1694976675, 0, 0, 29, 0, 0, 8147.27, 3, 0, 0, 0.28, 1427, 877, 7886.33, 20857, 20189
1694976675, 0, 0, 29, 0, 0, 8147.27, 3, 0, 0, 9.78, 1429, 879, 7886.33, 20857, 20189
1694976675, 0, 0, 29, 0, 0, 8147.27, 3, 0, 0, 15.02, 1434, 879, 7886.33, 20857, 20189
1694976676, 0, 0, 29, 0, 0, 8147.27, 3, 0, 0, 9.65, 1435, 881, 7886.33, 20857, 20189
1694976676, 0, 0, 29, 0, 0, 8147.27, 3, 0, 0, 13.62, 1438, 883, 7886.33, 20857, 20189
1694976676, 0, 0, 29, 0, 0, 8147.27, 3, 0, 0, 13.44, 1438, 888, 7886.33, 20857, 20189
1694976684, 0, 0, 29, 0, 0, 8147.27, 3, 0, 0, 0.62, 1440, 891, 7886.33, 20857, 20189
1694976693, 0, 0, 29, 0, 0, 8147.27, 3, 0, 0, 0.11, 1441, 891, 7886.33, 20857, 20189
1694976694, 0, 0, 29, 0, 0, 8147.27, 3, 0, 0, 6.43, 1442, 892, 7886.33, 20857, 20189
1694976700, 0, 0, 29, 0, 0, 8147.27, 3, 0, 0, 0.80, 1443, 896, 7886.33, 20857, 20189
1694976713, 0, 0, 29, 0, 0, 8147.27, 3, 0, 0, 0.08, 1444, 896, 7886.33, 20857, 20189
1694976713, 0, 0, 29, 0, 0, 8147.27, 3, 0, 0, 10.75, 1446, 898, 7886.33, 20857, 20189
1694976714, 0, 0, 29, 0, 0, 8147.27, 3, 0, 0, 2.22, 1447, 898, 7886.33, 20857, 20189
1694976714, 0, 0, 29, 0, 0, 8147.27, 3, 0, 0, 11.59, 1449, 900, 7886.33, 20857, 20189
1694976714, 0, 0, 29, 0, 0, 8147.27, 3, 0, 0, 7.52, 1450, 902, 7886.33, 20857, 20189
1694976715, 0, 0, 29, 0, 0, 8147.27, 3, 0, 0, 7.19, 1454, 902, 7886.33, 20857, 20189
1694976715, 0, 0, 29, 0, 0, 8147.27, 3, 0, 0, 14.58, 1457, 904, 7886.33, 20857, 20189
1694976731, 0, 0, 29, 0, 0, 8147.27, 3, 0, 0, 0.13, 1459, 904, 7886.33, 20857, 20189
1694976731, 0, 0, 29, 0, 0, 8147.27, 3, 0, 0, 9.97, 1462, 904, 7886.33, 20857, 20189
1694976732, 0, 0, 29, 0, 0, 8147.27, 3, 0, 0, 14.75, 1465, 906, 7886.33, 20857, 20189
1694976732, 0, 0, 29, 0, 0, 8147.27, 3, 0, 0, 11.20, 1468, 907, 7886.33, 20857, 20189
1694976732, 0, 0, 29, 0, 0, 8147.27, 3, 0, 0, 16.03, 1468, 912, 7886.33, 20857, 20189
1694976740, 0, 0, 29, 0, 0, 8147.27, 3, 0, 0, 0.28, 1470, 912, 7886.33, 20857, 20189
1694976740, 0, 0, 29, 0, 0, 8147.27, 3, 0, 0, 6.85, 1473, 912, 7886.33, 20857, 20189
1694976740, 0, 0, 29, 0, 0, 8147.27, 3, 0, 0, 13.30, 1477, 913, 7886.33, 20857, 20189
1694976741, 0, 0, 29, 0, 0, 8147.27, 3, 0, 0, 16.30, 1479, 917, 7886.33, 20857, 20189
1694976748, 0, 0, 29, 0, 0, 8147.27, 3, 0, 0, 0.13, 1480, 917, 7886.33, 20857, 20189
1694976754, 0, 0, 29, 0, 0, 8147.27, 3, 0, 0, 0.32, 1482, 917, 7886.33, 20857, 20189
1694976755, 0, 0, 29, 0, 0, 8147.27, 3, 0, 0, 9.95, 1483, 920, 7886.33, 20857, 20189
1694976755, 0, 0, 29, 0, 0, 8147.27, 3, 0, 0, 10.58, 1487, 920, 7886.33, 20857, 20189
1694976756, 0, 0, 29, 0, 0, 8147.27, 3, 0, 0, 12.12, 1488, 923, 7886.33, 20857, 20189
1694976756, 0, 0, 29, 0, 0, 8147.27, 3, 0, 0, 15.63, 1493, 924, 7886.33, 20857, 20189
1694976764, 0, 0, 29, 0, 0, 8147.27, 3, 0, 0, 0.26, 1495, 924, 7886.33, 20857, 20189
1694976764, 0, 0, 29, 0, 0, 8147.27, 3, 0, 0, 13.20, 1496, 927, 7886.33, 20857, 20189
1694976764, 0, 0, 29, 0, 0, 8147.27, 3, 0, 0, 8.52, 1498, 928, 7886.33, 20857, 20189
1694976765, 0, 0, 29, 0, 0, 8147.27, 3, 0, 0, 4.34, 1501, 928, 7886.33, 20857, 20189
1694976765, 0, 0, 29, 0, 0, 8147.27, 3, 0, 0, 12.16, 1503, 930, 7886.33, 20857, 20189
1694976772, 0, 0, 29, 0, 0, 8147.27, 3, 0, 0, 0.44, 1506, 930, 7886.33, 20857, 20189
1694976773, 0, 0, 29, 0, 0, 8147.27, 3, 0, 0, 12.35, 1506, 934, 7886.33, 20857, 20189
1694976773, 0, 0, 29, 0, 0, 8147.27, 3, 0, 0, 9.65, 1507, 936, 7886.33, 20857, 20189
1694976781, 0, 0, 29, 0, 0, 8147.27, 3, 0, 0, 0.64, 1510, 938, 7886.33, 20857, 20189
1694976781, 0, 0, 29, 0, 0, 8147.27, 3, 0, 0, 12.99, 1512, 940, 7886.33, 20857, 20189
1694976794, 0, 0, 29, 0, 0, 8147.27, 3, 0, 0, 0.08, 1513, 940, 7886.33, 20857, 20189
1694976794, 0, 0, 29, 0, 0, 8147.27, 3, 0, 0, 5.41, 1515, 940, 7886.33, 20857, 20189
1694976794, 0, 0, 29, 0, 0, 8147.27, 3, 0, 0, 9.65, 1517, 941, 7886.33, 20857, 20189
1694976803, 0, 0, 29, 0, 0, 8147.27, 3, 0, 0, 0.22, 1519, 941, 7886.33, 20857, 20189
1694976804, 0, 0, 29, 0, 0, 8147.27, 3, 0, 0, 7.98, 1519, 944, 7886.33, 20857, 20189
1694976804, 0, 0, 29, 0, 0, 8147.27, 3, 0, 0, 13.30, 1523, 945, 7886.33, 20857, 20189
1694976805, 0, 0, 29, 0, 0, 8147.27, 3, 0, 0, 10.81, 1525, 947, 7886.33, 20857, 20189
1694976819, 0, 0, 29, 0, 0, 8147.27, 3, 0, 0, 0.07, 1526, 947, 7886.33, 20857, 20189
1694976819, 0, 0, 29, 0, 0, 8147.27, 3, 0, 0, 4.80, 1527, 948, 7886.33, 20857, 20189
1694976820, 0, 0, 29, 0, 0, 8147.27, 3, 0, 0, 11.02, 1529, 950, 7886.33, 20857, 20189
1694976826, 0, 0, 29, 0, 0, 8147.27, 3, 0, 0, 0.34, 1530, 951, 7886.33, 20857, 20189
1694976826, 0, 0, 29, 0, 0, 8147.27, 3, 0, 0, 3.62, 1532, 951, 7886.33, 20857, 20189
1694976826, 0, 0, 29, 0, 0, 8147.27, 3, 0, 0, 15.58, 1535, 953, 7886.33, 20857, 20189
1694976827, 0, 0, 29, 0, 0, 8147.27, 3, 0, 0, 9.59, 1538, 954, 7886.33, 20857, 20189
1694976827, 0, 0, 29, 0, 0, 8147.27, 3, 0, 0, 15.63, 1543, 954, 7886.33, 20857, 20189
1694976828, 0, 0, 29, 0, 0, 8147.27, 3, 0, 0, 8.22, 1544, 956, 7886.33, 20857, 20189
1694976828, 0, 0, 29, 0, 0, 8147.27, 3, 0, 0, 12.20, 1547, 958, 7886.33, 20857, 20189
1694976828, 0, 0, 29, 0, 0, 8147.27, 3, 0, 0, 15.82, 1551, 959, 7886.33, 20857, 20189
1694976829, 0, 0, 29, 0, 0, 8147.27, 3, 0, 0, 5.49, 1552, 960, 7886.33, 20857, 20189
1694976829, 0, 0, 29, 0, 0, 8147.27, 3, 0, 0, 6.60, 1553, 961, 7886.33, 20857, 20189
1694976829, 0, 0, 29, 0, 0, 8147.27, 3, 0, 0, 3.10, 1554, 961, 7886.33, 20857, 20189
1694976830, 0, 0, 29, 0, 0, 8147.27, 3, 0, 0, 8.93, 1556, 963, 7886.33, 20857, 20189
1694976837, 0, 0, 29, 0, 0, 8147.27, 3, 0, 0, 0.13, 1557, 963, 7886.33, 20857, 20189
1694976847, 0, 0, 29, 0, 0, 8147.27, 3, 0, 0, 0.11, 1558, 963, 7886.33, 20857, 20189
1694976874, 0, 0, 29, 0, 0, 8147.27, 3, 0, 0, 0.15, 1561, 964, 7886.33, 20857, 20189
1694976874, 0, 0, 29, 0, 0, 8147.27, 3, 0, 0, 4.69, 1562, 965, 7886.33, 20857, 20189
1694976875, 0, 0, 29, 0, 0, 8147.27, 3, 0, 0, 8.99, 1565, 966, 7886.33, 20857, 20189
1694976887, 0, 0, 29, 0, 0, 8147.27, 3, 0, 0, 0.08, 1566, 966, 7886.33, 20857, 20189
1694976888, 0, 0, 29, 0, 0, 8147.27, 3, 0, 0, 13.25, 1566, 970, 7886.33, 20857, 20189
1694976888, 0, 0, 29, 0, 0, 8147.27, 3, 0, 0, 15.97, 1569, 972, 7886.33, 20857, 20189
1694976888, 0, 0, 29, 0, 0, 8147.27, 3, 0, 0, 27.19, 1571, 979, 7886.33, 20857, 20189
1694976895, 0, 0, 29, 0, 0, 8147.27, 3, 0, 0, 0.70, 1575, 980, 7886.33, 20857, 20189
1694976896, 0, 0, 29, 0, 0, 8147.27, 3, 0, 0, 8.55, 1577, 981, 7886.33, 20857, 20189
1694976896, 0, 0, 29, 0, 0, 8147.27, 3, 0, 0, 10.35, 1579, 984, 7886.33, 20857, 20189
1694976910, 0, 0, 29, 0, 0, 8147.27, 3, 0, 0, 0.29, 1582, 985, 7886.33, 20857, 20189
1694976910, 0, 0, 29, 0, 0, 8147.27, 3, 0, 0, 5.45, 1584, 985, 7886.33, 20857, 20189
1694976911, 0, 0, 29, 0, 0, 8147.27, 3, 0, 0, 15.29, 1589, 985, 7886.33, 20857, 20189
1694976911, 0, 0, 29, 0, 0, 8147.27, 3, 0, 0, 9.58, 1590, 987, 7886.33, 20857, 20189
1694976911, 0, 0, 29, 0, 0, 8147.27, 3, 0, 0, 10.96, 1592, 989, 7886.33, 20857, 20189
1694976922, 0, 0, 29, 0, 0, 8147.27, 3, 0, 0, 0.09, 1592, 990, 7886.33, 20857, 20189
1694976992, 0, 0, 29, 0, 0, 8147.27, 3, 0, 0, 0.06, 1594, 992, 7886.33, 20857, 20189
1694976999, 0, 0, 29, 0, 0, 8147.27, 3, 0, 0, 0.29, 1596, 992, 7886.33, 20857, 20189
1694976999, 0, 0, 29, 0, 0, 8147.27, 3, 0, 0, 8.55, 1598, 993, 7886.33, 20857, 20189
1694976999, 0, 0, 29, 0, 0, 8147.27, 3, 0, 0, 3.73, 1600, 993, 7886.33, 20857, 20189
1694977000, 0, 0, 29, 0, 0, 8147.27, 3, 0, 0, 5.31, 1601, 994, 7886.33, 20857, 20189
1694977007, 0, 0, 29, 0, 0, 8147.27, 3, 0, 0, 0.15, 1602, 994, 7886.33, 20857, 20189
1694977014, 0, 0, 29, 0, 0, 8147.27, 3, 0, 0, 0.13, 1603, 994, 7886.33, 20857, 20189
1694977022, 0, 0, 29, 0, 0, 8147.27, 3, 0, 0, 0.26, 1605, 994, 7886.33, 20857, 20189
1694977023, 0, 0, 29, 0, 0, 8147.27, 3, 0, 0, 8.33, 1607, 995, 7886.33, 20857, 20189
1694977023, 0, 0, 29, 0, 0, 8147.27, 3, 0, 0, 8.58, 1610, 996, 7886.33, 20857, 20189
1694977024, 0, 0, 29, 0, 0, 8147.27, 3, 0, 0, 8.58, 1610, 1000, 7886.33, 20857, 20189
1694977024, 0, 0, 29, 0, 0, 8147.27, 3, 0, 0, 7.83, 1613, 1000, 7886.33, 20857, 20189
1694977024, 0, 0, 29, 0, 0, 8147.27, 3, 0, 0, 6.04, 1614, 1001, 7886.33, 20857, 20189
1694977025, 0, 0, 29, 0, 0, 8147.27, 3, 0, 0, 6.41, 1615, 1002, 7886.33, 20857, 20189
1694977034, 0, 0, 29, 0, 0, 8147.27, 3, 0, 0, 0.22, 1617, 1002, 7886.33, 20857, 20189
1694977045, 0, 0, 29, 0, 0, 8147.27, 3, 0, 0, 0.09, 1618, 1002, 7886.33, 20857, 20189
1694977046, 0, 0, 29, 0, 0, 8147.27, 3, 0, 0, 12.20, 1621, 1003, 7886.33, 20857, 20189
1694977054, 0, 0, 29, 0, 0, 8147.27, 3, 0, 0, 0.23, 1622, 1004, 7886.33, 20857, 20189
1694977055, 0, 0, 29, 0, 0, 8147.27, 3, 0, 0, 10.67, 1625, 1005, 7886.33, 20857, 20189
1694977070, 0, 0, 29, 0, 0, 8147.27, 3, 0, 0, 0.20, 1628, 1005, 7886.33, 20857, 20189
1694977070, 0, 0, 29, 0, 0, 8147.27, 3, 0, 0, 12.11, 1630, 1008, 7886.33, 20857, 20189
1694977071, 0, 0, 29, 0, 0, 8147.27, 3, 0, 0, 5.46, 1631, 1009, 7886.33, 20857, 20189
1694977071, 0, 0, 29, 0, 0, 8147.27, 3, 0, 0, 8.90, 1633, 1010, 7886.33, 20857, 20189
1694977072, 0, 0, 29, 0, 0, 8147.27, 3, 0, 0, 8.45, 1636, 1010, 7886.33, 20857, 20189
1694977072, 0, 0, 29, 0, 0, 8147.27, 3, 0, 0, 2.54, 1637, 1010, 7886.33, 20857, 20189
1694977081, 0, 0, 29, 0, 0, 8147.27, 3, 0, 0, 0.21, 1639, 1010, 7886.33, 20857, 20189
1694977082, 0, 0, 29, 0, 0, 8147.27, 3, 0, 0, 6.30, 1640, 1012, 7886.33, 20857, 20189
1694977096, 0, 0, 29, 0, 0, 8147.27, 3, 0, 0, 0.22, 1642, 1013, 7886.33, 20857, 20189
1694977096, 0, 0, 29, 0, 0, 8147.27, 3, 0, 0, 9.49, 1643, 1015, 7886.33, 20857, 20189
1694977096, 0, 0, 29, 0, 0, 8147.27, 3, 0, 0, 7.83, 1646, 1015, 7886.33, 20857, 20189
1694977097, 0, 0, 29, 0, 0, 8147.27, 3, 0, 0, 25.89, 1650, 1019, 7886.33, 20857, 20189
1694977097, 0, 0, 29, 0, 0, 8147.27, 3, 0, 0, 10.55, 1652, 1021, 7886.33, 20857, 20189
1694977103, 0, 0, 29, 0, 0, 8147.27, 3, 0, 0, 0.15, 1653, 1021, 7886.33, 20857, 20189
1694977104, 0, 0, 29, 0, 0, 8147.27, 3, 0, 0, 4.95, 1653, 1023, 7886.33, 20857, 20189
1694977104, 0, 0, 29, 0, 0, 8147.27, 3, 0, 0, 8.72, 1656, 1023, 7886.33, 20857, 20189
1694977105, 0, 0, 29, 0, 0, 8147.27, 3, 0, 0, 15.58, 1659, 1025, 7886.33, 20857, 20189
1694977114, 0, 0, 29, 0, 0, 8147.27, 3, 0, 0, 0.22, 1660, 1026, 7886.33, 20857, 20189
1694977114, 0, 0, 29, 0, 0, 8147.27, 3, 0, 0, 4.71, 1662, 1026, 7886.33, 20857, 20189
1694977115, 0, 0, 29, 0, 0, 8147.27, 3, 0, 0, 12.72, 1665, 1028, 7886.33, 20857, 20189
1694977115, 0, 0, 29, 0, 0, 8147.27, 3, 0, 0, 6.98, 1667, 1029, 7886.33, 20857, 20189
1694977123, 0, 0, 29, 0, 0, 8147.27, 3, 0, 0, 0.38, 1670, 1029, 7886.33, 20857, 20189
1694977123, 0, 0, 29, 0, 0, 8147.27, 3, 0, 0, 9.93, 1671, 1031, 7886.33, 20857, 20189
1694977131, 0, 0, 29, 0, 0, 8147.27, 3, 0, 0, 0.12, 1672, 1031, 7886.33, 20857, 20189
1694977132, 0, 0, 29, 0, 0, 8147.27, 3, 0, 0, 6.06, 1673, 1032, 7886.33, 20857, 20189
1694977142, 0, 0, 29, 0, 0, 8147.27, 3, 0, 0, 0.19, 1675, 1032, 7886.33, 20857, 20189
1694977142, 0, 0, 29, 0, 0, 8147.27, 3, 0, 0, 3.01, 1676, 1032, 7886.33, 20857, 20189
1694977153, 0, 0, 29, 0, 0, 8147.27, 3, 0, 0, 0.39, 1680, 1032, 7886.33, 20857, 20189
1694977153, 0, 0, 29, 0, 0, 8147.27, 3, 0, 0, 12.16, 1682, 1034, 7886.33, 20857, 20189
1694977153, 0, 0, 29, 0, 0, 8147.27, 3, 0, 0, 11.70, 1683, 1037, 7886.33, 20857, 20189
1694977154, 0, 0, 29, 0, 0, 8147.27, 3, 0, 0, 6.30, 1686, 1037, 7886.33, 20857, 20189
1694977154, 0, 0, 29, 0, 0, 8147.27, 3, 0, 0, 9.22, 1689, 1038, 7886.33, 20857, 20189
1694977155, 0, 0, 29, 0, 0, 8147.27, 3, 0, 0, 5.76, 1691, 1038, 7886.33, 20857, 20189
1694977164, 0, 0, 29, 0, 0, 8147.27, 3, 0, 0, 0.11, 1692, 1038, 7886.33, 20857, 20189
1694977171, 0, 0, 29, 0, 0, 8147.27, 3, 0, 0, 0.28, 1694, 1038, 7886.33, 20857, 20189
1694977181, 0, 0, 29, 0, 0, 8147.27, 3, 0, 0, 0.48, 1697, 1040, 7886.33, 20857, 20189
1694977182, 0, 0, 29, 0, 0, 8147.27, 3, 0, 0, 5.41, 1698, 1041, 7886.33, 20857, 20189
1694977182, 0, 0, 29, 0, 0, 8147.27, 3, 0, 0, 8.57, 1699, 1043, 7886.33, 20857, 20189
1694977182, 0, 0, 29, 0, 0, 8147.27, 3, 0, 0, 6.01, 1700, 1044, 7886.33, 20857, 20189
1694977191, 0, 0, 29, 0, 0, 8147.27, 3, 0, 0, 0.22, 1701, 1045, 7886.33, 20857, 20189
1694977192, 0, 0, 29, 0, 0, 8147.27, 3, 0, 0, 12.70, 1703, 1047, 7886.33, 20857, 20189
1694977192, 0, 0, 29, 0, 0, 8147.27, 3, 0, 0, 6.67, 1705, 1047, 7886.33, 20857, 20189
1694977192, 0, 0, 29, 0, 0, 8147.27, 3, 0, 0, 7.50, 1707, 1048, 7886.33, 20857, 20189
1694977193, 0, 0, 29, 0, 0, 8147.27, 3, 0, 0, 8.96, 1708, 1050, 7886.33, 20857, 20189
1694977193, 0, 0, 29, 0, 0, 8147.27, 3, 0, 0, 7.35, 1710, 1051, 7886.33, 20857, 20189
1694977194, 0, 0, 29, 0, 0, 8147.27, 3, 0, 0, 8.90, 1711, 1053, 7886.33, 20857, 20189
1694977194, 0, 0, 29, 0, 0, 8147.27, 3, 0, 0, 8.47, 1714, 1053, 7886.33, 20857, 20189
1694977202, 0, 0, 29, 0, 0, 8147.27, 3, 0, 0, 0.25, 1716, 1053, 7886.33, 20857, 20189
1694977202, 0, 0, 29, 0, 0, 8147.27, 3, 0, 0, 6.56, 1716, 1055, 7886.33, 20857, 20189
1694977214, 0, 0, 29, 0, 0, 8147.27, 3, 0, 0, 0.17, 1718, 1055, 7886.33, 20857, 20189
1694977215, 0, 0, 29, 0, 0, 8147.27, 3, 0, 0, 6.47, 1718, 1057, 7886.33, 20857, 20189
1694977215, 0, 0, 29, 0, 0, 8147.27, 3, 0, 0, 8.72, 1720, 1058, 7886.33, 20857, 20189
1694977215, 0, 0, 29, 0, 0, 8147.27, 3, 0, 0, 9.58, 1721, 1060, 7886.33, 20857, 20189
1694977223, 0, 0, 29, 0, 0, 8147.27, 3, 0, 0, 0.27, 1723, 1060, 7886.33, 20857, 20189
1694977223, 0, 0, 29, 0, 0, 8147.27, 3, 0, 0, 6.25, 1724, 1061, 7886.33, 20857, 20189
1694977223, 0, 0, 29, 0, 0, 8147.27, 3, 0, 0, 9.32, 1726, 1062, 7886.33, 20857, 20189
1694977224, 0, 0, 29, 0, 0, 8147.27, 3, 0, 0, 9.06, 1727, 1064, 7886.33, 20857, 20189
1694977224, 0, 0, 29, 0, 0, 8147.27, 3, 0, 0, 11.27, 1731, 1064, 7886.33, 20857, 20189
1694977225, 0, 0, 29, 0, 0, 8147.27, 3, 0, 0, 4.38, 1733, 1064, 7886.33, 20857, 20189
1694977225, 0, 0, 29, 0, 0, 8147.27, 3, 0, 0, 9.49, 1736, 1064, 7886.33, 20857, 20189
1694977225, 0, 0, 29, 0, 0, 8147.27, 3, 0, 0, 9.46, 1737, 1066, 7886.33, 20857, 20189
1694977225, 0, 0, 29, 0, 0, 8147.27, 3, 0, 0, 6.17, 1738, 1067, 7886.33, 20857, 20189
1694977226, 0, 0, 29, 0, 0, 8147.27, 3, 0, 0, 11.08, 1740, 1069, 7886.33, 20857, 20189
1694977226, 0, 0, 29, 0, 0, 8147.27, 3, 0, 0, 8.98, 1740, 1072, 7886.33, 20857, 20189
1694977226, 0, 0, 29, 0, 0, 8147.27, 3, 0, 0, 10.00, 1742, 1073, 7886.33, 20857, 20189
1694977227, 0, 0, 29, 0, 0, 8147.27, 3, 0, 0, 11.05, 1744, 1075, 7886.33, 20857, 20189
1694977234, 0, 0, 29, 0, 0, 8147.27, 3, 0, 0, 0.13, 1745, 1075, 7886.33, 20857, 20189
1694977241, 0, 0, 29, 0, 0, 8147.27, 3, 0, 0, 0.14, 1746, 1075, 7886.33, 20857, 20189
1694977242, 0, 0, 29, 0, 0, 8147.27, 3, 0, 0, 4.57, 1748, 1075, 7886.33, 20857, 20189
1694977242, 0, 0, 29, 0, 0, 8147.27, 3, 0, 0, 6.56, 1749, 1076, 7886.33, 20857, 20189
1694977251, 0, 0, 29, 0, 0, 8147.27, 3, 0, 0, 0.12, 1750, 1076, 7886.33, 20857, 20189
1694977251, 0, 0, 29, 0, 0, 8147.27, 3, 0, 0, 12.72, 1752, 1079, 7886.33, 20857, 20189
1694977259, 0, 0, 29, 0, 0, 8147.27, 3, 0, 0, 0.37, 1754, 1080, 7886.33, 20857, 20189
1694977267, 0, 0, 29, 0, 0, 8147.27, 3, 0, 0, 0.38, 1755, 1082, 7886.33, 20857, 20189
1694977267, 0, 0, 29, 0, 0, 8147.27, 3, 0, 0, 8.60, 1758, 1082, 7886.33, 20857, 20189
1694977268, 0, 0, 29, 0, 0, 8147.27, 3, 0, 0, 7.79, 1759, 1084, 7886.33, 20857, 20189
1694977268, 0, 0, 29, 0, 0, 8147.27, 3, 0, 0, 5.49, 1761, 1085, 7886.33, 20857, 20189
1694977277, 0, 0, 29, 0, 0, 8147.27, 3, 0, 0, 0.35, 1763, 1086, 7886.33, 20857, 20189
1694977285, 0, 0, 29, 0, 0, 8147.27, 3, 0, 0, 0.24, 1765, 1086, 7886.33, 20857, 20189
1694977285, 0, 0, 29, 0, 0, 8147.27, 3, 0, 0, 9.29, 1767, 1087, 7886.33, 20857, 20189
1694977294, 0, 0, 29, 0, 0, 8147.27, 3, 0, 0, 0.11, 1768, 1087, 7886.33, 20857, 20189
1694977301, 0, 0, 29, 0, 0, 8147.27, 3, 0, 0, 0.14, 1769, 1087, 7886.33, 20857, 20189
1694977302, 0, 0, 29, 0, 0, 8147.27, 3, 0, 0, 4.35, 1771, 1087, 7886.33, 20857, 20189
1694977302, 0, 0, 29, 0, 0, 8147.27, 3, 0, 0, 7.39, 1772, 1089, 7886.33, 20857, 20189
1694977303, 0, 0, 29, 0, 0, 8147.27, 3, 0, 0, 5.99, 1773, 1090, 7886.33, 20857, 20189
1694977314, 0, 0, 29, 0, 0, 8147.27, 3, 0, 0, 0.25, 1774, 1092, 7886.33, 20857, 20189
1694977315, 0, 0, 29, 0, 0, 8147.27, 3, 0, 0, 8.70, 1774, 1095, 7886.33, 20857, 20189
1694977315, 0, 0, 29, 0, 0, 8147.27, 3, 0, 0, 7.46, 1777, 1096, 7886.33, 20857, 20189
1694977316, 0, 0, 29, 0, 0, 8147.27, 3, 0, 0, 11.63, 1778, 1099, 7886.33, 20857, 20189
1694977323, 0, 0, 29, 0, 0, 8147.27, 3, 0, 0, 0.26, 1779, 1100, 7886.33, 20857, 20189
1694977331, 0, 0, 29, 0, 0, 8147.27, 3, 0, 0, 0.12, 1780, 1100, 7886.33, 20857, 20189
1694977339, 0, 0, 29, 0, 0, 8147.27, 3, 0, 0, 0.64, 1785, 1100, 7886.33, 20857, 20189
1694977339, 0, 0, 29, 0, 0, 8147.27, 3, 0, 0, 4.89, 1787, 1100, 7886.33, 20857, 20189
1694977357, 0, 0, 29, 0, 0, 8147.27, 3, 0, 0, 0.06, 1788, 1100, 7886.33, 20857, 20189
1694977364, 0, 0, 29, 0, 0, 8147.27, 3, 0, 0, 0.31, 1789, 1101, 7886.33, 20857, 20189
1694977364, 0, 0, 29, 0, 0, 8147.27, 3, 0, 0, 4.90, 1790, 1102, 7886.33, 20857, 20189
1694977372, 0, 0, 29, 0, 0, 8147.27, 3, 0, 0, 0.26, 1791, 1103, 7886.33, 20857, 20189
1694977372, 0, 0, 29, 0, 0, 8147.27, 3, 0, 0, 3.19, 1791, 1104, 7886.33, 20857, 20189
1694977372, 0, 0, 29, 0, 0, 8147.27, 3, 0, 0, 6.21, 1791, 1106, 7886.33, 20857, 20189
1694977373, 0, 0, 29, 0, 0, 8147.27, 3, 0, 0, 4.91, 1793, 1106, 7886.33, 20857, 20189
1694977381, 0, 0, 29, 0, 0, 8147.27, 3, 0, 0, 0.12, 1794, 1106, 7886.33, 20857, 20189
1694977382, 0, 0, 29, 0, 0, 8147.27, 3, 0, 0, 3.36, 1796, 1106, 7886.33, 20857, 20189
1694977382, 0, 0, 29, 0, 0, 8147.27, 3, 0, 0, 7.96, 1798, 1107, 7886.33, 20857, 20189
1694977383, 0, 0, 29, 0, 0, 8147.27, 3, 0, 0, 8.31, 1800, 1108, 7886.33, 20857, 20189
1694977391, 0, 0, 29, 0, 0, 8147.27, 3, 0, 0, 0.11, 1801, 1108, 7886.33, 20857, 20189
1694977392, 0, 0, 29, 0, 0, 8147.27, 3, 0, 0, 5.17, 1802, 1110, 7886.33, 20857, 20189
1694977392, 0, 0, 29, 0, 0, 8147.27, 3, 0, 0, 4.29, 1804, 1110, 7886.33, 20857, 20189
1694977393, 0, 0, 29, 0, 0, 8147.27, 3, 0, 0, 5.89, 1807, 1110, 7886.33, 20857, 20189
1694977393, 0, 0, 29, 0, 0, 8147.27, 3, 0, 0, 9.01, 1809, 1111, 7886.33, 20857, 20189
1694977394, 0, 0, 29, 0, 0, 8147.27, 3, 0, 0, 4.30, 1811, 1111, 7886.33, 20857, 20189
1694977394, 0, 0, 29, 0, 0, 8147.27, 3, 0, 0, 5.68, 1814, 1111, 7886.33, 20857, 20189
1694977411, 0, 0, 29, 0, 0, 8147.27, 3, 0, 0, 0.18, 1817, 1111, 7886.33, 20857, 20189
1694977412, 0, 0, 29, 0, 0, 8147.27, 3, 0, 0, 14.49, 1818, 1115, 7886.33, 20857, 20189
1694977412, 0, 0, 29, 0, 0, 8147.27, 3, 0, 0, 5.57, 1818, 1117, 7886.33, 20857, 20189
1694977419, 0, 0, 29, 0, 0, 8147.27, 3, 0, 0, 0.28, 1820, 1117, 7886.33, 20857, 20189
1694977419, 0, 0, 29, 0, 0, 8147.27, 3, 0, 0, 13.44, 1821, 1121, 7886.33, 20857, 20189
1694977420, 0, 0, 29, 0, 0, 8147.27, 3, 0, 0, 9.32, 1821, 1124, 7886.33, 20857, 20189
1694977420, 0, 0, 29, 0, 0, 8147.27, 3, 0, 0, 9.68, 1822, 1126, 7886.33, 20857, 20189
1694977420, 0, 0, 29, 0, 0, 8147.27, 3, 0, 0, 8.02, 1823, 1128, 7886.33, 20857, 20189
1694977421, 0, 0, 29, 0, 0, 8147.27, 3, 0, 0, 10.00, 1825, 1130, 7886.33, 20857, 20189
1694977421, 0, 0, 29, 0, 0, 8147.27, 3, 0, 0, 10.78, 1829, 1131, 7886.33, 20857, 20189
1694977427, 0, 0, 29, 0, 0, 8147.27, 3, 0, 0, 0.35, 1830, 1132, 7886.33, 20857, 20189
1694977427, 0, 0, 29, 0, 0, 8147.27, 3, 0, 0, 6.10, 1831, 1133, 7886.33, 20857, 20189
1694977428, 0, 0, 29, 0, 0, 8147.27, 3, 0, 0, 9.88, 1834, 1134, 7886.33, 20857, 20189
1694977428, 0, 0, 29, 0, 0, 8147.27, 3, 0, 0, 8.70, 1836, 1136, 7886.33, 20857, 20189
1694977436, 0, 0, 29, 0, 0, 8147.27, 3, 0, 0, 0.13, 1837, 1136, 7886.33, 20857, 20189
1694977436, 0, 0, 29, 0, 0, 8147.27, 3, 0, 0, 4.37, 1838, 1137, 7886.33, 20857, 20189
1694977451, 0, 0, 29, 0, 0, 8147.27, 3, 0, 0, 0.14, 1839, 1138, 7886.33, 20857, 20189
1694977451, 0, 0, 29, 0, 0, 8147.27, 3, 0, 0, 6.19, 1841, 1139, 7886.33, 20857, 20189
1694977459, 0, 0, 29, 0, 0, 8147.27, 3, 0, 0, 0.27, 1843, 1139, 7886.33, 20857, 20189
1694977459, 0, 0, 29, 0, 0, 8147.27, 3, 0, 0, 5.17, 1845, 1139, 7886.33, 20857, 20189
1694977468, 0, 0, 29, 0, 0, 8147.27, 3, 0, 0, 0.12, 1846, 1139, 7886.33, 20857, 20189
1694977468, 0, 0, 29, 0, 0, 8147.27, 3, 0, 0, 11.94, 1848, 1141, 7886.33, 20857, 20189
1694977468, 0, 0, 29, 0, 0, 8147.27, 3, 0, 0, 7.65, 1851, 1141, 7886.33, 20857, 20189
1694977469, 0, 0, 29, 0, 0, 8147.27, 3, 0, 0, 9.35, 1853, 1142, 7886.33, 20857, 20189
1694977476, 0, 0, 29, 0, 0, 8147.27, 3, 0, 0, 0.13, 1854, 1142, 7886.33, 20857, 20189
1694977477, 0, 0, 29, 0, 0, 8147.27, 3, 0, 0, 11.73, 1856, 1144, 7886.33, 20857, 20189
1694977477, 0, 0, 29, 0, 0, 8147.27, 3, 0, 0, 8.60, 1857, 1146, 7886.33, 20857, 20189
1694977477, 0, 0, 29, 0, 0, 8147.27, 3, 0, 0, 6.62, 1858, 1147, 7886.33, 20857, 20189
1694977478, 0, 0, 29, 0, 0, 8147.27, 3, 0, 0, 5.67, 1858, 1149, 7886.33, 20857, 20189
1694977478, 0, 0, 29, 0, 0, 8147.27, 3, 0, 0, 3.54, 1859, 1150, 7886.33, 20857, 20189
1694977488, 0, 0, 29, 0, 0, 8147.27, 3, 0, 0, 0.21, 1861, 1150, 7886.33, 20857, 20189
1694977488, 0, 0, 29, 0, 0, 8147.27, 3, 0, 0, 0.00, 1861, 1150, 7886.33, 20857, 20189
