# unix_time, cycles_done, cur_path, paths_total, pending_total, pending_favs, map_size, unique_crashes, unique_hangs, max_depth, execs_per_sec, valid_inputs, invalid_inputs, valid_cov, all_covered_probes, valid_covered_probes
1695563555, 0, 0, 1, 0, 0, 3827.34, 0, 0, 0, 0.58, 0, 1, 0.00, 9798, 0
1695563556, 0, 0, 6, 0, 0, 4504.69, 0, 0, 0, 16.03, 0, 6, 0.00, 11532, 0
1695563556, 0, 0, 14, 0, 0, 5052.73, 0, 0, 0, 37.04, 5, 13, 2817.19, 12935, 7212
1695563574, 0, 0, 17, 0, 0, 25146.48, 0, 0, 0, 0.39, 7, 18, 24139.84, 64375, 61798
1695563589, 0, 0, 22, 0, 0, 25186.33, 1, 0, 0, 0.47, 8, 24, 24147.66, 64477, 61818
1695563589, 0, 0, 26, 0, 0, 25444.92, 1, 0, 0, 16.26, 12, 26, 24424.22, 65139, 62526
1695563607, 0, 0, 29, 0, 0, 25662.11, 1, 0, 0, 0.40, 15, 30, 24642.19, 65695, 63084
1695563619, 0, 0, 37, 0, 0, 25692.58, 1, 0, 0, 2.54, 27, 48, 24669.14, 65773, 63153
1695563630, 0, 0, 45, 0, 0, 25712.50, 1, 0, 0, 1.81, 35, 60, 24677.73, 65824, 63175
1695563640, 0, 0, 48, 0, 0, 25733.98, 1, 0, 0, 0.37, 36, 63, 24692.58, 65879, 63213
1695563641, 0, 0, 54, 0, 0, 25736.72, 1, 0, 0, 102.76, 46, 94, 24692.58, 65886, 63213
1695563654, 0, 0, 55, 0, 0, 25914.45, 1, 0, 0, 0.07, 47, 94, 24871.88, 66341, 63672
1695563665, 0, 1, 57, 0, 0, 25914.45, 2, 0, 0, 0.77, 48, 101, 24871.88, 66341, 63672
1695563677, 0, 1, 61, 0, 0, 25928.13, 2, 0, 0, 1.00, 51, 110, 24885.55, 66376, 63707
1695563688, 0, 3, 67, 0, 0, 25930.08, 2, 0, 0, 2.07, 61, 124, 24903.13, 66381, 63752
1695563699, 0, 3, 68, 0, 0, 25932.03, 2, 0, 0, 0.09, 62, 124, 24905.08, 66386, 63757
1695563710, 0, 3, 71, 0, 0, 25946.09, 2, 0, 0, 1.00, 64, 133, 24919.14, 66422, 63793
1695563722, 0, 3, 75, 0, 0, 25954.30, 2, 0, 0, 0.52, 66, 137, 24927.34, 66443, 63814
1695563733, 0, 5, 80, 0, 0, 25955.86, 2, 0, 0, 2.28, 75, 154, 24928.91, 66447, 63818
1695563745, 0, 5, 85, 0, 0, 25959.38, 2, 0, 0, 3.85, 83, 192, 24932.42, 66456, 63827
1695563758, 0, 5, 86, 0, 0, 26342.19, 2, 0, 0, 0.07, 84, 192, 25315.23, 67436, 64807
1695563769, 0, 5, 87, 0, 0, 26342.19, 2, 0, 0, 2.66, 89, 215, 25315.23, 67436, 64807
1695563781, 0, 5, 91, 0, 0, 26343.36, 2, 0, 0, 2.68, 96, 240, 25316.41, 67439, 64810
1695563792, 0, 7, 95, 0, 0, 26343.36, 2, 0, 0, 2.66, 109, 256, 25316.41, 67439, 64810
1695563803, 0, 7, 98, 0, 0, 26343.36, 2, 0, 0, 1.01, 120, 256, 25316.41, 67439, 64810
1695563815, 0, 7, 102, 0, 0, 26348.83, 2, 0, 0, 0.92, 128, 259, 25321.88, 67453, 64824
1695563826, 0, 8, 103, 0, 0, 26349.22, 2, 0, 0, 0.09, 129, 259, 25322.27, 67454, 64825
1695563839, 0, 8, 105, 0, 0, 26361.72, 2, 0, 0, 0.47, 133, 261, 25334.77, 67486, 64857
1695563850, 0, 8, 106, 0, 0, 26361.72, 2, 0, 0, 0.54, 139, 261, 25334.77, 67486, 64857
1695563862, 0, 8, 108, 0, 0, 26362.11, 2, 0, 0, 0.16, 140, 262, 25335.16, 67487, 64858
1695563874, 0, 8, 112, 0, 0, 26369.92, 2, 0, 0, 1.11, 149, 266, 25342.97, 67507, 64878
1695563885, 0, 8, 114, 0, 0, 26369.92, 3, 0, 0, 1.33, 159, 271, 25342.97, 67507, 64878
1695563923, 0, 8, 117, 0, 0, 26372.27, 3, 0, 0, 0.64, 176, 278, 25345.31, 67513, 64884
1695563935, 0, 8, 119, 0, 0, 26373.05, 3, 0, 0, 0.41, 179, 280, 25346.09, 67515, 64886
1695563946, 0, 8, 121, 0, 0, 26373.05, 3, 0, 0, 1.36, 190, 284, 25346.09, 67515, 64886
1695563959, 0, 8, 123, 0, 0, 26373.05, 3, 0, 0, 0.16, 191, 285, 25346.09, 67515, 64886
1695563970, 0, 8, 124, 0, 0, 26373.05, 3, 0, 0, 0.09, 192, 285, 25346.09, 67515, 64886
1695563982, 0, 8, 128, 0, 0, 26373.05, 3, 0, 0, 0.68, 200, 285, 25346.09, 67515, 64886
1695563994, 0, 8, 130, 0, 0, 26431.25, 3, 0, 0, 0.17, 202, 285, 25404.30, 67664, 65035
1695564006, 0, 10, 131, 0, 0, 26431.25, 3, 0, 0, 0.41, 206, 286, 25404.30, 67664, 65035
1695564017, 0, 10, 133, 0, 0, 26431.25, 3, 0, 0, 1.21, 217, 289, 25404.30, 67664, 65035
1695564030, 0, 10, 136, 0, 0, 26431.25, 3, 0, 0, 1.52, 231, 294, 25404.30, 67664, 65035
1695564042, 0, 11, 138, 0, 0, 26431.25, 3, 0, 0, 1.20, 238, 301, 25404.30, 67664, 65035
1695564053, 0, 11, 140, 0, 0, 26431.25, 3, 0, 0, 1.19, 241, 312, 25404.30, 67664, 65035
1695564054, 0, 11, 141, 0, 0, 26431.25, 3, 0, 0, 90.91, 253, 329, 25404.30, 67664, 65035
1695564065, 0, 11, 141, 0, 0, 26431.25, 3, 0, 0, 1.14, 256, 339, 25404.30, 67664, 65035
1695564077, 0, 11, 143, 0, 0, 26431.25, 3, 0, 0, 0.57, 260, 342, 25404.30, 67664, 65035
1695564090, 0, 12, 145, 0, 0, 26432.03, 3, 0, 0, 2.40, 266, 365, 25405.08, 67666, 65037
1695564101, 0, 12, 146, 0, 0, 26432.03, 3, 0, 0, 0.59, 272, 366, 25405.08, 67666, 65037
1695564113, 0, 12, 147, 0, 0, 26432.03, 3, 0, 0, 0.94, 280, 369, 25405.08, 67666, 65037
1695564125, 0, 12, 149, 0, 0, 26432.42, 3, 0, 0, 1.28, 288, 376, 25405.47, 67667, 65038
1695564137, 0, 13, 150, 0, 0, 26432.81, 3, 0, 0, 0.48, 292, 378, 25405.86, 67668, 65039
1695564138, 0, 13, 153, 0, 0, 26432.81, 3, 0, 0, 69.54, 297, 394, 25405.86, 67668, 65039
1695564150, 0, 13, 154, 0, 0, 26432.81, 3, 0, 0, 1.60, 303, 408, 25405.86, 67668, 65039
1695564163, 0, 13, 156, 0, 0, 26432.81, 3, 0, 0, 0.39, 305, 411, 25405.86, 67668, 65039
1695564177, 0, 15, 158, 0, 0, 26433.20, 3, 0, 0, 1.61, 315, 423, 25406.25, 67669, 65040
1695564177, 0, 15, 159, 0, 0, 26433.20, 3, 0, 0, 59.02, 328, 428, 25406.25, 67669, 65040
1695564190, 0, 15, 160, 0, 0, 26433.20, 3, 0, 0, 0.08, 329, 428, 25406.25, 67669, 65040
1695564191, 0, 15, 161, 0, 0, 26433.20, 3, 0, 0, 63.95, 349, 430, 25406.25, 67669, 65040
1695564205, 0, 15, 162, 0, 0, 26433.59, 3, 0, 0, 0.49, 353, 433, 25406.64, 67670, 65041
1695564219, 0, 15, 163, 0, 0, 26433.59, 3, 0, 0, 0.07, 354, 433, 25406.64, 67670, 65041
1695564246, 0, 15, 164, 0, 0, 26441.41, 3, 0, 0, 0.15, 357, 434, 25414.45, 67690, 65061
1695564258, 0, 16, 165, 0, 0, 26441.41, 3, 0, 0, 0.08, 358, 434, 25414.45, 67690, 65061
1695564270, 0, 16, 166, 0, 0, 26441.41, 3, 0, 0, 0.08, 359, 434, 25414.45, 67690, 65061
1695564281, 0, 16, 167, 0, 0, 26441.41, 3, 0, 0, 0.09, 360, 434, 25414.45, 67690, 65061
1695564292, 0, 16, 168, 0, 0, 26441.41, 3, 0, 0, 0.09, 361, 434, 25414.45, 67690, 65061
1695564303, 0, 16, 169, 0, 0, 26441.41, 3, 0, 0, 0.09, 362, 434, 25414.45, 67690, 65061
1695564314, 0, 16, 170, 0, 0, 26441.41, 3, 0, 0, 0.09, 363, 434, 25414.45, 67690, 65061
1695564325, 0, 16, 171, 0, 0, 26441.41, 3, 0, 0, 0.09, 364, 434, 25414.45, 67690, 65061
1695564336, 0, 16, 171, 0, 0, 26441.41, 3, 0, 0, 0.09, 365, 434, 25414.45, 67690, 65061
1695564346, 0, 16, 172, 0, 0, 26441.41, 3, 0, 0, 0.09, 366, 434, 25414.45, 67690, 65061
1695564357, 0, 16, 173, 0, 0, 26441.41, 3, 0, 0, 0.09, 367, 434, 25414.45, 67690, 65061
1695564368, 0, 16, 174, 0, 0, 26441.41, 3, 0, 0, 0.09, 368, 434, 25414.45, 67690, 65061
1695564380, 0, 16, 175, 0, 0, 26441.41, 3, 0, 0, 0.09, 369, 434, 25414.45, 67690, 65061
1695564391, 0, 16, 176, 0, 0, 26441.80, 3, 0, 0, 0.09, 370, 434, 25414.84, 67691, 65062
1695564402, 0, 16, 177, 0, 0, 26441.80, 3, 0, 0, 0.09, 371, 434, 25414.84, 67691, 65062
1695564413, 0, 16, 178, 0, 0, 26441.80, 3, 0, 0, 0.09, 372, 434, 25414.84, 67691, 65062
1695564424, 0, 16, 179, 0, 0, 26441.80, 3, 0, 0, 0.09, 373, 434, 25414.84, 67691, 65062
1695564435, 0, 16, 180, 0, 0, 26441.80, 3, 0, 0, 0.09, 374, 434, 25414.84, 67691, 65062
1695564446, 0, 16, 181, 0, 0, 26441.80, 3, 0, 0, 0.09, 375, 434, 25414.84, 67691, 65062
1695564457, 0, 16, 182, 0, 0, 26441.80, 3, 0, 0, 0.09, 376, 434, 25414.84, 67691, 65062
1695564468, 0, 16, 183, 0, 0, 26441.80, 3, 0, 0, 0.09, 377, 434, 25414.84, 67691, 65062
1695564479, 0, 16, 184, 0, 0, 26441.80, 3, 0, 0, 0.09, 378, 434, 25414.84, 67691, 65062
1695564490, 0, 16, 184, 0, 0, 26441.80, 3, 0, 0, 0.09, 379, 434, 25414.84, 67691, 65062
1695564502, 0, 16, 184, 0, 0, 26441.80, 3, 0, 0, 0.09, 380, 434, 25414.84, 67691, 65062
1695564513, 0, 16, 184, 0, 0, 26441.80, 3, 0, 0, 0.09, 381, 434, 25414.84, 67691, 65062
1695564524, 0, 16, 184, 0, 0, 26441.80, 3, 0, 0, 0.09, 382, 434, 25414.84, 67691, 65062
1695564535, 0, 16, 184, 0, 0, 26441.80, 3, 0, 0, 0.09, 383, 434, 25414.84, 67691, 65062
1695564547, 0, 16, 185, 0, 0, 26441.80, 3, 0, 0, 0.09, 384, 434, 25414.84, 67691, 65062
1695564558, 0, 16, 186, 0, 0, 26442.19, 3, 0, 0, 0.09, 385, 434, 25415.23, 67692, 65063
1695564569, 0, 16, 187, 0, 0, 26442.19, 3, 0, 0, 0.09, 386, 434, 25415.23, 67692, 65063
1695564580, 0, 16, 188, 0, 0, 26442.19, 3, 0, 0, 0.09, 387, 434, 25415.23, 67692, 65063
1695564591, 0, 16, 189, 0, 0, 26442.19, 3, 0, 0, 0.09, 388, 434, 25415.23, 67692, 65063
1695564602, 0, 16, 190, 0, 0, 26442.19, 3, 0, 0, 0.09, 389, 434, 25415.23, 67692, 65063
1695564614, 0, 16, 191, 0, 0, 26442.19, 3, 0, 0, 0.09, 390, 434, 25415.23, 67692, 65063
1695564625, 0, 16, 192, 0, 0, 26442.19, 3, 0, 0, 0.09, 391, 434, 25415.23, 67692, 65063
1695564636, 0, 16, 193, 0, 0, 26442.19, 3, 0, 0, 0.09, 392, 434, 25415.23, 67692, 65063
1695564647, 0, 16, 194, 0, 0, 26442.19, 3, 0, 0, 0.09, 393, 434, 25415.23, 67692, 65063
1695564659, 0, 16, 195, 0, 0, 26442.19, 3, 0, 0, 0.09, 394, 434, 25415.23, 67692, 65063
1695564670, 0, 16, 196, 0, 0, 26442.19, 3, 0, 0, 0.09, 395, 434, 25415.23, 67692, 65063
1695564681, 0, 16, 197, 0, 0, 26442.19, 3, 0, 0, 0.09, 396, 434, 25415.23, 67692, 65063
1695564692, 0, 16, 198, 0, 0, 26442.19, 3, 0, 0, 0.09, 397, 434, 25415.23, 67692, 65063
1695564703, 0, 16, 198, 0, 0, 26442.19, 3, 0, 0, 0.09, 398, 434, 25415.23, 67692, 65063
1695564714, 0, 16, 199, 0, 0, 26442.19, 3, 0, 0, 0.09, 399, 434, 25415.23, 67692, 65063
1695564726, 0, 16, 199, 0, 0, 26442.19, 3, 0, 0, 0.09, 400, 434, 25415.23, 67692, 65063
1695564737, 0, 16, 200, 0, 0, 26442.19, 3, 0, 0, 0.09, 401, 434, 25415.23, 67692, 65063
1695564748, 0, 16, 201, 0, 0, 26442.19, 3, 0, 0, 0.09, 402, 434, 25415.23, 67692, 65063
1695564760, 0, 16, 202, 0, 0, 26442.19, 3, 0, 0, 0.09, 403, 434, 25415.23, 67692, 65063
1695564771, 0, 16, 203, 0, 0, 26442.19, 3, 0, 0, 0.09, 404, 434, 25415.23, 67692, 65063
1695564782, 0, 16, 203, 0, 0, 26442.19, 3, 0, 0, 0.09, 405, 434, 25415.23, 67692, 65063
1695564794, 0, 16, 204, 0, 0, 26442.19, 3, 0, 0, 0.09, 406, 434, 25415.23, 67692, 65063
1695564805, 0, 16, 204, 0, 0, 26442.19, 3, 0, 0, 0.09, 407, 434, 25415.23, 67692, 65063
1695564816, 0, 16, 204, 0, 0, 26442.19, 3, 0, 0, 0.09, 408, 434, 25415.23, 67692, 65063
1695564827, 0, 16, 205, 0, 0, 26442.19, 3, 0, 0, 0.09, 409, 434, 25415.23, 67692, 65063
1695564838, 0, 16, 205, 0, 0, 26442.19, 3, 0, 0, 0.09, 410, 434, 25415.23, 67692, 65063
1695564850, 0, 16, 205, 0, 0, 26442.19, 3, 0, 0, 0.09, 411, 434, 25415.23, 67692, 65063
1695564861, 0, 16, 205, 0, 0, 26442.19, 3, 0, 0, 0.09, 412, 434, 25415.23, 67692, 65063
1695564872, 0, 16, 206, 0, 0, 26442.19, 3, 0, 0, 0.09, 413, 434, 25415.23, 67692, 65063
1695564883, 0, 16, 207, 0, 0, 26442.19, 3, 0, 0, 0.09, 414, 434, 25415.23, 67692, 65063
1695564894, 0, 16, 208, 0, 0, 26442.19, 3, 0, 0, 0.09, 415, 434, 25415.23, 67692, 65063
1695564906, 0, 16, 209, 0, 0, 26442.19, 3, 0, 0, 0.09, 416, 434, 25415.23, 67692, 65063
1695564917, 0, 16, 210, 0, 0, 26442.19, 3, 0, 0, 0.08, 417, 434, 25415.23, 67692, 65063
1695564929, 0, 16, 211, 0, 0, 26442.19, 3, 0, 0, 0.09, 418, 434, 25415.23, 67692, 65063
1695564940, 0, 16, 212, 0, 0, 26442.19, 3, 0, 0, 0.09, 419, 434, 25415.23, 67692, 65063
1695564951, 0, 16, 213, 0, 0, 26442.19, 3, 0, 0, 0.09, 420, 434, 25415.23, 67692, 65063
1695564963, 0, 16, 213, 0, 0, 26442.19, 3, 0, 0, 0.09, 421, 434, 25415.23, 67692, 65063
1695564975, 0, 16, 214, 0, 0, 26442.19, 3, 0, 0, 0.09, 422, 434, 25415.23, 67692, 65063
1695564986, 0, 16, 214, 0, 0, 26442.19, 3, 0, 0, 0.09, 423, 434, 25415.23, 67692, 65063
1695564997, 0, 16, 215, 0, 0, 26442.19, 3, 0, 0, 0.09, 424, 434, 25415.23, 67692, 65063
1695565008, 0, 16, 216, 0, 0, 26442.19, 3, 0, 0, 0.09, 425, 434, 25415.23, 67692, 65063
1695565020, 0, 16, 217, 0, 0, 26442.58, 3, 0, 0, 0.09, 426, 434, 25415.63, 67693, 65064
1695565031, 0, 16, 217, 0, 0, 26442.58, 3, 0, 0, 0.09, 427, 434, 25415.63, 67693, 65064
1695565043, 0, 16, 218, 0, 0, 26442.58, 3, 0, 0, 0.09, 428, 434, 25415.63, 67693, 65064
1695565054, 0, 16, 219, 0, 0, 26442.58, 3, 0, 0, 0.09, 429, 434, 25415.63, 67693, 65064
1695565066, 0, 16, 220, 0, 0, 26442.58, 3, 0, 0, 0.09, 430, 434, 25415.63, 67693, 65064
1695565077, 0, 16, 221, 0, 0, 26442.58, 3, 0, 0, 0.09, 431, 434, 25415.63, 67693, 65064
1695565089, 0, 16, 222, 0, 0, 26442.58, 3, 0, 0, 0.08, 432, 434, 25415.63, 67693, 65064
1695565100, 0, 16, 223, 0, 0, 26442.58, 3, 0, 0, 0.09, 433, 434, 25415.63, 67693, 65064
1695565112, 0, 16, 224, 0, 0, 26442.58, 3, 0, 0, 0.08, 434, 434, 25415.63, 67693, 65064
1695565123, 0, 16, 225, 0, 0, 26442.58, 3, 0, 0, 0.09, 435, 434, 25415.63, 67693, 65064
1695565134, 0, 16, 226, 0, 0, 26442.58, 3, 0, 0, 0.09, 436, 434, 25415.63, 67693, 65064
1695565146, 0, 16, 227, 0, 0, 26442.58, 3, 0, 0, 0.09, 437, 434, 25415.63, 67693, 65064
1695565157, 0, 16, 227, 0, 0, 26442.58, 3, 0, 0, 0.09, 438, 434, 25415.63, 67693, 65064
1695565168, 0, 16, 228, 0, 0, 26442.58, 3, 0, 0, 0.09, 439, 434, 25415.63, 67693, 65064
1695565179, 0, 16, 229, 0, 0, 26442.58, 3, 0, 0, 0.09, 440, 434, 25415.63, 67693, 65064
1695565190, 0, 16, 230, 0, 0, 26442.58, 3, 0, 0, 0.09, 441, 434, 25415.63, 67693, 65064
1695565201, 0, 16, 230, 0, 0, 26442.58, 3, 0, 0, 0.09, 442, 434, 25415.63, 67693, 65064
1695565214, 0, 16, 231, 0, 0, 26442.58, 3, 0, 0, 0.08, 443, 434, 25415.63, 67693, 65064
1695565225, 0, 16, 231, 0, 0, 26442.58, 3, 0, 0, 0.09, 444, 434, 25415.63, 67693, 65064
1695565236, 0, 16, 231, 0, 0, 26442.58, 3, 0, 0, 0.09, 445, 434, 25415.63, 67693, 65064
1695565247, 0, 16, 232, 0, 0, 26442.58, 3, 0, 0, 0.09, 446, 434, 25415.63, 67693, 65064
1695565258, 0, 16, 232, 0, 0, 26442.58, 3, 0, 0, 0.09, 447, 434, 25415.63, 67693, 65064
1695565270, 0, 16, 232, 0, 0, 26442.58, 3, 0, 0, 0.08, 448, 434, 25415.63, 67693, 65064
1695565282, 0, 16, 233, 0, 0, 26442.58, 3, 0, 0, 0.09, 449, 434, 25415.63, 67693, 65064
1695565293, 0, 16, 233, 0, 0, 26442.58, 3, 0, 0, 0.09, 450, 434, 25415.63, 67693, 65064
1695565304, 0, 16, 233, 0, 0, 26442.58, 3, 0, 0, 0.09, 451, 434, 25415.63, 67693, 65064
1695565316, 0, 16, 234, 0, 0, 26442.58, 3, 0, 0, 0.09, 452, 434, 25415.63, 67693, 65064
1695565327, 0, 16, 234, 0, 0, 26442.58, 3, 0, 0, 0.09, 453, 434, 25415.63, 67693, 65064
1695565339, 0, 16, 235, 0, 0, 26442.58, 3, 0, 0, 0.09, 454, 434, 25415.63, 67693, 65064
1695565350, 0, 16, 236, 0, 0, 26442.58, 3, 0, 0, 0.09, 455, 434, 25415.63, 67693, 65064
1695565361, 0, 16, 237, 0, 0, 26442.58, 3, 0, 0, 0.09, 456, 434, 25415.63, 67693, 65064
1695565373, 0, 16, 238, 0, 0, 26442.58, 3, 0, 0, 0.09, 457, 434, 25415.63, 67693, 65064
1695565385, 0, 16, 239, 0, 0, 26442.58, 3, 0, 0, 0.08, 458, 434, 25415.63, 67693, 65064
1695565396, 0, 16, 239, 0, 0, 26442.58, 3, 0, 0, 0.09, 459, 434, 25415.63, 67693, 65064
1695565407, 0, 16, 239, 0, 0, 26442.58, 3, 0, 0, 0.09, 460, 434, 25415.63, 67693, 65064
1695565419, 0, 16, 239, 0, 0, 26442.58, 3, 0, 0, 0.09, 461, 434, 25415.63, 67693, 65064
1695565430, 0, 16, 239, 0, 0, 26442.58, 3, 0, 0, 0.09, 462, 434, 25415.63, 67693, 65064
1695565442, 0, 16, 240, 0, 0, 26442.58, 3, 0, 0, 0.09, 463, 434, 25415.63, 67693, 65064
1695565453, 0, 16, 241, 0, 0, 26442.58, 3, 0, 0, 0.09, 464, 434, 25415.63, 67693, 65064
1695565464, 0, 16, 241, 0, 0, 26442.58, 3, 0, 0, 0.09, 465, 434, 25415.63, 67693, 65064
1695565474, 0, 16, 242, 0, 0, 26442.58, 3, 0, 0, 0.09, 466, 434, 25415.63, 67693, 65064
1695565485, 0, 16, 243, 0, 0, 26442.58, 3, 0, 0, 0.09, 467, 434, 25415.63, 67693, 65064
1695565497, 0, 16, 244, 0, 0, 26442.58, 3, 0, 0, 0.09, 468, 434, 25415.63, 67693, 65064
1695565508, 0, 16, 245, 0, 0, 26442.58, 3, 0, 0, 0.09, 469, 434, 25415.63, 67693, 65064
1695565520, 0, 16, 246, 0, 0, 26442.58, 3, 0, 0, 0.09, 470, 434, 25415.63, 67693, 65064
1695565531, 0, 16, 247, 0, 0, 26442.58, 3, 0, 0, 0.09, 471, 434, 25415.63, 67693, 65064
1695565542, 0, 16, 248, 0, 0, 26442.58, 3, 0, 0, 0.09, 472, 434, 25415.63, 67693, 65064
1695565553, 0, 16, 248, 0, 0, 26442.58, 3, 0, 0, 0.09, 473, 434, 25415.63, 67693, 65064
1695565564, 0, 16, 249, 0, 0, 26442.58, 3, 0, 0, 0.09, 474, 434, 25415.63, 67693, 65064
1695565576, 0, 16, 250, 0, 0, 26442.58, 3, 0, 0, 0.08, 475, 434, 25415.63, 67693, 65064
1695565587, 0, 16, 251, 0, 0, 26442.58, 3, 0, 0, 0.09, 476, 434, 25415.63, 67693, 65064
1695565598, 0, 16, 252, 0, 0, 26442.58, 3, 0, 0, 0.09, 477, 434, 25415.63, 67693, 65064
1695565610, 0, 16, 253, 0, 0, 26442.58, 3, 0, 0, 0.09, 478, 434, 25415.63, 67693, 65064
1695565621, 0, 16, 254, 0, 0, 26443.36, 3, 0, 0, 0.09, 479, 434, 25416.41, 67695, 65066
1695565633, 0, 16, 255, 0, 0, 26443.36, 3, 0, 0, 0.08, 480, 434, 25416.41, 67695, 65066
1695565645, 0, 16, 256, 0, 0, 26443.36, 3, 0, 0, 0.09, 481, 434, 25416.41, 67695, 65066
1695565656, 0, 16, 257, 0, 0, 26443.36, 3, 0, 0, 0.09, 482, 434, 25416.41, 67695, 65066
1695565668, 0, 16, 258, 0, 0, 26443.36, 3, 0, 0, 0.09, 483, 434, 25416.41, 67695, 65066
1695565680, 0, 16, 259, 0, 0, 26443.36, 3, 0, 0, 0.08, 484, 434, 25416.41, 67695, 65066
1695565691, 0, 16, 259, 0, 0, 26443.36, 3, 0, 0, 0.08, 485, 434, 25416.41, 67695, 65066
1695565703, 0, 16, 260, 0, 0, 26443.36, 3, 0, 0, 0.09, 486, 434, 25416.41, 67695, 65066
1695565714, 0, 16, 261, 0, 0, 26443.36, 3, 0, 0, 0.09, 487, 434, 25416.41, 67695, 65066
1695565725, 0, 16, 262, 0, 0, 26443.36, 3, 0, 0, 0.09, 488, 434, 25416.41, 67695, 65066
1695565737, 0, 16, 262, 0, 0, 26443.36, 3, 0, 0, 0.09, 489, 434, 25416.41, 67695, 65066
1695565748, 0, 16, 262, 0, 0, 26443.36, 3, 0, 0, 0.09, 490, 434, 25416.41, 67695, 65066
1695565759, 0, 16, 263, 0, 0, 26443.36, 3, 0, 0, 0.09, 491, 434, 25416.41, 67695, 65066
1695565770, 0, 16, 264, 0, 0, 26443.36, 3, 0, 0, 0.09, 492, 434, 25416.41, 67695, 65066
1695565782, 0, 16, 264, 0, 0, 26443.36, 3, 0, 0, 0.09, 493, 434, 25416.41, 67695, 65066
1695565793, 0, 16, 265, 0, 0, 26443.36, 3, 0, 0, 0.09, 494, 434, 25416.41, 67695, 65066
1695565805, 0, 16, 265, 0, 0, 26443.36, 3, 0, 0, 0.09, 495, 434, 25416.41, 67695, 65066
1695565817, 0, 16, 265, 0, 0, 26443.36, 3, 0, 0, 0.08, 496, 434, 25416.41, 67695, 65066
1695565828, 0, 16, 265, 0, 0, 26443.36, 3, 0, 0, 0.09, 497, 434, 25416.41, 67695, 65066
1695565839, 0, 16, 266, 0, 0, 26443.36, 3, 0, 0, 0.09, 498, 434, 25416.41, 67695, 65066
1695565851, 0, 16, 266, 0, 0, 26443.36, 3, 0, 0, 0.09, 499, 434, 25416.41, 67695, 65066
1695565862, 0, 16, 267, 0, 0, 26443.36, 3, 0, 0, 0.09, 500, 434, 25416.41, 67695, 65066
1695565874, 0, 16, 267, 0, 0, 26443.36, 3, 0, 0, 0.09, 501, 434, 25416.41, 67695, 65066
1695565885, 0, 16, 267, 0, 0, 26443.36, 3, 0, 0, 0.09, 502, 434, 25416.41, 67695, 65066
1695565897, 0, 16, 267, 0, 0, 26443.36, 3, 0, 0, 0.09, 503, 434, 25416.41, 67695, 65066
1695565908, 0, 16, 267, 0, 0, 26443.36, 3, 0, 0, 0.09, 504, 434, 25416.41, 67695, 65066
1695565920, 0, 16, 268, 0, 0, 26443.36, 3, 0, 0, 0.09, 505, 434, 25416.41, 67695, 65066
1695565931, 0, 16, 268, 0, 0, 26443.36, 3, 0, 0, 0.09, 506, 434, 25416.41, 67695, 65066
1695565943, 0, 16, 268, 0, 0, 26443.36, 3, 0, 0, 0.09, 507, 434, 25416.41, 67695, 65066
1695565955, 0, 16, 268, 0, 0, 26443.36, 3, 0, 0, 0.08, 508, 434, 25416.41, 67695, 65066
1695565966, 0, 16, 269, 0, 0, 26443.36, 3, 0, 0, 0.09, 509, 434, 25416.41, 67695, 65066
1695565977, 0, 16, 269, 0, 0, 26443.36, 3, 0, 0, 0.09, 510, 434, 25416.41, 67695, 65066
1695565989, 0, 16, 269, 0, 0, 26443.36, 3, 0, 0, 0.09, 511, 434, 25416.41, 67695, 65066
1695566000, 0, 16, 270, 0, 0, 26443.36, 3, 0, 0, 0.09, 512, 434, 25416.41, 67695, 65066
1695566012, 0, 16, 270, 0, 0, 26443.36, 3, 0, 0, 0.09, 513, 434, 25416.41, 67695, 65066
1695566023, 0, 16, 270, 0, 0, 26443.36, 3, 0, 0, 0.09, 514, 434, 25416.41, 67695, 65066
1695566034, 0, 16, 271, 0, 0, 26443.36, 3, 0, 0, 0.09, 515, 434, 25416.41, 67695, 65066
1695566045, 0, 16, 272, 0, 0, 26443.36, 3, 0, 0, 0.09, 516, 434, 25416.41, 67695, 65066
1695566056, 0, 16, 273, 0, 0, 26443.36, 3, 0, 0, 0.09, 517, 434, 25416.41, 67695, 65066
1695566068, 0, 16, 273, 0, 0, 26443.36, 3, 0, 0, 0.09, 518, 434, 25416.41, 67695, 65066
1695566079, 0, 16, 274, 0, 0, 26443.36, 3, 0, 0, 0.09, 519, 434, 25416.41, 67695, 65066
1695566090, 0, 16, 275, 0, 0, 26443.36, 3, 0, 0, 0.09, 520, 434, 25416.41, 67695, 65066
1695566102, 0, 16, 276, 0, 0, 26443.36, 3, 0, 0, 0.09, 521, 434, 25416.41, 67695, 65066
1695566113, 0, 16, 277, 0, 0, 26443.36, 3, 0, 0, 0.08, 522, 434, 25416.41, 67695, 65066
1695566125, 0, 16, 278, 0, 0, 26443.36, 3, 0, 0, 0.09, 523, 434, 25416.41, 67695, 65066
1695566136, 0, 16, 278, 0, 0, 26443.36, 3, 0, 0, 0.09, 524, 434, 25416.41, 67695, 65066
1695566148, 0, 16, 279, 0, 0, 26443.36, 3, 0, 0, 0.09, 525, 434, 25416.41, 67695, 65066
1695566159, 0, 16, 280, 0, 0, 26443.36, 3, 0, 0, 0.09, 526, 434, 25416.41, 67695, 65066
1695566170, 0, 16, 281, 0, 0, 26443.36, 3, 0, 0, 0.09, 527, 434, 25416.41, 67695, 65066
1695566182, 0, 16, 282, 0, 0, 26443.36, 3, 0, 0, 0.08, 528, 434, 25416.41, 67695, 65066
1695566194, 0, 16, 283, 0, 0, 26443.36, 3, 0, 0, 0.09, 529, 434, 25416.41, 67695, 65066
1695566206, 0, 16, 284, 0, 0, 26443.36, 3, 0, 0, 0.08, 530, 434, 25416.41, 67695, 65066
1695566217, 0, 16, 285, 0, 0, 26443.36, 3, 0, 0, 0.09, 531, 434, 25416.41, 67695, 65066
1695566229, 0, 16, 286, 0, 0, 26443.36, 3, 0, 0, 0.08, 532, 434, 25416.41, 67695, 65066
1695566241, 0, 16, 287, 0, 0, 26443.36, 3, 0, 0, 0.09, 533, 434, 25416.41, 67695, 65066
1695566252, 0, 16, 288, 0, 0, 26443.36, 3, 0, 0, 0.09, 534, 434, 25416.41, 67695, 65066
1695566264, 0, 16, 289, 0, 0, 26443.36, 3, 0, 0, 0.08, 535, 434, 25416.41, 67695, 65066
1695566276, 0, 16, 290, 0, 0, 26443.36, 3, 0, 0, 0.09, 536, 434, 25416.41, 67695, 65066
1695566288, 0, 16, 291, 0, 0, 26443.36, 3, 0, 0, 0.08, 537, 434, 25416.41, 67695, 65066
1695566299, 0, 16, 292, 0, 0, 26443.36, 3, 0, 0, 0.09, 538, 434, 25416.41, 67695, 65066
1695566311, 0, 16, 293, 0, 0, 26443.36, 3, 0, 0, 0.09, 539, 434, 25416.41, 67695, 65066
1695566322, 0, 16, 294, 0, 0, 26443.36, 3, 0, 0, 0.09, 540, 434, 25416.41, 67695, 65066
1695566333, 0, 16, 295, 0, 0, 26443.36, 3, 0, 0, 0.09, 541, 434, 25416.41, 67695, 65066
1695566345, 0, 16, 296, 0, 0, 26443.36, 3, 0, 0, 0.09, 542, 434, 25416.41, 67695, 65066
1695566356, 0, 16, 296, 0, 0, 26443.36, 3, 0, 0, 0.09, 543, 434, 25416.41, 67695, 65066
1695566368, 0, 16, 297, 0, 0, 26443.36, 3, 0, 0, 0.08, 544, 434, 25416.41, 67695, 65066
1695566379, 0, 16, 297, 0, 0, 26443.36, 3, 0, 0, 0.09, 545, 434, 25416.41, 67695, 65066
1695566391, 0, 16, 297, 0, 0, 26443.36, 3, 0, 0, 0.09, 546, 434, 25416.41, 67695, 65066
1695566402, 0, 16, 298, 0, 0, 26443.36, 3, 0, 0, 0.08, 547, 434, 25416.41, 67695, 65066
1695566414, 0, 16, 299, 0, 0, 26443.36, 3, 0, 0, 0.08, 548, 434, 25416.41, 67695, 65066
1695566426, 0, 16, 300, 0, 0, 26443.36, 3, 0, 0, 0.08, 549, 434, 25416.41, 67695, 65066
1695566438, 0, 16, 301, 0, 0, 26443.36, 3, 0, 0, 0.09, 550, 434, 25416.41, 67695, 65066
1695566450, 0, 16, 302, 0, 0, 26443.36, 3, 0, 0, 0.08, 551, 434, 25416.41, 67695, 65066
1695566462, 0, 16, 303, 0, 0, 26443.36, 3, 0, 0, 0.08, 552, 434, 25416.41, 67695, 65066
1695566474, 0, 16, 304, 0, 0, 26443.36, 3, 0, 0, 0.08, 553, 434, 25416.41, 67695, 65066
1695566485, 0, 16, 304, 0, 0, 26443.36, 3, 0, 0, 0.09, 554, 434, 25416.41, 67695, 65066
1695566497, 0, 16, 305, 0, 0, 26443.36, 3, 0, 0, 0.09, 555, 434, 25416.41, 67695, 65066
1695566509, 0, 16, 306, 0, 0, 26443.36, 3, 0, 0, 0.08, 556, 434, 25416.41, 67695, 65066
1695566521, 0, 16, 307, 0, 0, 26443.36, 3, 0, 0, 0.08, 557, 434, 25416.41, 67695, 65066
1695566533, 0, 16, 308, 0, 0, 26443.36, 3, 0, 0, 0.08, 558, 434, 25416.41, 67695, 65066
1695566547, 0, 16, 309, 0, 0, 26443.36, 3, 0, 0, 0.07, 559, 434, 25416.41, 67695, 65066
1695566560, 0, 16, 310, 0, 0, 26443.36, 3, 0, 0, 0.08, 560, 434, 25416.41, 67695, 65066
1695566572, 0, 16, 311, 0, 0, 26443.36, 3, 0, 0, 0.08, 561, 434, 25416.41, 67695, 65066
1695566583, 0, 16, 312, 0, 0, 26443.36, 3, 0, 0, 0.09, 562, 434, 25416.41, 67695, 65066
1695566595, 0, 16, 313, 0, 0, 26443.36, 3, 0, 0, 0.08, 563, 434, 25416.41, 67695, 65066
1695566607, 0, 16, 314, 0, 0, 26443.36, 3, 0, 0, 0.09, 564, 434, 25416.41, 67695, 65066
1695566619, 0, 16, 315, 0, 0, 26443.36, 3, 0, 0, 0.08, 565, 434, 25416.41, 67695, 65066
1695566631, 0, 16, 315, 0, 0, 26443.36, 3, 0, 0, 0.09, 566, 434, 25416.41, 67695, 65066
1695566642, 0, 16, 315, 0, 0, 26443.36, 3, 0, 0, 0.09, 567, 434, 25416.41, 67695, 65066
1695566653, 0, 16, 316, 0, 0, 26443.36, 3, 0, 0, 0.09, 568, 434, 25416.41, 67695, 65066
1695566667, 0, 16, 316, 0, 0, 26443.36, 3, 0, 0, 0.08, 569, 434, 25416.41, 67695, 65066
1695566679, 0, 16, 316, 0, 0, 26443.36, 3, 0, 0, 0.08, 570, 434, 25416.41, 67695, 65066
1695566692, 0, 16, 316, 0, 0, 26443.36, 3, 0, 0, 0.08, 571, 434, 25416.41, 67695, 65066
1695566705, 0, 16, 317, 0, 0, 26443.36, 3, 0, 0, 0.08, 572, 434, 25416.41, 67695, 65066
1695566719, 0, 16, 318, 0, 0, 26443.36, 3, 0, 0, 0.07, 573, 434, 25416.41, 67695, 65066
1695566732, 0, 16, 318, 0, 0, 26443.36, 3, 0, 0, 0.07, 574, 434, 25416.41, 67695, 65066
1695566746, 0, 16, 319, 0, 0, 26443.36, 3, 0, 0, 0.07, 575, 434, 25416.41, 67695, 65066
1695566760, 0, 16, 319, 0, 0, 26443.36, 3, 0, 0, 0.07, 576, 434, 25416.41, 67695, 65066
1695566773, 0, 16, 320, 0, 0, 26443.36, 3, 0, 0, 0.08, 577, 434, 25416.41, 67695, 65066
1695566785, 0, 16, 321, 0, 0, 26443.36, 3, 0, 0, 0.09, 578, 434, 25416.41, 67695, 65066
1695566796, 0, 16, 321, 0, 0, 26443.36, 3, 0, 0, 0.09, 579, 434, 25416.41, 67695, 65066
1695566808, 0, 16, 321, 0, 0, 26443.36, 3, 0, 0, 0.09, 580, 434, 25416.41, 67695, 65066
1695566819, 0, 16, 321, 0, 0, 26443.36, 3, 0, 0, 0.09, 581, 434, 25416.41, 67695, 65066
1695566831, 0, 16, 322, 0, 0, 26444.14, 3, 0, 0, 0.09, 582, 434, 25417.19, 67697, 65068
1695566842, 0, 16, 322, 0, 0, 26444.14, 3, 0, 0, 0.09, 583, 434, 25417.19, 67697, 65068
1695566854, 0, 16, 322, 0, 0, 26444.14, 3, 0, 0, 0.08, 584, 434, 25417.19, 67697, 65068
1695566866, 0, 16, 322, 0, 0, 26444.14, 3, 0, 0, 0.09, 585, 434, 25417.19, 67697, 65068
1695566878, 0, 16, 322, 0, 0, 26444.14, 3, 0, 0, 0.08, 586, 434, 25417.19, 67697, 65068
1695566890, 0, 16, 322, 0, 0, 26444.14, 3, 0, 0, 0.08, 587, 434, 25417.19, 67697, 65068
1695566902, 0, 16, 322, 0, 0, 26444.14, 3, 0, 0, 0.08, 588, 434, 25417.19, 67697, 65068
1695566914, 0, 16, 323, 0, 0, 26444.14, 3, 0, 0, 0.08, 589, 434, 25417.19, 67697, 65068
1695566926, 0, 16, 323, 0, 0, 26444.14, 3, 0, 0, 0.09, 590, 434, 25417.19, 67697, 65068
1695566937, 0, 16, 323, 0, 0, 26444.14, 3, 0, 0, 0.09, 591, 434, 25417.19, 67697, 65068
1695566949, 0, 16, 324, 0, 0, 26444.14, 3, 0, 0, 0.08, 592, 434, 25417.19, 67697, 65068
1695566961, 0, 16, 324, 0, 0, 26444.14, 3, 0, 0, 0.08, 593, 434, 25417.19, 67697, 65068
1695566973, 0, 16, 325, 0, 0, 26444.14, 3, 0, 0, 0.08, 594, 434, 25417.19, 67697, 65068
1695566984, 0, 16, 325, 0, 0, 26444.14, 3, 0, 0, 0.09, 595, 434, 25417.19, 67697, 65068
1695566996, 0, 16, 325, 0, 0, 26444.14, 3, 0, 0, 0.09, 596, 434, 25417.19, 67697, 65068
1695567008, 0, 16, 325, 0, 0, 26444.14, 3, 0, 0, 0.09, 597, 434, 25417.19, 67697, 65068
1695567019, 0, 16, 326, 0, 0, 26444.14, 3, 0, 0, 0.08, 598, 434, 25417.19, 67697, 65068
1695567031, 0, 16, 326, 0, 0, 26444.14, 3, 0, 0, 0.08, 599, 434, 25417.19, 67697, 65068
1695567043, 0, 16, 326, 0, 0, 26444.14, 3, 0, 0, 0.08, 600, 434, 25417.19, 67697, 65068
1695567055, 0, 16, 326, 0, 0, 26444.14, 3, 0, 0, 0.08, 601, 434, 25417.19, 67697, 65068
1695567067, 0, 16, 326, 0, 0, 26444.14, 3, 0, 0, 0.08, 602, 434, 25417.19, 67697, 65068
1695567079, 0, 16, 326, 0, 0, 26444.14, 3, 0, 0, 0.09, 603, 434, 25417.19, 67697, 65068
1695567091, 0, 16, 326, 0, 0, 26444.14, 3, 0, 0, 0.08, 604, 434, 25417.19, 67697, 65068
1695567103, 0, 16, 327, 0, 0, 26444.14, 3, 0, 0, 0.08, 605, 434, 25417.19, 67697, 65068
1695567115, 0, 16, 328, 0, 0, 26444.14, 3, 0, 0, 0.08, 606, 434, 25417.19, 67697, 65068
1695567127, 0, 16, 328, 0, 0, 26444.14, 3, 0, 0, 0.08, 607, 434, 25417.19, 67697, 65068
1695567140, 0, 16, 328, 0, 0, 26444.14, 3, 0, 0, 0.08, 608, 434, 25417.19, 67697, 65068
1695567152, 0, 16, 328, 0, 0, 26444.14, 3, 0, 0, 0.09, 609, 434, 25417.19, 67697, 65068
1695567166, 0, 16, 329, 0, 0, 26444.14, 3, 0, 0, 0.07, 610, 434, 25417.19, 67697, 65068
1695567166, 0, 16, 329, 0, 0, 26444.14, 3, 0, 0, 0.00, 610, 434, 25417.19, 67697, 65068
