# unix_time, cycles_done, cur_path, paths_total, pending_total, pending_favs, map_size, unique_crashes, unique_hangs, max_depth, execs_per_sec, valid_inputs, invalid_inputs, valid_cov, all_covered_probes, valid_covered_probes
1695043240, 0, 0, 1, 0, 0, 761.33, 0, 0, 0, 1.34, 0, 1, 0.00, 1949, 0
1695043240, 0, 0, 6, 0, 0, 1071.48, 0, 0, 0, 41.01, 2, 12, 487.11, 2743, 1247
1695043252, 0, 0, 11, 0, 0, 1232.42, 1, 0, 0, 1.65, 5, 28, 501.95, 3155, 1285
1695043252, 0, 0, 16, 0, 0, 1644.14, 1, 0, 0, 20.00, 8, 31, 933.59, 4209, 2390
1695043252, 0, 0, 19, 0, 0, 1673.05, 1, 0, 0, 79.47, 14, 49, 938.67, 4283, 2403
1695043258, 0, 0, 20, 0, 0, 6571.09, 1, 0, 0, 1.06, 18, 51, 5916.80, 16822, 15147
1695043263, 0, 0, 24, 0, 0, 6711.33, 1, 0, 0, 2.81, 22, 60, 6055.86, 17181, 15503
1695043266, 0, 0, 26, 0, 0, 6711.33, 2, 0, 0, 4.57, 28, 69, 6055.86, 17181, 15503
1695043271, 0, 1, 29, 0, 0, 6722.27, 2, 0, 0, 1.05, 30, 72, 6066.80, 17209, 15531
1695043274, 0, 1, 31, 0, 0, 6723.05, 2, 0, 0, 6.69, 37, 86, 6067.58, 17211, 15533
1695043277, 0, 1, 35, 0, 0, 6729.69, 2, 0, 0, 7.39, 47, 96, 6074.22, 17228, 15550
1695043279, 0, 2, 37, 0, 0, 6729.69, 2, 0, 0, 11.01, 61, 111, 6074.22, 17228, 15550
1695043282, 0, 2, 40, 0, 0, 6729.69, 2, 0, 0, 3.24, 70, 112, 6074.22, 17228, 15550
1695043285, 0, 2, 42, 0, 0, 6736.33, 2, 0, 0, 3.83, 77, 114, 6080.86, 17245, 15567
1695043285, 0, 2, 44, 0, 0, 6736.33, 2, 0, 0, 8.37, 80, 115, 6080.86, 17245, 15567
1695043286, 0, 3, 45, 0, 0, 6736.33, 2, 0, 0, 110.00, 104, 124, 6080.86, 17245, 15567
1695043289, 0, 3, 46, 0, 0, 6742.97, 2, 0, 0, 1.30, 108, 124, 6087.50, 17262, 15584
1695043292, 0, 3, 47, 0, 0, 6742.97, 2, 0, 0, 1.45, 112, 125, 6087.50, 17262, 15584
1695043295, 0, 3, 49, 0, 0, 6742.97, 2, 0, 0, 5.68, 124, 129, 6087.50, 17262, 15584
1695043298, 0, 3, 50, 0, 0, 6742.97, 2, 0, 0, 3.17, 133, 129, 6087.50, 17262, 15584
1695043303, 0, 3, 53, 0, 0, 6742.97, 2, 0, 0, 1.59, 139, 131, 6087.50, 17262, 15584
1695043306, 0, 3, 54, 0, 0, 6742.97, 2, 0, 0, 0.36, 140, 131, 6087.50, 17262, 15584
1695043308, 0, 3, 57, 0, 0, 6742.97, 2, 0, 0, 1.45, 143, 132, 6087.50, 17262, 15584
1695043311, 0, 3, 58, 0, 0, 6781.25, 2, 0, 0, 0.37, 144, 132, 6125.78, 17360, 15682
1695043314, 0, 4, 61, 0, 0, 6781.25, 2, 0, 0, 5.93, 152, 140, 6125.78, 17360, 15682
1695043316, 0, 4, 63, 0, 0, 6781.25, 2, 0, 0, 2.58, 159, 140, 6125.78, 17360, 15682
1695043319, 0, 4, 66, 0, 0, 6781.25, 2, 0, 0, 5.05, 167, 144, 6125.78, 17360, 15682
1695043321, 0, 4, 67, 0, 0, 6781.25, 2, 0, 0, 0.43, 168, 144, 6125.78, 17360, 15682
1695043324, 0, 4, 68, 0, 0, 6781.25, 2, 0, 0, 1.78, 170, 147, 6125.78, 17360, 15682
1695043327, 0, 4, 71, 0, 0, 6781.25, 2, 0, 0, 3.74, 178, 149, 6125.78, 17360, 15682
1695043328, 0, 4, 71, 0, 0, 6781.25, 2, 0, 0, 4.84, 184, 152, 6125.78, 17360, 15682
1695043331, 0, 5, 75, 0, 0, 6782.03, 2, 0, 0, 3.55, 190, 156, 6125.78, 17362, 15682
1695043333, 0, 5, 76, 0, 0, 6785.94, 2, 0, 0, 2.49, 193, 158, 6129.69, 17372, 15692
1695043337, 0, 5, 81, 0, 0, 6788.67, 2, 0, 0, 10.08, 202, 184, 6129.69, 17379, 15692
1695043339, 0, 5, 82, 0, 0, 6789.06, 2, 0, 0, 2.82, 205, 188, 6130.08, 17380, 15693
1695043343, 0, 6, 84, 0, 0, 6789.06, 2, 0, 0, 12.13, 222, 212, 6130.08, 17380, 15693
1695043345, 0, 6, 85, 0, 0, 6789.06, 2, 0, 0, 1.74, 227, 212, 6130.08, 17380, 15693
1695043347, 0, 6, 85, 0, 0, 6789.06, 3, 0, 0, 1.02, 228, 213, 6130.08, 17380, 15693
1695043349, 0, 6, 85, 0, 0, 6789.06, 3, 0, 0, 2.62, 232, 214, 6130.08, 17380, 15693
1695043356, 0, 6, 86, 0, 0, 6816.02, 3, 0, 0, 0.30, 234, 214, 6157.03, 17449, 15762
1695043359, 0, 7, 89, 0, 0, 6816.02, 3, 0, 0, 10.36, 263, 220, 6157.03, 17449, 15762
1695043362, 0, 7, 90, 0, 0, 6816.02, 3, 0, 0, 8.83, 277, 228, 6157.03, 17449, 15762
1695043365, 0, 7, 91, 0, 0, 6816.02, 3, 0, 0, 3.32, 285, 231, 6157.03, 17449, 15762
1695043368, 0, 7, 92, 0, 0, 6816.02, 3, 0, 0, 0.34, 286, 231, 6157.03, 17449, 15762
1695043371, 0, 7, 93, 0, 0, 6816.02, 3, 0, 0, 1.99, 290, 232, 6157.03, 17449, 15762
1695043372, 0, 7, 94, 0, 0, 6816.02, 3, 0, 0, 9.07, 302, 235, 6157.03, 17449, 15762
1695043375, 0, 7, 95, 0, 0, 6816.02, 3, 0, 0, 0.84, 304, 235, 6157.03, 17449, 15762
1695043377, 0, 8, 96, 0, 0, 6816.02, 3, 0, 0, 1.95, 308, 235, 6157.03, 17449, 15762
1695043382, 0, 9, 97, 0, 0, 6816.02, 3, 0, 0, 0.61, 310, 236, 6157.03, 17449, 15762
1695043385, 0, 9, 99, 0, 0, 6816.02, 3, 0, 0, 7.58, 319, 249, 6157.03, 17449, 15762
1695043388, 0, 9, 99, 0, 0, 6816.02, 3, 0, 0, 4.34, 324, 257, 6157.03, 17449, 15762
1695043390, 0, 9, 99, 0, 0, 6816.02, 3, 0, 0, 0.79, 325, 258, 6157.03, 17449, 15762
1695043392, 0, 9, 100, 0, 0, 6816.02, 3, 0, 0, 14.31, 336, 274, 6157.03, 17449, 15762
1695043395, 0, 9, 100, 0, 0, 6816.02, 3, 0, 0, 1.62, 338, 277, 6157.03, 17449, 15762
1695043398, 0, 9, 100, 0, 0, 6816.02, 3, 0, 0, 0.37, 338, 278, 6157.03, 17449, 15762
1695043400, 0, 9, 101, 0, 0, 6816.02, 3, 0, 0, 2.61, 342, 281, 6157.03, 17449, 15762
1695043403, 0, 10, 103, 0, 0, 6816.02, 3, 0, 0, 24.10, 358, 320, 6157.03, 17449, 15762
1695043405, 0, 10, 103, 0, 0, 6816.02, 3, 0, 0, 0.38, 359, 320, 6157.03, 17449, 15762
1695043409, 0, 11, 104, 0, 0, 6816.02, 3, 0, 0, 7.95, 379, 328, 6157.03, 17449, 15762
1695043411, 0, 11, 104, 0, 0, 6816.02, 3, 0, 0, 3.31, 384, 330, 6157.03, 17449, 15762
1695043414, 0, 11, 105, 0, 0, 6816.02, 3, 0, 0, 4.46, 395, 330, 6157.03, 17449, 15762
1695043416, 0, 11, 105, 0, 0, 6816.02, 3, 0, 0, 3.42, 403, 331, 6157.03, 17449, 15762
1695043421, 0, 11, 105, 0, 0, 6816.02, 3, 0, 0, 2.73, 413, 333, 6157.03, 17449, 15762
1695043424, 0, 11, 107, 0, 0, 6819.53, 3, 0, 0, 2.94, 422, 335, 6160.55, 17458, 15771
1695043428, 0, 11, 108, 0, 0, 6819.53, 3, 0, 0, 4.44, 434, 339, 6160.55, 17458, 15771
1695043430, 0, 11, 108, 0, 0, 6819.53, 3, 0, 0, 4.86, 443, 342, 6160.55, 17458, 15771
1695043435, 0, 12, 110, 0, 0, 6819.53, 3, 0, 0, 4.55, 458, 348, 6160.55, 17458, 15771
1695043438, 0, 12, 112, 0, 0, 6819.53, 3, 0, 0, 8.85, 479, 358, 6160.55, 17458, 15771
1695043442, 0, 12, 113, 0, 0, 6819.53, 3, 0, 0, 0.88, 481, 359, 6160.55, 17458, 15771
1695043445, 0, 12, 115, 0, 0, 6819.53, 3, 0, 0, 6.28, 494, 363, 6160.55, 17458, 15771
1695043448, 0, 12, 116, 0, 0, 6819.53, 3, 0, 0, 3.81, 504, 365, 6160.55, 17458, 15771
1695043453, 0, 12, 116, 0, 0, 6819.53, 3, 0, 0, 3.95, 518, 372, 6160.55, 17458, 15771
1695043464, 0, 12, 117, 0, 0, 6819.53, 3, 0, 0, 0.09, 519, 372, 6160.55, 17458, 15771
1695043467, 0, 12, 118, 0, 0, 6819.53, 3, 0, 0, 3.91, 530, 374, 6160.55, 17458, 15771
1695043470, 0, 13, 118, 0, 0, 6819.53, 3, 0, 0, 8.22, 548, 379, 6160.55, 17458, 15771
1695043473, 0, 13, 120, 0, 0, 6819.53, 3, 0, 0, 4.84, 561, 380, 6160.55, 17458, 15771
1695043478, 0, 13, 121, 0, 0, 6819.53, 3, 0, 0, 0.43, 563, 380, 6160.55, 17458, 15771
1695043481, 0, 13, 124, 0, 0, 6819.53, 3, 0, 0, 5.92, 574, 387, 6160.55, 17458, 15771
1695043484, 0, 13, 126, 0, 0, 6819.53, 3, 0, 0, 0.54, 576, 387, 6160.55, 17458, 15771
1695043487, 0, 13, 127, 0, 0, 6819.53, 3, 0, 0, 1.25, 579, 387, 6160.55, 17458, 15771
1695043492, 0, 13, 128, 0, 0, 6819.53, 3, 0, 0, 0.79, 581, 389, 6160.55, 17458, 15771
1695043494, 0, 13, 128, 0, 0, 6819.53, 3, 0, 0, 1.49, 584, 390, 6160.55, 17458, 15771
1695043497, 0, 13, 129, 0, 0, 6819.53, 3, 0, 0, 2.61, 590, 391, 6160.55, 17458, 15771
1695043502, 0, 13, 130, 0, 0, 6819.53, 3, 0, 0, 0.22, 591, 391, 6160.55, 17458, 15771
1695043504, 0, 14, 130, 0, 0, 6819.53, 3, 0, 0, 1.34, 592, 393, 6160.55, 17458, 15771
1695043508, 0, 14, 130, 0, 0, 6819.53, 3, 0, 0, 0.54, 594, 393, 6160.55, 17458, 15771
1695043512, 0, 14, 131, 0, 0, 6819.53, 3, 0, 0, 0.26, 595, 393, 6160.55, 17458, 15771
1695043515, 0, 14, 132, 0, 0, 6819.53, 3, 0, 0, 2.47, 599, 397, 6160.55, 17458, 15771
1695043517, 0, 14, 133, 0, 0, 6819.53, 3, 0, 0, 5.69, 604, 407, 6160.55, 17458, 15771
1695043524, 0, 14, 134, 0, 0, 6819.53, 3, 0, 0, 2.00, 610, 414, 6160.55, 17458, 15771
1695043527, 0, 14, 134, 0, 0, 6819.53, 3, 0, 0, 1.49, 612, 417, 6160.55, 17458, 15771
1695043528, 0, 14, 135, 0, 0, 6819.53, 3, 0, 0, 112.58, 628, 435, 6160.55, 17458, 15771
1695043531, 0, 15, 136, 0, 0, 6819.53, 3, 0, 0, 7.02, 633, 454, 6160.55, 17458, 15771
1695043534, 0, 15, 137, 0, 0, 6819.53, 3, 0, 0, 4.19, 638, 462, 6160.55, 17458, 15771
1695043534, 0, 15, 137, 0, 0, 6819.53, 3, 0, 0, 94.46, 643, 486, 6160.55, 17458, 15771
1695043535, 0, 15, 137, 0, 0, 6819.53, 3, 0, 0, 46.67, 647, 496, 6160.55, 17458, 15771
1695043538, 0, 16, 138, 0, 0, 6820.31, 3, 0, 0, 10.97, 656, 521, 6161.33, 17460, 15773
1695043542, 0, 16, 139, 0, 0, 6820.31, 3, 0, 0, 1.57, 659, 525, 6161.33, 17460, 15773
1695043545, 0, 16, 139, 0, 0, 6820.31, 3, 0, 0, 3.38, 663, 531, 6161.33, 17460, 15773
1695043548, 0, 16, 139, 0, 0, 6820.31, 3, 0, 0, 3.52, 670, 533, 6161.33, 17460, 15773
1695043550, 0, 16, 140, 0, 0, 6835.94, 3, 0, 0, 0.74, 671, 534, 6176.95, 17500, 15813
1695043556, 0, 16, 140, 0, 0, 6835.94, 3, 0, 0, 3.25, 681, 543, 6176.95, 17500, 15813
1695043559, 0, 17, 140, 0, 0, 6835.94, 3, 0, 0, 7.42, 691, 555, 6176.95, 17500, 15813
1695043562, 0, 17, 141, 0, 0, 6835.94, 3, 0, 0, 0.97, 694, 555, 6176.95, 17500, 15813
1695043566, 0, 17, 142, 0, 0, 6835.94, 3, 0, 0, 5.86, 707, 561, 6176.95, 17500, 15813
1695043569, 0, 17, 144, 0, 0, 6835.94, 3, 0, 0, 2.82, 717, 561, 6176.95, 17500, 15813
1695043571, 0, 17, 144, 0, 0, 6835.94, 3, 0, 0, 2.24, 718, 565, 6176.95, 17500, 15813
1695043574, 0, 18, 145, 0, 0, 6835.94, 3, 0, 0, 13.82, 737, 583, 6176.95, 17500, 15813
1695043577, 0, 18, 145, 0, 0, 6835.94, 3, 0, 0, 4.20, 740, 591, 6176.95, 17500, 15813
1695043581, 0, 18, 145, 0, 0, 6835.94, 3, 0, 0, 4.33, 745, 607, 6176.95, 17500, 15813
1695043585, 0, 18, 145, 0, 0, 6835.94, 3, 0, 0, 0.61, 747, 607, 6176.95, 17500, 15813
1695043589, 0, 18, 146, 0, 0, 6835.94, 3, 0, 0, 0.53, 749, 607, 6176.95, 17500, 15813
1695043591, 0, 18, 146, 0, 0, 6835.94, 3, 0, 0, 2.19, 750, 612, 6176.95, 17500, 15813
1695043596, 0, 18, 147, 0, 0, 6835.94, 3, 0, 0, 2.30, 755, 617, 6176.95, 17500, 15813
1695043602, 0, 18, 148, 0, 0, 6835.94, 3, 0, 0, 0.15, 756, 617, 6176.95, 17500, 15813
1695043605, 0, 18, 149, 0, 0, 6835.94, 3, 0, 0, 5.05, 761, 625, 6176.95, 17500, 15813
1695043608, 0, 18, 149, 0, 0, 6835.94, 3, 0, 0, 1.14, 762, 627, 6176.95, 17500, 15813
1695043610, 0, 18, 149, 0, 0, 6835.94, 3, 0, 0, 1.87, 765, 629, 6176.95, 17500, 15813
1695043613, 0, 19, 149, 0, 0, 6835.94, 3, 0, 0, 3.54, 768, 637, 6176.95, 17500, 15813
1695043617, 0, 19, 150, 0, 0, 6835.94, 3, 0, 0, 0.31, 769, 637, 6176.95, 17500, 15813
1695043619, 0, 19, 150, 0, 0, 6835.94, 3, 0, 0, 0.35, 770, 637, 6176.95, 17500, 15813
1695043622, 0, 19, 150, 0, 0, 6835.94, 3, 0, 0, 0.36, 771, 637, 6176.95, 17500, 15813
1695043625, 0, 19, 151, 0, 0, 6835.94, 3, 0, 0, 0.34, 772, 637, 6176.95, 17500, 15813
1695043628, 0, 19, 151, 0, 0, 6835.94, 3, 0, 0, 0.35, 773, 637, 6176.95, 17500, 15813
1695043631, 0, 19, 151, 0, 0, 6835.94, 3, 0, 0, 0.32, 774, 637, 6176.95, 17500, 15813
1695043634, 0, 19, 151, 0, 0, 6835.94, 3, 0, 0, 0.37, 775, 637, 6176.95, 17500, 15813
1695043637, 0, 19, 151, 0, 0, 6835.94, 3, 0, 0, 0.38, 776, 637, 6176.95, 17500, 15813
1695043640, 0, 19, 151, 0, 0, 6835.94, 3, 0, 0, 0.33, 777, 637, 6176.95, 17500, 15813
1695043642, 0, 19, 151, 0, 0, 6835.94, 3, 0, 0, 0.36, 778, 637, 6176.95, 17500, 15813
1695043646, 0, 19, 151, 0, 0, 6835.94, 3, 0, 0, 0.31, 779, 637, 6176.95, 17500, 15813
1695043648, 0, 19, 151, 0, 0, 6835.94, 3, 0, 0, 0.39, 780, 637, 6176.95, 17500, 15813
1695043651, 0, 19, 151, 0, 0, 6835.94, 3, 0, 0, 0.42, 781, 637, 6176.95, 17500, 15813
1695043653, 0, 19, 151, 0, 0, 6835.94, 3, 0, 0, 0.36, 782, 637, 6176.95, 17500, 15813
1695043656, 0, 19, 151, 0, 0, 6835.94, 3, 0, 0, 0.37, 783, 637, 6176.95, 17500, 15813
1695043659, 0, 19, 151, 0, 0, 6835.94, 3, 0, 0, 0.33, 784, 637, 6176.95, 17500, 15813
1695043662, 0, 19, 152, 0, 0, 6835.94, 3, 0, 0, 0.35, 785, 637, 6176.95, 17500, 15813
1695043664, 0, 19, 153, 0, 0, 6835.94, 3, 0, 0, 0.40, 786, 637, 6176.95, 17500, 15813
1695043667, 0, 19, 153, 0, 0, 6835.94, 3, 0, 0, 0.36, 787, 637, 6176.95, 17500, 15813
1695043670, 0, 19, 153, 0, 0, 6835.94, 3, 0, 0, 0.36, 788, 637, 6176.95, 17500, 15813
1695043673, 0, 19, 153, 0, 0, 6835.94, 3, 0, 0, 0.37, 789, 637, 6176.95, 17500, 15813
1695043676, 0, 19, 153, 0, 0, 6835.94, 3, 0, 0, 0.34, 790, 637, 6176.95, 17500, 15813
1695043679, 0, 19, 153, 0, 0, 6835.94, 3, 0, 0, 0.32, 791, 637, 6176.95, 17500, 15813
1695043682, 0, 19, 153, 0, 0, 6835.94, 3, 0, 0, 0.31, 792, 637, 6176.95, 17500, 15813
1695043685, 0, 19, 153, 0, 0, 6835.94, 3, 0, 0, 0.38, 793, 637, 6176.95, 17500, 15813
1695043687, 0, 19, 153, 0, 0, 6835.94, 3, 0, 0, 0.34, 794, 637, 6176.95, 17500, 15813
1695043690, 0, 19, 154, 0, 0, 6835.94, 3, 0, 0, 0.34, 795, 637, 6176.95, 17500, 15813
1695043694, 0, 19, 155, 0, 0, 6835.94, 3, 0, 0, 0.28, 796, 637, 6176.95, 17500, 15813
1695043697, 0, 19, 156, 0, 0, 6835.94, 3, 0, 0, 0.36, 797, 637, 6176.95, 17500, 15813
1695043700, 0, 19, 156, 0, 0, 6835.94, 3, 0, 0, 0.37, 798, 637, 6176.95, 17500, 15813
1695043703, 0, 19, 156, 0, 0, 6835.94, 3, 0, 0, 0.32, 799, 637, 6176.95, 17500, 15813
1695043706, 0, 19, 156, 0, 0, 6835.94, 3, 0, 0, 0.30, 800, 637, 6176.95, 17500, 15813
1695043708, 0, 19, 156, 0, 0, 6835.94, 3, 0, 0, 0.42, 801, 637, 6176.95, 17500, 15813
1695043711, 0, 19, 156, 0, 0, 6835.94, 3, 0, 0, 0.35, 802, 637, 6176.95, 17500, 15813
1695043714, 0, 19, 156, 0, 0, 6835.94, 3, 0, 0, 0.37, 803, 637, 6176.95, 17500, 15813
1695043717, 0, 19, 156, 0, 0, 6835.94, 3, 0, 0, 0.36, 804, 637, 6176.95, 17500, 15813
1695043719, 0, 19, 156, 0, 0, 6835.94, 3, 0, 0, 0.41, 805, 637, 6176.95, 17500, 15813
1695043722, 0, 19, 156, 0, 0, 6835.94, 3, 0, 0, 0.39, 806, 637, 6176.95, 17500, 15813
1695043724, 0, 19, 157, 0, 0, 6835.94, 3, 0, 0, 0.38, 807, 637, 6176.95, 17500, 15813
1695043727, 0, 19, 157, 0, 0, 6835.94, 3, 0, 0, 0.38, 808, 637, 6176.95, 17500, 15813
1695043730, 0, 19, 157, 0, 0, 6835.94, 3, 0, 0, 0.36, 809, 637, 6176.95, 17500, 15813
1695043732, 0, 19, 157, 0, 0, 6835.94, 3, 0, 0, 0.39, 810, 637, 6176.95, 17500, 15813
1695043735, 0, 19, 157, 0, 0, 6835.94, 3, 0, 0, 0.31, 811, 637, 6176.95, 17500, 15813
1695043739, 0, 19, 157, 0, 0, 6835.94, 3, 0, 0, 0.32, 812, 637, 6176.95, 17500, 15813
1695043742, 0, 19, 157, 0, 0, 6835.94, 3, 0, 0, 0.30, 813, 637, 6176.95, 17500, 15813
1695043745, 0, 19, 157, 0, 0, 6835.94, 3, 0, 0, 0.35, 814, 637, 6176.95, 17500, 15813
1695043747, 0, 19, 157, 0, 0, 6835.94, 3, 0, 0, 0.40, 815, 637, 6176.95, 17500, 15813
1695043751, 0, 19, 157, 0, 0, 6835.94, 3, 0, 0, 0.30, 816, 637, 6176.95, 17500, 15813
1695043754, 0, 19, 157, 0, 0, 6835.94, 3, 0, 0, 0.34, 817, 637, 6176.95, 17500, 15813
1695043756, 0, 19, 157, 0, 0, 6835.94, 3, 0, 0, 0.37, 818, 637, 6176.95, 17500, 15813
1695043759, 0, 19, 157, 0, 0, 6835.94, 3, 0, 0, 0.37, 819, 637, 6176.95, 17500, 15813
1695043762, 0, 19, 157, 0, 0, 6835.94, 3, 0, 0, 0.36, 820, 637, 6176.95, 17500, 15813
1695043765, 0, 19, 157, 0, 0, 6835.94, 3, 0, 0, 0.32, 821, 637, 6176.95, 17500, 15813
1695043768, 0, 19, 157, 0, 0, 6835.94, 3, 0, 0, 0.36, 822, 637, 6176.95, 17500, 15813
1695043770, 0, 19, 157, 0, 0, 6835.94, 3, 0, 0, 0.38, 823, 637, 6176.95, 17500, 15813
1695043774, 0, 19, 157, 0, 0, 6835.94, 3, 0, 0, 0.29, 824, 637, 6176.95, 17500, 15813
1695043776, 0, 19, 157, 0, 0, 6835.94, 3, 0, 0, 0.37, 825, 637, 6176.95, 17500, 15813
1695043779, 0, 19, 158, 0, 0, 6835.94, 3, 0, 0, 0.38, 826, 637, 6176.95, 17500, 15813
1695043782, 0, 19, 158, 0, 0, 6835.94, 3, 0, 0, 0.38, 827, 637, 6176.95, 17500, 15813
1695043785, 0, 19, 158, 0, 0, 6835.94, 3, 0, 0, 0.31, 828, 637, 6176.95, 17500, 15813
1695043788, 0, 19, 159, 0, 0, 6835.94, 3, 0, 0, 0.38, 829, 637, 6176.95, 17500, 15813
1695043790, 0, 19, 159, 0, 0, 6835.94, 3, 0, 0, 0.34, 830, 637, 6176.95, 17500, 15813
1695043793, 0, 19, 159, 0, 0, 6835.94, 3, 0, 0, 0.36, 831, 637, 6176.95, 17500, 15813
1695043796, 0, 19, 159, 0, 0, 6835.94, 3, 0, 0, 0.42, 832, 637, 6176.95, 17500, 15813
1695043798, 0, 19, 159, 0, 0, 6835.94, 3, 0, 0, 0.35, 833, 637, 6176.95, 17500, 15813
1695043802, 0, 19, 159, 0, 0, 6835.94, 3, 0, 0, 0.33, 834, 637, 6176.95, 17500, 15813
1695043805, 0, 19, 159, 0, 0, 6835.94, 3, 0, 0, 0.30, 835, 637, 6176.95, 17500, 15813
1695043808, 0, 19, 159, 0, 0, 6835.94, 3, 0, 0, 0.35, 836, 637, 6176.95, 17500, 15813
1695043811, 0, 19, 159, 0, 0, 6835.94, 3, 0, 0, 0.34, 837, 637, 6176.95, 17500, 15813
1695043814, 0, 19, 159, 0, 0, 6835.94, 3, 0, 0, 0.29, 838, 637, 6176.95, 17500, 15813
1695043817, 0, 19, 159, 0, 0, 6835.94, 3, 0, 0, 0.33, 839, 637, 6176.95, 17500, 15813
1695043820, 0, 19, 159, 0, 0, 6835.94, 3, 0, 0, 0.35, 840, 637, 6176.95, 17500, 15813
1695043823, 0, 19, 159, 0, 0, 6835.94, 3, 0, 0, 0.33, 841, 637, 6176.95, 17500, 15813
1695043826, 0, 19, 159, 0, 0, 6835.94, 3, 0, 0, 0.33, 842, 637, 6176.95, 17500, 15813
1695043829, 0, 19, 159, 0, 0, 6835.94, 3, 0, 0, 0.34, 843, 637, 6176.95, 17500, 15813
1695043832, 0, 19, 159, 0, 0, 6835.94, 3, 0, 0, 0.38, 844, 637, 6176.95, 17500, 15813
1695043835, 0, 19, 159, 0, 0, 6835.94, 3, 0, 0, 0.29, 845, 637, 6176.95, 17500, 15813
1695043838, 0, 19, 159, 0, 0, 6835.94, 3, 0, 0, 0.38, 846, 637, 6176.95, 17500, 15813
1695043840, 0, 19, 159, 0, 0, 6835.94, 3, 0, 0, 0.41, 847, 637, 6176.95, 17500, 15813
1695043843, 0, 19, 159, 0, 0, 6835.94, 3, 0, 0, 0.34, 848, 637, 6176.95, 17500, 15813
1695043847, 0, 19, 160, 0, 0, 6835.94, 3, 0, 0, 0.23, 849, 637, 6176.95, 17500, 15813
1695043850, 0, 19, 160, 0, 0, 6835.94, 3, 0, 0, 0.31, 850, 637, 6176.95, 17500, 15813
1695043853, 0, 19, 160, 0, 0, 6835.94, 3, 0, 0, 0.34, 851, 637, 6176.95, 17500, 15813
1695043856, 0, 19, 160, 0, 0, 6835.94, 3, 0, 0, 0.35, 852, 637, 6176.95, 17500, 15813
1695043859, 0, 19, 160, 0, 0, 6835.94, 3, 0, 0, 0.35, 853, 637, 6176.95, 17500, 15813
1695043863, 0, 19, 161, 0, 0, 6835.94, 3, 0, 0, 0.30, 854, 637, 6176.95, 17500, 15813
1695043866, 0, 19, 162, 0, 0, 6835.94, 3, 0, 0, 0.31, 855, 637, 6176.95, 17500, 15813
1695043868, 0, 19, 162, 0, 0, 6835.94, 3, 0, 0, 0.41, 856, 637, 6176.95, 17500, 15813
1695043871, 0, 19, 162, 0, 0, 6835.94, 3, 0, 0, 0.35, 857, 637, 6176.95, 17500, 15813
1695043874, 0, 19, 162, 0, 0, 6835.94, 3, 0, 0, 0.30, 858, 637, 6176.95, 17500, 15813
1695043878, 0, 19, 162, 0, 0, 6835.94, 3, 0, 0, 0.32, 859, 637, 6176.95, 17500, 15813
1695043881, 0, 19, 162, 0, 0, 6835.94, 3, 0, 0, 0.28, 860, 637, 6176.95, 17500, 15813
1695043884, 0, 19, 162, 0, 0, 6835.94, 3, 0, 0, 0.41, 861, 637, 6176.95, 17500, 15813
1695043886, 0, 19, 162, 0, 0, 6835.94, 3, 0, 0, 0.36, 862, 637, 6176.95, 17500, 15813
1695043890, 0, 19, 162, 0, 0, 6835.94, 3, 0, 0, 0.30, 863, 637, 6176.95, 17500, 15813
1695043893, 0, 19, 162, 0, 0, 6835.94, 3, 0, 0, 0.29, 864, 637, 6176.95, 17500, 15813
1695043896, 0, 19, 162, 0, 0, 6835.94, 3, 0, 0, 0.33, 865, 637, 6176.95, 17500, 15813
1695043899, 0, 19, 162, 0, 0, 6835.94, 3, 0, 0, 0.31, 866, 637, 6176.95, 17500, 15813
1695043902, 0, 19, 162, 0, 0, 6835.94, 3, 0, 0, 0.36, 867, 637, 6176.95, 17500, 15813
1695043906, 0, 19, 162, 0, 0, 6835.94, 3, 0, 0, 0.27, 868, 637, 6176.95, 17500, 15813
1695043910, 0, 19, 163, 0, 0, 6835.94, 3, 0, 0, 0.25, 869, 637, 6176.95, 17500, 15813
1695043913, 0, 19, 163, 0, 0, 6835.94, 3, 0, 0, 0.31, 870, 637, 6176.95, 17500, 15813
1695043917, 0, 19, 164, 0, 0, 6835.94, 3, 0, 0, 0.26, 871, 637, 6176.95, 17500, 15813
1695043922, 0, 19, 164, 0, 0, 6835.94, 3, 0, 0, 0.20, 872, 637, 6176.95, 17500, 15813
1695043926, 0, 19, 164, 0, 0, 6835.94, 3, 0, 0, 0.26, 873, 637, 6176.95, 17500, 15813
1695043930, 0, 19, 165, 0, 0, 6835.94, 3, 0, 0, 0.26, 874, 637, 6176.95, 17500, 15813
1695043933, 0, 19, 166, 0, 0, 6835.94, 3, 0, 0, 0.29, 875, 637, 6176.95, 17500, 15813
1695043937, 0, 19, 167, 0, 0, 6835.94, 3, 0, 0, 0.24, 876, 637, 6176.95, 17500, 15813
1695043940, 0, 19, 167, 0, 0, 6835.94, 3, 0, 0, 0.39, 877, 637, 6176.95, 17500, 15813
1695043942, 0, 19, 167, 0, 0, 6835.94, 3, 0, 0, 0.42, 878, 637, 6176.95, 17500, 15813
1695043945, 0, 19, 167, 0, 0, 6835.94, 3, 0, 0, 0.31, 879, 637, 6176.95, 17500, 15813
1695043949, 0, 19, 167, 0, 0, 6835.94, 3, 0, 0, 0.32, 880, 637, 6176.95, 17500, 15813
1695043952, 0, 19, 167, 0, 0, 6835.94, 3, 0, 0, 0.32, 881, 637, 6176.95, 17500, 15813
1695043954, 0, 19, 167, 0, 0, 6835.94, 3, 0, 0, 0.36, 882, 637, 6176.95, 17500, 15813
1695043958, 0, 19, 167, 0, 0, 6835.94, 3, 0, 0, 0.31, 883, 637, 6176.95, 17500, 15813
1695043960, 0, 19, 167, 0, 0, 6835.94, 3, 0, 0, 0.38, 884, 637, 6176.95, 17500, 15813
1695043963, 0, 19, 167, 0, 0, 6835.94, 3, 0, 0, 0.38, 885, 637, 6176.95, 17500, 15813
1695043966, 0, 19, 167, 0, 0, 6835.94, 3, 0, 0, 0.33, 886, 637, 6176.95, 17500, 15813
1695043969, 0, 19, 167, 0, 0, 6835.94, 3, 0, 0, 0.33, 887, 637, 6176.95, 17500, 15813
1695043973, 0, 19, 167, 0, 0, 6835.94, 3, 0, 0, 0.27, 888, 637, 6176.95, 17500, 15813
1695043976, 0, 19, 167, 0, 0, 6835.94, 3, 0, 0, 0.36, 889, 637, 6176.95, 17500, 15813
1695043978, 0, 19, 167, 0, 0, 6835.94, 3, 0, 0, 0.35, 890, 637, 6176.95, 17500, 15813
1695043981, 0, 19, 167, 0, 0, 6835.94, 3, 0, 0, 0.47, 891, 637, 6176.95, 17500, 15813
1695043984, 0, 19, 167, 0, 0, 6835.94, 3, 0, 0, 0.30, 892, 637, 6176.95, 17500, 15813
1695043987, 0, 19, 167, 0, 0, 6835.94, 3, 0, 0, 0.32, 893, 637, 6176.95, 17500, 15813
1695043990, 0, 19, 167, 0, 0, 6835.94, 3, 0, 0, 0.31, 894, 637, 6176.95, 17500, 15813
1695043993, 0, 19, 167, 0, 0, 6835.94, 3, 0, 0, 0.35, 895, 637, 6176.95, 17500, 15813
1695043996, 0, 19, 167, 0, 0, 6835.94, 3, 0, 0, 0.30, 896, 637, 6176.95, 17500, 15813
1695043999, 0, 19, 167, 0, 0, 6835.94, 3, 0, 0, 0.34, 897, 637, 6176.95, 17500, 15813
1695044003, 0, 19, 168, 0, 0, 6836.72, 3, 0, 0, 0.30, 898, 637, 6177.73, 17502, 15815
1695044006, 0, 19, 168, 0, 0, 6836.72, 3, 0, 0, 0.33, 899, 637, 6177.73, 17502, 15815
1695044009, 0, 19, 169, 0, 0, 6836.72, 3, 0, 0, 0.31, 900, 637, 6177.73, 17502, 15815
1695044012, 0, 19, 169, 0, 0, 6836.72, 3, 0, 0, 0.31, 901, 637, 6177.73, 17502, 15815
1695044015, 0, 19, 170, 0, 0, 6836.72, 3, 0, 0, 0.32, 902, 637, 6177.73, 17502, 15815
1695044018, 0, 19, 170, 0, 0, 6836.72, 3, 0, 0, 0.34, 903, 637, 6177.73, 17502, 15815
1695044021, 0, 19, 170, 0, 0, 6836.72, 3, 0, 0, 0.34, 904, 637, 6177.73, 17502, 15815
1695044025, 0, 19, 170, 0, 0, 6836.72, 3, 0, 0, 0.28, 905, 637, 6177.73, 17502, 15815
1695044028, 0, 19, 170, 0, 0, 6836.72, 3, 0, 0, 0.34, 906, 637, 6177.73, 17502, 15815
1695044030, 0, 19, 170, 0, 0, 6836.72, 3, 0, 0, 0.35, 907, 637, 6177.73, 17502, 15815
1695044033, 0, 19, 170, 0, 0, 6836.72, 3, 0, 0, 0.33, 908, 637, 6177.73, 17502, 15815
1695044036, 0, 19, 170, 0, 0, 6836.72, 3, 0, 0, 0.43, 909, 637, 6177.73, 17502, 15815
1695044039, 0, 19, 170, 0, 0, 6836.72, 3, 0, 0, 0.34, 910, 637, 6177.73, 17502, 15815
1695044042, 0, 19, 170, 0, 0, 6836.72, 3, 0, 0, 0.34, 911, 637, 6177.73, 17502, 15815
1695044044, 0, 19, 170, 0, 0, 6836.72, 3, 0, 0, 0.36, 912, 637, 6177.73, 17502, 15815
1695044048, 0, 19, 171, 0, 0, 6836.72, 3, 0, 0, 0.33, 913, 637, 6177.73, 17502, 15815
1695044051, 0, 19, 172, 0, 0, 6836.72, 3, 0, 0, 0.31, 914, 637, 6177.73, 17502, 15815
1695044054, 0, 19, 172, 0, 0, 6836.72, 3, 0, 0, 0.33, 915, 637, 6177.73, 17502, 15815
1695044057, 0, 19, 172, 0, 0, 6836.72, 3, 0, 0, 0.32, 916, 637, 6177.73, 17502, 15815
1695044061, 0, 19, 172, 0, 0, 6836.72, 3, 0, 0, 0.28, 917, 637, 6177.73, 17502, 15815
1695044065, 0, 19, 172, 0, 0, 6836.72, 3, 0, 0, 0.24, 918, 637, 6177.73, 17502, 15815
1695044068, 0, 19, 172, 0, 0, 6836.72, 3, 0, 0, 0.32, 919, 637, 6177.73, 17502, 15815
1695044071, 0, 19, 172, 0, 0, 6836.72, 3, 0, 0, 0.33, 920, 637, 6177.73, 17502, 15815
1695044073, 0, 19, 172, 0, 0, 6836.72, 3, 0, 0, 0.41, 921, 637, 6177.73, 17502, 15815
1695044076, 0, 19, 172, 0, 0, 6836.72, 3, 0, 0, 0.35, 922, 637, 6177.73, 17502, 15815
1695044079, 0, 19, 173, 0, 0, 6836.72, 3, 0, 0, 0.34, 923, 637, 6177.73, 17502, 15815
1695044082, 0, 19, 174, 0, 0, 6836.72, 3, 0, 0, 0.35, 924, 637, 6177.73, 17502, 15815
1695044085, 0, 19, 175, 0, 0, 6836.72, 3, 0, 0, 0.33, 925, 637, 6177.73, 17502, 15815
1695044089, 0, 19, 175, 0, 0, 6836.72, 3, 0, 0, 0.29, 926, 637, 6177.73, 17502, 15815
1695044091, 0, 19, 175, 0, 0, 6836.72, 3, 0, 0, 0.35, 927, 637, 6177.73, 17502, 15815
1695044095, 0, 19, 175, 0, 0, 6836.72, 3, 0, 0, 0.28, 928, 637, 6177.73, 17502, 15815
1695044099, 0, 19, 175, 0, 0, 6836.72, 3, 0, 0, 0.29, 929, 637, 6177.73, 17502, 15815
1695044101, 0, 19, 175, 0, 0, 6836.72, 3, 0, 0, 0.35, 930, 637, 6177.73, 17502, 15815
1695044105, 0, 19, 175, 0, 0, 6836.72, 3, 0, 0, 0.25, 931, 637, 6177.73, 17502, 15815
1695044109, 0, 19, 175, 0, 0, 6836.72, 3, 0, 0, 0.29, 932, 637, 6177.73, 17502, 15815
1695044113, 0, 19, 175, 0, 0, 6836.72, 3, 0, 0, 0.27, 933, 637, 6177.73, 17502, 15815
1695044116, 0, 19, 175, 0, 0, 6836.72, 3, 0, 0, 0.26, 934, 637, 6177.73, 17502, 15815
1695044119, 0, 19, 175, 0, 0, 6836.72, 3, 0, 0, 0.35, 935, 637, 6177.73, 17502, 15815
1695044122, 0, 19, 175, 0, 0, 6836.72, 3, 0, 0, 0.32, 936, 637, 6177.73, 17502, 15815
1695044126, 0, 19, 175, 0, 0, 6836.72, 3, 0, 0, 0.30, 937, 637, 6177.73, 17502, 15815
1695044128, 0, 19, 175, 0, 0, 6836.72, 3, 0, 0, 0.38, 938, 637, 6177.73, 17502, 15815
1695044131, 0, 19, 175, 0, 0, 6836.72, 3, 0, 0, 0.33, 939, 637, 6177.73, 17502, 15815
1695044135, 0, 19, 175, 0, 0, 6836.72, 3, 0, 0, 0.30, 940, 637, 6177.73, 17502, 15815
1695044138, 0, 19, 175, 0, 0, 6836.72, 3, 0, 0, 0.32, 941, 637, 6177.73, 17502, 15815
1695044141, 0, 19, 175, 0, 0, 6836.72, 3, 0, 0, 0.30, 942, 637, 6177.73, 17502, 15815
1695044143, 0, 19, 175, 0, 0, 6836.72, 3, 0, 0, 0.44, 943, 637, 6177.73, 17502, 15815
1695044147, 0, 19, 175, 0, 0, 6836.72, 3, 0, 0, 0.32, 944, 637, 6177.73, 17502, 15815
1695044150, 0, 19, 175, 0, 0, 6836.72, 3, 0, 0, 0.32, 945, 637, 6177.73, 17502, 15815
1695044153, 0, 19, 175, 0, 0, 6836.72, 3, 0, 0, 0.31, 946, 637, 6177.73, 17502, 15815
1695044156, 0, 19, 175, 0, 0, 6836.72, 3, 0, 0, 0.34, 947, 637, 6177.73, 17502, 15815
1695044159, 0, 19, 175, 0, 0, 6836.72, 3, 0, 0, 0.33, 948, 637, 6177.73, 17502, 15815
1695044163, 0, 19, 175, 0, 0, 6836.72, 3, 0, 0, 0.25, 949, 637, 6177.73, 17502, 15815
1695044166, 0, 19, 175, 0, 0, 6836.72, 3, 0, 0, 0.32, 950, 637, 6177.73, 17502, 15815
1695044170, 0, 19, 175, 0, 0, 6836.72, 3, 0, 0, 0.29, 951, 637, 6177.73, 17502, 15815
1695044173, 0, 19, 175, 0, 0, 6836.72, 3, 0, 0, 0.30, 952, 637, 6177.73, 17502, 15815
1695044176, 0, 19, 175, 0, 0, 6836.72, 3, 0, 0, 0.29, 953, 637, 6177.73, 17502, 15815
1695044180, 0, 19, 175, 0, 0, 6836.72, 3, 0, 0, 0.31, 954, 637, 6177.73, 17502, 15815
1695044183, 0, 19, 175, 0, 0, 6836.72, 3, 0, 0, 0.31, 955, 637, 6177.73, 17502, 15815
1695044186, 0, 19, 175, 0, 0, 6836.72, 3, 0, 0, 0.29, 956, 637, 6177.73, 17502, 15815
1695044189, 0, 19, 175, 0, 0, 6836.72, 3, 0, 0, 0.32, 957, 637, 6177.73, 17502, 15815
1695044193, 0, 19, 175, 0, 0, 6836.72, 3, 0, 0, 0.32, 958, 637, 6177.73, 17502, 15815
1695044196, 0, 19, 175, 0, 0, 6836.72, 3, 0, 0, 0.32, 959, 637, 6177.73, 17502, 15815
1695044198, 0, 19, 176, 0, 0, 6836.72, 3, 0, 0, 0.38, 960, 637, 6177.73, 17502, 15815
1695044202, 0, 19, 176, 0, 0, 6836.72, 3, 0, 0, 0.29, 961, 637, 6177.73, 17502, 15815
1695044205, 0, 19, 176, 0, 0, 6836.72, 3, 0, 0, 0.32, 962, 637, 6177.73, 17502, 15815
1695044208, 0, 19, 176, 0, 0, 6836.72, 3, 0, 0, 0.30, 963, 637, 6177.73, 17502, 15815
1695044211, 0, 19, 176, 0, 0, 6836.72, 3, 0, 0, 0.34, 964, 637, 6177.73, 17502, 15815
1695044214, 0, 19, 177, 0, 0, 6836.72, 3, 0, 0, 0.30, 965, 637, 6177.73, 17502, 15815
1695044217, 0, 19, 177, 0, 0, 6836.72, 3, 0, 0, 0.33, 966, 637, 6177.73, 17502, 15815
1695044220, 0, 19, 177, 0, 0, 6836.72, 3, 0, 0, 0.33, 967, 637, 6177.73, 17502, 15815
1695044224, 0, 19, 177, 0, 0, 6836.72, 3, 0, 0, 0.31, 968, 637, 6177.73, 17502, 15815
1695044227, 0, 19, 177, 0, 0, 6836.72, 3, 0, 0, 0.30, 969, 637, 6177.73, 17502, 15815
1695044230, 0, 19, 177, 0, 0, 6836.72, 3, 0, 0, 0.30, 970, 637, 6177.73, 17502, 15815
1695044233, 0, 19, 177, 0, 0, 6836.72, 3, 0, 0, 0.33, 971, 637, 6177.73, 17502, 15815
1695044237, 0, 19, 177, 0, 0, 6836.72, 3, 0, 0, 0.31, 972, 637, 6177.73, 17502, 15815
1695044239, 0, 19, 177, 0, 0, 6836.72, 3, 0, 0, 0.42, 973, 637, 6177.73, 17502, 15815
1695044242, 0, 19, 177, 0, 0, 6836.72, 3, 0, 0, 0.34, 974, 637, 6177.73, 17502, 15815
1695044245, 0, 19, 177, 0, 0, 6836.72, 3, 0, 0, 0.34, 975, 637, 6177.73, 17502, 15815
1695044248, 0, 19, 177, 0, 0, 6836.72, 3, 0, 0, 0.30, 976, 637, 6177.73, 17502, 15815
1695044251, 0, 19, 177, 0, 0, 6836.72, 3, 0, 0, 0.32, 977, 637, 6177.73, 17502, 15815
1695044254, 0, 19, 178, 0, 0, 6836.72, 3, 0, 0, 0.33, 978, 637, 6177.73, 17502, 15815
1695044258, 0, 19, 178, 0, 0, 6836.72, 3, 0, 0, 0.30, 979, 637, 6177.73, 17502, 15815
1695044261, 0, 19, 178, 0, 0, 6836.72, 3, 0, 0, 0.28, 980, 637, 6177.73, 17502, 15815
1695044265, 0, 19, 178, 0, 0, 6836.72, 3, 0, 0, 0.27, 981, 637, 6177.73, 17502, 15815
1695044268, 0, 19, 178, 0, 0, 6836.72, 3, 0, 0, 0.31, 982, 637, 6177.73, 17502, 15815
1695044271, 0, 19, 178, 0, 0, 6836.72, 3, 0, 0, 0.32, 983, 637, 6177.73, 17502, 15815
1695044275, 0, 19, 178, 0, 0, 6836.72, 3, 0, 0, 0.29, 984, 637, 6177.73, 17502, 15815
1695044278, 0, 19, 178, 0, 0, 6836.72, 3, 0, 0, 0.33, 985, 637, 6177.73, 17502, 15815
1695044281, 0, 19, 178, 0, 0, 6836.72, 3, 0, 0, 0.32, 986, 637, 6177.73, 17502, 15815
1695044283, 0, 19, 178, 0, 0, 6836.72, 3, 0, 0, 0.39, 987, 637, 6177.73, 17502, 15815
1695044287, 0, 19, 178, 0, 0, 6836.72, 3, 0, 0, 0.31, 988, 637, 6177.73, 17502, 15815
1695044290, 0, 19, 178, 0, 0, 6836.72, 3, 0, 0, 0.32, 989, 637, 6177.73, 17502, 15815
1695044293, 0, 19, 178, 0, 0, 6836.72, 3, 0, 0, 0.34, 990, 637, 6177.73, 17502, 15815
1695044296, 0, 19, 178, 0, 0, 6836.72, 3, 0, 0, 0.35, 991, 637, 6177.73, 17502, 15815
1695044299, 0, 19, 178, 0, 0, 6836.72, 3, 0, 0, 0.33, 992, 637, 6177.73, 17502, 15815
1695044302, 0, 19, 178, 0, 0, 6836.72, 3, 0, 0, 0.30, 993, 637, 6177.73, 17502, 15815
1695044305, 0, 19, 178, 0, 0, 6836.72, 3, 0, 0, 0.33, 994, 637, 6177.73, 17502, 15815
1695044307, 0, 19, 178, 0, 0, 6836.72, 3, 0, 0, 0.45, 995, 637, 6177.73, 17502, 15815
1695044310, 0, 19, 178, 0, 0, 6836.72, 3, 0, 0, 0.36, 996, 637, 6177.73, 17502, 15815
1695044313, 0, 19, 179, 0, 0, 6836.72, 3, 0, 0, 0.28, 997, 637, 6177.73, 17502, 15815
1695044317, 0, 19, 179, 0, 0, 6836.72, 3, 0, 0, 0.28, 998, 637, 6177.73, 17502, 15815
1695044320, 0, 19, 179, 0, 0, 6836.72, 3, 0, 0, 0.37, 999, 637, 6177.73, 17502, 15815
1695044324, 0, 19, 180, 0, 0, 6836.72, 3, 0, 0, 0.24, 1000, 637, 6177.73, 17502, 15815
1695044327, 0, 19, 180, 0, 0, 6836.72, 3, 0, 0, 0.32, 1001, 637, 6177.73, 17502, 15815
1695044330, 0, 19, 180, 0, 0, 6836.72, 3, 0, 0, 0.32, 1002, 637, 6177.73, 17502, 15815
1695044334, 0, 19, 180, 0, 0, 6836.72, 3, 0, 0, 0.29, 1003, 637, 6177.73, 17502, 15815
1695044337, 0, 19, 180, 0, 0, 6836.72, 3, 0, 0, 0.34, 1004, 637, 6177.73, 17502, 15815
1695044340, 0, 19, 180, 0, 0, 6836.72, 3, 0, 0, 0.34, 1005, 637, 6177.73, 17502, 15815
1695044343, 0, 19, 180, 0, 0, 6836.72, 3, 0, 0, 0.32, 1006, 637, 6177.73, 17502, 15815
1695044346, 0, 19, 180, 0, 0, 6836.72, 3, 0, 0, 0.30, 1007, 637, 6177.73, 17502, 15815
1695044349, 0, 19, 180, 0, 0, 6836.72, 3, 0, 0, 0.34, 1008, 637, 6177.73, 17502, 15815
1695044352, 0, 19, 180, 0, 0, 6836.72, 3, 0, 0, 0.36, 1009, 637, 6177.73, 17502, 15815
1695044355, 0, 19, 180, 0, 0, 6836.72, 3, 0, 0, 0.31, 1010, 637, 6177.73, 17502, 15815
1695044358, 0, 19, 180, 0, 0, 6836.72, 3, 0, 0, 0.34, 1011, 637, 6177.73, 17502, 15815
1695044361, 0, 19, 180, 0, 0, 6836.72, 3, 0, 0, 0.33, 1012, 637, 6177.73, 17502, 15815
1695044364, 0, 19, 180, 0, 0, 6836.72, 3, 0, 0, 0.33, 1013, 637, 6177.73, 17502, 15815
1695044367, 0, 19, 180, 0, 0, 6836.72, 3, 0, 0, 0.36, 1014, 637, 6177.73, 17502, 15815
1695044370, 0, 19, 180, 0, 0, 6836.72, 3, 0, 0, 0.35, 1015, 637, 6177.73, 17502, 15815
1695044373, 0, 19, 180, 0, 0, 6836.72, 3, 0, 0, 0.31, 1016, 637, 6177.73, 17502, 15815
1695044376, 0, 19, 180, 0, 0, 6836.72, 3, 0, 0, 0.32, 1017, 637, 6177.73, 17502, 15815
1695044379, 0, 19, 180, 0, 0, 6836.72, 3, 0, 0, 0.39, 1018, 637, 6177.73, 17502, 15815
1695044382, 0, 19, 180, 0, 0, 6836.72, 3, 0, 0, 0.31, 1019, 637, 6177.73, 17502, 15815
1695044385, 0, 19, 180, 0, 0, 6836.72, 3, 0, 0, 0.33, 1020, 637, 6177.73, 17502, 15815
1695044388, 0, 19, 180, 0, 0, 6836.72, 3, 0, 0, 0.32, 1021, 637, 6177.73, 17502, 15815
1695044391, 0, 19, 180, 0, 0, 6836.72, 3, 0, 0, 0.36, 1022, 637, 6177.73, 17502, 15815
1695044394, 0, 19, 180, 0, 0, 6836.72, 3, 0, 0, 0.29, 1023, 637, 6177.73, 17502, 15815
1695044397, 0, 19, 180, 0, 0, 6836.72, 3, 0, 0, 0.32, 1024, 637, 6177.73, 17502, 15815
1695044400, 0, 19, 180, 0, 0, 6836.72, 3, 0, 0, 0.34, 1025, 637, 6177.73, 17502, 15815
1695044403, 0, 19, 180, 0, 0, 6836.72, 3, 0, 0, 0.31, 1026, 637, 6177.73, 17502, 15815
1695044406, 0, 19, 181, 0, 0, 6836.72, 3, 0, 0, 0.35, 1027, 637, 6177.73, 17502, 15815
1695044409, 0, 19, 181, 0, 0, 6836.72, 3, 0, 0, 0.34, 1028, 637, 6177.73, 17502, 15815
1695044412, 0, 19, 181, 0, 0, 6836.72, 3, 0, 0, 0.32, 1029, 637, 6177.73, 17502, 15815
1695044415, 0, 19, 181, 0, 0, 6836.72, 3, 0, 0, 0.34, 1030, 637, 6177.73, 17502, 15815
1695044418, 0, 19, 181, 0, 0, 6836.72, 3, 0, 0, 0.33, 1031, 637, 6177.73, 17502, 15815
1695044422, 0, 19, 181, 0, 0, 6836.72, 3, 0, 0, 0.31, 1032, 637, 6177.73, 17502, 15815
1695044424, 0, 19, 181, 0, 0, 6836.72, 3, 0, 0, 0.37, 1033, 637, 6177.73, 17502, 15815
1695044427, 0, 19, 181, 0, 0, 6836.72, 3, 0, 0, 0.35, 1034, 637, 6177.73, 17502, 15815
1695044430, 0, 19, 181, 0, 0, 6836.72, 3, 0, 0, 0.34, 1035, 637, 6177.73, 17502, 15815
1695044433, 0, 19, 181, 0, 0, 6836.72, 3, 0, 0, 0.32, 1036, 637, 6177.73, 17502, 15815
1695044437, 0, 19, 181, 0, 0, 6836.72, 3, 0, 0, 0.29, 1037, 637, 6177.73, 17502, 15815
1695044440, 0, 19, 181, 0, 0, 6836.72, 3, 0, 0, 0.29, 1038, 637, 6177.73, 17502, 15815
1695044443, 0, 19, 181, 0, 0, 6836.72, 3, 0, 0, 0.34, 1039, 637, 6177.73, 17502, 15815
1695044446, 0, 19, 181, 0, 0, 6836.72, 3, 0, 0, 0.32, 1040, 637, 6177.73, 17502, 15815
1695044450, 0, 19, 181, 0, 0, 6836.72, 3, 0, 0, 0.28, 1041, 637, 6177.73, 17502, 15815
1695044453, 0, 19, 181, 0, 0, 6836.72, 3, 0, 0, 0.33, 1042, 637, 6177.73, 17502, 15815
1695044456, 0, 19, 181, 0, 0, 6836.72, 3, 0, 0, 0.27, 1043, 637, 6177.73, 17502, 15815
1695044460, 0, 19, 181, 0, 0, 6836.72, 3, 0, 0, 0.26, 1044, 637, 6177.73, 17502, 15815
1695044464, 0, 19, 181, 0, 0, 6836.72, 3, 0, 0, 0.27, 1045, 637, 6177.73, 17502, 15815
1695044469, 0, 19, 182, 0, 0, 6836.72, 3, 0, 0, 0.19, 1046, 637, 6177.73, 17502, 15815
1695044473, 0, 19, 182, 0, 0, 6836.72, 3, 0, 0, 0.24, 1047, 637, 6177.73, 17502, 15815
1695044477, 0, 19, 182, 0, 0, 6836.72, 3, 0, 0, 0.28, 1048, 637, 6177.73, 17502, 15815
1695044480, 0, 19, 182, 0, 0, 6836.72, 3, 0, 0, 0.31, 1049, 637, 6177.73, 17502, 15815
1695044483, 0, 19, 182, 0, 0, 6836.72, 3, 0, 0, 0.34, 1050, 637, 6177.73, 17502, 15815
1695044486, 0, 19, 182, 0, 0, 6836.72, 3, 0, 0, 0.33, 1051, 637, 6177.73, 17502, 15815
1695044490, 0, 19, 182, 0, 0, 6836.72, 3, 0, 0, 0.29, 1052, 637, 6177.73, 17502, 15815
1695044493, 0, 19, 182, 0, 0, 6836.72, 3, 0, 0, 0.33, 1053, 637, 6177.73, 17502, 15815
1695044495, 0, 19, 182, 0, 0, 6836.72, 3, 0, 0, 0.38, 1054, 637, 6177.73, 17502, 15815
1695044498, 0, 19, 182, 0, 0, 6836.72, 3, 0, 0, 0.31, 1055, 637, 6177.73, 17502, 15815
1695044502, 0, 19, 182, 0, 0, 6836.72, 3, 0, 0, 0.30, 1056, 637, 6177.73, 17502, 15815
1695044505, 0, 19, 182, 0, 0, 6836.72, 3, 0, 0, 0.27, 1057, 637, 6177.73, 17502, 15815
1695044508, 0, 19, 182, 0, 0, 6836.72, 3, 0, 0, 0.31, 1058, 637, 6177.73, 17502, 15815
1695044512, 0, 19, 182, 0, 0, 6836.72, 3, 0, 0, 0.29, 1059, 637, 6177.73, 17502, 15815
1695044515, 0, 19, 182, 0, 0, 6836.72, 3, 0, 0, 0.29, 1060, 637, 6177.73, 17502, 15815
1695044519, 0, 19, 182, 0, 0, 6836.72, 3, 0, 0, 0.30, 1061, 637, 6177.73, 17502, 15815
1695044522, 0, 19, 182, 0, 0, 6836.72, 3, 0, 0, 0.29, 1062, 637, 6177.73, 17502, 15815
1695044526, 0, 19, 182, 0, 0, 6836.72, 3, 0, 0, 0.28, 1063, 637, 6177.73, 17502, 15815
1695044529, 0, 19, 182, 0, 0, 6836.72, 3, 0, 0, 0.31, 1064, 637, 6177.73, 17502, 15815
1695044532, 0, 19, 182, 0, 0, 6836.72, 3, 0, 0, 0.34, 1065, 637, 6177.73, 17502, 15815
1695044535, 0, 19, 182, 0, 0, 6836.72, 3, 0, 0, 0.30, 1066, 637, 6177.73, 17502, 15815
1695044538, 0, 19, 182, 0, 0, 6836.72, 3, 0, 0, 0.34, 1067, 637, 6177.73, 17502, 15815
1695044542, 0, 19, 182, 0, 0, 6836.72, 3, 0, 0, 0.30, 1068, 637, 6177.73, 17502, 15815
1695044545, 0, 19, 182, 0, 0, 6836.72, 3, 0, 0, 0.31, 1069, 637, 6177.73, 17502, 15815
1695044548, 0, 19, 182, 0, 0, 6836.72, 3, 0, 0, 0.33, 1070, 637, 6177.73, 17502, 15815
1695044552, 0, 19, 182, 0, 0, 6836.72, 3, 0, 0, 0.26, 1071, 637, 6177.73, 17502, 15815
1695044555, 0, 19, 182, 0, 0, 6836.72, 3, 0, 0, 0.32, 1072, 637, 6177.73, 17502, 15815
1695044558, 0, 19, 182, 0, 0, 6836.72, 3, 0, 0, 0.30, 1073, 637, 6177.73, 17502, 15815
1695044563, 0, 19, 182, 0, 0, 6836.72, 3, 0, 0, 0.20, 1074, 637, 6177.73, 17502, 15815
1695044567, 0, 19, 182, 0, 0, 6836.72, 3, 0, 0, 0.25, 1075, 637, 6177.73, 17502, 15815
1695044570, 0, 19, 182, 0, 0, 6836.72, 3, 0, 0, 0.30, 1076, 637, 6177.73, 17502, 15815
1695044574, 0, 19, 182, 0, 0, 6836.72, 3, 0, 0, 0.27, 1077, 637, 6177.73, 17502, 15815
1695044578, 0, 19, 182, 0, 0, 6836.72, 3, 0, 0, 0.26, 1078, 637, 6177.73, 17502, 15815
1695044582, 0, 19, 182, 0, 0, 6836.72, 3, 0, 0, 0.24, 1079, 637, 6177.73, 17502, 15815
1695044587, 0, 19, 182, 0, 0, 6836.72, 3, 0, 0, 0.22, 1080, 637, 6177.73, 17502, 15815
1695044591, 0, 19, 182, 0, 0, 6836.72, 3, 0, 0, 0.25, 1081, 637, 6177.73, 17502, 15815
1695044595, 0, 19, 182, 0, 0, 6836.72, 3, 0, 0, 0.22, 1082, 637, 6177.73, 17502, 15815
1695044599, 0, 19, 182, 0, 0, 6836.72, 3, 0, 0, 0.25, 1083, 637, 6177.73, 17502, 15815
1695044604, 0, 19, 182, 0, 0, 6836.72, 3, 0, 0, 0.22, 1084, 637, 6177.73, 17502, 15815
1695044607, 0, 19, 182, 0, 0, 6836.72, 3, 0, 0, 0.31, 1085, 637, 6177.73, 17502, 15815
1695044612, 0, 19, 182, 0, 0, 6836.72, 3, 0, 0, 0.21, 1086, 637, 6177.73, 17502, 15815
1695044616, 0, 19, 182, 0, 0, 6836.72, 3, 0, 0, 0.23, 1087, 637, 6177.73, 17502, 15815
1695044621, 0, 19, 182, 0, 0, 6836.72, 3, 0, 0, 0.23, 1088, 637, 6177.73, 17502, 15815
1695044625, 0, 19, 183, 0, 0, 6836.72, 3, 0, 0, 0.24, 1089, 637, 6177.73, 17502, 15815
1695044628, 0, 19, 183, 0, 0, 6836.72, 3, 0, 0, 0.26, 1090, 637, 6177.73, 17502, 15815
1695044632, 0, 19, 183, 0, 0, 6836.72, 3, 0, 0, 0.26, 1091, 637, 6177.73, 17502, 15815
1695044636, 0, 19, 183, 0, 0, 6836.72, 3, 0, 0, 0.24, 1092, 637, 6177.73, 17502, 15815
1695044640, 0, 19, 183, 0, 0, 6836.72, 3, 0, 0, 0.30, 1093, 637, 6177.73, 17502, 15815
1695044644, 0, 19, 183, 0, 0, 6836.72, 3, 0, 0, 0.27, 1094, 637, 6177.73, 17502, 15815
1695044647, 0, 19, 183, 0, 0, 6836.72, 3, 0, 0, 0.29, 1095, 637, 6177.73, 17502, 15815
1695044651, 0, 19, 183, 0, 0, 6836.72, 3, 0, 0, 0.28, 1096, 637, 6177.73, 17502, 15815
1695044654, 0, 19, 183, 0, 0, 6836.72, 3, 0, 0, 0.33, 1097, 637, 6177.73, 17502, 15815
1695044657, 0, 19, 183, 0, 0, 6836.72, 3, 0, 0, 0.29, 1098, 637, 6177.73, 17502, 15815
1695044661, 0, 19, 183, 0, 0, 6836.72, 3, 0, 0, 0.27, 1099, 637, 6177.73, 17502, 15815
1695044664, 0, 19, 183, 0, 0, 6836.72, 3, 0, 0, 0.27, 1100, 637, 6177.73, 17502, 15815
1695044668, 0, 19, 183, 0, 0, 6836.72, 3, 0, 0, 0.26, 1101, 637, 6177.73, 17502, 15815
1695044672, 0, 19, 183, 0, 0, 6836.72, 3, 0, 0, 0.29, 1102, 637, 6177.73, 17502, 15815
1695044675, 0, 19, 183, 0, 0, 6836.72, 3, 0, 0, 0.26, 1103, 637, 6177.73, 17502, 15815
1695044679, 0, 19, 183, 0, 0, 6836.72, 3, 0, 0, 0.26, 1104, 637, 6177.73, 17502, 15815
1695044683, 0, 19, 183, 0, 0, 6836.72, 3, 0, 0, 0.28, 1105, 637, 6177.73, 17502, 15815
1695044686, 0, 19, 183, 0, 0, 6836.72, 3, 0, 0, 0.30, 1106, 637, 6177.73, 17502, 15815
1695044689, 0, 19, 183, 0, 0, 6836.72, 3, 0, 0, 0.35, 1107, 637, 6177.73, 17502, 15815
1695044692, 0, 19, 183, 0, 0, 6836.72, 3, 0, 0, 0.31, 1108, 637, 6177.73, 17502, 15815
1695044695, 0, 19, 183, 0, 0, 6836.72, 3, 0, 0, 0.32, 1109, 637, 6177.73, 17502, 15815
1695044699, 0, 19, 183, 0, 0, 6836.72, 3, 0, 0, 0.30, 1110, 637, 6177.73, 17502, 15815
1695044702, 0, 19, 183, 0, 0, 6836.72, 3, 0, 0, 0.28, 1111, 637, 6177.73, 17502, 15815
1695044706, 0, 19, 183, 0, 0, 6836.72, 3, 0, 0, 0.24, 1112, 637, 6177.73, 17502, 15815
1695044710, 0, 19, 183, 0, 0, 6836.72, 3, 0, 0, 0.31, 1113, 637, 6177.73, 17502, 15815
1695044713, 0, 19, 183, 0, 0, 6836.72, 3, 0, 0, 0.31, 1114, 637, 6177.73, 17502, 15815
1695044716, 0, 19, 183, 0, 0, 6836.72, 3, 0, 0, 0.34, 1115, 637, 6177.73, 17502, 15815
1695044718, 0, 19, 183, 0, 0, 6836.72, 3, 0, 0, 0.37, 1116, 637, 6177.73, 17502, 15815
1695044722, 0, 19, 183, 0, 0, 6836.72, 3, 0, 0, 0.32, 1117, 637, 6177.73, 17502, 15815
1695044725, 0, 19, 183, 0, 0, 6836.72, 3, 0, 0, 0.30, 1118, 637, 6177.73, 17502, 15815
1695044729, 0, 19, 183, 0, 0, 6836.72, 3, 0, 0, 0.27, 1119, 637, 6177.73, 17502, 15815
1695044731, 0, 19, 183, 0, 0, 6836.72, 3, 0, 0, 0.35, 1120, 637, 6177.73, 17502, 15815
1695044735, 0, 19, 183, 0, 0, 6836.72, 3, 0, 0, 0.29, 1121, 637, 6177.73, 17502, 15815
1695044739, 0, 19, 184, 0, 0, 6836.72, 3, 0, 0, 0.27, 1122, 637, 6177.73, 17502, 15815
1695044742, 0, 19, 184, 0, 0, 6836.72, 3, 0, 0, 0.31, 1123, 637, 6177.73, 17502, 15815
1695044745, 0, 19, 185, 0, 0, 6836.72, 3, 0, 0, 0.30, 1124, 637, 6177.73, 17502, 15815
1695044750, 0, 19, 185, 0, 0, 6836.72, 3, 0, 0, 0.21, 1125, 637, 6177.73, 17502, 15815
1695044754, 0, 19, 185, 0, 0, 6836.72, 3, 0, 0, 0.27, 1126, 637, 6177.73, 17502, 15815
1695044757, 0, 19, 186, 0, 0, 6836.72, 3, 0, 0, 0.32, 1127, 637, 6177.73, 17502, 15815
1695044760, 0, 19, 186, 0, 0, 6836.72, 3, 0, 0, 0.27, 1128, 637, 6177.73, 17502, 15815
1695044764, 0, 19, 186, 0, 0, 6836.72, 3, 0, 0, 0.26, 1129, 637, 6177.73, 17502, 15815
1695044768, 0, 19, 187, 0, 0, 6836.72, 3, 0, 0, 0.28, 1130, 637, 6177.73, 17502, 15815
1695044772, 0, 19, 188, 0, 0, 6836.72, 3, 0, 0, 0.26, 1131, 637, 6177.73, 17502, 15815
1695044775, 0, 19, 189, 0, 0, 6836.72, 3, 0, 0, 0.29, 1132, 637, 6177.73, 17502, 15815
1695044784, 0, 19, 190, 0, 0, 6836.72, 3, 0, 0, 0.11, 1133, 637, 6177.73, 17502, 15815
1695044788, 0, 19, 190, 0, 0, 6836.72, 3, 0, 0, 0.25, 1134, 637, 6177.73, 17502, 15815
1695044792, 0, 19, 190, 0, 0, 6836.72, 3, 0, 0, 0.25, 1135, 637, 6177.73, 17502, 15815
1695044798, 0, 19, 190, 0, 0, 6836.72, 3, 0, 0, 0.15, 1136, 637, 6177.73, 17502, 15815
1695044803, 0, 19, 190, 0, 0, 6836.72, 3, 0, 0, 0.24, 1137, 637, 6177.73, 17502, 15815
1695044807, 0, 19, 190, 0, 0, 6836.72, 3, 0, 0, 0.23, 1138, 637, 6177.73, 17502, 15815
1695044812, 0, 19, 190, 0, 0, 6836.72, 3, 0, 0, 0.19, 1139, 637, 6177.73, 17502, 15815
1695044816, 0, 19, 190, 0, 0, 6836.72, 3, 0, 0, 0.26, 1140, 637, 6177.73, 17502, 15815
1695044821, 0, 19, 190, 0, 0, 6836.72, 3, 0, 0, 0.20, 1141, 637, 6177.73, 17502, 15815
1695044825, 0, 19, 190, 0, 0, 6836.72, 3, 0, 0, 0.24, 1142, 637, 6177.73, 17502, 15815
1695044829, 0, 19, 190, 0, 0, 6836.72, 3, 0, 0, 0.25, 1143, 637, 6177.73, 17502, 15815
1695044833, 0, 19, 190, 0, 0, 6836.72, 3, 0, 0, 0.27, 1144, 637, 6177.73, 17502, 15815
1695044837, 0, 19, 190, 0, 0, 6836.72, 3, 0, 0, 0.27, 1145, 637, 6177.73, 17502, 15815
1695044841, 0, 19, 190, 0, 0, 6836.72, 3, 0, 0, 0.26, 1146, 637, 6177.73, 17502, 15815
1695044845, 0, 19, 190, 0, 0, 6836.72, 3, 0, 0, 0.24, 1147, 637, 6177.73, 17502, 15815
1695044849, 0, 19, 190, 0, 0, 6836.72, 3, 0, 0, 0.23, 1148, 637, 6177.73, 17502, 15815
1695044853, 0, 19, 190, 0, 0, 6836.72, 3, 0, 0, 0.25, 1149, 637, 6177.73, 17502, 15815
1695044857, 0, 19, 190, 0, 0, 6836.72, 3, 0, 0, 0.26, 1150, 637, 6177.73, 17502, 15815
1695044861, 0, 19, 190, 0, 0, 6836.72, 3, 0, 0, 0.27, 1151, 637, 6177.73, 17502, 15815
1695044864, 0, 19, 190, 0, 0, 6836.72, 3, 0, 0, 0.27, 1152, 637, 6177.73, 17502, 15815
1695044869, 0, 19, 190, 0, 0, 6836.72, 3, 0, 0, 0.20, 1153, 637, 6177.73, 17502, 15815
1695044873, 0, 19, 190, 0, 0, 6836.72, 3, 0, 0, 0.26, 1154, 637, 6177.73, 17502, 15815
1695044878, 0, 19, 190, 0, 0, 6836.72, 3, 0, 0, 0.23, 1155, 637, 6177.73, 17502, 15815
1695044881, 0, 19, 191, 0, 0, 6836.72, 3, 0, 0, 0.30, 1156, 637, 6177.73, 17502, 15815
1695044885, 0, 19, 191, 0, 0, 6836.72, 3, 0, 0, 0.27, 1157, 637, 6177.73, 17502, 15815
1695044889, 0, 19, 191, 0, 0, 6836.72, 3, 0, 0, 0.26, 1158, 637, 6177.73, 17502, 15815
1695044892, 0, 19, 191, 0, 0, 6836.72, 3, 0, 0, 0.28, 1159, 637, 6177.73, 17502, 15815
1695044896, 0, 19, 191, 0, 0, 6836.72, 3, 0, 0, 0.29, 1160, 637, 6177.73, 17502, 15815
1695044899, 0, 19, 191, 0, 0, 6836.72, 3, 0, 0, 0.32, 1161, 637, 6177.73, 17502, 15815
1695044902, 0, 19, 191, 0, 0, 6836.72, 3, 0, 0, 0.27, 1162, 637, 6177.73, 17502, 15815
1695044906, 0, 19, 191, 0, 0, 6836.72, 3, 0, 0, 0.26, 1163, 637, 6177.73, 17502, 15815
1695044910, 0, 19, 191, 0, 0, 6836.72, 3, 0, 0, 0.24, 1164, 637, 6177.73, 17502, 15815
1695044914, 0, 19, 191, 0, 0, 6836.72, 3, 0, 0, 0.29, 1165, 637, 6177.73, 17502, 15815
1695044917, 0, 19, 191, 0, 0, 6836.72, 3, 0, 0, 0.34, 1166, 637, 6177.73, 17502, 15815
1695044920, 0, 19, 191, 0, 0, 6836.72, 3, 0, 0, 0.28, 1167, 637, 6177.73, 17502, 15815
1695044924, 0, 19, 191, 0, 0, 6836.72, 3, 0, 0, 0.28, 1168, 637, 6177.73, 17502, 15815
1695044928, 0, 19, 192, 0, 0, 6836.72, 3, 0, 0, 0.25, 1169, 637, 6177.73, 17502, 15815
1695044932, 0, 19, 193, 0, 0, 6836.72, 3, 0, 0, 0.28, 1170, 637, 6177.73, 17502, 15815
1695044937, 0, 19, 193, 0, 0, 6836.72, 3, 0, 0, 0.18, 1171, 637, 6177.73, 17502, 15815
1695044942, 0, 19, 193, 0, 0, 6836.72, 3, 0, 0, 0.19, 1172, 637, 6177.73, 17502, 15815
1695044946, 0, 19, 193, 0, 0, 6836.72, 3, 0, 0, 0.24, 1173, 637, 6177.73, 17502, 15815
1695044950, 0, 19, 193, 0, 0, 6836.72, 3, 0, 0, 0.25, 1174, 637, 6177.73, 17502, 15815
1695044954, 0, 19, 193, 0, 0, 6836.72, 3, 0, 0, 0.29, 1175, 637, 6177.73, 17502, 15815
1695044958, 0, 19, 193, 0, 0, 6836.72, 3, 0, 0, 0.24, 1176, 637, 6177.73, 17502, 15815
1695044962, 0, 19, 193, 0, 0, 6836.72, 3, 0, 0, 0.27, 1177, 637, 6177.73, 17502, 15815
1695044965, 0, 19, 193, 0, 0, 6836.72, 3, 0, 0, 0.30, 1178, 637, 6177.73, 17502, 15815
1695044969, 0, 19, 194, 0, 0, 6836.72, 3, 0, 0, 0.26, 1179, 637, 6177.73, 17502, 15815
1695044973, 0, 19, 195, 0, 0, 6836.72, 3, 0, 0, 0.27, 1180, 637, 6177.73, 17502, 15815
1695044977, 0, 19, 196, 0, 0, 6836.72, 3, 0, 0, 0.25, 1181, 637, 6177.73, 17502, 15815
1695044982, 0, 19, 196, 0, 0, 6836.72, 3, 0, 0, 0.20, 1182, 637, 6177.73, 17502, 15815
1695044985, 0, 19, 196, 0, 0, 6836.72, 3, 0, 0, 0.25, 1183, 637, 6177.73, 17502, 15815
1695044990, 0, 19, 196, 0, 0, 6836.72, 3, 0, 0, 0.20, 1184, 637, 6177.73, 17502, 15815
1695044995, 0, 19, 196, 0, 0, 6836.72, 3, 0, 0, 0.20, 1185, 637, 6177.73, 17502, 15815
1695045000, 0, 19, 196, 0, 0, 6836.72, 3, 0, 0, 0.23, 1186, 637, 6177.73, 17502, 15815
1695045006, 0, 19, 196, 0, 0, 6836.72, 3, 0, 0, 0.16, 1187, 637, 6177.73, 17502, 15815
1695045010, 0, 19, 196, 0, 0, 6836.72, 3, 0, 0, 0.23, 1188, 637, 6177.73, 17502, 15815
1695045014, 0, 19, 196, 0, 0, 6836.72, 3, 0, 0, 0.26, 1189, 637, 6177.73, 17502, 15815
1695045018, 0, 19, 196, 0, 0, 6836.72, 3, 0, 0, 0.24, 1190, 637, 6177.73, 17502, 15815
1695045023, 0, 19, 196, 0, 0, 6836.72, 3, 0, 0, 0.24, 1191, 637, 6177.73, 17502, 15815
1695045026, 0, 19, 196, 0, 0, 6836.72, 3, 0, 0, 0.26, 1192, 637, 6177.73, 17502, 15815
1695045030, 0, 19, 196, 0, 0, 6836.72, 3, 0, 0, 0.29, 1193, 637, 6177.73, 17502, 15815
1695045034, 0, 19, 196, 0, 0, 6836.72, 3, 0, 0, 0.24, 1194, 637, 6177.73, 17502, 15815
1695045038, 0, 19, 196, 0, 0, 6836.72, 3, 0, 0, 0.24, 1195, 637, 6177.73, 17502, 15815
1695045043, 0, 19, 196, 0, 0, 6836.72, 3, 0, 0, 0.22, 1196, 637, 6177.73, 17502, 15815
1695045047, 0, 19, 196, 0, 0, 6836.72, 3, 0, 0, 0.25, 1197, 637, 6177.73, 17502, 15815
1695045051, 0, 19, 196, 0, 0, 6836.72, 3, 0, 0, 0.24, 1198, 637, 6177.73, 17502, 15815
1695045056, 0, 19, 196, 0, 0, 6836.72, 3, 0, 0, 0.23, 1199, 637, 6177.73, 17502, 15815
1695045060, 0, 19, 196, 0, 0, 6836.72, 3, 0, 0, 0.22, 1200, 637, 6177.73, 17502, 15815
1695045064, 0, 19, 196, 0, 0, 6836.72, 3, 0, 0, 0.25, 1201, 637, 6177.73, 17502, 15815
1695045068, 0, 19, 196, 0, 0, 6836.72, 3, 0, 0, 0.28, 1202, 637, 6177.73, 17502, 15815
1695045072, 0, 19, 196, 0, 0, 6836.72, 3, 0, 0, 0.22, 1203, 637, 6177.73, 17502, 15815
1695045077, 0, 19, 196, 0, 0, 6836.72, 3, 0, 0, 0.19, 1204, 637, 6177.73, 17502, 15815
1695045081, 0, 19, 196, 0, 0, 6836.72, 3, 0, 0, 0.28, 1205, 637, 6177.73, 17502, 15815
1695045085, 0, 19, 196, 0, 0, 6836.72, 3, 0, 0, 0.24, 1206, 637, 6177.73, 17502, 15815
1695045089, 0, 19, 196, 0, 0, 6836.72, 3, 0, 0, 0.23, 1207, 637, 6177.73, 17502, 15815
1695045093, 0, 19, 196, 0, 0, 6836.72, 3, 0, 0, 0.25, 1208, 637, 6177.73, 17502, 15815
1695045097, 0, 19, 196, 0, 0, 6836.72, 3, 0, 0, 0.25, 1209, 637, 6177.73, 17502, 15815
1695045102, 0, 19, 196, 0, 0, 6836.72, 3, 0, 0, 0.22, 1210, 637, 6177.73, 17502, 15815
1695045106, 0, 19, 196, 0, 0, 6836.72, 3, 0, 0, 0.25, 1211, 637, 6177.73, 17502, 15815
1695045110, 0, 19, 196, 0, 0, 6836.72, 3, 0, 0, 0.23, 1212, 637, 6177.73, 17502, 15815
1695045116, 0, 19, 196, 0, 0, 6836.72, 3, 0, 0, 0.19, 1213, 637, 6177.73, 17502, 15815
1695045121, 0, 19, 196, 0, 0, 6836.72, 3, 0, 0, 0.18, 1214, 637, 6177.73, 17502, 15815
1695045125, 0, 19, 196, 0, 0, 6836.72, 3, 0, 0, 0.24, 1215, 637, 6177.73, 17502, 15815
1695045129, 0, 19, 196, 0, 0, 6836.72, 3, 0, 0, 0.25, 1216, 637, 6177.73, 17502, 15815
1695045135, 0, 19, 196, 0, 0, 6836.72, 3, 0, 0, 0.17, 1217, 637, 6177.73, 17502, 15815
1695045140, 0, 19, 196, 0, 0, 6836.72, 3, 0, 0, 0.24, 1218, 637, 6177.73, 17502, 15815
1695045143, 0, 19, 196, 0, 0, 6836.72, 3, 0, 0, 0.25, 1219, 637, 6177.73, 17502, 15815
1695045148, 0, 19, 196, 0, 0, 6836.72, 3, 0, 0, 0.24, 1220, 637, 6177.73, 17502, 15815
1695045152, 0, 19, 196, 0, 0, 6836.72, 3, 0, 0, 0.23, 1221, 637, 6177.73, 17502, 15815
1695045156, 0, 19, 196, 0, 0, 6836.72, 3, 0, 0, 0.23, 1222, 637, 6177.73, 17502, 15815
1695045160, 0, 19, 196, 0, 0, 6836.72, 3, 0, 0, 0.25, 1223, 637, 6177.73, 17502, 15815
1695045164, 0, 19, 196, 0, 0, 6836.72, 3, 0, 0, 0.25, 1224, 637, 6177.73, 17502, 15815
1695045169, 0, 19, 196, 0, 0, 6836.72, 3, 0, 0, 0.23, 1225, 637, 6177.73, 17502, 15815
1695045173, 0, 19, 196, 0, 0, 6836.72, 3, 0, 0, 0.23, 1226, 637, 6177.73, 17502, 15815
1695045177, 0, 19, 196, 0, 0, 6836.72, 3, 0, 0, 0.25, 1227, 637, 6177.73, 17502, 15815
1695045181, 0, 19, 196, 0, 0, 6836.72, 3, 0, 0, 0.27, 1228, 637, 6177.73, 17502, 15815
1695045185, 0, 19, 196, 0, 0, 6836.72, 3, 0, 0, 0.22, 1229, 637, 6177.73, 17502, 15815
1695045189, 0, 19, 196, 0, 0, 6836.72, 3, 0, 0, 0.24, 1230, 637, 6177.73, 17502, 15815
1695045194, 0, 19, 196, 0, 0, 6836.72, 3, 0, 0, 0.24, 1231, 637, 6177.73, 17502, 15815
1695045198, 0, 19, 196, 0, 0, 6836.72, 3, 0, 0, 0.21, 1232, 637, 6177.73, 17502, 15815
1695045203, 0, 19, 196, 0, 0, 6836.72, 3, 0, 0, 0.23, 1233, 637, 6177.73, 17502, 15815
1695045206, 0, 19, 196, 0, 0, 6836.72, 3, 0, 0, 0.28, 1234, 637, 6177.73, 17502, 15815
1695045210, 0, 19, 196, 0, 0, 6836.72, 3, 0, 0, 0.25, 1235, 637, 6177.73, 17502, 15815
1695045214, 0, 19, 196, 0, 0, 6836.72, 3, 0, 0, 0.29, 1236, 637, 6177.73, 17502, 15815
1695045218, 0, 19, 196, 0, 0, 6836.72, 3, 0, 0, 0.25, 1237, 637, 6177.73, 17502, 15815
1695045222, 0, 19, 196, 0, 0, 6836.72, 3, 0, 0, 0.24, 1238, 637, 6177.73, 17502, 15815
1695045227, 0, 19, 196, 0, 0, 6836.72, 3, 0, 0, 0.21, 1239, 637, 6177.73, 17502, 15815
1695045230, 0, 19, 196, 0, 0, 6836.72, 3, 0, 0, 0.27, 1240, 637, 6177.73, 17502, 15815
1695045234, 0, 19, 196, 0, 0, 6836.72, 3, 0, 0, 0.28, 1241, 637, 6177.73, 17502, 15815
1695045238, 0, 19, 196, 0, 0, 6836.72, 3, 0, 0, 0.24, 1242, 637, 6177.73, 17502, 15815
1695045242, 0, 19, 196, 0, 0, 6836.72, 3, 0, 0, 0.27, 1243, 637, 6177.73, 17502, 15815
1695045246, 0, 19, 196, 0, 0, 6836.72, 3, 0, 0, 0.25, 1244, 637, 6177.73, 17502, 15815
1695045249, 0, 19, 196, 0, 0, 6836.72, 3, 0, 0, 0.28, 1245, 637, 6177.73, 17502, 15815
1695045254, 0, 19, 196, 0, 0, 6836.72, 3, 0, 0, 0.23, 1246, 637, 6177.73, 17502, 15815
1695045258, 0, 19, 196, 0, 0, 6836.72, 3, 0, 0, 0.24, 1247, 637, 6177.73, 17502, 15815
1695045262, 0, 19, 196, 0, 0, 6836.72, 3, 0, 0, 0.28, 1248, 637, 6177.73, 17502, 15815
1695045265, 0, 19, 196, 0, 0, 6836.72, 3, 0, 0, 0.29, 1249, 637, 6177.73, 17502, 15815
1695045268, 0, 19, 196, 0, 0, 6836.72, 3, 0, 0, 0.31, 1250, 637, 6177.73, 17502, 15815
1695045272, 0, 19, 196, 0, 0, 6836.72, 3, 0, 0, 0.27, 1251, 637, 6177.73, 17502, 15815
1695045276, 0, 19, 196, 0, 0, 6836.72, 3, 0, 0, 0.27, 1252, 637, 6177.73, 17502, 15815
1695045279, 0, 19, 196, 0, 0, 6836.72, 3, 0, 0, 0.27, 1253, 637, 6177.73, 17502, 15815
1695045283, 0, 19, 196, 0, 0, 6836.72, 3, 0, 0, 0.26, 1254, 637, 6177.73, 17502, 15815
1695045287, 0, 19, 196, 0, 0, 6836.72, 3, 0, 0, 0.27, 1255, 637, 6177.73, 17502, 15815
1695045291, 0, 19, 196, 0, 0, 6836.72, 3, 0, 0, 0.23, 1256, 637, 6177.73, 17502, 15815
1695045295, 0, 19, 196, 0, 0, 6836.72, 3, 0, 0, 0.25, 1257, 637, 6177.73, 17502, 15815
1695045299, 0, 19, 196, 0, 0, 6836.72, 3, 0, 0, 0.24, 1258, 637, 6177.73, 17502, 15815
1695045304, 0, 19, 197, 0, 0, 6836.72, 3, 0, 0, 0.22, 1259, 637, 6177.73, 17502, 15815
1695045309, 0, 19, 197, 0, 0, 6836.72, 3, 0, 0, 0.22, 1260, 637, 6177.73, 17502, 15815
1695045312, 0, 19, 197, 0, 0, 6836.72, 3, 0, 0, 0.27, 1261, 637, 6177.73, 17502, 15815
1695045316, 0, 19, 197, 0, 0, 6836.72, 3, 0, 0, 0.24, 1262, 637, 6177.73, 17502, 15815
1695045321, 0, 19, 197, 0, 0, 6836.72, 3, 0, 0, 0.21, 1263, 637, 6177.73, 17502, 15815
1695045325, 0, 19, 197, 0, 0, 6836.72, 3, 0, 0, 0.24, 1264, 637, 6177.73, 17502, 15815
1695045330, 0, 19, 197, 0, 0, 6836.72, 3, 0, 0, 0.23, 1265, 637, 6177.73, 17502, 15815
1695045334, 0, 19, 197, 0, 0, 6836.72, 3, 0, 0, 0.21, 1266, 637, 6177.73, 17502, 15815
1695045338, 0, 19, 197, 0, 0, 6836.72, 3, 0, 0, 0.25, 1267, 637, 6177.73, 17502, 15815
1695045342, 0, 19, 197, 0, 0, 6836.72, 3, 0, 0, 0.27, 1268, 637, 6177.73, 17502, 15815
1695045346, 0, 19, 197, 0, 0, 6836.72, 3, 0, 0, 0.25, 1269, 637, 6177.73, 17502, 15815
1695045350, 0, 19, 197, 0, 0, 6836.72, 3, 0, 0, 0.25, 1270, 637, 6177.73, 17502, 15815
1695045354, 0, 19, 197, 0, 0, 6836.72, 3, 0, 0, 0.27, 1271, 637, 6177.73, 17502, 15815
1695045358, 0, 19, 197, 0, 0, 6836.72, 3, 0, 0, 0.27, 1272, 637, 6177.73, 17502, 15815
1695045362, 0, 19, 197, 0, 0, 6836.72, 3, 0, 0, 0.24, 1273, 637, 6177.73, 17502, 15815
1695045365, 0, 19, 197, 0, 0, 6836.72, 3, 0, 0, 0.29, 1274, 637, 6177.73, 17502, 15815
1695045369, 0, 19, 197, 0, 0, 6836.72, 3, 0, 0, 0.25, 1275, 637, 6177.73, 17502, 15815
1695045373, 0, 19, 197, 0, 0, 6836.72, 3, 0, 0, 0.25, 1276, 637, 6177.73, 17502, 15815
1695045377, 0, 19, 197, 0, 0, 6836.72, 3, 0, 0, 0.24, 1277, 637, 6177.73, 17502, 15815
1695045381, 0, 19, 197, 0, 0, 6836.72, 3, 0, 0, 0.25, 1278, 637, 6177.73, 17502, 15815
1695045385, 0, 19, 197, 0, 0, 6836.72, 3, 0, 0, 0.27, 1279, 637, 6177.73, 17502, 15815
1695045389, 0, 19, 197, 0, 0, 6836.72, 3, 0, 0, 0.23, 1280, 637, 6177.73, 17502, 15815
1695045393, 0, 19, 197, 0, 0, 6836.72, 3, 0, 0, 0.24, 1281, 637, 6177.73, 17502, 15815
1695045398, 0, 19, 197, 0, 0, 6836.72, 3, 0, 0, 0.23, 1282, 637, 6177.73, 17502, 15815
1695045402, 0, 19, 197, 0, 0, 6836.72, 3, 0, 0, 0.24, 1283, 637, 6177.73, 17502, 15815
1695045407, 0, 19, 197, 0, 0, 6836.72, 3, 0, 0, 0.21, 1284, 637, 6177.73, 17502, 15815
1695045411, 0, 19, 197, 0, 0, 6836.72, 3, 0, 0, 0.23, 1285, 637, 6177.73, 17502, 15815
1695045416, 0, 19, 197, 0, 0, 6836.72, 3, 0, 0, 0.22, 1286, 637, 6177.73, 17502, 15815
1695045420, 0, 19, 198, 0, 0, 6836.72, 3, 0, 0, 0.24, 1287, 637, 6177.73, 17502, 15815
1695045424, 0, 19, 198, 0, 0, 6836.72, 3, 0, 0, 0.23, 1288, 637, 6177.73, 17502, 15815
1695045429, 0, 19, 198, 0, 0, 6836.72, 3, 0, 0, 0.22, 1289, 637, 6177.73, 17502, 15815
1695045433, 0, 19, 198, 0, 0, 6836.72, 3, 0, 0, 0.21, 1290, 637, 6177.73, 17502, 15815
1695045437, 0, 19, 198, 0, 0, 6836.72, 3, 0, 0, 0.26, 1291, 637, 6177.73, 17502, 15815
1695045442, 0, 19, 198, 0, 0, 6836.72, 3, 0, 0, 0.21, 1292, 637, 6177.73, 17502, 15815
1695045446, 0, 19, 198, 0, 0, 6836.72, 3, 0, 0, 0.23, 1293, 637, 6177.73, 17502, 15815
1695045450, 0, 19, 198, 0, 0, 6836.72, 3, 0, 0, 0.24, 1294, 637, 6177.73, 17502, 15815
1695045454, 0, 19, 198, 0, 0, 6836.72, 3, 0, 0, 0.25, 1295, 637, 6177.73, 17502, 15815
1695045458, 0, 19, 198, 0, 0, 6836.72, 3, 0, 0, 0.25, 1296, 637, 6177.73, 17502, 15815
1695045464, 0, 19, 198, 0, 0, 6836.72, 3, 0, 0, 0.19, 1297, 637, 6177.73, 17502, 15815
1695045468, 0, 19, 198, 0, 0, 6836.72, 3, 0, 0, 0.21, 1298, 637, 6177.73, 17502, 15815
1695045472, 0, 19, 198, 0, 0, 6836.72, 3, 0, 0, 0.25, 1299, 637, 6177.73, 17502, 15815
1695045476, 0, 19, 198, 0, 0, 6836.72, 3, 0, 0, 0.25, 1300, 637, 6177.73, 17502, 15815
1695045481, 0, 19, 198, 0, 0, 6836.72, 3, 0, 0, 0.22, 1301, 637, 6177.73, 17502, 15815
1695045486, 0, 19, 199, 0, 0, 6836.72, 3, 0, 0, 0.19, 1302, 637, 6177.73, 17502, 15815
1695045491, 0, 19, 199, 0, 0, 6836.72, 3, 0, 0, 0.21, 1303, 637, 6177.73, 17502, 15815
1695045496, 0, 19, 199, 0, 0, 6836.72, 3, 0, 0, 0.21, 1304, 637, 6177.73, 17502, 15815
1695045500, 0, 19, 199, 0, 0, 6836.72, 3, 0, 0, 0.21, 1305, 637, 6177.73, 17502, 15815
1695045505, 0, 19, 200, 0, 0, 6836.72, 3, 0, 0, 0.20, 1306, 637, 6177.73, 17502, 15815
1695045510, 0, 19, 200, 0, 0, 6836.72, 3, 0, 0, 0.21, 1307, 637, 6177.73, 17502, 15815
1695045514, 0, 19, 200, 0, 0, 6836.72, 3, 0, 0, 0.26, 1308, 637, 6177.73, 17502, 15815
1695045518, 0, 19, 200, 0, 0, 6836.72, 3, 0, 0, 0.22, 1309, 637, 6177.73, 17502, 15815
1695045523, 0, 19, 200, 0, 0, 6836.72, 3, 0, 0, 0.23, 1310, 637, 6177.73, 17502, 15815
1695045527, 0, 19, 200, 0, 0, 6836.72, 3, 0, 0, 0.26, 1311, 637, 6177.73, 17502, 15815
1695045530, 0, 19, 200, 0, 0, 6836.72, 3, 0, 0, 0.26, 1312, 637, 6177.73, 17502, 15815
1695045535, 0, 19, 200, 0, 0, 6836.72, 3, 0, 0, 0.24, 1313, 637, 6177.73, 17502, 15815
1695045539, 0, 19, 200, 0, 0, 6836.72, 3, 0, 0, 0.22, 1314, 637, 6177.73, 17502, 15815
1695045543, 0, 19, 200, 0, 0, 6836.72, 3, 0, 0, 0.24, 1315, 637, 6177.73, 17502, 15815
1695045548, 0, 19, 200, 0, 0, 6836.72, 3, 0, 0, 0.21, 1316, 637, 6177.73, 17502, 15815
1695045553, 0, 19, 200, 0, 0, 6836.72, 3, 0, 0, 0.22, 1317, 637, 6177.73, 17502, 15815
1695045557, 0, 19, 200, 0, 0, 6836.72, 3, 0, 0, 0.22, 1318, 637, 6177.73, 17502, 15815
1695045561, 0, 19, 201, 0, 0, 6836.72, 3, 0, 0, 0.23, 1319, 637, 6177.73, 17502, 15815
1695045566, 0, 19, 201, 0, 0, 6836.72, 3, 0, 0, 0.22, 1320, 637, 6177.73, 17502, 15815
1695045570, 0, 19, 201, 0, 0, 6836.72, 3, 0, 0, 0.23, 1321, 637, 6177.73, 17502, 15815
1695045575, 0, 19, 201, 0, 0, 6836.72, 3, 0, 0, 0.23, 1322, 637, 6177.73, 17502, 15815
1695045580, 0, 19, 201, 0, 0, 6836.72, 3, 0, 0, 0.21, 1323, 637, 6177.73, 17502, 15815
1695045584, 0, 19, 201, 0, 0, 6836.72, 3, 0, 0, 0.23, 1324, 637, 6177.73, 17502, 15815
1695045588, 0, 19, 201, 0, 0, 6836.72, 3, 0, 0, 0.22, 1325, 637, 6177.73, 17502, 15815
1695045593, 0, 19, 201, 0, 0, 6836.72, 3, 0, 0, 0.22, 1326, 637, 6177.73, 17502, 15815
1695045598, 0, 19, 201, 0, 0, 6836.72, 3, 0, 0, 0.22, 1327, 637, 6177.73, 17502, 15815
1695045602, 0, 19, 201, 0, 0, 6836.72, 3, 0, 0, 0.20, 1328, 637, 6177.73, 17502, 15815
1695045609, 0, 19, 201, 0, 0, 6836.72, 3, 0, 0, 0.15, 1329, 637, 6177.73, 17502, 15815
1695045614, 0, 19, 201, 0, 0, 6836.72, 3, 0, 0, 0.21, 1330, 637, 6177.73, 17502, 15815
1695045619, 0, 19, 201, 0, 0, 6836.72, 3, 0, 0, 0.19, 1331, 637, 6177.73, 17502, 15815
1695045624, 0, 19, 201, 0, 0, 6836.72, 3, 0, 0, 0.21, 1332, 637, 6177.73, 17502, 15815
1695045630, 0, 19, 201, 0, 0, 6836.72, 3, 0, 0, 0.18, 1333, 637, 6177.73, 17502, 15815
1695045634, 0, 19, 201, 0, 0, 6836.72, 3, 0, 0, 0.23, 1334, 637, 6177.73, 17502, 15815
1695045639, 0, 19, 201, 0, 0, 6836.72, 3, 0, 0, 0.19, 1335, 637, 6177.73, 17502, 15815
1695045644, 0, 19, 201, 0, 0, 6836.72, 3, 0, 0, 0.21, 1336, 637, 6177.73, 17502, 15815
1695045649, 0, 19, 201, 0, 0, 6836.72, 3, 0, 0, 0.19, 1337, 637, 6177.73, 17502, 15815
1695045654, 0, 19, 202, 0, 0, 6836.72, 3, 0, 0, 0.22, 1338, 637, 6177.73, 17502, 15815
1695045659, 0, 19, 202, 0, 0, 6836.72, 3, 0, 0, 0.19, 1339, 637, 6177.73, 17502, 15815
1695045665, 0, 19, 202, 0, 0, 6836.72, 3, 0, 0, 0.17, 1340, 637, 6177.73, 17502, 15815
1695045669, 0, 19, 203, 0, 0, 6836.72, 3, 0, 0, 0.22, 1341, 637, 6177.73, 17502, 15815
1695045674, 0, 19, 203, 0, 0, 6836.72, 3, 0, 0, 0.20, 1342, 637, 6177.73, 17502, 15815
1695045679, 0, 19, 203, 0, 0, 6836.72, 3, 0, 0, 0.20, 1343, 637, 6177.73, 17502, 15815
1695045685, 0, 19, 203, 0, 0, 6836.72, 3, 0, 0, 0.18, 1344, 637, 6177.73, 17502, 15815
1695045690, 0, 19, 203, 0, 0, 6836.72, 3, 0, 0, 0.21, 1345, 637, 6177.73, 17502, 15815
1695045694, 0, 19, 203, 0, 0, 6836.72, 3, 0, 0, 0.25, 1346, 637, 6177.73, 17502, 15815
1695045698, 0, 19, 203, 0, 0, 6836.72, 3, 0, 0, 0.23, 1347, 637, 6177.73, 17502, 15815
1695045704, 0, 19, 203, 0, 0, 6836.72, 3, 0, 0, 0.16, 1348, 637, 6177.73, 17502, 15815
1695045709, 0, 19, 203, 0, 0, 6836.72, 3, 0, 0, 0.23, 1349, 637, 6177.73, 17502, 15815
1695045713, 0, 19, 203, 0, 0, 6836.72, 3, 0, 0, 0.26, 1350, 637, 6177.73, 17502, 15815
1695045718, 0, 19, 203, 0, 0, 6836.72, 3, 0, 0, 0.18, 1351, 637, 6177.73, 17502, 15815
1695045723, 0, 19, 203, 0, 0, 6836.72, 3, 0, 0, 0.23, 1352, 637, 6177.73, 17502, 15815
1695045728, 0, 19, 203, 0, 0, 6836.72, 3, 0, 0, 0.18, 1353, 637, 6177.73, 17502, 15815
1695045733, 0, 19, 203, 0, 0, 6836.72, 3, 0, 0, 0.20, 1354, 637, 6177.73, 17502, 15815
1695045739, 0, 19, 203, 0, 0, 6836.72, 3, 0, 0, 0.19, 1355, 637, 6177.73, 17502, 15815
1695045743, 0, 19, 203, 0, 0, 6836.72, 3, 0, 0, 0.21, 1356, 637, 6177.73, 17502, 15815
1695045749, 0, 19, 203, 0, 0, 6836.72, 3, 0, 0, 0.18, 1357, 637, 6177.73, 17502, 15815
1695045754, 0, 19, 203, 0, 0, 6836.72, 3, 0, 0, 0.21, 1358, 637, 6177.73, 17502, 15815
1695045758, 0, 19, 203, 0, 0, 6836.72, 3, 0, 0, 0.23, 1359, 637, 6177.73, 17502, 15815
1695045762, 0, 19, 203, 0, 0, 6836.72, 3, 0, 0, 0.25, 1360, 637, 6177.73, 17502, 15815
1695045766, 0, 19, 203, 0, 0, 6836.72, 3, 0, 0, 0.25, 1361, 637, 6177.73, 17502, 15815
1695045771, 0, 19, 203, 0, 0, 6836.72, 3, 0, 0, 0.19, 1362, 637, 6177.73, 17502, 15815
1695045775, 0, 19, 203, 0, 0, 6836.72, 3, 0, 0, 0.25, 1363, 637, 6177.73, 17502, 15815
1695045778, 0, 19, 203, 0, 0, 6836.72, 3, 0, 0, 0.31, 1364, 637, 6177.73, 17502, 15815
1695045785, 0, 19, 203, 0, 0, 6836.72, 3, 0, 0, 0.15, 1365, 637, 6177.73, 17502, 15815
1695045792, 0, 19, 203, 0, 0, 6836.72, 3, 0, 0, 0.15, 1366, 637, 6177.73, 17502, 15815
1695045795, 0, 19, 203, 0, 0, 6836.72, 3, 0, 0, 0.28, 1367, 637, 6177.73, 17502, 15815
1695045800, 0, 19, 203, 0, 0, 6836.72, 3, 0, 0, 0.22, 1368, 637, 6177.73, 17502, 15815
1695045805, 0, 19, 203, 0, 0, 6836.72, 3, 0, 0, 0.20, 1369, 637, 6177.73, 17502, 15815
1695045809, 0, 19, 204, 0, 0, 6836.72, 3, 0, 0, 0.21, 1370, 637, 6177.73, 17502, 15815
1695045814, 0, 19, 205, 0, 0, 6836.72, 3, 0, 0, 0.24, 1371, 637, 6177.73, 17502, 15815
1695045818, 0, 19, 205, 0, 0, 6836.72, 3, 0, 0, 0.21, 1372, 637, 6177.73, 17502, 15815
1695045823, 0, 19, 205, 0, 0, 6836.72, 3, 0, 0, 0.23, 1373, 637, 6177.73, 17502, 15815
1695045827, 0, 19, 205, 0, 0, 6836.72, 3, 0, 0, 0.24, 1374, 637, 6177.73, 17502, 15815
1695045831, 0, 19, 205, 0, 0, 6836.72, 3, 0, 0, 0.22, 1375, 637, 6177.73, 17502, 15815
1695045836, 0, 19, 205, 0, 0, 6836.72, 3, 0, 0, 0.23, 1376, 637, 6177.73, 17502, 15815
1695045840, 0, 19, 205, 0, 0, 6836.72, 3, 0, 0, 0.23, 1377, 637, 6177.73, 17502, 15815
1695045845, 0, 19, 205, 0, 0, 6836.72, 3, 0, 0, 0.22, 1378, 637, 6177.73, 17502, 15815
1695045850, 0, 19, 205, 0, 0, 6836.72, 3, 0, 0, 0.19, 1379, 637, 6177.73, 17502, 15815
1695045856, 0, 19, 205, 0, 0, 6836.72, 3, 0, 0, 0.18, 1380, 637, 6177.73, 17502, 15815
1695045861, 0, 19, 205, 0, 0, 6836.72, 3, 0, 0, 0.18, 1381, 637, 6177.73, 17502, 15815
1695045865, 0, 19, 205, 0, 0, 6836.72, 3, 0, 0, 0.25, 1382, 637, 6177.73, 17502, 15815
1695045871, 0, 19, 205, 0, 0, 6836.72, 3, 0, 0, 0.19, 1383, 637, 6177.73, 17502, 15815
1695045874, 0, 19, 205, 0, 0, 6836.72, 3, 0, 0, 0.26, 1384, 637, 6177.73, 17502, 15815
1695045878, 0, 19, 205, 0, 0, 6836.72, 3, 0, 0, 0.26, 1385, 637, 6177.73, 17502, 15815
1695045882, 0, 19, 205, 0, 0, 6836.72, 3, 0, 0, 0.25, 1386, 637, 6177.73, 17502, 15815
1695045887, 0, 19, 205, 0, 0, 6836.72, 3, 0, 0, 0.21, 1387, 637, 6177.73, 17502, 15815
1695045892, 0, 19, 205, 0, 0, 6836.72, 3, 0, 0, 0.19, 1388, 637, 6177.73, 17502, 15815
1695045897, 0, 19, 205, 0, 0, 6836.72, 3, 0, 0, 0.21, 1389, 637, 6177.73, 17502, 15815
1695045902, 0, 19, 205, 0, 0, 6836.72, 3, 0, 0, 0.21, 1390, 637, 6177.73, 17502, 15815
1695045907, 0, 19, 205, 0, 0, 6836.72, 3, 0, 0, 0.20, 1391, 637, 6177.73, 17502, 15815
1695045912, 0, 19, 205, 0, 0, 6836.72, 3, 0, 0, 0.20, 1392, 637, 6177.73, 17502, 15815
1695045917, 0, 19, 205, 0, 0, 6836.72, 3, 0, 0, 0.20, 1393, 637, 6177.73, 17502, 15815
1695045921, 0, 19, 205, 0, 0, 6836.72, 3, 0, 0, 0.23, 1394, 637, 6177.73, 17502, 15815
1695045926, 0, 19, 205, 0, 0, 6836.72, 3, 0, 0, 0.22, 1395, 637, 6177.73, 17502, 15815
1695045930, 0, 19, 205, 0, 0, 6836.72, 3, 0, 0, 0.21, 1396, 637, 6177.73, 17502, 15815
1695045935, 0, 19, 205, 0, 0, 6836.72, 3, 0, 0, 0.21, 1397, 637, 6177.73, 17502, 15815
1695045940, 0, 19, 205, 0, 0, 6836.72, 3, 0, 0, 0.20, 1398, 637, 6177.73, 17502, 15815
1695045945, 0, 19, 205, 0, 0, 6836.72, 3, 0, 0, 0.21, 1399, 637, 6177.73, 17502, 15815
1695045950, 0, 19, 205, 0, 0, 6836.72, 3, 0, 0, 0.20, 1400, 637, 6177.73, 17502, 15815
1695045955, 0, 19, 205, 0, 0, 6836.72, 3, 0, 0, 0.19, 1401, 637, 6177.73, 17502, 15815
1695045960, 0, 19, 205, 0, 0, 6836.72, 3, 0, 0, 0.19, 1402, 637, 6177.73, 17502, 15815
1695045966, 0, 19, 205, 0, 0, 6836.72, 3, 0, 0, 0.18, 1403, 637, 6177.73, 17502, 15815
1695045971, 0, 19, 205, 0, 0, 6836.72, 3, 0, 0, 0.18, 1404, 637, 6177.73, 17502, 15815
1695045976, 0, 19, 205, 0, 0, 6836.72, 3, 0, 0, 0.20, 1405, 637, 6177.73, 17502, 15815
1695045982, 0, 19, 205, 0, 0, 6836.72, 3, 0, 0, 0.17, 1406, 637, 6177.73, 17502, 15815
1695045987, 0, 19, 205, 0, 0, 6836.72, 3, 0, 0, 0.20, 1407, 637, 6177.73, 17502, 15815
1695045991, 0, 19, 205, 0, 0, 6836.72, 3, 0, 0, 0.24, 1408, 637, 6177.73, 17502, 15815
1695045996, 0, 19, 205, 0, 0, 6836.72, 3, 0, 0, 0.23, 1409, 637, 6177.73, 17502, 15815
1695046000, 0, 19, 205, 0, 0, 6836.72, 3, 0, 0, 0.23, 1410, 637, 6177.73, 17502, 15815
1695046005, 0, 19, 205, 0, 0, 6836.72, 3, 0, 0, 0.22, 1411, 637, 6177.73, 17502, 15815
1695046009, 0, 19, 205, 0, 0, 6836.72, 3, 0, 0, 0.25, 1412, 637, 6177.73, 17502, 15815
1695046014, 0, 19, 205, 0, 0, 6836.72, 3, 0, 0, 0.20, 1413, 637, 6177.73, 17502, 15815
1695046018, 0, 19, 205, 0, 0, 6836.72, 3, 0, 0, 0.23, 1414, 637, 6177.73, 17502, 15815
1695046022, 0, 19, 205, 0, 0, 6836.72, 3, 0, 0, 0.26, 1415, 637, 6177.73, 17502, 15815
1695046026, 0, 19, 205, 0, 0, 6836.72, 3, 0, 0, 0.25, 1416, 637, 6177.73, 17502, 15815
1695046030, 0, 19, 205, 0, 0, 6836.72, 3, 0, 0, 0.24, 1417, 637, 6177.73, 17502, 15815
1695046034, 0, 19, 205, 0, 0, 6836.72, 3, 0, 0, 0.23, 1418, 637, 6177.73, 17502, 15815
1695046039, 0, 19, 205, 0, 0, 6836.72, 3, 0, 0, 0.23, 1419, 637, 6177.73, 17502, 15815
1695046043, 0, 19, 205, 0, 0, 6836.72, 3, 0, 0, 0.24, 1420, 637, 6177.73, 17502, 15815
1695046048, 0, 19, 205, 0, 0, 6836.72, 3, 0, 0, 0.19, 1421, 637, 6177.73, 17502, 15815
1695046053, 0, 19, 205, 0, 0, 6836.72, 3, 0, 0, 0.18, 1422, 637, 6177.73, 17502, 15815
1695046057, 0, 19, 205, 0, 0, 6836.72, 3, 0, 0, 0.26, 1423, 637, 6177.73, 17502, 15815
1695046062, 0, 19, 205, 0, 0, 6836.72, 3, 0, 0, 0.24, 1424, 637, 6177.73, 17502, 15815
1695046066, 0, 19, 205, 0, 0, 6836.72, 3, 0, 0, 0.24, 1425, 637, 6177.73, 17502, 15815
1695046070, 0, 19, 205, 0, 0, 6836.72, 3, 0, 0, 0.21, 1426, 637, 6177.73, 17502, 15815
1695046075, 0, 19, 205, 0, 0, 6836.72, 3, 0, 0, 0.21, 1427, 637, 6177.73, 17502, 15815
1695046079, 0, 19, 205, 0, 0, 6836.72, 3, 0, 0, 0.23, 1428, 637, 6177.73, 17502, 15815
1695046083, 0, 19, 205, 0, 0, 6836.72, 3, 0, 0, 0.25, 1429, 637, 6177.73, 17502, 15815
1695046089, 0, 19, 205, 0, 0, 6836.72, 3, 0, 0, 0.20, 1430, 637, 6177.73, 17502, 15815
1695046093, 0, 19, 205, 0, 0, 6836.72, 3, 0, 0, 0.21, 1431, 637, 6177.73, 17502, 15815
1695046098, 0, 19, 205, 0, 0, 6836.72, 3, 0, 0, 0.23, 1432, 637, 6177.73, 17502, 15815
1695046101, 0, 19, 205, 0, 0, 6836.72, 3, 0, 0, 0.25, 1433, 637, 6177.73, 17502, 15815
1695046107, 0, 19, 205, 0, 0, 6836.72, 3, 0, 0, 0.18, 1434, 637, 6177.73, 17502, 15815
1695046112, 0, 19, 205, 0, 0, 6836.72, 3, 0, 0, 0.22, 1435, 637, 6177.73, 17502, 15815
1695046116, 0, 19, 205, 0, 0, 6836.72, 3, 0, 0, 0.23, 1436, 637, 6177.73, 17502, 15815
1695046121, 0, 19, 205, 0, 0, 6836.72, 3, 0, 0, 0.21, 1437, 637, 6177.73, 17502, 15815
1695046125, 0, 19, 205, 0, 0, 6836.72, 3, 0, 0, 0.21, 1438, 637, 6177.73, 17502, 15815
1695046130, 0, 19, 205, 0, 0, 6836.72, 3, 0, 0, 0.23, 1439, 637, 6177.73, 17502, 15815
1695046134, 0, 19, 205, 0, 0, 6836.72, 3, 0, 0, 0.24, 1440, 637, 6177.73, 17502, 15815
1695046138, 0, 19, 205, 0, 0, 6836.72, 3, 0, 0, 0.27, 1441, 637, 6177.73, 17502, 15815
1695046142, 0, 19, 205, 0, 0, 6836.72, 3, 0, 0, 0.23, 1442, 637, 6177.73, 17502, 15815
1695046147, 0, 19, 205, 0, 0, 6836.72, 3, 0, 0, 0.22, 1443, 637, 6177.73, 17502, 15815
1695046152, 0, 19, 205, 0, 0, 6836.72, 3, 0, 0, 0.21, 1444, 637, 6177.73, 17502, 15815
1695046155, 0, 19, 205, 0, 0, 6836.72, 3, 0, 0, 0.26, 1445, 637, 6177.73, 17502, 15815
1695046159, 0, 19, 205, 0, 0, 6836.72, 3, 0, 0, 0.28, 1446, 637, 6177.73, 17502, 15815
1695046163, 0, 19, 205, 0, 0, 6836.72, 3, 0, 0, 0.23, 1447, 637, 6177.73, 17502, 15815
1695046167, 0, 19, 205, 0, 0, 6836.72, 3, 0, 0, 0.26, 1448, 637, 6177.73, 17502, 15815
1695046171, 0, 19, 205, 0, 0, 6836.72, 3, 0, 0, 0.23, 1449, 637, 6177.73, 17502, 15815
1695046175, 0, 19, 205, 0, 0, 6836.72, 3, 0, 0, 0.25, 1450, 637, 6177.73, 17502, 15815
1695046179, 0, 19, 205, 0, 0, 6836.72, 3, 0, 0, 0.26, 1451, 637, 6177.73, 17502, 15815
1695046184, 0, 19, 205, 0, 0, 6836.72, 3, 0, 0, 0.23, 1452, 637, 6177.73, 17502, 15815
1695046188, 0, 19, 205, 0, 0, 6836.72, 3, 0, 0, 0.21, 1453, 637, 6177.73, 17502, 15815
1695046192, 0, 19, 205, 0, 0, 6836.72, 3, 0, 0, 0.25, 1454, 637, 6177.73, 17502, 15815
1695046196, 0, 19, 205, 0, 0, 6836.72, 3, 0, 0, 0.25, 1455, 637, 6177.73, 17502, 15815
1695046201, 0, 19, 205, 0, 0, 6836.72, 3, 0, 0, 0.21, 1456, 637, 6177.73, 17502, 15815
1695046207, 0, 19, 205, 0, 0, 6836.72, 3, 0, 0, 0.18, 1457, 637, 6177.73, 17502, 15815
1695046211, 0, 19, 205, 0, 0, 6836.72, 3, 0, 0, 0.24, 1458, 637, 6177.73, 17502, 15815
1695046217, 0, 19, 205, 0, 0, 6836.72, 3, 0, 0, 0.16, 1459, 637, 6177.73, 17502, 15815
1695046222, 0, 19, 205, 0, 0, 6836.72, 3, 0, 0, 0.19, 1460, 637, 6177.73, 17502, 15815
1695046227, 0, 19, 205, 0, 0, 6836.72, 3, 0, 0, 0.22, 1461, 637, 6177.73, 17502, 15815
1695046231, 0, 19, 205, 0, 0, 6836.72, 3, 0, 0, 0.23, 1462, 637, 6177.73, 17502, 15815
1695046235, 0, 19, 205, 0, 0, 6836.72, 3, 0, 0, 0.24, 1463, 637, 6177.73, 17502, 15815
1695046241, 0, 19, 205, 0, 0, 6836.72, 3, 0, 0, 0.18, 1464, 637, 6177.73, 17502, 15815
1695046245, 0, 19, 205, 0, 0, 6836.72, 3, 0, 0, 0.22, 1465, 637, 6177.73, 17502, 15815
1695046250, 0, 19, 205, 0, 0, 6836.72, 3, 0, 0, 0.23, 1466, 637, 6177.73, 17502, 15815
1695046254, 0, 19, 205, 0, 0, 6836.72, 3, 0, 0, 0.24, 1467, 637, 6177.73, 17502, 15815
1695046258, 0, 19, 205, 0, 0, 6836.72, 3, 0, 0, 0.26, 1468, 637, 6177.73, 17502, 15815
1695046262, 0, 19, 205, 0, 0, 6836.72, 3, 0, 0, 0.26, 1469, 637, 6177.73, 17502, 15815
1695046266, 0, 19, 205, 0, 0, 6836.72, 3, 0, 0, 0.21, 1470, 637, 6177.73, 17502, 15815
1695046271, 0, 19, 205, 0, 0, 6836.72, 3, 0, 0, 0.22, 1471, 637, 6177.73, 17502, 15815
1695046276, 0, 19, 205, 0, 0, 6836.72, 3, 0, 0, 0.20, 1472, 637, 6177.73, 17502, 15815
1695046279, 0, 19, 205, 0, 0, 6836.72, 3, 0, 0, 0.34, 1473, 637, 6177.73, 17502, 15815
1695046283, 0, 19, 205, 0, 0, 6836.72, 3, 0, 0, 0.26, 1474, 637, 6177.73, 17502, 15815
1695046287, 0, 19, 205, 0, 0, 6836.72, 3, 0, 0, 0.25, 1475, 637, 6177.73, 17502, 15815
1695046292, 0, 19, 205, 0, 0, 6836.72, 3, 0, 0, 0.20, 1476, 637, 6177.73, 17502, 15815
1695046296, 0, 19, 205, 0, 0, 6836.72, 3, 0, 0, 0.23, 1477, 637, 6177.73, 17502, 15815
1695046300, 0, 19, 205, 0, 0, 6836.72, 3, 0, 0, 0.22, 1478, 637, 6177.73, 17502, 15815
1695046305, 0, 19, 205, 0, 0, 6836.72, 3, 0, 0, 0.21, 1479, 637, 6177.73, 17502, 15815
1695046310, 0, 19, 205, 0, 0, 6836.72, 3, 0, 0, 0.21, 1480, 637, 6177.73, 17502, 15815
1695046315, 0, 19, 205, 0, 0, 6836.72, 3, 0, 0, 0.21, 1481, 637, 6177.73, 17502, 15815
1695046319, 0, 19, 205, 0, 0, 6836.72, 3, 0, 0, 0.21, 1482, 637, 6177.73, 17502, 15815
1695046324, 0, 19, 205, 0, 0, 6836.72, 3, 0, 0, 0.22, 1483, 637, 6177.73, 17502, 15815
1695046329, 0, 19, 205, 0, 0, 6836.72, 3, 0, 0, 0.21, 1484, 637, 6177.73, 17502, 15815
1695046333, 0, 19, 205, 0, 0, 6836.72, 3, 0, 0, 0.23, 1485, 637, 6177.73, 17502, 15815
1695046337, 0, 19, 205, 0, 0, 6836.72, 3, 0, 0, 0.22, 1486, 637, 6177.73, 17502, 15815
1695046341, 0, 19, 205, 0, 0, 6836.72, 3, 0, 0, 0.24, 1487, 637, 6177.73, 17502, 15815
1695046347, 0, 19, 205, 0, 0, 6836.72, 3, 0, 0, 0.19, 1488, 637, 6177.73, 17502, 15815
1695046352, 0, 19, 205, 0, 0, 6836.72, 3, 0, 0, 0.21, 1489, 637, 6177.73, 17502, 15815
1695046356, 0, 19, 205, 0, 0, 6836.72, 3, 0, 0, 0.25, 1490, 637, 6177.73, 17502, 15815
1695046360, 0, 19, 205, 0, 0, 6836.72, 3, 0, 0, 0.22, 1491, 637, 6177.73, 17502, 15815
1695046365, 0, 19, 205, 0, 0, 6836.72, 3, 0, 0, 0.21, 1492, 637, 6177.73, 17502, 15815
1695046370, 0, 19, 205, 0, 0, 6836.72, 3, 0, 0, 0.21, 1493, 637, 6177.73, 17502, 15815
1695046374, 0, 19, 205, 0, 0, 6836.72, 3, 0, 0, 0.24, 1494, 637, 6177.73, 17502, 15815
1695046378, 0, 19, 205, 0, 0, 6836.72, 3, 0, 0, 0.22, 1495, 637, 6177.73, 17502, 15815
1695046383, 0, 19, 205, 0, 0, 6836.72, 3, 0, 0, 0.21, 1496, 637, 6177.73, 17502, 15815
1695046388, 0, 19, 205, 0, 0, 6836.72, 3, 0, 0, 0.20, 1497, 637, 6177.73, 17502, 15815
1695046393, 0, 19, 205, 0, 0, 6836.72, 3, 0, 0, 0.21, 1498, 637, 6177.73, 17502, 15815
1695046397, 0, 19, 205, 0, 0, 6836.72, 3, 0, 0, 0.23, 1499, 637, 6177.73, 17502, 15815
1695046402, 0, 19, 205, 0, 0, 6836.72, 3, 0, 0, 0.22, 1500, 637, 6177.73, 17502, 15815
1695046407, 0, 19, 205, 0, 0, 6836.72, 3, 0, 0, 0.21, 1501, 637, 6177.73, 17502, 15815
1695046412, 0, 19, 205, 0, 0, 6836.72, 3, 0, 0, 0.20, 1502, 637, 6177.73, 17502, 15815
1695046417, 0, 19, 205, 0, 0, 6836.72, 3, 0, 0, 0.21, 1503, 637, 6177.73, 17502, 15815
1695046420, 0, 19, 205, 0, 0, 6836.72, 3, 0, 0, 0.26, 1504, 637, 6177.73, 17502, 15815
1695046425, 0, 19, 205, 0, 0, 6836.72, 3, 0, 0, 0.22, 1505, 637, 6177.73, 17502, 15815
1695046429, 0, 19, 205, 0, 0, 6836.72, 3, 0, 0, 0.22, 1506, 637, 6177.73, 17502, 15815
1695046443, 0, 19, 206, 0, 0, 7907.81, 3, 0, 0, 0.07, 1507, 637, 7276.17, 20244, 18627
1695046443, 0, 20, 208, 0, 0, 7922.66, 3, 0, 0, 3.51, 1508, 638, 7285.55, 20282, 18651
1695046444, 0, 20, 208, 0, 0, 7922.66, 3, 0, 0, 3.02, 1508, 639, 7285.55, 20282, 18651
1695046444, 0, 21, 209, 0, 0, 7923.05, 3, 0, 0, 2.80, 1508, 640, 7285.55, 20283, 18651
1695046444, 0, 21, 210, 0, 0, 7923.83, 3, 0, 0, 3.04, 1509, 640, 7289.84, 20285, 18662
1695046445, 0, 21, 211, 0, 0, 7935.16, 3, 0, 0, 1.99, 1510, 640, 7303.13, 20314, 18696
1695046445, 0, 21, 211, 0, 0, 7935.16, 3, 0, 0, 2.17, 1511, 640, 7303.13, 20314, 18696
1695046446, 0, 22, 211, 0, 0, 7935.16, 3, 0, 0, 3.01, 1511, 641, 7303.13, 20314, 18696
1695046446, 0, 22, 212, 0, 0, 7935.55, 3, 0, 0, 2.92, 1511, 642, 7303.13, 20315, 18696
1695046447, 0, 22, 212, 0, 0, 7935.55, 3, 0, 0, 3.78, 1511, 644, 7303.13, 20315, 18696
1695046447, 0, 22, 213, 0, 0, 7936.33, 3, 0, 0, 2.61, 1511, 645, 7303.13, 20317, 18696
1695046452, 0, 22, 214, 0, 0, 7999.22, 3, 0, 0, 0.20, 1512, 645, 7366.02, 20478, 18857
1695046452, 0, 22, 214, 0, 0, 7999.22, 3, 0, 0, 4.69, 1512, 647, 7366.02, 20478, 18857
1695046453, 0, 22, 214, 0, 0, 7999.22, 3, 0, 0, 3.92, 1512, 649, 7366.02, 20478, 18857
1695046453, 0, 22, 214, 0, 0, 7999.22, 3, 0, 0, 3.17, 1512, 650, 7366.02, 20478, 18857
1695046454, 0, 22, 214, 0, 0, 7999.22, 3, 0, 0, 5.48, 1512, 652, 7366.02, 20478, 18857
1695046454, 0, 22, 214, 0, 0, 7999.22, 3, 0, 0, 5.60, 1514, 652, 7366.02, 20478, 18857
1695046455, 0, 22, 214, 0, 0, 7999.22, 3, 0, 0, 2.99, 1514, 654, 7366.02, 20478, 18857
1695046455, 0, 22, 214, 0, 0, 7999.22, 3, 0, 0, 3.27, 1514, 655, 7366.02, 20478, 18857
1695046455, 0, 22, 214, 0, 0, 7999.22, 3, 0, 0, 4.30, 1514, 657, 7366.02, 20478, 18857
1695046456, 0, 22, 214, 0, 0, 7999.22, 3, 0, 0, 4.77, 1514, 659, 7366.02, 20478, 18857
1695046456, 0, 22, 214, 0, 0, 7999.22, 3, 0, 0, 4.76, 1514, 661, 7366.02, 20478, 18857
1695046457, 0, 22, 214, 0, 0, 7999.22, 3, 0, 0, 5.68, 1514, 663, 7366.02, 20478, 18857
1695046457, 0, 22, 214, 0, 0, 7999.22, 3, 0, 0, 6.02, 1514, 665, 7366.02, 20478, 18857
1695046457, 0, 22, 214, 0, 0, 7999.22, 3, 0, 0, 6.29, 1514, 667, 7366.02, 20478, 18857
1695046458, 0, 22, 214, 0, 0, 7999.22, 3, 0, 0, 5.68, 1516, 667, 7366.02, 20478, 18857
1695046458, 0, 22, 214, 0, 0, 7999.22, 3, 0, 0, 5.93, 1516, 669, 7366.02, 20478, 18857
1695046458, 0, 22, 214, 0, 0, 7999.22, 3, 0, 0, 5.28, 1516, 671, 7366.02, 20478, 18857
1695046459, 0, 22, 214, 0, 0, 7999.22, 3, 0, 0, 4.96, 1517, 672, 7366.02, 20478, 18857
1695046459, 0, 22, 214, 0, 0, 7999.22, 3, 0, 0, 2.33, 1517, 673, 7366.02, 20478, 18857
1695046459, 0, 22, 214, 0, 0, 7999.22, 3, 0, 0, 5.15, 1518, 674, 7366.02, 20478, 18857
1695046460, 0, 22, 214, 0, 0, 7999.22, 3, 0, 0, 4.06, 1518, 676, 7366.02, 20478, 18857
1695046460, 0, 22, 214, 0, 0, 7999.22, 3, 0, 0, 6.47, 1518, 678, 7366.02, 20478, 18857
1695046461, 0, 22, 214, 0, 0, 7999.22, 3, 0, 0, 6.25, 1518, 680, 7366.02, 20478, 18857
1695046461, 0, 22, 214, 0, 0, 7999.22, 3, 0, 0, 5.48, 1518, 682, 7366.02, 20478, 18857
1695046466, 0, 22, 215, 0, 0, 7999.22, 3, 0, 0, 0.41, 1520, 682, 7366.02, 20478, 18857
1695046466, 0, 22, 215, 0, 0, 7999.22, 3, 0, 0, 3.45, 1520, 684, 7366.02, 20478, 18857
1695046467, 0, 22, 215, 0, 0, 7999.22, 3, 0, 0, 3.91, 1520, 686, 7366.02, 20478, 18857
1695046467, 0, 22, 215, 0, 0, 7999.22, 3, 0, 0, 2.75, 1521, 686, 7366.02, 20478, 18857
1695046468, 0, 22, 215, 0, 0, 7999.22, 3, 0, 0, 3.96, 1521, 688, 7366.02, 20478, 18857
1695046468, 0, 22, 215, 0, 0, 7999.22, 3, 0, 0, 4.59, 1521, 690, 7366.02, 20478, 18857
1695046469, 0, 22, 215, 0, 0, 7999.22, 3, 0, 0, 3.07, 1521, 692, 7366.02, 20478, 18857
1695046469, 0, 22, 215, 0, 0, 7999.22, 3, 0, 0, 3.01, 1521, 693, 7366.02, 20478, 18857
1695046470, 0, 22, 215, 0, 0, 7999.22, 3, 0, 0, 2.15, 1521, 694, 7366.02, 20478, 18857
1695046470, 0, 22, 215, 0, 0, 7999.22, 3, 0, 0, 3.37, 1522, 695, 7366.02, 20478, 18857
1695046471, 0, 22, 215, 0, 0, 7999.22, 3, 0, 0, 3.21, 1522, 696, 7366.02, 20478, 18857
1695046471, 0, 22, 215, 0, 0, 7999.22, 3, 0, 0, 2.04, 1523, 696, 7366.02, 20478, 18857
1695046472, 0, 22, 215, 0, 0, 7999.22, 3, 0, 0, 3.28, 1523, 698, 7366.02, 20478, 18857
1695046472, 0, 22, 215, 0, 0, 7999.22, 3, 0, 0, 3.19, 1523, 699, 7366.02, 20478, 18857
1695046472, 0, 22, 215, 0, 0, 7999.22, 3, 0, 0, 4.58, 1524, 700, 7366.02, 20478, 18857
1695046473, 0, 22, 215, 0, 0, 7999.22, 3, 0, 0, 5.06, 1524, 702, 7366.02, 20478, 18857
1695046473, 0, 22, 215, 0, 0, 7999.22, 3, 0, 0, 4.45, 1524, 704, 7366.02, 20478, 18857
1695046474, 0, 22, 215, 0, 0, 7999.22, 3, 0, 0, 4.88, 1524, 706, 7366.02, 20478, 18857
1695046479, 0, 23, 216, 0, 0, 7999.22, 3, 0, 0, 0.39, 1525, 707, 7366.02, 20478, 18857
1695046483, 0, 23, 217, 0, 0, 8021.88, 3, 0, 0, 0.22, 1526, 707, 7388.67, 20536, 18915
1695046487, 0, 23, 218, 0, 0, 8021.88, 3, 0, 0, 0.25, 1527, 707, 7388.67, 20536, 18915
1695046491, 0, 23, 219, 0, 0, 8024.61, 3, 0, 0, 0.28, 1528, 707, 7391.41, 20543, 18922
1695046494, 0, 23, 220, 0, 0, 8024.61, 3, 0, 0, 0.29, 1529, 707, 7391.41, 20543, 18922
1695046498, 0, 23, 220, 0, 0, 8024.61, 3, 0, 0, 0.27, 1530, 707, 7391.41, 20543, 18922
1695046502, 0, 23, 220, 0, 0, 8024.61, 3, 0, 0, 0.24, 1531, 707, 7391.41, 20543, 18922
1695046507, 0, 23, 220, 0, 0, 8024.61, 3, 0, 0, 0.23, 1532, 707, 7391.41, 20543, 18922
1695046510, 0, 23, 220, 0, 0, 8024.61, 3, 0, 0, 0.29, 1533, 707, 7391.41, 20543, 18922
1695046514, 0, 23, 220, 0, 0, 8024.61, 3, 0, 0, 0.29, 1534, 707, 7391.41, 20543, 18922
1695046517, 0, 23, 221, 0, 0, 8024.61, 3, 0, 0, 0.33, 1535, 707, 7391.41, 20543, 18922
1695046520, 0, 23, 222, 0, 0, 8024.61, 3, 0, 0, 0.29, 1536, 707, 7391.41, 20543, 18922
1695046524, 0, 23, 222, 0, 0, 8024.61, 3, 0, 0, 0.29, 1537, 707, 7391.41, 20543, 18922
1695046527, 0, 23, 222, 0, 0, 8024.61, 3, 0, 0, 0.28, 1538, 707, 7391.41, 20543, 18922
1695046531, 0, 23, 222, 0, 0, 8024.61, 3, 0, 0, 0.29, 1539, 707, 7391.41, 20543, 18922
1695046535, 0, 23, 223, 0, 0, 8024.61, 3, 0, 0, 0.24, 1540, 707, 7391.41, 20543, 18922
1695046539, 0, 23, 223, 0, 0, 8024.61, 3, 0, 0, 0.24, 1541, 707, 7391.41, 20543, 18922
1695046545, 0, 23, 223, 0, 0, 8024.61, 3, 0, 0, 0.18, 1542, 707, 7391.41, 20543, 18922
1695046548, 0, 23, 223, 0, 0, 8024.61, 3, 0, 0, 0.29, 1543, 707, 7391.41, 20543, 18922
1695046551, 0, 23, 223, 0, 0, 8024.61, 3, 0, 0, 0.34, 1544, 707, 7391.41, 20543, 18922
1695046554, 0, 23, 223, 0, 0, 8024.61, 3, 0, 0, 0.28, 1545, 707, 7391.41, 20543, 18922
1695046559, 0, 23, 224, 0, 0, 8024.61, 3, 0, 0, 0.24, 1546, 707, 7391.41, 20543, 18922
1695046563, 0, 23, 224, 0, 0, 8024.61, 3, 0, 0, 0.21, 1547, 707, 7391.41, 20543, 18922
1695046567, 0, 23, 224, 0, 0, 8024.61, 3, 0, 0, 0.28, 1548, 707, 7391.41, 20543, 18922
1695046571, 0, 23, 224, 0, 0, 8024.61, 3, 0, 0, 0.27, 1549, 707, 7391.41, 20543, 18922
1695046575, 0, 23, 224, 0, 0, 8024.61, 3, 0, 0, 0.26, 1550, 707, 7391.41, 20543, 18922
1695046579, 0, 23, 224, 0, 0, 8024.61, 3, 0, 0, 0.21, 1551, 707, 7391.41, 20543, 18922
1695046584, 0, 23, 224, 0, 0, 8024.61, 3, 0, 0, 0.24, 1552, 707, 7391.41, 20543, 18922
1695046587, 0, 23, 224, 0, 0, 8024.61, 3, 0, 0, 0.28, 1553, 707, 7391.41, 20543, 18922
1695046591, 0, 23, 224, 0, 0, 8024.61, 3, 0, 0, 0.29, 1554, 707, 7391.41, 20543, 18922
1695046594, 0, 23, 224, 0, 0, 8024.61, 3, 0, 0, 0.29, 1555, 707, 7391.41, 20543, 18922
1695046599, 0, 23, 224, 0, 0, 8024.61, 3, 0, 0, 0.23, 1556, 707, 7391.41, 20543, 18922
1695046602, 0, 23, 224, 0, 0, 8024.61, 3, 0, 0, 0.28, 1557, 707, 7391.41, 20543, 18922
1695046606, 0, 23, 224, 0, 0, 8024.61, 3, 0, 0, 0.29, 1558, 707, 7391.41, 20543, 18922
1695046610, 0, 23, 224, 0, 0, 8024.61, 3, 0, 0, 0.24, 1559, 707, 7391.41, 20543, 18922
1695046613, 0, 23, 224, 0, 0, 8024.61, 3, 0, 0, 0.29, 1560, 707, 7391.41, 20543, 18922
1695046618, 0, 23, 224, 0, 0, 8024.61, 3, 0, 0, 0.22, 1561, 707, 7391.41, 20543, 18922
1695046621, 0, 23, 224, 0, 0, 8024.61, 3, 0, 0, 0.28, 1562, 707, 7391.41, 20543, 18922
1695046625, 0, 23, 224, 0, 0, 8024.61, 3, 0, 0, 0.26, 1563, 707, 7391.41, 20543, 18922
1695046629, 0, 23, 224, 0, 0, 8024.61, 3, 0, 0, 0.26, 1564, 707, 7391.41, 20543, 18922
1695046633, 0, 23, 224, 0, 0, 8024.61, 3, 0, 0, 0.26, 1565, 707, 7391.41, 20543, 18922
1695046637, 0, 23, 224, 0, 0, 8024.61, 3, 0, 0, 0.23, 1566, 707, 7391.41, 20543, 18922
1695046641, 0, 23, 224, 0, 0, 8024.61, 3, 0, 0, 0.29, 1567, 707, 7391.41, 20543, 18922
1695046644, 0, 23, 224, 0, 0, 8024.61, 3, 0, 0, 0.30, 1568, 707, 7391.41, 20543, 18922
1695046648, 0, 23, 224, 0, 0, 8024.61, 3, 0, 0, 0.26, 1569, 707, 7391.41, 20543, 18922
1695046652, 0, 23, 224, 0, 0, 8024.61, 3, 0, 0, 0.26, 1570, 707, 7391.41, 20543, 18922
1695046655, 0, 23, 224, 0, 0, 8024.61, 3, 0, 0, 0.27, 1571, 707, 7391.41, 20543, 18922
1695046658, 0, 23, 224, 0, 0, 8024.61, 3, 0, 0, 0.32, 1572, 707, 7391.41, 20543, 18922
1695046662, 0, 23, 224, 0, 0, 8024.61, 3, 0, 0, 0.33, 1573, 707, 7391.41, 20543, 18922
1695046665, 0, 23, 225, 0, 0, 8024.61, 3, 0, 0, 0.30, 1574, 707, 7391.41, 20543, 18922
1695046669, 0, 23, 225, 0, 0, 8024.61, 3, 0, 0, 0.24, 1575, 707, 7391.41, 20543, 18922
1695046672, 0, 23, 225, 0, 0, 8024.61, 3, 0, 0, 0.28, 1576, 707, 7391.41, 20543, 18922
1695046677, 0, 23, 225, 0, 0, 8024.61, 3, 0, 0, 0.21, 1577, 707, 7391.41, 20543, 18922
1695046691, 0, 23, 225, 0, 0, 8024.61, 3, 0, 0, 0.07, 1578, 707, 7391.41, 20543, 18922
1695046695, 0, 23, 225, 0, 0, 8024.61, 3, 0, 0, 0.26, 1579, 707, 7391.41, 20543, 18922
1695046699, 0, 23, 225, 0, 0, 8024.61, 3, 0, 0, 0.24, 1580, 707, 7391.41, 20543, 18922
1695046702, 0, 23, 225, 0, 0, 8024.61, 3, 0, 0, 0.31, 1581, 707, 7391.41, 20543, 18922
1695046708, 0, 23, 225, 0, 0, 8024.61, 3, 0, 0, 0.18, 1582, 707, 7391.41, 20543, 18922
1695046711, 0, 23, 225, 0, 0, 8024.61, 3, 0, 0, 0.28, 1583, 707, 7391.41, 20543, 18922
1695046716, 0, 23, 225, 0, 0, 8024.61, 3, 0, 0, 0.23, 1584, 707, 7391.41, 20543, 18922
1695046719, 0, 23, 225, 0, 0, 8024.61, 3, 0, 0, 0.27, 1585, 707, 7391.41, 20543, 18922
1695046723, 0, 23, 225, 0, 0, 8024.61, 3, 0, 0, 0.25, 1586, 707, 7391.41, 20543, 18922
1695046727, 0, 23, 225, 0, 0, 8024.61, 3, 0, 0, 0.25, 1587, 707, 7391.41, 20543, 18922
1695046732, 0, 23, 225, 0, 0, 8024.61, 3, 0, 0, 0.24, 1588, 707, 7391.41, 20543, 18922
1695046736, 0, 23, 225, 0, 0, 8024.61, 3, 0, 0, 0.23, 1589, 707, 7391.41, 20543, 18922
1695046740, 0, 23, 225, 0, 0, 8024.61, 3, 0, 0, 0.26, 1590, 707, 7391.41, 20543, 18922
1695046743, 0, 23, 225, 0, 0, 8024.61, 3, 0, 0, 0.29, 1591, 707, 7391.41, 20543, 18922
1695046747, 0, 23, 225, 0, 0, 8024.61, 3, 0, 0, 0.26, 1592, 707, 7391.41, 20543, 18922
1695046751, 0, 23, 225, 0, 0, 8024.61, 3, 0, 0, 0.27, 1593, 707, 7391.41, 20543, 18922
1695046755, 0, 23, 225, 0, 0, 8024.61, 3, 0, 0, 0.24, 1594, 707, 7391.41, 20543, 18922
1695046759, 0, 23, 225, 0, 0, 8024.61, 3, 0, 0, 0.26, 1595, 707, 7391.41, 20543, 18922
1695046763, 0, 23, 225, 0, 0, 8024.61, 3, 0, 0, 0.26, 1596, 707, 7391.41, 20543, 18922
1695046766, 0, 23, 225, 0, 0, 8024.61, 3, 0, 0, 0.27, 1597, 707, 7391.41, 20543, 18922
1695046770, 0, 23, 225, 0, 0, 8024.61, 3, 0, 0, 0.28, 1598, 707, 7391.41, 20543, 18922
1695046774, 0, 23, 225, 0, 0, 8024.61, 3, 0, 0, 0.26, 1599, 707, 7391.41, 20543, 18922
1695046777, 0, 23, 225, 0, 0, 8024.61, 3, 0, 0, 0.28, 1600, 707, 7391.41, 20543, 18922
1695046781, 0, 23, 225, 0, 0, 8024.61, 3, 0, 0, 0.28, 1601, 707, 7391.41, 20543, 18922
1695046784, 0, 23, 225, 0, 0, 8024.61, 3, 0, 0, 0.33, 1602, 707, 7391.41, 20543, 18922
1695046787, 0, 23, 225, 0, 0, 8024.61, 3, 0, 0, 0.30, 1603, 707, 7391.41, 20543, 18922
1695046793, 0, 23, 225, 0, 0, 8024.61, 3, 0, 0, 0.19, 1604, 707, 7391.41, 20543, 18922
1695046796, 0, 23, 225, 0, 0, 8024.61, 3, 0, 0, 0.27, 1605, 707, 7391.41, 20543, 18922
1695046800, 0, 23, 225, 0, 0, 8024.61, 3, 0, 0, 0.24, 1606, 707, 7391.41, 20543, 18922
1695046805, 0, 23, 225, 0, 0, 8024.61, 3, 0, 0, 0.24, 1607, 707, 7391.41, 20543, 18922
1695046808, 0, 23, 225, 0, 0, 8024.61, 3, 0, 0, 0.30, 1608, 707, 7391.41, 20543, 18922
1695046812, 0, 23, 226, 0, 0, 8024.61, 3, 0, 0, 0.27, 1609, 707, 7391.41, 20543, 18922
1695046824, 0, 23, 226, 0, 0, 8024.61, 3, 0, 0, 0.08, 1610, 707, 7391.41, 20543, 18922
1695046828, 0, 23, 226, 0, 0, 8024.61, 3, 0, 0, 0.25, 1611, 707, 7391.41, 20543, 18922
1695046833, 0, 23, 226, 0, 0, 8024.61, 3, 0, 0, 0.23, 1612, 707, 7391.41, 20543, 18922
1695046836, 0, 23, 226, 0, 0, 8024.61, 3, 0, 0, 0.27, 1613, 707, 7391.41, 20543, 18922
1695046840, 0, 23, 227, 0, 0, 8024.61, 3, 0, 0, 0.28, 1614, 707, 7391.41, 20543, 18922
1695046840, 0, 23, 227, 0, 0, 8024.61, 3, 0, 0, 0.00, 1614, 707, 7391.41, 20543, 18922
