# unix_time, cycles_done, cur_path, paths_total, pending_total, pending_favs, map_size, unique_crashes, unique_hangs, max_depth, execs_per_sec, valid_inputs, invalid_inputs, valid_cov, all_covered_probes, valid_covered_probes
1695563554, 0, 0, 1, 0, 0, 4247.66, 0, 0, 0, 0.40, 0, 1, 0.00, 10874, 0
1695563570, 0, 0, 2, 0, 0, 24770.70, 0, 0, 0, 0.06, 1, 1, 24111.72, 63413, 61726
1695563570, 0, 0, 14, 0, 0, 25207.03, 0, 0, 0, 43.33, 4, 11, 24473.83, 64530, 62653
1695563605, 0, 0, 20, 0, 0, 25427.73, 0, 0, 0, 0.29, 8, 17, 24694.53, 65095, 63218
1695563616, 0, 0, 26, 0, 0, 25429.69, 1, 0, 0, 1.08, 10, 27, 24696.48, 65100, 63223
1695563627, 0, 0, 29, 0, 0, 25757.03, 1, 0, 0, 0.29, 12, 28, 25025.39, 65938, 64065
1695563638, 0, 0, 36, 0, 0, 26031.25, 1, 0, 0, 1.08, 14, 38, 25045.31, 66640, 64116
1695563638, 0, 0, 41, 0, 0, 26033.98, 1, 0, 0, 77.64, 22, 55, 25048.05, 66647, 64123
1695563651, 0, 0, 44, 0, 0, 26046.48, 1, 0, 0, 0.96, 26, 64, 25060.16, 66679, 64154
1695563662, 0, 0, 50, 0, 0, 26057.42, 1, 0, 0, 1.01, 31, 70, 25071.09, 66707, 64182
1695563674, 0, 0, 57, 0, 0, 26060.55, 1, 0, 0, 1.20, 35, 80, 25089.45, 66715, 64229
1695563685, 0, 0, 60, 0, 0, 26060.55, 1, 0, 0, 1.68, 39, 94, 25089.45, 66715, 64229
1695563696, 0, 0, 63, 0, 0, 26061.33, 1, 0, 0, 0.69, 42, 99, 25090.23, 66717, 64231
1695563708, 0, 0, 65, 0, 0, 26063.67, 1, 0, 0, 0.43, 44, 102, 25092.58, 66723, 64237
1695563719, 0, 0, 68, 0, 0, 26071.48, 1, 0, 0, 1.20, 47, 112, 25100.39, 66743, 64257
1695563730, 0, 0, 69, 0, 0, 26084.38, 1, 0, 0, 0.09, 48, 112, 25113.28, 66776, 64290
1695563742, 0, 1, 71, 0, 0, 26088.28, 1, 0, 0, 0.17, 49, 113, 25117.19, 66786, 64300
1695563754, 0, 1, 72, 0, 0, 26088.28, 1, 0, 0, 0.09, 50, 113, 25117.19, 66786, 64300
1695563765, 0, 1, 73, 0, 0, 26088.67, 1, 0, 0, 0.09, 51, 113, 25117.58, 66787, 64301
1695563777, 0, 1, 74, 0, 0, 26089.06, 1, 0, 0, 0.09, 52, 113, 25117.97, 66788, 64302
1695563789, 0, 1, 75, 0, 0, 26089.06, 1, 0, 0, 0.09, 53, 113, 25117.97, 66788, 64302
1695563800, 0, 1, 76, 0, 0, 26089.06, 1, 0, 0, 0.09, 54, 113, 25117.97, 66788, 64302
1695563811, 0, 1, 77, 0, 0, 26089.06, 1, 0, 0, 0.09, 55, 113, 25117.97, 66788, 64302
1695563823, 0, 1, 78, 0, 0, 26089.45, 1, 0, 0, 0.09, 56, 113, 25118.36, 66789, 64303
1695563834, 0, 1, 79, 0, 0, 26090.23, 1, 0, 0, 0.09, 57, 113, 25119.14, 66791, 64305
1695563846, 0, 1, 80, 0, 0, 26090.23, 1, 0, 0, 0.09, 58, 113, 25119.14, 66791, 64305
1695563857, 0, 1, 81, 0, 0, 26090.23, 1, 0, 0, 0.09, 59, 113, 25119.14, 66791, 64305
1695563868, 0, 1, 82, 0, 0, 26090.23, 1, 0, 0, 0.09, 60, 113, 25119.14, 66791, 64305
1695563880, 0, 1, 83, 0, 0, 26096.88, 1, 0, 0, 0.09, 61, 113, 25125.78, 66808, 64322
1695563891, 0, 1, 84, 0, 0, 26096.88, 1, 0, 0, 0.09, 62, 113, 25125.78, 66808, 64322
1695563907, 0, 1, 85, 0, 0, 26096.88, 1, 0, 0, 0.06, 63, 113, 25125.78, 66808, 64322
1695563923, 0, 1, 86, 0, 0, 26096.88, 1, 0, 0, 0.06, 64, 113, 25125.78, 66808, 64322
1695563934, 0, 1, 87, 0, 0, 26096.88, 1, 0, 0, 0.09, 65, 113, 25125.78, 66808, 64322
1695563946, 0, 1, 88, 0, 0, 26096.88, 1, 0, 0, 0.09, 66, 113, 25125.78, 66808, 64322
1695563957, 0, 1, 89, 0, 0, 26096.88, 1, 0, 0, 0.09, 67, 113, 25125.78, 66808, 64322
1695563968, 0, 1, 90, 0, 0, 26096.88, 1, 0, 0, 0.09, 68, 113, 25125.78, 66808, 64322
1695563979, 0, 1, 91, 0, 0, 26096.88, 1, 0, 0, 0.09, 69, 113, 25125.78, 66808, 64322
1695563990, 0, 1, 92, 0, 0, 26096.88, 1, 0, 0, 0.09, 70, 113, 25125.78, 66808, 64322
1695564001, 0, 1, 92, 0, 0, 26096.88, 1, 0, 0, 0.09, 71, 113, 25125.78, 66808, 64322
1695564012, 0, 1, 93, 0, 0, 26098.83, 1, 0, 0, 0.08, 72, 113, 25127.73, 66813, 64327
1695564024, 0, 1, 94, 0, 0, 26098.83, 1, 0, 0, 0.09, 73, 113, 25127.73, 66813, 64327
1695564035, 0, 1, 95, 0, 0, 26098.83, 1, 0, 0, 0.09, 74, 113, 25127.73, 66813, 64327
1695564047, 0, 1, 96, 0, 0, 26098.83, 1, 0, 0, 0.09, 75, 113, 25127.73, 66813, 64327
1695564058, 0, 1, 97, 0, 0, 26098.83, 1, 0, 0, 0.09, 76, 113, 25127.73, 66813, 64327
1695564070, 0, 1, 98, 0, 0, 26098.83, 1, 0, 0, 0.09, 77, 113, 25127.73, 66813, 64327
1695564082, 0, 1, 99, 0, 0, 26098.83, 1, 0, 0, 0.08, 78, 113, 25127.73, 66813, 64327
1695564093, 0, 1, 100, 0, 0, 26098.83, 1, 0, 0, 0.09, 79, 113, 25127.73, 66813, 64327
1695564105, 0, 1, 101, 0, 0, 26098.83, 1, 0, 0, 0.09, 80, 113, 25127.73, 66813, 64327
1695564116, 0, 1, 102, 0, 0, 26098.83, 1, 0, 0, 0.09, 81, 113, 25127.73, 66813, 64327
1695564128, 0, 1, 103, 0, 0, 26098.83, 1, 0, 0, 0.09, 82, 113, 25127.73, 66813, 64327
1695564140, 0, 1, 104, 0, 0, 26098.83, 1, 0, 0, 0.08, 83, 113, 25127.73, 66813, 64327
1695564151, 0, 1, 105, 0, 0, 26098.83, 1, 0, 0, 0.09, 84, 113, 25127.73, 66813, 64327
1695564162, 0, 1, 106, 0, 0, 26098.83, 1, 0, 0, 0.09, 85, 113, 25127.73, 66813, 64327
1695564174, 0, 1, 107, 0, 0, 26098.83, 1, 0, 0, 0.09, 86, 113, 25127.73, 66813, 64327
1695564186, 0, 1, 108, 0, 0, 26098.83, 1, 0, 0, 0.08, 87, 113, 25127.73, 66813, 64327
1695564200, 0, 1, 109, 0, 0, 26098.83, 1, 0, 0, 0.08, 88, 113, 25127.73, 66813, 64327
1695564213, 0, 1, 110, 0, 0, 26098.83, 1, 0, 0, 0.07, 89, 113, 25127.73, 66813, 64327
1695564226, 0, 1, 111, 0, 0, 26098.83, 1, 0, 0, 0.08, 90, 113, 25127.73, 66813, 64327
1695564244, 0, 1, 112, 0, 0, 26098.83, 1, 0, 0, 0.05, 91, 113, 25127.73, 66813, 64327
1695564257, 0, 1, 113, 0, 0, 26098.83, 1, 0, 0, 0.08, 92, 113, 25127.73, 66813, 64327
1695564269, 0, 1, 114, 0, 0, 26098.83, 1, 0, 0, 0.08, 93, 113, 25127.73, 66813, 64327
1695564280, 0, 1, 115, 0, 0, 26098.83, 1, 0, 0, 0.09, 94, 113, 25127.73, 66813, 64327
1695564291, 0, 1, 116, 0, 0, 26098.83, 1, 0, 0, 0.09, 95, 113, 25127.73, 66813, 64327
1695564302, 0, 1, 117, 0, 0, 26098.83, 1, 0, 0, 0.09, 96, 113, 25127.73, 66813, 64327
1695564314, 0, 1, 118, 0, 0, 26098.83, 1, 0, 0, 0.09, 97, 113, 25127.73, 66813, 64327
1695564325, 0, 1, 119, 0, 0, 26098.83, 1, 0, 0, 0.09, 98, 113, 25127.73, 66813, 64327
1695564336, 0, 1, 120, 0, 0, 26098.83, 1, 0, 0, 0.09, 99, 113, 25127.73, 66813, 64327
1695564348, 0, 1, 121, 0, 0, 26098.83, 1, 0, 0, 0.08, 100, 113, 25127.73, 66813, 64327
1695564359, 0, 1, 122, 0, 0, 26098.83, 1, 0, 0, 0.09, 101, 113, 25127.73, 66813, 64327
1695564371, 0, 1, 122, 0, 0, 26098.83, 1, 0, 0, 0.09, 102, 113, 25127.73, 66813, 64327
1695564382, 0, 1, 123, 0, 0, 26098.83, 1, 0, 0, 0.09, 103, 113, 25127.73, 66813, 64327
1695564394, 0, 1, 124, 0, 0, 26098.83, 1, 0, 0, 0.09, 104, 113, 25127.73, 66813, 64327
1695564405, 0, 1, 125, 0, 0, 26099.22, 1, 0, 0, 0.09, 105, 113, 25128.13, 66814, 64328
1695564416, 0, 1, 126, 0, 0, 26099.22, 1, 0, 0, 0.09, 106, 113, 25128.13, 66814, 64328
1695564428, 0, 1, 127, 0, 0, 26099.22, 1, 0, 0, 0.09, 107, 113, 25128.13, 66814, 64328
1695564439, 0, 1, 128, 0, 0, 26099.22, 1, 0, 0, 0.09, 108, 113, 25128.13, 66814, 64328
1695564450, 0, 1, 128, 0, 0, 26099.22, 1, 0, 0, 0.09, 109, 113, 25128.13, 66814, 64328
1695564461, 0, 1, 128, 0, 0, 26099.22, 1, 0, 0, 0.09, 110, 113, 25128.13, 66814, 64328
1695564473, 0, 1, 129, 0, 0, 26099.22, 1, 0, 0, 0.09, 111, 113, 25128.13, 66814, 64328
1695564485, 0, 1, 130, 0, 0, 26099.22, 1, 0, 0, 0.08, 112, 113, 25128.13, 66814, 64328
1695564497, 0, 1, 131, 0, 0, 26099.22, 1, 0, 0, 0.08, 113, 113, 25128.13, 66814, 64328
1695564509, 0, 1, 132, 0, 0, 26099.22, 1, 0, 0, 0.09, 114, 113, 25128.13, 66814, 64328
1695564520, 0, 1, 132, 0, 0, 26099.22, 1, 0, 0, 0.09, 115, 113, 25128.13, 66814, 64328
1695564532, 0, 1, 133, 0, 0, 26099.22, 1, 0, 0, 0.09, 116, 113, 25128.13, 66814, 64328
1695564543, 0, 1, 134, 0, 0, 26099.22, 1, 0, 0, 0.09, 117, 113, 25128.13, 66814, 64328
1695564555, 0, 1, 135, 0, 0, 26099.61, 1, 0, 0, 0.09, 118, 113, 25128.52, 66815, 64329
1695564567, 0, 1, 136, 0, 0, 26099.61, 1, 0, 0, 0.09, 119, 113, 25128.52, 66815, 64329
1695564578, 0, 1, 137, 0, 0, 26099.61, 1, 0, 0, 0.09, 120, 113, 25128.52, 66815, 64329
1695564589, 0, 1, 138, 0, 0, 26099.61, 1, 0, 0, 0.09, 121, 113, 25128.52, 66815, 64329
1695564600, 0, 1, 139, 0, 0, 26099.61, 1, 0, 0, 0.09, 122, 113, 25128.52, 66815, 64329
1695564612, 0, 1, 139, 0, 0, 26099.61, 1, 0, 0, 0.09, 123, 113, 25128.52, 66815, 64329
1695564623, 0, 1, 140, 0, 0, 26099.61, 1, 0, 0, 0.09, 124, 113, 25128.52, 66815, 64329
1695564635, 0, 1, 141, 0, 0, 26099.61, 1, 0, 0, 0.08, 125, 113, 25128.52, 66815, 64329
1695564646, 0, 1, 142, 0, 0, 26099.61, 1, 0, 0, 0.09, 126, 113, 25128.52, 66815, 64329
1695564658, 0, 1, 143, 0, 0, 26101.17, 1, 0, 0, 0.09, 127, 113, 25130.08, 66819, 64333
1695564670, 0, 1, 144, 0, 0, 26101.17, 1, 0, 0, 0.09, 128, 113, 25130.08, 66819, 64333
1695564681, 0, 1, 145, 0, 0, 26101.17, 1, 0, 0, 0.09, 129, 113, 25130.08, 66819, 64333
1695564693, 0, 1, 145, 0, 0, 26101.17, 1, 0, 0, 0.09, 130, 113, 25130.08, 66819, 64333
1695564704, 0, 1, 146, 0, 0, 26101.17, 1, 0, 0, 0.09, 131, 113, 25130.08, 66819, 64333
1695564715, 0, 1, 146, 0, 0, 26101.17, 1, 0, 0, 0.09, 132, 113, 25130.08, 66819, 64333
1695564727, 0, 1, 147, 0, 0, 26469.53, 1, 0, 0, 0.09, 133, 113, 25498.44, 67762, 65276
1695564738, 0, 1, 148, 0, 0, 26469.53, 1, 0, 0, 0.09, 134, 113, 25498.44, 67762, 65276
1695564749, 0, 1, 148, 0, 0, 26469.53, 1, 0, 0, 0.09, 135, 113, 25498.44, 67762, 65276
1695564761, 0, 1, 148, 0, 0, 26469.53, 1, 0, 0, 0.08, 136, 113, 25498.44, 67762, 65276
1695564773, 0, 1, 149, 0, 0, 26469.53, 1, 0, 0, 0.08, 137, 113, 25498.44, 67762, 65276
1695564785, 0, 1, 149, 0, 0, 26469.53, 1, 0, 0, 0.09, 138, 113, 25498.44, 67762, 65276
1695564796, 0, 1, 150, 0, 0, 26469.53, 1, 0, 0, 0.09, 139, 113, 25498.44, 67762, 65276
1695564808, 0, 1, 151, 0, 0, 26469.53, 1, 0, 0, 0.09, 140, 113, 25498.44, 67762, 65276
1695564819, 0, 1, 152, 0, 0, 26469.53, 1, 0, 0, 0.09, 141, 113, 25498.44, 67762, 65276
1695564831, 0, 1, 152, 0, 0, 26469.53, 1, 0, 0, 0.09, 142, 113, 25498.44, 67762, 65276
1695564843, 0, 1, 153, 0, 0, 26469.53, 1, 0, 0, 0.09, 143, 113, 25498.44, 67762, 65276
1695564854, 0, 1, 153, 0, 0, 26469.53, 1, 0, 0, 0.09, 144, 113, 25498.44, 67762, 65276
1695564866, 0, 1, 154, 0, 0, 26469.53, 1, 0, 0, 0.09, 145, 113, 25498.44, 67762, 65276
1695564877, 0, 1, 154, 0, 0, 26469.53, 1, 0, 0, 0.09, 146, 113, 25498.44, 67762, 65276
1695564888, 0, 1, 155, 0, 0, 26469.53, 1, 0, 0, 0.09, 147, 113, 25498.44, 67762, 65276
1695564900, 0, 1, 156, 0, 0, 26469.53, 1, 0, 0, 0.09, 148, 113, 25498.44, 67762, 65276
1695564912, 0, 1, 157, 0, 0, 26469.53, 1, 0, 0, 0.08, 149, 113, 25498.44, 67762, 65276
1695564924, 0, 1, 158, 0, 0, 26469.53, 1, 0, 0, 0.09, 150, 113, 25498.44, 67762, 65276
1695564935, 0, 1, 159, 0, 0, 26469.53, 1, 0, 0, 0.09, 151, 113, 25498.44, 67762, 65276
1695564947, 0, 1, 160, 0, 0, 26469.53, 1, 0, 0, 0.08, 152, 113, 25498.44, 67762, 65276
1695564959, 0, 1, 161, 0, 0, 26469.53, 1, 0, 0, 0.09, 153, 113, 25498.44, 67762, 65276
1695564970, 0, 1, 162, 0, 0, 26469.53, 1, 0, 0, 0.09, 154, 113, 25498.44, 67762, 65276
1695564982, 0, 1, 162, 0, 0, 26469.53, 1, 0, 0, 0.09, 155, 113, 25498.44, 67762, 65276
1695564994, 0, 1, 163, 0, 0, 26469.53, 1, 0, 0, 0.08, 156, 113, 25498.44, 67762, 65276
1695565006, 0, 1, 164, 0, 0, 26469.53, 1, 0, 0, 0.09, 157, 113, 25498.44, 67762, 65276
1695565017, 0, 1, 164, 0, 0, 26469.53, 1, 0, 0, 0.09, 158, 113, 25498.44, 67762, 65276
1695565029, 0, 1, 164, 0, 0, 26469.53, 1, 0, 0, 0.09, 159, 113, 25498.44, 67762, 65276
1695565040, 0, 1, 165, 0, 0, 26469.53, 1, 0, 0, 0.09, 160, 113, 25498.44, 67762, 65276
1695565052, 0, 1, 166, 0, 0, 26469.53, 1, 0, 0, 0.09, 161, 113, 25498.44, 67762, 65276
1695565063, 0, 1, 167, 0, 0, 26469.53, 1, 0, 0, 0.09, 162, 113, 25498.44, 67762, 65276
1695565075, 0, 1, 168, 0, 0, 26469.53, 1, 0, 0, 0.08, 163, 113, 25498.44, 67762, 65276
1695565087, 0, 1, 169, 0, 0, 26469.53, 1, 0, 0, 0.08, 164, 113, 25498.44, 67762, 65276
1695565099, 0, 1, 170, 0, 0, 26469.53, 1, 0, 0, 0.08, 165, 113, 25498.44, 67762, 65276
1695565111, 0, 1, 170, 0, 0, 26469.53, 1, 0, 0, 0.08, 166, 113, 25498.44, 67762, 65276
1695565122, 0, 1, 170, 0, 0, 26469.53, 1, 0, 0, 0.09, 167, 113, 25498.44, 67762, 65276
1695565134, 0, 1, 170, 0, 0, 26469.53, 1, 0, 0, 0.09, 168, 113, 25498.44, 67762, 65276
1695565145, 0, 1, 170, 0, 0, 26469.53, 1, 0, 0, 0.09, 169, 113, 25498.44, 67762, 65276
1695565157, 0, 1, 171, 0, 0, 26469.53, 1, 0, 0, 0.09, 170, 113, 25498.44, 67762, 65276
1695565169, 0, 1, 172, 0, 0, 26469.53, 1, 0, 0, 0.08, 171, 113, 25498.44, 67762, 65276
1695565180, 0, 1, 173, 0, 0, 26469.53, 1, 0, 0, 0.09, 172, 113, 25498.44, 67762, 65276
1695565192, 0, 1, 173, 0, 0, 26469.53, 1, 0, 0, 0.09, 173, 113, 25498.44, 67762, 65276
1695565204, 0, 1, 174, 0, 0, 26469.53, 1, 0, 0, 0.08, 174, 113, 25498.44, 67762, 65276
1695565216, 0, 1, 175, 0, 0, 26470.31, 1, 0, 0, 0.08, 175, 113, 25499.22, 67764, 65278
1695565227, 0, 1, 176, 0, 0, 26470.31, 1, 0, 0, 0.09, 176, 113, 25499.22, 67764, 65278
1695565239, 0, 1, 176, 0, 0, 26470.31, 1, 0, 0, 0.08, 177, 113, 25499.22, 67764, 65278
1695565251, 0, 1, 177, 0, 0, 26470.31, 1, 0, 0, 0.09, 178, 113, 25499.22, 67764, 65278
1695565263, 0, 1, 177, 0, 0, 26470.31, 1, 0, 0, 0.08, 179, 113, 25499.22, 67764, 65278
1695565274, 0, 1, 178, 0, 0, 26470.31, 1, 0, 0, 0.09, 180, 113, 25499.22, 67764, 65278
1695565286, 0, 1, 178, 0, 0, 26470.31, 1, 0, 0, 0.09, 181, 113, 25499.22, 67764, 65278
1695565298, 0, 1, 178, 0, 0, 26470.31, 1, 0, 0, 0.08, 182, 113, 25499.22, 67764, 65278
1695565310, 0, 1, 179, 0, 0, 26470.31, 1, 0, 0, 0.08, 183, 113, 25499.22, 67764, 65278
1695565322, 0, 1, 180, 0, 0, 26470.31, 1, 0, 0, 0.08, 184, 113, 25499.22, 67764, 65278
1695565334, 0, 1, 181, 0, 0, 26470.31, 1, 0, 0, 0.08, 185, 113, 25499.22, 67764, 65278
1695565345, 0, 1, 181, 0, 0, 26470.31, 1, 0, 0, 0.08, 186, 113, 25499.22, 67764, 65278
1695565357, 0, 1, 181, 0, 0, 26470.31, 1, 0, 0, 0.09, 187, 113, 25499.22, 67764, 65278
1695565369, 0, 1, 181, 0, 0, 26470.31, 1, 0, 0, 0.09, 188, 113, 25499.22, 67764, 65278
1695565380, 0, 1, 182, 0, 0, 26470.31, 1, 0, 0, 0.09, 189, 113, 25499.22, 67764, 65278
1695565393, 0, 1, 182, 0, 0, 26470.31, 1, 0, 0, 0.08, 190, 113, 25499.22, 67764, 65278
1695565405, 0, 1, 183, 0, 0, 26470.31, 1, 0, 0, 0.09, 191, 113, 25499.22, 67764, 65278
1695565416, 0, 1, 184, 0, 0, 26470.31, 1, 0, 0, 0.09, 192, 113, 25499.22, 67764, 65278
1695565428, 0, 1, 185, 0, 0, 26470.31, 1, 0, 0, 0.09, 193, 113, 25499.22, 67764, 65278
1695565440, 0, 1, 186, 0, 0, 26470.31, 1, 0, 0, 0.09, 194, 113, 25499.22, 67764, 65278
1695565451, 0, 1, 187, 0, 0, 26470.31, 1, 0, 0, 0.09, 195, 113, 25499.22, 67764, 65278
1695565463, 0, 1, 188, 0, 0, 26470.31, 1, 0, 0, 0.09, 196, 113, 25499.22, 67764, 65278
1695565474, 0, 1, 189, 0, 0, 26470.31, 1, 0, 0, 0.09, 197, 113, 25499.22, 67764, 65278
1695565486, 0, 1, 190, 0, 0, 26470.31, 1, 0, 0, 0.09, 198, 113, 25499.22, 67764, 65278
1695565497, 0, 1, 190, 0, 0, 26470.31, 1, 0, 0, 0.09, 199, 113, 25499.22, 67764, 65278
1695565509, 0, 1, 191, 0, 0, 26470.31, 1, 0, 0, 0.09, 200, 113, 25499.22, 67764, 65278
1695565521, 0, 1, 191, 0, 0, 26470.31, 1, 0, 0, 0.08, 201, 113, 25499.22, 67764, 65278
1695565533, 0, 1, 192, 0, 0, 26470.31, 1, 0, 0, 0.08, 202, 113, 25499.22, 67764, 65278
1695565545, 0, 1, 193, 0, 0, 26470.31, 1, 0, 0, 0.08, 203, 113, 25499.22, 67764, 65278
1695565557, 0, 1, 194, 0, 0, 26470.31, 1, 0, 0, 0.09, 204, 113, 25499.22, 67764, 65278
1695565568, 0, 1, 194, 0, 0, 26470.31, 1, 0, 0, 0.09, 205, 113, 25499.22, 67764, 65278
1695565580, 0, 1, 195, 0, 0, 26470.31, 1, 0, 0, 0.08, 206, 113, 25499.22, 67764, 65278
1695565592, 0, 1, 196, 0, 0, 26470.31, 1, 0, 0, 0.08, 207, 113, 25499.22, 67764, 65278
1695565604, 0, 1, 197, 0, 0, 26470.31, 1, 0, 0, 0.09, 208, 113, 25499.22, 67764, 65278
1695565616, 0, 1, 198, 0, 0, 26470.70, 1, 0, 0, 0.09, 209, 113, 25499.61, 67765, 65279
1695565627, 0, 1, 199, 0, 0, 26470.70, 1, 0, 0, 0.09, 210, 113, 25499.61, 67765, 65279
1695565639, 0, 1, 200, 0, 0, 26470.70, 1, 0, 0, 0.08, 211, 113, 25499.61, 67765, 65279
1695565651, 0, 1, 200, 0, 0, 26470.70, 1, 0, 0, 0.08, 212, 113, 25499.61, 67765, 65279
1695565663, 0, 1, 200, 0, 0, 26470.70, 1, 0, 0, 0.09, 213, 113, 25499.61, 67765, 65279
1695565675, 0, 1, 201, 0, 0, 26470.70, 1, 0, 0, 0.08, 214, 113, 25499.61, 67765, 65279
1695565686, 0, 1, 202, 0, 0, 26470.70, 1, 0, 0, 0.09, 215, 113, 25499.61, 67765, 65279
1695565699, 0, 1, 202, 0, 0, 26470.70, 1, 0, 0, 0.08, 216, 113, 25499.61, 67765, 65279
1695565711, 0, 1, 203, 0, 0, 26470.70, 1, 0, 0, 0.09, 217, 113, 25499.61, 67765, 65279
1695565722, 0, 1, 204, 0, 0, 26470.70, 1, 0, 0, 0.09, 218, 113, 25499.61, 67765, 65279
1695565733, 0, 1, 205, 0, 0, 26470.70, 1, 0, 0, 0.09, 219, 113, 25499.61, 67765, 65279
1695565744, 0, 1, 206, 0, 0, 26470.70, 1, 0, 0, 0.09, 220, 113, 25499.61, 67765, 65279
1695565756, 0, 1, 207, 0, 0, 26470.70, 1, 0, 0, 0.09, 221, 113, 25499.61, 67765, 65279
1695565768, 0, 1, 207, 0, 0, 26470.70, 1, 0, 0, 0.09, 222, 113, 25499.61, 67765, 65279
1695565779, 0, 1, 208, 0, 0, 26470.70, 1, 0, 0, 0.09, 223, 113, 25499.61, 67765, 65279
1695565790, 0, 1, 208, 0, 0, 26470.70, 1, 0, 0, 0.09, 224, 113, 25499.61, 67765, 65279
1695565802, 0, 1, 209, 0, 0, 26470.70, 1, 0, 0, 0.09, 225, 113, 25499.61, 67765, 65279
1695565814, 0, 1, 210, 0, 0, 26470.70, 1, 0, 0, 0.08, 226, 113, 25499.61, 67765, 65279
1695565825, 0, 1, 210, 0, 0, 26470.70, 1, 0, 0, 0.09, 227, 113, 25499.61, 67765, 65279
1695565837, 0, 1, 210, 0, 0, 26470.70, 1, 0, 0, 0.09, 228, 113, 25499.61, 67765, 65279
1695565849, 0, 1, 211, 0, 0, 26470.70, 1, 0, 0, 0.09, 229, 113, 25499.61, 67765, 65279
1695565860, 0, 1, 212, 0, 0, 26470.70, 1, 0, 0, 0.09, 230, 113, 25499.61, 67765, 65279
1695565872, 0, 1, 213, 0, 0, 26471.09, 1, 0, 0, 0.08, 231, 113, 25500.00, 67766, 65280
1695565884, 0, 1, 214, 0, 0, 26471.09, 1, 0, 0, 0.08, 232, 113, 25500.00, 67766, 65280
1695565896, 0, 1, 215, 0, 0, 26471.09, 1, 0, 0, 0.08, 233, 113, 25500.00, 67766, 65280
1695565907, 0, 1, 216, 0, 0, 26471.09, 1, 0, 0, 0.09, 234, 113, 25500.00, 67766, 65280
1695565919, 0, 1, 216, 0, 0, 26471.09, 1, 0, 0, 0.09, 235, 113, 25500.00, 67766, 65280
1695565931, 0, 1, 217, 0, 0, 26471.09, 1, 0, 0, 0.09, 236, 113, 25500.00, 67766, 65280
1695565943, 0, 1, 217, 0, 0, 26471.09, 1, 0, 0, 0.08, 237, 113, 25500.00, 67766, 65280
1695565956, 0, 1, 218, 0, 0, 26471.09, 1, 0, 0, 0.07, 238, 113, 25500.00, 67766, 65280
1695565968, 0, 1, 219, 0, 0, 26471.09, 1, 0, 0, 0.09, 239, 113, 25500.00, 67766, 65280
1695565979, 0, 1, 219, 0, 0, 26471.09, 1, 0, 0, 0.09, 240, 113, 25500.00, 67766, 65280
1695565991, 0, 1, 220, 0, 0, 26471.09, 1, 0, 0, 0.08, 241, 113, 25500.00, 67766, 65280
1695566003, 0, 1, 220, 0, 0, 26471.09, 1, 0, 0, 0.09, 242, 113, 25500.00, 67766, 65280
1695566015, 0, 1, 220, 0, 0, 26471.09, 1, 0, 0, 0.09, 243, 113, 25500.00, 67766, 65280
1695566026, 0, 1, 220, 0, 0, 26471.09, 1, 0, 0, 0.09, 244, 113, 25500.00, 67766, 65280
1695566038, 0, 1, 220, 0, 0, 26471.09, 1, 0, 0, 0.09, 245, 113, 25500.00, 67766, 65280
1695566050, 0, 1, 220, 0, 0, 26471.09, 1, 0, 0, 0.08, 246, 113, 25500.00, 67766, 65280
1695566061, 0, 1, 220, 0, 0, 26471.09, 1, 0, 0, 0.09, 247, 113, 25500.00, 67766, 65280
1695566073, 0, 1, 220, 0, 0, 26471.09, 1, 0, 0, 0.09, 248, 113, 25500.00, 67766, 65280
1695566084, 0, 1, 221, 0, 0, 26471.09, 1, 0, 0, 0.09, 249, 113, 25500.00, 67766, 65280
1695566096, 0, 1, 221, 0, 0, 26471.09, 1, 0, 0, 0.09, 250, 113, 25500.00, 67766, 65280
1695566107, 0, 1, 221, 0, 0, 26471.09, 1, 0, 0, 0.09, 251, 113, 25500.00, 67766, 65280
1695566119, 0, 1, 222, 0, 0, 26471.09, 1, 0, 0, 0.09, 252, 113, 25500.00, 67766, 65280
1695566131, 0, 1, 223, 0, 0, 26471.09, 1, 0, 0, 0.08, 253, 113, 25500.00, 67766, 65280
1695566143, 0, 1, 224, 0, 0, 26471.09, 1, 0, 0, 0.08, 254, 113, 25500.00, 67766, 65280
1695566154, 0, 1, 224, 0, 0, 26471.09, 1, 0, 0, 0.09, 255, 113, 25500.00, 67766, 65280
1695566166, 0, 1, 224, 0, 0, 26471.09, 1, 0, 0, 0.08, 256, 113, 25500.00, 67766, 65280
1695566178, 0, 1, 224, 0, 0, 26471.09, 1, 0, 0, 0.09, 257, 113, 25500.00, 67766, 65280
1695566190, 0, 1, 224, 0, 0, 26471.09, 1, 0, 0, 0.09, 258, 113, 25500.00, 67766, 65280
1695566201, 0, 1, 225, 0, 0, 26471.09, 1, 0, 0, 0.08, 259, 113, 25500.00, 67766, 65280
1695566213, 0, 1, 226, 0, 0, 26471.09, 1, 0, 0, 0.09, 260, 113, 25500.00, 67766, 65280
1695566225, 0, 1, 227, 0, 0, 26471.09, 1, 0, 0, 0.08, 261, 113, 25500.00, 67766, 65280
1695566237, 0, 1, 228, 0, 0, 26471.09, 1, 0, 0, 0.08, 262, 113, 25500.00, 67766, 65280
1695566249, 0, 1, 229, 0, 0, 26471.09, 1, 0, 0, 0.08, 263, 113, 25500.00, 67766, 65280
1695566260, 0, 1, 230, 0, 0, 26471.09, 1, 0, 0, 0.09, 264, 113, 25500.00, 67766, 65280
1695566272, 0, 1, 231, 0, 0, 26471.09, 1, 0, 0, 0.08, 265, 113, 25500.00, 67766, 65280
1695566284, 0, 1, 231, 0, 0, 26471.09, 1, 0, 0, 0.08, 266, 113, 25500.00, 67766, 65280
1695566296, 0, 1, 231, 0, 0, 26471.09, 1, 0, 0, 0.08, 267, 113, 25500.00, 67766, 65280
1695566308, 0, 1, 231, 0, 0, 26471.09, 1, 0, 0, 0.09, 268, 113, 25500.00, 67766, 65280
1695566320, 0, 1, 231, 0, 0, 26471.09, 1, 0, 0, 0.08, 269, 113, 25500.00, 67766, 65280
1695566332, 0, 1, 232, 0, 0, 26471.09, 1, 0, 0, 0.08, 270, 113, 25500.00, 67766, 65280
1695566343, 0, 1, 232, 0, 0, 26471.09, 1, 0, 0, 0.09, 271, 113, 25500.00, 67766, 65280
1695566355, 0, 1, 232, 0, 0, 26471.09, 1, 0, 0, 0.09, 272, 113, 25500.00, 67766, 65280
1695566366, 0, 1, 232, 0, 0, 26471.09, 1, 0, 0, 0.09, 273, 113, 25500.00, 67766, 65280
1695566378, 0, 1, 233, 0, 0, 26471.09, 1, 0, 0, 0.09, 274, 113, 25500.00, 67766, 65280
1695566390, 0, 1, 234, 0, 0, 26471.09, 1, 0, 0, 0.08, 275, 113, 25500.00, 67766, 65280
1695566402, 0, 1, 235, 0, 0, 26471.48, 1, 0, 0, 0.09, 276, 113, 25500.39, 67767, 65281
1695566414, 0, 1, 235, 0, 0, 26471.48, 1, 0, 0, 0.08, 277, 113, 25500.39, 67767, 65281
1695566426, 0, 1, 236, 0, 0, 26471.48, 1, 0, 0, 0.08, 278, 113, 25500.39, 67767, 65281
1695566438, 0, 1, 237, 0, 0, 26471.48, 1, 0, 0, 0.08, 279, 113, 25500.39, 67767, 65281
1695566450, 0, 1, 238, 0, 0, 26471.48, 1, 0, 0, 0.08, 280, 113, 25500.39, 67767, 65281
1695566462, 0, 1, 239, 0, 0, 26471.48, 1, 0, 0, 0.08, 281, 113, 25500.39, 67767, 65281
1695566475, 0, 1, 240, 0, 0, 26471.48, 1, 0, 0, 0.08, 282, 113, 25500.39, 67767, 65281
1695566487, 0, 1, 240, 0, 0, 26471.48, 1, 0, 0, 0.08, 283, 113, 25500.39, 67767, 65281
1695566499, 0, 1, 241, 0, 0, 26471.48, 1, 0, 0, 0.08, 284, 113, 25500.39, 67767, 65281
1695566511, 0, 1, 241, 0, 0, 26471.48, 1, 0, 0, 0.08, 285, 113, 25500.39, 67767, 65281
1695566523, 0, 1, 242, 0, 0, 26471.48, 1, 0, 0, 0.08, 286, 113, 25500.39, 67767, 65281
1695566541, 0, 1, 243, 0, 0, 26471.48, 1, 0, 0, 0.06, 287, 113, 25500.39, 67767, 65281
1695566553, 0, 1, 244, 0, 0, 26472.66, 1, 0, 0, 0.08, 288, 113, 25501.56, 67770, 65284
1695566564, 0, 1, 245, 0, 0, 26472.66, 1, 0, 0, 0.09, 289, 113, 25501.56, 67770, 65284
1695566576, 0, 1, 246, 0, 0, 26472.66, 1, 0, 0, 0.08, 290, 113, 25501.56, 67770, 65284
1695566588, 0, 1, 247, 0, 0, 26472.66, 1, 0, 0, 0.08, 291, 113, 25501.56, 67770, 65284
1695566600, 0, 1, 248, 0, 0, 26472.66, 1, 0, 0, 0.08, 292, 113, 25501.56, 67770, 65284
1695566612, 0, 1, 249, 0, 0, 26472.66, 1, 0, 0, 0.08, 293, 113, 25501.56, 67770, 65284
1695566624, 0, 1, 250, 0, 0, 26472.66, 1, 0, 0, 0.08, 294, 113, 25501.56, 67770, 65284
1695566636, 0, 1, 251, 0, 0, 26472.66, 1, 0, 0, 0.09, 295, 113, 25501.56, 67770, 65284
1695566647, 0, 1, 251, 0, 0, 26472.66, 1, 0, 0, 0.09, 296, 113, 25501.56, 67770, 65284
1695566660, 0, 1, 252, 0, 0, 26472.66, 1, 0, 0, 0.08, 297, 113, 25501.56, 67770, 65284
1695566674, 0, 1, 253, 0, 0, 26472.66, 1, 0, 0, 0.07, 298, 113, 25501.56, 67770, 65284
1695566687, 0, 1, 254, 0, 0, 26472.66, 1, 0, 0, 0.08, 299, 113, 25501.56, 67770, 65284
1695566699, 0, 1, 254, 0, 0, 26472.66, 1, 0, 0, 0.08, 300, 113, 25501.56, 67770, 65284
1695566713, 0, 1, 255, 0, 0, 26472.66, 1, 0, 0, 0.07, 301, 113, 25501.56, 67770, 65284
1695566727, 0, 1, 256, 0, 0, 26472.66, 1, 0, 0, 0.08, 302, 113, 25501.56, 67770, 65284
1695566740, 0, 1, 256, 0, 0, 26472.66, 1, 0, 0, 0.07, 303, 113, 25501.56, 67770, 65284
1695566754, 0, 1, 257, 0, 0, 26472.66, 1, 0, 0, 0.07, 304, 113, 25501.56, 67770, 65284
1695566768, 0, 1, 258, 0, 0, 26472.66, 1, 0, 0, 0.07, 305, 113, 25501.56, 67770, 65284
1695566780, 0, 1, 259, 0, 0, 26472.66, 1, 0, 0, 0.08, 306, 113, 25501.56, 67770, 65284
1695566792, 0, 1, 260, 0, 0, 26472.66, 1, 0, 0, 0.08, 307, 113, 25501.56, 67770, 65284
1695566804, 0, 1, 261, 0, 0, 26473.44, 1, 0, 0, 0.08, 308, 113, 25502.34, 67772, 65286
1695566816, 0, 1, 262, 0, 0, 26473.44, 1, 0, 0, 0.08, 309, 113, 25502.34, 67772, 65286
1695566828, 0, 1, 262, 0, 0, 26473.44, 1, 0, 0, 0.09, 310, 113, 25502.34, 67772, 65286
1695566840, 0, 1, 263, 0, 0, 26473.44, 1, 0, 0, 0.08, 311, 113, 25502.34, 67772, 65286
1695566852, 0, 1, 264, 0, 0, 26473.44, 1, 0, 0, 0.08, 312, 113, 25502.34, 67772, 65286
1695566864, 0, 1, 265, 0, 0, 26473.44, 1, 0, 0, 0.08, 313, 113, 25502.34, 67772, 65286
1695566876, 0, 1, 266, 0, 0, 26473.44, 1, 0, 0, 0.08, 314, 113, 25502.34, 67772, 65286
1695566888, 0, 1, 267, 0, 0, 26473.44, 1, 0, 0, 0.08, 315, 113, 25502.34, 67772, 65286
1695566900, 0, 1, 267, 0, 0, 26473.44, 1, 0, 0, 0.08, 316, 113, 25502.34, 67772, 65286
1695566912, 0, 1, 267, 0, 0, 26473.44, 1, 0, 0, 0.08, 317, 113, 25502.34, 67772, 65286
1695566924, 0, 1, 268, 0, 0, 26473.44, 1, 0, 0, 0.08, 318, 113, 25502.34, 67772, 65286
1695566936, 0, 1, 268, 0, 0, 26473.44, 1, 0, 0, 0.08, 319, 113, 25502.34, 67772, 65286
1695566948, 0, 1, 268, 0, 0, 26473.44, 1, 0, 0, 0.08, 320, 113, 25502.34, 67772, 65286
1695566960, 0, 1, 269, 0, 0, 26473.44, 1, 0, 0, 0.08, 321, 113, 25502.34, 67772, 65286
1695566972, 0, 1, 270, 0, 0, 26473.44, 1, 0, 0, 0.08, 322, 113, 25502.34, 67772, 65286
1695566984, 0, 1, 271, 0, 0, 26473.44, 1, 0, 0, 0.08, 323, 113, 25502.34, 67772, 65286
1695566996, 0, 1, 271, 0, 0, 26473.44, 1, 0, 0, 0.08, 324, 113, 25502.34, 67772, 65286
1695567008, 0, 1, 272, 0, 0, 26473.44, 1, 0, 0, 0.08, 325, 113, 25502.34, 67772, 65286
1695567020, 0, 1, 273, 0, 0, 26473.44, 1, 0, 0, 0.08, 326, 113, 25502.34, 67772, 65286
1695567032, 0, 1, 274, 0, 0, 26473.44, 1, 0, 0, 0.08, 327, 113, 25502.34, 67772, 65286
1695567044, 0, 1, 275, 0, 0, 26473.44, 1, 0, 0, 0.08, 328, 113, 25502.34, 67772, 65286
1695567056, 0, 1, 276, 0, 0, 26473.44, 1, 0, 0, 0.08, 329, 113, 25502.34, 67772, 65286
1695567068, 0, 1, 277, 0, 0, 26473.44, 1, 0, 0, 0.08, 330, 113, 25502.34, 67772, 65286
1695567080, 0, 1, 278, 0, 0, 26473.44, 1, 0, 0, 0.08, 331, 113, 25502.34, 67772, 65286
1695567093, 0, 1, 278, 0, 0, 26473.44, 1, 0, 0, 0.08, 332, 113, 25502.34, 67772, 65286
1695567105, 0, 1, 278, 0, 0, 26473.44, 1, 0, 0, 0.08, 333, 113, 25502.34, 67772, 65286
1695567117, 0, 1, 279, 0, 0, 26473.44, 1, 0, 0, 0.08, 334, 113, 25502.34, 67772, 65286
1695567129, 0, 1, 280, 0, 0, 26473.44, 1, 0, 0, 0.08, 335, 113, 25502.34, 67772, 65286
1695567142, 0, 1, 281, 0, 0, 26473.44, 1, 0, 0, 0.08, 336, 113, 25502.34, 67772, 65286
1695567154, 0, 1, 282, 0, 0, 26473.44, 1, 0, 0, 0.08, 337, 113, 25502.34, 67772, 65286
1695567154, 0, 1, 282, 0, 0, 26473.44, 1, 0, 0, 0.00, 337, 113, 25502.34, 67772, 65286
