# unix_time, cycles_done, cur_path, paths_total, pending_total, pending_favs, map_size, unique_crashes, unique_hangs, max_depth, execs_per_sec, valid_inputs, invalid_inputs, valid_cov, all_covered_probes, valid_covered_probes
1695552716, 0, 0, 1, 0, 0, 3852.34, 0, 0, 0, 1.07, 1, 0, 3852.34, 9862, 9862
1695552716, 0, 0, 11, 0, 0, 4927.73, 0, 0, 0, 28.09, 7, 4, 3953.52, 12615, 10121
1695552735, 0, 0, 19, 0, 0, 25218.36, 0, 0, 0, 1.04, 22, 8, 24755.86, 64559, 63375
1695552752, 0, 0, 23, 0, 0, 25498.44, 0, 0, 0, 0.23, 25, 9, 25035.94, 65276, 64092
1695552764, 0, 0, 27, 0, 0, 25516.02, 1, 0, 0, 0.79, 31, 12, 25035.94, 65321, 64092
1695552780, 0, 0, 28, 0, 0, 25748.83, 1, 0, 0, 0.06, 32, 12, 25270.70, 65917, 64693
1695552781, 0, 0, 37, 0, 0, 25757.03, 1, 0, 0, 43.75, 41, 17, 25271.48, 65938, 64695
1695552792, 0, 0, 41, 0, 0, 26101.56, 1, 0, 0, 1.51, 55, 20, 25547.27, 66820, 65401
1695552805, 0, 0, 46, 0, 0, 26475.00, 1, 0, 0, 0.69, 63, 21, 25921.09, 67776, 66358
1695552817, 0, 0, 47, 0, 0, 26477.73, 1, 0, 0, 0.09, 64, 21, 25923.83, 67783, 66365
1695552829, 0, 0, 52, 0, 0, 26493.75, 1, 0, 0, 1.01, 73, 25, 25934.77, 67824, 66393
1695552830, 0, 0, 55, 0, 0, 26493.75, 1, 0, 0, 11.31, 77, 26, 25934.77, 67824, 66393
1695552841, 0, 0, 56, 0, 0, 26498.05, 1, 0, 0, 0.09, 78, 26, 25939.06, 67835, 66404
1695552871, 0, 0, 57, 0, 0, 26500.00, 1, 0, 0, 0.03, 79, 26, 25941.02, 67840, 66409
1695552882, 0, 0, 64, 0, 0, 26500.78, 1, 0, 0, 2.39, 99, 32, 25941.80, 67842, 66411
1695552894, 0, 1, 69, 0, 0, 26507.42, 1, 0, 0, 0.98, 108, 35, 25948.44, 67859, 66428
1695552907, 0, 1, 73, 0, 0, 26519.53, 1, 0, 0, 0.70, 114, 38, 25960.55, 67890, 66459
1695552920, 0, 1, 74, 0, 0, 26519.92, 1, 0, 0, 0.07, 115, 38, 25960.94, 67891, 66460
1695552965, 0, 1, 76, 0, 0, 26601.95, 1, 0, 0, 0.13, 120, 39, 26042.97, 68101, 66670
1695552976, 0, 1, 82, 0, 0, 26611.72, 1, 0, 0, 0.70, 126, 41, 26052.73, 68126, 66695
1695552989, 0, 1, 86, 0, 0, 26616.02, 1, 0, 0, 0.54, 130, 44, 26053.13, 68137, 66696
1695553003, 0, 2, 89, 0, 0, 26617.97, 1, 0, 0, 0.95, 142, 45, 26055.08, 68142, 66701
1695553003, 0, 2, 93, 0, 0, 26617.97, 1, 0, 0, 19.77, 148, 46, 26055.08, 68142, 66701
1695553017, 0, 2, 94, 0, 0, 26618.36, 1, 0, 0, 0.58, 154, 48, 26055.47, 68143, 66702
1695553034, 0, 2, 99, 0, 0, 26619.14, 1, 0, 0, 0.49, 160, 50, 26055.86, 68145, 66703
1695553046, 0, 2, 99, 0, 0, 26619.14, 2, 0, 0, 0.16, 160, 52, 26055.86, 68145, 66703
1695553046, 0, 4, 104, 0, 0, 26620.31, 2, 0, 0, 72.13, 175, 59, 26056.25, 68148, 66704
1695553058, 0, 4, 106, 0, 0, 26620.31, 2, 0, 0, 0.70, 180, 62, 26056.25, 68148, 66704
1695553072, 0, 4, 109, 0, 0, 26635.94, 2, 0, 0, 0.62, 188, 63, 26071.88, 68188, 66744
1695553087, 0, 4, 113, 0, 0, 26636.33, 2, 0, 0, 1.24, 200, 69, 26072.27, 68189, 66745
1695553087, 0, 4, 114, 0, 0, 26636.33, 2, 0, 0, 21.68, 207, 70, 26072.27, 68189, 66745
1695553099, 0, 4, 115, 0, 0, 26636.33, 2, 0, 0, 0.26, 210, 70, 26072.27, 68189, 66745
1695553113, 0, 4, 117, 0, 0, 26644.14, 2, 0, 0, 0.20, 213, 70, 26080.08, 68209, 66765
1695553127, 0, 4, 123, 0, 0, 26644.14, 2, 0, 0, 0.78, 223, 71, 26080.08, 68209, 66765
1695553128, 0, 4, 125, 0, 0, 26644.14, 2, 0, 0, 22.58, 227, 74, 26080.08, 68209, 66765
1695553138, 0, 4, 126, 0, 0, 26644.53, 2, 0, 0, 1.07, 234, 78, 26080.47, 68210, 66766
1695553189, 0, 4, 127, 0, 0, 26644.92, 2, 0, 0, 0.02, 235, 78, 26080.86, 68211, 66767
1695553189, 0, 5, 129, 0, 0, 26644.92, 2, 0, 0, 36.07, 245, 79, 26080.86, 68211, 66767
1695553189, 0, 5, 129, 0, 0, 26644.92, 2, 0, 0, 52.47, 254, 87, 26080.86, 68211, 66767
1695553204, 0, 5, 130, 0, 0, 26644.92, 2, 0, 0, 1.66, 265, 100, 26080.86, 68211, 66767
1695553204, 0, 5, 130, 0, 0, 26644.92, 2, 0, 0, 31.45, 266, 109, 26080.86, 68211, 66767
1695553204, 0, 5, 132, 0, 0, 26644.92, 2, 0, 0, 98.36, 272, 133, 26080.86, 68211, 66767
1695553215, 0, 5, 133, 0, 0, 26645.31, 2, 0, 0, 0.74, 275, 138, 26081.25, 68212, 66768
1695553229, 0, 5, 135, 0, 0, 26645.31, 2, 0, 0, 1.69, 279, 158, 26081.25, 68212, 66768
1695553243, 0, 6, 139, 0, 0, 26645.31, 2, 0, 0, 1.01, 286, 165, 26081.25, 68212, 66768
1695553254, 0, 6, 140, 0, 0, 26648.44, 2, 0, 0, 0.09, 287, 165, 26084.38, 68220, 66776
1695553269, 0, 6, 143, 0, 0, 26648.44, 2, 0, 0, 1.96, 312, 170, 26084.38, 68220, 66776
1695553270, 0, 7, 146, 0, 0, 26648.44, 2, 0, 0, 46.30, 325, 172, 26084.38, 68220, 66776
1695553284, 0, 7, 148, 0, 0, 26648.44, 2, 0, 0, 0.91, 334, 176, 26084.38, 68220, 66776
1695553284, 0, 7, 149, 0, 0, 26648.44, 2, 0, 0, 22.44, 337, 180, 26084.38, 68220, 66776
1695553296, 0, 8, 150, 0, 0, 26648.44, 2, 0, 0, 2.24, 352, 191, 26084.38, 68220, 66776
1695553311, 0, 8, 153, 0, 0, 26648.44, 2, 0, 0, 1.69, 367, 202, 26084.38, 68220, 66776
1695553326, 0, 8, 154, 0, 0, 26648.44, 2, 0, 0, 0.14, 368, 203, 26084.38, 68220, 66776
1695553338, 0, 8, 155, 0, 0, 26648.44, 2, 0, 0, 0.87, 375, 206, 26084.38, 68220, 66776
1695553354, 0, 8, 156, 0, 0, 26648.44, 2, 0, 0, 0.06, 376, 206, 26084.38, 68220, 66776
1695553368, 0, 10, 158, 0, 0, 26648.44, 2, 0, 0, 0.41, 380, 208, 26084.38, 68220, 66776
1695553379, 0, 10, 160, 0, 0, 26648.44, 2, 0, 0, 0.19, 381, 209, 26084.38, 68220, 66776
1695553379, 0, 10, 161, 0, 0, 26648.44, 2, 0, 0, 67.31, 390, 221, 26084.38, 68220, 66776
1695553412, 0, 10, 162, 0, 0, 26652.73, 2, 0, 0, 0.46, 398, 228, 26088.67, 68231, 66787
1695553425, 0, 10, 164, 0, 0, 26652.73, 2, 0, 0, 0.85, 402, 235, 26088.67, 68231, 66787
1695553440, 0, 10, 165, 0, 0, 26652.73, 2, 0, 0, 0.13, 403, 236, 26088.67, 68231, 66787
1695553455, 0, 10, 166, 0, 0, 26652.73, 2, 0, 0, 0.35, 405, 239, 26088.67, 68231, 66787
1695553467, 0, 10, 168, 0, 0, 26652.73, 2, 0, 0, 0.74, 407, 246, 26088.67, 68231, 66787
1695553467, 0, 10, 169, 0, 0, 26652.73, 2, 0, 0, 52.81, 412, 257, 26088.67, 68231, 66787
1695553481, 0, 10, 169, 0, 0, 26652.73, 2, 0, 0, 0.07, 412, 258, 26088.67, 68231, 66787
1695553499, 0, 10, 170, 0, 0, 26652.73, 2, 0, 0, 0.72, 419, 264, 26088.67, 68231, 66787
1695553500, 0, 13, 171, 0, 0, 26652.73, 2, 0, 0, 26.01, 425, 267, 26088.67, 68231, 66787
1695553517, 0, 13, 172, 0, 0, 26652.73, 2, 0, 0, 0.95, 427, 282, 26088.67, 68231, 66787
1695553531, 0, 13, 176, 0, 0, 26653.52, 2, 0, 0, 0.95, 434, 288, 26089.45, 68233, 66789
1695553546, 0, 13, 177, 0, 0, 26653.52, 2, 0, 0, 0.59, 439, 292, 26089.45, 68233, 66789
1695553547, 0, 16, 180, 0, 0, 26653.52, 2, 0, 0, 78.43, 451, 304, 26089.45, 68233, 66789
1695553563, 0, 17, 181, 0, 0, 26653.52, 2, 0, 0, 1.29, 464, 312, 26089.45, 68233, 66789
1695553575, 0, 17, 182, 0, 0, 26653.52, 2, 0, 0, 0.17, 466, 312, 26089.45, 68233, 66789
1695553575, 0, 17, 184, 0, 0, 26653.52, 2, 0, 0, 23.62, 476, 314, 26089.45, 68233, 66789
1695553590, 0, 17, 185, 0, 0, 26653.52, 2, 0, 0, 0.07, 477, 314, 26089.45, 68233, 66789
1695553604, 0, 18, 186, 0, 0, 26653.52, 2, 0, 0, 0.44, 480, 317, 26089.45, 68233, 66789
1695553615, 0, 18, 187, 0, 0, 26653.52, 2, 0, 0, 0.09, 481, 317, 26089.45, 68233, 66789
1695553631, 0, 18, 188, 0, 0, 26653.52, 2, 0, 0, 0.06, 482, 317, 26089.45, 68233, 66789
1695553644, 0, 18, 189, 0, 0, 26653.52, 2, 0, 0, 0.07, 483, 317, 26089.45, 68233, 66789
1695553655, 0, 18, 189, 0, 0, 26653.52, 2, 0, 0, 0.09, 484, 317, 26089.45, 68233, 66789
1695553670, 0, 18, 190, 0, 0, 26653.52, 2, 0, 0, 0.07, 485, 317, 26089.45, 68233, 66789
1695553683, 0, 18, 191, 0, 0, 26653.52, 2, 0, 0, 0.08, 486, 317, 26089.45, 68233, 66789
1695553695, 0, 18, 192, 0, 0, 26653.52, 2, 0, 0, 0.09, 487, 317, 26089.45, 68233, 66789
1695553706, 0, 18, 193, 0, 0, 26653.52, 2, 0, 0, 0.09, 488, 317, 26089.45, 68233, 66789
1695553717, 0, 18, 194, 0, 0, 26653.52, 2, 0, 0, 0.09, 489, 317, 26089.45, 68233, 66789
1695553731, 0, 18, 195, 0, 0, 26653.52, 2, 0, 0, 0.07, 490, 317, 26089.45, 68233, 66789
1695553743, 0, 18, 196, 0, 0, 26653.52, 2, 0, 0, 0.09, 491, 317, 26089.45, 68233, 66789
1695553756, 0, 18, 197, 0, 0, 26653.52, 2, 0, 0, 0.07, 492, 317, 26089.45, 68233, 66789
1695553769, 0, 18, 197, 0, 0, 26653.52, 2, 0, 0, 0.07, 493, 317, 26089.45, 68233, 66789
1695553780, 0, 18, 197, 0, 0, 26653.52, 2, 0, 0, 0.09, 494, 317, 26089.45, 68233, 66789
1695553794, 0, 18, 197, 0, 0, 26653.52, 2, 0, 0, 0.07, 495, 317, 26089.45, 68233, 66789
1695553809, 0, 18, 198, 0, 0, 26653.52, 2, 0, 0, 0.07, 496, 317, 26089.45, 68233, 66789
1695553820, 0, 18, 198, 0, 0, 26653.52, 2, 0, 0, 0.09, 497, 317, 26089.45, 68233, 66789
1695553835, 0, 18, 198, 0, 0, 26653.52, 2, 0, 0, 0.07, 498, 317, 26089.45, 68233, 66789
1695553849, 0, 18, 199, 0, 0, 26653.52, 2, 0, 0, 0.07, 499, 317, 26089.45, 68233, 66789
1695553861, 0, 18, 200, 0, 0, 26653.52, 2, 0, 0, 0.08, 500, 317, 26089.45, 68233, 66789
1695553876, 0, 18, 201, 0, 0, 26653.52, 2, 0, 0, 0.07, 501, 317, 26089.45, 68233, 66789
1695553886, 0, 18, 201, 0, 0, 26653.52, 2, 0, 0, 0.09, 502, 317, 26089.45, 68233, 66789
1695553897, 0, 18, 201, 0, 0, 26653.52, 2, 0, 0, 0.09, 503, 317, 26089.45, 68233, 66789
1695553908, 0, 18, 201, 0, 0, 26653.52, 2, 0, 0, 0.09, 504, 317, 26089.45, 68233, 66789
1695553924, 0, 18, 202, 0, 0, 26653.52, 2, 0, 0, 0.07, 505, 317, 26089.45, 68233, 66789
1695553939, 0, 18, 203, 0, 0, 26653.52, 2, 0, 0, 0.07, 506, 317, 26089.45, 68233, 66789
1695553950, 0, 18, 203, 0, 0, 26653.52, 2, 0, 0, 0.09, 507, 317, 26089.45, 68233, 66789
1695553964, 0, 18, 204, 0, 0, 26654.30, 2, 0, 0, 0.07, 508, 317, 26090.23, 68235, 66791
1695553979, 0, 18, 205, 0, 0, 26654.30, 2, 0, 0, 0.07, 509, 317, 26090.23, 68235, 66791
1695553991, 0, 18, 206, 0, 0, 26654.30, 2, 0, 0, 0.08, 510, 317, 26090.23, 68235, 66791
1695554005, 0, 18, 206, 0, 0, 26654.30, 2, 0, 0, 0.07, 511, 317, 26090.23, 68235, 66791
1695554019, 0, 18, 207, 0, 0, 26654.30, 2, 0, 0, 0.07, 512, 317, 26090.23, 68235, 66791
1695554031, 0, 18, 208, 0, 0, 26654.30, 2, 0, 0, 0.09, 513, 317, 26090.23, 68235, 66791
1695554046, 0, 18, 209, 0, 0, 26654.30, 2, 0, 0, 0.07, 514, 317, 26090.23, 68235, 66791
1695554059, 0, 18, 210, 0, 0, 26654.30, 2, 0, 0, 0.08, 515, 317, 26090.23, 68235, 66791
1695554071, 0, 18, 211, 0, 0, 26654.30, 2, 0, 0, 0.08, 516, 317, 26090.23, 68235, 66791
1695554086, 0, 18, 211, 0, 0, 26654.30, 2, 0, 0, 0.07, 517, 317, 26090.23, 68235, 66791
1695554097, 0, 18, 212, 0, 0, 26654.30, 2, 0, 0, 0.09, 518, 317, 26090.23, 68235, 66791
1695554112, 0, 18, 213, 0, 0, 26654.30, 2, 0, 0, 0.07, 519, 317, 26090.23, 68235, 66791
1695554128, 0, 18, 214, 0, 0, 26654.30, 2, 0, 0, 0.06, 520, 317, 26090.23, 68235, 66791
1695554140, 0, 18, 215, 0, 0, 26654.30, 2, 0, 0, 0.08, 521, 317, 26090.23, 68235, 66791
1695554154, 0, 18, 216, 0, 0, 26654.30, 2, 0, 0, 0.07, 522, 317, 26090.23, 68235, 66791
1695554169, 0, 18, 216, 0, 0, 26654.30, 2, 0, 0, 0.07, 523, 317, 26090.23, 68235, 66791
1695554180, 0, 18, 217, 0, 0, 26654.30, 2, 0, 0, 0.09, 524, 317, 26090.23, 68235, 66791
1695554195, 0, 18, 217, 0, 0, 26654.30, 2, 0, 0, 0.07, 525, 317, 26090.23, 68235, 66791
1695554208, 0, 18, 217, 0, 0, 26654.30, 2, 0, 0, 0.07, 526, 317, 26090.23, 68235, 66791
1695554220, 0, 18, 217, 0, 0, 26654.30, 2, 0, 0, 0.08, 527, 317, 26090.23, 68235, 66791
1695554236, 0, 18, 218, 0, 0, 26654.30, 2, 0, 0, 0.06, 528, 317, 26090.23, 68235, 66791
1695554250, 0, 18, 219, 0, 0, 26654.30, 2, 0, 0, 0.07, 529, 317, 26090.23, 68235, 66791
1695554262, 0, 18, 219, 0, 0, 26654.30, 2, 0, 0, 0.08, 530, 317, 26090.23, 68235, 66791
1695554277, 0, 18, 220, 0, 0, 26654.30, 2, 0, 0, 0.07, 531, 317, 26090.23, 68235, 66791
1695554288, 0, 18, 221, 0, 0, 26654.30, 2, 0, 0, 0.09, 532, 317, 26090.23, 68235, 66791
1695554303, 0, 18, 222, 0, 0, 26654.30, 2, 0, 0, 0.07, 533, 317, 26090.23, 68235, 66791
1695554318, 0, 18, 223, 0, 0, 26654.30, 2, 0, 0, 0.07, 534, 317, 26090.23, 68235, 66791
1695554329, 0, 18, 223, 0, 0, 26654.30, 2, 0, 0, 0.09, 535, 317, 26090.23, 68235, 66791
1695554343, 0, 18, 224, 0, 0, 26654.30, 2, 0, 0, 0.07, 536, 317, 26090.23, 68235, 66791
1695554358, 0, 18, 225, 0, 0, 26654.30, 2, 0, 0, 0.07, 537, 317, 26090.23, 68235, 66791
1695554369, 0, 18, 226, 0, 0, 26654.30, 2, 0, 0, 0.09, 538, 317, 26090.23, 68235, 66791
1695554384, 0, 18, 227, 0, 0, 26654.30, 2, 0, 0, 0.07, 539, 317, 26090.23, 68235, 66791
1695554399, 0, 18, 227, 0, 0, 26654.30, 2, 0, 0, 0.07, 540, 317, 26090.23, 68235, 66791
1695554411, 0, 18, 228, 0, 0, 26654.30, 2, 0, 0, 0.08, 541, 317, 26090.23, 68235, 66791
1695554428, 0, 18, 229, 0, 0, 26654.30, 2, 0, 0, 0.06, 542, 317, 26090.23, 68235, 66791
1695554443, 0, 18, 229, 0, 0, 26654.30, 2, 0, 0, 0.07, 543, 317, 26090.23, 68235, 66791
1695554455, 0, 18, 229, 0, 0, 26654.30, 2, 0, 0, 0.08, 544, 317, 26090.23, 68235, 66791
1695554470, 0, 18, 229, 0, 0, 26654.30, 2, 0, 0, 0.07, 545, 317, 26090.23, 68235, 66791
1695554482, 0, 18, 230, 0, 0, 26654.30, 2, 0, 0, 0.08, 546, 317, 26090.23, 68235, 66791
1695554496, 0, 18, 231, 0, 0, 26654.30, 2, 0, 0, 0.07, 547, 317, 26090.23, 68235, 66791
1695554511, 0, 18, 232, 0, 0, 26654.30, 2, 0, 0, 0.07, 548, 317, 26090.23, 68235, 66791
1695554523, 0, 18, 233, 0, 0, 26654.30, 2, 0, 0, 0.09, 549, 317, 26090.23, 68235, 66791
1695554538, 0, 18, 234, 0, 0, 26654.30, 2, 0, 0, 0.06, 550, 317, 26090.23, 68235, 66791
1695554553, 0, 18, 235, 0, 0, 26654.30, 2, 0, 0, 0.07, 551, 317, 26090.23, 68235, 66791
1695554564, 0, 18, 236, 0, 0, 26654.30, 2, 0, 0, 0.09, 552, 317, 26090.23, 68235, 66791
1695554580, 0, 18, 237, 0, 0, 26654.30, 2, 0, 0, 0.06, 553, 317, 26090.23, 68235, 66791
1695554595, 0, 18, 238, 0, 0, 26654.30, 2, 0, 0, 0.07, 554, 317, 26090.23, 68235, 66791
1695554606, 0, 18, 238, 0, 0, 26654.30, 2, 0, 0, 0.09, 555, 317, 26090.23, 68235, 66791
1695554622, 0, 18, 238, 0, 0, 26654.30, 2, 0, 0, 0.06, 556, 317, 26090.23, 68235, 66791
1695554636, 0, 18, 238, 0, 0, 26654.30, 2, 0, 0, 0.07, 557, 317, 26090.23, 68235, 66791
1695554648, 0, 18, 239, 0, 0, 26654.30, 2, 0, 0, 0.09, 558, 317, 26090.23, 68235, 66791
1695554662, 0, 18, 239, 0, 0, 26654.30, 2, 0, 0, 0.07, 559, 317, 26090.23, 68235, 66791
1695554676, 0, 18, 240, 0, 0, 26654.30, 2, 0, 0, 0.07, 560, 317, 26090.23, 68235, 66791
1695554688, 0, 18, 240, 0, 0, 26654.30, 2, 0, 0, 0.08, 561, 317, 26090.23, 68235, 66791
1695554703, 0, 18, 240, 0, 0, 26654.30, 2, 0, 0, 0.07, 562, 317, 26090.23, 68235, 66791
1695554716, 0, 18, 240, 0, 0, 26654.30, 2, 0, 0, 0.08, 563, 317, 26090.23, 68235, 66791
1695554730, 0, 18, 240, 0, 0, 26654.30, 2, 0, 0, 0.07, 564, 317, 26090.23, 68235, 66791
1695554744, 0, 18, 240, 0, 0, 26654.30, 2, 0, 0, 0.07, 565, 317, 26090.23, 68235, 66791
1695554755, 0, 18, 240, 0, 0, 26654.30, 2, 0, 0, 0.09, 566, 317, 26090.23, 68235, 66791
1695554770, 0, 18, 240, 0, 0, 26654.30, 2, 0, 0, 0.07, 567, 317, 26090.23, 68235, 66791
1695554785, 0, 18, 241, 0, 0, 26654.30, 2, 0, 0, 0.07, 568, 317, 26090.23, 68235, 66791
1695554797, 0, 18, 241, 0, 0, 26654.30, 2, 0, 0, 0.08, 569, 317, 26090.23, 68235, 66791
1695554812, 0, 18, 241, 0, 0, 26654.30, 2, 0, 0, 0.07, 570, 317, 26090.23, 68235, 66791
1695554826, 0, 18, 242, 0, 0, 26654.69, 2, 0, 0, 0.07, 571, 317, 26090.63, 68236, 66792
1695554838, 0, 18, 243, 0, 0, 26654.69, 2, 0, 0, 0.08, 572, 317, 26090.63, 68236, 66792
1695554850, 0, 18, 244, 0, 0, 26654.69, 2, 0, 0, 0.08, 573, 317, 26090.63, 68236, 66792
1695554866, 0, 18, 244, 0, 0, 26654.69, 2, 0, 0, 0.06, 574, 317, 26090.63, 68236, 66792
1695554878, 0, 18, 244, 0, 0, 26654.69, 2, 0, 0, 0.09, 575, 317, 26090.63, 68236, 66792
1695554893, 0, 18, 244, 0, 0, 26654.69, 2, 0, 0, 0.07, 576, 317, 26090.63, 68236, 66792
1695554904, 0, 18, 245, 0, 0, 26654.69, 2, 0, 0, 0.09, 577, 317, 26090.63, 68236, 66792
1695554919, 0, 18, 245, 0, 0, 26654.69, 2, 0, 0, 0.07, 578, 317, 26090.63, 68236, 66792
1695554930, 0, 18, 245, 0, 0, 26654.69, 2, 0, 0, 0.09, 579, 317, 26090.63, 68236, 66792
1695554945, 0, 18, 245, 0, 0, 26654.69, 2, 0, 0, 0.07, 580, 317, 26090.63, 68236, 66792
1695554959, 0, 18, 246, 0, 0, 26654.69, 2, 0, 0, 0.07, 581, 317, 26090.63, 68236, 66792
1695554970, 0, 18, 246, 0, 0, 26654.69, 2, 0, 0, 0.09, 582, 317, 26090.63, 68236, 66792
1695554985, 0, 18, 247, 0, 0, 26654.69, 2, 0, 0, 0.07, 583, 317, 26090.63, 68236, 66792
1695554997, 0, 18, 247, 0, 0, 26654.69, 2, 0, 0, 0.08, 584, 317, 26090.63, 68236, 66792
1695555012, 0, 18, 247, 0, 0, 26654.69, 2, 0, 0, 0.07, 585, 317, 26090.63, 68236, 66792
1695555027, 0, 18, 248, 0, 0, 26654.69, 2, 0, 0, 0.06, 586, 317, 26090.63, 68236, 66792
1695555039, 0, 18, 249, 0, 0, 26654.69, 2, 0, 0, 0.08, 587, 317, 26090.63, 68236, 66792
1695555054, 0, 18, 249, 0, 0, 26654.69, 2, 0, 0, 0.07, 588, 317, 26090.63, 68236, 66792
1695555070, 0, 18, 249, 0, 0, 26654.69, 2, 0, 0, 0.06, 589, 317, 26090.63, 68236, 66792
1695555081, 0, 18, 249, 0, 0, 26654.69, 2, 0, 0, 0.09, 590, 317, 26090.63, 68236, 66792
1695555096, 0, 18, 250, 0, 0, 26654.69, 2, 0, 0, 0.07, 591, 317, 26090.63, 68236, 66792
1695555111, 0, 18, 251, 0, 0, 26654.69, 2, 0, 0, 0.07, 592, 317, 26090.63, 68236, 66792
1695555122, 0, 18, 251, 0, 0, 26654.69, 2, 0, 0, 0.09, 593, 317, 26090.63, 68236, 66792
1695555137, 0, 18, 252, 0, 0, 26654.69, 2, 0, 0, 0.06, 594, 317, 26090.63, 68236, 66792
1695555151, 0, 18, 253, 0, 0, 26654.69, 2, 0, 0, 0.07, 595, 317, 26090.63, 68236, 66792
1695555163, 0, 18, 254, 0, 0, 26654.69, 2, 0, 0, 0.08, 596, 317, 26090.63, 68236, 66792
1695555179, 0, 18, 255, 0, 0, 26654.69, 2, 0, 0, 0.06, 597, 317, 26090.63, 68236, 66792
1695555193, 0, 18, 256, 0, 0, 26654.69, 2, 0, 0, 0.07, 598, 317, 26090.63, 68236, 66792
1695555206, 0, 18, 257, 0, 0, 26654.69, 2, 0, 0, 0.08, 599, 317, 26090.63, 68236, 66792
1695555220, 0, 18, 257, 0, 0, 26654.69, 2, 0, 0, 0.07, 600, 317, 26090.63, 68236, 66792
1695555232, 0, 18, 258, 0, 0, 26654.69, 2, 0, 0, 0.09, 601, 317, 26090.63, 68236, 66792
1695555246, 0, 18, 259, 0, 0, 26654.69, 2, 0, 0, 0.07, 602, 317, 26090.63, 68236, 66792
1695555261, 0, 18, 260, 0, 0, 26654.69, 2, 0, 0, 0.07, 603, 317, 26090.63, 68236, 66792
1695555272, 0, 18, 260, 0, 0, 26654.69, 2, 0, 0, 0.09, 604, 317, 26090.63, 68236, 66792
1695555287, 0, 18, 261, 0, 0, 26654.69, 2, 0, 0, 0.07, 605, 317, 26090.63, 68236, 66792
1695555302, 0, 18, 262, 0, 0, 26654.69, 2, 0, 0, 0.07, 606, 317, 26090.63, 68236, 66792
1695555314, 0, 18, 262, 0, 0, 26654.69, 2, 0, 0, 0.08, 607, 317, 26090.63, 68236, 66792
1695555329, 0, 18, 263, 0, 0, 26654.69, 2, 0, 0, 0.07, 608, 317, 26090.63, 68236, 66792
1695555342, 0, 18, 263, 0, 0, 26654.69, 2, 0, 0, 0.07, 609, 317, 26090.63, 68236, 66792
1695555356, 0, 18, 263, 0, 0, 26654.69, 2, 0, 0, 0.07, 610, 317, 26090.63, 68236, 66792
1695555372, 0, 18, 264, 0, 0, 26654.69, 2, 0, 0, 0.06, 611, 317, 26090.63, 68236, 66792
1695555384, 0, 18, 264, 0, 0, 26654.69, 2, 0, 0, 0.08, 612, 317, 26090.63, 68236, 66792
1695555398, 0, 18, 265, 0, 0, 26654.69, 2, 0, 0, 0.07, 613, 317, 26090.63, 68236, 66792
1695555411, 0, 18, 265, 0, 0, 26654.69, 2, 0, 0, 0.07, 614, 317, 26090.63, 68236, 66792
1695555427, 0, 18, 265, 0, 0, 26654.69, 2, 0, 0, 0.06, 615, 317, 26090.63, 68236, 66792
1695555440, 0, 18, 265, 0, 0, 26654.69, 2, 0, 0, 0.08, 616, 317, 26090.63, 68236, 66792
1695555455, 0, 18, 265, 0, 0, 26654.69, 2, 0, 0, 0.07, 617, 317, 26090.63, 68236, 66792
1695555470, 0, 18, 265, 0, 0, 26654.69, 2, 0, 0, 0.06, 618, 317, 26090.63, 68236, 66792
1695555483, 0, 18, 266, 0, 0, 26654.69, 2, 0, 0, 0.08, 619, 317, 26090.63, 68236, 66792
1695555494, 0, 18, 266, 0, 0, 26654.69, 2, 0, 0, 0.09, 620, 317, 26090.63, 68236, 66792
1695555510, 0, 18, 266, 0, 0, 26654.69, 2, 0, 0, 0.06, 621, 317, 26090.63, 68236, 66792
1695555525, 0, 18, 266, 0, 0, 26654.69, 2, 0, 0, 0.07, 622, 317, 26090.63, 68236, 66792
1695555536, 0, 18, 266, 0, 0, 26654.69, 2, 0, 0, 0.09, 623, 317, 26090.63, 68236, 66792
1695555552, 0, 18, 266, 0, 0, 26654.69, 2, 0, 0, 0.06, 624, 317, 26090.63, 68236, 66792
1695555566, 0, 18, 266, 0, 0, 26654.69, 2, 0, 0, 0.07, 625, 317, 26090.63, 68236, 66792
1695555578, 0, 18, 266, 0, 0, 26654.69, 2, 0, 0, 0.08, 626, 317, 26090.63, 68236, 66792
1695555593, 0, 18, 266, 0, 0, 26654.69, 2, 0, 0, 0.07, 627, 317, 26090.63, 68236, 66792
1695555605, 0, 18, 266, 0, 0, 26654.69, 2, 0, 0, 0.08, 628, 317, 26090.63, 68236, 66792
1695555619, 0, 18, 266, 0, 0, 26654.69, 2, 0, 0, 0.07, 629, 317, 26090.63, 68236, 66792
1695555634, 0, 18, 266, 0, 0, 26654.69, 2, 0, 0, 0.07, 630, 317, 26090.63, 68236, 66792
1695555646, 0, 18, 266, 0, 0, 26654.69, 2, 0, 0, 0.09, 631, 317, 26090.63, 68236, 66792
1695555662, 0, 18, 266, 0, 0, 26654.69, 2, 0, 0, 0.06, 632, 317, 26090.63, 68236, 66792
1695555677, 0, 18, 266, 0, 0, 26654.69, 2, 0, 0, 0.07, 633, 317, 26090.63, 68236, 66792
1695555689, 0, 18, 267, 0, 0, 26655.08, 2, 0, 0, 0.08, 634, 317, 26091.02, 68237, 66793
1695555705, 0, 18, 268, 0, 0, 26655.08, 2, 0, 0, 0.06, 635, 317, 26091.02, 68237, 66793
1695555719, 0, 18, 268, 0, 0, 26655.08, 2, 0, 0, 0.07, 636, 317, 26091.02, 68237, 66793
1695555732, 0, 18, 268, 0, 0, 26655.08, 2, 0, 0, 0.08, 637, 317, 26091.02, 68237, 66793
1695555747, 0, 18, 268, 0, 0, 26655.08, 2, 0, 0, 0.06, 638, 317, 26091.02, 68237, 66793
1695555759, 0, 18, 268, 0, 0, 26655.08, 2, 0, 0, 0.09, 639, 317, 26091.02, 68237, 66793
1695555774, 0, 18, 269, 0, 0, 26655.08, 2, 0, 0, 0.07, 640, 317, 26091.02, 68237, 66793
1695555790, 0, 18, 270, 0, 0, 26655.08, 2, 0, 0, 0.06, 641, 317, 26091.02, 68237, 66793
1695555801, 0, 18, 271, 0, 0, 26655.08, 2, 0, 0, 0.09, 642, 317, 26091.02, 68237, 66793
1695555817, 0, 18, 272, 0, 0, 26655.08, 2, 0, 0, 0.06, 643, 317, 26091.02, 68237, 66793
1695555833, 0, 18, 273, 0, 0, 26655.08, 2, 0, 0, 0.07, 644, 317, 26091.02, 68237, 66793
1695555844, 0, 18, 274, 0, 0, 26655.08, 2, 0, 0, 0.09, 645, 317, 26091.02, 68237, 66793
1695555860, 0, 18, 275, 0, 0, 26655.08, 2, 0, 0, 0.06, 646, 317, 26091.02, 68237, 66793
1695555875, 0, 18, 276, 0, 0, 26655.08, 2, 0, 0, 0.07, 647, 317, 26091.02, 68237, 66793
1695555887, 0, 18, 276, 0, 0, 26655.08, 2, 0, 0, 0.08, 648, 317, 26091.02, 68237, 66793
1695555902, 0, 18, 276, 0, 0, 26655.08, 2, 0, 0, 0.06, 649, 317, 26091.02, 68237, 66793
1695555917, 0, 18, 276, 0, 0, 26655.08, 2, 0, 0, 0.07, 650, 317, 26091.02, 68237, 66793
1695555930, 0, 18, 277, 0, 0, 26655.08, 2, 0, 0, 0.07, 651, 317, 26091.02, 68237, 66793
1695555946, 0, 18, 277, 0, 0, 26655.08, 2, 0, 0, 0.06, 652, 317, 26091.02, 68237, 66793
1695555958, 0, 18, 278, 0, 0, 26655.08, 2, 0, 0, 0.08, 653, 317, 26091.02, 68237, 66793
1695555973, 0, 18, 278, 0, 0, 26655.08, 2, 0, 0, 0.07, 654, 317, 26091.02, 68237, 66793
1695555989, 0, 18, 279, 0, 0, 26655.08, 2, 0, 0, 0.06, 655, 317, 26091.02, 68237, 66793
1695556000, 0, 18, 280, 0, 0, 26655.08, 2, 0, 0, 0.09, 656, 317, 26091.02, 68237, 66793
1695556016, 0, 18, 280, 0, 0, 26655.08, 2, 0, 0, 0.06, 657, 317, 26091.02, 68237, 66793
1695556031, 0, 18, 281, 0, 0, 26655.08, 2, 0, 0, 0.07, 658, 317, 26091.02, 68237, 66793
1695556042, 0, 18, 281, 0, 0, 26655.08, 2, 0, 0, 0.08, 659, 317, 26091.02, 68237, 66793
1695556059, 0, 18, 281, 0, 0, 26655.08, 2, 0, 0, 0.06, 660, 317, 26091.02, 68237, 66793
1695556072, 0, 18, 281, 0, 0, 26655.08, 2, 0, 0, 0.07, 661, 317, 26091.02, 68237, 66793
1695556086, 0, 18, 281, 0, 0, 26655.08, 2, 0, 0, 0.07, 662, 317, 26091.02, 68237, 66793
1695556102, 0, 18, 281, 0, 0, 26655.08, 2, 0, 0, 0.06, 663, 317, 26091.02, 68237, 66793
1695556115, 0, 18, 282, 0, 0, 26655.08, 2, 0, 0, 0.08, 664, 317, 26091.02, 68237, 66793
1695556129, 0, 18, 282, 0, 0, 26655.08, 2, 0, 0, 0.07, 665, 317, 26091.02, 68237, 66793
1695556145, 0, 18, 283, 0, 0, 26655.08, 2, 0, 0, 0.06, 666, 317, 26091.02, 68237, 66793
1695556156, 0, 18, 283, 0, 0, 26655.08, 2, 0, 0, 0.09, 667, 317, 26091.02, 68237, 66793
1695556171, 0, 18, 284, 0, 0, 26655.86, 2, 0, 0, 0.06, 668, 317, 26091.80, 68239, 66795
1695556187, 0, 18, 284, 0, 0, 26655.86, 2, 0, 0, 0.06, 669, 317, 26091.80, 68239, 66795
1695556198, 0, 18, 285, 0, 0, 26655.86, 2, 0, 0, 0.09, 670, 317, 26091.80, 68239, 66795
1695556215, 0, 18, 285, 0, 0, 26655.86, 2, 0, 0, 0.06, 671, 317, 26091.80, 68239, 66795
1695556230, 0, 18, 286, 0, 0, 26655.86, 2, 0, 0, 0.07, 672, 317, 26091.80, 68239, 66795
1695556243, 0, 18, 286, 0, 0, 26655.86, 2, 0, 0, 0.08, 673, 317, 26091.80, 68239, 66795
1695556260, 0, 18, 287, 0, 0, 26655.86, 2, 0, 0, 0.06, 674, 317, 26091.80, 68239, 66795
1695556273, 0, 18, 288, 0, 0, 26655.86, 2, 0, 0, 0.07, 675, 317, 26091.80, 68239, 66795
1695556287, 0, 18, 289, 0, 0, 26655.86, 2, 0, 0, 0.07, 676, 317, 26091.80, 68239, 66795
1695556304, 0, 18, 290, 0, 0, 26655.86, 2, 0, 0, 0.06, 677, 317, 26091.80, 68239, 66795
1695556316, 0, 18, 291, 0, 0, 26655.86, 2, 0, 0, 0.09, 678, 317, 26091.80, 68239, 66795
1695556316, 0, 18, 291, 0, 0, 26655.86, 2, 0, 0, 0.00, 678, 317, 26091.80, 68239, 66795
