# unix_time, cycles_done, cur_path, paths_total, pending_total, pending_favs, map_size, unique_crashes, unique_hangs, max_depth, execs_per_sec, valid_inputs, invalid_inputs, valid_cov, all_covered_probes, valid_covered_probes
1695271615, 0, 0, 1, 0, 0, 981.25, 0, 0, 0, 0.46, 0, 1, 0.00, 2512, 0
1695271616, 0, 0, 6, 0, 0, 1195.31, 0, 0, 0, 15.35, 1, 6, 408.98, 3060, 1047
1695271630, 0, 0, 6, 0, 0, 1195.31, 1, 0, 0, 0.20, 2, 8, 408.98, 3060, 1047
1695271631, 0, 0, 13, 0, 0, 1447.27, 1, 0, 0, 43.05, 12, 11, 668.36, 3705, 1711
1695271631, 0, 0, 15, 0, 0, 1664.84, 1, 0, 0, 16.50, 16, 12, 964.84, 4262, 2470
1695271635, 0, 0, 16, 0, 0, 1667.19, 2, 0, 0, 0.45, 17, 13, 967.19, 4268, 2476
1695271643, 0, 0, 18, 0, 0, 6642.58, 2, 0, 0, 0.26, 19, 13, 5994.14, 17005, 15345
1695271651, 0, 0, 19, 0, 0, 6742.19, 2, 0, 0, 0.28, 21, 13, 6093.75, 17260, 15600
1695271663, 0, 0, 21, 0, 0, 6765.63, 2, 0, 0, 0.16, 22, 14, 6113.28, 17320, 15650
1695271666, 0, 0, 21, 0, 0, 6765.63, 2, 0, 0, 3.00, 28, 16, 6113.28, 17320, 15650
1695271670, 0, 0, 23, 0, 0, 6775.00, 2, 0, 0, 1.85, 32, 19, 6119.92, 17344, 15667
1695271679, 0, 0, 23, 0, 0, 6775.00, 2, 0, 0, 0.41, 36, 19, 6119.92, 17344, 15667
1695271683, 0, 0, 25, 0, 0, 6784.77, 2, 0, 0, 2.63, 40, 24, 6126.56, 17369, 15684
1695271690, 0, 0, 25, 0, 0, 6784.77, 2, 0, 0, 0.14, 41, 24, 6126.56, 17369, 15684
1695271693, 0, 0, 26, 0, 0, 6787.89, 2, 0, 0, 8.52, 55, 35, 6126.56, 17377, 15684
1695271701, 0, 0, 27, 0, 0, 6830.86, 2, 0, 0, 0.35, 57, 36, 6169.53, 17487, 15794
1695271718, 0, 0, 28, 0, 0, 6832.81, 2, 0, 0, 1.56, 72, 47, 6171.48, 17492, 15799
1695271718, 0, 0, 28, 0, 0, 6832.81, 2, 0, 0, 46.78, 81, 54, 6171.48, 17492, 15799
1695271721, 0, 0, 28, 0, 0, 6832.81, 2, 0, 0, 3.51, 86, 59, 6171.48, 17492, 15799
1695271726, 0, 0, 29, 0, 0, 6833.59, 2, 0, 0, 0.97, 89, 61, 6172.27, 17494, 15801
1695271729, 0, 0, 29, 0, 0, 6833.59, 2, 0, 0, 1.82, 91, 65, 6172.27, 17494, 15801
1695271732, 0, 0, 29, 0, 0, 6833.59, 2, 0, 0, 1.13, 92, 67, 6172.27, 17494, 15801
1695271735, 0, 0, 29, 0, 0, 6833.59, 2, 0, 0, 0.79, 93, 68, 6172.27, 17494, 15801
1695271739, 0, 0, 29, 0, 0, 6833.59, 2, 0, 0, 1.72, 96, 72, 6172.27, 17494, 15801
1695271753, 0, 0, 29, 0, 0, 6833.59, 2, 0, 0, 0.14, 97, 73, 6172.27, 17494, 15801
1695271756, 0, 0, 29, 0, 0, 6833.59, 2, 0, 0, 1.50, 100, 74, 6172.27, 17494, 15801
1695271759, 0, 0, 29, 0, 0, 6833.59, 2, 0, 0, 1.26, 104, 74, 6172.27, 17494, 15801
1695271762, 0, 0, 29, 0, 0, 6833.59, 2, 0, 0, 1.87, 105, 79, 6172.27, 17494, 15801
1695271766, 0, 0, 30, 0, 0, 6840.23, 2, 0, 0, 0.90, 108, 80, 6178.91, 17511, 15818
1695271771, 0, 0, 30, 0, 0, 6840.23, 2, 0, 0, 4.64, 119, 89, 6178.91, 17511, 15818
1695271773, 0, 0, 30, 0, 0, 6840.23, 3, 0, 0, 2.99, 123, 92, 6178.91, 17511, 15818
1695271773, 0, 0, 30, 0, 0, 6840.23, 3, 0, 0, 14.93, 125, 95, 6178.91, 17511, 15818
1695271776, 0, 0, 30, 0, 0, 6840.23, 3, 0, 0, 0.41, 126, 95, 6178.91, 17511, 15818
1695271778, 0, 0, 30, 0, 0, 6840.23, 3, 0, 0, 2.27, 128, 98, 6178.91, 17511, 15818
1695271781, 0, 0, 30, 0, 0, 6840.23, 3, 0, 0, 3.01, 134, 101, 6178.91, 17511, 15818
1695271784, 0, 0, 30, 0, 0, 6840.23, 3, 0, 0, 4.24, 143, 104, 6178.91, 17511, 15818
1695271787, 0, 0, 30, 0, 0, 6840.23, 3, 0, 0, 3.82, 150, 110, 6178.91, 17511, 15818
1695271791, 0, 0, 30, 0, 0, 6840.23, 3, 0, 0, 1.72, 154, 112, 6178.91, 17511, 15818
1695271795, 0, 0, 30, 0, 0, 6840.23, 3, 0, 0, 2.24, 160, 116, 6178.91, 17511, 15818
1695271798, 0, 0, 30, 0, 0, 6840.23, 3, 0, 0, 0.67, 162, 116, 6178.91, 17511, 15818
1695271801, 0, 0, 30, 0, 0, 6840.23, 3, 0, 0, 2.64, 166, 120, 6178.91, 17511, 15818
1695271806, 0, 0, 30, 0, 0, 6840.23, 3, 0, 0, 0.87, 167, 123, 6178.91, 17511, 15818
1695271809, 0, 0, 30, 0, 0, 6840.23, 3, 0, 0, 2.75, 170, 128, 6178.91, 17511, 15818
1695271811, 0, 0, 30, 0, 0, 6840.23, 3, 0, 0, 4.14, 176, 133, 6178.91, 17511, 15818
1695271815, 0, 0, 30, 0, 0, 6840.23, 3, 0, 0, 3.63, 182, 139, 6178.91, 17511, 15818
1695271817, 0, 0, 30, 0, 0, 6840.23, 3, 0, 0, 0.43, 183, 139, 6178.91, 17511, 15818
1695271820, 0, 0, 30, 0, 0, 6840.23, 3, 0, 0, 3.65, 191, 143, 6178.91, 17511, 15818
1695271823, 0, 0, 30, 0, 0, 6840.23, 3, 0, 0, 0.72, 193, 143, 6178.91, 17511, 15818
1695271826, 0, 0, 30, 0, 0, 6840.23, 3, 0, 0, 7.31, 208, 151, 6178.91, 17511, 15818
1695271843, 0, 0, 30, 0, 0, 6840.23, 3, 0, 0, 0.49, 212, 155, 6178.91, 17511, 15818
1695271845, 0, 0, 30, 0, 0, 6840.23, 3, 0, 0, 0.41, 212, 156, 6178.91, 17511, 15818
1695271848, 0, 0, 30, 0, 0, 6840.23, 3, 0, 0, 1.07, 213, 158, 6178.91, 17511, 15818
1695271869, 0, 0, 30, 0, 0, 6840.23, 3, 0, 0, 0.33, 219, 159, 6178.91, 17511, 15818
1695271872, 0, 0, 30, 0, 0, 6840.23, 3, 0, 0, 3.74, 225, 165, 6178.91, 17511, 15818
1695271880, 0, 0, 30, 0, 0, 6840.23, 3, 0, 0, 1.43, 232, 169, 6178.91, 17511, 15818
1695271882, 0, 0, 30, 0, 0, 6840.23, 3, 0, 0, 1.54, 234, 171, 6178.91, 17511, 15818
1695271886, 0, 0, 30, 0, 0, 6840.23, 3, 0, 0, 0.60, 235, 172, 6178.91, 17511, 15818
1695271890, 0, 0, 30, 0, 0, 6840.23, 3, 0, 0, 1.43, 240, 173, 6178.91, 17511, 15818
1695271893, 0, 0, 31, 0, 0, 6840.63, 3, 0, 0, 0.62, 241, 174, 6179.30, 17512, 15819
1695271893, 0, 0, 31, 0, 0, 6840.63, 3, 0, 0, 52.98, 251, 180, 6179.30, 17512, 15819
1695271896, 0, 0, 31, 0, 0, 6840.63, 3, 0, 0, 2.63, 257, 181, 6179.30, 17512, 15819
1695271899, 0, 0, 31, 0, 0, 6840.63, 3, 0, 0, 3.04, 261, 185, 6179.30, 17512, 15819
1695271902, 0, 0, 31, 0, 0, 6840.63, 3, 0, 0, 1.07, 263, 186, 6179.30, 17512, 15819
1695271905, 0, 0, 31, 0, 0, 6840.63, 3, 0, 0, 2.08, 269, 187, 6179.30, 17512, 15819
1695271908, 0, 0, 31, 0, 0, 6840.63, 3, 0, 0, 5.88, 279, 194, 6179.30, 17512, 15819
1695271911, 0, 0, 31, 0, 0, 6840.63, 3, 0, 0, 4.31, 282, 204, 6179.30, 17512, 15819
1695271914, 0, 0, 31, 0, 0, 6840.63, 3, 0, 0, 0.28, 283, 204, 6179.30, 17512, 15819
1695271919, 0, 0, 31, 0, 0, 6840.63, 3, 0, 0, 0.47, 285, 204, 6179.30, 17512, 15819
1695271922, 0, 0, 31, 0, 0, 6840.63, 3, 0, 0, 0.64, 286, 205, 6179.30, 17512, 15819
1695271925, 0, 0, 31, 0, 0, 6840.63, 3, 0, 0, 2.05, 291, 207, 6179.30, 17512, 15819
1695271928, 0, 0, 31, 0, 0, 6840.63, 3, 0, 0, 6.41, 297, 219, 6179.30, 17512, 15819
1695271931, 0, 0, 32, 0, 0, 6857.03, 3, 0, 0, 1.02, 300, 219, 6195.70, 17554, 15861
1695271935, 0, 0, 32, 0, 0, 6857.03, 3, 0, 0, 0.27, 301, 219, 6195.70, 17554, 15861
1695271937, 0, 0, 32, 0, 0, 6857.03, 3, 0, 0, 7.65, 313, 227, 6195.70, 17554, 15861
1695271940, 0, 0, 32, 0, 0, 6857.03, 3, 0, 0, 0.72, 314, 228, 6195.70, 17554, 15861
1695271943, 0, 0, 32, 0, 0, 6857.03, 3, 0, 0, 0.97, 316, 229, 6195.70, 17554, 15861
1695271972, 0, 0, 32, 0, 0, 6857.03, 3, 0, 0, 0.03, 317, 229, 6195.70, 17554, 15861
1695271975, 0, 0, 32, 0, 0, 6857.03, 3, 0, 0, 1.00, 319, 230, 6195.70, 17554, 15861
1695271978, 0, 0, 32, 0, 0, 6857.03, 3, 0, 0, 2.28, 323, 232, 6195.70, 17554, 15861
1695271980, 0, 0, 33, 0, 0, 6862.50, 3, 0, 0, 4.23, 329, 238, 6201.17, 17568, 15875
1695271984, 0, 0, 33, 0, 0, 6862.50, 3, 0, 0, 2.22, 332, 243, 6201.17, 17568, 15875
1695271988, 0, 0, 34, 0, 0, 6862.89, 3, 0, 0, 2.44, 338, 248, 6201.56, 17569, 15876
1695271991, 0, 0, 34, 0, 0, 6862.89, 3, 0, 0, 1.42, 341, 249, 6201.56, 17569, 15876
1695271995, 0, 0, 34, 0, 0, 6862.89, 3, 0, 0, 0.62, 342, 250, 6201.56, 17569, 15876
1695272004, 0, 0, 34, 0, 0, 6862.89, 3, 0, 0, 0.94, 347, 254, 6201.56, 17569, 15876
1695272014, 0, 0, 34, 0, 0, 6862.89, 3, 0, 0, 1.27, 355, 258, 6201.56, 17569, 15876
1695272017, 0, 0, 34, 0, 0, 6862.89, 3, 0, 0, 0.93, 358, 258, 6201.56, 17569, 15876
1695272023, 0, 0, 34, 0, 0, 6862.89, 3, 0, 0, 2.49, 367, 264, 6201.56, 17569, 15876
1695272026, 0, 0, 34, 0, 0, 6862.89, 3, 0, 0, 0.56, 369, 264, 6201.56, 17569, 15876
1695272029, 0, 0, 34, 0, 0, 6862.89, 3, 0, 0, 2.00, 373, 265, 6201.56, 17569, 15876
1695272032, 0, 0, 34, 0, 0, 6862.89, 3, 0, 0, 0.71, 375, 265, 6201.56, 17569, 15876
1695272034, 0, 0, 34, 0, 0, 6862.89, 3, 0, 0, 1.54, 377, 267, 6201.56, 17569, 15876
1695272038, 0, 0, 34, 0, 0, 6862.89, 3, 0, 0, 1.86, 381, 269, 6201.56, 17569, 15876
1695272041, 0, 0, 34, 0, 0, 6862.89, 3, 0, 0, 0.98, 384, 269, 6201.56, 17569, 15876
1695272044, 0, 0, 34, 0, 0, 6862.89, 3, 0, 0, 0.60, 385, 270, 6201.56, 17569, 15876
1695272047, 0, 0, 34, 0, 0, 6862.89, 3, 0, 0, 0.61, 387, 270, 6201.56, 17569, 15876
1695272050, 0, 0, 35, 0, 0, 6866.02, 3, 0, 0, 0.67, 388, 271, 6204.69, 17577, 15884
1695272054, 0, 0, 35, 0, 0, 6866.02, 3, 0, 0, 1.01, 391, 272, 6204.69, 17577, 15884
1695272057, 0, 0, 35, 0, 0, 6866.02, 3, 0, 0, 4.45, 397, 280, 6204.69, 17577, 15884
1695272062, 0, 0, 35, 0, 0, 6866.02, 3, 0, 0, 0.44, 399, 280, 6204.69, 17577, 15884
1695272066, 0, 0, 35, 0, 0, 6866.02, 3, 0, 0, 3.70, 408, 285, 6204.69, 17577, 15884
1695272074, 0, 0, 35, 0, 0, 6866.02, 3, 0, 0, 1.47, 415, 290, 6204.69, 17577, 15884
1695272077, 0, 0, 35, 0, 0, 6866.02, 3, 0, 0, 0.63, 416, 291, 6204.69, 17577, 15884
1695272080, 0, 0, 35, 0, 0, 6866.02, 3, 0, 0, 1.74, 419, 293, 6204.69, 17577, 15884
1695272085, 0, 0, 35, 0, 0, 6866.02, 3, 0, 0, 1.15, 424, 294, 6204.69, 17577, 15884
1695272089, 0, 0, 35, 0, 0, 6866.02, 3, 0, 0, 1.20, 426, 296, 6204.69, 17577, 15884
1695272092, 0, 0, 35, 0, 0, 6866.02, 3, 0, 0, 1.86, 429, 299, 6204.69, 17577, 15884
1695272095, 0, 0, 35, 0, 0, 6866.02, 3, 0, 0, 6.90, 445, 303, 6204.69, 17577, 15884
1695272112, 0, 0, 35, 0, 0, 6866.02, 3, 0, 0, 0.45, 452, 304, 6204.69, 17577, 15884
1695272115, 0, 0, 35, 0, 0, 6866.02, 3, 0, 0, 0.33, 453, 304, 6204.69, 17577, 15884
1695272118, 0, 0, 35, 0, 0, 6866.02, 3, 0, 0, 0.35, 454, 304, 6204.69, 17577, 15884
1695272121, 0, 0, 35, 0, 0, 6866.02, 3, 0, 0, 1.26, 456, 306, 6204.69, 17577, 15884
1695272124, 0, 0, 35, 0, 0, 6866.02, 3, 0, 0, 1.31, 460, 306, 6204.69, 17577, 15884
1695272128, 0, 0, 35, 0, 0, 6866.02, 3, 0, 0, 4.53, 469, 311, 6204.69, 17577, 15884
1695272130, 0, 0, 35, 0, 0, 6866.02, 3, 0, 0, 2.07, 472, 314, 6204.69, 17577, 15884
1695272134, 0, 0, 35, 0, 0, 6866.02, 3, 0, 0, 1.54, 475, 316, 6204.69, 17577, 15884
1695272137, 0, 0, 35, 0, 0, 6866.02, 3, 0, 0, 2.08, 481, 317, 6204.69, 17577, 15884
1695272141, 0, 0, 36, 0, 0, 6866.80, 3, 0, 0, 2.82, 486, 324, 6205.47, 17579, 15886
1695272145, 0, 0, 36, 0, 0, 6866.80, 3, 0, 0, 0.60, 488, 324, 6205.47, 17579, 15886
1695272148, 0, 0, 36, 0, 0, 6866.80, 3, 0, 0, 11.04, 505, 340, 6205.47, 17579, 15886
1695272151, 0, 0, 36, 0, 0, 6866.80, 3, 0, 0, 3.12, 510, 345, 6205.47, 17579, 15886
1695272154, 0, 0, 36, 0, 0, 6866.80, 3, 0, 0, 4.65, 514, 355, 6205.47, 17579, 15886
1695272158, 0, 0, 36, 0, 0, 6866.80, 3, 0, 0, 0.24, 515, 355, 6205.47, 17579, 15886
1695272162, 0, 0, 36, 0, 0, 6866.80, 3, 0, 0, 1.73, 521, 355, 6205.47, 17579, 15886
1695272164, 0, 0, 36, 0, 0, 6866.80, 3, 0, 0, 1.72, 526, 355, 6205.47, 17579, 15886
1695272168, 0, 0, 36, 0, 0, 6866.80, 3, 0, 0, 2.50, 530, 360, 6205.47, 17579, 15886
1695272171, 0, 0, 36, 0, 0, 6866.80, 3, 0, 0, 0.99, 533, 360, 6205.47, 17579, 15886
1695272176, 0, 0, 36, 0, 0, 6866.80, 3, 0, 0, 1.64, 539, 362, 6205.47, 17579, 15886
1695272192, 0, 0, 36, 0, 0, 6866.80, 3, 0, 0, 1.00, 547, 370, 6205.47, 17579, 15886
1695272192, 0, 0, 36, 0, 0, 6866.80, 3, 0, 0, 16.03, 549, 373, 6205.47, 17579, 15886
1695272198, 0, 0, 36, 0, 0, 6866.80, 3, 0, 0, 1.47, 555, 376, 6205.47, 17579, 15886
1695272202, 0, 0, 36, 0, 0, 6866.80, 3, 0, 0, 0.78, 556, 378, 6205.47, 17579, 15886
1695272205, 0, 0, 36, 0, 0, 6866.80, 3, 0, 0, 4.91, 564, 383, 6205.47, 17579, 15886
1695272209, 0, 0, 36, 0, 0, 6866.80, 3, 0, 0, 0.55, 566, 383, 6205.47, 17579, 15886
1695272212, 0, 0, 36, 0, 0, 6866.80, 3, 0, 0, 0.65, 567, 384, 6205.47, 17579, 15886
1695272215, 0, 0, 36, 0, 0, 6866.80, 3, 0, 0, 7.73, 581, 399, 6205.47, 17579, 15886
1695272219, 0, 0, 36, 0, 0, 6866.80, 3, 0, 0, 0.27, 582, 399, 6205.47, 17579, 15886
1695272219, 0, 0, 36, 0, 0, 6866.80, 3, 0, 0, 46.20, 590, 405, 6205.47, 17579, 15886
1695272223, 0, 0, 36, 0, 0, 6866.80, 3, 0, 0, 0.55, 591, 406, 6205.47, 17579, 15886
1695272230, 0, 0, 36, 0, 0, 6866.80, 3, 0, 0, 0.15, 592, 406, 6205.47, 17579, 15886
1695272234, 0, 0, 36, 0, 0, 6866.80, 3, 0, 0, 3.37, 600, 411, 6205.47, 17579, 15886
1695272237, 0, 0, 36, 0, 0, 6866.80, 3, 0, 0, 2.31, 607, 413, 6205.47, 17579, 15886
1695272242, 0, 0, 36, 0, 0, 6866.80, 3, 0, 0, 0.23, 608, 413, 6205.47, 17579, 15886
1695272245, 0, 0, 36, 0, 0, 6866.80, 3, 0, 0, 0.29, 609, 413, 6205.47, 17579, 15886
1695272248, 0, 0, 36, 0, 0, 6866.80, 3, 0, 0, 3.38, 616, 416, 6205.47, 17579, 15886
1695272251, 0, 0, 36, 0, 0, 6866.80, 3, 0, 0, 0.32, 617, 416, 6205.47, 17579, 15886
1695272254, 0, 0, 36, 0, 0, 6866.80, 3, 0, 0, 0.67, 618, 417, 6205.47, 17579, 15886
1695272258, 0, 0, 36, 0, 0, 6866.80, 3, 0, 0, 2.38, 624, 420, 6205.47, 17579, 15886
1695272294, 0, 0, 36, 0, 0, 6866.80, 3, 0, 0, 0.03, 625, 420, 6205.47, 17579, 15886
1695272298, 0, 0, 36, 0, 0, 6866.80, 3, 0, 0, 1.23, 628, 422, 6205.47, 17579, 15886
1695272302, 0, 0, 36, 0, 0, 6866.80, 3, 0, 0, 1.74, 634, 423, 6205.47, 17579, 15886
1695272307, 0, 0, 36, 0, 0, 6866.80, 3, 0, 0, 0.90, 635, 426, 6205.47, 17579, 15886
1695272312, 0, 0, 36, 0, 0, 6866.80, 3, 0, 0, 0.75, 637, 428, 6205.47, 17579, 15886
1695272320, 0, 0, 36, 0, 0, 6866.80, 3, 0, 0, 1.31, 646, 430, 6205.47, 17579, 15886
1695272325, 0, 0, 36, 0, 0, 6866.80, 3, 0, 0, 0.23, 647, 430, 6205.47, 17579, 15886
1695272332, 0, 0, 36, 0, 0, 6866.80, 3, 0, 0, 2.82, 657, 440, 6205.47, 17579, 15886
1695272332, 0, 0, 36, 0, 0, 6866.80, 3, 0, 0, 55.92, 670, 444, 6205.47, 17579, 15886
1695272336, 0, 0, 36, 0, 0, 6866.80, 3, 0, 0, 0.97, 673, 445, 6205.47, 17579, 15886
1695272339, 0, 0, 36, 0, 0, 6866.80, 3, 0, 0, 6.23, 685, 451, 6205.47, 17579, 15886
1695272342, 0, 0, 36, 0, 0, 6866.80, 3, 0, 0, 1.30, 689, 451, 6205.47, 17579, 15886
1695272347, 0, 0, 36, 0, 0, 6866.80, 3, 0, 0, 1.13, 692, 453, 6205.47, 17579, 15886
1695272353, 0, 0, 36, 0, 0, 6866.80, 3, 0, 0, 0.75, 696, 454, 6205.47, 17579, 15886
1695272358, 0, 0, 36, 0, 0, 6866.80, 3, 0, 0, 0.93, 699, 455, 6205.47, 17579, 15886
1695272361, 0, 0, 36, 0, 0, 6866.80, 3, 0, 0, 3.15, 706, 460, 6205.47, 17579, 15886
1695272362, 0, 0, 36, 0, 0, 6866.80, 3, 0, 0, 52.81, 719, 463, 6205.47, 17579, 15886
1695272365, 0, 0, 36, 0, 0, 6866.80, 3, 0, 0, 0.58, 721, 463, 6205.47, 17579, 15886
1695272368, 0, 0, 36, 0, 0, 6866.80, 3, 0, 0, 2.46, 725, 466, 6205.47, 17579, 15886
1695272371, 0, 0, 36, 0, 0, 6866.80, 3, 0, 0, 3.14, 732, 469, 6205.47, 17579, 15886
1695272375, 0, 0, 36, 0, 0, 6866.80, 3, 0, 0, 0.55, 733, 470, 6205.47, 17579, 15886
1695272378, 0, 0, 36, 0, 0, 6866.80, 3, 0, 0, 1.20, 736, 471, 6205.47, 17579, 15886
1695272381, 0, 0, 36, 0, 0, 6866.80, 3, 0, 0, 0.34, 737, 471, 6205.47, 17579, 15886
1695272390, 0, 0, 36, 0, 0, 6866.80, 3, 0, 0, 1.16, 743, 475, 6205.47, 17579, 15886
1695272393, 0, 0, 36, 0, 0, 6866.80, 3, 0, 0, 6.03, 751, 487, 6205.47, 17579, 15886
1695272397, 0, 0, 36, 0, 0, 6866.80, 3, 0, 0, 1.35, 755, 488, 6205.47, 17579, 15886
1695272415, 0, 0, 36, 0, 0, 6866.80, 3, 0, 0, 0.38, 760, 490, 6205.47, 17579, 15886
1695272419, 0, 0, 36, 0, 0, 6866.80, 3, 0, 0, 0.99, 763, 491, 6205.47, 17579, 15886
1695272423, 0, 0, 36, 0, 0, 6866.80, 3, 0, 0, 2.08, 768, 493, 6205.47, 17579, 15886
1695272438, 0, 0, 36, 0, 0, 6866.80, 3, 0, 0, 0.32, 772, 494, 6205.47, 17579, 15886
1695272442, 0, 0, 36, 0, 0, 6866.80, 3, 0, 0, 2.77, 779, 498, 6205.47, 17579, 15886
1695272446, 0, 0, 36, 0, 0, 6866.80, 3, 0, 0, 1.74, 783, 500, 6205.47, 17579, 15886
1695272449, 0, 0, 36, 0, 0, 6866.80, 3, 0, 0, 1.57, 787, 501, 6205.47, 17579, 15886
1695272453, 0, 0, 36, 0, 0, 6866.80, 3, 0, 0, 0.53, 789, 501, 6205.47, 17579, 15886
1695272456, 0, 0, 36, 0, 0, 6866.80, 3, 0, 0, 1.65, 791, 504, 6205.47, 17579, 15886
1695272461, 0, 0, 36, 0, 0, 6866.80, 3, 0, 0, 2.11, 797, 510, 6205.47, 17579, 15886
1695272465, 0, 0, 36, 0, 0, 6866.80, 3, 0, 0, 0.29, 798, 510, 6205.47, 17579, 15886
1695272468, 0, 0, 36, 0, 0, 6866.80, 3, 0, 0, 1.26, 801, 511, 6205.47, 17579, 15886
1695272471, 0, 0, 36, 0, 0, 6866.80, 3, 0, 0, 0.74, 802, 512, 6205.47, 17579, 15886
1695272475, 0, 0, 36, 0, 0, 6866.80, 3, 0, 0, 2.61, 809, 517, 6205.47, 17579, 15886
1695272478, 0, 0, 36, 0, 0, 6866.80, 3, 0, 0, 1.58, 812, 519, 6205.47, 17579, 15886
1695272482, 0, 0, 36, 0, 0, 6866.80, 3, 0, 0, 0.89, 815, 519, 6205.47, 17579, 15886
1695272485, 0, 0, 36, 0, 0, 6866.80, 3, 0, 0, 0.66, 816, 520, 6205.47, 17579, 15886
1695272488, 0, 0, 36, 0, 0, 6866.80, 3, 0, 0, 2.02, 819, 524, 6205.47, 17579, 15886
1695272492, 0, 0, 36, 0, 0, 6866.80, 3, 0, 0, 1.72, 821, 528, 6205.47, 17579, 15886
1695272498, 0, 0, 36, 0, 0, 6866.80, 3, 0, 0, 1.22, 826, 530, 6205.47, 17579, 15886
1695272501, 0, 0, 36, 0, 0, 6866.80, 3, 0, 0, 2.34, 830, 533, 6205.47, 17579, 15886
1695272501, 0, 0, 36, 0, 0, 6866.80, 3, 0, 0, 65.63, 841, 543, 6205.47, 17579, 15886
1695272501, 0, 0, 36, 0, 0, 6866.80, 3, 0, 0, 66.01, 854, 550, 6205.47, 17579, 15886
1695272505, 0, 0, 36, 0, 0, 6866.80, 3, 0, 0, 0.58, 856, 550, 6205.47, 17579, 15886
1695272522, 0, 0, 36, 0, 0, 6866.80, 3, 0, 0, 0.17, 859, 550, 6205.47, 17579, 15886
1695272528, 0, 0, 36, 0, 0, 6866.80, 3, 0, 0, 0.66, 862, 551, 6205.47, 17579, 15886
1695272532, 0, 0, 36, 0, 0, 6866.80, 3, 0, 0, 1.50, 866, 553, 6205.47, 17579, 15886
1695272538, 0, 0, 36, 0, 0, 6866.80, 3, 0, 0, 0.31, 868, 553, 6205.47, 17579, 15886
1695272542, 0, 0, 36, 0, 0, 6866.80, 3, 0, 0, 0.85, 870, 554, 6205.47, 17579, 15886
1695272545, 0, 0, 36, 0, 0, 6866.80, 3, 0, 0, 2.50, 876, 556, 6205.47, 17579, 15886
1695272548, 0, 0, 36, 0, 0, 6866.80, 3, 0, 0, 6.61, 889, 564, 6205.47, 17579, 15886
1695272552, 0, 0, 36, 0, 0, 6866.80, 3, 0, 0, 4.07, 896, 572, 6205.47, 17579, 15886
1695272556, 0, 0, 36, 0, 0, 6866.80, 3, 0, 0, 0.85, 898, 573, 6205.47, 17579, 15886
1695272560, 0, 0, 36, 0, 0, 6866.80, 3, 0, 0, 0.92, 901, 574, 6205.47, 17579, 15886
1695272563, 0, 0, 36, 0, 0, 6866.80, 3, 0, 0, 2.23, 905, 577, 6205.47, 17579, 15886
1695272571, 0, 0, 36, 0, 0, 6866.80, 3, 0, 0, 0.89, 908, 581, 6205.47, 17579, 15886
1695272574, 0, 0, 36, 0, 0, 6866.80, 3, 0, 0, 1.73, 913, 582, 6205.47, 17579, 15886
1695272578, 0, 0, 36, 0, 0, 6866.80, 3, 0, 0, 0.92, 915, 583, 6205.47, 17579, 15886
1695272580, 0, 0, 36, 0, 0, 6866.80, 3, 0, 0, 7.61, 923, 594, 6205.47, 17579, 15886
1695272589, 0, 0, 36, 0, 0, 6866.80, 3, 0, 0, 0.59, 928, 594, 6205.47, 17579, 15886
1695272593, 0, 0, 36, 0, 0, 6866.80, 3, 0, 0, 0.23, 929, 594, 6205.47, 17579, 15886
1695272596, 0, 0, 36, 0, 0, 6866.80, 3, 0, 0, 1.36, 932, 595, 6205.47, 17579, 15886
1695272601, 0, 0, 36, 0, 0, 6866.80, 3, 0, 0, 0.36, 933, 596, 6205.47, 17579, 15886
1695272606, 0, 0, 36, 0, 0, 6866.80, 3, 0, 0, 0.71, 935, 597, 6205.47, 17579, 15886
1695272609, 0, 0, 36, 0, 0, 6866.80, 3, 0, 0, 3.01, 943, 599, 6205.47, 17579, 15886
1695272613, 0, 0, 36, 0, 0, 6866.80, 3, 0, 0, 1.03, 946, 600, 6205.47, 17579, 15886
1695272617, 0, 0, 36, 0, 0, 6866.80, 3, 0, 0, 0.98, 948, 602, 6205.47, 17579, 15886
1695272621, 0, 0, 36, 0, 0, 6866.80, 3, 0, 0, 1.39, 951, 604, 6205.47, 17579, 15886
1695272627, 0, 0, 36, 0, 0, 6866.80, 3, 0, 0, 1.36, 958, 606, 6205.47, 17579, 15886
1695272631, 0, 0, 36, 0, 0, 6866.80, 3, 0, 0, 3.29, 968, 610, 6205.47, 17579, 15886
1695272635, 0, 0, 36, 0, 0, 6866.80, 3, 0, 0, 0.55, 969, 611, 6205.47, 17579, 15886
1695272638, 0, 0, 36, 0, 0, 6866.80, 3, 0, 0, 1.16, 973, 611, 6205.47, 17579, 15886
1695272642, 0, 0, 36, 0, 0, 6866.80, 3, 0, 0, 0.65, 974, 612, 6205.47, 17579, 15886
1695272679, 0, 0, 36, 0, 0, 6866.80, 3, 0, 0, 0.30, 980, 617, 6205.47, 17579, 15886
1695272679, 0, 0, 36, 0, 0, 6866.80, 3, 0, 0, 55.92, 991, 623, 6205.47, 17579, 15886
1695272682, 0, 0, 36, 0, 0, 6866.80, 3, 0, 0, 1.20, 993, 625, 6205.47, 17579, 15886
1695272685, 0, 0, 36, 0, 0, 6866.80, 3, 0, 0, 1.06, 996, 625, 6205.47, 17579, 15886
1695272685, 0, 0, 36, 0, 0, 6866.80, 3, 0, 0, 74.92, 1012, 632, 6205.47, 17579, 15886
1695272715, 0, 0, 36, 0, 0, 6866.80, 3, 0, 0, 0.03, 1013, 632, 6205.47, 17579, 15886
1695272718, 0, 0, 36, 0, 0, 6866.80, 3, 0, 0, 5.17, 1023, 640, 6205.47, 17579, 15886
1695272725, 0, 0, 36, 0, 0, 6866.80, 3, 0, 0, 1.38, 1029, 643, 6205.47, 17579, 15886
1695272728, 0, 0, 36, 0, 0, 6866.80, 3, 0, 0, 2.03, 1033, 646, 6205.47, 17579, 15886
1695272732, 0, 0, 36, 0, 0, 6866.80, 3, 0, 0, 0.29, 1034, 646, 6205.47, 17579, 15886
1695272743, 0, 0, 36, 0, 0, 6866.80, 3, 0, 0, 0.18, 1035, 647, 6205.47, 17579, 15886
1695272746, 0, 0, 36, 0, 0, 6866.80, 3, 0, 0, 0.33, 1036, 647, 6205.47, 17579, 15886
1695272750, 0, 0, 36, 0, 0, 6866.80, 3, 0, 0, 1.81, 1040, 650, 6205.47, 17579, 15886
1695272758, 0, 0, 36, 0, 0, 6866.80, 3, 0, 0, 2.01, 1052, 654, 6205.47, 17579, 15886
1695272761, 0, 0, 36, 0, 0, 6866.80, 3, 0, 0, 4.26, 1061, 660, 6205.47, 17579, 15886
1695272761, 0, 0, 36, 0, 0, 6866.80, 3, 0, 0, 46.88, 1069, 667, 6205.47, 17579, 15886
1695272765, 0, 0, 36, 0, 0, 6866.80, 3, 0, 0, 2.94, 1073, 673, 6205.47, 17579, 15886
1695272769, 0, 0, 36, 0, 0, 6866.80, 3, 0, 0, 1.57, 1078, 675, 6205.47, 17579, 15886
1695272774, 0, 0, 36, 0, 0, 6866.80, 3, 0, 0, 0.20, 1079, 675, 6205.47, 17579, 15886
1695272775, 0, 0, 36, 0, 0, 6866.80, 3, 0, 0, 57.93, 1091, 682, 6205.47, 17579, 15886
1695272805, 0, 0, 36, 0, 0, 6866.80, 3, 0, 0, 0.39, 1100, 685, 6205.47, 17579, 15886
1695272811, 0, 0, 36, 0, 0, 6866.80, 3, 0, 0, 0.86, 1105, 685, 6205.47, 17579, 15886
1695272815, 0, 0, 36, 0, 0, 6866.80, 3, 0, 0, 1.00, 1108, 686, 6205.47, 17579, 15886
1695272815, 0, 0, 36, 0, 0, 6866.80, 3, 0, 0, 45.87, 1116, 693, 6205.47, 17579, 15886
1695272819, 0, 0, 36, 0, 0, 6866.80, 3, 0, 0, 0.80, 1119, 693, 6205.47, 17579, 15886
1695272822, 0, 0, 36, 0, 0, 6866.80, 3, 0, 0, 0.98, 1121, 694, 6205.47, 17579, 15886
1695272826, 0, 0, 36, 0, 0, 6866.80, 3, 0, 0, 3.91, 1129, 701, 6205.47, 17579, 15886
1695272831, 0, 0, 36, 0, 0, 6866.80, 3, 0, 0, 0.89, 1133, 702, 6205.47, 17579, 15886
1695272837, 0, 0, 36, 0, 0, 6866.80, 3, 0, 0, 0.33, 1135, 702, 6205.47, 17579, 15886
1695272842, 0, 0, 36, 0, 0, 6866.80, 3, 0, 0, 1.08, 1140, 702, 6205.47, 17579, 15886
1695272847, 0, 0, 36, 0, 0, 6866.80, 3, 0, 0, 0.20, 1141, 702, 6205.47, 17579, 15886
1695272856, 0, 0, 36, 0, 0, 6866.80, 3, 0, 0, 0.12, 1142, 702, 6205.47, 17579, 15886
1695272860, 0, 0, 36, 0, 0, 6866.80, 3, 0, 0, 0.42, 1144, 702, 6205.47, 17579, 15886
1695272865, 0, 0, 36, 0, 0, 6866.80, 3, 0, 0, 0.41, 1146, 702, 6205.47, 17579, 15886
1695272871, 0, 0, 36, 0, 0, 6866.80, 3, 0, 0, 0.54, 1148, 703, 6205.47, 17579, 15886
1695272871, 0, 0, 36, 0, 0, 6866.80, 3, 0, 0, 28.66, 1152, 708, 6205.47, 17579, 15886
1695272871, 0, 0, 36, 0, 0, 6866.80, 3, 0, 0, 21.74, 1157, 710, 6205.47, 17579, 15886
1695272875, 0, 0, 36, 0, 0, 6866.80, 3, 0, 0, 0.55, 1159, 710, 6205.47, 17579, 15886
1695272880, 0, 0, 36, 0, 0, 6866.80, 3, 0, 0, 0.22, 1160, 710, 6205.47, 17579, 15886
1695272889, 0, 0, 36, 0, 0, 6866.80, 3, 0, 0, 0.30, 1161, 712, 6205.47, 17579, 15886
1695272896, 0, 0, 36, 0, 0, 6866.80, 3, 0, 0, 0.46, 1163, 713, 6205.47, 17579, 15886
1695272896, 0, 0, 36, 0, 0, 6866.80, 3, 0, 0, 26.79, 1169, 716, 6205.47, 17579, 15886
1695272902, 0, 0, 36, 0, 0, 6866.80, 3, 0, 0, 0.56, 1171, 717, 6205.47, 17579, 15886
1695272902, 0, 0, 36, 0, 0, 6866.80, 3, 0, 0, 18.75, 1175, 719, 6205.47, 17579, 15886
1695272905, 0, 0, 36, 0, 0, 6866.80, 3, 0, 0, 1.59, 1179, 720, 6205.47, 17579, 15886
1695272911, 0, 0, 36, 0, 0, 6866.80, 3, 0, 0, 0.70, 1182, 721, 6205.47, 17579, 15886
1695272915, 0, 0, 36, 0, 0, 6866.80, 3, 0, 0, 0.66, 1184, 722, 6205.47, 17579, 15886
1695272919, 0, 0, 36, 0, 0, 6866.80, 3, 0, 0, 0.60, 1184, 724, 6205.47, 17579, 15886
1695272919, 0, 0, 36, 0, 0, 6866.80, 3, 0, 0, 26.23, 1188, 728, 6205.47, 17579, 15886
1695272931, 0, 0, 36, 0, 0, 6866.80, 3, 0, 0, 0.73, 1194, 731, 6205.47, 17579, 15886
1695272938, 0, 0, 36, 0, 0, 6866.80, 3, 0, 0, 1.46, 1200, 734, 6205.47, 17579, 15886
1695272948, 0, 0, 36, 0, 0, 6866.80, 3, 0, 0, 0.86, 1204, 739, 6205.47, 17579, 15886
1695272953, 0, 0, 36, 0, 0, 6866.80, 3, 0, 0, 2.49, 1212, 744, 6205.47, 17579, 15886
1695272956, 0, 0, 36, 0, 0, 6866.80, 3, 0, 0, 1.22, 1214, 746, 6205.47, 17579, 15886
1695272963, 0, 0, 36, 0, 0, 6866.80, 3, 0, 0, 0.14, 1215, 746, 6205.47, 17579, 15886
1695272967, 0, 0, 36, 0, 0, 6866.80, 3, 0, 0, 1.13, 1217, 748, 6205.47, 17579, 15886
1695272971, 0, 0, 36, 0, 0, 6866.80, 3, 0, 0, 1.01, 1219, 750, 6205.47, 17579, 15886
1695272983, 0, 0, 36, 0, 0, 6866.80, 3, 0, 0, 0.57, 1224, 752, 6205.47, 17579, 15886
1695272991, 0, 0, 36, 0, 0, 6866.80, 3, 0, 0, 1.24, 1229, 756, 6205.47, 17579, 15886
1695272991, 0, 0, 36, 0, 0, 6866.80, 3, 0, 0, 26.79, 1234, 760, 6205.47, 17579, 15886
1695272995, 0, 0, 36, 0, 0, 6866.80, 3, 0, 0, 0.51, 1235, 761, 6205.47, 17579, 15886
1695273001, 0, 0, 36, 0, 0, 6866.80, 3, 0, 0, 0.49, 1237, 762, 6205.47, 17579, 15886
1695273004, 0, 0, 36, 0, 0, 6866.80, 3, 0, 0, 0.30, 1238, 762, 6205.47, 17579, 15886
1695273023, 0, 0, 36, 0, 0, 6866.80, 3, 0, 0, 0.16, 1241, 762, 6205.47, 17579, 15886
1695273024, 0, 0, 36, 0, 0, 6866.80, 3, 0, 0, 34.16, 1249, 765, 6205.47, 17579, 15886
1695273029, 0, 0, 36, 0, 0, 6866.80, 3, 0, 0, 0.18, 1250, 765, 6205.47, 17579, 15886
1695273029, 0, 0, 36, 0, 0, 6866.80, 3, 0, 0, 15.92, 1255, 765, 6205.47, 17579, 15886
1695273034, 0, 0, 36, 0, 0, 6866.80, 3, 0, 0, 0.68, 1258, 765, 6205.47, 17579, 15886
1695273039, 0, 0, 36, 0, 0, 6866.80, 3, 0, 0, 0.78, 1261, 766, 6205.47, 17579, 15886
1695273039, 0, 0, 36, 0, 0, 6866.80, 3, 0, 0, 20.73, 1262, 773, 6205.47, 17579, 15886
1695273040, 0, 0, 36, 0, 0, 6866.80, 3, 0, 0, 25.40, 1267, 776, 6205.47, 17579, 15886
1695273044, 0, 0, 36, 0, 0, 6866.80, 3, 0, 0, 0.64, 1270, 776, 6205.47, 17579, 15886
1695273049, 0, 0, 36, 0, 0, 6866.80, 3, 0, 0, 1.45, 1274, 779, 6205.47, 17579, 15886
1695273049, 0, 0, 36, 0, 0, 6866.80, 3, 0, 0, 22.99, 1279, 782, 6205.47, 17579, 15886
1695273053, 0, 0, 36, 0, 0, 6866.80, 3, 0, 0, 1.00, 1280, 785, 6205.47, 17579, 15886
1695273058, 0, 0, 36, 0, 0, 6866.80, 3, 0, 0, 0.68, 1283, 785, 6205.47, 17579, 15886
1695273078, 0, 0, 36, 0, 0, 6866.80, 3, 0, 0, 0.20, 1286, 786, 6205.47, 17579, 15886
1695273082, 0, 0, 36, 0, 0, 6866.80, 3, 0, 0, 1.02, 1288, 788, 6205.47, 17579, 15886
1695273087, 0, 0, 36, 0, 0, 6866.80, 3, 0, 0, 1.31, 1292, 790, 6205.47, 17579, 15886
1695273091, 0, 0, 36, 0, 0, 6866.80, 3, 0, 0, 0.91, 1295, 791, 6205.47, 17579, 15886
1695273091, 0, 0, 36, 0, 0, 6866.80, 3, 0, 0, 32.57, 1304, 792, 6205.47, 17579, 15886
1695273096, 0, 0, 36, 0, 0, 6866.80, 3, 0, 0, 0.48, 1305, 793, 6205.47, 17579, 15886
1695273100, 0, 0, 36, 0, 0, 6866.80, 3, 0, 0, 0.47, 1306, 794, 6205.47, 17579, 15886
1695273100, 0, 0, 36, 0, 0, 6866.80, 3, 0, 0, 39.04, 1313, 800, 6205.47, 17579, 15886
1695273106, 0, 0, 36, 0, 0, 6866.80, 3, 0, 0, 0.74, 1316, 801, 6205.47, 17579, 15886
1695273109, 0, 0, 36, 0, 0, 6866.80, 3, 0, 0, 0.89, 1318, 802, 6205.47, 17579, 15886
1695273112, 0, 0, 36, 0, 0, 6866.80, 3, 0, 0, 0.60, 1319, 803, 6205.47, 17579, 15886
1695273113, 0, 0, 36, 0, 0, 6866.80, 3, 0, 0, 24.84, 1324, 806, 6205.47, 17579, 15886
1695273113, 0, 0, 36, 0, 0, 6866.80, 3, 0, 0, 17.33, 1328, 812, 6205.47, 17579, 15886
1695273117, 0, 0, 36, 0, 0, 6866.80, 3, 0, 0, 0.70, 1331, 812, 6205.47, 17579, 15886
1695273141, 0, 0, 36, 0, 0, 6866.80, 3, 0, 0, 0.21, 1334, 814, 6205.47, 17579, 15886
1695273155, 0, 0, 36, 0, 0, 6866.80, 3, 0, 0, 0.28, 1336, 816, 6205.47, 17579, 15886
1695273156, 0, 0, 36, 0, 0, 6866.80, 3, 0, 0, 20.64, 1342, 819, 6205.47, 17579, 15886
1695273160, 0, 0, 36, 0, 0, 6866.80, 3, 0, 0, 0.92, 1345, 820, 6205.47, 17579, 15886
1695273160, 0, 0, 36, 0, 0, 6866.80, 3, 0, 0, 17.09, 1348, 823, 6205.47, 17579, 15886
1695273161, 0, 0, 36, 0, 0, 6866.80, 3, 0, 0, 19.42, 1352, 825, 6205.47, 17579, 15886
1695273161, 0, 0, 36, 0, 0, 6866.80, 3, 0, 0, 12.38, 1355, 826, 6205.47, 17579, 15886
1695273161, 0, 0, 36, 0, 0, 6866.80, 3, 0, 0, 16.29, 1358, 828, 6205.47, 17579, 15886
1695273168, 0, 0, 36, 0, 0, 6866.80, 3, 0, 0, 0.14, 1359, 828, 6205.47, 17579, 15886
1695273173, 0, 0, 36, 0, 0, 6866.80, 3, 0, 0, 0.21, 1360, 828, 6205.47, 17579, 15886
1695273177, 0, 0, 36, 0, 0, 6866.80, 3, 0, 0, 0.48, 1362, 828, 6205.47, 17579, 15886
1695273181, 0, 0, 36, 0, 0, 6866.80, 3, 0, 0, 0.46, 1364, 828, 6205.47, 17579, 15886
1695273186, 0, 0, 36, 0, 0, 6866.80, 3, 0, 0, 0.41, 1366, 828, 6205.47, 17579, 15886
1695273187, 0, 0, 36, 0, 0, 6866.80, 3, 0, 0, 12.82, 1369, 829, 6205.47, 17579, 15886
1695273191, 0, 0, 36, 0, 0, 6866.80, 3, 0, 0, 0.46, 1370, 830, 6205.47, 17579, 15886
1695273195, 0, 0, 36, 0, 0, 6866.80, 3, 0, 0, 1.18, 1374, 831, 6205.47, 17579, 15886
1695273200, 0, 0, 36, 0, 0, 6866.80, 3, 0, 0, 0.21, 1375, 831, 6205.47, 17579, 15886
1695273200, 0, 0, 36, 0, 0, 6866.80, 3, 0, 0, 22.15, 1379, 834, 6205.47, 17579, 15886
1695273205, 0, 0, 36, 0, 0, 6866.80, 3, 0, 0, 0.47, 1381, 834, 6205.47, 17579, 15886
1695273205, 0, 0, 36, 0, 0, 6866.80, 3, 0, 0, 19.42, 1385, 836, 6205.47, 17579, 15886
1695273211, 0, 0, 36, 0, 0, 6866.80, 3, 0, 0, 1.08, 1388, 839, 6205.47, 17579, 15886
1695273211, 0, 0, 36, 0, 0, 6866.80, 3, 0, 0, 22.65, 1392, 842, 6205.47, 17579, 15886
1695273211, 0, 0, 36, 0, 0, 6866.80, 3, 0, 0, 18.47, 1397, 844, 6205.47, 17579, 15886
1695273212, 0, 0, 36, 0, 0, 6866.80, 3, 0, 0, 18.13, 1401, 846, 6205.47, 17579, 15886
1695273232, 0, 0, 36, 0, 0, 6866.80, 3, 0, 0, 0.29, 1403, 850, 6205.47, 17579, 15886
1695273238, 0, 0, 36, 0, 0, 6866.80, 3, 0, 0, 0.99, 1406, 853, 6205.47, 17579, 15886
1695273239, 0, 0, 36, 0, 0, 6866.80, 3, 0, 0, 19.80, 1408, 857, 6205.47, 17579, 15886
1695273239, 0, 0, 36, 0, 0, 6866.80, 3, 0, 0, 20.35, 1412, 860, 6205.47, 17579, 15886
1695273245, 0, 0, 36, 0, 0, 6866.80, 3, 0, 0, 0.87, 1416, 861, 6205.47, 17579, 15886
1695273245, 0, 0, 36, 0, 0, 6866.80, 3, 0, 0, 19.23, 1420, 864, 6205.47, 17579, 15886
1695273254, 0, 0, 36, 0, 0, 6866.80, 3, 0, 0, 0.48, 1423, 865, 6205.47, 17579, 15886
1695273259, 0, 0, 36, 0, 0, 6866.80, 3, 0, 0, 0.94, 1428, 865, 6205.47, 17579, 15886
1695273259, 0, 0, 36, 0, 0, 6866.80, 3, 0, 0, 12.56, 1431, 867, 6205.47, 17579, 15886
1695273275, 0, 0, 36, 0, 0, 6866.80, 3, 0, 0, 0.13, 1432, 868, 6205.47, 17579, 15886
1695273279, 0, 0, 36, 0, 0, 6866.80, 3, 0, 0, 0.96, 1433, 871, 6205.47, 17579, 15886
1695273279, 0, 0, 36, 0, 0, 6866.80, 3, 0, 0, 19.17, 1436, 874, 6205.47, 17579, 15886
1695273284, 0, 0, 36, 0, 0, 6866.80, 3, 0, 0, 0.93, 1439, 875, 6205.47, 17579, 15886
1695273289, 0, 0, 36, 0, 0, 6866.80, 3, 0, 0, 0.19, 1440, 875, 6205.47, 17579, 15886
1695273293, 0, 0, 36, 0, 0, 6866.80, 3, 0, 0, 1.16, 1444, 876, 6205.47, 17579, 15886
1695273294, 0, 0, 36, 0, 0, 6866.80, 3, 0, 0, 17.86, 1449, 877, 6205.47, 17579, 15886
1695273298, 0, 0, 36, 0, 0, 6866.80, 3, 0, 0, 0.24, 1450, 877, 6205.47, 17579, 15886
1695273302, 0, 0, 36, 0, 0, 6866.80, 3, 0, 0, 0.45, 1452, 877, 6205.47, 17579, 15886
1695273305, 0, 0, 36, 0, 0, 6866.80, 3, 0, 0, 1.25, 1454, 879, 6205.47, 17579, 15886
1695273312, 0, 0, 36, 0, 0, 6866.80, 3, 0, 0, 0.31, 1455, 880, 6205.47, 17579, 15886
1695273312, 0, 0, 36, 0, 0, 6866.80, 3, 0, 0, 18.02, 1458, 883, 6205.47, 17579, 15886
1695273316, 0, 0, 36, 0, 0, 6866.80, 3, 0, 0, 0.58, 1458, 885, 6205.47, 17579, 15886
1695273321, 0, 0, 36, 0, 0, 6866.80, 3, 0, 0, 0.97, 1461, 887, 6205.47, 17579, 15886
1695273321, 0, 0, 36, 0, 0, 6866.80, 3, 0, 0, 9.46, 1464, 887, 6205.47, 17579, 15886
1695273326, 0, 0, 36, 0, 0, 6866.80, 3, 0, 0, 0.82, 1466, 889, 6205.47, 17579, 15886
1695273330, 0, 0, 36, 0, 0, 6866.80, 3, 0, 0, 0.69, 1468, 890, 6205.47, 17579, 15886
1695273331, 0, 0, 36, 0, 0, 6866.80, 3, 0, 0, 17.24, 1471, 893, 6205.47, 17579, 15886
1695273335, 0, 0, 36, 0, 0, 6866.80, 3, 0, 0, 0.86, 1475, 893, 6205.47, 17579, 15886
1695273339, 0, 0, 36, 0, 0, 6866.80, 3, 0, 0, 0.91, 1477, 894, 6205.47, 17579, 15886
1695273349, 0, 0, 36, 0, 0, 6866.80, 3, 0, 0, 0.65, 1481, 897, 6205.47, 17579, 15886
1695273354, 0, 0, 36, 0, 0, 6866.80, 3, 0, 0, 1.03, 1484, 899, 6205.47, 17579, 15886
1695273359, 0, 0, 36, 0, 0, 6866.80, 3, 0, 0, 0.23, 1485, 899, 6205.47, 17579, 15886
1695273359, 0, 0, 36, 0, 0, 6866.80, 3, 0, 0, 33.00, 1489, 905, 6205.47, 17579, 15886
1695273367, 0, 0, 36, 0, 0, 6866.80, 3, 0, 0, 0.24, 1490, 906, 6205.47, 17579, 15886
1695273368, 0, 0, 36, 0, 0, 6866.80, 3, 0, 0, 20.00, 1494, 908, 6205.47, 17579, 15886
1695273376, 0, 0, 36, 0, 0, 6866.80, 3, 0, 0, 0.61, 1498, 909, 6205.47, 17579, 15886
1695273381, 0, 0, 36, 0, 0, 6866.80, 3, 0, 0, 0.73, 1500, 911, 6205.47, 17579, 15886
1695273382, 0, 0, 36, 0, 0, 6866.80, 3, 0, 0, 13.40, 1505, 911, 6205.47, 17579, 15886
1695273387, 0, 0, 37, 0, 0, 6867.97, 3, 0, 0, 0.40, 1506, 912, 6206.64, 17582, 15889
1695273387, 0, 0, 37, 0, 0, 6867.97, 3, 0, 0, 10.53, 1507, 915, 6206.64, 17582, 15889
1695273393, 0, 0, 37, 0, 0, 6867.97, 3, 0, 0, 1.19, 1511, 918, 6206.64, 17582, 15889
1695273393, 0, 0, 37, 0, 0, 6867.97, 3, 0, 0, 18.63, 1515, 920, 6206.64, 17582, 15889
1695273394, 0, 0, 37, 0, 0, 6867.97, 3, 0, 0, 21.21, 1519, 923, 6206.64, 17582, 15889
1695273394, 0, 0, 37, 0, 0, 6867.97, 3, 0, 0, 14.79, 1524, 923, 6206.64, 17582, 15889
1695273394, 0, 0, 37, 0, 0, 6867.97, 3, 0, 0, 15.48, 1527, 925, 6206.64, 17582, 15889
1695273400, 0, 0, 37, 0, 0, 6867.97, 3, 0, 0, 0.19, 1528, 925, 6206.64, 17582, 15889
1695273400, 0, 0, 37, 0, 0, 6867.97, 3, 0, 0, 19.05, 1531, 928, 6206.64, 17582, 15889
1695273400, 0, 0, 37, 0, 0, 6867.97, 3, 0, 0, 16.34, 1533, 931, 6206.64, 17582, 15889
1695273400, 0, 0, 37, 0, 0, 6867.97, 3, 0, 0, 9.90, 1535, 932, 6206.64, 17582, 15889
1695273401, 0, 0, 37, 0, 0, 6867.97, 3, 0, 0, 13.59, 1538, 934, 6206.64, 17582, 15889
1695273401, 0, 0, 37, 0, 0, 6867.97, 3, 0, 0, 15.58, 1539, 938, 6206.64, 17582, 15889
1695273402, 0, 0, 37, 0, 0, 6867.97, 3, 0, 0, 13.97, 1541, 941, 6206.64, 17582, 15889
1695273402, 0, 0, 37, 0, 0, 6867.97, 3, 0, 0, 24.54, 1546, 944, 6206.64, 17582, 15889
1695273402, 0, 0, 37, 0, 0, 6867.97, 3, 0, 0, 19.93, 1550, 946, 6206.64, 17582, 15889
1695273406, 0, 0, 37, 0, 0, 6867.97, 3, 0, 0, 1.05, 1551, 949, 6206.64, 17582, 15889
1695273411, 0, 0, 37, 0, 0, 6867.97, 3, 0, 0, 0.20, 1552, 949, 6206.64, 17582, 15889
1695273411, 0, 0, 37, 0, 0, 6867.97, 3, 0, 0, 26.14, 1556, 953, 6206.64, 17582, 15889
1695273416, 0, 0, 37, 0, 0, 6867.97, 3, 0, 0, 0.99, 1560, 954, 6206.64, 17582, 15889
1695273417, 0, 0, 37, 0, 0, 6867.97, 3, 0, 0, 21.88, 1564, 957, 6206.64, 17582, 15889
1695273417, 0, 0, 37, 0, 0, 6867.97, 3, 0, 0, 2.71, 1565, 957, 6206.64, 17582, 15889
1695273423, 0, 0, 37, 0, 0, 6867.97, 3, 0, 0, 0.35, 1567, 957, 6206.64, 17582, 15889
1695273423, 0, 0, 37, 0, 0, 6867.97, 3, 0, 0, 19.48, 1570, 960, 6206.64, 17582, 15889
1695273423, 0, 0, 37, 0, 0, 6867.97, 3, 0, 0, 17.63, 1575, 962, 6206.64, 17582, 15889
1695273424, 0, 0, 37, 0, 0, 6867.97, 3, 0, 0, 9.80, 1577, 963, 6206.64, 17582, 15889
1695273428, 0, 0, 37, 0, 0, 6867.97, 3, 0, 0, 0.24, 1578, 963, 6206.64, 17582, 15889
1695273433, 0, 0, 37, 0, 0, 6867.97, 3, 0, 0, 1.24, 1583, 964, 6206.64, 17582, 15889
1695273440, 0, 0, 37, 0, 0, 6867.97, 3, 0, 0, 0.13, 1584, 964, 6206.64, 17582, 15889
1695273446, 0, 0, 37, 0, 0, 6867.97, 3, 0, 0, 0.18, 1585, 964, 6206.64, 17582, 15889
1695273446, 0, 0, 37, 0, 0, 6867.97, 3, 0, 0, 16.29, 1590, 964, 6206.64, 17582, 15889
1695273447, 0, 0, 37, 0, 0, 6867.97, 3, 0, 0, 13.66, 1592, 967, 6206.64, 17582, 15889
1695273451, 0, 0, 37, 0, 0, 6867.97, 3, 0, 0, 0.48, 1594, 967, 6206.64, 17582, 15889
1695273456, 0, 0, 37, 0, 0, 6867.97, 3, 0, 0, 1.41, 1600, 969, 6206.64, 17582, 15889
1695273462, 0, 0, 37, 0, 0, 6867.97, 3, 0, 0, 0.95, 1604, 970, 6206.64, 17582, 15889
1695273466, 0, 0, 37, 0, 0, 6867.97, 3, 0, 0, 0.98, 1606, 972, 6206.64, 17582, 15889
1695273471, 0, 0, 37, 0, 0, 6867.97, 3, 0, 0, 0.56, 1607, 974, 6206.64, 17582, 15889
1695273475, 0, 0, 37, 0, 0, 6867.97, 3, 0, 0, 0.47, 1608, 975, 6206.64, 17582, 15889
1695273480, 0, 0, 37, 0, 0, 6867.97, 3, 0, 0, 0.46, 1610, 975, 6206.64, 17582, 15889
1695273489, 0, 0, 37, 0, 0, 6867.97, 3, 0, 0, 0.10, 1611, 975, 6206.64, 17582, 15889
1695273490, 0, 0, 37, 0, 0, 6867.97, 3, 0, 0, 21.08, 1616, 977, 6206.64, 17582, 15889
1695273494, 0, 0, 37, 0, 0, 6867.97, 3, 0, 0, 0.43, 1617, 978, 6206.64, 17582, 15889
1695273495, 0, 0, 37, 0, 0, 6867.97, 3, 0, 0, 11.53, 1619, 980, 6206.64, 17582, 15889
1695273495, 0, 0, 37, 0, 0, 6867.97, 3, 0, 0, 15.48, 1623, 981, 6206.64, 17582, 15889
1695273501, 0, 0, 37, 0, 0, 6867.97, 3, 0, 0, 0.93, 1625, 984, 6206.64, 17582, 15889
1695273505, 0, 0, 37, 0, 0, 6867.97, 3, 0, 0, 0.24, 1626, 984, 6206.64, 17582, 15889
1695273505, 0, 0, 37, 0, 0, 6867.97, 3, 0, 0, 25.72, 1630, 988, 6206.64, 17582, 15889
1695273513, 0, 0, 37, 0, 0, 6867.97, 3, 0, 0, 0.52, 1633, 989, 6206.64, 17582, 15889
1695273519, 0, 0, 37, 0, 0, 6867.97, 3, 0, 0, 0.45, 1634, 991, 6206.64, 17582, 15889
1695273520, 0, 0, 37, 0, 0, 6867.97, 3, 0, 0, 19.77, 1638, 994, 6206.64, 17582, 15889
1695273524, 0, 0, 37, 0, 0, 6867.97, 3, 0, 0, 1.15, 1639, 998, 6206.64, 17582, 15889
1695273529, 0, 0, 37, 0, 0, 6867.97, 3, 0, 0, 0.97, 1640, 1002, 6206.64, 17582, 15889
1695273534, 0, 0, 37, 0, 0, 6867.97, 3, 0, 0, 0.62, 1643, 1002, 6206.64, 17582, 15889
1695273539, 0, 0, 37, 0, 0, 6867.97, 3, 0, 0, 1.39, 1647, 1005, 6206.64, 17582, 15889
1695273539, 0, 0, 37, 0, 0, 6867.97, 3, 0, 0, 12.47, 1649, 1008, 6206.64, 17582, 15889
1695273540, 0, 0, 37, 0, 0, 6867.97, 3, 0, 0, 11.30, 1652, 1009, 6206.64, 17582, 15889
1695273540, 0, 0, 37, 0, 0, 6867.97, 3, 0, 0, 8.04, 1653, 1011, 6206.64, 17582, 15889
1695273544, 0, 0, 37, 0, 0, 6867.97, 3, 0, 0, 0.24, 1654, 1011, 6206.64, 17582, 15889
1695273545, 0, 0, 37, 0, 0, 6867.97, 3, 0, 0, 8.67, 1657, 1011, 6206.64, 17582, 15889
1695273545, 0, 0, 37, 0, 0, 6867.97, 3, 0, 0, 13.16, 1659, 1013, 6206.64, 17582, 15889
1695273545, 0, 0, 37, 0, 0, 6867.97, 3, 0, 0, 16.90, 1664, 1014, 6206.64, 17582, 15889
1695273568, 0, 0, 37, 0, 0, 6867.97, 3, 0, 0, 0.26, 1667, 1017, 6206.64, 17582, 15889
1695273572, 0, 0, 37, 0, 0, 6867.97, 3, 0, 0, 0.80, 1669, 1018, 6206.64, 17582, 15889
1695273572, 0, 0, 37, 0, 0, 6867.97, 3, 0, 0, 15.06, 1672, 1020, 6206.64, 17582, 15889
1695273577, 0, 0, 37, 0, 0, 6867.97, 3, 0, 0, 0.21, 1673, 1020, 6206.64, 17582, 15889
1695273638, 0, 0, 37, 0, 0, 6867.97, 3, 0, 0, 0.10, 1676, 1023, 6206.64, 17582, 15889
1695273638, 0, 0, 37, 0, 0, 6867.97, 3, 0, 0, 25.00, 1680, 1027, 6206.64, 17582, 15889
1695273638, 0, 0, 37, 0, 0, 6867.97, 3, 0, 0, 15.83, 1685, 1028, 6206.64, 17582, 15889
1695273639, 0, 0, 37, 0, 0, 6867.97, 3, 0, 0, 9.50, 1687, 1030, 6206.64, 17582, 15889
1695273639, 0, 0, 37, 0, 0, 6867.97, 3, 0, 0, 2.60, 1688, 1030, 6206.64, 17582, 15889
1695273640, 0, 0, 37, 0, 0, 6867.97, 3, 0, 0, 18.57, 1693, 1032, 6206.64, 17582, 15889
1695273643, 0, 0, 37, 0, 0, 6867.97, 3, 0, 0, 0.68, 1694, 1033, 6206.64, 17582, 15889
1695273649, 0, 0, 37, 0, 0, 6867.97, 3, 0, 0, 0.31, 1695, 1034, 6206.64, 17582, 15889
1695273649, 0, 0, 37, 0, 0, 6867.97, 3, 0, 0, 13.33, 1698, 1035, 6206.64, 17582, 15889
1695273655, 0, 0, 37, 0, 0, 6867.97, 3, 0, 0, 0.88, 1703, 1035, 6206.64, 17582, 15889
1695273655, 0, 0, 37, 0, 0, 6867.97, 3, 0, 0, 16.61, 1708, 1035, 6206.64, 17582, 15889
1695273656, 0, 0, 37, 0, 0, 6867.97, 3, 0, 0, 13.33, 1713, 1035, 6206.64, 17582, 15889
1695273659, 0, 0, 37, 0, 0, 6867.97, 3, 0, 0, 0.54, 1715, 1035, 6206.64, 17582, 15889
1695273679, 0, 0, 37, 0, 0, 6867.97, 3, 0, 0, 0.40, 1718, 1040, 6206.64, 17582, 15889
1695273684, 0, 0, 37, 0, 0, 6867.97, 3, 0, 0, 1.82, 1722, 1044, 6206.64, 17582, 15889
1695273684, 0, 0, 37, 0, 0, 6867.97, 3, 0, 0, 19.13, 1726, 1047, 6206.64, 17582, 15889
1695273685, 0, 0, 37, 0, 0, 6867.97, 3, 0, 0, 13.26, 1728, 1050, 6206.64, 17582, 15889
1695273685, 0, 0, 37, 0, 0, 6867.97, 3, 0, 0, 18.35, 1731, 1053, 6206.64, 17582, 15889
1695273688, 0, 0, 37, 0, 0, 6867.97, 3, 0, 0, 0.29, 1732, 1053, 6206.64, 17582, 15889
1695273692, 0, 0, 37, 0, 0, 6867.97, 3, 0, 0, 1.11, 1735, 1054, 6206.64, 17582, 15889
1695273692, 0, 0, 37, 0, 0, 6867.97, 3, 0, 0, 7.37, 1738, 1054, 6206.64, 17582, 15889
1695273693, 0, 0, 37, 0, 0, 6867.97, 3, 0, 0, 9.35, 1740, 1055, 6206.64, 17582, 15889
1695273693, 0, 0, 37, 0, 0, 6867.97, 3, 0, 0, 9.95, 1744, 1055, 6206.64, 17582, 15889
1695273697, 0, 0, 37, 0, 0, 6867.97, 3, 0, 0, 0.92, 1747, 1056, 6206.64, 17582, 15889
1695273698, 0, 0, 37, 0, 0, 6867.97, 3, 0, 0, 16.57, 1750, 1059, 6206.64, 17582, 15889
1695273698, 0, 0, 37, 0, 0, 6867.97, 3, 0, 0, 20.41, 1755, 1061, 6206.64, 17582, 15889
1695273703, 0, 0, 37, 0, 0, 6867.97, 3, 0, 0, 1.12, 1759, 1062, 6206.64, 17582, 15889
1695273708, 0, 0, 37, 0, 0, 6867.97, 3, 0, 0, 0.51, 1761, 1063, 6206.64, 17582, 15889
1695273709, 0, 0, 37, 0, 0, 6867.97, 3, 0, 0, 23.67, 1764, 1068, 6206.64, 17582, 15889
1695273712, 0, 0, 37, 0, 0, 6867.97, 3, 0, 0, 1.37, 1767, 1070, 6206.64, 17582, 15889
1695273718, 0, 0, 37, 0, 0, 6867.97, 3, 0, 0, 0.93, 1770, 1072, 6206.64, 17582, 15889
1695273718, 0, 0, 37, 0, 0, 6867.97, 3, 0, 0, 12.66, 1773, 1073, 6206.64, 17582, 15889
1695273722, 0, 0, 37, 0, 0, 6867.97, 3, 0, 0, 0.72, 1776, 1073, 6206.64, 17582, 15889
1695273723, 0, 0, 37, 0, 0, 6867.97, 3, 0, 0, 14.75, 1778, 1076, 6206.64, 17582, 15889
1695273723, 0, 0, 37, 0, 0, 6867.97, 3, 0, 0, 13.20, 1781, 1077, 6206.64, 17582, 15889
1695273729, 0, 0, 37, 0, 0, 6867.97, 3, 0, 0, 0.53, 1782, 1079, 6206.64, 17582, 15889
1695273729, 0, 0, 37, 0, 0, 6867.97, 3, 0, 0, 13.07, 1783, 1082, 6206.64, 17582, 15889
1695273733, 0, 0, 37, 0, 0, 6867.97, 3, 0, 0, 0.48, 1784, 1083, 6206.64, 17582, 15889
1695273736, 0, 0, 37, 0, 0, 6867.97, 3, 0, 0, 0.38, 1785, 1083, 6206.64, 17582, 15889
1695273736, 0, 0, 37, 0, 0, 6867.97, 3, 0, 0, 20.06, 1790, 1085, 6206.64, 17582, 15889
1695273740, 0, 0, 37, 0, 0, 6867.97, 3, 0, 0, 0.68, 1792, 1086, 6206.64, 17582, 15889
1695273745, 0, 0, 37, 0, 0, 6867.97, 3, 0, 0, 0.68, 1794, 1087, 6206.64, 17582, 15889
1695273745, 0, 0, 37, 0, 0, 6867.97, 3, 0, 0, 16.39, 1797, 1089, 6206.64, 17582, 15889
1695273755, 0, 0, 37, 0, 0, 6867.97, 3, 0, 0, 0.20, 1798, 1090, 6206.64, 17582, 15889
1695273761, 0, 0, 37, 0, 0, 6867.97, 3, 0, 0, 0.17, 1799, 1090, 6206.64, 17582, 15889
1695273762, 0, 0, 37, 0, 0, 6867.97, 3, 0, 0, 6.30, 1802, 1090, 6206.64, 17582, 15889
1695273766, 0, 0, 37, 0, 0, 6867.97, 3, 0, 0, 0.71, 1804, 1091, 6206.64, 17582, 15889
1695273766, 0, 0, 37, 0, 0, 6867.97, 3, 0, 0, 9.68, 1806, 1092, 6206.64, 17582, 15889
1695273767, 0, 0, 37, 0, 0, 6867.97, 3, 0, 0, 13.05, 1807, 1096, 6206.64, 17582, 15889
1695273767, 0, 0, 37, 0, 0, 6867.97, 3, 0, 0, 17.60, 1811, 1098, 6206.64, 17582, 15889
1695273771, 0, 0, 37, 0, 0, 6867.97, 3, 0, 0, 1.03, 1814, 1099, 6206.64, 17582, 15889
1695273771, 0, 0, 37, 0, 0, 6867.97, 3, 0, 0, 12.46, 1817, 1100, 6206.64, 17582, 15889
1695273778, 0, 0, 37, 0, 0, 6867.97, 3, 0, 0, 0.95, 1822, 1102, 6206.64, 17582, 15889
1695273779, 0, 0, 37, 0, 0, 6867.97, 3, 0, 0, 9.20, 1825, 1102, 6206.64, 17582, 15889
1695273779, 0, 0, 37, 0, 0, 6867.97, 3, 0, 0, 18.40, 1829, 1104, 6206.64, 17582, 15889
1695273779, 0, 0, 37, 0, 0, 6867.97, 3, 0, 0, 11.05, 1831, 1106, 6206.64, 17582, 15889
1695273785, 0, 0, 37, 0, 0, 6867.97, 3, 0, 0, 0.37, 1833, 1106, 6206.64, 17582, 15889
1695273785, 0, 0, 37, 0, 0, 6867.97, 3, 0, 0, 16.29, 1835, 1109, 6206.64, 17582, 15889
1695273785, 0, 0, 37, 0, 0, 6867.97, 3, 0, 0, 13.33, 1838, 1110, 6206.64, 17582, 15889
1695273786, 0, 0, 37, 0, 0, 6867.97, 3, 0, 0, 16.90, 1842, 1112, 6206.64, 17582, 15889
1695273791, 0, 0, 37, 0, 0, 6867.97, 3, 0, 0, 0.56, 1844, 1113, 6206.64, 17582, 15889
1695273791, 0, 0, 37, 0, 0, 6867.97, 3, 0, 0, 18.63, 1850, 1113, 6206.64, 17582, 15889
1695273796, 0, 0, 37, 0, 0, 6867.97, 3, 0, 0, 0.22, 1851, 1113, 6206.64, 17582, 15889
1695273796, 0, 0, 37, 0, 0, 6867.97, 3, 0, 0, 19.87, 1854, 1116, 6206.64, 17582, 15889
1695273802, 0, 0, 37, 0, 0, 6867.97, 3, 0, 0, 0.73, 1857, 1117, 6206.64, 17582, 15889
1695273811, 0, 0, 37, 0, 0, 6867.97, 3, 0, 0, 0.34, 1860, 1117, 6206.64, 17582, 15889
1695273811, 0, 0, 37, 0, 0, 6867.97, 3, 0, 0, 11.11, 1862, 1119, 6206.64, 17582, 15889
1695273811, 0, 0, 37, 0, 0, 6867.97, 3, 0, 0, 7.44, 1865, 1119, 6206.64, 17582, 15889
1695273816, 0, 0, 37, 0, 0, 6867.97, 3, 0, 0, 0.68, 1867, 1120, 6206.64, 17582, 15889
1695273821, 0, 0, 37, 0, 0, 6867.97, 3, 0, 0, 0.57, 1869, 1121, 6206.64, 17582, 15889
1695273821, 0, 0, 37, 0, 0, 6867.97, 3, 0, 0, 17.65, 1873, 1123, 6206.64, 17582, 15889
1695273826, 0, 0, 37, 0, 0, 6867.97, 3, 0, 0, 1.25, 1876, 1126, 6206.64, 17582, 15889
1695273827, 0, 0, 37, 0, 0, 6867.97, 3, 0, 0, 12.94, 1878, 1128, 6206.64, 17582, 15889
1695273827, 0, 0, 37, 0, 0, 6867.97, 3, 0, 0, 15.67, 1881, 1130, 6206.64, 17582, 15889
1695273831, 0, 0, 37, 0, 0, 6867.97, 3, 0, 0, 0.48, 1882, 1131, 6206.64, 17582, 15889
1695273835, 0, 0, 37, 0, 0, 6867.97, 3, 0, 0, 0.45, 1884, 1131, 6206.64, 17582, 15889
1695273840, 0, 0, 37, 0, 0, 6867.97, 3, 0, 0, 0.70, 1887, 1131, 6206.64, 17582, 15889
1695273845, 0, 0, 37, 0, 0, 6867.97, 3, 0, 0, 0.89, 1890, 1133, 6206.64, 17582, 15889
1695273853, 0, 0, 37, 0, 0, 6867.97, 3, 0, 0, 0.25, 1892, 1133, 6206.64, 17582, 15889
1695273858, 0, 0, 37, 0, 0, 6867.97, 3, 0, 0, 0.23, 1893, 1133, 6206.64, 17582, 15889
1695273864, 0, 0, 37, 0, 0, 6867.97, 3, 0, 0, 0.16, 1894, 1133, 6206.64, 17582, 15889
1695273870, 0, 0, 37, 0, 0, 6867.97, 3, 0, 0, 0.53, 1896, 1134, 6206.64, 17582, 15889
1695273870, 0, 0, 37, 0, 0, 6867.97, 3, 0, 0, 6.54, 1898, 1134, 6206.64, 17582, 15889
1695273876, 0, 0, 37, 0, 0, 6867.97, 3, 0, 0, 0.87, 1902, 1135, 6206.64, 17582, 15889
1695273880, 0, 0, 37, 0, 0, 6867.97, 3, 0, 0, 0.68, 1904, 1136, 6206.64, 17582, 15889
1695273881, 0, 0, 37, 0, 0, 6867.97, 3, 0, 0, 5.15, 1904, 1138, 6206.64, 17582, 15889
1695273886, 0, 0, 37, 0, 0, 6867.97, 3, 0, 0, 0.38, 1906, 1138, 6206.64, 17582, 15889
1695273886, 0, 0, 37, 0, 0, 6867.97, 3, 0, 0, 12.89, 1906, 1143, 6206.64, 17582, 15889
1695273887, 0, 0, 37, 0, 0, 6867.97, 3, 0, 0, 12.16, 1909, 1144, 6206.64, 17582, 15889
1695273891, 0, 0, 37, 0, 0, 6867.97, 3, 0, 0, 0.22, 1910, 1144, 6206.64, 17582, 15889
1695273903, 0, 0, 37, 0, 0, 6867.97, 3, 0, 0, 0.36, 1912, 1146, 6206.64, 17582, 15889
1695273907, 0, 0, 37, 0, 0, 6867.97, 3, 0, 0, 0.21, 1913, 1146, 6206.64, 17582, 15889
1695273908, 0, 0, 37, 0, 0, 6867.97, 3, 0, 0, 6.41, 1914, 1148, 6206.64, 17582, 15889
1695273913, 0, 0, 37, 0, 0, 6867.97, 3, 0, 0, 0.19, 1915, 1148, 6206.64, 17582, 15889
1695273917, 0, 0, 37, 0, 0, 6867.97, 3, 0, 0, 0.28, 1915, 1149, 6206.64, 17582, 15889
1695273917, 0, 0, 37, 0, 0, 6867.97, 3, 0, 0, 10.00, 1918, 1150, 6206.64, 17582, 15889
1695273922, 0, 0, 37, 0, 0, 6867.97, 3, 0, 0, 1.21, 1921, 1153, 6206.64, 17582, 15889
1695273930, 0, 0, 37, 0, 0, 6867.97, 3, 0, 0, 0.25, 1922, 1154, 6206.64, 17582, 15889
1695273935, 0, 0, 37, 0, 0, 6867.97, 3, 0, 0, 0.62, 1924, 1155, 6206.64, 17582, 15889
1695273935, 0, 0, 37, 0, 0, 6867.97, 3, 0, 0, 9.62, 1924, 1158, 6206.64, 17582, 15889
1695273936, 0, 0, 37, 0, 0, 6867.97, 3, 0, 0, 12.46, 1927, 1159, 6206.64, 17582, 15889
1695273936, 0, 0, 37, 0, 0, 6867.97, 3, 0, 0, 13.48, 1929, 1162, 6206.64, 17582, 15889
1695273936, 0, 0, 37, 0, 0, 6867.97, 3, 0, 0, 4.72, 1931, 1162, 6206.64, 17582, 15889
1695273937, 0, 0, 37, 0, 0, 6867.97, 3, 0, 0, 11.59, 1933, 1164, 6206.64, 17582, 15889
1695273937, 0, 0, 37, 0, 0, 6867.97, 3, 0, 0, 10.81, 1937, 1166, 6206.64, 17582, 15889
1695273938, 0, 0, 37, 0, 0, 6867.97, 3, 0, 0, 8.24, 1938, 1168, 6206.64, 17582, 15889
1695273938, 0, 0, 37, 0, 0, 6867.97, 3, 0, 0, 11.83, 1940, 1170, 6206.64, 17582, 15889
1695273952, 0, 0, 37, 0, 0, 6867.97, 3, 0, 0, 0.07, 1941, 1170, 6206.64, 17582, 15889
1695274002, 0, 0, 37, 0, 0, 6867.97, 3, 0, 0, 0.06, 1943, 1171, 6206.64, 17582, 15889
1695274002, 0, 0, 37, 0, 0, 6867.97, 3, 0, 0, 10.67, 1945, 1173, 6206.64, 17582, 15889
1695274002, 0, 0, 37, 0, 0, 6867.97, 3, 0, 0, 8.85, 1946, 1175, 6206.64, 17582, 15889
1695274003, 0, 0, 37, 0, 0, 6867.97, 3, 0, 0, 12.90, 1948, 1177, 6206.64, 17582, 15889
1695274010, 0, 0, 37, 0, 0, 6867.97, 3, 0, 0, 0.67, 1950, 1180, 6206.64, 17582, 15889
1695274010, 0, 0, 37, 0, 0, 6867.97, 3, 0, 0, 10.50, 1952, 1182, 6206.64, 17582, 15889
1695274011, 0, 0, 37, 0, 0, 6867.97, 3, 0, 0, 8.72, 1955, 1182, 6206.64, 17582, 15889
1695274011, 0, 0, 37, 0, 0, 6867.97, 3, 0, 0, 7.54, 1956, 1184, 6206.64, 17582, 15889
1695274012, 0, 0, 37, 0, 0, 6867.97, 3, 0, 0, 7.41, 1956, 1187, 6206.64, 17582, 15889
1695274012, 0, 0, 37, 0, 0, 6867.97, 3, 0, 0, 7.79, 1958, 1188, 6206.64, 17582, 15889
1695274012, 0, 0, 37, 0, 0, 6867.97, 3, 0, 0, 13.74, 1961, 1190, 6206.64, 17582, 15889
1695274013, 0, 0, 37, 0, 0, 6867.97, 3, 0, 0, 8.75, 1964, 1190, 6206.64, 17582, 15889
1695274013, 0, 0, 37, 0, 0, 6867.97, 3, 0, 0, 5.49, 1966, 1191, 6206.64, 17582, 15889
1695274014, 0, 0, 37, 0, 0, 6867.97, 3, 0, 0, 11.17, 1969, 1192, 6206.64, 17582, 15889
1695274014, 0, 0, 37, 0, 0, 6867.97, 3, 0, 0, 6.64, 1970, 1193, 6206.64, 17582, 15889
1695274014, 0, 0, 37, 0, 0, 6867.97, 3, 0, 0, 16.29, 1971, 1197, 6206.64, 17582, 15889
1695274025, 0, 0, 37, 0, 0, 6867.97, 3, 0, 0, 0.18, 1973, 1197, 6206.64, 17582, 15889
1695274030, 0, 0, 37, 0, 0, 6867.97, 3, 0, 0, 0.39, 1975, 1197, 6206.64, 17582, 15889
1695274035, 0, 0, 37, 0, 0, 6867.97, 3, 0, 0, 0.44, 1977, 1197, 6206.64, 17582, 15889
1695274035, 0, 0, 37, 0, 0, 6867.97, 3, 0, 0, 11.08, 1979, 1199, 6206.64, 17582, 15889
1695274036, 0, 0, 37, 0, 0, 6867.97, 3, 0, 0, 18.07, 1981, 1203, 6206.64, 17582, 15889
1695274075, 0, 0, 37, 0, 0, 6867.97, 3, 0, 0, 0.05, 1983, 1203, 6206.64, 17582, 15889
1695274080, 0, 0, 37, 0, 0, 6867.97, 3, 0, 0, 0.61, 1985, 1204, 6206.64, 17582, 15889
1695274080, 0, 0, 37, 0, 0, 6867.97, 3, 0, 0, 10.00, 1987, 1205, 6206.64, 17582, 15889
1695274090, 0, 0, 37, 0, 0, 6867.97, 3, 0, 0, 0.52, 1989, 1208, 6206.64, 17582, 15889
1695274090, 0, 0, 37, 0, 0, 6867.97, 3, 0, 0, 12.78, 1992, 1209, 6206.64, 17582, 15889
1695274096, 0, 0, 37, 0, 0, 6867.97, 3, 0, 0, 0.32, 1994, 1209, 6206.64, 17582, 15889
1695274097, 0, 0, 37, 0, 0, 6867.97, 3, 0, 0, 4.99, 1995, 1210, 6206.64, 17582, 15889
1695274097, 0, 0, 37, 0, 0, 6867.97, 3, 0, 0, 6.37, 1996, 1211, 6206.64, 17582, 15889
1695274097, 0, 0, 37, 0, 0, 6867.97, 3, 0, 0, 6.54, 1997, 1212, 6206.64, 17582, 15889
1695274098, 0, 0, 37, 0, 0, 6867.97, 3, 0, 0, 9.17, 2000, 1212, 6206.64, 17582, 15889
1695274098, 0, 0, 37, 0, 0, 6867.97, 3, 0, 0, 8.75, 2002, 1213, 6206.64, 17582, 15889
1695274098, 0, 0, 37, 0, 0, 6867.97, 3, 0, 0, 12.08, 2006, 1213, 6206.64, 17582, 15889
1695274111, 0, 0, 37, 0, 0, 6867.97, 3, 0, 0, 0.24, 2007, 1215, 6206.64, 17582, 15889
1695274114, 0, 0, 37, 0, 0, 6867.97, 3, 0, 0, 0.26, 2008, 1215, 6206.64, 17582, 15889
1695274115, 0, 0, 37, 0, 0, 6867.97, 3, 0, 0, 9.01, 2009, 1217, 6206.64, 17582, 15889
1695274115, 0, 0, 37, 0, 0, 6867.97, 3, 0, 0, 11.30, 2012, 1218, 6206.64, 17582, 15889
1695274120, 0, 0, 37, 0, 0, 6867.97, 3, 0, 0, 0.96, 2015, 1220, 6206.64, 17582, 15889
1695274121, 0, 0, 37, 0, 0, 6867.97, 3, 0, 0, 4.81, 2016, 1221, 6206.64, 17582, 15889
1695274173, 0, 0, 37, 0, 0, 6867.97, 3, 0, 0, 0.02, 2017, 1221, 6206.64, 17582, 15889
1695274173, 0, 0, 37, 0, 0, 6867.97, 3, 0, 0, 11.24, 2019, 1223, 6206.64, 17582, 15889
1695274174, 0, 0, 37, 0, 0, 6867.97, 3, 0, 0, 9.97, 2021, 1224, 6206.64, 17582, 15889
1695274182, 0, 0, 37, 0, 0, 6867.97, 3, 0, 0, 0.64, 2026, 1224, 6206.64, 17582, 15889
1695274187, 0, 0, 37, 0, 0, 6867.97, 3, 0, 0, 0.18, 2027, 1224, 6206.64, 17582, 15889
1695274187, 0, 0, 37, 0, 0, 6867.97, 3, 0, 0, 18.35, 2030, 1227, 6206.64, 17582, 15889
1695274198, 0, 0, 37, 0, 0, 6867.97, 3, 0, 0, 0.10, 2031, 1227, 6206.64, 17582, 15889
1695274198, 0, 0, 37, 0, 0, 6867.97, 3, 0, 0, 5.67, 2032, 1228, 6206.64, 17582, 15889
1695274198, 0, 0, 37, 0, 0, 6867.97, 3, 0, 0, 6.31, 2033, 1229, 6206.64, 17582, 15889
1695274199, 0, 0, 37, 0, 0, 6867.97, 3, 0, 0, 7.81, 2036, 1229, 6206.64, 17582, 15889
1695274199, 0, 0, 37, 0, 0, 6867.97, 3, 0, 0, 7.59, 2040, 1229, 6206.64, 17582, 15889
1695274199, 0, 0, 37, 0, 0, 6867.97, 3, 0, 0, 6.29, 2040, 1231, 6206.64, 17582, 15889
1695274200, 0, 0, 37, 0, 0, 6867.97, 3, 0, 0, 5.76, 2042, 1231, 6206.64, 17582, 15889
1695274205, 0, 0, 37, 0, 0, 6867.97, 3, 0, 0, 0.75, 2046, 1231, 6206.64, 17582, 15889
1695274212, 0, 0, 37, 0, 0, 6867.97, 3, 0, 0, 0.32, 2048, 1231, 6206.64, 17582, 15889
1695274217, 0, 0, 37, 0, 0, 6867.97, 3, 0, 0, 0.54, 2050, 1232, 6206.64, 17582, 15889
1695274217, 0, 0, 37, 0, 0, 6867.97, 3, 0, 0, 13.30, 2052, 1235, 6206.64, 17582, 15889
1695274218, 0, 0, 37, 0, 0, 6867.97, 3, 0, 0, 5.85, 2054, 1235, 6206.64, 17582, 15889
1695274228, 0, 0, 37, 0, 0, 6867.97, 3, 0, 0, 0.39, 2056, 1237, 6206.64, 17582, 15889
1695274247, 0, 0, 37, 0, 0, 6867.97, 3, 0, 0, 0.16, 2058, 1238, 6206.64, 17582, 15889
1695274253, 0, 0, 37, 0, 0, 6867.97, 3, 0, 0, 0.58, 2060, 1239, 6206.64, 17582, 15889
1695274253, 0, 0, 37, 0, 0, 6867.97, 3, 0, 0, 16.34, 2062, 1242, 6206.64, 17582, 15889
1695274253, 0, 0, 37, 0, 0, 6867.97, 3, 0, 0, 12.05, 2064, 1244, 6206.64, 17582, 15889
1695274257, 0, 0, 37, 0, 0, 6867.97, 3, 0, 0, 0.72, 2065, 1246, 6206.64, 17582, 15889
1695274258, 0, 0, 37, 0, 0, 6867.97, 3, 0, 0, 6.43, 2067, 1246, 6206.64, 17582, 15889
1695274258, 0, 0, 37, 0, 0, 6867.97, 3, 0, 0, 8.75, 2069, 1247, 6206.64, 17582, 15889
1695274263, 0, 0, 37, 0, 0, 6867.97, 3, 0, 0, 0.18, 2070, 1247, 6206.64, 17582, 15889
1695274264, 0, 0, 37, 0, 0, 6867.97, 3, 0, 0, 14.16, 2072, 1250, 6206.64, 17582, 15889
1695274269, 0, 0, 37, 0, 0, 6867.97, 3, 0, 0, 0.41, 2074, 1250, 6206.64, 17582, 15889
1695274269, 0, 0, 37, 0, 0, 6867.97, 3, 0, 0, 2.92, 2074, 1251, 6206.64, 17582, 15889
1695274269, 0, 0, 37, 0, 0, 6867.97, 3, 0, 0, 8.11, 2077, 1252, 6206.64, 17582, 15889
1695274273, 0, 0, 37, 0, 0, 6867.97, 3, 0, 0, 0.77, 2079, 1253, 6206.64, 17582, 15889
1695274274, 0, 0, 37, 0, 0, 6867.97, 3, 0, 0, 3.43, 2080, 1254, 6206.64, 17582, 15889
1695274274, 0, 0, 37, 0, 0, 6867.97, 3, 0, 0, 8.20, 2081, 1256, 6206.64, 17582, 15889
1695274275, 0, 0, 37, 0, 0, 6867.97, 3, 0, 0, 7.63, 2083, 1257, 6206.64, 17582, 15889
1695274282, 0, 0, 37, 0, 0, 6867.97, 3, 0, 0, 0.57, 2086, 1258, 6206.64, 17582, 15889
1695274291, 0, 0, 37, 0, 0, 6867.97, 3, 0, 0, 0.56, 2089, 1260, 6206.64, 17582, 15889
1695274296, 0, 0, 37, 0, 0, 6867.97, 3, 0, 0, 0.19, 2090, 1260, 6206.64, 17582, 15889
1695274309, 0, 0, 37, 0, 0, 6867.97, 3, 0, 0, 0.23, 2091, 1262, 6206.64, 17582, 15889
1695274314, 0, 0, 37, 0, 0, 6867.97, 3, 0, 0, 0.20, 2092, 1262, 6206.64, 17582, 15889
1695274314, 0, 0, 37, 0, 0, 6867.97, 3, 0, 0, 11.46, 2093, 1265, 6206.64, 17582, 15889
1695274314, 0, 0, 37, 0, 0, 6867.97, 3, 0, 0, 11.90, 2096, 1266, 6206.64, 17582, 15889
1695274315, 0, 0, 37, 0, 0, 6867.97, 3, 0, 0, 5.62, 2098, 1266, 6206.64, 17582, 15889
1695274315, 0, 0, 37, 0, 0, 6867.97, 3, 0, 0, 6.99, 2100, 1267, 6206.64, 17582, 15889
1695274315, 0, 0, 37, 0, 0, 6867.97, 3, 0, 0, 6.41, 2102, 1267, 6206.64, 17582, 15889
1695274316, 0, 0, 37, 0, 0, 6867.97, 3, 0, 0, 7.18, 2104, 1268, 6206.64, 17582, 15889
1695274316, 0, 0, 37, 0, 0, 6867.97, 3, 0, 0, 11.49, 2107, 1269, 6206.64, 17582, 15889
1695274317, 0, 0, 37, 0, 0, 6867.97, 3, 0, 0, 11.73, 2110, 1270, 6206.64, 17582, 15889
1695274317, 0, 0, 37, 0, 0, 6867.97, 3, 0, 0, 5.49, 2112, 1270, 6206.64, 17582, 15889
1695274322, 0, 0, 37, 0, 0, 6867.97, 3, 0, 0, 0.43, 2114, 1270, 6206.64, 17582, 15889
1695274322, 0, 0, 37, 0, 0, 6867.97, 3, 0, 0, 6.77, 2116, 1271, 6206.64, 17582, 15889
1695274322, 0, 0, 37, 0, 0, 6867.97, 3, 0, 0, 9.26, 2119, 1271, 6206.64, 17582, 15889
1695274323, 0, 0, 37, 0, 0, 6867.97, 3, 0, 0, 8.79, 2122, 1272, 6206.64, 17582, 15889
1695274323, 0, 0, 37, 0, 0, 6867.97, 3, 0, 0, 9.06, 2124, 1273, 6206.64, 17582, 15889
1695274324, 0, 0, 37, 0, 0, 6867.97, 3, 0, 0, 13.37, 2127, 1275, 6206.64, 17582, 15889
1695274331, 0, 0, 37, 0, 0, 6867.97, 3, 0, 0, 0.14, 2128, 1275, 6206.64, 17582, 15889
1695274331, 0, 0, 37, 0, 0, 6867.97, 3, 0, 0, 16.50, 2130, 1278, 6206.64, 17582, 15889
1695274332, 0, 0, 37, 0, 0, 6867.97, 3, 0, 0, 4.99, 2132, 1278, 6206.64, 17582, 15889
1695274332, 0, 0, 37, 0, 0, 6867.97, 3, 0, 0, 1.99, 2133, 1278, 6206.64, 17582, 15889
1695274332, 0, 0, 37, 0, 0, 6867.97, 3, 0, 0, 5.76, 2133, 1280, 6206.64, 17582, 15889
1695274341, 0, 0, 37, 0, 0, 6867.97, 3, 0, 0, 0.11, 2134, 1280, 6206.64, 17582, 15889
1695274342, 0, 0, 37, 0, 0, 6867.97, 3, 0, 0, 9.52, 2136, 1281, 6206.64, 17582, 15889
1695274348, 0, 0, 37, 0, 0, 6867.97, 3, 0, 0, 0.33, 2137, 1282, 6206.64, 17582, 15889
1695274353, 0, 0, 37, 0, 0, 6867.97, 3, 0, 0, 0.18, 2138, 1282, 6206.64, 17582, 15889
1695274354, 0, 0, 37, 0, 0, 6867.97, 3, 0, 0, 7.54, 2141, 1282, 6206.64, 17582, 15889
1695274354, 0, 0, 37, 0, 0, 6867.97, 3, 0, 0, 5.88, 2143, 1282, 6206.64, 17582, 15889
1695274362, 0, 0, 37, 0, 0, 6867.97, 3, 0, 0, 0.59, 2146, 1284, 6206.64, 17582, 15889
1695274363, 0, 0, 37, 0, 0, 6867.97, 3, 0, 0, 1.96, 2146, 1285, 6206.64, 17582, 15889
1695274363, 0, 0, 37, 0, 0, 6867.97, 3, 0, 0, 8.52, 2147, 1287, 6206.64, 17582, 15889
1695274370, 0, 0, 37, 0, 0, 6867.97, 3, 0, 0, 0.16, 2148, 1287, 6206.64, 17582, 15889
1695274375, 0, 0, 37, 0, 0, 6867.97, 3, 0, 0, 0.18, 2149, 1287, 6206.64, 17582, 15889
1695274375, 0, 0, 37, 0, 0, 6867.97, 3, 0, 0, 4.87, 2151, 1287, 6206.64, 17582, 15889
1695274376, 0, 0, 37, 0, 0, 6867.97, 3, 0, 0, 6.67, 2153, 1287, 6206.64, 17582, 15889
1695274383, 0, 0, 37, 0, 0, 6867.97, 3, 0, 0, 0.41, 2156, 1287, 6206.64, 17582, 15889
1695274383, 0, 0, 37, 0, 0, 6867.97, 3, 0, 0, 8.04, 2158, 1288, 6206.64, 17582, 15889
1695274384, 0, 0, 37, 0, 0, 6867.97, 3, 0, 0, 9.37, 2161, 1289, 6206.64, 17582, 15889
1695274384, 0, 0, 37, 0, 0, 6867.97, 3, 0, 0, 6.58, 2162, 1290, 6206.64, 17582, 15889
1695274385, 0, 0, 37, 0, 0, 6867.97, 3, 0, 0, 5.33, 2163, 1291, 6206.64, 17582, 15889
1695274385, 0, 0, 37, 0, 0, 6867.97, 3, 0, 0, 6.37, 2165, 1291, 6206.64, 17582, 15889
1695274385, 0, 0, 37, 0, 0, 6867.97, 3, 0, 0, 3.45, 2166, 1292, 6206.64, 17582, 15889
1695274386, 0, 0, 37, 0, 0, 6867.97, 3, 0, 0, 6.62, 2168, 1292, 6206.64, 17582, 15889
1695274386, 0, 0, 37, 0, 0, 6867.97, 3, 0, 0, 5.80, 2170, 1292, 6206.64, 17582, 15889
1695274391, 0, 0, 37, 0, 0, 6867.97, 3, 0, 0, 0.41, 2172, 1292, 6206.64, 17582, 15889
1695274391, 0, 0, 37, 0, 0, 6867.97, 3, 0, 0, 13.66, 2175, 1294, 6206.64, 17582, 15889
1695274392, 0, 0, 37, 0, 0, 6867.97, 3, 0, 0, 4.78, 2176, 1295, 6206.64, 17582, 15889
1695274392, 0, 0, 37, 0, 0, 6867.97, 3, 0, 0, 8.29, 2178, 1296, 6206.64, 17582, 15889
1695274392, 0, 0, 37, 0, 0, 6867.97, 3, 0, 0, 10.70, 2180, 1298, 6206.64, 17582, 15889
1695274393, 0, 0, 37, 0, 0, 6867.97, 3, 0, 0, 5.52, 2182, 1298, 6206.64, 17582, 15889
1695274393, 0, 0, 37, 0, 0, 6867.97, 3, 0, 0, 1.59, 2183, 1298, 6206.64, 17582, 15889
1695274398, 0, 0, 37, 0, 0, 6867.97, 3, 0, 0, 0.41, 2185, 1298, 6206.64, 17582, 15889
1695274399, 0, 0, 37, 0, 0, 6867.97, 3, 0, 0, 5.49, 2185, 1300, 6206.64, 17582, 15889
1695274409, 0, 0, 37, 0, 0, 6867.97, 3, 0, 0, 0.10, 2186, 1300, 6206.64, 17582, 15889
1695274409, 0, 0, 37, 0, 0, 6867.97, 3, 0, 0, 5.88, 2186, 1302, 6206.64, 17582, 15889
1695274410, 0, 0, 37, 0, 0, 6867.97, 3, 0, 0, 7.71, 2189, 1302, 6206.64, 17582, 15889
1695274410, 0, 0, 37, 0, 0, 6867.97, 3, 0, 0, 9.58, 2190, 1304, 6206.64, 17582, 15889
1695274410, 0, 0, 37, 0, 0, 6867.97, 3, 0, 0, 8.62, 2191, 1306, 6206.64, 17582, 15889
1695274411, 0, 0, 37, 0, 0, 6867.97, 3, 0, 0, 8.98, 2193, 1307, 6206.64, 17582, 15889
1695274411, 0, 0, 37, 0, 0, 6867.97, 3, 0, 0, 6.93, 2195, 1308, 6206.64, 17582, 15889
1695274411, 0, 0, 37, 0, 0, 6867.97, 3, 0, 0, 4.99, 2196, 1309, 6206.64, 17582, 15889
1695274412, 0, 0, 37, 0, 0, 6867.97, 3, 0, 0, 5.80, 2198, 1309, 6206.64, 17582, 15889
1695274417, 0, 0, 37, 0, 0, 6867.97, 3, 0, 0, 0.53, 2201, 1309, 6206.64, 17582, 15889
1695274418, 0, 0, 37, 0, 0, 6867.97, 3, 0, 0, 9.41, 2203, 1311, 6206.64, 17582, 15889
1695274418, 0, 0, 37, 0, 0, 6867.97, 3, 0, 0, 5.81, 2203, 1313, 6206.64, 17582, 15889
1695274418, 0, 0, 37, 0, 0, 6867.97, 3, 0, 0, 14.62, 2207, 1314, 6206.64, 17582, 15889
1695274419, 0, 0, 37, 0, 0, 6867.97, 3, 0, 0, 8.31, 2209, 1315, 6206.64, 17582, 15889
1695274419, 0, 0, 37, 0, 0, 6867.97, 3, 0, 0, 14.41, 2214, 1315, 6206.64, 17582, 15889
1695274425, 0, 0, 37, 0, 0, 6867.97, 3, 0, 0, 0.69, 2217, 1316, 6206.64, 17582, 15889
1695274425, 0, 0, 37, 0, 0, 6867.97, 3, 0, 0, 8.97, 2219, 1318, 6206.64, 17582, 15889
1695274426, 0, 0, 37, 0, 0, 6867.97, 3, 0, 0, 6.27, 2220, 1319, 6206.64, 17582, 15889
1695274426, 0, 0, 37, 0, 0, 6867.97, 3, 0, 0, 8.93, 2223, 1319, 6206.64, 17582, 15889
1695274434, 0, 0, 37, 0, 0, 6867.97, 3, 0, 0, 0.27, 2224, 1320, 6206.64, 17582, 15889
1695274434, 0, 0, 37, 0, 0, 6867.97, 3, 0, 0, 9.80, 2226, 1321, 6206.64, 17582, 15889
1695274434, 0, 0, 37, 0, 0, 6867.97, 3, 0, 0, 9.71, 2228, 1322, 6206.64, 17582, 15889
1695274434, 0, 0, 37, 0, 0, 6867.97, 3, 0, 0, 11.24, 2229, 1325, 6206.64, 17582, 15889
1695274435, 0, 0, 37, 0, 0, 6867.97, 3, 0, 0, 5.95, 2230, 1326, 6206.64, 17582, 15889
1695274435, 0, 0, 37, 0, 0, 6867.97, 3, 0, 0, 7.63, 2233, 1326, 6206.64, 17582, 15889
1695274436, 0, 0, 37, 0, 0, 6867.97, 3, 0, 0, 7.09, 2235, 1327, 6206.64, 17582, 15889
1695274436, 0, 0, 37, 0, 0, 6867.97, 3, 0, 0, 6.98, 2238, 1327, 6206.64, 17582, 15889
1695274441, 0, 0, 37, 0, 0, 6867.97, 3, 0, 0, 0.19, 2239, 1327, 6206.64, 17582, 15889
1695274442, 0, 0, 37, 0, 0, 6867.97, 3, 0, 0, 5.13, 2240, 1328, 6206.64, 17582, 15889
1695274442, 0, 0, 37, 0, 0, 6867.97, 3, 0, 0, 10.99, 2244, 1328, 6206.64, 17582, 15889
1695274448, 0, 0, 37, 0, 0, 6867.97, 3, 0, 0, 0.35, 2245, 1329, 6206.64, 17582, 15889
1695274453, 0, 0, 37, 0, 0, 6867.97, 3, 0, 0, 0.39, 2247, 1329, 6206.64, 17582, 15889
1695274453, 0, 0, 37, 0, 0, 6867.97, 3, 0, 0, 3.81, 2248, 1330, 6206.64, 17582, 15889
1695274459, 0, 0, 37, 0, 0, 6867.97, 3, 0, 0, 0.52, 2251, 1330, 6206.64, 17582, 15889
1695274467, 0, 0, 37, 0, 0, 6867.97, 3, 0, 0, 0.26, 2252, 1331, 6206.64, 17582, 15889
1695274474, 0, 0, 37, 0, 0, 6867.97, 3, 0, 0, 0.14, 2253, 1331, 6206.64, 17582, 15889
1695274474, 0, 0, 37, 0, 0, 6867.97, 3, 0, 0, 6.67, 2254, 1332, 6206.64, 17582, 15889
1695274475, 0, 0, 37, 0, 0, 6867.97, 3, 0, 0, 6.45, 2256, 1333, 6206.64, 17582, 15889
1695274480, 0, 0, 37, 0, 0, 6867.97, 3, 0, 0, 0.18, 2257, 1333, 6206.64, 17582, 15889
1695274481, 0, 0, 37, 0, 0, 6867.97, 3, 0, 0, 5.12, 2259, 1333, 6206.64, 17582, 15889
1695274481, 0, 0, 37, 0, 0, 6867.97, 3, 0, 0, 5.59, 2260, 1334, 6206.64, 17582, 15889
1695274481, 0, 0, 37, 0, 0, 6867.97, 3, 0, 0, 11.94, 2262, 1336, 6206.64, 17582, 15889
1695274486, 0, 0, 37, 0, 0, 6867.97, 3, 0, 0, 0.20, 2263, 1336, 6206.64, 17582, 15889
1695274487, 0, 0, 37, 0, 0, 6867.97, 3, 0, 0, 6.70, 2265, 1337, 6206.64, 17582, 15889
1695274487, 0, 0, 37, 0, 0, 6867.97, 3, 0, 0, 7.35, 2267, 1338, 6206.64, 17582, 15889
1695274488, 0, 0, 37, 0, 0, 6867.97, 3, 0, 0, 5.26, 2268, 1339, 6206.64, 17582, 15889
1695274488, 0, 0, 37, 0, 0, 6867.97, 3, 0, 0, 5.65, 2268, 1341, 6206.64, 17582, 15889
1695274494, 0, 0, 37, 0, 0, 6867.97, 3, 0, 0, 0.34, 2269, 1342, 6206.64, 17582, 15889
1695274494, 0, 0, 37, 0, 0, 6867.97, 3, 0, 0, 5.83, 2269, 1344, 6206.64, 17582, 15889
1695274499, 0, 0, 37, 0, 0, 6867.97, 3, 0, 0, 0.43, 2270, 1345, 6206.64, 17582, 15889
1695274499, 0, 0, 37, 0, 0, 6867.97, 3, 0, 0, 4.90, 2271, 1346, 6206.64, 17582, 15889
1695274500, 0, 0, 37, 0, 0, 6867.97, 3, 0, 0, 6.67, 2272, 1348, 6206.64, 17582, 15889
1695274509, 0, 0, 37, 0, 0, 6867.97, 3, 0, 0, 0.11, 2273, 1348, 6206.64, 17582, 15889
1695274509, 0, 0, 37, 0, 0, 6867.97, 3, 0, 0, 9.12, 2274, 1350, 6206.64, 17582, 15889
1695274510, 0, 0, 37, 0, 0, 6867.97, 3, 0, 0, 5.14, 2276, 1350, 6206.64, 17582, 15889
1695274510, 0, 0, 37, 0, 0, 6867.97, 3, 0, 0, 7.77, 2277, 1352, 6206.64, 17582, 15889
1695274510, 0, 0, 37, 0, 0, 6867.97, 3, 0, 0, 7.14, 2277, 1355, 6206.64, 17582, 15889
1695274511, 0, 0, 37, 0, 0, 6867.97, 3, 0, 0, 6.41, 2278, 1356, 6206.64, 17582, 15889
1695274515, 0, 0, 37, 0, 0, 6867.97, 3, 0, 0, 0.42, 2279, 1357, 6206.64, 17582, 15889
1695274516, 0, 0, 37, 0, 0, 6867.97, 3, 0, 0, 11.87, 2282, 1358, 6206.64, 17582, 15889
1695274516, 0, 0, 37, 0, 0, 6867.97, 3, 0, 0, 5.80, 2284, 1358, 6206.64, 17582, 15889
1695274516, 0, 0, 37, 0, 0, 6867.97, 3, 0, 0, 6.64, 2286, 1358, 6206.64, 17582, 15889
1695274517, 0, 0, 37, 0, 0, 6867.97, 3, 0, 0, 5.87, 2288, 1358, 6206.64, 17582, 15889
1695274517, 0, 0, 37, 0, 0, 6867.97, 3, 0, 0, 9.58, 2289, 1360, 6206.64, 17582, 15889
1695274523, 0, 0, 37, 0, 0, 6867.97, 3, 0, 0, 0.35, 2290, 1361, 6206.64, 17582, 15889
1695274528, 0, 0, 37, 0, 0, 6867.97, 3, 0, 0, 0.38, 2291, 1362, 6206.64, 17582, 15889
1695274528, 0, 0, 37, 0, 0, 6867.97, 3, 0, 0, 5.54, 2293, 1362, 6206.64, 17582, 15889
1695274535, 0, 0, 37, 0, 0, 6867.97, 3, 0, 0, 0.16, 2294, 1362, 6206.64, 17582, 15889
1695274548, 0, 0, 37, 0, 0, 6867.97, 3, 0, 0, 0.07, 2295, 1362, 6206.64, 17582, 15889
1695274549, 0, 0, 37, 0, 0, 6867.97, 3, 0, 0, 12.23, 2297, 1364, 6206.64, 17582, 15889
1695274549, 0, 0, 37, 0, 0, 6867.97, 3, 0, 0, 6.71, 2299, 1365, 6206.64, 17582, 15889
1695274550, 0, 0, 37, 0, 0, 6867.97, 3, 0, 0, 4.80, 2301, 1365, 6206.64, 17582, 15889
1695274550, 0, 0, 37, 0, 0, 6867.97, 3, 0, 0, 6.39, 2302, 1366, 6206.64, 17582, 15889
1695274550, 0, 0, 37, 0, 0, 6867.97, 3, 0, 0, 4.03, 2304, 1366, 6206.64, 17582, 15889
1695274551, 0, 0, 37, 0, 0, 6867.97, 3, 0, 0, 5.87, 2305, 1367, 6206.64, 17582, 15889
1695274559, 0, 0, 37, 0, 0, 6867.97, 3, 0, 0, 0.25, 2307, 1367, 6206.64, 17582, 15889
1695274559, 0, 0, 37, 0, 0, 6867.97, 3, 0, 0, 5.22, 2307, 1369, 6206.64, 17582, 15889
1695274570, 0, 0, 37, 0, 0, 6867.97, 3, 0, 0, 0.27, 2308, 1371, 6206.64, 17582, 15889
1695274576, 0, 0, 37, 0, 0, 6867.97, 3, 0, 0, 0.37, 2310, 1371, 6206.64, 17582, 15889
1695274576, 0, 0, 37, 0, 0, 6867.97, 3, 0, 0, 9.15, 2312, 1372, 6206.64, 17582, 15889
1695274576, 0, 0, 37, 0, 0, 6867.97, 3, 0, 0, 9.68, 2313, 1374, 6206.64, 17582, 15889
1695274577, 0, 0, 37, 0, 0, 6867.97, 3, 0, 0, 4.30, 2314, 1375, 6206.64, 17582, 15889
1695274577, 0, 0, 37, 0, 0, 6867.97, 3, 0, 0, 8.11, 2317, 1375, 6206.64, 17582, 15889
1695274577, 0, 0, 37, 0, 0, 6867.97, 3, 0, 0, 11.73, 2319, 1377, 6206.64, 17582, 15889
1695274578, 0, 0, 37, 0, 0, 6867.97, 3, 0, 0, 3.20, 2320, 1378, 6206.64, 17582, 15889
1695274584, 0, 0, 37, 0, 0, 6867.97, 3, 0, 0, 0.16, 2321, 1378, 6206.64, 17582, 15889
1695274585, 0, 0, 37, 0, 0, 6867.97, 3, 0, 0, 8.62, 2322, 1380, 6206.64, 17582, 15889
1695274585, 0, 0, 37, 0, 0, 6867.97, 3, 0, 0, 4.84, 2323, 1381, 6206.64, 17582, 15889
1695274586, 0, 0, 37, 0, 0, 6867.97, 3, 0, 0, 7.52, 2326, 1381, 6206.64, 17582, 15889
1695274592, 0, 0, 37, 0, 0, 6867.97, 3, 0, 0, 0.68, 2329, 1382, 6206.64, 17582, 15889
1695274592, 0, 0, 37, 0, 0, 6867.97, 3, 0, 0, 4.09, 2331, 1382, 6206.64, 17582, 15889
1695274592, 0, 0, 37, 0, 0, 6867.97, 3, 0, 0, 9.68, 2333, 1383, 6206.64, 17582, 15889
1695274601, 0, 0, 37, 0, 0, 6867.97, 3, 0, 0, 0.23, 2335, 1383, 6206.64, 17582, 15889
1695274601, 0, 0, 37, 0, 0, 6867.97, 3, 0, 0, 13.11, 2338, 1384, 6206.64, 17582, 15889
1695274602, 0, 0, 37, 0, 0, 6867.97, 3, 0, 0, 11.63, 2342, 1384, 6206.64, 17582, 15889
1695274602, 0, 0, 37, 0, 0, 6867.97, 3, 0, 0, 5.36, 2342, 1386, 6206.64, 17582, 15889
1695274602, 0, 0, 37, 0, 0, 6867.97, 3, 0, 0, 5.59, 2344, 1386, 6206.64, 17582, 15889
1695274603, 0, 0, 37, 0, 0, 6867.97, 3, 0, 0, 6.04, 2346, 1386, 6206.64, 17582, 15889
1695274603, 0, 0, 37, 0, 0, 6867.97, 3, 0, 0, 8.60, 2348, 1387, 6206.64, 17582, 15889
1695274603, 0, 0, 37, 0, 0, 6867.97, 3, 0, 0, 9.38, 2350, 1388, 6206.64, 17582, 15889
1695274604, 0, 0, 37, 0, 0, 6867.97, 3, 0, 0, 5.97, 2351, 1389, 6206.64, 17582, 15889
1695274613, 0, 0, 37, 0, 0, 6867.97, 3, 0, 0, 0.20, 2353, 1389, 6206.64, 17582, 15889
1695274614, 0, 0, 37, 0, 0, 6867.97, 3, 0, 0, 5.28, 2354, 1390, 6206.64, 17582, 15889
1695274614, 0, 0, 37, 0, 0, 6867.97, 3, 0, 0, 4.91, 2355, 1391, 6206.64, 17582, 15889
1695274614, 0, 0, 37, 0, 0, 6867.97, 3, 0, 0, 3.32, 2356, 1391, 6206.64, 17582, 15889
1695274615, 0, 0, 37, 0, 0, 6867.97, 3, 0, 0, 6.41, 2358, 1391, 6206.64, 17582, 15889
1695274615, 0, 0, 37, 0, 0, 6867.97, 3, 0, 0, 4.93, 2359, 1392, 6206.64, 17582, 15889
1695274616, 0, 0, 37, 0, 0, 6867.97, 3, 0, 0, 4.27, 2360, 1393, 6206.64, 17582, 15889
1695274616, 0, 0, 37, 0, 0, 6867.97, 3, 0, 0, 5.25, 2362, 1393, 6206.64, 17582, 15889
1695274616, 0, 0, 37, 0, 0, 6867.97, 3, 0, 0, 5.00, 2364, 1393, 6206.64, 17582, 15889
1695274640, 0, 0, 37, 0, 0, 6867.97, 3, 0, 0, 0.04, 2365, 1393, 6206.64, 17582, 15889
1695274640, 0, 0, 37, 0, 0, 6867.97, 3, 0, 0, 6.47, 2366, 1394, 6206.64, 17582, 15889
1695274641, 0, 0, 37, 0, 0, 6867.97, 3, 0, 0, 4.96, 2367, 1395, 6206.64, 17582, 15889
1695274647, 0, 0, 37, 0, 0, 6867.97, 3, 0, 0, 0.32, 2369, 1395, 6206.64, 17582, 15889
1695274648, 0, 0, 37, 0, 0, 6867.97, 3, 0, 0, 3.31, 2371, 1396, 6206.64, 17582, 15889
1695274648, 0, 0, 37, 0, 0, 6867.97, 3, 0, 0, 2.75, 2372, 1396, 6206.64, 17582, 15889
1695274649, 0, 0, 37, 0, 0, 6867.97, 3, 0, 0, 4.20, 2374, 1396, 6206.64, 17582, 15889
1695274649, 0, 0, 37, 0, 0, 6867.97, 3, 0, 0, 5.60, 2375, 1397, 6206.64, 17582, 15889
1695274657, 0, 0, 37, 0, 0, 6867.97, 3, 0, 0, 0.38, 2377, 1398, 6206.64, 17582, 15889
1695274657, 0, 0, 37, 0, 0, 6867.97, 3, 0, 0, 2.07, 2378, 1398, 6206.64, 17582, 15889
1695274664, 0, 0, 37, 0, 0, 6867.97, 3, 0, 0, 0.15, 2379, 1398, 6206.64, 17582, 15889
1695274664, 0, 0, 37, 0, 0, 6867.97, 3, 0, 0, 9.80, 2381, 1399, 6206.64, 17582, 15889
1695274665, 0, 0, 37, 0, 0, 6867.97, 3, 0, 0, 8.82, 2384, 1399, 6206.64, 17582, 15889
1695274665, 0, 0, 37, 0, 0, 6867.97, 3, 0, 0, 9.77, 2386, 1400, 6206.64, 17582, 15889
1695274670, 0, 0, 37, 0, 0, 6867.97, 3, 0, 0, 0.59, 2387, 1402, 6206.64, 17582, 15889
1695274671, 0, 0, 37, 0, 0, 6867.97, 3, 0, 0, 5.76, 2387, 1404, 6206.64, 17582, 15889
1695274671, 0, 0, 37, 0, 0, 6867.97, 3, 0, 0, 5.05, 2389, 1404, 6206.64, 17582, 15889
1695274671, 0, 0, 37, 0, 0, 6867.97, 3, 0, 0, 9.06, 2390, 1406, 6206.64, 17582, 15889
1695274672, 0, 0, 37, 0, 0, 6867.97, 3, 0, 0, 8.29, 2392, 1407, 6206.64, 17582, 15889
1695274679, 0, 0, 37, 0, 0, 6867.97, 3, 0, 0, 0.27, 2394, 1407, 6206.64, 17582, 15889
1695274679, 0, 0, 37, 0, 0, 6867.97, 3, 0, 0, 6.19, 2395, 1408, 6206.64, 17582, 15889
1695274686, 0, 0, 37, 0, 0, 6867.97, 3, 0, 0, 0.32, 2397, 1408, 6206.64, 17582, 15889
1695274691, 0, 0, 37, 0, 0, 6867.97, 3, 0, 0, 0.36, 2398, 1409, 6206.64, 17582, 15889
1695274697, 0, 0, 37, 0, 0, 6867.97, 3, 0, 0, 0.19, 2399, 1409, 6206.64, 17582, 15889
1695274697, 0, 0, 37, 0, 0, 6867.97, 3, 0, 0, 5.25, 2401, 1409, 6206.64, 17582, 15889
1695274697, 0, 0, 37, 0, 0, 6867.97, 3, 0, 0, 5.92, 2403, 1409, 6206.64, 17582, 15889
1695274698, 0, 0, 37, 0, 0, 6867.97, 3, 0, 0, 5.25, 2404, 1410, 6206.64, 17582, 15889
1695274703, 0, 0, 37, 0, 0, 6867.97, 3, 0, 0, 0.36, 2405, 1411, 6206.64, 17582, 15889
1695274703, 0, 0, 37, 0, 0, 6867.97, 3, 0, 0, 12.31, 2408, 1412, 6206.64, 17582, 15889
1695274704, 0, 0, 37, 0, 0, 6867.97, 3, 0, 0, 7.41, 2411, 1412, 6206.64, 17582, 15889
1695274704, 0, 0, 37, 0, 0, 6867.97, 3, 0, 0, 3.40, 2412, 1413, 6206.64, 17582, 15889
1695274705, 0, 0, 37, 0, 0, 6867.97, 3, 0, 0, 4.87, 2413, 1414, 6206.64, 17582, 15889
1695274711, 0, 0, 37, 0, 0, 6867.97, 3, 0, 0, 0.16, 2414, 1414, 6206.64, 17582, 15889
1695274712, 0, 0, 37, 0, 0, 6867.97, 3, 0, 0, 5.67, 2416, 1415, 6206.64, 17582, 15889
1695274712, 0, 0, 37, 0, 0, 6867.97, 3, 0, 0, 5.18, 2416, 1417, 6206.64, 17582, 15889
1695274712, 0, 0, 37, 0, 0, 6867.97, 3, 0, 0, 6.51, 2418, 1417, 6206.64, 17582, 15889
1695274713, 0, 0, 37, 0, 0, 6867.97, 3, 0, 0, 9.59, 2420, 1419, 6206.64, 17582, 15889
1695274713, 0, 0, 37, 0, 0, 6867.97, 3, 0, 0, 5.31, 2422, 1419, 6206.64, 17582, 15889
1695274713, 0, 0, 37, 0, 0, 6867.97, 3, 0, 0, 6.47, 2423, 1420, 6206.64, 17582, 15889
1695274714, 0, 0, 37, 0, 0, 6867.97, 3, 0, 0, 7.58, 2424, 1422, 6206.64, 17582, 15889
1695274722, 0, 0, 37, 0, 0, 6867.97, 3, 0, 0, 0.12, 2425, 1422, 6206.64, 17582, 15889
1695274728, 0, 0, 37, 0, 0, 6867.97, 3, 0, 0, 0.35, 2427, 1422, 6206.64, 17582, 15889
1695274728, 0, 0, 37, 0, 0, 6867.97, 3, 0, 0, 6.74, 2429, 1423, 6206.64, 17582, 15889
1695274728, 0, 0, 37, 0, 0, 6867.97, 3, 0, 0, 5.18, 2431, 1423, 6206.64, 17582, 15889
1695274729, 0, 0, 37, 0, 0, 6867.97, 3, 0, 0, 5.45, 2432, 1424, 6206.64, 17582, 15889
1695274729, 0, 0, 37, 0, 0, 6867.97, 3, 0, 0, 4.84, 2433, 1425, 6206.64, 17582, 15889
1695274730, 0, 0, 37, 0, 0, 6867.97, 3, 0, 0, 4.11, 2435, 1425, 6206.64, 17582, 15889
1695274730, 0, 0, 37, 0, 0, 6867.97, 3, 0, 0, 4.54, 2435, 1427, 6206.64, 17582, 15889
1695274731, 0, 0, 37, 0, 0, 6867.97, 3, 0, 0, 2.67, 2436, 1427, 6206.64, 17582, 15889
1695274731, 0, 0, 37, 0, 0, 6867.97, 3, 0, 0, 4.99, 2437, 1428, 6206.64, 17582, 15889
1695274731, 0, 0, 37, 0, 0, 6867.97, 3, 0, 0, 4.71, 2438, 1429, 6206.64, 17582, 15889
1695274732, 0, 0, 37, 0, 0, 6867.97, 3, 0, 0, 9.48, 2442, 1429, 6206.64, 17582, 15889
1695274732, 0, 0, 37, 0, 0, 6867.97, 3, 0, 0, 10.28, 2444, 1431, 6206.64, 17582, 15889
1695274732, 0, 0, 37, 0, 0, 6867.97, 3, 0, 0, 6.31, 2445, 1432, 6206.64, 17582, 15889
1695274733, 0, 0, 37, 0, 0, 6867.97, 3, 0, 0, 11.17, 2447, 1434, 6206.64, 17582, 15889
1695274733, 0, 0, 37, 0, 0, 6867.97, 3, 0, 0, 10.70, 2449, 1436, 6206.64, 17582, 15889
1695274734, 0, 0, 37, 0, 0, 6867.97, 3, 0, 0, 11.30, 2450, 1439, 6206.64, 17582, 15889
1695274739, 0, 0, 37, 0, 0, 6867.97, 3, 0, 0, 0.39, 2452, 1439, 6206.64, 17582, 15889
1695274739, 0, 0, 37, 0, 0, 6867.97, 3, 0, 0, 5.13, 2453, 1440, 6206.64, 17582, 15889
1695274753, 0, 0, 37, 0, 0, 6867.97, 3, 0, 0, 0.07, 2454, 1440, 6206.64, 17582, 15889
1695274762, 0, 0, 37, 0, 0, 6867.97, 3, 0, 0, 0.11, 2455, 1440, 6206.64, 17582, 15889
1695274768, 0, 0, 37, 0, 0, 6867.97, 3, 0, 0, 0.33, 2457, 1440, 6206.64, 17582, 15889
1695274774, 0, 0, 37, 0, 0, 6867.97, 3, 0, 0, 0.17, 2458, 1440, 6206.64, 17582, 15889
1695274774, 0, 0, 37, 0, 0, 6867.97, 3, 0, 0, 6.02, 2460, 1440, 6206.64, 17582, 15889
1695274775, 0, 0, 37, 0, 0, 6867.97, 3, 0, 0, 7.75, 2461, 1442, 6206.64, 17582, 15889
1695274780, 0, 0, 37, 0, 0, 6867.97, 3, 0, 0, 0.36, 2463, 1442, 6206.64, 17582, 15889
1695274781, 0, 0, 37, 0, 0, 6867.97, 3, 0, 0, 6.40, 2464, 1444, 6206.64, 17582, 15889
1695274781, 0, 0, 37, 0, 0, 6867.97, 3, 0, 0, 7.94, 2465, 1446, 6206.64, 17582, 15889
1695274781, 0, 0, 37, 0, 0, 6867.97, 3, 0, 0, 5.73, 2465, 1448, 6206.64, 17582, 15889
1695274782, 0, 0, 37, 0, 0, 6867.97, 3, 0, 0, 3.96, 2467, 1448, 6206.64, 17582, 15889
1695274787, 0, 0, 37, 0, 0, 6867.97, 3, 0, 0, 0.19, 2468, 1448, 6206.64, 17582, 15889
1695274787, 0, 0, 37, 0, 0, 6867.97, 3, 0, 0, 5.09, 2470, 1448, 6206.64, 17582, 15889
1695274793, 0, 0, 37, 0, 0, 6867.97, 3, 0, 0, 0.52, 2471, 1450, 6206.64, 17582, 15889
1695274794, 0, 0, 37, 0, 0, 6867.97, 3, 0, 0, 8.15, 2474, 1450, 6206.64, 17582, 15889
1695274794, 0, 0, 37, 0, 0, 6867.97, 3, 0, 0, 5.48, 2475, 1451, 6206.64, 17582, 15889
1695274794, 0, 0, 37, 0, 0, 6867.97, 3, 0, 0, 5.95, 2475, 1453, 6206.64, 17582, 15889
1695274795, 0, 0, 37, 0, 0, 6867.97, 3, 0, 0, 5.78, 2477, 1453, 6206.64, 17582, 15889
1695274795, 0, 0, 37, 0, 0, 6867.97, 3, 0, 0, 5.70, 2479, 1453, 6206.64, 17582, 15889
1695274795, 0, 0, 37, 0, 0, 6867.97, 3, 0, 0, 6.17, 2481, 1453, 6206.64, 17582, 15889
1695274804, 0, 0, 37, 0, 0, 6867.97, 3, 0, 0, 0.11, 2482, 1453, 6206.64, 17582, 15889
1695274804, 0, 0, 37, 0, 0, 6867.97, 3, 0, 0, 5.38, 2484, 1453, 6206.64, 17582, 15889
1695274805, 0, 0, 37, 0, 0, 6867.97, 3, 0, 0, 4.52, 2486, 1453, 6206.64, 17582, 15889
1695274805, 0, 0, 37, 0, 0, 6867.97, 3, 0, 0, 4.94, 2486, 1455, 6206.64, 17582, 15889
1695274806, 0, 0, 37, 0, 0, 6867.97, 3, 0, 0, 7.87, 2487, 1457, 6206.64, 17582, 15889
1695274806, 0, 0, 37, 0, 0, 6867.97, 3, 0, 0, 6.33, 2489, 1457, 6206.64, 17582, 15889
1695274806, 0, 0, 37, 0, 0, 6867.97, 3, 0, 0, 6.58, 2490, 1458, 6206.64, 17582, 15889
1695274807, 0, 0, 37, 0, 0, 6867.97, 3, 0, 0, 6.47, 2491, 1459, 6206.64, 17582, 15889
1695274807, 0, 0, 37, 0, 0, 6867.97, 3, 0, 0, 7.94, 2492, 1461, 6206.64, 17582, 15889
1695274807, 0, 0, 37, 0, 0, 6867.97, 3, 0, 0, 12.35, 2495, 1462, 6206.64, 17582, 15889
1695274808, 0, 0, 37, 0, 0, 6867.97, 3, 0, 0, 6.22, 2496, 1464, 6206.64, 17582, 15889
1695274808, 0, 0, 37, 0, 0, 6867.97, 3, 0, 0, 4.29, 2498, 1464, 6206.64, 17582, 15889
1695274809, 0, 0, 37, 0, 0, 6867.97, 3, 0, 0, 6.23, 2500, 1464, 6206.64, 17582, 15889
1695274809, 0, 0, 37, 0, 0, 6867.97, 3, 0, 0, 6.77, 2502, 1465, 6206.64, 17582, 15889
1695274809, 0, 0, 37, 0, 0, 6867.97, 3, 0, 0, 4.34, 2504, 1465, 6206.64, 17582, 15889
1695274810, 0, 0, 37, 0, 0, 6867.97, 3, 0, 0, 8.77, 2507, 1465, 6206.64, 17582, 15889
1695274810, 0, 0, 37, 0, 0, 6867.97, 3, 0, 0, 6.01, 2508, 1467, 6206.64, 17582, 15889
1695274811, 0, 0, 37, 0, 0, 6867.97, 3, 0, 0, 2.04, 2509, 1467, 6206.64, 17582, 15889
1695274811, 0, 0, 37, 0, 0, 6867.97, 3, 0, 0, 6.12, 2509, 1470, 6206.64, 17582, 15889
1695274812, 0, 0, 37, 0, 0, 6867.97, 3, 0, 0, 6.99, 2512, 1470, 6206.64, 17582, 15889
1695274812, 0, 0, 37, 0, 0, 6867.97, 3, 0, 0, 2.99, 2514, 1470, 6206.64, 17582, 15889
1695274819, 0, 0, 37, 0, 0, 6867.97, 3, 0, 0, 0.29, 2515, 1471, 6206.64, 17582, 15889
1695274820, 0, 0, 37, 0, 0, 6867.97, 3, 0, 0, 11.87, 2518, 1472, 6206.64, 17582, 15889
1695274820, 0, 0, 37, 0, 0, 6867.97, 3, 0, 0, 7.44, 2520, 1473, 6206.64, 17582, 15889
1695274826, 0, 0, 37, 0, 0, 6867.97, 3, 0, 0, 0.17, 2521, 1473, 6206.64, 17582, 15889
1695274826, 0, 0, 37, 0, 0, 6867.97, 3, 0, 0, 5.71, 2522, 1474, 6206.64, 17582, 15889
1695274826, 0, 0, 37, 0, 0, 6867.97, 3, 0, 0, 5.80, 2524, 1474, 6206.64, 17582, 15889
1695274831, 0, 0, 37, 0, 0, 6867.97, 3, 0, 0, 0.43, 2525, 1475, 6206.64, 17582, 15889
1695274839, 0, 0, 37, 0, 0, 6867.97, 3, 0, 0, 0.12, 2526, 1475, 6206.64, 17582, 15889
1695274847, 0, 0, 37, 0, 0, 6867.97, 3, 0, 0, 0.14, 2527, 1475, 6206.64, 17582, 15889
1695274847, 0, 0, 37, 0, 0, 6867.97, 3, 0, 0, 6.99, 2529, 1476, 6206.64, 17582, 15889
1695274847, 0, 0, 37, 0, 0, 6867.97, 3, 0, 0, 5.67, 2531, 1476, 6206.64, 17582, 15889
1695274853, 0, 0, 37, 0, 0, 6867.97, 3, 0, 0, 0.36, 2532, 1477, 6206.64, 17582, 15889
1695274853, 0, 0, 37, 0, 0, 6867.97, 3, 0, 0, 4.06, 2534, 1477, 6206.64, 17582, 15889
1695274854, 0, 0, 37, 0, 0, 6867.97, 3, 0, 0, 1.89, 2535, 1477, 6206.64, 17582, 15889
1695274861, 0, 0, 37, 0, 0, 6867.97, 3, 0, 0, 0.45, 2537, 1478, 6206.64, 17582, 15889
1695274861, 0, 0, 37, 0, 0, 6867.97, 3, 0, 0, 7.73, 2540, 1478, 6206.64, 17582, 15889
1695274870, 0, 0, 37, 0, 0, 6867.97, 3, 0, 0, 0.12, 2541, 1478, 6206.64, 17582, 15889
1695274870, 0, 0, 37, 0, 0, 6867.97, 3, 0, 0, 4.21, 2543, 1478, 6206.64, 17582, 15889
1695274871, 0, 0, 37, 0, 0, 6867.97, 3, 0, 0, 4.60, 2544, 1479, 6206.64, 17582, 15889
1695274871, 0, 0, 37, 0, 0, 6867.97, 3, 0, 0, 6.10, 2544, 1481, 6206.64, 17582, 15889
1695274871, 0, 0, 37, 0, 0, 6867.97, 3, 0, 0, 10.75, 2547, 1482, 6206.64, 17582, 15889
1695274872, 0, 0, 37, 0, 0, 6867.97, 3, 0, 0, 4.68, 2548, 1483, 6206.64, 17582, 15889
1695274872, 0, 0, 37, 0, 0, 6867.97, 3, 0, 0, 5.81, 2549, 1484, 6206.64, 17582, 15889
1695274872, 0, 0, 37, 0, 0, 6867.97, 3, 0, 0, 4.83, 2549, 1486, 6206.64, 17582, 15889
1695274879, 0, 0, 37, 0, 0, 6867.97, 3, 0, 0, 0.16, 2550, 1486, 6206.64, 17582, 15889
1695274879, 0, 0, 37, 0, 0, 6867.97, 3, 0, 0, 5.39, 2552, 1486, 6206.64, 17582, 15889
1695274879, 0, 0, 37, 0, 0, 6867.97, 3, 0, 0, 5.32, 2552, 1488, 6206.64, 17582, 15889
1695274880, 0, 0, 37, 0, 0, 6867.97, 3, 0, 0, 5.33, 2552, 1490, 6206.64, 17582, 15889
1695274889, 0, 0, 37, 0, 0, 6867.97, 3, 0, 0, 0.22, 2554, 1490, 6206.64, 17582, 15889
1695274889, 0, 0, 37, 0, 0, 6867.97, 3, 0, 0, 8.96, 2554, 1493, 6206.64, 17582, 15889
1695274890, 0, 0, 37, 0, 0, 6867.97, 3, 0, 0, 5.65, 2555, 1495, 6206.64, 17582, 15889
1695274890, 0, 0, 37, 0, 0, 6867.97, 3, 0, 0, 6.08, 2556, 1496, 6206.64, 17582, 15889
1695274890, 0, 0, 37, 0, 0, 6867.97, 3, 0, 0, 5.22, 2556, 1498, 6206.64, 17582, 15889
1695274897, 0, 0, 37, 0, 0, 6867.97, 3, 0, 0, 0.32, 2558, 1498, 6206.64, 17582, 15889
1695274897, 0, 0, 37, 0, 0, 6867.97, 3, 0, 0, 6.06, 2559, 1499, 6206.64, 17582, 15889
1695274897, 0, 0, 37, 0, 0, 6867.97, 3, 0, 0, 7.58, 2560, 1501, 6206.64, 17582, 15889
1695274898, 0, 0, 37, 0, 0, 6867.97, 3, 0, 0, 12.70, 2562, 1503, 6206.64, 17582, 15889
1695274898, 0, 0, 37, 0, 0, 6867.97, 3, 0, 0, 5.81, 2565, 1503, 6206.64, 17582, 15889
1695274899, 0, 0, 37, 0, 0, 6867.97, 3, 0, 0, 10.28, 2567, 1505, 6206.64, 17582, 15889
1695274899, 0, 0, 37, 0, 0, 6867.97, 3, 0, 0, 10.31, 2569, 1507, 6206.64, 17582, 15889
1695274899, 0, 0, 37, 0, 0, 6867.97, 3, 0, 0, 9.58, 2570, 1509, 6206.64, 17582, 15889
1695274906, 0, 0, 37, 0, 0, 6867.97, 3, 0, 0, 0.30, 2571, 1510, 6206.64, 17582, 15889
1695274906, 0, 0, 37, 0, 0, 6867.97, 3, 0, 0, 11.17, 2574, 1511, 6206.64, 17582, 15889
1695274913, 0, 0, 37, 0, 0, 6867.97, 3, 0, 0, 0.45, 2575, 1513, 6206.64, 17582, 15889
1695274913, 0, 0, 37, 0, 0, 6867.97, 3, 0, 0, 5.63, 2576, 1514, 6206.64, 17582, 15889
1695274914, 0, 0, 37, 0, 0, 6867.97, 3, 0, 0, 4.42, 2577, 1515, 6206.64, 17582, 15889
1695274914, 0, 0, 37, 0, 0, 6867.97, 3, 0, 0, 5.80, 2577, 1517, 6206.64, 17582, 15889
1695274920, 0, 0, 37, 0, 0, 6867.97, 3, 0, 0, 0.16, 2578, 1517, 6206.64, 17582, 15889
1695274921, 0, 0, 37, 0, 0, 6867.97, 3, 0, 0, 4.18, 2580, 1517, 6206.64, 17582, 15889
1695274921, 0, 0, 37, 0, 0, 6867.97, 3, 0, 0, 4.08, 2580, 1519, 6206.64, 17582, 15889
1695274927, 0, 0, 37, 0, 0, 6867.97, 3, 0, 0, 0.17, 2581, 1519, 6206.64, 17582, 15889
1695274928, 0, 0, 37, 0, 0, 6867.97, 3, 0, 0, 5.03, 2582, 1520, 6206.64, 17582, 15889
1695274928, 0, 0, 37, 0, 0, 6867.97, 3, 0, 0, 5.67, 2583, 1521, 6206.64, 17582, 15889
1695274928, 0, 0, 37, 0, 0, 6867.97, 3, 0, 0, 5.68, 2584, 1522, 6206.64, 17582, 15889
1695274929, 0, 0, 37, 0, 0, 6867.97, 3, 0, 0, 6.45, 2584, 1524, 6206.64, 17582, 15889
1695274934, 0, 0, 37, 0, 0, 6867.97, 3, 0, 0, 0.20, 2584, 1525, 6206.64, 17582, 15889
1695274944, 0, 0, 37, 0, 0, 6867.97, 3, 0, 0, 0.10, 2585, 1525, 6206.64, 17582, 15889
1695274944, 0, 0, 37, 0, 0, 6867.97, 3, 0, 0, 2.80, 2586, 1525, 6206.64, 17582, 15889
1695274944, 0, 0, 37, 0, 0, 6867.97, 3, 0, 0, 3.30, 2587, 1525, 6206.64, 17582, 15889
1695274945, 0, 0, 37, 0, 0, 6867.97, 3, 0, 0, 4.07, 2587, 1527, 6206.64, 17582, 15889
1695274945, 0, 0, 37, 0, 0, 6867.97, 3, 0, 0, 5.31, 2588, 1528, 6206.64, 17582, 15889
1695274946, 0, 0, 37, 0, 0, 6867.97, 3, 0, 0, 6.15, 2589, 1529, 6206.64, 17582, 15889
1695274954, 0, 0, 37, 0, 0, 6867.97, 3, 0, 0, 0.12, 2590, 1529, 6206.64, 17582, 15889
1695274954, 0, 0, 37, 0, 0, 6867.97, 3, 0, 0, 7.54, 2591, 1531, 6206.64, 17582, 15889
1695274954, 0, 0, 37, 0, 0, 6867.97, 3, 0, 0, 3.03, 2592, 1531, 6206.64, 17582, 15889
1695274962, 0, 0, 37, 0, 0, 6867.97, 3, 0, 0, 0.26, 2594, 1531, 6206.64, 17582, 15889
1695274963, 0, 0, 37, 0, 0, 6867.97, 3, 0, 0, 6.37, 2594, 1534, 6206.64, 17582, 15889
1695274985, 0, 0, 37, 0, 0, 6867.97, 3, 0, 0, 0.04, 2595, 1534, 6206.64, 17582, 15889
1695274986, 0, 0, 37, 0, 0, 6867.97, 3, 0, 0, 4.35, 2596, 1535, 6206.64, 17582, 15889
1695274986, 0, 0, 37, 0, 0, 6867.97, 3, 0, 0, 4.37, 2598, 1535, 6206.64, 17582, 15889
1695274986, 0, 0, 37, 0, 0, 6867.97, 3, 0, 0, 6.31, 2599, 1536, 6206.64, 17582, 15889
1695274987, 0, 0, 37, 0, 0, 6867.97, 3, 0, 0, 5.45, 2599, 1538, 6206.64, 17582, 15889
1695274987, 0, 0, 37, 0, 0, 6867.97, 3, 0, 0, 1.94, 2600, 1538, 6206.64, 17582, 15889
1695274988, 0, 0, 37, 0, 0, 6867.97, 3, 0, 0, 2.65, 2601, 1538, 6206.64, 17582, 15889
1695274988, 0, 0, 37, 0, 0, 6867.97, 3, 0, 0, 6.96, 2602, 1540, 6206.64, 17582, 15889
1695274989, 0, 0, 37, 0, 0, 6867.97, 3, 0, 0, 7.25, 2604, 1541, 6206.64, 17582, 15889
1695274989, 0, 0, 37, 0, 0, 6867.97, 3, 0, 0, 4.09, 2606, 1541, 6206.64, 17582, 15889
1695274989, 0, 0, 37, 0, 0, 6867.97, 3, 0, 0, 5.13, 2606, 1543, 6206.64, 17582, 15889
1695274990, 0, 0, 37, 0, 0, 6867.97, 3, 0, 0, 6.01, 2609, 1543, 6206.64, 17582, 15889
1695274990, 0, 0, 37, 0, 0, 6867.97, 3, 0, 0, 6.10, 2610, 1544, 6206.64, 17582, 15889
1695274991, 0, 0, 37, 0, 0, 6867.97, 3, 0, 0, 4.78, 2611, 1545, 6206.64, 17582, 15889
1695274991, 0, 0, 37, 0, 0, 6867.97, 3, 0, 0, 5.28, 2613, 1545, 6206.64, 17582, 15889
1695274991, 0, 0, 37, 0, 0, 6867.97, 3, 0, 0, 4.76, 2614, 1546, 6206.64, 17582, 15889
1695274992, 0, 0, 37, 0, 0, 6867.97, 3, 0, 0, 9.84, 2616, 1547, 6206.64, 17582, 15889
1695274992, 0, 0, 37, 0, 0, 6867.97, 3, 0, 0, 4.60, 2618, 1547, 6206.64, 17582, 15889
1695274993, 0, 0, 37, 0, 0, 6867.97, 3, 0, 0, 5.97, 2619, 1548, 6206.64, 17582, 15889
1695274993, 0, 0, 37, 0, 0, 6867.97, 3, 0, 0, 4.98, 2620, 1549, 6206.64, 17582, 15889
1695274993, 0, 0, 37, 0, 0, 6867.97, 3, 0, 0, 6.17, 2621, 1550, 6206.64, 17582, 15889
1695274994, 0, 0, 37, 0, 0, 6867.97, 3, 0, 0, 7.65, 2623, 1551, 6206.64, 17582, 15889
1695274994, 0, 0, 37, 0, 0, 6867.97, 3, 0, 0, 8.43, 2624, 1553, 6206.64, 17582, 15889
1695274994, 0, 0, 37, 0, 0, 6867.97, 3, 0, 0, 9.68, 2624, 1556, 6206.64, 17582, 15889
1695274995, 0, 0, 37, 0, 0, 6867.97, 3, 0, 0, 10.55, 2625, 1559, 6206.64, 17582, 15889
1695274995, 0, 0, 37, 0, 0, 6867.97, 3, 0, 0, 4.77, 2626, 1560, 6206.64, 17582, 15889
1695274996, 0, 0, 37, 0, 0, 6867.97, 3, 0, 0, 4.74, 2627, 1561, 6206.64, 17582, 15889
1695274996, 0, 0, 37, 0, 0, 6867.97, 3, 0, 0, 3.91, 2628, 1562, 6206.64, 17582, 15889
1695275004, 0, 0, 37, 0, 0, 6867.97, 3, 0, 0, 0.13, 2629, 1562, 6206.64, 17582, 15889
1695275004, 0, 0, 37, 0, 0, 6867.97, 3, 0, 0, 8.29, 2630, 1564, 6206.64, 17582, 15889
1695275018, 0, 0, 37, 0, 0, 6867.97, 3, 0, 0, 0.07, 2631, 1564, 6206.64, 17582, 15889
1695275024, 0, 0, 37, 0, 0, 6867.97, 3, 0, 0, 0.34, 2633, 1564, 6206.64, 17582, 15889
1695275024, 0, 0, 37, 0, 0, 6867.97, 3, 0, 0, 5.09, 2634, 1565, 6206.64, 17582, 15889
1695275025, 0, 0, 37, 0, 0, 6867.97, 3, 0, 0, 4.78, 2635, 1566, 6206.64, 17582, 15889
1695275031, 0, 0, 37, 0, 0, 6867.97, 3, 0, 0, 0.31, 2637, 1566, 6206.64, 17582, 15889
1695275032, 0, 0, 37, 0, 0, 6867.97, 3, 0, 0, 9.80, 2640, 1566, 6206.64, 17582, 15889
1695275032, 0, 0, 37, 0, 0, 6867.97, 3, 0, 0, 10.64, 2641, 1569, 6206.64, 17582, 15889
1695275032, 0, 0, 37, 0, 0, 6867.97, 3, 0, 0, 8.98, 2642, 1571, 6206.64, 17582, 15889
1695275033, 0, 0, 37, 0, 0, 6867.97, 3, 0, 0, 6.49, 2644, 1571, 6206.64, 17582, 15889
1695275040, 0, 0, 37, 0, 0, 6867.97, 3, 0, 0, 0.13, 2645, 1571, 6206.64, 17582, 15889
1695275041, 0, 0, 37, 0, 0, 6867.97, 3, 0, 0, 2.87, 2646, 1571, 6206.64, 17582, 15889
1695275041, 0, 0, 37, 0, 0, 6867.97, 3, 0, 0, 4.81, 2648, 1571, 6206.64, 17582, 15889
1695275042, 0, 0, 37, 0, 0, 6867.97, 3, 0, 0, 4.98, 2648, 1573, 6206.64, 17582, 15889
1695275042, 0, 0, 37, 0, 0, 6867.97, 3, 0, 0, 2.39, 2649, 1573, 6206.64, 17582, 15889
1695275050, 0, 0, 37, 0, 0, 6867.97, 3, 0, 0, 0.26, 2651, 1573, 6206.64, 17582, 15889
1695275050, 0, 0, 37, 0, 0, 6867.97, 3, 0, 0, 8.75, 2653, 1574, 6206.64, 17582, 15889
1695275050, 0, 0, 37, 0, 0, 6867.97, 3, 0, 0, 6.01, 2655, 1574, 6206.64, 17582, 15889
1695275051, 0, 0, 37, 0, 0, 6867.97, 3, 0, 0, 5.83, 2656, 1575, 6206.64, 17582, 15889
1695275056, 0, 0, 37, 0, 0, 6867.97, 3, 0, 0, 0.18, 2657, 1575, 6206.64, 17582, 15889
1695275057, 0, 0, 37, 0, 0, 6867.97, 3, 0, 0, 7.62, 2659, 1577, 6206.64, 17582, 15889
1695275057, 0, 0, 37, 0, 0, 6867.97, 3, 0, 0, 6.45, 2660, 1578, 6206.64, 17582, 15889
1695275057, 0, 0, 37, 0, 0, 6867.97, 3, 0, 0, 6.55, 2663, 1578, 6206.64, 17582, 15889
1695275064, 0, 0, 37, 0, 0, 6867.97, 3, 0, 0, 0.14, 2664, 1578, 6206.64, 17582, 15889
1695275065, 0, 0, 37, 0, 0, 6867.97, 3, 0, 0, 8.45, 2667, 1578, 6206.64, 17582, 15889
1695275071, 0, 0, 37, 0, 0, 6867.97, 3, 0, 0, 0.30, 2669, 1578, 6206.64, 17582, 15889
1695275072, 0, 0, 37, 0, 0, 6867.97, 3, 0, 0, 4.88, 2670, 1579, 6206.64, 17582, 15889
1695275077, 0, 0, 37, 0, 0, 6867.97, 3, 0, 0, 0.42, 2670, 1581, 6206.64, 17582, 15889
1695275077, 0, 0, 37, 0, 0, 6867.97, 3, 0, 0, 3.24, 2671, 1582, 6206.64, 17582, 15889
1695275078, 0, 0, 37, 0, 0, 6867.97, 3, 0, 0, 4.96, 2672, 1583, 6206.64, 17582, 15889
1695275078, 0, 0, 37, 0, 0, 6867.97, 3, 0, 0, 1.74, 2673, 1583, 6206.64, 17582, 15889
1695275079, 0, 0, 37, 0, 0, 6867.97, 3, 0, 0, 5.99, 2674, 1584, 6206.64, 17582, 15889
1695275079, 0, 0, 37, 0, 0, 6867.97, 3, 0, 0, 5.04, 2675, 1585, 6206.64, 17582, 15889
1695275079, 0, 0, 37, 0, 0, 6867.97, 3, 0, 0, 6.37, 2677, 1585, 6206.64, 17582, 15889
1695275085, 0, 0, 37, 0, 0, 6867.97, 3, 0, 0, 0.33, 2679, 1585, 6206.64, 17582, 15889
1695275093, 0, 0, 37, 0, 0, 6867.97, 3, 0, 0, 0.12, 2680, 1585, 6206.64, 17582, 15889
1695275094, 0, 0, 37, 0, 0, 6867.97, 3, 0, 0, 11.59, 2683, 1586, 6206.64, 17582, 15889
1695275100, 0, 0, 37, 0, 0, 6867.97, 3, 0, 0, 0.31, 2685, 1586, 6206.64, 17582, 15889
1695275110, 0, 0, 37, 0, 0, 6867.97, 3, 0, 0, 0.21, 2687, 1586, 6206.64, 17582, 15889
1695275110, 0, 0, 37, 0, 0, 6867.97, 3, 0, 0, 6.54, 2689, 1586, 6206.64, 17582, 15889
1695275110, 0, 0, 37, 0, 0, 6867.97, 3, 0, 0, 8.50, 2690, 1588, 6206.64, 17582, 15889
1695275116, 0, 0, 37, 0, 0, 6867.97, 3, 0, 0, 0.17, 2691, 1588, 6206.64, 17582, 15889
1695275117, 0, 0, 37, 0, 0, 6867.97, 3, 0, 0, 5.80, 2692, 1589, 6206.64, 17582, 15889
1695275117, 0, 0, 37, 0, 0, 6867.97, 3, 0, 0, 5.92, 2694, 1589, 6206.64, 17582, 15889
1695275117, 0, 0, 37, 0, 0, 6867.97, 3, 0, 0, 8.44, 2695, 1592, 6206.64, 17582, 15889
1695275118, 0, 0, 37, 0, 0, 6867.97, 3, 0, 0, 5.71, 2696, 1593, 6206.64, 17582, 15889
1695275118, 0, 0, 37, 0, 0, 6867.97, 3, 0, 0, 8.77, 2699, 1593, 6206.64, 17582, 15889
1695275119, 0, 0, 37, 0, 0, 6867.97, 3, 0, 0, 2.79, 2701, 1593, 6206.64, 17582, 15889
1695275119, 0, 0, 37, 0, 0, 6867.97, 3, 0, 0, 5.83, 2703, 1593, 6206.64, 17582, 15889
1695275119, 0, 0, 37, 0, 0, 6867.97, 3, 0, 0, 8.77, 2705, 1594, 6206.64, 17582, 15889
1695275120, 0, 0, 37, 0, 0, 6867.97, 3, 0, 0, 9.46, 2706, 1596, 6206.64, 17582, 15889
1695275125, 0, 0, 37, 0, 0, 6867.97, 3, 0, 0, 0.62, 2707, 1598, 6206.64, 17582, 15889
1695275125, 0, 0, 37, 0, 0, 6867.97, 3, 0, 0, 6.39, 2708, 1599, 6206.64, 17582, 15889
1695275132, 0, 0, 37, 0, 0, 6867.97, 3, 0, 0, 0.15, 2709, 1599, 6206.64, 17582, 15889
1695275132, 0, 0, 37, 0, 0, 6867.97, 3, 0, 0, 6.36, 2711, 1600, 6206.64, 17582, 15889
1695275133, 0, 0, 37, 0, 0, 6867.97, 3, 0, 0, 3.82, 2713, 1600, 6206.64, 17582, 15889
1695275133, 0, 0, 37, 0, 0, 6867.97, 3, 0, 0, 9.29, 2715, 1601, 6206.64, 17582, 15889
1695275133, 0, 0, 37, 0, 0, 6867.97, 3, 0, 0, 8.60, 2718, 1602, 6206.64, 17582, 15889
1695275134, 0, 0, 37, 0, 0, 6867.97, 3, 0, 0, 6.67, 2720, 1602, 6206.64, 17582, 15889
1695275138, 0, 0, 37, 0, 0, 6867.97, 3, 0, 0, 0.44, 2721, 1603, 6206.64, 17582, 15889
1695275138, 0, 0, 37, 0, 0, 6867.97, 3, 0, 0, 9.52, 2723, 1604, 6206.64, 17582, 15889
1695275139, 0, 0, 37, 0, 0, 6867.97, 3, 0, 0, 10.53, 2726, 1605, 6206.64, 17582, 15889
1695275144, 0, 0, 37, 0, 0, 6867.97, 3, 0, 0, 0.77, 2730, 1605, 6206.64, 17582, 15889
1695275145, 0, 0, 37, 0, 0, 6867.97, 3, 0, 0, 4.20, 2731, 1606, 6206.64, 17582, 15889
1695275145, 0, 0, 37, 0, 0, 6867.97, 3, 0, 0, 5.63, 2732, 1607, 6206.64, 17582, 15889
1695275151, 0, 0, 37, 0, 0, 6867.97, 3, 0, 0, 0.18, 2733, 1607, 6206.64, 17582, 15889
1695275151, 0, 0, 37, 0, 0, 6867.97, 3, 0, 0, 5.99, 2734, 1608, 6206.64, 17582, 15889
1695275151, 0, 0, 37, 0, 0, 6867.97, 3, 0, 0, 4.65, 2735, 1609, 6206.64, 17582, 15889
1695275152, 0, 0, 37, 0, 0, 6867.97, 3, 0, 0, 4.61, 2736, 1610, 6206.64, 17582, 15889
1695275152, 0, 0, 37, 0, 0, 6867.97, 3, 0, 0, 10.10, 2739, 1611, 6206.64, 17582, 15889
1695275153, 0, 0, 37, 0, 0, 6867.97, 3, 0, 0, 3.77, 2741, 1611, 6206.64, 17582, 15889
1695275159, 0, 0, 37, 0, 0, 6867.97, 3, 0, 0, 0.44, 2743, 1612, 6206.64, 17582, 15889
1695275169, 0, 0, 37, 0, 0, 6867.97, 3, 0, 0, 0.30, 2745, 1613, 6206.64, 17582, 15889
1695275170, 0, 0, 37, 0, 0, 6867.97, 3, 0, 0, 6.41, 2745, 1615, 6206.64, 17582, 15889
1695275170, 0, 0, 37, 0, 0, 6867.97, 3, 0, 0, 10.05, 2745, 1619, 6206.64, 17582, 15889
1695275178, 0, 0, 37, 0, 0, 6867.97, 3, 0, 0, 0.25, 2747, 1619, 6206.64, 17582, 15889
1695275178, 0, 0, 37, 0, 0, 6867.97, 3, 0, 0, 6.33, 2748, 1620, 6206.64, 17582, 15889
1695275179, 0, 0, 37, 0, 0, 6867.97, 3, 0, 0, 2.10, 2749, 1620, 6206.64, 17582, 15889
1695275179, 0, 0, 37, 0, 0, 6867.97, 3, 0, 0, 6.32, 2751, 1621, 6206.64, 17582, 15889
1695275180, 0, 0, 37, 0, 0, 6867.97, 3, 0, 0, 4.49, 2752, 1622, 6206.64, 17582, 15889
1695275180, 0, 0, 37, 0, 0, 6867.97, 3, 0, 0, 6.54, 2754, 1622, 6206.64, 17582, 15889
1695275181, 0, 0, 37, 0, 0, 6867.97, 3, 0, 0, 7.33, 2755, 1624, 6206.64, 17582, 15889
1695275181, 0, 0, 37, 0, 0, 6867.97, 3, 0, 0, 8.29, 2758, 1624, 6206.64, 17582, 15889
1695275181, 0, 0, 37, 0, 0, 6867.97, 3, 0, 0, 9.84, 2760, 1625, 6206.64, 17582, 15889
1695275182, 0, 0, 37, 0, 0, 6867.97, 3, 0, 0, 9.06, 2761, 1627, 6206.64, 17582, 15889
1695275188, 0, 0, 37, 0, 0, 6867.97, 3, 0, 0, 0.16, 2762, 1627, 6206.64, 17582, 15889
1695275188, 0, 0, 37, 0, 0, 6867.97, 3, 0, 0, 3.94, 2764, 1627, 6206.64, 17582, 15889
1695275189, 0, 0, 37, 0, 0, 6867.97, 3, 0, 0, 6.62, 2764, 1629, 6206.64, 17582, 15889
1695275189, 0, 0, 37, 0, 0, 6867.97, 3, 0, 0, 8.31, 2765, 1631, 6206.64, 17582, 15889
1695275198, 0, 0, 37, 0, 0, 6867.97, 3, 0, 0, 0.12, 2766, 1631, 6206.64, 17582, 15889
1695275198, 0, 0, 37, 0, 0, 6867.97, 3, 0, 0, 2.59, 2767, 1631, 6206.64, 17582, 15889
1695275198, 0, 0, 37, 0, 0, 6867.97, 3, 0, 0, 5.60, 2767, 1633, 6206.64, 17582, 15889
1695275199, 0, 0, 37, 0, 0, 6867.97, 3, 0, 0, 5.97, 2768, 1634, 6206.64, 17582, 15889
1695275199, 0, 0, 37, 0, 0, 6867.97, 3, 0, 0, 6.24, 2770, 1635, 6206.64, 17582, 15889
1695275200, 0, 0, 37, 0, 0, 6867.97, 3, 0, 0, 8.43, 2772, 1636, 6206.64, 17582, 15889
1695275206, 0, 0, 37, 0, 0, 6867.97, 3, 0, 0, 0.46, 2774, 1637, 6206.64, 17582, 15889
1695275213, 0, 0, 37, 0, 0, 6867.97, 3, 0, 0, 0.29, 2775, 1638, 6206.64, 17582, 15889
1695275213, 0, 0, 37, 0, 0, 6867.97, 3, 0, 0, 4.33, 2776, 1638, 6206.64, 17582, 15889
