# unix_time, cycles_done, cur_path, paths_total, pending_total, pending_favs, map_size, unique_crashes, unique_hangs, max_depth, execs_per_sec, valid_inputs, invalid_inputs, valid_cov, all_covered_probes, valid_covered_probes
1695025818, 0, 0, 1, 0, 0, 981.25, 0, 0, 0, 0.29, 0, 1, 0.00, 2512, 0
1695025818, 0, 0, 3, 0, 0, 1064.84, 0, 0, 0, 12.46, 1, 4, 461.33, 2726, 1181
1695025839, 0, 0, 8, 0, 0, 7551.17, 0, 0, 0, 0.38, 7, 6, 7062.50, 19331, 18080
1695025840, 0, 0, 9, 0, 0, 7776.95, 0, 0, 0, 2.00, 8, 6, 7288.28, 19909, 18658
1695025840, 0, 0, 14, 0, 0, 7816.02, 0, 0, 0, 12.85, 10, 9, 7291.02, 20009, 18665
1695025855, 0, 0, 15, 0, 0, 7906.64, 0, 0, 0, 0.26, 12, 11, 7381.64, 20241, 18897
1695025856, 0, 0, 15, 0, 0, 7906.64, 0, 0, 0, 5.78, 14, 11, 7381.64, 20241, 18897
1695025856, 0, 0, 15, 0, 0, 7906.64, 0, 0, 0, 26.23, 22, 11, 7381.64, 20241, 18897
1695025867, 0, 0, 15, 0, 0, 7906.64, 1, 0, 0, 0.85, 27, 15, 7381.64, 20241, 18897
1695025879, 0, 0, 17, 0, 0, 7916.80, 1, 0, 0, 0.56, 32, 17, 7391.80, 20267, 18923
1695025891, 0, 0, 17, 0, 0, 7916.80, 1, 0, 0, 0.60, 36, 20, 7391.80, 20267, 18923
1695025902, 0, 0, 18, 0, 0, 7923.44, 1, 0, 0, 0.44, 39, 22, 7398.44, 20284, 18940
1695025903, 0, 0, 19, 0, 0, 7985.55, 1, 0, 0, 7.69, 40, 25, 7398.44, 20443, 18940
1695025903, 0, 0, 20, 0, 0, 7992.19, 1, 0, 0, 48.54, 48, 32, 7398.44, 20460, 18940
1695025914, 0, 0, 20, 0, 0, 7992.19, 1, 0, 0, 0.77, 53, 35, 7398.44, 20460, 18940
1695025921, 0, 0, 21, 0, 0, 8126.56, 1, 0, 0, 0.54, 56, 36, 7532.81, 20804, 19284
1695025932, 0, 0, 21, 0, 0, 8126.56, 1, 0, 0, 0.29, 59, 36, 7532.81, 20804, 19284
1695025939, 0, 0, 21, 0, 0, 8126.56, 1, 0, 0, 0.53, 60, 39, 7532.81, 20804, 19284
1695025948, 0, 0, 22, 0, 0, 8129.30, 1, 0, 0, 0.81, 63, 43, 7532.81, 20811, 19284
1695025955, 0, 0, 22, 0, 0, 8129.30, 1, 0, 0, 0.41, 65, 44, 7532.81, 20811, 19284
1695025955, 0, 0, 22, 0, 0, 8129.30, 1, 0, 0, 33.33, 69, 50, 7532.81, 20811, 19284
1695025962, 0, 0, 22, 0, 0, 8129.30, 1, 0, 0, 0.58, 73, 50, 7532.81, 20811, 19284
1695025971, 0, 0, 22, 0, 0, 8129.30, 1, 0, 0, 0.23, 74, 51, 7532.81, 20811, 19284
1695025979, 0, 0, 22, 0, 0, 8129.30, 1, 0, 0, 0.65, 76, 54, 7532.81, 20811, 19284
1695025986, 0, 0, 22, 0, 0, 8129.30, 1, 0, 0, 0.28, 78, 54, 7532.81, 20811, 19284
1695025993, 0, 0, 22, 0, 0, 8129.30, 1, 0, 0, 0.14, 79, 54, 7532.81, 20811, 19284
1695025994, 0, 0, 22, 0, 0, 8129.30, 1, 0, 0, 45.09, 90, 60, 7532.81, 20811, 19284
1695026002, 0, 0, 22, 0, 0, 8129.30, 1, 0, 0, 0.38, 93, 60, 7532.81, 20811, 19284
1695026009, 0, 0, 22, 0, 0, 8129.30, 1, 0, 0, 0.26, 95, 60, 7532.81, 20811, 19284
1695026018, 0, 0, 22, 0, 0, 8129.30, 1, 0, 0, 1.54, 105, 64, 7532.81, 20811, 19284
1695026026, 0, 0, 23, 0, 0, 8156.25, 1, 0, 0, 0.13, 106, 64, 7559.77, 20880, 19353
1695026027, 0, 0, 23, 0, 0, 8156.25, 1, 0, 0, 75.16, 119, 74, 7559.77, 20880, 19353
1695026035, 0, 0, 23, 0, 0, 8156.25, 1, 0, 0, 0.73, 122, 77, 7559.77, 20880, 19353
1695026043, 0, 0, 23, 0, 0, 8156.25, 1, 0, 0, 1.94, 130, 84, 7559.77, 20880, 19353
1695026051, 0, 0, 23, 0, 0, 8156.25, 1, 0, 0, 0.12, 131, 84, 7559.77, 20880, 19353
1695026059, 0, 0, 23, 0, 0, 8156.25, 1, 0, 0, 2.17, 144, 89, 7559.77, 20880, 19353
1695026067, 0, 0, 23, 0, 0, 8156.25, 1, 0, 0, 1.65, 155, 91, 7559.77, 20880, 19353
1695026074, 0, 0, 23, 0, 0, 8156.25, 1, 0, 0, 0.27, 157, 91, 7559.77, 20880, 19353
1695026075, 0, 0, 23, 0, 0, 8156.25, 1, 0, 0, 29.41, 162, 95, 7559.77, 20880, 19353
1695026080, 0, 0, 23, 0, 0, 8156.25, 2, 0, 0, 3.59, 173, 103, 7559.77, 20880, 19353
1695026089, 0, 0, 24, 0, 0, 8157.03, 2, 0, 0, 0.55, 175, 106, 7559.77, 20882, 19353
1695026098, 0, 0, 24, 0, 0, 8157.03, 2, 0, 0, 1.53, 181, 113, 7559.77, 20882, 19353
1695026105, 0, 0, 24, 0, 0, 8157.03, 2, 0, 0, 0.83, 185, 115, 7559.77, 20882, 19353
1695026112, 0, 0, 24, 0, 0, 8157.03, 2, 0, 0, 0.15, 186, 115, 7559.77, 20882, 19353
1695026118, 0, 0, 24, 0, 0, 8157.03, 2, 0, 0, 1.34, 193, 116, 7559.77, 20882, 19353
1695026126, 0, 0, 24, 0, 0, 8157.03, 2, 0, 0, 0.34, 196, 116, 7559.77, 20882, 19353
1695026134, 0, 0, 24, 0, 0, 8157.03, 2, 0, 0, 0.66, 201, 116, 7559.77, 20882, 19353
1695026140, 0, 0, 24, 0, 0, 8157.03, 3, 0, 0, 2.47, 212, 121, 7559.77, 20882, 19353
1695026149, 0, 0, 24, 0, 0, 8157.03, 3, 0, 0, 0.82, 217, 123, 7559.77, 20882, 19353
1695026157, 0, 0, 24, 0, 0, 8157.03, 3, 0, 0, 0.12, 218, 123, 7559.77, 20882, 19353
1695026164, 0, 0, 24, 0, 0, 8157.03, 3, 0, 0, 1.25, 223, 126, 7559.77, 20882, 19353
1695026171, 0, 0, 25, 0, 0, 8173.05, 3, 0, 0, 0.89, 228, 127, 7575.78, 20923, 19394
1695026179, 0, 0, 25, 0, 0, 8173.05, 3, 0, 0, 0.25, 229, 128, 7575.78, 20923, 19394
1695026186, 0, 0, 25, 0, 0, 8173.05, 3, 0, 0, 0.39, 232, 128, 7575.78, 20923, 19394
1695026194, 0, 0, 25, 0, 0, 8173.05, 3, 0, 0, 0.99, 237, 131, 7575.78, 20923, 19394
1695026204, 0, 0, 26, 0, 0, 8211.33, 3, 0, 0, 1.51, 241, 141, 7614.06, 21021, 19492
1695026211, 0, 0, 26, 0, 0, 8211.33, 3, 0, 0, 0.90, 244, 145, 7614.06, 21021, 19492
1695026212, 0, 0, 26, 0, 0, 8211.33, 3, 0, 0, 34.09, 250, 151, 7614.06, 21021, 19492
1695026223, 0, 0, 26, 0, 0, 8211.33, 3, 0, 0, 1.00, 256, 156, 7614.06, 21021, 19492
1695026231, 0, 0, 26, 0, 0, 8211.33, 3, 0, 0, 0.12, 257, 156, 7614.06, 21021, 19492
1695026231, 0, 0, 26, 0, 0, 8211.33, 3, 0, 0, 96.35, 275, 167, 7614.06, 21021, 19492
1695026232, 0, 0, 26, 0, 0, 8211.33, 3, 0, 0, 38.59, 283, 171, 7614.06, 21021, 19492
1695026239, 0, 0, 26, 0, 0, 8211.33, 3, 0, 0, 0.59, 287, 171, 7614.06, 21021, 19492
1695026247, 0, 0, 26, 0, 0, 8211.33, 3, 0, 0, 1.61, 294, 177, 7614.06, 21021, 19492
1695026256, 0, 0, 26, 0, 0, 8211.33, 3, 0, 0, 0.10, 295, 177, 7614.06, 21021, 19492
1695026257, 0, 0, 26, 0, 0, 8211.33, 3, 0, 0, 61.49, 308, 183, 7614.06, 21021, 19492
1695026266, 0, 0, 26, 0, 0, 8211.33, 3, 0, 0, 1.08, 312, 189, 7614.06, 21021, 19492
1695026275, 0, 0, 26, 0, 0, 8211.33, 3, 0, 0, 0.68, 315, 192, 7614.06, 21021, 19492
1695026285, 0, 0, 26, 0, 0, 8211.33, 3, 0, 0, 0.09, 316, 192, 7614.06, 21021, 19492
1695026298, 0, 0, 26, 0, 0, 8211.33, 3, 0, 0, 0.91, 325, 195, 7614.06, 21021, 19492
1695026306, 0, 0, 26, 0, 0, 8211.33, 3, 0, 0, 0.53, 329, 195, 7614.06, 21021, 19492
1695026317, 0, 0, 26, 0, 0, 8211.33, 3, 0, 0, 0.18, 330, 196, 7614.06, 21021, 19492
1695026323, 0, 0, 26, 0, 0, 8211.33, 3, 0, 0, 1.89, 339, 199, 7614.06, 21021, 19492
1695026331, 0, 0, 26, 0, 0, 8211.33, 3, 0, 0, 0.79, 343, 201, 7614.06, 21021, 19492
1695026339, 0, 0, 26, 0, 0, 8211.33, 3, 0, 0, 2.95, 358, 209, 7614.06, 21021, 19492
1695026345, 0, 0, 27, 0, 0, 8212.11, 3, 0, 0, 2.12, 363, 218, 7614.84, 21023, 19494
1695026353, 0, 0, 27, 0, 0, 8212.11, 3, 0, 0, 0.26, 364, 219, 7614.84, 21023, 19494
1695026361, 0, 0, 27, 0, 0, 8212.11, 3, 0, 0, 1.42, 371, 223, 7614.84, 21023, 19494
1695026369, 0, 0, 27, 0, 0, 8212.11, 3, 0, 0, 0.25, 373, 223, 7614.84, 21023, 19494
1695026375, 0, 0, 27, 0, 0, 8212.11, 3, 0, 0, 0.76, 377, 224, 7614.84, 21023, 19494
1695026385, 0, 0, 27, 0, 0, 8212.11, 3, 0, 0, 1.93, 389, 231, 7614.84, 21023, 19494
1695026386, 0, 0, 27, 0, 0, 8212.11, 3, 0, 0, 38.96, 397, 235, 7614.84, 21023, 19494
1695026394, 0, 0, 27, 0, 0, 8212.11, 3, 0, 0, 1.09, 402, 239, 7614.84, 21023, 19494
1695026405, 0, 0, 27, 0, 0, 8212.11, 3, 0, 0, 0.18, 404, 239, 7614.84, 21023, 19494
1695026413, 0, 0, 28, 0, 0, 8212.50, 3, 0, 0, 0.72, 408, 241, 7615.23, 21024, 19495
1695026413, 0, 0, 28, 0, 0, 8212.50, 3, 0, 0, 11.42, 412, 242, 7615.23, 21024, 19495
1695026424, 0, 0, 28, 0, 0, 8212.50, 3, 0, 0, 0.10, 413, 242, 7615.23, 21024, 19495
1695026432, 0, 0, 28, 0, 0, 8212.50, 3, 0, 0, 0.13, 414, 242, 7615.23, 21024, 19495
1695026432, 0, 0, 28, 0, 0, 8212.50, 3, 0, 0, 2.67, 414, 243, 7615.23, 21024, 19495
1695026481, 0, 0, 28, 0, 0, 8212.50, 3, 0, 0, 0.16, 418, 247, 7615.23, 21024, 19495
1695026488, 0, 0, 28, 0, 0, 8212.50, 3, 0, 0, 1.29, 423, 251, 7615.23, 21024, 19495
1695026497, 0, 0, 28, 0, 0, 8212.50, 3, 0, 0, 0.79, 426, 255, 7615.23, 21024, 19495
1695026517, 0, 0, 28, 0, 0, 8212.50, 3, 0, 0, 0.05, 427, 255, 7615.23, 21024, 19495
1695026522, 0, 0, 28, 0, 0, 8212.50, 3, 0, 0, 0.86, 431, 256, 7615.23, 21024, 19495
1695026530, 0, 0, 28, 0, 0, 8212.50, 3, 0, 0, 0.14, 432, 256, 7615.23, 21024, 19495
1695026539, 0, 0, 28, 0, 0, 8212.50, 3, 0, 0, 0.22, 433, 257, 7615.23, 21024, 19495
1695026547, 0, 0, 28, 0, 0, 8212.50, 3, 0, 0, 0.87, 438, 259, 7615.23, 21024, 19495
1695026556, 0, 0, 28, 0, 0, 8212.50, 3, 0, 0, 0.33, 439, 261, 7615.23, 21024, 19495
1695026565, 0, 0, 28, 0, 0, 8212.50, 3, 0, 0, 0.86, 444, 264, 7615.23, 21024, 19495
1695026573, 0, 0, 28, 0, 0, 8212.50, 3, 0, 0, 0.13, 445, 264, 7615.23, 21024, 19495
1695026581, 0, 0, 29, 0, 0, 8217.97, 3, 0, 0, 1.61, 452, 270, 7620.70, 21038, 19509
1695026581, 0, 0, 29, 0, 0, 8217.97, 3, 0, 0, 50.16, 462, 276, 7620.70, 21038, 19509
1695026590, 0, 0, 29, 0, 0, 8217.97, 3, 0, 0, 0.36, 465, 276, 7620.70, 21038, 19509
1695026597, 0, 0, 29, 0, 0, 8217.97, 3, 0, 0, 0.90, 470, 278, 7620.70, 21038, 19509
1695026607, 0, 0, 29, 0, 0, 8217.97, 3, 0, 0, 0.40, 472, 280, 7620.70, 21038, 19509
1695026615, 0, 0, 29, 0, 0, 8217.97, 3, 0, 0, 0.75, 476, 282, 7620.70, 21038, 19509
1695026627, 0, 0, 29, 0, 0, 8217.97, 3, 0, 0, 0.51, 480, 284, 7620.70, 21038, 19509
1695026634, 0, 0, 29, 0, 0, 8217.97, 3, 0, 0, 0.90, 484, 286, 7620.70, 21038, 19509
1695026639, 0, 0, 29, 0, 0, 8217.97, 3, 0, 0, 0.18, 485, 286, 7620.70, 21038, 19509
1695026647, 0, 0, 29, 0, 0, 8217.97, 3, 0, 0, 0.39, 486, 288, 7620.70, 21038, 19509
1695026657, 0, 0, 30, 0, 0, 8218.75, 3, 0, 0, 0.83, 491, 291, 7621.48, 21040, 19511
1695026665, 0, 0, 30, 0, 0, 8218.75, 3, 0, 0, 0.22, 493, 291, 7621.48, 21040, 19511
1695026685, 0, 0, 30, 0, 0, 8218.75, 3, 0, 0, 0.05, 494, 291, 7621.48, 21040, 19511
1695026693, 0, 0, 30, 0, 0, 8218.75, 3, 0, 0, 1.08, 498, 295, 7621.48, 21040, 19511
1695026699, 0, 0, 30, 0, 0, 8218.75, 3, 0, 0, 0.47, 501, 295, 7621.48, 21040, 19511
1695026699, 0, 0, 30, 0, 0, 8218.75, 3, 0, 0, 32.26, 505, 301, 7621.48, 21040, 19511
1695026717, 0, 0, 31, 0, 0, 8220.70, 3, 0, 0, 0.23, 508, 302, 7623.44, 21045, 19516
1695026727, 0, 0, 31, 0, 0, 8220.70, 3, 0, 0, 1.25, 516, 306, 7623.44, 21045, 19516
1695026735, 0, 0, 31, 0, 0, 8220.70, 3, 0, 0, 0.39, 517, 308, 7623.44, 21045, 19516
1695026735, 0, 0, 31, 0, 0, 8220.70, 3, 0, 0, 56.05, 531, 313, 7623.44, 21045, 19516
1695026742, 0, 0, 31, 0, 0, 8220.70, 3, 0, 0, 0.54, 535, 313, 7623.44, 21045, 19516
1695026748, 0, 0, 31, 0, 0, 8220.70, 3, 0, 0, 0.17, 535, 314, 7623.44, 21045, 19516
1695026758, 0, 0, 31, 0, 0, 8220.70, 3, 0, 0, 0.10, 536, 314, 7623.44, 21045, 19516
1695026770, 0, 0, 31, 0, 0, 8220.70, 3, 0, 0, 0.08, 537, 314, 7623.44, 21045, 19516
1695026781, 0, 0, 31, 0, 0, 8220.70, 3, 0, 0, 0.09, 538, 314, 7623.44, 21045, 19516
1695026789, 0, 0, 31, 0, 0, 8220.70, 3, 0, 0, 1.77, 547, 318, 7623.44, 21045, 19516
1695026789, 0, 0, 31, 0, 0, 8220.70, 3, 0, 0, 48.70, 557, 323, 7623.44, 21045, 19516
1695026797, 0, 0, 31, 0, 0, 8220.70, 3, 0, 0, 0.64, 562, 323, 7623.44, 21045, 19516
1695026804, 0, 0, 31, 0, 0, 8220.70, 3, 0, 0, 0.91, 566, 326, 7623.44, 21045, 19516
1695026809, 0, 0, 31, 0, 0, 8220.70, 3, 0, 0, 1.08, 567, 330, 7623.44, 21045, 19516
1695026809, 0, 0, 31, 0, 0, 8220.70, 3, 0, 0, 35.83, 572, 336, 7623.44, 21045, 19516
1695026816, 0, 0, 31, 0, 0, 8220.70, 3, 0, 0, 0.60, 576, 336, 7623.44, 21045, 19516
1695026816, 0, 0, 31, 0, 0, 8220.70, 3, 0, 0, 61.89, 583, 348, 7623.44, 21045, 19516
1695026824, 0, 0, 31, 0, 0, 8220.70, 3, 0, 0, 0.86, 588, 350, 7623.44, 21045, 19516
1695026834, 0, 0, 31, 0, 0, 8220.70, 3, 0, 0, 0.44, 589, 353, 7623.44, 21045, 19516
1695026834, 0, 0, 31, 0, 0, 8220.70, 3, 0, 0, 47.02, 595, 362, 7623.44, 21045, 19516
1695026844, 0, 0, 31, 0, 0, 8220.70, 3, 0, 0, 0.10, 596, 362, 7623.44, 21045, 19516
1695026851, 0, 0, 31, 0, 0, 8220.70, 3, 0, 0, 0.96, 599, 366, 7623.44, 21045, 19516
1695026851, 0, 0, 31, 0, 0, 8220.70, 3, 0, 0, 22.10, 604, 369, 7623.44, 21045, 19516
1695026857, 0, 0, 31, 0, 0, 8220.70, 3, 0, 0, 1.12, 608, 372, 7623.44, 21045, 19516
1695026867, 0, 0, 31, 0, 0, 8220.70, 3, 0, 0, 1.48, 615, 379, 7623.44, 21045, 19516
1695026875, 0, 0, 31, 0, 0, 8220.70, 3, 0, 0, 0.90, 619, 382, 7623.44, 21045, 19516
1695026882, 0, 0, 31, 0, 0, 8220.70, 3, 0, 0, 0.52, 621, 384, 7623.44, 21045, 19516
1695026883, 0, 0, 31, 0, 0, 8220.70, 3, 0, 0, 19.11, 625, 386, 7623.44, 21045, 19516
1695026890, 0, 0, 31, 0, 0, 8220.70, 3, 0, 0, 0.53, 629, 386, 7623.44, 21045, 19516
1695026899, 0, 0, 31, 0, 0, 8220.70, 3, 0, 0, 1.21, 635, 391, 7623.44, 21045, 19516
1695026936, 0, 0, 31, 0, 0, 8220.70, 3, 0, 0, 0.03, 636, 391, 7623.44, 21045, 19516
1695026944, 0, 0, 31, 0, 0, 8220.70, 3, 0, 0, 1.48, 644, 395, 7623.44, 21045, 19516
1695026953, 0, 0, 31, 0, 0, 8220.70, 3, 0, 0, 0.80, 649, 397, 7623.44, 21045, 19516
1695026963, 0, 0, 31, 0, 0, 8220.70, 3, 0, 0, 0.49, 651, 400, 7623.44, 21045, 19516
1695026971, 0, 0, 32, 0, 0, 8223.83, 3, 0, 0, 0.38, 654, 400, 7626.56, 21053, 19524
1695026971, 0, 0, 32, 0, 0, 8223.83, 3, 0, 0, 39.60, 663, 403, 7626.56, 21053, 19524
1695026982, 0, 0, 32, 0, 0, 8223.83, 3, 0, 0, 0.75, 666, 408, 7626.56, 21053, 19524
1695026989, 0, 0, 32, 0, 0, 8223.83, 3, 0, 0, 0.28, 668, 408, 7626.56, 21053, 19524
1695026996, 0, 0, 32, 0, 0, 8223.83, 3, 0, 0, 1.05, 671, 413, 7626.56, 21053, 19524
1695027004, 0, 0, 32, 0, 0, 8223.83, 3, 0, 0, 0.14, 672, 413, 7626.56, 21053, 19524
1695027039, 0, 0, 32, 0, 0, 8223.83, 3, 0, 0, 0.31, 679, 417, 7626.56, 21053, 19524
1695027052, 0, 0, 32, 0, 0, 8223.83, 3, 0, 0, 0.84, 685, 422, 7626.56, 21053, 19524
1695027060, 0, 0, 32, 0, 0, 8223.83, 3, 0, 0, 0.81, 688, 425, 7626.56, 21053, 19524
1695027071, 0, 0, 32, 0, 0, 8223.83, 3, 0, 0, 0.28, 689, 427, 7626.56, 21053, 19524
1695027079, 0, 0, 32, 0, 0, 8223.83, 3, 0, 0, 1.50, 695, 434, 7626.56, 21053, 19524
1695027086, 0, 0, 32, 0, 0, 8223.83, 3, 0, 0, 0.43, 696, 436, 7626.56, 21053, 19524
1695027087, 0, 0, 32, 0, 0, 8223.83, 3, 0, 0, 7.73, 697, 438, 7626.56, 21053, 19524
1695027101, 0, 0, 32, 0, 0, 8223.83, 3, 0, 0, 0.14, 698, 439, 7626.56, 21053, 19524
1695027102, 0, 0, 32, 0, 0, 8223.83, 3, 0, 0, 35.95, 704, 444, 7626.56, 21053, 19524
1695027108, 0, 0, 32, 0, 0, 8223.83, 3, 0, 0, 1.12, 710, 445, 7626.56, 21053, 19524
1695027108, 0, 0, 32, 0, 0, 8223.83, 3, 0, 0, 29.13, 717, 447, 7626.56, 21053, 19524
1695027118, 0, 0, 32, 0, 0, 8223.83, 3, 0, 0, 0.21, 718, 448, 7626.56, 21053, 19524
1695027126, 0, 0, 32, 0, 0, 8223.83, 3, 0, 0, 0.77, 723, 449, 7626.56, 21053, 19524
1695027133, 0, 0, 32, 0, 0, 8223.83, 3, 0, 0, 0.29, 724, 450, 7626.56, 21053, 19524
1695027133, 0, 0, 32, 0, 0, 8223.83, 3, 0, 0, 33.54, 730, 455, 7626.56, 21053, 19524
1695027133, 0, 0, 32, 0, 0, 8223.83, 3, 0, 0, 30.03, 735, 460, 7626.56, 21053, 19524
1695027141, 0, 0, 32, 0, 0, 8223.83, 3, 0, 0, 0.80, 738, 463, 7626.56, 21053, 19524
1695027147, 0, 0, 32, 0, 0, 8223.83, 3, 0, 0, 0.15, 739, 463, 7626.56, 21053, 19524
1695027154, 0, 0, 32, 0, 0, 8223.83, 3, 0, 0, 0.48, 742, 463, 7626.56, 21053, 19524
1695027154, 0, 0, 32, 0, 0, 8223.83, 3, 0, 0, 40.75, 750, 468, 7626.56, 21053, 19524
1695027164, 0, 0, 32, 0, 0, 8223.83, 3, 0, 0, 1.13, 758, 471, 7626.56, 21053, 19524
1695027173, 0, 0, 32, 0, 0, 8223.83, 3, 0, 0, 0.11, 759, 471, 7626.56, 21053, 19524
1695027182, 0, 0, 32, 0, 0, 8223.83, 3, 0, 0, 1.58, 768, 477, 7626.56, 21053, 19524
1695027191, 0, 0, 32, 0, 0, 8223.83, 3, 0, 0, 0.56, 771, 479, 7626.56, 21053, 19524
1695027197, 0, 0, 32, 0, 0, 8223.83, 3, 0, 0, 0.33, 773, 479, 7626.56, 21053, 19524
1695027198, 0, 0, 32, 0, 0, 8223.83, 3, 0, 0, 23.26, 779, 480, 7626.56, 21053, 19524
1695027198, 0, 0, 32, 0, 0, 8223.83, 3, 0, 0, 15.15, 781, 483, 7626.56, 21053, 19524
1695027204, 0, 0, 32, 0, 0, 8223.83, 3, 0, 0, 0.16, 782, 483, 7626.56, 21053, 19524
1695027212, 0, 0, 32, 0, 0, 8223.83, 3, 0, 0, 0.13, 783, 483, 7626.56, 21053, 19524
1695027220, 0, 0, 32, 0, 0, 8223.83, 3, 0, 0, 0.51, 787, 483, 7626.56, 21053, 19524
1695027227, 0, 0, 32, 0, 0, 8223.83, 3, 0, 0, 1.24, 792, 487, 7626.56, 21053, 19524
1695027239, 0, 0, 32, 0, 0, 8223.83, 3, 0, 0, 0.77, 796, 492, 7626.56, 21053, 19524
1695027246, 0, 0, 32, 0, 0, 8223.83, 3, 0, 0, 0.62, 799, 493, 7626.56, 21053, 19524
1695027254, 0, 0, 32, 0, 0, 8223.83, 3, 0, 0, 0.68, 803, 495, 7626.56, 21053, 19524
1695027263, 0, 0, 32, 0, 0, 8223.83, 3, 0, 0, 1.54, 808, 504, 7626.56, 21053, 19524
1695027264, 0, 0, 32, 0, 0, 8223.83, 3, 0, 0, 27.36, 811, 510, 7626.56, 21053, 19524
1695027270, 0, 0, 32, 0, 0, 8223.83, 3, 0, 0, 1.36, 818, 512, 7626.56, 21053, 19524
1695027271, 0, 0, 32, 0, 0, 8223.83, 3, 0, 0, 49.72, 828, 520, 7626.56, 21053, 19524
1695027278, 0, 0, 32, 0, 0, 8223.83, 3, 0, 0, 0.14, 829, 520, 7626.56, 21053, 19524
1695027283, 0, 0, 32, 0, 0, 8223.83, 3, 0, 0, 0.64, 832, 520, 7626.56, 21053, 19524
1695027283, 0, 0, 32, 0, 0, 8223.83, 3, 0, 0, 8.96, 835, 520, 7626.56, 21053, 19524
1695027283, 0, 0, 32, 0, 0, 8223.83, 3, 0, 0, 35.60, 838, 528, 7626.56, 21053, 19524
1695027291, 0, 0, 32, 0, 0, 8223.83, 3, 0, 0, 0.81, 841, 531, 7626.56, 21053, 19524
1695027298, 0, 0, 32, 0, 0, 8223.83, 3, 0, 0, 0.27, 842, 532, 7626.56, 21053, 19524
1695027305, 0, 0, 32, 0, 0, 8223.83, 3, 0, 0, 0.74, 844, 535, 7626.56, 21053, 19524
1695027312, 0, 0, 32, 0, 0, 8223.83, 3, 0, 0, 0.87, 847, 538, 7626.56, 21053, 19524
1695027319, 0, 0, 32, 0, 0, 8223.83, 3, 0, 0, 0.13, 848, 538, 7626.56, 21053, 19524
1695027327, 0, 0, 32, 0, 0, 8223.83, 3, 0, 0, 0.80, 853, 539, 7626.56, 21053, 19524
1695027334, 0, 0, 32, 0, 0, 8223.83, 3, 0, 0, 0.67, 856, 541, 7626.56, 21053, 19524
1695027342, 0, 0, 32, 0, 0, 8223.83, 3, 0, 0, 0.40, 857, 543, 7626.56, 21053, 19524
1695027342, 0, 0, 32, 0, 0, 8223.83, 3, 0, 0, 30.49, 863, 547, 7626.56, 21053, 19524
1695027342, 0, 0, 32, 0, 0, 8223.83, 3, 0, 0, 23.33, 865, 552, 7626.56, 21053, 19524
1695027350, 0, 0, 32, 0, 0, 8223.83, 3, 0, 0, 0.92, 868, 556, 7626.56, 21053, 19524
1695027360, 0, 0, 32, 0, 0, 8223.83, 3, 0, 0, 0.20, 869, 557, 7626.56, 21053, 19524
1695027368, 0, 0, 32, 0, 0, 8223.83, 3, 0, 0, 0.76, 874, 558, 7626.56, 21053, 19524
1695027368, 0, 0, 32, 0, 0, 8223.83, 3, 0, 0, 19.48, 877, 561, 7626.56, 21053, 19524
1695027375, 0, 0, 32, 0, 0, 8223.83, 3, 0, 0, 1.16, 881, 565, 7626.56, 21053, 19524
1695027376, 0, 0, 32, 0, 0, 8223.83, 3, 0, 0, 39.34, 887, 571, 7626.56, 21053, 19524
1695027385, 0, 0, 32, 0, 0, 8223.83, 3, 0, 0, 0.22, 889, 571, 7626.56, 21053, 19524
1695027392, 0, 0, 32, 0, 0, 8223.83, 3, 0, 0, 0.26, 890, 572, 7626.56, 21053, 19524
1695027393, 0, 0, 32, 0, 0, 8223.83, 3, 0, 0, 10.96, 891, 575, 7626.56, 21053, 19524
1695027393, 0, 0, 32, 0, 0, 8223.83, 3, 0, 0, 19.93, 896, 576, 7626.56, 21053, 19524
1695027393, 0, 0, 32, 0, 0, 8223.83, 3, 0, 0, 12.54, 897, 579, 7626.56, 21053, 19524
1695027394, 0, 0, 32, 0, 0, 8223.83, 3, 0, 0, 22.88, 902, 581, 7626.56, 21053, 19524
1695027394, 0, 0, 32, 0, 0, 8223.83, 3, 0, 0, 15.15, 904, 584, 7626.56, 21053, 19524
1695027402, 0, 0, 32, 0, 0, 8223.83, 3, 0, 0, 0.53, 907, 585, 7626.56, 21053, 19524
1695027402, 0, 0, 32, 0, 0, 8223.83, 3, 0, 0, 18.92, 914, 585, 7626.56, 21053, 19524
1695027402, 0, 0, 32, 0, 0, 8223.83, 3, 0, 0, 15.92, 916, 588, 7626.56, 21053, 19524
1695027410, 0, 0, 32, 0, 0, 8223.83, 3, 0, 0, 0.13, 917, 588, 7626.56, 21053, 19524
1695027410, 0, 0, 32, 0, 0, 8223.83, 3, 0, 0, 12.58, 918, 591, 7626.56, 21053, 19524
1695027418, 0, 0, 32, 0, 0, 8223.83, 3, 0, 0, 0.78, 922, 593, 7626.56, 21053, 19524
1695027418, 0, 0, 32, 0, 0, 8223.83, 3, 0, 0, 23.26, 926, 596, 7626.56, 21053, 19524
1695027431, 0, 0, 32, 0, 0, 8223.83, 3, 0, 0, 0.16, 928, 596, 7626.56, 21053, 19524
1695027440, 0, 0, 32, 0, 0, 8223.83, 3, 0, 0, 0.22, 930, 596, 7626.56, 21053, 19524
1695027441, 0, 0, 32, 0, 0, 8223.83, 3, 0, 0, 20.59, 934, 601, 7626.56, 21053, 19524
1695027441, 0, 0, 32, 0, 0, 8223.83, 3, 0, 0, 19.35, 937, 604, 7626.56, 21053, 19524
1695027450, 0, 0, 32, 0, 0, 8223.83, 3, 0, 0, 0.44, 941, 604, 7626.56, 21053, 19524
1695027455, 0, 0, 32, 0, 0, 8223.83, 3, 0, 0, 1.31, 945, 606, 7626.56, 21053, 19524
1695027455, 0, 0, 32, 0, 0, 8223.83, 3, 0, 0, 16.45, 947, 609, 7626.56, 21053, 19524
1695027462, 0, 0, 32, 0, 0, 8223.83, 3, 0, 0, 0.72, 951, 610, 7626.56, 21053, 19524
1695027470, 0, 0, 32, 0, 0, 8223.83, 3, 0, 0, 0.51, 953, 612, 7626.56, 21053, 19524
1695027478, 0, 0, 32, 0, 0, 8223.83, 3, 0, 0, 0.51, 955, 614, 7626.56, 21053, 19524
1695027488, 0, 0, 32, 0, 0, 8223.83, 3, 0, 0, 0.20, 956, 615, 7626.56, 21053, 19524
1695027488, 0, 0, 32, 0, 0, 8223.83, 3, 0, 0, 23.74, 960, 619, 7626.56, 21053, 19524
1695027495, 0, 0, 32, 0, 0, 8223.83, 3, 0, 0, 0.43, 962, 620, 7626.56, 21053, 19524
1695027495, 0, 0, 32, 0, 0, 8223.83, 3, 0, 0, 13.03, 964, 622, 7626.56, 21053, 19524
1695027501, 0, 0, 32, 0, 0, 8223.83, 3, 0, 0, 0.57, 965, 624, 7626.56, 21053, 19524
1695027501, 0, 0, 32, 0, 0, 8223.83, 3, 0, 0, 18.52, 971, 624, 7626.56, 21053, 19524
1695027509, 0, 0, 32, 0, 0, 8223.83, 3, 0, 0, 0.60, 972, 628, 7626.56, 21053, 19524
1695027524, 0, 0, 32, 0, 0, 8223.83, 3, 0, 0, 0.41, 975, 631, 7626.56, 21053, 19524
1695027531, 0, 0, 32, 0, 0, 8223.83, 3, 0, 0, 0.15, 976, 631, 7626.56, 21053, 19524
1695027537, 0, 0, 32, 0, 0, 8223.83, 3, 0, 0, 0.16, 977, 631, 7626.56, 21053, 19524
1695027544, 0, 0, 32, 0, 0, 8223.83, 3, 0, 0, 0.14, 978, 631, 7626.56, 21053, 19524
1695027544, 0, 0, 32, 0, 0, 8223.83, 3, 0, 0, 26.88, 985, 634, 7626.56, 21053, 19524
1695027544, 0, 0, 32, 0, 0, 8223.83, 3, 0, 0, 19.48, 989, 636, 7626.56, 21053, 19524
1695027553, 0, 0, 32, 0, 0, 8223.83, 3, 0, 0, 0.46, 991, 638, 7626.56, 21053, 19524
1695027553, 0, 0, 32, 0, 0, 8223.83, 3, 0, 0, 17.49, 995, 640, 7626.56, 21053, 19524
1695027560, 0, 0, 32, 0, 0, 8223.83, 3, 0, 0, 0.44, 998, 640, 7626.56, 21053, 19524
1695027560, 0, 0, 32, 0, 0, 8223.83, 3, 0, 0, 29.32, 1002, 645, 7626.56, 21053, 19524
1695027567, 0, 0, 32, 0, 0, 8223.83, 3, 0, 0, 0.15, 1003, 645, 7626.56, 21053, 19524
1695027578, 0, 0, 33, 0, 0, 8224.61, 3, 0, 0, 0.65, 1009, 646, 7627.34, 21055, 19526
1695027579, 0, 0, 33, 0, 0, 8224.61, 3, 0, 0, 29.15, 1015, 650, 7627.34, 21055, 19526
1695027585, 0, 0, 33, 0, 0, 8224.61, 3, 0, 0, 0.15, 1016, 650, 7627.34, 21055, 19526
1695027585, 0, 0, 33, 0, 0, 8224.61, 3, 0, 0, 6.62, 1018, 650, 7627.34, 21055, 19526
1695027586, 0, 0, 33, 0, 0, 8224.61, 3, 0, 0, 26.49, 1021, 655, 7627.34, 21055, 19526
1695027593, 0, 0, 33, 0, 0, 8224.61, 3, 0, 0, 0.97, 1025, 658, 7627.34, 21055, 19526
1695027604, 0, 0, 33, 0, 0, 8224.61, 3, 0, 0, 0.09, 1026, 658, 7627.34, 21055, 19526
1695027612, 0, 0, 33, 0, 0, 8224.61, 3, 0, 0, 0.50, 1028, 660, 7627.34, 21055, 19526
1695027612, 0, 0, 33, 0, 0, 8224.61, 3, 0, 0, 12.70, 1030, 662, 7627.34, 21055, 19526
1695027613, 0, 0, 33, 0, 0, 8224.61, 3, 0, 0, 14.25, 1032, 665, 7627.34, 21055, 19526
1695027619, 0, 0, 33, 0, 0, 8224.61, 3, 0, 0, 0.33, 1033, 666, 7627.34, 21055, 19526
1695027630, 0, 0, 33, 0, 0, 8224.61, 3, 0, 0, 0.09, 1034, 666, 7627.34, 21055, 19526
1695027630, 0, 0, 33, 0, 0, 8224.61, 3, 0, 0, 15.34, 1038, 667, 7627.34, 21055, 19526
1695027630, 0, 0, 33, 0, 0, 8224.61, 3, 0, 0, 31.55, 1044, 671, 7627.34, 21055, 19526
1695027641, 0, 0, 33, 0, 0, 8224.61, 3, 0, 0, 0.19, 1045, 672, 7627.34, 21055, 19526
1695027650, 0, 0, 33, 0, 0, 8224.61, 3, 0, 0, 0.56, 1050, 672, 7627.34, 21055, 19526
1695027657, 0, 0, 33, 0, 0, 8224.61, 3, 0, 0, 0.14, 1051, 672, 7627.34, 21055, 19526
1695027657, 0, 0, 33, 0, 0, 8224.61, 3, 0, 0, 23.32, 1056, 676, 7627.34, 21055, 19526
1695027658, 0, 0, 33, 0, 0, 8224.61, 3, 0, 0, 16.85, 1062, 676, 7627.34, 21055, 19526
1695027665, 0, 0, 33, 0, 0, 8224.61, 3, 0, 0, 0.68, 1066, 677, 7627.34, 21055, 19526
1695027673, 0, 0, 33, 0, 0, 8224.61, 3, 0, 0, 0.64, 1069, 679, 7627.34, 21055, 19526
1695027673, 0, 0, 33, 0, 0, 8224.61, 3, 0, 0, 14.84, 1073, 680, 7627.34, 21055, 19526
1695027682, 0, 0, 33, 0, 0, 8224.61, 3, 0, 0, 0.45, 1074, 683, 7627.34, 21055, 19526
1695027682, 0, 0, 33, 0, 0, 8224.61, 3, 0, 0, 15.97, 1078, 684, 7627.34, 21055, 19526
1695027693, 0, 0, 33, 0, 0, 8224.61, 3, 0, 0, 0.39, 1081, 685, 7627.34, 21055, 19526
1695027693, 0, 0, 33, 0, 0, 8224.61, 3, 0, 0, 12.70, 1083, 687, 7627.34, 21055, 19526
1695027693, 0, 0, 33, 0, 0, 8224.61, 3, 0, 0, 12.42, 1086, 688, 7627.34, 21055, 19526
1695027702, 0, 0, 33, 0, 0, 8224.61, 3, 0, 0, 0.46, 1089, 689, 7627.34, 21055, 19526
1695027709, 0, 0, 33, 0, 0, 8224.61, 3, 0, 0, 0.15, 1089, 690, 7627.34, 21055, 19526
1695027709, 0, 0, 33, 0, 0, 8224.61, 3, 0, 0, 10.64, 1089, 694, 7627.34, 21055, 19526
1695027709, 0, 0, 33, 0, 0, 8224.61, 3, 0, 0, 18.99, 1091, 698, 7627.34, 21055, 19526
1695027719, 0, 0, 33, 0, 0, 8224.61, 3, 0, 0, 0.43, 1092, 701, 7627.34, 21055, 19526
1695027728, 0, 0, 33, 0, 0, 8224.61, 3, 0, 0, 0.43, 1096, 701, 7627.34, 21055, 19526
1695027728, 0, 0, 33, 0, 0, 8224.61, 3, 0, 0, 4.91, 1098, 701, 7627.34, 21055, 19526
1695027737, 0, 0, 33, 0, 0, 8224.61, 3, 0, 0, 0.12, 1099, 701, 7627.34, 21055, 19526
1695027746, 0, 0, 33, 0, 0, 8224.61, 3, 0, 0, 0.44, 1101, 703, 7627.34, 21055, 19526
1695027753, 0, 0, 33, 0, 0, 8224.61, 3, 0, 0, 0.42, 1103, 704, 7627.34, 21055, 19526
1695027753, 0, 0, 33, 0, 0, 8224.61, 3, 0, 0, 17.46, 1108, 706, 7627.34, 21055, 19526
1695027754, 0, 0, 33, 0, 0, 8224.61, 3, 0, 0, 12.93, 1112, 708, 7627.34, 21055, 19526
1695027754, 0, 0, 33, 0, 0, 8224.61, 3, 0, 0, 15.87, 1115, 711, 7627.34, 21055, 19526
1695027764, 0, 0, 33, 0, 0, 8224.61, 3, 0, 0, 0.52, 1117, 714, 7627.34, 21055, 19526
1695027764, 0, 0, 33, 0, 0, 8224.61, 3, 0, 0, 14.93, 1120, 716, 7627.34, 21055, 19526
1695027764, 0, 0, 33, 0, 0, 8224.61, 3, 0, 0, 9.40, 1123, 716, 7627.34, 21055, 19526
1695027773, 0, 0, 33, 0, 0, 8224.61, 3, 0, 0, 0.72, 1128, 717, 7627.34, 21055, 19526
1695027780, 0, 0, 33, 0, 0, 8224.61, 3, 0, 0, 0.28, 1129, 718, 7627.34, 21055, 19526
1695027788, 0, 0, 33, 0, 0, 8224.61, 3, 0, 0, 0.25, 1130, 719, 7627.34, 21055, 19526
1695027795, 0, 0, 33, 0, 0, 8224.61, 3, 0, 0, 0.43, 1130, 722, 7627.34, 21055, 19526
1695027806, 0, 0, 33, 0, 0, 8224.61, 3, 0, 0, 0.26, 1133, 722, 7627.34, 21055, 19526
1695027807, 0, 0, 33, 0, 0, 8224.61, 3, 0, 0, 9.77, 1135, 723, 7627.34, 21055, 19526
1695027819, 0, 0, 33, 0, 0, 8224.61, 3, 0, 0, 0.25, 1137, 724, 7627.34, 21055, 19526
1695027826, 0, 0, 33, 0, 0, 8224.61, 3, 0, 0, 0.13, 1138, 724, 7627.34, 21055, 19526
1695027833, 0, 0, 33, 0, 0, 8224.61, 3, 0, 0, 0.59, 1140, 726, 7627.34, 21055, 19526
1695027839, 0, 0, 33, 0, 0, 8224.61, 3, 0, 0, 0.99, 1144, 728, 7627.34, 21055, 19526
1695027846, 0, 0, 33, 0, 0, 8224.61, 3, 0, 0, 0.69, 1149, 728, 7627.34, 21055, 19526
1695027855, 0, 0, 33, 0, 0, 8224.61, 3, 0, 0, 0.12, 1150, 728, 7627.34, 21055, 19526
1695027862, 0, 0, 33, 0, 0, 8224.61, 3, 0, 0, 0.79, 1156, 728, 7627.34, 21055, 19526
1695027870, 0, 0, 33, 0, 0, 8224.61, 3, 0, 0, 0.27, 1157, 729, 7627.34, 21055, 19526
1695027870, 0, 0, 33, 0, 0, 8224.61, 3, 0, 0, 25.40, 1161, 733, 7627.34, 21055, 19526
1695027877, 0, 0, 33, 0, 0, 8224.61, 3, 0, 0, 0.42, 1162, 735, 7627.34, 21055, 19526
1695027887, 0, 0, 33, 0, 0, 8224.61, 3, 0, 0, 0.10, 1163, 735, 7627.34, 21055, 19526
1695027887, 0, 0, 33, 0, 0, 8224.61, 3, 0, 0, 15.92, 1166, 737, 7627.34, 21055, 19526
1695027894, 0, 0, 33, 0, 0, 8224.61, 3, 0, 0, 0.41, 1168, 738, 7627.34, 21055, 19526
1695027895, 0, 0, 33, 0, 0, 8224.61, 3, 0, 0, 6.99, 1172, 739, 7627.34, 21055, 19526
1695027902, 0, 0, 33, 0, 0, 8224.61, 3, 0, 0, 0.42, 1175, 739, 7627.34, 21055, 19526
1695027909, 0, 0, 33, 0, 0, 8224.61, 3, 0, 0, 0.57, 1178, 740, 7627.34, 21055, 19526
1695027910, 0, 0, 33, 0, 0, 8224.61, 3, 0, 0, 15.20, 1180, 743, 7627.34, 21055, 19526
1695027910, 0, 0, 33, 0, 0, 8224.61, 3, 0, 0, 16.62, 1182, 747, 7627.34, 21055, 19526
1695027910, 0, 0, 33, 0, 0, 8224.61, 3, 0, 0, 13.20, 1185, 748, 7627.34, 21055, 19526
1695027911, 0, 0, 33, 0, 0, 8224.61, 3, 0, 0, 10.55, 1188, 749, 7627.34, 21055, 19526
1695027911, 0, 0, 33, 0, 0, 8224.61, 3, 0, 0, 19.17, 1191, 752, 7627.34, 21055, 19526
1695027911, 0, 0, 33, 0, 0, 8224.61, 3, 0, 0, 19.89, 1197, 753, 7627.34, 21055, 19526
1695027920, 0, 0, 33, 0, 0, 8224.61, 3, 0, 0, 0.68, 1200, 756, 7627.34, 21055, 19526
1695027920, 0, 0, 33, 0, 0, 8224.61, 3, 0, 0, 10.36, 1202, 758, 7627.34, 21055, 19526
1695027921, 0, 0, 33, 0, 0, 8224.61, 3, 0, 0, 26.23, 1204, 764, 7627.34, 21055, 19526
1695027929, 0, 0, 33, 0, 0, 8224.61, 3, 0, 0, 0.58, 1206, 767, 7627.34, 21055, 19526
1695027937, 0, 0, 33, 0, 0, 8224.61, 3, 0, 0, 0.40, 1209, 767, 7627.34, 21055, 19526
1695027937, 0, 0, 33, 0, 0, 8224.61, 3, 0, 0, 19.74, 1213, 769, 7627.34, 21055, 19526
1695027945, 0, 0, 33, 0, 0, 8224.61, 3, 0, 0, 0.86, 1219, 770, 7627.34, 21055, 19526
1695027953, 0, 0, 33, 0, 0, 8224.61, 3, 0, 0, 0.41, 1221, 771, 7627.34, 21055, 19526
1695027962, 0, 0, 33, 0, 0, 8224.61, 3, 0, 0, 0.43, 1222, 774, 7627.34, 21055, 19526
1695027971, 0, 0, 33, 0, 0, 8224.61, 3, 0, 0, 0.12, 1223, 774, 7627.34, 21055, 19526
1695027971, 0, 0, 33, 0, 0, 8224.61, 3, 0, 0, 6.64, 1225, 774, 7627.34, 21055, 19526
1695027976, 0, 0, 33, 0, 0, 8224.61, 3, 0, 0, 1.28, 1227, 778, 7627.34, 21055, 19526
1695027991, 0, 0, 33, 0, 0, 8224.61, 3, 0, 0, 0.53, 1229, 784, 7627.34, 21055, 19526
1695027991, 0, 0, 33, 0, 0, 8224.61, 3, 0, 0, 19.35, 1234, 785, 7627.34, 21055, 19526
1695027998, 0, 0, 33, 0, 0, 8224.61, 3, 0, 0, 0.47, 1237, 785, 7627.34, 21055, 19526
1695027998, 0, 0, 33, 0, 0, 8224.61, 3, 0, 0, 12.20, 1239, 787, 7627.34, 21055, 19526
1695027998, 0, 0, 33, 0, 0, 8224.61, 3, 0, 0, 31.35, 1243, 793, 7627.34, 21055, 19526
1695028007, 0, 0, 33, 0, 0, 8224.61, 3, 0, 0, 0.33, 1245, 794, 7627.34, 21055, 19526
1695028008, 0, 0, 33, 0, 0, 8224.61, 3, 0, 0, 13.23, 1250, 794, 7627.34, 21055, 19526
1695028016, 0, 0, 33, 0, 0, 8224.61, 3, 0, 0, 0.34, 1252, 795, 7627.34, 21055, 19526
1695028017, 0, 0, 33, 0, 0, 8224.61, 3, 0, 0, 22.50, 1257, 799, 7627.34, 21055, 19526
1695028028, 0, 0, 33, 0, 0, 8224.61, 3, 0, 0, 0.09, 1258, 799, 7627.34, 21055, 19526
1695028029, 0, 0, 33, 0, 0, 8224.61, 3, 0, 0, 7.87, 1260, 800, 7627.34, 21055, 19526
1695028029, 0, 0, 33, 0, 0, 8224.61, 3, 0, 0, 9.06, 1262, 801, 7627.34, 21055, 19526
1695028029, 0, 0, 33, 0, 0, 8224.61, 3, 0, 0, 18.93, 1265, 804, 7627.34, 21055, 19526
1695028030, 0, 0, 33, 0, 0, 8224.61, 3, 0, 0, 18.93, 1268, 807, 7627.34, 21055, 19526
1695028030, 0, 0, 33, 0, 0, 8224.61, 3, 0, 0, 10.90, 1272, 807, 7627.34, 21055, 19526
1695028031, 0, 0, 33, 0, 0, 8224.61, 3, 0, 0, 7.79, 1275, 809, 7627.34, 21055, 19526
1695028031, 0, 0, 33, 0, 0, 8224.61, 3, 0, 0, 19.74, 1281, 809, 7627.34, 21055, 19526
1695028046, 0, 0, 33, 0, 0, 8224.61, 3, 0, 0, 0.55, 1285, 813, 7627.34, 21055, 19526
1695028046, 0, 0, 33, 0, 0, 8224.61, 3, 0, 0, 10.44, 1287, 815, 7627.34, 21055, 19526
1695028046, 0, 0, 33, 0, 0, 8224.61, 3, 0, 0, 9.93, 1290, 815, 7627.34, 21055, 19526
1695028080, 0, 0, 33, 0, 0, 8224.61, 3, 0, 0, 0.09, 1292, 816, 7627.34, 21055, 19526
1695028087, 0, 0, 33, 0, 0, 8224.61, 3, 0, 0, 0.44, 1293, 818, 7627.34, 21055, 19526
1695028096, 0, 0, 33, 0, 0, 8224.61, 3, 0, 0, 0.31, 1296, 818, 7627.34, 21055, 19526
1695028104, 0, 0, 33, 0, 0, 8224.61, 3, 0, 0, 0.53, 1299, 819, 7627.34, 21055, 19526
1695028104, 0, 0, 33, 0, 0, 8224.61, 3, 0, 0, 7.39, 1300, 821, 7627.34, 21055, 19526
1695028105, 0, 0, 33, 0, 0, 8224.61, 3, 0, 0, 12.14, 1301, 825, 7627.34, 21055, 19526
1695028116, 0, 0, 33, 0, 0, 8224.61, 3, 0, 0, 0.09, 1302, 825, 7627.34, 21055, 19526
1695029438, 0, 0, 33, 0, 0, 8224.61, 3, 0, 0, 0.00, 1302, 827, 7627.34, 21055, 19526
1695029438, 0, 0, 33, 0, 0, 8224.61, 3, 0, 0, 0.00, 1302, 827, 7627.34, 21055, 19526
