# unix_time, cycles_done, cur_path, paths_total, pending_total, pending_favs, map_size, unique_crashes, unique_hangs, max_depth, execs_per_sec, valid_inputs, invalid_inputs, valid_cov, all_covered_probes, valid_covered_probes
1695556329, 0, 0, 1, 0, 0, 3827.34, 0, 0, 0, 0.55, 0, 1, 0.00, 9798, 0
1695556330, 0, 0, 5, 0, 0, 4568.75, 0, 0, 0, 8.26, 1, 4, 2773.44, 11696, 7100
1695556346, 0, 0, 12, 0, 0, 25499.22, 0, 0, 0, 0.45, 6, 6, 24575.78, 65278, 62914
1695556358, 0, 0, 20, 0, 0, 26453.91, 0, 0, 0, 1.25, 11, 17, 25450.78, 67722, 65154
1695556369, 0, 0, 23, 0, 0, 26458.59, 1, 0, 0, 0.46, 12, 21, 25450.78, 67734, 65154
1695556381, 0, 0, 27, 0, 0, 26701.56, 1, 0, 0, 0.60, 14, 26, 25695.31, 68356, 65780
1695556392, 0, 0, 29, 0, 0, 26705.86, 1, 0, 0, 0.17, 15, 27, 25699.61, 68367, 65791
1695556405, 0, 0, 38, 0, 0, 26714.84, 1, 0, 0, 2.50, 27, 46, 25708.59, 68390, 65814
1695556417, 0, 0, 39, 0, 0, 26717.97, 1, 0, 0, 0.09, 28, 46, 25711.72, 68398, 65822
1695556427, 0, 0, 41, 0, 0, 26725.00, 1, 0, 0, 0.46, 29, 50, 25718.75, 68416, 65840
1695556442, 0, 0, 46, 0, 0, 26797.27, 1, 0, 0, 0.61, 33, 55, 25791.02, 68601, 66025
1695556455, 0, 0, 49, 0, 0, 26805.47, 1, 0, 0, 0.32, 35, 57, 25799.22, 68622, 66046
1695556455, 0, 0, 56, 0, 0, 26809.77, 1, 0, 0, 145.21, 53, 83, 25799.22, 68633, 66046
1695556468, 0, 0, 57, 0, 0, 26810.94, 1, 0, 0, 0.16, 55, 83, 25800.39, 68636, 66049
1695556479, 0, 1, 60, 0, 0, 26820.70, 1, 0, 0, 0.35, 58, 84, 25810.16, 68661, 66074
1695556493, 0, 1, 63, 0, 0, 26821.09, 1, 0, 0, 0.49, 60, 89, 25810.55, 68662, 66075
1695556506, 0, 1, 66, 0, 0, 26822.66, 1, 0, 0, 0.24, 62, 90, 25812.11, 68666, 66079
1695556516, 0, 1, 71, 0, 0, 26823.44, 1, 0, 0, 2.58, 69, 110, 25812.89, 68668, 66081
1695556517, 0, 2, 75, 0, 0, 26823.44, 1, 0, 0, 136.36, 99, 122, 25812.89, 68668, 66081
1695556527, 0, 2, 76, 0, 0, 26830.08, 1, 0, 0, 0.37, 103, 122, 25819.53, 68685, 66098
1695556539, 0, 2, 79, 0, 0, 26830.08, 1, 0, 0, 1.26, 114, 125, 25819.53, 68685, 66098
1695556549, 0, 2, 80, 0, 0, 26830.86, 1, 0, 0, 0.19, 115, 126, 25820.31, 68687, 66100
1695556560, 0, 2, 83, 0, 0, 26830.86, 2, 0, 0, 0.56, 118, 129, 25820.31, 68687, 66100
1695556571, 0, 2, 85, 0, 0, 26832.42, 2, 0, 0, 0.36, 122, 129, 25821.88, 68691, 66104
1695556582, 0, 2, 88, 0, 0, 26843.36, 2, 0, 0, 0.51, 128, 129, 25832.81, 68719, 66132
1695556593, 0, 2, 92, 0, 0, 26847.27, 2, 0, 0, 1.13, 137, 132, 25832.81, 68729, 66132
1695556604, 0, 2, 94, 0, 0, 26847.27, 2, 0, 0, 0.62, 143, 133, 25832.81, 68729, 66132
1695556616, 0, 2, 95, 0, 0, 26847.27, 2, 0, 0, 0.18, 145, 133, 25832.81, 68729, 66132
1695556629, 0, 2, 96, 0, 0, 26858.98, 2, 0, 0, 0.08, 146, 133, 25844.53, 68759, 66162
1695556640, 0, 4, 101, 0, 0, 26858.98, 2, 0, 0, 0.72, 149, 138, 25844.53, 68759, 66162
1695556652, 0, 4, 105, 0, 0, 26859.38, 2, 0, 0, 1.47, 154, 150, 25844.92, 68760, 66163
1695556664, 0, 4, 109, 0, 0, 26859.38, 2, 0, 0, 2.13, 160, 171, 25844.92, 68760, 66163
1695556676, 0, 4, 110, 0, 0, 26859.38, 2, 0, 0, 0.17, 162, 171, 25844.92, 68760, 66163
1695556688, 0, 4, 113, 0, 0, 26859.38, 2, 0, 0, 2.41, 170, 192, 25844.92, 68760, 66163
1695556701, 0, 4, 115, 0, 0, 26859.38, 2, 0, 0, 0.75, 175, 197, 25844.92, 68760, 66163
1695556712, 0, 4, 117, 0, 0, 26859.38, 2, 0, 0, 0.19, 176, 198, 25844.92, 68760, 66163
1695556724, 0, 4, 118, 0, 0, 26859.38, 2, 0, 0, 0.08, 177, 198, 25844.92, 68760, 66163
1695556735, 0, 4, 123, 0, 0, 26859.38, 2, 0, 0, 0.52, 180, 201, 25844.92, 68760, 66163
1695556747, 0, 4, 124, 0, 0, 26859.38, 2, 0, 0, 0.35, 182, 203, 25844.92, 68760, 66163
1695556758, 0, 4, 126, 0, 0, 26859.38, 2, 0, 0, 0.61, 186, 206, 25844.92, 68760, 66163
1695556770, 0, 5, 128, 0, 0, 26859.38, 2, 0, 0, 3.26, 205, 225, 25844.92, 68760, 66163
1695556781, 0, 5, 130, 0, 0, 26859.38, 2, 0, 0, 0.35, 208, 226, 25844.92, 68760, 66163
1695556792, 0, 5, 131, 0, 0, 26859.38, 2, 0, 0, 0.74, 212, 230, 25844.92, 68760, 66163
1695556804, 0, 6, 133, 0, 0, 26860.94, 2, 0, 0, 0.34, 216, 230, 25846.48, 68764, 66167
1695556817, 0, 6, 136, 0, 0, 26860.94, 2, 0, 0, 0.74, 225, 231, 25846.48, 68764, 66167
1695556832, 0, 6, 138, 0, 0, 26860.94, 2, 0, 0, 0.90, 236, 233, 25846.48, 68764, 66167
1695556846, 0, 6, 140, 0, 0, 26860.94, 2, 0, 0, 0.55, 243, 234, 25846.48, 68764, 66167
1695556859, 0, 7, 142, 0, 0, 26860.94, 2, 0, 0, 0.72, 249, 237, 25846.48, 68764, 66167
1695556872, 0, 7, 145, 0, 0, 26861.72, 2, 0, 0, 0.96, 258, 241, 25847.27, 68766, 66169
1695556872, 0, 7, 147, 0, 0, 26861.72, 2, 0, 0, 46.11, 269, 246, 25847.27, 68766, 66169
1695556885, 0, 7, 148, 0, 0, 26861.72, 2, 0, 0, 0.16, 270, 247, 25847.27, 68766, 66169
1695556885, 0, 8, 149, 0, 0, 26861.72, 2, 0, 0, 74.92, 283, 257, 25847.27, 68766, 66169
1695556898, 0, 8, 150, 0, 0, 26861.72, 2, 0, 0, 0.23, 286, 257, 25847.27, 68766, 66169
1695556911, 0, 8, 151, 0, 0, 26861.72, 2, 0, 0, 0.31, 289, 258, 25847.27, 68766, 66169
1695556923, 0, 8, 153, 0, 0, 26861.72, 2, 0, 0, 1.19, 296, 265, 25847.27, 68766, 66169
1695556923, 0, 9, 154, 0, 0, 26861.72, 2, 0, 0, 74.92, 312, 272, 25847.27, 68766, 66169
1695556936, 0, 10, 155, 0, 0, 26863.28, 2, 0, 0, 0.32, 314, 274, 25848.83, 68770, 66173
1695556948, 0, 10, 157, 0, 0, 26863.28, 2, 0, 0, 2.31, 320, 296, 25848.83, 68770, 66173
1695556959, 0, 10, 158, 0, 0, 26863.28, 2, 0, 0, 0.17, 321, 297, 25848.83, 68770, 66173
1695556983, 0, 10, 159, 0, 0, 26867.58, 2, 0, 0, 0.39, 326, 301, 25853.13, 68781, 66184
1695557022, 0, 10, 161, 0, 0, 26868.75, 2, 0, 0, 0.41, 331, 312, 25854.30, 68784, 66187
1695557039, 0, 10, 162, 0, 0, 26868.75, 2, 0, 0, 0.96, 337, 323, 25854.30, 68784, 66187
1695557040, 0, 10, 163, 0, 0, 26868.75, 2, 0, 0, 19.29, 340, 326, 25854.30, 68784, 66187
1695557057, 0, 11, 163, 0, 0, 26868.75, 2, 0, 0, 1.17, 346, 340, 25854.30, 68784, 66187
1695557069, 0, 11, 164, 0, 0, 26868.75, 2, 0, 0, 0.08, 347, 340, 25854.30, 68784, 66187
1695557082, 0, 11, 165, 0, 0, 26868.75, 2, 0, 0, 0.08, 348, 340, 25854.30, 68784, 66187
1695557094, 0, 11, 166, 0, 0, 26869.92, 2, 0, 0, 0.08, 349, 340, 25855.47, 68787, 66190
1695557107, 0, 11, 167, 0, 0, 26869.92, 2, 0, 0, 0.08, 350, 340, 25855.47, 68787, 66190
1695557120, 0, 11, 168, 0, 0, 26869.92, 2, 0, 0, 0.08, 351, 340, 25855.47, 68787, 66190
1695557132, 0, 11, 169, 0, 0, 26869.92, 2, 0, 0, 0.08, 352, 340, 25855.47, 68787, 66190
1695557145, 0, 11, 170, 0, 0, 26869.92, 2, 0, 0, 0.08, 353, 340, 25855.47, 68787, 66190
1695557157, 0, 11, 171, 0, 0, 26869.92, 2, 0, 0, 0.08, 354, 340, 25855.47, 68787, 66190
1695557170, 0, 11, 172, 0, 0, 26869.92, 2, 0, 0, 0.08, 355, 340, 25855.47, 68787, 66190
1695557182, 0, 11, 173, 0, 0, 26870.31, 2, 0, 0, 0.08, 356, 340, 25855.86, 68788, 66191
1695557194, 0, 11, 174, 0, 0, 26870.31, 2, 0, 0, 0.08, 357, 340, 25855.86, 68788, 66191
1695557206, 0, 11, 174, 0, 0, 26870.31, 2, 0, 0, 0.08, 358, 340, 25855.86, 68788, 66191
1695557219, 0, 11, 175, 0, 0, 26870.31, 2, 0, 0, 0.08, 359, 340, 25855.86, 68788, 66191
1695557231, 0, 11, 175, 0, 0, 26870.31, 2, 0, 0, 0.08, 360, 340, 25855.86, 68788, 66191
1695557243, 0, 11, 175, 0, 0, 26870.31, 2, 0, 0, 0.08, 361, 340, 25855.86, 68788, 66191
1695557255, 0, 11, 176, 0, 0, 26870.31, 2, 0, 0, 0.09, 362, 340, 25855.86, 68788, 66191
1695557267, 0, 11, 177, 0, 0, 26870.31, 2, 0, 0, 0.08, 363, 340, 25855.86, 68788, 66191
1695557279, 0, 11, 177, 0, 0, 26870.31, 2, 0, 0, 0.08, 364, 340, 25855.86, 68788, 66191
1695557292, 0, 11, 178, 0, 0, 26870.31, 2, 0, 0, 0.08, 365, 340, 25855.86, 68788, 66191
1695557304, 0, 11, 178, 0, 0, 26870.31, 2, 0, 0, 0.08, 366, 340, 25855.86, 68788, 66191
1695557316, 0, 11, 179, 0, 0, 26870.31, 2, 0, 0, 0.08, 367, 340, 25855.86, 68788, 66191
1695557328, 0, 11, 179, 0, 0, 26870.31, 2, 0, 0, 0.08, 368, 340, 25855.86, 68788, 66191
1695557340, 0, 11, 179, 0, 0, 26870.31, 2, 0, 0, 0.08, 369, 340, 25855.86, 68788, 66191
1695557353, 0, 11, 180, 0, 0, 26870.31, 2, 0, 0, 0.08, 370, 340, 25855.86, 68788, 66191
1695557365, 0, 11, 181, 0, 0, 26870.31, 2, 0, 0, 0.08, 371, 340, 25855.86, 68788, 66191
1695557377, 0, 11, 182, 0, 0, 26870.31, 2, 0, 0, 0.09, 372, 340, 25855.86, 68788, 66191
1695557389, 0, 11, 183, 0, 0, 26870.31, 2, 0, 0, 0.08, 373, 340, 25855.86, 68788, 66191
1695557401, 0, 11, 183, 0, 0, 26870.31, 2, 0, 0, 0.08, 374, 340, 25855.86, 68788, 66191
1695557414, 0, 11, 184, 0, 0, 26870.31, 2, 0, 0, 0.08, 375, 340, 25855.86, 68788, 66191
1695557426, 0, 11, 185, 0, 0, 26870.31, 2, 0, 0, 0.08, 376, 340, 25855.86, 68788, 66191
1695557439, 0, 11, 185, 0, 0, 26870.31, 2, 0, 0, 0.08, 377, 340, 25855.86, 68788, 66191
1695557452, 0, 11, 186, 0, 0, 26870.31, 2, 0, 0, 0.08, 378, 340, 25855.86, 68788, 66191
1695557464, 0, 11, 187, 0, 0, 26870.31, 2, 0, 0, 0.08, 379, 340, 25855.86, 68788, 66191
1695557478, 0, 11, 188, 0, 0, 26870.31, 2, 0, 0, 0.08, 380, 340, 25855.86, 68788, 66191
1695557490, 0, 11, 189, 0, 0, 26870.31, 2, 0, 0, 0.08, 381, 340, 25855.86, 68788, 66191
1695557502, 0, 11, 190, 0, 0, 26870.31, 2, 0, 0, 0.08, 382, 340, 25855.86, 68788, 66191
1695557514, 0, 11, 191, 0, 0, 26870.31, 2, 0, 0, 0.08, 383, 340, 25855.86, 68788, 66191
1695557527, 0, 11, 192, 0, 0, 26870.31, 2, 0, 0, 0.08, 384, 340, 25855.86, 68788, 66191
1695557540, 0, 11, 192, 0, 0, 26870.31, 2, 0, 0, 0.08, 385, 340, 25855.86, 68788, 66191
1695557553, 0, 11, 193, 0, 0, 26870.70, 2, 0, 0, 0.08, 386, 340, 25856.25, 68789, 66192
1695557565, 0, 11, 193, 0, 0, 26870.70, 2, 0, 0, 0.08, 387, 340, 25856.25, 68789, 66192
1695557577, 0, 11, 194, 0, 0, 26870.70, 2, 0, 0, 0.08, 388, 340, 25856.25, 68789, 66192
1695557589, 0, 11, 195, 0, 0, 26870.70, 2, 0, 0, 0.08, 389, 340, 25856.25, 68789, 66192
1695557601, 0, 11, 196, 0, 0, 26870.70, 2, 0, 0, 0.08, 390, 340, 25856.25, 68789, 66192
1695557613, 0, 11, 196, 0, 0, 26870.70, 2, 0, 0, 0.08, 391, 340, 25856.25, 68789, 66192
1695557626, 0, 11, 196, 0, 0, 26870.70, 2, 0, 0, 0.08, 392, 340, 25856.25, 68789, 66192
1695557638, 0, 11, 196, 0, 0, 26870.70, 2, 0, 0, 0.08, 393, 340, 25856.25, 68789, 66192
1695557651, 0, 11, 196, 0, 0, 26870.70, 2, 0, 0, 0.08, 394, 340, 25856.25, 68789, 66192
1695557662, 0, 11, 196, 0, 0, 26870.70, 2, 0, 0, 0.09, 395, 340, 25856.25, 68789, 66192
1695557674, 0, 11, 197, 0, 0, 26870.70, 2, 0, 0, 0.08, 396, 340, 25856.25, 68789, 66192
1695557686, 0, 11, 198, 0, 0, 26870.70, 2, 0, 0, 0.08, 397, 340, 25856.25, 68789, 66192
1695557698, 0, 11, 198, 0, 0, 26870.70, 2, 0, 0, 0.08, 398, 340, 25856.25, 68789, 66192
1695557711, 0, 11, 198, 0, 0, 26870.70, 2, 0, 0, 0.08, 399, 340, 25856.25, 68789, 66192
1695557723, 0, 11, 199, 0, 0, 26870.70, 2, 0, 0, 0.08, 400, 340, 25856.25, 68789, 66192
1695557736, 0, 11, 200, 0, 0, 26870.70, 2, 0, 0, 0.08, 401, 340, 25856.25, 68789, 66192
1695557749, 0, 11, 200, 0, 0, 26870.70, 2, 0, 0, 0.08, 402, 340, 25856.25, 68789, 66192
1695557761, 0, 11, 201, 0, 0, 26870.70, 2, 0, 0, 0.08, 403, 340, 25856.25, 68789, 66192
1695557774, 0, 11, 202, 0, 0, 26870.70, 2, 0, 0, 0.08, 404, 340, 25856.25, 68789, 66192
1695557786, 0, 11, 203, 0, 0, 26870.70, 2, 0, 0, 0.08, 405, 340, 25856.25, 68789, 66192
1695557799, 0, 11, 204, 0, 0, 26870.70, 2, 0, 0, 0.08, 406, 340, 25856.25, 68789, 66192
1695557811, 0, 11, 204, 0, 0, 26870.70, 2, 0, 0, 0.08, 407, 340, 25856.25, 68789, 66192
1695557824, 0, 11, 205, 0, 0, 26870.70, 2, 0, 0, 0.08, 408, 340, 25856.25, 68789, 66192
1695557836, 0, 11, 205, 0, 0, 26870.70, 2, 0, 0, 0.08, 409, 340, 25856.25, 68789, 66192
1695557849, 0, 11, 205, 0, 0, 26870.70, 2, 0, 0, 0.08, 410, 340, 25856.25, 68789, 66192
1695557861, 0, 11, 206, 0, 0, 26870.70, 2, 0, 0, 0.08, 411, 340, 25856.25, 68789, 66192
1695557874, 0, 11, 207, 0, 0, 26870.70, 2, 0, 0, 0.08, 412, 340, 25856.25, 68789, 66192
1695557886, 0, 11, 208, 0, 0, 26870.70, 2, 0, 0, 0.08, 413, 340, 25856.25, 68789, 66192
1695557899, 0, 11, 209, 0, 0, 26870.70, 2, 0, 0, 0.08, 414, 340, 25856.25, 68789, 66192
1695557912, 0, 11, 210, 0, 0, 26870.70, 2, 0, 0, 0.08, 415, 340, 25856.25, 68789, 66192
1695557924, 0, 11, 211, 0, 0, 26870.70, 2, 0, 0, 0.08, 416, 340, 25856.25, 68789, 66192
1695557936, 0, 11, 212, 0, 0, 26870.70, 2, 0, 0, 0.08, 417, 340, 25856.25, 68789, 66192
1695557948, 0, 11, 213, 0, 0, 26870.70, 2, 0, 0, 0.09, 418, 340, 25856.25, 68789, 66192
1695557960, 0, 11, 214, 0, 0, 26870.70, 2, 0, 0, 0.08, 419, 340, 25856.25, 68789, 66192
1695557973, 0, 11, 215, 0, 0, 26870.70, 2, 0, 0, 0.08, 420, 340, 25856.25, 68789, 66192
1695557986, 0, 11, 216, 0, 0, 26870.70, 2, 0, 0, 0.08, 421, 340, 25856.25, 68789, 66192
1695557998, 0, 11, 217, 0, 0, 26871.09, 2, 0, 0, 0.08, 422, 340, 25856.64, 68790, 66193
1695558010, 0, 11, 218, 0, 0, 26871.09, 2, 0, 0, 0.08, 423, 340, 25856.64, 68790, 66193
1695558023, 0, 11, 219, 0, 0, 26871.09, 2, 0, 0, 0.08, 424, 340, 25856.64, 68790, 66193
1695558035, 0, 11, 219, 0, 0, 26871.09, 2, 0, 0, 0.08, 425, 340, 25856.64, 68790, 66193
1695558048, 0, 11, 219, 0, 0, 26871.09, 2, 0, 0, 0.08, 426, 340, 25856.64, 68790, 66193
1695558059, 0, 11, 220, 0, 0, 26871.09, 2, 0, 0, 0.08, 427, 340, 25856.64, 68790, 66193
1695558072, 0, 11, 220, 0, 0, 26871.09, 2, 0, 0, 0.08, 428, 340, 25856.64, 68790, 66193
1695558084, 0, 11, 220, 0, 0, 26871.09, 2, 0, 0, 0.08, 429, 340, 25856.64, 68790, 66193
1695558096, 0, 11, 220, 0, 0, 26871.09, 2, 0, 0, 0.08, 430, 340, 25856.64, 68790, 66193
1695558108, 0, 11, 220, 0, 0, 26871.09, 2, 0, 0, 0.08, 431, 340, 25856.64, 68790, 66193
1695558121, 0, 11, 220, 0, 0, 26871.09, 2, 0, 0, 0.08, 432, 340, 25856.64, 68790, 66193
1695558133, 0, 11, 220, 0, 0, 26871.09, 2, 0, 0, 0.08, 433, 340, 25856.64, 68790, 66193
1695558146, 0, 11, 220, 0, 0, 26871.09, 2, 0, 0, 0.08, 434, 340, 25856.64, 68790, 66193
1695558159, 0, 11, 221, 0, 0, 26871.09, 2, 0, 0, 0.08, 435, 340, 25856.64, 68790, 66193
1695558171, 0, 11, 221, 0, 0, 26871.09, 2, 0, 0, 0.08, 436, 340, 25856.64, 68790, 66193
1695558184, 0, 11, 222, 0, 0, 26871.09, 2, 0, 0, 0.08, 437, 340, 25856.64, 68790, 66193
1695558196, 0, 11, 223, 0, 0, 26871.09, 2, 0, 0, 0.08, 438, 340, 25856.64, 68790, 66193
1695558208, 0, 11, 223, 0, 0, 26871.09, 2, 0, 0, 0.08, 439, 340, 25856.64, 68790, 66193
1695558220, 0, 11, 224, 0, 0, 26871.09, 2, 0, 0, 0.08, 440, 340, 25856.64, 68790, 66193
1695558232, 0, 11, 225, 0, 0, 26871.09, 2, 0, 0, 0.08, 441, 340, 25856.64, 68790, 66193
1695558244, 0, 11, 226, 0, 0, 26871.09, 2, 0, 0, 0.08, 442, 340, 25856.64, 68790, 66193
1695558257, 0, 11, 227, 0, 0, 26871.09, 2, 0, 0, 0.08, 443, 340, 25856.64, 68790, 66193
1695558269, 0, 11, 228, 0, 0, 26871.09, 2, 0, 0, 0.08, 444, 340, 25856.64, 68790, 66193
1695558282, 0, 11, 229, 0, 0, 26871.09, 2, 0, 0, 0.08, 445, 340, 25856.64, 68790, 66193
1695558294, 0, 11, 230, 0, 0, 26871.09, 2, 0, 0, 0.08, 446, 340, 25856.64, 68790, 66193
1695558307, 0, 11, 230, 0, 0, 26871.09, 2, 0, 0, 0.08, 447, 340, 25856.64, 68790, 66193
1695558319, 0, 11, 230, 0, 0, 26871.09, 2, 0, 0, 0.08, 448, 340, 25856.64, 68790, 66193
1695558331, 0, 11, 230, 0, 0, 26871.09, 2, 0, 0, 0.08, 449, 340, 25856.64, 68790, 66193
1695558344, 0, 11, 231, 0, 0, 26871.09, 2, 0, 0, 0.08, 450, 340, 25856.64, 68790, 66193
1695558358, 0, 11, 232, 0, 0, 26871.09, 2, 0, 0, 0.07, 451, 340, 25856.64, 68790, 66193
1695558371, 0, 11, 233, 0, 0, 26871.09, 2, 0, 0, 0.08, 452, 340, 25856.64, 68790, 66193
1695558384, 0, 11, 234, 0, 0, 26871.09, 2, 0, 0, 0.08, 453, 340, 25856.64, 68790, 66193
1695558396, 0, 11, 235, 0, 0, 26871.09, 2, 0, 0, 0.08, 454, 340, 25856.64, 68790, 66193
1695558408, 0, 11, 235, 0, 0, 26871.09, 2, 0, 0, 0.08, 455, 340, 25856.64, 68790, 66193
1695558420, 0, 11, 235, 0, 0, 26871.09, 2, 0, 0, 0.08, 456, 340, 25856.64, 68790, 66193
1695558432, 0, 11, 236, 0, 0, 26871.09, 2, 0, 0, 0.08, 457, 340, 25856.64, 68790, 66193
1695558445, 0, 11, 237, 0, 0, 26871.09, 2, 0, 0, 0.08, 458, 340, 25856.64, 68790, 66193
1695558457, 0, 11, 237, 0, 0, 26871.09, 2, 0, 0, 0.08, 459, 340, 25856.64, 68790, 66193
1695558469, 0, 11, 238, 0, 0, 26871.09, 2, 0, 0, 0.08, 460, 340, 25856.64, 68790, 66193
1695558482, 0, 11, 239, 0, 0, 26871.09, 2, 0, 0, 0.08, 461, 340, 25856.64, 68790, 66193
1695558495, 0, 11, 240, 0, 0, 26871.09, 2, 0, 0, 0.08, 462, 340, 25856.64, 68790, 66193
1695558507, 0, 11, 241, 0, 0, 26871.09, 2, 0, 0, 0.08, 463, 340, 25856.64, 68790, 66193
1695558520, 0, 11, 242, 0, 0, 26871.88, 2, 0, 0, 0.08, 464, 340, 25857.42, 68792, 66195
1695558532, 0, 11, 242, 0, 0, 26871.88, 2, 0, 0, 0.08, 465, 340, 25857.42, 68792, 66195
1695558545, 0, 11, 243, 0, 0, 26871.88, 2, 0, 0, 0.08, 466, 340, 25857.42, 68792, 66195
1695558557, 0, 11, 244, 0, 0, 26871.88, 2, 0, 0, 0.08, 467, 340, 25857.42, 68792, 66195
1695558570, 0, 11, 245, 0, 0, 26871.88, 2, 0, 0, 0.08, 468, 340, 25857.42, 68792, 66195
1695558582, 0, 11, 245, 0, 0, 26871.88, 2, 0, 0, 0.08, 469, 340, 25857.42, 68792, 66195
1695558595, 0, 11, 246, 0, 0, 26871.88, 2, 0, 0, 0.08, 470, 340, 25857.42, 68792, 66195
1695558608, 0, 11, 246, 0, 0, 26871.88, 2, 0, 0, 0.08, 471, 340, 25857.42, 68792, 66195
1695558621, 0, 11, 247, 0, 0, 26871.88, 2, 0, 0, 0.08, 472, 340, 25857.42, 68792, 66195
1695558634, 0, 11, 248, 0, 0, 26871.88, 2, 0, 0, 0.07, 473, 340, 25857.42, 68792, 66195
1695558646, 0, 11, 248, 0, 0, 26871.88, 2, 0, 0, 0.09, 474, 340, 25857.42, 68792, 66195
1695558659, 0, 11, 249, 0, 0, 26871.88, 2, 0, 0, 0.08, 475, 340, 25857.42, 68792, 66195
1695558672, 0, 11, 250, 0, 0, 26871.88, 2, 0, 0, 0.08, 476, 340, 25857.42, 68792, 66195
1695558684, 0, 11, 250, 0, 0, 26871.88, 2, 0, 0, 0.08, 477, 340, 25857.42, 68792, 66195
1695558697, 0, 11, 251, 0, 0, 26871.88, 2, 0, 0, 0.08, 478, 340, 25857.42, 68792, 66195
1695558709, 0, 11, 252, 0, 0, 26871.88, 2, 0, 0, 0.08, 479, 340, 25857.42, 68792, 66195
1695558722, 0, 11, 253, 0, 0, 26871.88, 2, 0, 0, 0.08, 480, 340, 25857.42, 68792, 66195
1695558735, 0, 11, 254, 0, 0, 26871.88, 2, 0, 0, 0.08, 481, 340, 25857.42, 68792, 66195
1695558747, 0, 11, 255, 0, 0, 26871.88, 2, 0, 0, 0.08, 482, 340, 25857.42, 68792, 66195
1695558760, 0, 11, 256, 0, 0, 26871.88, 2, 0, 0, 0.08, 483, 340, 25857.42, 68792, 66195
1695558772, 0, 11, 256, 0, 0, 26871.88, 2, 0, 0, 0.08, 484, 340, 25857.42, 68792, 66195
1695558785, 0, 11, 257, 0, 0, 26871.88, 2, 0, 0, 0.08, 485, 340, 25857.42, 68792, 66195
1695558797, 0, 11, 258, 0, 0, 26871.88, 2, 0, 0, 0.08, 486, 340, 25857.42, 68792, 66195
1695558809, 0, 11, 258, 0, 0, 26871.88, 2, 0, 0, 0.08, 487, 340, 25857.42, 68792, 66195
1695558826, 0, 11, 259, 0, 0, 26871.88, 2, 0, 0, 0.06, 488, 340, 25857.42, 68792, 66195
1695558838, 0, 11, 259, 0, 0, 26871.88, 2, 0, 0, 0.08, 489, 340, 25857.42, 68792, 66195
1695558851, 0, 11, 259, 0, 0, 26871.88, 2, 0, 0, 0.08, 490, 340, 25857.42, 68792, 66195
1695558863, 0, 11, 259, 0, 0, 26871.88, 2, 0, 0, 0.08, 491, 340, 25857.42, 68792, 66195
1695558875, 0, 11, 260, 0, 0, 26871.88, 2, 0, 0, 0.08, 492, 340, 25857.42, 68792, 66195
1695558887, 0, 11, 260, 0, 0, 26871.88, 2, 0, 0, 0.08, 493, 340, 25857.42, 68792, 66195
1695558899, 0, 11, 261, 0, 0, 26871.88, 2, 0, 0, 0.08, 494, 340, 25857.42, 68792, 66195
1695558912, 0, 11, 262, 0, 0, 26871.88, 2, 0, 0, 0.08, 495, 340, 25857.42, 68792, 66195
1695558924, 0, 11, 263, 0, 0, 26871.88, 2, 0, 0, 0.08, 496, 340, 25857.42, 68792, 66195
1695558936, 0, 11, 264, 0, 0, 26871.88, 2, 0, 0, 0.08, 497, 340, 25857.42, 68792, 66195
1695558949, 0, 11, 265, 0, 0, 26871.88, 2, 0, 0, 0.08, 498, 340, 25857.42, 68792, 66195
1695558961, 0, 11, 266, 0, 0, 26871.88, 2, 0, 0, 0.09, 499, 340, 25857.42, 68792, 66195
1695558973, 0, 11, 267, 0, 0, 26871.88, 2, 0, 0, 0.08, 500, 340, 25857.42, 68792, 66195
1695558985, 0, 11, 267, 0, 0, 26871.88, 2, 0, 0, 0.08, 501, 340, 25857.42, 68792, 66195
1695558998, 0, 11, 268, 0, 0, 26871.88, 2, 0, 0, 0.08, 502, 340, 25857.42, 68792, 66195
1695559010, 0, 11, 268, 0, 0, 26871.88, 2, 0, 0, 0.08, 503, 340, 25857.42, 68792, 66195
1695559022, 0, 11, 268, 0, 0, 26871.88, 2, 0, 0, 0.08, 504, 340, 25857.42, 68792, 66195
1695559035, 0, 11, 268, 0, 0, 26871.88, 2, 0, 0, 0.08, 505, 340, 25857.42, 68792, 66195
1695559047, 0, 11, 268, 0, 0, 26871.88, 2, 0, 0, 0.08, 506, 340, 25857.42, 68792, 66195
1695559058, 0, 11, 269, 0, 0, 26871.88, 2, 0, 0, 0.09, 507, 340, 25857.42, 68792, 66195
1695559070, 0, 11, 270, 0, 0, 26871.88, 2, 0, 0, 0.08, 508, 340, 25857.42, 68792, 66195
1695559083, 0, 11, 271, 0, 0, 26871.88, 2, 0, 0, 0.08, 509, 340, 25857.42, 68792, 66195
1695559095, 0, 11, 272, 0, 0, 26871.88, 2, 0, 0, 0.08, 510, 340, 25857.42, 68792, 66195
1695559108, 0, 11, 272, 0, 0, 26871.88, 2, 0, 0, 0.08, 511, 340, 25857.42, 68792, 66195
1695559119, 0, 11, 273, 0, 0, 26871.88, 2, 0, 0, 0.09, 512, 340, 25857.42, 68792, 66195
1695559131, 0, 11, 274, 0, 0, 26871.88, 2, 0, 0, 0.08, 513, 340, 25857.42, 68792, 66195
1695559144, 0, 11, 275, 0, 0, 26871.88, 2, 0, 0, 0.08, 514, 340, 25857.42, 68792, 66195
1695559156, 0, 11, 276, 0, 0, 26871.88, 2, 0, 0, 0.08, 515, 340, 25857.42, 68792, 66195
1695559168, 0, 11, 277, 0, 0, 26871.88, 2, 0, 0, 0.08, 516, 340, 25857.42, 68792, 66195
1695559180, 0, 11, 277, 0, 0, 26871.88, 2, 0, 0, 0.08, 517, 340, 25857.42, 68792, 66195
1695559193, 0, 11, 278, 0, 0, 26871.88, 2, 0, 0, 0.08, 518, 340, 25857.42, 68792, 66195
1695559205, 0, 11, 278, 0, 0, 26871.88, 2, 0, 0, 0.08, 519, 340, 25857.42, 68792, 66195
1695559219, 0, 11, 279, 0, 0, 26871.88, 2, 0, 0, 0.07, 520, 340, 25857.42, 68792, 66195
1695559231, 0, 11, 279, 0, 0, 26871.88, 2, 0, 0, 0.08, 521, 340, 25857.42, 68792, 66195
1695559244, 0, 11, 279, 0, 0, 26871.88, 2, 0, 0, 0.08, 522, 340, 25857.42, 68792, 66195
1695559257, 0, 11, 280, 0, 0, 26871.88, 2, 0, 0, 0.08, 523, 340, 25857.42, 68792, 66195
1695559270, 0, 11, 281, 0, 0, 26871.88, 2, 0, 0, 0.08, 524, 340, 25857.42, 68792, 66195
1695559283, 0, 11, 281, 0, 0, 26871.88, 2, 0, 0, 0.08, 525, 340, 25857.42, 68792, 66195
1695559296, 0, 11, 282, 0, 0, 26871.88, 2, 0, 0, 0.08, 526, 340, 25857.42, 68792, 66195
1695559309, 0, 11, 283, 0, 0, 26871.88, 2, 0, 0, 0.08, 527, 340, 25857.42, 68792, 66195
1695559322, 0, 11, 284, 0, 0, 26871.88, 2, 0, 0, 0.08, 528, 340, 25857.42, 68792, 66195
1695559335, 0, 11, 285, 0, 0, 26871.88, 2, 0, 0, 0.08, 529, 340, 25857.42, 68792, 66195
1695559348, 0, 11, 285, 0, 0, 26871.88, 2, 0, 0, 0.08, 530, 340, 25857.42, 68792, 66195
1695559361, 0, 11, 286, 0, 0, 26871.88, 2, 0, 0, 0.08, 531, 340, 25857.42, 68792, 66195
1695559373, 0, 11, 286, 0, 0, 26871.88, 2, 0, 0, 0.08, 532, 340, 25857.42, 68792, 66195
1695559386, 0, 11, 286, 0, 0, 26871.88, 2, 0, 0, 0.08, 533, 340, 25857.42, 68792, 66195
1695559398, 0, 11, 286, 0, 0, 26871.88, 2, 0, 0, 0.08, 534, 340, 25857.42, 68792, 66195
1695559411, 0, 11, 287, 0, 0, 26871.88, 2, 0, 0, 0.08, 535, 340, 25857.42, 68792, 66195
1695559423, 0, 11, 288, 0, 0, 26871.88, 2, 0, 0, 0.08, 536, 340, 25857.42, 68792, 66195
1695559435, 0, 11, 289, 0, 0, 26871.88, 2, 0, 0, 0.08, 537, 340, 25857.42, 68792, 66195
1695559448, 0, 11, 290, 0, 0, 26871.88, 2, 0, 0, 0.08, 538, 340, 25857.42, 68792, 66195
1695559460, 0, 11, 291, 0, 0, 26871.88, 2, 0, 0, 0.08, 539, 340, 25857.42, 68792, 66195
1695559473, 0, 11, 292, 0, 0, 26871.88, 2, 0, 0, 0.08, 540, 340, 25857.42, 68792, 66195
1695559485, 0, 11, 293, 0, 0, 26871.88, 2, 0, 0, 0.08, 541, 340, 25857.42, 68792, 66195
1695559497, 0, 11, 293, 0, 0, 26871.88, 2, 0, 0, 0.08, 542, 340, 25857.42, 68792, 66195
1695559510, 0, 11, 294, 0, 0, 26871.88, 2, 0, 0, 0.08, 543, 340, 25857.42, 68792, 66195
1695559522, 0, 11, 295, 0, 0, 26871.88, 2, 0, 0, 0.08, 544, 340, 25857.42, 68792, 66195
1695559535, 0, 11, 296, 0, 0, 26871.88, 2, 0, 0, 0.08, 545, 340, 25857.42, 68792, 66195
1695559548, 0, 11, 297, 0, 0, 26871.88, 2, 0, 0, 0.08, 546, 340, 25857.42, 68792, 66195
1695559560, 0, 11, 298, 0, 0, 26871.88, 2, 0, 0, 0.08, 547, 340, 25857.42, 68792, 66195
1695559573, 0, 11, 299, 0, 0, 26871.88, 2, 0, 0, 0.08, 548, 340, 25857.42, 68792, 66195
1695559586, 0, 11, 300, 0, 0, 26871.88, 2, 0, 0, 0.08, 549, 340, 25857.42, 68792, 66195
1695559599, 0, 11, 300, 0, 0, 26871.88, 2, 0, 0, 0.08, 550, 340, 25857.42, 68792, 66195
1695559611, 0, 11, 301, 0, 0, 26871.88, 2, 0, 0, 0.08, 551, 340, 25857.42, 68792, 66195
1695559624, 0, 11, 301, 0, 0, 26871.88, 2, 0, 0, 0.08, 552, 340, 25857.42, 68792, 66195
1695559636, 0, 11, 302, 0, 0, 26872.27, 2, 0, 0, 0.08, 553, 340, 25857.81, 68793, 66196
1695559649, 0, 11, 302, 0, 0, 26872.27, 2, 0, 0, 0.08, 554, 340, 25857.81, 68793, 66196
1695559662, 0, 11, 303, 0, 0, 26872.27, 2, 0, 0, 0.08, 555, 340, 25857.81, 68793, 66196
1695559675, 0, 11, 303, 0, 0, 26872.27, 2, 0, 0, 0.08, 556, 340, 25857.81, 68793, 66196
1695559688, 0, 11, 304, 0, 0, 26872.27, 2, 0, 0, 0.08, 557, 340, 25857.81, 68793, 66196
1695559700, 0, 11, 304, 0, 0, 26872.27, 2, 0, 0, 0.08, 558, 340, 25857.81, 68793, 66196
1695559713, 0, 11, 304, 0, 0, 26872.27, 2, 0, 0, 0.08, 559, 340, 25857.81, 68793, 66196
1695559725, 0, 11, 304, 0, 0, 26872.27, 2, 0, 0, 0.08, 560, 340, 25857.81, 68793, 66196
1695559737, 0, 11, 304, 0, 0, 26872.27, 2, 0, 0, 0.08, 561, 340, 25857.81, 68793, 66196
1695559750, 0, 11, 305, 0, 0, 26872.27, 2, 0, 0, 0.08, 562, 340, 25857.81, 68793, 66196
1695559762, 0, 11, 306, 0, 0, 26872.27, 2, 0, 0, 0.08, 563, 340, 25857.81, 68793, 66196
1695559775, 0, 11, 307, 0, 0, 26872.27, 2, 0, 0, 0.08, 564, 340, 25857.81, 68793, 66196
1695559787, 0, 11, 308, 0, 0, 26872.27, 2, 0, 0, 0.08, 565, 340, 25857.81, 68793, 66196
1695559799, 0, 11, 309, 0, 0, 26872.27, 2, 0, 0, 0.08, 566, 340, 25857.81, 68793, 66196
1695559813, 0, 11, 309, 0, 0, 26872.27, 2, 0, 0, 0.08, 567, 340, 25857.81, 68793, 66196
1695559825, 0, 11, 310, 0, 0, 26872.27, 2, 0, 0, 0.08, 568, 340, 25857.81, 68793, 66196
1695559838, 0, 11, 310, 0, 0, 26872.27, 2, 0, 0, 0.08, 569, 340, 25857.81, 68793, 66196
1695559851, 0, 11, 310, 0, 0, 26872.27, 2, 0, 0, 0.08, 570, 340, 25857.81, 68793, 66196
1695559864, 0, 11, 310, 0, 0, 26872.27, 2, 0, 0, 0.08, 571, 340, 25857.81, 68793, 66196
1695559876, 0, 11, 311, 0, 0, 26872.27, 2, 0, 0, 0.08, 572, 340, 25857.81, 68793, 66196
1695559889, 0, 11, 311, 0, 0, 26872.27, 2, 0, 0, 0.08, 573, 340, 25857.81, 68793, 66196
1695559902, 0, 11, 312, 0, 0, 26872.27, 2, 0, 0, 0.08, 574, 340, 25857.81, 68793, 66196
1695559914, 0, 11, 313, 0, 0, 26872.27, 2, 0, 0, 0.08, 575, 340, 25857.81, 68793, 66196
1695559927, 0, 11, 313, 0, 0, 26872.27, 2, 0, 0, 0.08, 576, 340, 25857.81, 68793, 66196
1695559943, 0, 11, 314, 0, 0, 26872.27, 2, 0, 0, 0.06, 577, 340, 25857.81, 68793, 66196
1695559943, 0, 11, 314, 0, 0, 26872.27, 2, 0, 0, 0.00, 577, 340, 25857.81, 68793, 66196
