# unix_time, cycles_done, cur_path, paths_total, pending_total, pending_favs, map_size, unique_crashes, unique_hangs, max_depth, execs_per_sec, valid_inputs, invalid_inputs, valid_cov, all_covered_probes, valid_covered_probes
1693423165, 0, 0, 1, 0, 0, 2494.53, 0, 0, 0, 0.03, 0, 1, 0.00, 6386, 0
1693423185, 0, 0, 2, 0, 0, 2558.59, 0, 0, 0, 0.05, 0, 2, 0.00, 6550, 0
1693423205, 0, 0, 3, 0, 0, 2560.55, 0, 0, 0, 0.05, 0, 3, 0.00, 6555, 0
1693423224, 0, 0, 4, 0, 0, 2589.84, 0, 0, 0, 0.05, 0, 4, 0.00, 6630, 0
1693423242, 0, 0, 4, 0, 0, 2589.84, 0, 0, 0, 0.06, 0, 5, 0.00, 6630, 0
1693423260, 0, 0, 4, 0, 0, 2589.84, 0, 0, 0, 0.06, 0, 6, 0.00, 6630, 0
1693423279, 0, 0, 5, 0, 0, 2589.84, 0, 0, 0, 0.05, 0, 7, 0.00, 6630, 0
1693423302, 0, 0, 5, 0, 0, 2589.84, 0, 0, 0, 0.04, 0, 8, 0.00, 6630, 0
1693423316, 0, 0, 5, 0, 0, 2589.84, 0, 0, 0, 0.07, 0, 9, 0.00, 6630, 0
1693423330, 0, 0, 5, 0, 0, 2589.84, 0, 0, 0, 0.07, 0, 10, 0.00, 6630, 0
1693423343, 0, 0, 5, 0, 0, 2589.84, 0, 0, 0, 0.08, 0, 11, 0.00, 6630, 0
