# unix_time, cycles_done, cur_path, paths_total, pending_total, pending_favs, map_size, unique_crashes, unique_hangs, max_depth, execs_per_sec, valid_inputs, invalid_inputs, valid_cov, all_covered_probes, valid_covered_probes
1694816347, 0, 0, 1, 0, 0, 763.67, 0, 0, 0, 1.53, 1, 0, 763.67, 1955, 1955
1694816361, 0, 0, 5, 0, 0, 7323.83, 0, 0, 0, 0.28, 3, 2, 7216.02, 18749, 18473
1694816362, 0, 0, 10, 0, 0, 7422.66, 0, 0, 0, 18.46, 7, 4, 7287.50, 19002, 18656
1694816366, 0, 0, 11, 0, 0, 7423.83, 1, 0, 0, 0.73, 9, 5, 7288.67, 19005, 18659
1694816372, 0, 0, 14, 0, 0, 7869.14, 1, 0, 0, 0.52, 11, 6, 7610.94, 20145, 19484
1694816376, 0, 0, 21, 0, 0, 8064.84, 1, 0, 0, 7.65, 34, 17, 7734.77, 20646, 19801
1694816380, 0, 0, 23, 0, 0, 8107.42, 1, 0, 0, 3.92, 48, 17, 7777.34, 20755, 19910
1694816382, 0, 0, 27, 0, 0, 8107.42, 1, 0, 0, 5.61, 57, 22, 7777.34, 20755, 19910
1694816387, 0, 1, 30, 0, 0, 8107.42, 1, 0, 0, 6.50, 70, 43, 7777.34, 20755, 19910
1694816394, 0, 2, 33, 0, 0, 8107.42, 1, 0, 0, 7.95, 105, 61, 7777.34, 20755, 19910
1694816396, 0, 2, 36, 0, 0, 8108.59, 1, 0, 0, 1.66, 107, 63, 7778.52, 20758, 19913
1694816399, 0, 2, 38, 0, 0, 8108.59, 1, 0, 0, 1.52, 111, 63, 7778.52, 20758, 19913
1694816402, 0, 2, 39, 0, 0, 8108.59, 1, 0, 0, 0.35, 112, 63, 7778.52, 20758, 19913
1694816406, 0, 2, 41, 0, 0, 8108.59, 1, 0, 0, 0.74, 114, 64, 7778.52, 20758, 19913
1694816406, 0, 3, 44, 0, 0, 8108.59, 1, 0, 0, 91.46, 122, 86, 7778.52, 20758, 19913
1694816410, 0, 4, 45, 0, 0, 8108.59, 1, 0, 0, 10.01, 131, 111, 7778.52, 20758, 19913
1694816413, 0, 4, 46, 0, 0, 8108.59, 1, 0, 0, 0.32, 132, 111, 7778.52, 20758, 19913
1694816417, 0, 4, 47, 0, 0, 8108.59, 1, 0, 0, 0.27, 133, 111, 7778.52, 20758, 19913
1694816420, 0, 4, 48, 0, 0, 8108.59, 1, 0, 0, 0.29, 134, 111, 7778.52, 20758, 19913
1694816423, 0, 4, 49, 0, 0, 8108.59, 1, 0, 0, 0.31, 135, 111, 7778.52, 20758, 19913
1694816427, 0, 4, 50, 0, 0, 8108.59, 1, 0, 0, 0.30, 136, 111, 7778.52, 20758, 19913
1694816430, 0, 4, 51, 0, 0, 8108.59, 1, 0, 0, 0.31, 137, 111, 7778.52, 20758, 19913
1694816433, 0, 4, 51, 0, 0, 8108.59, 1, 0, 0, 0.32, 138, 111, 7778.52, 20758, 19913
1694816436, 0, 4, 51, 0, 0, 8108.59, 1, 0, 0, 0.32, 139, 111, 7778.52, 20758, 19913
1694816439, 0, 4, 52, 0, 0, 8108.59, 1, 0, 0, 0.30, 140, 111, 7778.52, 20758, 19913
1694816443, 0, 4, 53, 0, 0, 8108.59, 1, 0, 0, 0.26, 141, 111, 7778.52, 20758, 19913
1694816447, 0, 4, 54, 0, 0, 8108.59, 1, 0, 0, 0.31, 142, 111, 7778.52, 20758, 19913
1694816449, 0, 4, 54, 0, 0, 8108.59, 1, 0, 0, 0.35, 143, 111, 7778.52, 20758, 19913
1694816452, 0, 4, 54, 0, 0, 8108.59, 1, 0, 0, 0.33, 144, 111, 7778.52, 20758, 19913
1694816456, 0, 4, 54, 0, 0, 8108.59, 1, 0, 0, 0.32, 145, 111, 7778.52, 20758, 19913
1694816459, 0, 4, 55, 0, 0, 8108.59, 1, 0, 0, 0.26, 146, 111, 7778.52, 20758, 19913
1694816463, 0, 4, 55, 0, 0, 8108.59, 1, 0, 0, 0.30, 147, 111, 7778.52, 20758, 19913
1694816467, 0, 4, 55, 0, 0, 8108.59, 1, 0, 0, 0.24, 148, 111, 7778.52, 20758, 19913
1694816470, 0, 4, 56, 0, 0, 8108.59, 1, 0, 0, 0.33, 149, 111, 7778.52, 20758, 19913
1694816473, 0, 4, 57, 0, 0, 8108.59, 1, 0, 0, 0.32, 150, 111, 7778.52, 20758, 19913
1694816477, 0, 4, 58, 0, 0, 8108.59, 1, 0, 0, 0.29, 151, 111, 7778.52, 20758, 19913
1694816478, 0, 4, 59, 0, 0, 8108.59, 1, 0, 0, 0.65, 152, 111, 7778.52, 20758, 19913
1694816481, 0, 4, 59, 0, 0, 8108.59, 1, 0, 0, 0.33, 153, 111, 7778.52, 20758, 19913
1694816484, 0, 4, 59, 0, 0, 8108.59, 1, 0, 0, 0.32, 154, 111, 7778.52, 20758, 19913
1694816487, 0, 4, 60, 0, 0, 8108.59, 1, 0, 0, 0.34, 155, 111, 7778.52, 20758, 19913
1694816491, 0, 4, 60, 0, 0, 8108.59, 1, 0, 0, 0.31, 156, 111, 7778.52, 20758, 19913
1694816494, 0, 4, 61, 0, 0, 8108.59, 1, 0, 0, 0.30, 157, 111, 7778.52, 20758, 19913
1694816497, 0, 4, 62, 0, 0, 8108.59, 1, 0, 0, 0.31, 158, 111, 7778.52, 20758, 19913
1694816500, 0, 4, 62, 0, 0, 8108.59, 1, 0, 0, 0.38, 159, 111, 7778.52, 20758, 19913
1694816503, 0, 4, 62, 0, 0, 8108.59, 1, 0, 0, 0.33, 160, 111, 7778.52, 20758, 19913
1694816506, 0, 4, 63, 0, 0, 8108.59, 1, 0, 0, 0.30, 161, 111, 7778.52, 20758, 19913
1694816511, 0, 4, 64, 0, 0, 8108.59, 1, 0, 0, 0.23, 162, 111, 7778.52, 20758, 19913
1694816514, 0, 4, 64, 0, 0, 8108.59, 1, 0, 0, 0.33, 163, 111, 7778.52, 20758, 19913
1694816517, 0, 4, 65, 0, 0, 8108.59, 1, 0, 0, 0.32, 164, 111, 7778.52, 20758, 19913
1694816521, 0, 4, 66, 0, 0, 8108.59, 1, 0, 0, 0.25, 165, 111, 7778.52, 20758, 19913
1694816524, 0, 4, 66, 0, 0, 8108.59, 1, 0, 0, 0.33, 166, 111, 7778.52, 20758, 19913
1694816527, 0, 4, 66, 0, 0, 8108.59, 1, 0, 0, 0.32, 167, 111, 7778.52, 20758, 19913
1694816530, 0, 4, 67, 0, 0, 8108.59, 1, 0, 0, 0.37, 168, 111, 7778.52, 20758, 19913
1694816531, 0, 4, 67, 0, 0, 8108.59, 1, 0, 0, 0.61, 169, 111, 7778.52, 20758, 19913
1694816535, 0, 4, 67, 0, 0, 8108.59, 1, 0, 0, 0.30, 170, 111, 7778.52, 20758, 19913
1694816537, 0, 4, 67, 0, 0, 8108.59, 1, 0, 0, 0.38, 171, 111, 7778.52, 20758, 19913
1694816539, 0, 4, 68, 0, 0, 8108.59, 1, 0, 0, 0.60, 172, 111, 7778.52, 20758, 19913
1694816542, 0, 4, 69, 0, 0, 8108.59, 1, 0, 0, 0.38, 173, 111, 7778.52, 20758, 19913
1694816545, 0, 4, 69, 0, 0, 8108.59, 1, 0, 0, 0.31, 174, 111, 7778.52, 20758, 19913
1694816548, 0, 4, 70, 0, 0, 8108.59, 1, 0, 0, 0.31, 175, 111, 7778.52, 20758, 19913
1694816551, 0, 4, 70, 0, 0, 8108.59, 1, 0, 0, 0.35, 176, 111, 7778.52, 20758, 19913
1694816554, 0, 4, 70, 0, 0, 8108.59, 1, 0, 0, 0.35, 177, 111, 7778.52, 20758, 19913
1694816556, 0, 4, 71, 0, 0, 8108.59, 1, 0, 0, 0.56, 178, 111, 7778.52, 20758, 19913
1694816559, 0, 4, 71, 0, 0, 8108.59, 1, 0, 0, 0.32, 179, 111, 7778.52, 20758, 19913
1694816562, 0, 4, 71, 0, 0, 8108.59, 1, 0, 0, 0.35, 180, 111, 7778.52, 20758, 19913
1694816564, 0, 4, 72, 0, 0, 8108.59, 1, 0, 0, 0.37, 181, 111, 7778.52, 20758, 19913
1694816567, 0, 4, 73, 0, 0, 8108.59, 1, 0, 0, 0.32, 182, 111, 7778.52, 20758, 19913
1694816571, 0, 4, 74, 0, 0, 8108.59, 1, 0, 0, 0.27, 183, 111, 7778.52, 20758, 19913
1694816574, 0, 4, 74, 0, 0, 8108.59, 1, 0, 0, 0.35, 184, 111, 7778.52, 20758, 19913
1694816577, 0, 4, 74, 0, 0, 8108.59, 1, 0, 0, 0.35, 185, 111, 7778.52, 20758, 19913
1694816580, 0, 4, 74, 0, 0, 8108.59, 1, 0, 0, 0.31, 186, 111, 7778.52, 20758, 19913
1694816583, 0, 4, 74, 0, 0, 8108.59, 1, 0, 0, 0.33, 187, 111, 7778.52, 20758, 19913
1694816586, 0, 4, 74, 0, 0, 8108.59, 1, 0, 0, 0.33, 188, 111, 7778.52, 20758, 19913
1694816589, 0, 4, 74, 0, 0, 8108.59, 1, 0, 0, 0.33, 189, 111, 7778.52, 20758, 19913
1694816592, 0, 4, 74, 0, 0, 8108.59, 1, 0, 0, 0.32, 190, 111, 7778.52, 20758, 19913
1694816596, 0, 4, 74, 0, 0, 8108.59, 1, 0, 0, 0.29, 191, 111, 7778.52, 20758, 19913
1694816599, 0, 4, 74, 0, 0, 8108.59, 1, 0, 0, 0.34, 192, 111, 7778.52, 20758, 19913
1694816602, 0, 4, 74, 0, 0, 8108.59, 1, 0, 0, 0.34, 193, 111, 7778.52, 20758, 19913
1694816605, 0, 4, 74, 0, 0, 8108.59, 1, 0, 0, 0.33, 194, 111, 7778.52, 20758, 19913
1694816607, 0, 4, 74, 0, 0, 8108.59, 1, 0, 0, 0.36, 195, 111, 7778.52, 20758, 19913
1694816610, 0, 4, 74, 0, 0, 8108.59, 1, 0, 0, 0.37, 196, 111, 7778.52, 20758, 19913
1694816613, 0, 4, 75, 0, 0, 8108.59, 1, 0, 0, 0.40, 197, 111, 7778.52, 20758, 19913
1694816616, 0, 4, 75, 0, 0, 8108.59, 1, 0, 0, 0.33, 198, 111, 7778.52, 20758, 19913
1694816618, 0, 4, 75, 0, 0, 8108.59, 1, 0, 0, 0.35, 199, 111, 7778.52, 20758, 19913
1694816621, 0, 4, 75, 0, 0, 8108.59, 1, 0, 0, 0.35, 200, 111, 7778.52, 20758, 19913
1694816624, 0, 4, 76, 0, 0, 8108.59, 1, 0, 0, 0.34, 201, 111, 7778.52, 20758, 19913
1694816627, 0, 4, 76, 0, 0, 8108.59, 1, 0, 0, 0.33, 202, 111, 7778.52, 20758, 19913
1694816630, 0, 4, 76, 0, 0, 8108.59, 1, 0, 0, 0.36, 203, 111, 7778.52, 20758, 19913
1694816633, 0, 4, 77, 0, 0, 8108.59, 1, 0, 0, 0.37, 204, 111, 7778.52, 20758, 19913
1694816635, 0, 4, 77, 0, 0, 8108.59, 1, 0, 0, 0.38, 205, 111, 7778.52, 20758, 19913
1694816637, 0, 4, 77, 0, 0, 8108.59, 1, 0, 0, 0.71, 206, 111, 7778.52, 20758, 19913
1694816640, 0, 4, 77, 0, 0, 8108.59, 1, 0, 0, 0.33, 207, 111, 7778.52, 20758, 19913
1694816642, 0, 4, 78, 0, 0, 8108.59, 1, 0, 0, 0.36, 208, 111, 7778.52, 20758, 19913
1694816645, 0, 4, 78, 0, 0, 8108.59, 1, 0, 0, 0.38, 209, 111, 7778.52, 20758, 19913
1694816647, 0, 4, 79, 0, 0, 8108.59, 1, 0, 0, 0.57, 210, 111, 7778.52, 20758, 19913
1694816650, 0, 4, 79, 0, 0, 8108.59, 1, 0, 0, 0.32, 211, 111, 7778.52, 20758, 19913
1694816652, 0, 4, 79, 0, 0, 8108.59, 1, 0, 0, 0.42, 212, 111, 7778.52, 20758, 19913
1694816655, 0, 4, 79, 0, 0, 8108.59, 1, 0, 0, 0.38, 213, 111, 7778.52, 20758, 19913
1694816659, 0, 4, 80, 0, 0, 8108.59, 1, 0, 0, 0.23, 214, 111, 7778.52, 20758, 19913
1694816662, 0, 4, 80, 0, 0, 8108.59, 1, 0, 0, 0.32, 215, 111, 7778.52, 20758, 19913
1694816666, 0, 4, 80, 0, 0, 8108.59, 1, 0, 0, 0.30, 216, 111, 7778.52, 20758, 19913
1694816669, 0, 4, 80, 0, 0, 8108.59, 1, 0, 0, 0.33, 217, 111, 7778.52, 20758, 19913
1694816672, 0, 4, 80, 0, 0, 8108.59, 1, 0, 0, 0.36, 218, 111, 7778.52, 20758, 19913
1694816675, 0, 4, 80, 0, 0, 8108.59, 1, 0, 0, 0.31, 219, 111, 7778.52, 20758, 19913
1694816678, 0, 4, 80, 0, 0, 8108.59, 1, 0, 0, 0.28, 220, 111, 7778.52, 20758, 19913
1694816681, 0, 4, 80, 0, 0, 8108.59, 1, 0, 0, 0.33, 221, 111, 7778.52, 20758, 19913
1694816685, 0, 4, 80, 0, 0, 8108.59, 1, 0, 0, 0.33, 222, 111, 7778.52, 20758, 19913
1694816688, 0, 4, 80, 0, 0, 8108.59, 1, 0, 0, 0.33, 223, 111, 7778.52, 20758, 19913
1694816691, 0, 4, 80, 0, 0, 8108.59, 1, 0, 0, 0.33, 224, 111, 7778.52, 20758, 19913
1694816693, 0, 4, 80, 0, 0, 8108.59, 1, 0, 0, 0.38, 225, 111, 7778.52, 20758, 19913
1694816696, 0, 4, 80, 0, 0, 8108.59, 1, 0, 0, 0.35, 226, 111, 7778.52, 20758, 19913
1694816700, 0, 4, 80, 0, 0, 8108.59, 1, 0, 0, 0.28, 227, 111, 7778.52, 20758, 19913
1694816703, 0, 4, 80, 0, 0, 8108.59, 1, 0, 0, 0.32, 228, 111, 7778.52, 20758, 19913
1694816706, 0, 4, 80, 0, 0, 8108.59, 1, 0, 0, 0.34, 229, 111, 7778.52, 20758, 19913
1694816710, 0, 4, 81, 0, 0, 8108.59, 1, 0, 0, 0.25, 230, 111, 7778.52, 20758, 19913
1694816713, 0, 4, 81, 0, 0, 8108.59, 1, 0, 0, 0.29, 231, 111, 7778.52, 20758, 19913
1694816716, 0, 4, 82, 0, 0, 8108.59, 1, 0, 0, 0.33, 232, 111, 7778.52, 20758, 19913
1694816719, 0, 4, 82, 0, 0, 8108.59, 1, 0, 0, 0.30, 233, 111, 7778.52, 20758, 19913
1694816723, 0, 4, 82, 0, 0, 8108.59, 1, 0, 0, 0.32, 234, 111, 7778.52, 20758, 19913
1694816726, 0, 4, 82, 0, 0, 8108.59, 1, 0, 0, 0.33, 235, 111, 7778.52, 20758, 19913
1694816729, 0, 4, 82, 0, 0, 8108.59, 1, 0, 0, 0.32, 236, 111, 7778.52, 20758, 19913
1694816732, 0, 4, 83, 0, 0, 8108.59, 1, 0, 0, 0.30, 237, 111, 7778.52, 20758, 19913
1694816735, 0, 4, 83, 0, 0, 8108.59, 1, 0, 0, 0.30, 238, 111, 7778.52, 20758, 19913
1694816739, 0, 4, 83, 0, 0, 8108.59, 1, 0, 0, 0.32, 239, 111, 7778.52, 20758, 19913
1694816742, 0, 4, 84, 0, 0, 8108.59, 1, 0, 0, 0.32, 240, 111, 7778.52, 20758, 19913
1694816745, 0, 4, 84, 0, 0, 8108.59, 1, 0, 0, 0.31, 241, 111, 7778.52, 20758, 19913
1694816748, 0, 4, 85, 0, 0, 8108.59, 1, 0, 0, 0.31, 242, 111, 7778.52, 20758, 19913
1694816752, 0, 4, 85, 0, 0, 8108.59, 1, 0, 0, 0.27, 243, 111, 7778.52, 20758, 19913
1694816755, 0, 4, 85, 0, 0, 8108.59, 1, 0, 0, 0.32, 244, 111, 7778.52, 20758, 19913
1694816758, 0, 4, 86, 0, 0, 8108.59, 1, 0, 0, 0.30, 245, 111, 7778.52, 20758, 19913
1694816761, 0, 4, 87, 0, 0, 8108.59, 1, 0, 0, 0.35, 246, 111, 7778.52, 20758, 19913
1694816764, 0, 4, 88, 0, 0, 8108.59, 1, 0, 0, 0.35, 247, 111, 7778.52, 20758, 19913
1694816767, 0, 4, 89, 0, 0, 8109.38, 1, 0, 0, 0.34, 248, 111, 7779.30, 20760, 19915
1694816770, 0, 4, 89, 0, 0, 8109.38, 1, 0, 0, 0.34, 249, 111, 7779.30, 20760, 19915
1694816773, 0, 4, 89, 0, 0, 8109.38, 1, 0, 0, 0.35, 250, 111, 7779.30, 20760, 19915
1694816776, 0, 4, 89, 0, 0, 8109.38, 1, 0, 0, 0.31, 251, 111, 7779.30, 20760, 19915
1694816779, 0, 4, 89, 0, 0, 8109.38, 1, 0, 0, 0.32, 252, 111, 7779.30, 20760, 19915
1694816784, 0, 4, 89, 0, 0, 8109.38, 1, 0, 0, 0.21, 253, 111, 7779.30, 20760, 19915
1694816787, 0, 4, 89, 0, 0, 8109.38, 1, 0, 0, 0.34, 254, 111, 7779.30, 20760, 19915
1694816790, 0, 4, 89, 0, 0, 8109.38, 1, 0, 0, 0.30, 255, 111, 7779.30, 20760, 19915
1694816794, 0, 4, 89, 0, 0, 8109.38, 1, 0, 0, 0.26, 256, 111, 7779.30, 20760, 19915
1694816797, 0, 4, 89, 0, 0, 8109.38, 1, 0, 0, 0.31, 257, 111, 7779.30, 20760, 19915
1694816800, 0, 4, 89, 0, 0, 8109.38, 1, 0, 0, 0.35, 258, 111, 7779.30, 20760, 19915
1694816804, 0, 4, 89, 0, 0, 8109.38, 1, 0, 0, 0.28, 259, 111, 7779.30, 20760, 19915
1694816807, 0, 4, 89, 0, 0, 8109.38, 1, 0, 0, 0.33, 260, 111, 7779.30, 20760, 19915
1694816810, 0, 4, 89, 0, 0, 8109.38, 1, 0, 0, 0.30, 261, 111, 7779.30, 20760, 19915
1694816813, 0, 4, 89, 0, 0, 8109.38, 1, 0, 0, 0.31, 262, 111, 7779.30, 20760, 19915
1694816816, 0, 4, 89, 0, 0, 8109.38, 1, 0, 0, 0.34, 263, 111, 7779.30, 20760, 19915
1694816819, 0, 4, 89, 0, 0, 8109.38, 1, 0, 0, 0.34, 264, 111, 7779.30, 20760, 19915
1694816822, 0, 4, 89, 0, 0, 8109.38, 1, 0, 0, 0.31, 265, 111, 7779.30, 20760, 19915
1694816825, 0, 4, 89, 0, 0, 8109.38, 1, 0, 0, 0.32, 266, 111, 7779.30, 20760, 19915
1694816828, 0, 4, 89, 0, 0, 8109.38, 1, 0, 0, 0.37, 267, 111, 7779.30, 20760, 19915
1694816831, 0, 4, 89, 0, 0, 8109.38, 1, 0, 0, 0.29, 268, 111, 7779.30, 20760, 19915
1694816834, 0, 4, 89, 0, 0, 8109.38, 1, 0, 0, 0.34, 269, 111, 7779.30, 20760, 19915
1694816838, 0, 4, 89, 0, 0, 8109.38, 1, 0, 0, 0.28, 270, 111, 7779.30, 20760, 19915
1694816841, 0, 4, 89, 0, 0, 8109.38, 1, 0, 0, 0.30, 271, 111, 7779.30, 20760, 19915
1694816844, 0, 4, 89, 0, 0, 8109.38, 1, 0, 0, 0.40, 272, 111, 7779.30, 20760, 19915
1694816846, 0, 4, 89, 0, 0, 8109.38, 1, 0, 0, 0.38, 273, 111, 7779.30, 20760, 19915
1694816850, 0, 4, 89, 0, 0, 8109.38, 1, 0, 0, 0.31, 274, 111, 7779.30, 20760, 19915
1694816853, 0, 4, 89, 0, 0, 8109.38, 1, 0, 0, 0.34, 275, 111, 7779.30, 20760, 19915
1694816856, 0, 4, 89, 0, 0, 8109.38, 1, 0, 0, 0.28, 276, 111, 7779.30, 20760, 19915
1694816860, 0, 4, 90, 0, 0, 8110.16, 1, 0, 0, 0.25, 277, 111, 7780.08, 20762, 19917
1694816863, 0, 4, 90, 0, 0, 8110.16, 1, 0, 0, 0.32, 278, 111, 7780.08, 20762, 19917
1694816867, 0, 4, 90, 0, 0, 8110.16, 1, 0, 0, 0.28, 279, 111, 7780.08, 20762, 19917
1694816871, 0, 4, 90, 0, 0, 8110.16, 1, 0, 0, 0.25, 280, 111, 7780.08, 20762, 19917
1694816874, 0, 4, 90, 0, 0, 8110.16, 1, 0, 0, 0.32, 281, 111, 7780.08, 20762, 19917
1694816876, 0, 4, 90, 0, 0, 8110.16, 1, 0, 0, 0.38, 282, 111, 7780.08, 20762, 19917
1694816880, 0, 4, 91, 0, 0, 8110.16, 1, 0, 0, 0.32, 283, 111, 7780.08, 20762, 19917
1694816883, 0, 4, 91, 0, 0, 8110.16, 1, 0, 0, 0.31, 284, 111, 7780.08, 20762, 19917
1694816886, 0, 4, 91, 0, 0, 8110.16, 1, 0, 0, 0.33, 285, 111, 7780.08, 20762, 19917
1694816889, 0, 4, 92, 0, 0, 8110.16, 1, 0, 0, 0.34, 286, 111, 7780.08, 20762, 19917
1694816892, 0, 4, 92, 0, 0, 8110.16, 1, 0, 0, 0.34, 287, 111, 7780.08, 20762, 19917
1694816895, 0, 4, 92, 0, 0, 8110.16, 1, 0, 0, 0.31, 288, 111, 7780.08, 20762, 19917
1694816900, 0, 4, 93, 0, 0, 8110.16, 1, 0, 0, 0.21, 289, 111, 7780.08, 20762, 19917
1694816903, 0, 4, 93, 0, 0, 8110.16, 1, 0, 0, 0.28, 290, 111, 7780.08, 20762, 19917
1694816907, 0, 4, 93, 0, 0, 8110.16, 1, 0, 0, 0.29, 291, 111, 7780.08, 20762, 19917
1694816910, 0, 4, 93, 0, 0, 8110.16, 1, 0, 0, 0.31, 292, 111, 7780.08, 20762, 19917
1694816913, 0, 4, 94, 0, 0, 8110.16, 1, 0, 0, 0.33, 293, 111, 7780.08, 20762, 19917
1694816916, 0, 4, 95, 0, 0, 8110.16, 1, 0, 0, 0.31, 294, 111, 7780.08, 20762, 19917
1694816921, 0, 4, 95, 0, 0, 8110.16, 1, 0, 0, 0.23, 295, 111, 7780.08, 20762, 19917
1694816924, 0, 4, 95, 0, 0, 8110.16, 1, 0, 0, 0.28, 296, 111, 7780.08, 20762, 19917
1694816928, 0, 4, 95, 0, 0, 8110.16, 1, 0, 0, 0.27, 297, 111, 7780.08, 20762, 19917
1694816931, 0, 4, 95, 0, 0, 8110.16, 1, 0, 0, 0.32, 298, 111, 7780.08, 20762, 19917
1694816934, 0, 4, 95, 0, 0, 8110.16, 1, 0, 0, 0.34, 299, 111, 7780.08, 20762, 19917
1694816937, 0, 4, 95, 0, 0, 8110.16, 1, 0, 0, 0.29, 300, 111, 7780.08, 20762, 19917
1694816942, 0, 4, 96, 0, 0, 8110.16, 1, 0, 0, 0.19, 301, 111, 7780.08, 20762, 19917
1694816946, 0, 4, 96, 0, 0, 8110.16, 1, 0, 0, 0.26, 302, 111, 7780.08, 20762, 19917
1694816950, 0, 4, 96, 0, 0, 8110.16, 1, 0, 0, 0.27, 303, 111, 7780.08, 20762, 19917
1694816954, 0, 4, 96, 0, 0, 8110.16, 1, 0, 0, 0.28, 304, 111, 7780.08, 20762, 19917
1694816957, 0, 4, 96, 0, 0, 8110.16, 1, 0, 0, 0.27, 305, 111, 7780.08, 20762, 19917
1694816962, 0, 4, 96, 0, 0, 8110.16, 1, 0, 0, 0.20, 306, 111, 7780.08, 20762, 19917
1694816965, 0, 4, 96, 0, 0, 8110.16, 1, 0, 0, 0.33, 307, 111, 7780.08, 20762, 19917
1694816969, 0, 4, 96, 0, 0, 8110.16, 1, 0, 0, 0.29, 308, 111, 7780.08, 20762, 19917
1694816972, 0, 4, 96, 0, 0, 8110.16, 1, 0, 0, 0.31, 309, 111, 7780.08, 20762, 19917
1694816975, 0, 4, 96, 0, 0, 8110.16, 1, 0, 0, 0.32, 310, 111, 7780.08, 20762, 19917
1694816978, 0, 4, 96, 0, 0, 8110.16, 1, 0, 0, 0.34, 311, 111, 7780.08, 20762, 19917
1694816981, 0, 4, 96, 0, 0, 8110.16, 1, 0, 0, 0.30, 312, 111, 7780.08, 20762, 19917
1694816984, 0, 4, 96, 0, 0, 8110.16, 1, 0, 0, 0.34, 313, 111, 7780.08, 20762, 19917
1694816988, 0, 4, 96, 0, 0, 8110.16, 1, 0, 0, 0.31, 314, 111, 7780.08, 20762, 19917
1694816990, 0, 4, 96, 0, 0, 8110.16, 1, 0, 0, 0.34, 315, 111, 7780.08, 20762, 19917
1694816993, 0, 4, 96, 0, 0, 8110.16, 1, 0, 0, 0.37, 316, 111, 7780.08, 20762, 19917
1694816997, 0, 4, 96, 0, 0, 8110.16, 1, 0, 0, 0.29, 317, 111, 7780.08, 20762, 19917
1694817001, 0, 4, 96, 0, 0, 8110.16, 1, 0, 0, 0.22, 318, 111, 7780.08, 20762, 19917
1694817005, 0, 4, 96, 0, 0, 8110.16, 1, 0, 0, 0.29, 319, 111, 7780.08, 20762, 19917
1694817006, 0, 4, 96, 0, 0, 8110.16, 1, 0, 0, 0.52, 320, 111, 7780.08, 20762, 19917
1694817010, 0, 4, 97, 0, 0, 8110.16, 1, 0, 0, 0.32, 321, 111, 7780.08, 20762, 19917
1694817015, 0, 4, 97, 0, 0, 8110.16, 1, 0, 0, 0.20, 322, 111, 7780.08, 20762, 19917
1694817018, 0, 4, 97, 0, 0, 8110.16, 1, 0, 0, 0.28, 323, 111, 7780.08, 20762, 19917
1694817022, 0, 4, 97, 0, 0, 8110.16, 1, 0, 0, 0.27, 324, 111, 7780.08, 20762, 19917
1694817024, 0, 4, 98, 0, 0, 8110.16, 1, 0, 0, 0.41, 325, 111, 7780.08, 20762, 19917
1694817028, 0, 4, 98, 0, 0, 8110.16, 1, 0, 0, 0.25, 326, 111, 7780.08, 20762, 19917
1694817033, 0, 4, 99, 0, 0, 8110.16, 1, 0, 0, 0.21, 327, 111, 7780.08, 20762, 19917
1694817037, 0, 4, 99, 0, 0, 8110.16, 1, 0, 0, 0.28, 328, 111, 7780.08, 20762, 19917
1694817041, 0, 4, 99, 0, 0, 8110.16, 1, 0, 0, 0.21, 329, 111, 7780.08, 20762, 19917
1694817044, 0, 4, 100, 0, 0, 8110.16, 1, 0, 0, 0.36, 330, 111, 7780.08, 20762, 19917
1694817049, 0, 4, 101, 0, 0, 8110.16, 1, 0, 0, 0.19, 331, 111, 7780.08, 20762, 19917
1694817055, 0, 4, 101, 0, 0, 8110.16, 1, 0, 0, 0.19, 332, 111, 7780.08, 20762, 19917
1694817060, 0, 4, 102, 0, 0, 8110.16, 1, 0, 0, 0.19, 333, 111, 7780.08, 20762, 19917
1694817063, 0, 4, 102, 0, 0, 8110.16, 1, 0, 0, 0.28, 334, 111, 7780.08, 20762, 19917
1694817066, 0, 4, 103, 0, 0, 8116.80, 1, 0, 0, 0.33, 335, 111, 7786.72, 20779, 19934
1694817071, 0, 4, 103, 0, 0, 8116.80, 1, 0, 0, 0.23, 336, 111, 7786.72, 20779, 19934
1694817075, 0, 4, 103, 0, 0, 8116.80, 1, 0, 0, 0.23, 337, 111, 7786.72, 20779, 19934
1694817078, 0, 4, 103, 0, 0, 8116.80, 1, 0, 0, 0.35, 338, 111, 7786.72, 20779, 19934
1694817084, 0, 4, 103, 0, 0, 8116.80, 1, 0, 0, 0.17, 339, 111, 7786.72, 20779, 19934
1694817088, 0, 4, 103, 0, 0, 8116.80, 1, 0, 0, 0.24, 340, 111, 7786.72, 20779, 19934
1694817093, 0, 4, 103, 0, 0, 8116.80, 1, 0, 0, 0.19, 341, 111, 7786.72, 20779, 19934
1694817097, 0, 4, 103, 0, 0, 8116.80, 1, 0, 0, 0.24, 342, 111, 7786.72, 20779, 19934
1694817103, 0, 4, 103, 0, 0, 8116.80, 1, 0, 0, 0.18, 343, 111, 7786.72, 20779, 19934
1694817106, 0, 4, 103, 0, 0, 8116.80, 1, 0, 0, 0.31, 344, 111, 7786.72, 20779, 19934
1694817110, 0, 4, 103, 0, 0, 8116.80, 1, 0, 0, 0.24, 345, 111, 7786.72, 20779, 19934
1694817114, 0, 4, 103, 0, 0, 8116.80, 1, 0, 0, 0.24, 346, 111, 7786.72, 20779, 19934
1694817119, 0, 4, 103, 0, 0, 8116.80, 1, 0, 0, 0.21, 347, 111, 7786.72, 20779, 19934
1694817123, 0, 4, 103, 0, 0, 8116.80, 1, 0, 0, 0.28, 348, 111, 7786.72, 20779, 19934
1694817128, 0, 4, 103, 0, 0, 8116.80, 1, 0, 0, 0.20, 349, 111, 7786.72, 20779, 19934
1694817131, 0, 4, 103, 0, 0, 8116.80, 1, 0, 0, 0.29, 350, 111, 7786.72, 20779, 19934
1694817136, 0, 4, 104, 0, 0, 8116.80, 1, 0, 0, 0.19, 351, 111, 7786.72, 20779, 19934
1694817141, 0, 4, 104, 0, 0, 8116.80, 1, 0, 0, 0.20, 352, 111, 7786.72, 20779, 19934
1694817145, 0, 4, 105, 0, 0, 8116.80, 1, 0, 0, 0.27, 353, 111, 7786.72, 20779, 19934
1694817150, 0, 4, 105, 0, 0, 8116.80, 1, 0, 0, 0.21, 354, 111, 7786.72, 20779, 19934
1694817153, 0, 4, 105, 0, 0, 8116.80, 1, 0, 0, 0.30, 355, 111, 7786.72, 20779, 19934
1694817158, 0, 4, 105, 0, 0, 8116.80, 1, 0, 0, 0.21, 356, 111, 7786.72, 20779, 19934
1694817162, 0, 4, 105, 0, 0, 8116.80, 1, 0, 0, 0.25, 357, 111, 7786.72, 20779, 19934
1694817168, 0, 4, 105, 0, 0, 8116.80, 1, 0, 0, 0.19, 358, 111, 7786.72, 20779, 19934
1694817171, 0, 4, 105, 0, 0, 8116.80, 1, 0, 0, 0.30, 359, 111, 7786.72, 20779, 19934
1694817175, 0, 4, 106, 0, 0, 8116.80, 1, 0, 0, 0.24, 360, 111, 7786.72, 20779, 19934
1694817179, 0, 4, 106, 0, 0, 8116.80, 1, 0, 0, 0.27, 361, 111, 7786.72, 20779, 19934
1694817183, 0, 4, 106, 0, 0, 8116.80, 1, 0, 0, 0.22, 362, 111, 7786.72, 20779, 19934
1694817187, 0, 4, 106, 0, 0, 8116.80, 1, 0, 0, 0.25, 363, 111, 7786.72, 20779, 19934
1694817192, 0, 4, 106, 0, 0, 8116.80, 1, 0, 0, 0.20, 364, 111, 7786.72, 20779, 19934
1694817195, 0, 4, 107, 0, 0, 8116.80, 1, 0, 0, 0.32, 365, 111, 7786.72, 20779, 19934
1694817200, 0, 4, 107, 0, 0, 8116.80, 1, 0, 0, 0.22, 366, 111, 7786.72, 20779, 19934
1694817204, 0, 4, 107, 0, 0, 8116.80, 1, 0, 0, 0.26, 367, 111, 7786.72, 20779, 19934
1694817209, 0, 4, 107, 0, 0, 8116.80, 1, 0, 0, 0.20, 368, 111, 7786.72, 20779, 19934
1694817213, 0, 4, 107, 0, 0, 8116.80, 1, 0, 0, 0.26, 369, 111, 7786.72, 20779, 19934
1694817217, 0, 4, 108, 0, 0, 8116.80, 1, 0, 0, 0.22, 370, 111, 7786.72, 20779, 19934
1694817220, 0, 4, 108, 0, 0, 8116.80, 1, 0, 0, 0.31, 371, 111, 7786.72, 20779, 19934
1694817225, 0, 4, 108, 0, 0, 8116.80, 1, 0, 0, 0.23, 372, 111, 7786.72, 20779, 19934
1694817229, 0, 4, 109, 0, 0, 8116.80, 1, 0, 0, 0.24, 373, 111, 7786.72, 20779, 19934
1694817233, 0, 4, 110, 0, 0, 8116.80, 1, 0, 0, 0.24, 374, 111, 7786.72, 20779, 19934
1694817236, 0, 4, 111, 0, 0, 8116.80, 1, 0, 0, 0.41, 375, 111, 7786.72, 20779, 19934
1694817240, 0, 4, 111, 0, 0, 8116.80, 1, 0, 0, 0.21, 376, 111, 7786.72, 20779, 19934
1694817244, 0, 4, 111, 0, 0, 8116.80, 1, 0, 0, 0.28, 377, 111, 7786.72, 20779, 19934
1694817249, 0, 4, 111, 0, 0, 8116.80, 1, 0, 0, 0.19, 378, 111, 7786.72, 20779, 19934
1694817253, 0, 4, 111, 0, 0, 8116.80, 1, 0, 0, 0.25, 379, 111, 7786.72, 20779, 19934
1694817258, 0, 4, 111, 0, 0, 8116.80, 1, 0, 0, 0.21, 380, 111, 7786.72, 20779, 19934
1694817262, 0, 4, 111, 0, 0, 8116.80, 1, 0, 0, 0.26, 381, 111, 7786.72, 20779, 19934
1694817266, 0, 4, 111, 0, 0, 8116.80, 1, 0, 0, 0.20, 382, 111, 7786.72, 20779, 19934
1694817270, 0, 4, 111, 0, 0, 8116.80, 1, 0, 0, 0.25, 383, 111, 7786.72, 20779, 19934
1694817275, 0, 4, 111, 0, 0, 8116.80, 1, 0, 0, 0.21, 384, 111, 7786.72, 20779, 19934
1694817279, 0, 4, 111, 0, 0, 8116.80, 1, 0, 0, 0.28, 385, 111, 7786.72, 20779, 19934
1694817284, 0, 4, 111, 0, 0, 8116.80, 1, 0, 0, 0.20, 386, 111, 7786.72, 20779, 19934
1694817288, 0, 4, 111, 0, 0, 8116.80, 1, 0, 0, 0.25, 387, 111, 7786.72, 20779, 19934
1694817293, 0, 4, 111, 0, 0, 8116.80, 1, 0, 0, 0.19, 388, 111, 7786.72, 20779, 19934
1694817299, 0, 4, 111, 0, 0, 8116.80, 1, 0, 0, 0.17, 389, 111, 7786.72, 20779, 19934
1694817303, 0, 4, 111, 0, 0, 8116.80, 1, 0, 0, 0.23, 390, 111, 7786.72, 20779, 19934
1694817309, 0, 4, 111, 0, 0, 8116.80, 1, 0, 0, 0.17, 391, 111, 7786.72, 20779, 19934
1694817313, 0, 4, 111, 0, 0, 8116.80, 1, 0, 0, 0.28, 392, 111, 7786.72, 20779, 19934
1694817317, 0, 4, 111, 0, 0, 8116.80, 1, 0, 0, 0.23, 393, 111, 7786.72, 20779, 19934
1694817325, 0, 4, 112, 0, 0, 8116.80, 1, 0, 0, 0.12, 394, 111, 7786.72, 20779, 19934
1694817330, 0, 4, 112, 0, 0, 8116.80, 1, 0, 0, 0.21, 395, 111, 7786.72, 20779, 19934
1694817333, 0, 4, 112, 0, 0, 8116.80, 1, 0, 0, 0.30, 396, 111, 7786.72, 20779, 19934
1694817338, 0, 4, 112, 0, 0, 8116.80, 1, 0, 0, 0.21, 397, 111, 7786.72, 20779, 19934
1694817341, 0, 4, 112, 0, 0, 8116.80, 1, 0, 0, 0.33, 398, 111, 7786.72, 20779, 19934
1694817345, 0, 4, 112, 0, 0, 8116.80, 1, 0, 0, 0.23, 399, 111, 7786.72, 20779, 19934
1694817349, 0, 4, 112, 0, 0, 8116.80, 1, 0, 0, 0.29, 400, 111, 7786.72, 20779, 19934
1694817354, 0, 4, 112, 0, 0, 8116.80, 1, 0, 0, 0.22, 401, 111, 7786.72, 20779, 19934
1694817357, 0, 4, 112, 0, 0, 8116.80, 1, 0, 0, 0.27, 402, 111, 7786.72, 20779, 19934
1694817363, 0, 4, 112, 0, 0, 8116.80, 1, 0, 0, 0.18, 403, 111, 7786.72, 20779, 19934
1694817366, 0, 4, 112, 0, 0, 8116.80, 1, 0, 0, 0.27, 404, 111, 7786.72, 20779, 19934
1694817372, 0, 4, 112, 0, 0, 8116.80, 1, 0, 0, 0.19, 405, 111, 7786.72, 20779, 19934
1694817375, 0, 4, 112, 0, 0, 8116.80, 1, 0, 0, 0.28, 406, 111, 7786.72, 20779, 19934
1694817380, 0, 4, 112, 0, 0, 8116.80, 1, 0, 0, 0.22, 407, 111, 7786.72, 20779, 19934
1694817384, 0, 4, 112, 0, 0, 8116.80, 1, 0, 0, 0.25, 408, 111, 7786.72, 20779, 19934
1694817389, 0, 4, 112, 0, 0, 8116.80, 1, 0, 0, 0.18, 409, 111, 7786.72, 20779, 19934
1694817393, 0, 4, 112, 0, 0, 8116.80, 1, 0, 0, 0.24, 410, 111, 7786.72, 20779, 19934
1694817399, 0, 4, 112, 0, 0, 8116.80, 1, 0, 0, 0.18, 411, 111, 7786.72, 20779, 19934
1694817403, 0, 4, 112, 0, 0, 8116.80, 1, 0, 0, 0.28, 412, 111, 7786.72, 20779, 19934
1694817408, 0, 4, 112, 0, 0, 8116.80, 1, 0, 0, 0.21, 413, 111, 7786.72, 20779, 19934
1694817411, 0, 4, 112, 0, 0, 8116.80, 1, 0, 0, 0.32, 414, 111, 7786.72, 20779, 19934
1694817415, 0, 4, 112, 0, 0, 8116.80, 1, 0, 0, 0.21, 415, 111, 7786.72, 20779, 19934
1694817419, 0, 4, 112, 0, 0, 8116.80, 1, 0, 0, 0.29, 416, 111, 7786.72, 20779, 19934
1694817424, 0, 4, 113, 0, 0, 8116.80, 1, 0, 0, 0.21, 417, 111, 7786.72, 20779, 19934
1694817427, 0, 4, 113, 0, 0, 8116.80, 1, 0, 0, 0.28, 418, 111, 7786.72, 20779, 19934
1694817432, 0, 4, 113, 0, 0, 8116.80, 1, 0, 0, 0.19, 419, 111, 7786.72, 20779, 19934
1694817436, 0, 4, 113, 0, 0, 8116.80, 1, 0, 0, 0.30, 420, 111, 7786.72, 20779, 19934
1694817440, 0, 4, 114, 0, 0, 8116.80, 1, 0, 0, 0.22, 421, 111, 7786.72, 20779, 19934
1694817445, 0, 4, 114, 0, 0, 8116.80, 1, 0, 0, 0.24, 422, 111, 7786.72, 20779, 19934
1694817450, 0, 4, 114, 0, 0, 8116.80, 1, 0, 0, 0.19, 423, 111, 7786.72, 20779, 19934
1694817454, 0, 4, 114, 0, 0, 8116.80, 1, 0, 0, 0.26, 424, 111, 7786.72, 20779, 19934
1694817459, 0, 4, 114, 0, 0, 8116.80, 1, 0, 0, 0.19, 425, 111, 7786.72, 20779, 19934
1694817463, 0, 4, 114, 0, 0, 8116.80, 1, 0, 0, 0.26, 426, 111, 7786.72, 20779, 19934
1694817468, 0, 4, 114, 0, 0, 8116.80, 1, 0, 0, 0.18, 427, 111, 7786.72, 20779, 19934
1694817474, 0, 4, 114, 0, 0, 8116.80, 1, 0, 0, 0.18, 428, 111, 7786.72, 20779, 19934
1694817479, 0, 4, 114, 0, 0, 8116.80, 1, 0, 0, 0.20, 429, 111, 7786.72, 20779, 19934
1694817483, 0, 4, 114, 0, 0, 8116.80, 1, 0, 0, 0.26, 430, 111, 7786.72, 20779, 19934
1694817485, 0, 4, 114, 0, 0, 8116.80, 1, 0, 0, 0.41, 431, 111, 7786.72, 20779, 19934
1694817490, 0, 4, 114, 0, 0, 8116.80, 1, 0, 0, 0.24, 432, 111, 7786.72, 20779, 19934
1694817494, 0, 4, 114, 0, 0, 8116.80, 1, 0, 0, 0.23, 433, 111, 7786.72, 20779, 19934
1694817497, 0, 4, 114, 0, 0, 8116.80, 1, 0, 0, 0.31, 434, 111, 7786.72, 20779, 19934
1694817501, 0, 4, 114, 0, 0, 8116.80, 1, 0, 0, 0.25, 435, 111, 7786.72, 20779, 19934
1694817505, 0, 4, 114, 0, 0, 8116.80, 1, 0, 0, 0.26, 436, 111, 7786.72, 20779, 19934
1694817510, 0, 4, 114, 0, 0, 8116.80, 1, 0, 0, 0.19, 437, 111, 7786.72, 20779, 19934
1694817514, 0, 4, 114, 0, 0, 8116.80, 1, 0, 0, 0.28, 438, 111, 7786.72, 20779, 19934
1694817518, 0, 4, 114, 0, 0, 8116.80, 1, 0, 0, 0.22, 439, 111, 7786.72, 20779, 19934
1694817522, 0, 4, 114, 0, 0, 8116.80, 1, 0, 0, 0.27, 440, 111, 7786.72, 20779, 19934
1694817527, 0, 4, 114, 0, 0, 8116.80, 1, 0, 0, 0.21, 441, 111, 7786.72, 20779, 19934
1694817531, 0, 4, 114, 0, 0, 8116.80, 1, 0, 0, 0.24, 442, 111, 7786.72, 20779, 19934
1694817535, 0, 4, 114, 0, 0, 8116.80, 1, 0, 0, 0.25, 443, 111, 7786.72, 20779, 19934
1694817540, 0, 4, 114, 0, 0, 8116.80, 1, 0, 0, 0.19, 444, 111, 7786.72, 20779, 19934
1694817545, 0, 4, 114, 0, 0, 8116.80, 1, 0, 0, 0.24, 445, 111, 7786.72, 20779, 19934
1694817548, 0, 4, 114, 0, 0, 8116.80, 1, 0, 0, 0.26, 446, 111, 7786.72, 20779, 19934
1694817552, 0, 4, 114, 0, 0, 8116.80, 1, 0, 0, 0.25, 447, 111, 7786.72, 20779, 19934
1694817555, 0, 4, 114, 0, 0, 8116.80, 1, 0, 0, 0.35, 448, 111, 7786.72, 20779, 19934
1694817558, 0, 4, 114, 0, 0, 8116.80, 1, 0, 0, 0.33, 449, 111, 7786.72, 20779, 19934
1694817561, 0, 4, 114, 0, 0, 8116.80, 1, 0, 0, 0.38, 450, 111, 7786.72, 20779, 19934
1694817564, 0, 4, 114, 0, 0, 8116.80, 1, 0, 0, 0.31, 451, 111, 7786.72, 20779, 19934
1694817573, 0, 4, 115, 0, 0, 8116.80, 1, 0, 0, 0.12, 452, 111, 7786.72, 20779, 19934
1694817578, 0, 4, 116, 0, 0, 8116.80, 1, 0, 0, 0.20, 453, 111, 7786.72, 20779, 19934
1694817585, 0, 4, 117, 0, 0, 8123.44, 1, 0, 0, 0.13, 454, 111, 7793.36, 20796, 19951
1694817590, 0, 4, 117, 0, 0, 8123.44, 1, 0, 0, 0.20, 455, 111, 7793.36, 20796, 19951
1694817608, 0, 4, 118, 0, 0, 8123.44, 1, 0, 0, 0.06, 456, 111, 7793.36, 20796, 19951
1694817612, 0, 4, 119, 0, 0, 8123.44, 1, 0, 0, 0.25, 457, 111, 7793.36, 20796, 19951
1694817617, 0, 4, 119, 0, 0, 8123.44, 1, 0, 0, 0.21, 458, 111, 7793.36, 20796, 19951
1694817622, 0, 4, 119, 0, 0, 8123.44, 1, 0, 0, 0.21, 459, 111, 7793.36, 20796, 19951
1694817625, 0, 4, 120, 0, 0, 8123.44, 1, 0, 0, 0.30, 460, 111, 7793.36, 20796, 19951
1694817630, 0, 4, 120, 0, 0, 8123.44, 1, 0, 0, 0.22, 461, 111, 7793.36, 20796, 19951
1694817634, 0, 4, 120, 0, 0, 8123.44, 1, 0, 0, 0.23, 462, 111, 7793.36, 20796, 19951
1694817640, 0, 4, 120, 0, 0, 8123.44, 1, 0, 0, 0.19, 463, 111, 7793.36, 20796, 19951
1694817644, 0, 4, 120, 0, 0, 8123.44, 1, 0, 0, 0.25, 464, 111, 7793.36, 20796, 19951
1694817649, 0, 4, 120, 0, 0, 8123.44, 1, 0, 0, 0.18, 465, 111, 7793.36, 20796, 19951
1694817653, 0, 4, 120, 0, 0, 8123.44, 1, 0, 0, 0.25, 466, 111, 7793.36, 20796, 19951
1694817658, 0, 4, 120, 0, 0, 8123.44, 1, 0, 0, 0.20, 467, 111, 7793.36, 20796, 19951
1694817663, 0, 4, 120, 0, 0, 8123.44, 1, 0, 0, 0.23, 468, 111, 7793.36, 20796, 19951
1694817668, 0, 4, 120, 0, 0, 8123.44, 1, 0, 0, 0.19, 469, 111, 7793.36, 20796, 19951
1694817672, 0, 4, 121, 0, 0, 8123.44, 1, 0, 0, 0.26, 470, 111, 7793.36, 20796, 19951
1694817677, 0, 4, 121, 0, 0, 8123.44, 1, 0, 0, 0.20, 471, 111, 7793.36, 20796, 19951
1694817681, 0, 4, 121, 0, 0, 8123.44, 1, 0, 0, 0.23, 472, 111, 7793.36, 20796, 19951
1694817686, 0, 4, 121, 0, 0, 8123.44, 1, 0, 0, 0.19, 473, 111, 7793.36, 20796, 19951
1694817690, 0, 4, 121, 0, 0, 8123.44, 1, 0, 0, 0.25, 474, 111, 7793.36, 20796, 19951
1694817695, 0, 4, 121, 0, 0, 8123.44, 1, 0, 0, 0.20, 475, 111, 7793.36, 20796, 19951
1694817699, 0, 4, 121, 0, 0, 8123.44, 1, 0, 0, 0.24, 476, 111, 7793.36, 20796, 19951
1694817704, 0, 4, 121, 0, 0, 8123.44, 1, 0, 0, 0.20, 477, 111, 7793.36, 20796, 19951
1694817708, 0, 4, 121, 0, 0, 8123.44, 1, 0, 0, 0.29, 478, 111, 7793.36, 20796, 19951
1694817713, 0, 4, 121, 0, 0, 8123.44, 1, 0, 0, 0.20, 479, 111, 7793.36, 20796, 19951
1694817716, 0, 4, 121, 0, 0, 8123.44, 1, 0, 0, 0.29, 480, 111, 7793.36, 20796, 19951
1694817721, 0, 4, 121, 0, 0, 8123.44, 1, 0, 0, 0.20, 481, 111, 7793.36, 20796, 19951
1694817726, 0, 4, 121, 0, 0, 8123.44, 1, 0, 0, 0.23, 482, 111, 7793.36, 20796, 19951
1694817730, 0, 4, 121, 0, 0, 8123.44, 1, 0, 0, 0.24, 483, 111, 7793.36, 20796, 19951
1694817735, 0, 4, 121, 0, 0, 8123.44, 1, 0, 0, 0.19, 484, 111, 7793.36, 20796, 19951
1694817740, 0, 4, 121, 0, 0, 8123.44, 1, 0, 0, 0.23, 485, 111, 7793.36, 20796, 19951
1694817745, 0, 4, 121, 0, 0, 8123.44, 1, 0, 0, 0.19, 486, 111, 7793.36, 20796, 19951
1694817749, 0, 4, 121, 0, 0, 8123.44, 1, 0, 0, 0.24, 487, 111, 7793.36, 20796, 19951
1694817754, 0, 4, 121, 0, 0, 8123.44, 1, 0, 0, 0.19, 488, 111, 7793.36, 20796, 19951
1694817759, 0, 4, 121, 0, 0, 8123.44, 1, 0, 0, 0.22, 489, 111, 7793.36, 20796, 19951
1694817764, 0, 4, 121, 0, 0, 8123.44, 1, 0, 0, 0.21, 490, 111, 7793.36, 20796, 19951
1694817768, 0, 4, 121, 0, 0, 8123.44, 1, 0, 0, 0.24, 491, 111, 7793.36, 20796, 19951
1694817771, 0, 4, 122, 0, 0, 8123.44, 1, 0, 0, 0.37, 492, 111, 7793.36, 20796, 19951
1694817775, 0, 4, 122, 0, 0, 8123.44, 1, 0, 0, 0.22, 493, 111, 7793.36, 20796, 19951
1694817781, 0, 4, 122, 0, 0, 8123.44, 1, 0, 0, 0.18, 494, 111, 7793.36, 20796, 19951
1694817784, 0, 4, 122, 0, 0, 8123.44, 1, 0, 0, 0.27, 495, 111, 7793.36, 20796, 19951
1694817789, 0, 4, 122, 0, 0, 8123.44, 1, 0, 0, 0.20, 496, 111, 7793.36, 20796, 19951
1694817793, 0, 4, 122, 0, 0, 8123.44, 1, 0, 0, 0.26, 497, 111, 7793.36, 20796, 19951
1694817798, 0, 4, 122, 0, 0, 8123.44, 1, 0, 0, 0.20, 498, 111, 7793.36, 20796, 19951
1694817802, 0, 4, 122, 0, 0, 8123.44, 1, 0, 0, 0.27, 499, 111, 7793.36, 20796, 19951
1694817807, 0, 4, 122, 0, 0, 8123.44, 1, 0, 0, 0.20, 500, 111, 7793.36, 20796, 19951
1694817811, 0, 4, 122, 0, 0, 8123.44, 1, 0, 0, 0.29, 501, 111, 7793.36, 20796, 19951
1694817814, 0, 4, 122, 0, 0, 8123.44, 1, 0, 0, 0.26, 502, 111, 7793.36, 20796, 19951
1694817818, 0, 4, 122, 0, 0, 8123.44, 1, 0, 0, 0.31, 503, 111, 7793.36, 20796, 19951
1694817823, 0, 4, 122, 0, 0, 8123.44, 1, 0, 0, 0.20, 504, 111, 7793.36, 20796, 19951
1694817826, 0, 4, 122, 0, 0, 8123.44, 1, 0, 0, 0.26, 505, 111, 7793.36, 20796, 19951
1694817831, 0, 4, 122, 0, 0, 8123.44, 1, 0, 0, 0.21, 506, 111, 7793.36, 20796, 19951
1694817835, 0, 4, 122, 0, 0, 8123.44, 1, 0, 0, 0.25, 507, 111, 7793.36, 20796, 19951
1694817840, 0, 4, 122, 0, 0, 8123.44, 1, 0, 0, 0.22, 508, 111, 7793.36, 20796, 19951
1694817844, 0, 4, 122, 0, 0, 8123.44, 1, 0, 0, 0.23, 509, 111, 7793.36, 20796, 19951
1694817849, 0, 4, 122, 0, 0, 8123.44, 1, 0, 0, 0.21, 510, 111, 7793.36, 20796, 19951
1694817853, 0, 4, 122, 0, 0, 8123.44, 1, 0, 0, 0.28, 511, 111, 7793.36, 20796, 19951
1694817857, 0, 4, 122, 0, 0, 8123.44, 1, 0, 0, 0.21, 512, 111, 7793.36, 20796, 19951
1694817862, 0, 4, 122, 0, 0, 8123.44, 1, 0, 0, 0.24, 513, 111, 7793.36, 20796, 19951
1694817866, 0, 4, 122, 0, 0, 8123.44, 1, 0, 0, 0.21, 514, 111, 7793.36, 20796, 19951
1694817870, 0, 4, 122, 0, 0, 8123.44, 1, 0, 0, 0.27, 515, 111, 7793.36, 20796, 19951
1694817875, 0, 4, 122, 0, 0, 8123.44, 1, 0, 0, 0.21, 516, 111, 7793.36, 20796, 19951
1694817879, 0, 4, 122, 0, 0, 8123.44, 1, 0, 0, 0.22, 517, 111, 7793.36, 20796, 19951
1694817885, 0, 4, 122, 0, 0, 8123.44, 1, 0, 0, 0.18, 518, 111, 7793.36, 20796, 19951
1694817888, 0, 4, 122, 0, 0, 8123.44, 1, 0, 0, 0.28, 519, 111, 7793.36, 20796, 19951
1694817893, 0, 4, 122, 0, 0, 8123.44, 1, 0, 0, 0.20, 520, 111, 7793.36, 20796, 19951
1694817897, 0, 4, 122, 0, 0, 8123.44, 1, 0, 0, 0.27, 521, 111, 7793.36, 20796, 19951
1694817903, 0, 4, 122, 0, 0, 8123.44, 1, 0, 0, 0.18, 522, 111, 7793.36, 20796, 19951
1694817908, 0, 4, 122, 0, 0, 8123.44, 1, 0, 0, 0.19, 523, 111, 7793.36, 20796, 19951
1694817912, 0, 4, 122, 0, 0, 8123.44, 1, 0, 0, 0.23, 524, 111, 7793.36, 20796, 19951
1694817918, 0, 4, 122, 0, 0, 8123.44, 1, 0, 0, 0.19, 525, 111, 7793.36, 20796, 19951
1694817925, 0, 4, 122, 0, 0, 8123.44, 1, 0, 0, 0.14, 526, 111, 7793.36, 20796, 19951
1694817930, 0, 4, 122, 0, 0, 8123.44, 1, 0, 0, 0.21, 527, 111, 7793.36, 20796, 19951
1694817934, 0, 4, 122, 0, 0, 8123.44, 1, 0, 0, 0.23, 528, 111, 7793.36, 20796, 19951
1694817939, 0, 4, 122, 0, 0, 8123.44, 1, 0, 0, 0.22, 529, 111, 7793.36, 20796, 19951
1694817942, 0, 4, 122, 0, 0, 8123.44, 1, 0, 0, 0.27, 530, 111, 7793.36, 20796, 19951
1694817947, 0, 4, 122, 0, 0, 8123.44, 1, 0, 0, 0.23, 531, 111, 7793.36, 20796, 19951
1694817951, 0, 4, 122, 0, 0, 8123.44, 1, 0, 0, 0.25, 532, 111, 7793.36, 20796, 19951
1694817956, 0, 4, 122, 0, 0, 8123.44, 1, 0, 0, 0.18, 533, 111, 7793.36, 20796, 19951
1694817960, 0, 4, 122, 0, 0, 8123.44, 1, 0, 0, 0.26, 534, 111, 7793.36, 20796, 19951
1694817966, 0, 4, 122, 0, 0, 8123.44, 1, 0, 0, 0.18, 535, 111, 7793.36, 20796, 19951
1694817969, 0, 4, 122, 0, 0, 8123.44, 1, 0, 0, 0.31, 536, 111, 7793.36, 20796, 19951
1694817974, 0, 4, 122, 0, 0, 8123.44, 1, 0, 0, 0.19, 537, 111, 7793.36, 20796, 19951
1694817978, 0, 4, 122, 0, 0, 8123.44, 1, 0, 0, 0.25, 538, 111, 7793.36, 20796, 19951
1694817983, 0, 4, 122, 0, 0, 8123.44, 1, 0, 0, 0.18, 539, 111, 7793.36, 20796, 19951
1694817987, 0, 4, 122, 0, 0, 8123.44, 1, 0, 0, 0.25, 540, 111, 7793.36, 20796, 19951
1694817993, 0, 4, 122, 0, 0, 8123.44, 1, 0, 0, 0.18, 541, 111, 7793.36, 20796, 19951
1694817997, 0, 4, 122, 0, 0, 8123.44, 1, 0, 0, 0.27, 542, 111, 7793.36, 20796, 19951
1694818002, 0, 4, 122, 0, 0, 8123.44, 1, 0, 0, 0.18, 543, 111, 7793.36, 20796, 19951
1694818006, 0, 4, 122, 0, 0, 8123.44, 1, 0, 0, 0.25, 544, 111, 7793.36, 20796, 19951
1694818012, 0, 4, 122, 0, 0, 8123.44, 1, 0, 0, 0.19, 545, 111, 7793.36, 20796, 19951
1694818016, 0, 4, 122, 0, 0, 8123.44, 1, 0, 0, 0.24, 546, 111, 7793.36, 20796, 19951
1694818020, 0, 4, 122, 0, 0, 8123.44, 1, 0, 0, 0.27, 547, 111, 7793.36, 20796, 19951
1694818024, 0, 4, 122, 0, 0, 8123.44, 1, 0, 0, 0.24, 548, 111, 7793.36, 20796, 19951
1694818029, 0, 4, 122, 0, 0, 8123.44, 1, 0, 0, 0.18, 549, 111, 7793.36, 20796, 19951
1694818033, 0, 4, 122, 0, 0, 8123.44, 1, 0, 0, 0.27, 550, 111, 7793.36, 20796, 19951
1694818037, 0, 4, 123, 0, 0, 8123.44, 1, 0, 0, 0.22, 551, 111, 7793.36, 20796, 19951
1694818041, 0, 4, 123, 0, 0, 8123.44, 1, 0, 0, 0.29, 552, 111, 7793.36, 20796, 19951
1694818047, 0, 4, 123, 0, 0, 8123.44, 1, 0, 0, 0.17, 553, 111, 7793.36, 20796, 19951
1694818050, 0, 4, 123, 0, 0, 8123.44, 1, 0, 0, 0.32, 554, 111, 7793.36, 20796, 19951
1694818055, 0, 4, 123, 0, 0, 8123.44, 1, 0, 0, 0.19, 555, 111, 7793.36, 20796, 19951
1694818058, 0, 4, 123, 0, 0, 8123.44, 1, 0, 0, 0.31, 556, 111, 7793.36, 20796, 19951
1694818063, 0, 4, 123, 0, 0, 8123.44, 1, 0, 0, 0.21, 557, 111, 7793.36, 20796, 19951
1694818067, 0, 4, 123, 0, 0, 8123.44, 1, 0, 0, 0.27, 558, 111, 7793.36, 20796, 19951
1694818069, 0, 4, 123, 0, 0, 8123.44, 1, 0, 0, 0.37, 559, 111, 7793.36, 20796, 19951
1694818073, 0, 4, 123, 0, 0, 8123.44, 1, 0, 0, 0.26, 560, 111, 7793.36, 20796, 19951
1694818077, 0, 4, 123, 0, 0, 8123.44, 1, 0, 0, 0.25, 561, 111, 7793.36, 20796, 19951
1694818083, 0, 4, 123, 0, 0, 8123.44, 1, 0, 0, 0.17, 562, 111, 7793.36, 20796, 19951
1694818087, 0, 4, 123, 0, 0, 8123.44, 1, 0, 0, 0.23, 563, 111, 7793.36, 20796, 19951
1694818092, 0, 4, 123, 0, 0, 8123.44, 1, 0, 0, 0.24, 564, 111, 7793.36, 20796, 19951
1694818096, 0, 4, 123, 0, 0, 8123.44, 1, 0, 0, 0.25, 565, 111, 7793.36, 20796, 19951
1694818101, 0, 4, 123, 0, 0, 8123.44, 1, 0, 0, 0.19, 566, 111, 7793.36, 20796, 19951
1694818105, 0, 4, 123, 0, 0, 8123.44, 1, 0, 0, 0.24, 567, 111, 7793.36, 20796, 19951
1694818111, 0, 4, 123, 0, 0, 8123.44, 1, 0, 0, 0.18, 568, 111, 7793.36, 20796, 19951
1694818114, 0, 4, 123, 0, 0, 8123.44, 1, 0, 0, 0.31, 569, 111, 7793.36, 20796, 19951
1694818119, 0, 4, 123, 0, 0, 8123.44, 1, 0, 0, 0.19, 570, 111, 7793.36, 20796, 19951
1694818123, 0, 4, 123, 0, 0, 8123.44, 1, 0, 0, 0.26, 571, 111, 7793.36, 20796, 19951
1694818128, 0, 4, 123, 0, 0, 8123.44, 1, 0, 0, 0.20, 572, 111, 7793.36, 20796, 19951
1694818132, 0, 4, 123, 0, 0, 8123.44, 1, 0, 0, 0.22, 573, 111, 7793.36, 20796, 19951
1694818138, 0, 4, 123, 0, 0, 8123.44, 1, 0, 0, 0.19, 574, 111, 7793.36, 20796, 19951
1694818142, 0, 4, 123, 0, 0, 8123.44, 1, 0, 0, 0.26, 575, 111, 7793.36, 20796, 19951
1694818147, 0, 4, 123, 0, 0, 8123.44, 1, 0, 0, 0.19, 576, 111, 7793.36, 20796, 19951
1694818151, 0, 4, 123, 0, 0, 8123.44, 1, 0, 0, 0.22, 577, 111, 7793.36, 20796, 19951
1694818157, 0, 4, 123, 0, 0, 8123.44, 1, 0, 0, 0.19, 578, 111, 7793.36, 20796, 19951
1694818161, 0, 4, 123, 0, 0, 8123.44, 1, 0, 0, 0.26, 579, 111, 7793.36, 20796, 19951
1694818166, 0, 4, 124, 0, 0, 8123.44, 1, 0, 0, 0.17, 580, 111, 7793.36, 20796, 19951
1694818171, 0, 4, 125, 0, 0, 8123.44, 1, 0, 0, 0.23, 581, 111, 7793.36, 20796, 19951
1694818176, 0, 4, 125, 0, 0, 8123.44, 1, 0, 0, 0.20, 582, 111, 7793.36, 20796, 19951
1694818179, 0, 4, 126, 0, 0, 8123.44, 1, 0, 0, 0.29, 583, 111, 7793.36, 20796, 19951
1694818184, 0, 4, 126, 0, 0, 8123.44, 1, 0, 0, 0.19, 584, 111, 7793.36, 20796, 19951
1694818189, 0, 4, 126, 0, 0, 8123.44, 1, 0, 0, 0.24, 585, 111, 7793.36, 20796, 19951
1694818194, 0, 4, 127, 0, 0, 8123.44, 1, 0, 0, 0.18, 586, 111, 7793.36, 20796, 19951
1694818198, 0, 4, 128, 0, 0, 8123.44, 1, 0, 0, 0.26, 587, 111, 7793.36, 20796, 19951
1694818204, 0, 4, 128, 0, 0, 8123.44, 1, 0, 0, 0.18, 588, 111, 7793.36, 20796, 19951
1694818208, 0, 4, 128, 0, 0, 8123.44, 1, 0, 0, 0.22, 589, 111, 7793.36, 20796, 19951
1694818214, 0, 4, 129, 0, 0, 8123.44, 1, 0, 0, 0.19, 590, 111, 7793.36, 20796, 19951
1694818218, 0, 4, 130, 0, 0, 8123.44, 1, 0, 0, 0.24, 591, 111, 7793.36, 20796, 19951
1694818223, 0, 4, 130, 0, 0, 8123.44, 1, 0, 0, 0.21, 592, 111, 7793.36, 20796, 19951
1694818227, 0, 4, 131, 0, 0, 8123.44, 1, 0, 0, 0.23, 593, 111, 7793.36, 20796, 19951
1694818232, 0, 4, 131, 0, 0, 8123.44, 1, 0, 0, 0.19, 594, 111, 7793.36, 20796, 19951
1694818237, 0, 4, 131, 0, 0, 8123.44, 1, 0, 0, 0.22, 595, 111, 7793.36, 20796, 19951
1694818243, 0, 4, 131, 0, 0, 8123.44, 1, 0, 0, 0.17, 596, 111, 7793.36, 20796, 19951
1694818247, 0, 4, 131, 0, 0, 8123.44, 1, 0, 0, 0.24, 597, 111, 7793.36, 20796, 19951
1694818252, 0, 4, 131, 0, 0, 8123.44, 1, 0, 0, 0.18, 598, 111, 7793.36, 20796, 19951
1694818257, 0, 4, 131, 0, 0, 8123.44, 1, 0, 0, 0.22, 599, 111, 7793.36, 20796, 19951
1694818262, 0, 4, 131, 0, 0, 8123.44, 1, 0, 0, 0.18, 600, 111, 7793.36, 20796, 19951
1694818267, 0, 4, 131, 0, 0, 8123.44, 1, 0, 0, 0.23, 601, 111, 7793.36, 20796, 19951
1694818271, 0, 4, 131, 0, 0, 8123.44, 1, 0, 0, 0.23, 602, 111, 7793.36, 20796, 19951
1694818275, 0, 4, 131, 0, 0, 8123.44, 1, 0, 0, 0.25, 603, 111, 7793.36, 20796, 19951
1694818279, 0, 4, 131, 0, 0, 8123.44, 1, 0, 0, 0.25, 604, 111, 7793.36, 20796, 19951
1694818284, 0, 4, 131, 0, 0, 8123.44, 1, 0, 0, 0.22, 605, 111, 7793.36, 20796, 19951
1694818289, 0, 4, 131, 0, 0, 8123.44, 1, 0, 0, 0.20, 606, 111, 7793.36, 20796, 19951
1694818294, 0, 4, 132, 0, 0, 8123.44, 1, 0, 0, 0.20, 607, 111, 7793.36, 20796, 19951
1694818299, 0, 4, 132, 0, 0, 8123.44, 1, 0, 0, 0.19, 608, 111, 7793.36, 20796, 19951
1694818306, 0, 4, 133, 0, 0, 8123.44, 1, 0, 0, 0.14, 609, 111, 7793.36, 20796, 19951
1694818312, 0, 4, 133, 0, 0, 8123.44, 1, 0, 0, 0.19, 610, 111, 7793.36, 20796, 19951
1694818314, 0, 4, 133, 0, 0, 8123.44, 1, 0, 0, 0.42, 611, 111, 7793.36, 20796, 19951
1694818319, 0, 4, 133, 0, 0, 8123.44, 1, 0, 0, 0.18, 612, 111, 7793.36, 20796, 19951
1694818323, 0, 4, 133, 0, 0, 8123.44, 1, 0, 0, 0.25, 613, 111, 7793.36, 20796, 19951
1694818329, 0, 4, 133, 0, 0, 8123.44, 1, 0, 0, 0.19, 614, 111, 7793.36, 20796, 19951
1694818333, 0, 4, 133, 0, 0, 8123.44, 1, 0, 0, 0.23, 615, 111, 7793.36, 20796, 19951
1694818339, 0, 4, 134, 0, 0, 8123.44, 1, 0, 0, 0.18, 616, 111, 7793.36, 20796, 19951
1694818343, 0, 4, 134, 0, 0, 8123.44, 1, 0, 0, 0.25, 617, 111, 7793.36, 20796, 19951
1694818348, 0, 4, 134, 0, 0, 8123.44, 1, 0, 0, 0.17, 618, 111, 7793.36, 20796, 19951
1694818352, 0, 4, 134, 0, 0, 8123.44, 1, 0, 0, 0.29, 619, 111, 7793.36, 20796, 19951
1694818357, 0, 4, 134, 0, 0, 8123.44, 1, 0, 0, 0.21, 620, 111, 7793.36, 20796, 19951
1694818361, 0, 4, 135, 0, 0, 8123.44, 1, 0, 0, 0.25, 621, 111, 7793.36, 20796, 19951
1694818366, 0, 4, 135, 0, 0, 8123.44, 1, 0, 0, 0.20, 622, 111, 7793.36, 20796, 19951
1694818370, 0, 4, 135, 0, 0, 8123.44, 1, 0, 0, 0.24, 623, 111, 7793.36, 20796, 19951
1694818375, 0, 4, 135, 0, 0, 8123.44, 1, 0, 0, 0.19, 624, 111, 7793.36, 20796, 19951
1694818380, 0, 4, 135, 0, 0, 8123.44, 1, 0, 0, 0.21, 625, 111, 7793.36, 20796, 19951
1694818385, 0, 4, 136, 0, 0, 8123.44, 1, 0, 0, 0.20, 626, 111, 7793.36, 20796, 19951
1694818390, 0, 4, 136, 0, 0, 8123.44, 1, 0, 0, 0.18, 627, 111, 7793.36, 20796, 19951
1694818397, 0, 4, 136, 0, 0, 8123.44, 1, 0, 0, 0.15, 628, 111, 7793.36, 20796, 19951
1694818401, 0, 4, 137, 0, 0, 8123.44, 1, 0, 0, 0.23, 629, 111, 7793.36, 20796, 19951
1694818407, 0, 4, 138, 0, 0, 8123.44, 1, 0, 0, 0.17, 630, 111, 7793.36, 20796, 19951
1694818412, 0, 4, 139, 0, 0, 8123.44, 1, 0, 0, 0.23, 631, 111, 7793.36, 20796, 19951
1694818417, 0, 4, 139, 0, 0, 8123.44, 1, 0, 0, 0.18, 632, 111, 7793.36, 20796, 19951
1694818421, 0, 4, 139, 0, 0, 8123.44, 1, 0, 0, 0.26, 633, 111, 7793.36, 20796, 19951
1694818426, 0, 4, 139, 0, 0, 8123.44, 1, 0, 0, 0.20, 634, 111, 7793.36, 20796, 19951
1694818430, 0, 4, 139, 0, 0, 8123.44, 1, 0, 0, 0.22, 635, 111, 7793.36, 20796, 19951
1694818436, 0, 4, 139, 0, 0, 8123.44, 1, 0, 0, 0.18, 636, 111, 7793.36, 20796, 19951
1694818440, 0, 4, 139, 0, 0, 8123.44, 1, 0, 0, 0.24, 637, 111, 7793.36, 20796, 19951
1694818445, 0, 4, 139, 0, 0, 8123.44, 1, 0, 0, 0.18, 638, 111, 7793.36, 20796, 19951
1694818450, 0, 4, 139, 0, 0, 8123.44, 1, 0, 0, 0.22, 639, 111, 7793.36, 20796, 19951
1694818455, 0, 4, 139, 0, 0, 8123.44, 1, 0, 0, 0.22, 640, 111, 7793.36, 20796, 19951
1694818459, 0, 4, 139, 0, 0, 8123.44, 1, 0, 0, 0.21, 641, 111, 7793.36, 20796, 19951
1694818465, 0, 4, 139, 0, 0, 8123.44, 1, 0, 0, 0.18, 642, 111, 7793.36, 20796, 19951
1694818469, 0, 4, 139, 0, 0, 8123.44, 1, 0, 0, 0.23, 643, 111, 7793.36, 20796, 19951
1694818474, 0, 4, 139, 0, 0, 8123.44, 1, 0, 0, 0.20, 644, 111, 7793.36, 20796, 19951
1694818479, 0, 4, 139, 0, 0, 8123.44, 1, 0, 0, 0.21, 645, 111, 7793.36, 20796, 19951
1694818484, 0, 4, 139, 0, 0, 8123.44, 1, 0, 0, 0.19, 646, 111, 7793.36, 20796, 19951
1694818489, 0, 4, 139, 0, 0, 8123.44, 1, 0, 0, 0.21, 647, 111, 7793.36, 20796, 19951
1694818494, 0, 4, 139, 0, 0, 8123.44, 1, 0, 0, 0.22, 648, 111, 7793.36, 20796, 19951
1694818498, 0, 4, 139, 0, 0, 8123.44, 1, 0, 0, 0.22, 649, 111, 7793.36, 20796, 19951
1694818504, 0, 4, 139, 0, 0, 8123.44, 1, 0, 0, 0.19, 650, 111, 7793.36, 20796, 19951
1694818508, 0, 4, 139, 0, 0, 8123.44, 1, 0, 0, 0.25, 651, 111, 7793.36, 20796, 19951
1694818513, 0, 4, 139, 0, 0, 8123.44, 1, 0, 0, 0.19, 652, 111, 7793.36, 20796, 19951
1694818517, 0, 4, 139, 0, 0, 8123.44, 1, 0, 0, 0.24, 653, 111, 7793.36, 20796, 19951
1694818520, 0, 4, 139, 0, 0, 8123.44, 1, 0, 0, 0.32, 654, 111, 7793.36, 20796, 19951
1694818525, 0, 4, 139, 0, 0, 8123.44, 1, 0, 0, 0.20, 655, 111, 7793.36, 20796, 19951
1694818529, 0, 4, 139, 0, 0, 8123.44, 1, 0, 0, 0.26, 656, 111, 7793.36, 20796, 19951
1694818533, 0, 4, 139, 0, 0, 8123.44, 1, 0, 0, 0.29, 657, 111, 7793.36, 20796, 19951
1694818537, 0, 4, 139, 0, 0, 8123.44, 1, 0, 0, 0.21, 658, 111, 7793.36, 20796, 19951
1694818542, 0, 4, 139, 0, 0, 8123.44, 1, 0, 0, 0.24, 659, 111, 7793.36, 20796, 19951
1694818546, 0, 4, 139, 0, 0, 8123.44, 1, 0, 0, 0.23, 660, 111, 7793.36, 20796, 19951
1694818549, 0, 4, 139, 0, 0, 8123.44, 1, 0, 0, 0.36, 661, 111, 7793.36, 20796, 19951
1694818552, 0, 4, 139, 0, 0, 8123.44, 1, 0, 0, 0.34, 662, 111, 7793.36, 20796, 19951
1694818555, 0, 4, 139, 0, 0, 8123.44, 1, 0, 0, 0.26, 663, 111, 7793.36, 20796, 19951
1694818559, 0, 4, 139, 0, 0, 8123.44, 1, 0, 0, 0.28, 664, 111, 7793.36, 20796, 19951
1694818563, 0, 4, 139, 0, 0, 8123.44, 1, 0, 0, 0.26, 665, 111, 7793.36, 20796, 19951
1694818565, 0, 4, 139, 0, 0, 8123.44, 1, 0, 0, 0.51, 666, 111, 7793.36, 20796, 19951
1694818568, 0, 4, 139, 0, 0, 8123.44, 1, 0, 0, 0.35, 667, 111, 7793.36, 20796, 19951
1694818570, 0, 4, 139, 0, 0, 8123.44, 1, 0, 0, 0.38, 668, 111, 7793.36, 20796, 19951
1694818573, 0, 4, 139, 0, 0, 8123.44, 1, 0, 0, 0.34, 669, 111, 7793.36, 20796, 19951
1694818576, 0, 4, 139, 0, 0, 8123.44, 1, 0, 0, 0.36, 670, 111, 7793.36, 20796, 19951
1694818580, 0, 4, 139, 0, 0, 8123.44, 1, 0, 0, 0.25, 671, 111, 7793.36, 20796, 19951
1694818584, 0, 4, 139, 0, 0, 8123.44, 1, 0, 0, 0.23, 672, 111, 7793.36, 20796, 19951
1694818589, 0, 4, 139, 0, 0, 8123.44, 1, 0, 0, 0.22, 673, 111, 7793.36, 20796, 19951
1694818592, 0, 4, 139, 0, 0, 8123.44, 1, 0, 0, 0.32, 674, 111, 7793.36, 20796, 19951
1694818596, 0, 4, 139, 0, 0, 8123.44, 1, 0, 0, 0.30, 675, 111, 7793.36, 20796, 19951
1694818600, 0, 4, 139, 0, 0, 8123.44, 1, 0, 0, 0.21, 676, 111, 7793.36, 20796, 19951
1694818604, 0, 4, 140, 0, 0, 8123.44, 1, 0, 0, 0.24, 677, 111, 7793.36, 20796, 19951
1694818609, 0, 4, 140, 0, 0, 8123.44, 1, 0, 0, 0.20, 678, 111, 7793.36, 20796, 19951
1694818614, 0, 4, 140, 0, 0, 8123.44, 1, 0, 0, 0.20, 679, 111, 7793.36, 20796, 19951
1694818619, 0, 4, 140, 0, 0, 8123.44, 1, 0, 0, 0.21, 680, 111, 7793.36, 20796, 19951
1694818625, 0, 4, 140, 0, 0, 8123.44, 1, 0, 0, 0.16, 681, 111, 7793.36, 20796, 19951
1694818630, 0, 4, 140, 0, 0, 8123.44, 1, 0, 0, 0.23, 682, 111, 7793.36, 20796, 19951
1694818635, 0, 4, 140, 0, 0, 8123.44, 1, 0, 0, 0.18, 683, 111, 7793.36, 20796, 19951
1694818639, 0, 4, 140, 0, 0, 8123.44, 1, 0, 0, 0.26, 684, 111, 7793.36, 20796, 19951
1694818644, 0, 4, 140, 0, 0, 8123.44, 1, 0, 0, 0.19, 685, 111, 7793.36, 20796, 19951
1694818649, 0, 4, 140, 0, 0, 8123.44, 1, 0, 0, 0.23, 686, 111, 7793.36, 20796, 19951
1694818654, 0, 4, 140, 0, 0, 8123.44, 1, 0, 0, 0.20, 687, 111, 7793.36, 20796, 19951
1694818658, 0, 4, 140, 0, 0, 8123.44, 1, 0, 0, 0.22, 688, 111, 7793.36, 20796, 19951
1694818663, 0, 4, 140, 0, 0, 8123.44, 1, 0, 0, 0.21, 689, 111, 7793.36, 20796, 19951
1694818668, 0, 4, 140, 0, 0, 8123.44, 1, 0, 0, 0.22, 690, 111, 7793.36, 20796, 19951
1694818673, 0, 4, 140, 0, 0, 8123.44, 1, 0, 0, 0.19, 691, 111, 7793.36, 20796, 19951
1694818678, 0, 4, 140, 0, 0, 8123.44, 1, 0, 0, 0.21, 692, 111, 7793.36, 20796, 19951
1694818683, 0, 4, 140, 0, 0, 8123.44, 1, 0, 0, 0.18, 693, 111, 7793.36, 20796, 19951
1694818688, 0, 4, 140, 0, 0, 8123.44, 1, 0, 0, 0.22, 694, 111, 7793.36, 20796, 19951
1694818694, 0, 4, 140, 0, 0, 8123.44, 1, 0, 0, 0.18, 695, 111, 7793.36, 20796, 19951
1694818698, 0, 4, 140, 0, 0, 8123.44, 1, 0, 0, 0.22, 696, 111, 7793.36, 20796, 19951
1694818703, 0, 4, 140, 0, 0, 8123.44, 1, 0, 0, 0.20, 697, 111, 7793.36, 20796, 19951
1694818707, 0, 4, 140, 0, 0, 8123.44, 1, 0, 0, 0.26, 698, 111, 7793.36, 20796, 19951
1694818713, 0, 4, 140, 0, 0, 8123.44, 1, 0, 0, 0.18, 699, 111, 7793.36, 20796, 19951
1694818717, 0, 4, 140, 0, 0, 8123.44, 1, 0, 0, 0.21, 700, 111, 7793.36, 20796, 19951
1694818723, 0, 4, 140, 0, 0, 8123.44, 1, 0, 0, 0.19, 701, 111, 7793.36, 20796, 19951
1694818727, 0, 4, 140, 0, 0, 8123.44, 1, 0, 0, 0.23, 702, 111, 7793.36, 20796, 19951
1694818732, 0, 4, 140, 0, 0, 8123.44, 1, 0, 0, 0.18, 703, 111, 7793.36, 20796, 19951
1694818736, 0, 4, 140, 0, 0, 8123.44, 1, 0, 0, 0.25, 704, 111, 7793.36, 20796, 19951
1694818742, 0, 4, 140, 0, 0, 8123.44, 1, 0, 0, 0.17, 705, 111, 7793.36, 20796, 19951
1694818747, 0, 4, 140, 0, 0, 8123.44, 1, 0, 0, 0.21, 706, 111, 7793.36, 20796, 19951
1694818753, 0, 4, 141, 0, 0, 8123.44, 1, 0, 0, 0.18, 707, 111, 7793.36, 20796, 19951
1694818757, 0, 4, 141, 0, 0, 8123.44, 1, 0, 0, 0.24, 708, 111, 7793.36, 20796, 19951
1694818762, 0, 4, 141, 0, 0, 8123.44, 1, 0, 0, 0.18, 709, 111, 7793.36, 20796, 19951
1694818767, 0, 4, 141, 0, 0, 8123.44, 1, 0, 0, 0.21, 710, 111, 7793.36, 20796, 19951
1694818770, 0, 4, 141, 0, 0, 8123.44, 1, 0, 0, 0.42, 711, 111, 7793.36, 20796, 19951
1694818775, 0, 4, 141, 0, 0, 8123.44, 1, 0, 0, 0.20, 712, 111, 7793.36, 20796, 19951
1694818780, 0, 4, 141, 0, 0, 8123.44, 1, 0, 0, 0.20, 713, 111, 7793.36, 20796, 19951
1694818784, 0, 4, 141, 0, 0, 8123.44, 1, 0, 0, 0.24, 714, 111, 7793.36, 20796, 19951
1694818789, 0, 4, 141, 0, 0, 8123.44, 1, 0, 0, 0.20, 715, 111, 7793.36, 20796, 19951
1694818793, 0, 4, 141, 0, 0, 8123.44, 1, 0, 0, 0.23, 716, 111, 7793.36, 20796, 19951
1694818799, 0, 4, 141, 0, 0, 8123.44, 1, 0, 0, 0.17, 717, 111, 7793.36, 20796, 19951
1694818804, 0, 4, 141, 0, 0, 8123.44, 1, 0, 0, 0.21, 718, 111, 7793.36, 20796, 19951
1694818809, 0, 4, 141, 0, 0, 8123.44, 1, 0, 0, 0.18, 719, 111, 7793.36, 20796, 19951
1694818812, 0, 4, 141, 0, 0, 8123.44, 1, 0, 0, 0.35, 720, 111, 7793.36, 20796, 19951
1694818818, 0, 4, 141, 0, 0, 8123.44, 1, 0, 0, 0.18, 721, 111, 7793.36, 20796, 19951
1694818822, 0, 4, 141, 0, 0, 8123.44, 1, 0, 0, 0.24, 722, 111, 7793.36, 20796, 19951
1694818827, 0, 4, 141, 0, 0, 8123.44, 1, 0, 0, 0.20, 723, 111, 7793.36, 20796, 19951
1694818832, 0, 4, 141, 0, 0, 8123.44, 1, 0, 0, 0.22, 724, 111, 7793.36, 20796, 19951
1694818836, 0, 4, 141, 0, 0, 8123.44, 1, 0, 0, 0.21, 725, 111, 7793.36, 20796, 19951
1694818841, 0, 4, 141, 0, 0, 8123.44, 1, 0, 0, 0.22, 726, 111, 7793.36, 20796, 19951
1694818847, 0, 4, 141, 0, 0, 8123.44, 1, 0, 0, 0.17, 727, 111, 7793.36, 20796, 19951
1694818852, 0, 4, 141, 0, 0, 8123.44, 1, 0, 0, 0.20, 728, 111, 7793.36, 20796, 19951
1694818858, 0, 4, 141, 0, 0, 8123.44, 1, 0, 0, 0.18, 729, 111, 7793.36, 20796, 19951
1694818863, 0, 4, 141, 0, 0, 8123.44, 1, 0, 0, 0.20, 730, 111, 7793.36, 20796, 19951
1694818868, 0, 4, 141, 0, 0, 8123.44, 1, 0, 0, 0.18, 731, 111, 7793.36, 20796, 19951
1694818874, 0, 4, 141, 0, 0, 8123.44, 1, 0, 0, 0.18, 732, 111, 7793.36, 20796, 19951
1694818879, 0, 4, 141, 0, 0, 8123.44, 1, 0, 0, 0.20, 733, 111, 7793.36, 20796, 19951
1694818883, 0, 4, 141, 0, 0, 8123.44, 1, 0, 0, 0.24, 734, 111, 7793.36, 20796, 19951
1694818889, 0, 4, 141, 0, 0, 8123.44, 1, 0, 0, 0.17, 735, 111, 7793.36, 20796, 19951
1694818894, 0, 4, 141, 0, 0, 8123.44, 1, 0, 0, 0.20, 736, 111, 7793.36, 20796, 19951
1694818899, 0, 4, 141, 0, 0, 8123.44, 1, 0, 0, 0.20, 737, 111, 7793.36, 20796, 19951
1694818904, 0, 4, 141, 0, 0, 8123.44, 1, 0, 0, 0.21, 738, 111, 7793.36, 20796, 19951
1694818909, 0, 4, 141, 0, 0, 8123.44, 1, 0, 0, 0.19, 739, 111, 7793.36, 20796, 19951
1694818914, 0, 4, 141, 0, 0, 8123.44, 1, 0, 0, 0.20, 740, 111, 7793.36, 20796, 19951
1694818920, 0, 4, 141, 0, 0, 8123.44, 1, 0, 0, 0.17, 741, 111, 7793.36, 20796, 19951
1694818924, 0, 4, 141, 0, 0, 8123.44, 1, 0, 0, 0.22, 742, 111, 7793.36, 20796, 19951
1694818930, 0, 4, 141, 0, 0, 8123.44, 1, 0, 0, 0.17, 743, 111, 7793.36, 20796, 19951
1694818935, 0, 4, 141, 0, 0, 8123.44, 1, 0, 0, 0.20, 744, 111, 7793.36, 20796, 19951
1694818941, 0, 4, 141, 0, 0, 8123.44, 1, 0, 0, 0.17, 745, 111, 7793.36, 20796, 19951
1694818945, 0, 4, 141, 0, 0, 8123.44, 1, 0, 0, 0.24, 746, 111, 7793.36, 20796, 19951
1694818950, 0, 4, 141, 0, 0, 8123.44, 1, 0, 0, 0.20, 747, 111, 7793.36, 20796, 19951
1694818955, 0, 4, 141, 0, 0, 8123.44, 1, 0, 0, 0.22, 748, 111, 7793.36, 20796, 19951
1694818960, 0, 4, 141, 0, 0, 8123.44, 1, 0, 0, 0.18, 749, 111, 7793.36, 20796, 19951
1694818965, 0, 4, 141, 0, 0, 8123.44, 1, 0, 0, 0.22, 750, 111, 7793.36, 20796, 19951
1694818970, 0, 4, 141, 0, 0, 8123.44, 1, 0, 0, 0.18, 751, 111, 7793.36, 20796, 19951
1694818974, 0, 4, 141, 0, 0, 8123.44, 1, 0, 0, 0.24, 752, 111, 7793.36, 20796, 19951
1694818980, 0, 4, 141, 0, 0, 8123.44, 1, 0, 0, 0.19, 753, 111, 7793.36, 20796, 19951
1694818984, 0, 4, 141, 0, 0, 8123.44, 1, 0, 0, 0.22, 754, 111, 7793.36, 20796, 19951
1694818990, 0, 4, 141, 0, 0, 8123.44, 1, 0, 0, 0.17, 755, 111, 7793.36, 20796, 19951
1694818995, 0, 4, 141, 0, 0, 8123.44, 1, 0, 0, 0.21, 756, 111, 7793.36, 20796, 19951
1694819000, 0, 4, 141, 0, 0, 8123.44, 1, 0, 0, 0.20, 757, 111, 7793.36, 20796, 19951
1694819005, 0, 4, 141, 0, 0, 8123.44, 1, 0, 0, 0.21, 758, 111, 7793.36, 20796, 19951
1694819010, 0, 4, 142, 0, 0, 8123.44, 1, 0, 0, 0.18, 759, 111, 7793.36, 20796, 19951
1694819015, 0, 4, 142, 0, 0, 8123.44, 1, 0, 0, 0.19, 760, 111, 7793.36, 20796, 19951
1694819021, 0, 4, 142, 0, 0, 8123.44, 1, 0, 0, 0.19, 761, 111, 7793.36, 20796, 19951
1694819026, 0, 4, 143, 0, 0, 8123.44, 1, 0, 0, 0.20, 762, 111, 7793.36, 20796, 19951
1694819031, 0, 4, 143, 0, 0, 8123.44, 1, 0, 0, 0.20, 763, 111, 7793.36, 20796, 19951
1694819035, 0, 4, 143, 0, 0, 8123.44, 1, 0, 0, 0.21, 764, 111, 7793.36, 20796, 19951
1694819041, 0, 4, 143, 0, 0, 8123.44, 1, 0, 0, 0.16, 765, 111, 7793.36, 20796, 19951
1694819046, 0, 4, 143, 0, 0, 8123.44, 1, 0, 0, 0.20, 766, 111, 7793.36, 20796, 19951
1694819052, 0, 4, 143, 0, 0, 8123.44, 1, 0, 0, 0.18, 767, 111, 7793.36, 20796, 19951
1694819056, 0, 4, 143, 0, 0, 8123.44, 1, 0, 0, 0.23, 768, 111, 7793.36, 20796, 19951
1694819062, 0, 4, 143, 0, 0, 8123.44, 1, 0, 0, 0.17, 769, 111, 7793.36, 20796, 19951
1694819067, 0, 4, 143, 0, 0, 8123.44, 1, 0, 0, 0.22, 770, 111, 7793.36, 20796, 19951
1694819072, 0, 4, 143, 0, 0, 8123.44, 1, 0, 0, 0.19, 771, 111, 7793.36, 20796, 19951
1694819076, 0, 4, 143, 0, 0, 8123.44, 1, 0, 0, 0.23, 772, 111, 7793.36, 20796, 19951
1694819081, 0, 4, 143, 0, 0, 8123.44, 1, 0, 0, 0.22, 773, 111, 7793.36, 20796, 19951
1694819086, 0, 4, 143, 0, 0, 8123.44, 1, 0, 0, 0.21, 774, 111, 7793.36, 20796, 19951
1694819091, 0, 4, 143, 0, 0, 8123.44, 1, 0, 0, 0.17, 775, 111, 7793.36, 20796, 19951
1694819097, 0, 4, 143, 0, 0, 8123.44, 1, 0, 0, 0.20, 776, 111, 7793.36, 20796, 19951
1694819102, 0, 4, 143, 0, 0, 8123.44, 1, 0, 0, 0.17, 777, 111, 7793.36, 20796, 19951
1694819106, 0, 4, 143, 0, 0, 8123.44, 1, 0, 0, 0.24, 778, 111, 7793.36, 20796, 19951
1694819112, 0, 4, 143, 0, 0, 8123.44, 1, 0, 0, 0.20, 779, 111, 7793.36, 20796, 19951
1694819117, 0, 4, 143, 0, 0, 8123.44, 1, 0, 0, 0.18, 780, 111, 7793.36, 20796, 19951
1694819123, 0, 4, 143, 0, 0, 8123.44, 1, 0, 0, 0.18, 781, 111, 7793.36, 20796, 19951
1694819127, 0, 4, 143, 0, 0, 8123.44, 1, 0, 0, 0.23, 782, 111, 7793.36, 20796, 19951
1694819133, 0, 4, 143, 0, 0, 8123.44, 1, 0, 0, 0.18, 783, 111, 7793.36, 20796, 19951
1694819137, 0, 4, 143, 0, 0, 8123.44, 1, 0, 0, 0.21, 784, 111, 7793.36, 20796, 19951
1694819141, 0, 4, 144, 0, 0, 8123.44, 1, 0, 0, 0.26, 785, 111, 7793.36, 20796, 19951
1694819147, 0, 4, 144, 0, 0, 8123.44, 1, 0, 0, 0.18, 786, 111, 7793.36, 20796, 19951
1694819152, 0, 4, 144, 0, 0, 8123.44, 1, 0, 0, 0.18, 787, 111, 7793.36, 20796, 19951
1694819157, 0, 4, 144, 0, 0, 8123.44, 1, 0, 0, 0.19, 788, 111, 7793.36, 20796, 19951
1694819163, 0, 4, 144, 0, 0, 8123.44, 1, 0, 0, 0.17, 789, 111, 7793.36, 20796, 19951
1694819168, 0, 4, 144, 0, 0, 8123.44, 1, 0, 0, 0.22, 790, 111, 7793.36, 20796, 19951
1694819174, 0, 4, 144, 0, 0, 8123.44, 1, 0, 0, 0.17, 791, 111, 7793.36, 20796, 19951
1694819178, 0, 4, 144, 0, 0, 8123.44, 1, 0, 0, 0.21, 792, 111, 7793.36, 20796, 19951
1694819184, 0, 4, 144, 0, 0, 8123.44, 1, 0, 0, 0.17, 793, 111, 7793.36, 20796, 19951
1694819189, 0, 4, 144, 0, 0, 8123.44, 1, 0, 0, 0.19, 794, 111, 7793.36, 20796, 19951
1694819195, 0, 4, 145, 0, 0, 8123.44, 1, 0, 0, 0.16, 795, 111, 7793.36, 20796, 19951
1694819200, 0, 4, 145, 0, 0, 8123.44, 1, 0, 0, 0.22, 796, 111, 7793.36, 20796, 19951
1694819203, 0, 4, 145, 0, 0, 8123.44, 1, 0, 0, 0.29, 797, 111, 7793.36, 20796, 19951
1694819209, 0, 4, 146, 0, 0, 8123.44, 1, 0, 0, 0.17, 798, 111, 7793.36, 20796, 19951
1694819215, 0, 4, 146, 0, 0, 8123.44, 1, 0, 0, 0.18, 799, 111, 7793.36, 20796, 19951
1694819220, 0, 4, 146, 0, 0, 8123.44, 1, 0, 0, 0.20, 800, 111, 7793.36, 20796, 19951
1694819226, 0, 4, 147, 0, 0, 8123.44, 1, 0, 0, 0.18, 801, 111, 7793.36, 20796, 19951
1694819230, 0, 4, 147, 0, 0, 8123.44, 1, 0, 0, 0.21, 802, 111, 7793.36, 20796, 19951
1694819235, 0, 4, 147, 0, 0, 8123.44, 1, 0, 0, 0.20, 803, 111, 7793.36, 20796, 19951
1694819240, 0, 4, 147, 0, 0, 8123.44, 1, 0, 0, 0.20, 804, 111, 7793.36, 20796, 19951
1694819257, 0, 4, 148, 0, 0, 8123.44, 1, 0, 0, 0.06, 805, 111, 7793.36, 20796, 19951
1694819262, 0, 4, 148, 0, 0, 8123.44, 1, 0, 0, 0.22, 806, 111, 7793.36, 20796, 19951
1694819265, 0, 4, 148, 0, 0, 8123.44, 1, 0, 0, 0.32, 807, 111, 7793.36, 20796, 19951
1694819268, 0, 4, 148, 0, 0, 8123.44, 1, 0, 0, 0.33, 808, 111, 7793.36, 20796, 19951
1694819272, 0, 4, 148, 0, 0, 8123.44, 1, 0, 0, 0.24, 809, 111, 7793.36, 20796, 19951
1694819276, 0, 4, 148, 0, 0, 8123.44, 1, 0, 0, 0.25, 810, 111, 7793.36, 20796, 19951
1694819279, 0, 4, 148, 0, 0, 8123.44, 1, 0, 0, 0.35, 811, 111, 7793.36, 20796, 19951
1694819283, 0, 4, 149, 0, 0, 8123.44, 1, 0, 0, 0.25, 812, 111, 7793.36, 20796, 19951
1694819286, 0, 4, 150, 0, 0, 8123.44, 1, 0, 0, 0.30, 813, 111, 7793.36, 20796, 19951
1694819289, 0, 4, 150, 0, 0, 8123.44, 1, 0, 0, 0.32, 814, 111, 7793.36, 20796, 19951
1694819292, 0, 4, 150, 0, 0, 8123.44, 1, 0, 0, 0.36, 815, 111, 7793.36, 20796, 19951
1694819295, 0, 4, 150, 0, 0, 8123.44, 1, 0, 0, 0.31, 816, 111, 7793.36, 20796, 19951
1694819307, 0, 4, 150, 0, 0, 8123.44, 1, 0, 0, 0.09, 817, 111, 7793.36, 20796, 19951
1694819311, 0, 4, 150, 0, 0, 8123.44, 1, 0, 0, 0.24, 818, 111, 7793.36, 20796, 19951
1694819319, 0, 4, 150, 0, 0, 8123.44, 1, 0, 0, 0.12, 819, 111, 7793.36, 20796, 19951
1694819324, 0, 4, 150, 0, 0, 8123.44, 1, 0, 0, 0.21, 820, 111, 7793.36, 20796, 19951
1694819333, 0, 4, 150, 0, 0, 8123.44, 1, 0, 0, 0.12, 821, 111, 7793.36, 20796, 19951
1694819336, 0, 4, 150, 0, 0, 8123.44, 1, 0, 0, 0.28, 822, 111, 7793.36, 20796, 19951
1694819340, 0, 4, 150, 0, 0, 8123.44, 1, 0, 0, 0.28, 823, 111, 7793.36, 20796, 19951
1694819345, 0, 4, 150, 0, 0, 8123.44, 1, 0, 0, 0.21, 824, 111, 7793.36, 20796, 19951
1694819356, 0, 4, 150, 0, 0, 8123.44, 1, 0, 0, 0.09, 825, 111, 7793.36, 20796, 19951
1694819360, 0, 4, 150, 0, 0, 8123.44, 1, 0, 0, 0.27, 826, 111, 7793.36, 20796, 19951
1694819368, 0, 4, 150, 0, 0, 8123.44, 1, 0, 0, 0.12, 827, 111, 7793.36, 20796, 19951
1694819371, 0, 4, 150, 0, 0, 8123.44, 1, 0, 0, 0.30, 828, 111, 7793.36, 20796, 19951
1694819379, 0, 4, 150, 0, 0, 8123.44, 1, 0, 0, 0.13, 829, 111, 7793.36, 20796, 19951
1694819382, 0, 4, 150, 0, 0, 8123.44, 1, 0, 0, 0.33, 830, 111, 7793.36, 20796, 19951
1694819393, 0, 4, 150, 0, 0, 8123.44, 1, 0, 0, 0.09, 831, 111, 7793.36, 20796, 19951
1694819397, 0, 4, 150, 0, 0, 8123.44, 1, 0, 0, 0.27, 832, 111, 7793.36, 20796, 19951
1694819401, 0, 4, 150, 0, 0, 8123.44, 1, 0, 0, 0.25, 833, 111, 7793.36, 20796, 19951
1694819405, 0, 4, 150, 0, 0, 8123.44, 1, 0, 0, 0.22, 834, 111, 7793.36, 20796, 19951
1694819414, 0, 4, 150, 0, 0, 8123.44, 1, 0, 0, 0.12, 835, 111, 7793.36, 20796, 19951
1694819418, 0, 4, 150, 0, 0, 8123.44, 1, 0, 0, 0.26, 836, 111, 7793.36, 20796, 19951
1694819422, 0, 4, 150, 0, 0, 8123.44, 1, 0, 0, 0.21, 837, 111, 7793.36, 20796, 19951
1694819428, 0, 4, 150, 0, 0, 8123.44, 1, 0, 0, 0.19, 838, 111, 7793.36, 20796, 19951
1694819433, 0, 4, 150, 0, 0, 8123.44, 1, 0, 0, 0.20, 839, 111, 7793.36, 20796, 19951
1694819438, 0, 4, 150, 0, 0, 8123.44, 1, 0, 0, 0.17, 840, 111, 7793.36, 20796, 19951
1694819443, 0, 4, 150, 0, 0, 8123.44, 1, 0, 0, 0.20, 841, 111, 7793.36, 20796, 19951
1694819449, 0, 4, 150, 0, 0, 8123.44, 1, 0, 0, 0.18, 842, 111, 7793.36, 20796, 19951
1694819454, 0, 4, 150, 0, 0, 8123.44, 1, 0, 0, 0.19, 843, 111, 7793.36, 20796, 19951
1694819460, 0, 4, 150, 0, 0, 8123.44, 1, 0, 0, 0.16, 844, 111, 7793.36, 20796, 19951
1694819484, 0, 4, 151, 0, 0, 8123.44, 1, 0, 0, 0.04, 845, 111, 7793.36, 20796, 19951
1694819489, 0, 4, 151, 0, 0, 8123.44, 1, 0, 0, 0.20, 846, 111, 7793.36, 20796, 19951
1694819497, 0, 4, 151, 0, 0, 8123.44, 1, 0, 0, 0.11, 847, 111, 7793.36, 20796, 19951
1694819501, 0, 4, 151, 0, 0, 8123.44, 1, 0, 0, 0.27, 848, 111, 7793.36, 20796, 19951
1694819506, 0, 4, 151, 0, 0, 8123.44, 1, 0, 0, 0.20, 849, 111, 7793.36, 20796, 19951
1694819511, 0, 4, 151, 0, 0, 8123.44, 1, 0, 0, 0.22, 850, 111, 7793.36, 20796, 19951
1694819514, 0, 4, 151, 0, 0, 8123.44, 1, 0, 0, 0.28, 851, 111, 7793.36, 20796, 19951
1694819519, 0, 4, 151, 0, 0, 8123.44, 1, 0, 0, 0.21, 852, 111, 7793.36, 20796, 19951
1694819524, 0, 4, 151, 0, 0, 8123.44, 1, 0, 0, 0.22, 853, 111, 7793.36, 20796, 19951
1694819529, 0, 4, 151, 0, 0, 8123.44, 1, 0, 0, 0.19, 854, 111, 7793.36, 20796, 19951
1694819538, 0, 4, 151, 0, 0, 8123.44, 1, 0, 0, 0.11, 855, 111, 7793.36, 20796, 19951
1694819542, 0, 4, 151, 0, 0, 8123.44, 1, 0, 0, 0.27, 856, 111, 7793.36, 20796, 19951
1694819547, 0, 4, 151, 0, 0, 8123.44, 1, 0, 0, 0.21, 857, 111, 7793.36, 20796, 19951
1694819550, 0, 4, 151, 0, 0, 8123.44, 1, 0, 0, 0.28, 858, 111, 7793.36, 20796, 19951
1694819557, 0, 4, 151, 0, 0, 8123.44, 1, 0, 0, 0.16, 859, 111, 7793.36, 20796, 19951
1694819565, 0, 4, 151, 0, 0, 8123.44, 1, 0, 0, 0.11, 860, 111, 7793.36, 20796, 19951
1694819570, 0, 4, 151, 0, 0, 8123.44, 1, 0, 0, 0.21, 861, 111, 7793.36, 20796, 19951
1694819580, 0, 4, 151, 0, 0, 8123.44, 1, 0, 0, 0.10, 862, 111, 7793.36, 20796, 19951
1694819586, 0, 4, 151, 0, 0, 8123.44, 1, 0, 0, 0.18, 863, 111, 7793.36, 20796, 19951
1694819589, 0, 4, 151, 0, 0, 8123.44, 1, 0, 0, 0.30, 864, 111, 7793.36, 20796, 19951
1694819594, 0, 4, 151, 0, 0, 8123.44, 1, 0, 0, 0.20, 865, 111, 7793.36, 20796, 19951
1694819607, 0, 4, 151, 0, 0, 8123.44, 1, 0, 0, 0.08, 866, 111, 7793.36, 20796, 19951
1694819612, 0, 4, 151, 0, 0, 8123.44, 1, 0, 0, 0.21, 867, 111, 7793.36, 20796, 19951
1694819615, 0, 4, 151, 0, 0, 8123.44, 1, 0, 0, 0.26, 868, 111, 7793.36, 20796, 19951
1694819620, 0, 4, 151, 0, 0, 8123.44, 1, 0, 0, 0.23, 869, 111, 7793.36, 20796, 19951
1694819659, 0, 4, 152, 0, 0, 8123.44, 1, 0, 0, 0.03, 870, 111, 7793.36, 20796, 19951
1694819662, 0, 4, 152, 0, 0, 8123.44, 1, 0, 0, 0.33, 871, 111, 7793.36, 20796, 19951
1694819667, 0, 4, 152, 0, 0, 8123.44, 1, 0, 0, 0.21, 872, 111, 7793.36, 20796, 19951
1694819672, 0, 4, 152, 0, 0, 8123.44, 1, 0, 0, 0.21, 873, 111, 7793.36, 20796, 19951
1694819676, 0, 4, 152, 0, 0, 8123.44, 1, 0, 0, 0.25, 874, 111, 7793.36, 20796, 19951
1694819681, 0, 4, 152, 0, 0, 8123.44, 1, 0, 0, 0.19, 875, 111, 7793.36, 20796, 19951
1694819686, 0, 4, 152, 0, 0, 8123.44, 1, 0, 0, 0.19, 876, 111, 7793.36, 20796, 19951
1694819691, 0, 4, 152, 0, 0, 8123.44, 1, 0, 0, 0.19, 877, 111, 7793.36, 20796, 19951
1694819697, 0, 4, 152, 0, 0, 8123.44, 1, 0, 0, 0.19, 878, 111, 7793.36, 20796, 19951
1694819702, 0, 4, 152, 0, 0, 8123.44, 1, 0, 0, 0.18, 879, 111, 7793.36, 20796, 19951
1694819707, 0, 4, 152, 0, 0, 8123.44, 1, 0, 0, 0.22, 880, 111, 7793.36, 20796, 19951
1694819711, 0, 4, 152, 0, 0, 8123.44, 1, 0, 0, 0.22, 881, 111, 7793.36, 20796, 19951
1694819717, 0, 4, 152, 0, 0, 8123.44, 1, 0, 0, 0.19, 882, 111, 7793.36, 20796, 19951
1694819723, 0, 4, 152, 0, 0, 8123.44, 1, 0, 0, 0.16, 883, 111, 7793.36, 20796, 19951
1694819728, 0, 4, 152, 0, 0, 8123.44, 1, 0, 0, 0.18, 884, 111, 7793.36, 20796, 19951
1694819734, 0, 4, 152, 0, 0, 8123.44, 1, 0, 0, 0.18, 885, 111, 7793.36, 20796, 19951
1694819738, 0, 4, 152, 0, 0, 8123.44, 1, 0, 0, 0.22, 886, 111, 7793.36, 20796, 19951
1694819744, 0, 4, 152, 0, 0, 8123.44, 1, 0, 0, 0.18, 887, 111, 7793.36, 20796, 19951
1694819749, 0, 4, 152, 0, 0, 8123.44, 1, 0, 0, 0.21, 888, 111, 7793.36, 20796, 19951
1694819754, 0, 4, 152, 0, 0, 8123.44, 1, 0, 0, 0.18, 889, 111, 7793.36, 20796, 19951
1694819759, 0, 4, 152, 0, 0, 8123.44, 1, 0, 0, 0.19, 890, 111, 7793.36, 20796, 19951
1694819766, 0, 4, 152, 0, 0, 8123.44, 1, 0, 0, 0.16, 891, 111, 7793.36, 20796, 19951
1694819771, 0, 4, 152, 0, 0, 8123.44, 1, 0, 0, 0.18, 892, 111, 7793.36, 20796, 19951
1694819777, 0, 4, 152, 0, 0, 8123.44, 1, 0, 0, 0.19, 893, 111, 7793.36, 20796, 19951
1694819783, 0, 4, 152, 0, 0, 8123.44, 1, 0, 0, 0.16, 894, 111, 7793.36, 20796, 19951
1694819789, 0, 4, 152, 0, 0, 8123.44, 1, 0, 0, 0.17, 895, 111, 7793.36, 20796, 19951
1694819794, 0, 4, 152, 0, 0, 8123.44, 1, 0, 0, 0.20, 896, 111, 7793.36, 20796, 19951
1694819800, 0, 4, 152, 0, 0, 8123.44, 1, 0, 0, 0.18, 897, 111, 7793.36, 20796, 19951
1694819805, 0, 4, 152, 0, 0, 8123.44, 1, 0, 0, 0.19, 898, 111, 7793.36, 20796, 19951
1694819810, 0, 4, 152, 0, 0, 8123.44, 1, 0, 0, 0.18, 899, 111, 7793.36, 20796, 19951
1694819816, 0, 4, 152, 0, 0, 8123.44, 1, 0, 0, 0.19, 900, 111, 7793.36, 20796, 19951
1694819821, 0, 4, 152, 0, 0, 8123.44, 1, 0, 0, 0.17, 901, 111, 7793.36, 20796, 19951
1694819827, 0, 4, 152, 0, 0, 8123.44, 1, 0, 0, 0.19, 902, 111, 7793.36, 20796, 19951
1694819832, 0, 4, 152, 0, 0, 8123.44, 1, 0, 0, 0.19, 903, 111, 7793.36, 20796, 19951
1694819837, 0, 4, 152, 0, 0, 8123.44, 1, 0, 0, 0.21, 904, 111, 7793.36, 20796, 19951
1694819843, 0, 4, 152, 0, 0, 8123.44, 1, 0, 0, 0.17, 905, 111, 7793.36, 20796, 19951
1694819848, 0, 4, 152, 0, 0, 8123.44, 1, 0, 0, 0.19, 906, 111, 7793.36, 20796, 19951
1694819853, 0, 4, 152, 0, 0, 8123.44, 1, 0, 0, 0.19, 907, 111, 7793.36, 20796, 19951
1694819858, 0, 4, 152, 0, 0, 8123.44, 1, 0, 0, 0.23, 908, 111, 7793.36, 20796, 19951
1694819863, 0, 4, 152, 0, 0, 8123.44, 1, 0, 0, 0.18, 909, 111, 7793.36, 20796, 19951
1694819866, 0, 4, 153, 0, 0, 8123.44, 1, 0, 0, 0.32, 910, 111, 7793.36, 20796, 19951
1694819872, 0, 4, 153, 0, 0, 8123.44, 1, 0, 0, 0.18, 911, 111, 7793.36, 20796, 19951
1694819877, 0, 4, 153, 0, 0, 8123.44, 1, 0, 0, 0.19, 912, 111, 7793.36, 20796, 19951
1694819883, 0, 4, 153, 0, 0, 8123.44, 1, 0, 0, 0.17, 913, 111, 7793.36, 20796, 19951
1694819888, 0, 4, 154, 0, 0, 8123.44, 1, 0, 0, 0.19, 914, 111, 7793.36, 20796, 19951
1694819894, 0, 4, 154, 0, 0, 8123.44, 1, 0, 0, 0.19, 915, 111, 7793.36, 20796, 19951
1694819897, 0, 4, 154, 0, 0, 8123.44, 1, 0, 0, 0.31, 916, 111, 7793.36, 20796, 19951
1694819903, 0, 4, 154, 0, 0, 8123.44, 1, 0, 0, 0.16, 917, 111, 7793.36, 20796, 19951
1694819908, 0, 4, 154, 0, 0, 8123.44, 1, 0, 0, 0.22, 918, 111, 7793.36, 20796, 19951
1694819913, 0, 4, 154, 0, 0, 8123.44, 1, 0, 0, 0.17, 919, 111, 7793.36, 20796, 19951
1694819918, 0, 4, 154, 0, 0, 8123.44, 1, 0, 0, 0.22, 920, 111, 7793.36, 20796, 19951
1694819924, 0, 4, 154, 0, 0, 8123.44, 1, 0, 0, 0.17, 921, 111, 7793.36, 20796, 19951
1694819929, 0, 4, 154, 0, 0, 8123.44, 1, 0, 0, 0.20, 922, 111, 7793.36, 20796, 19951
1694819935, 0, 4, 154, 0, 0, 8123.44, 1, 0, 0, 0.16, 923, 111, 7793.36, 20796, 19951
1694819940, 0, 4, 154, 0, 0, 8123.44, 1, 0, 0, 0.23, 924, 111, 7793.36, 20796, 19951
1694819946, 0, 4, 154, 0, 0, 8123.44, 1, 0, 0, 0.16, 925, 111, 7793.36, 20796, 19951
1694819949, 0, 4, 154, 0, 0, 8123.44, 1, 0, 0, 0.32, 926, 111, 7793.36, 20796, 19951
1694819949, 0, 4, 154, 0, 0, 8123.44, 1, 0, 0, 0.00, 926, 111, 7793.36, 20796, 19951
