# unix_time, cycles_done, cur_path, paths_total, pending_total, pending_favs, map_size, unique_crashes, unique_hangs, max_depth, execs_per_sec, valid_inputs, invalid_inputs, valid_cov, all_covered_probes, valid_covered_probes
1693415947, 0, 0, 1, 0, 0, 2527.34, 0, 0, 0, 0.03, 0, 1, 0.00, 6470, 0
1693415970, 0, 0, 2, 0, 0, 2589.84, 0, 0, 0, 0.04, 0, 2, 0.00, 6630, 0
1693415993, 0, 0, 3, 0, 0, 2591.80, 0, 0, 0, 0.04, 0, 3, 0.00, 6635, 0
1693416016, 0, 0, 3, 0, 0, 2591.80, 0, 0, 0, 0.04, 0, 4, 0.00, 6635, 0
1693416037, 0, 0, 3, 0, 0, 2591.80, 0, 0, 0, 0.05, 0, 5, 0.00, 6635, 0
1693416060, 0, 0, 3, 0, 0, 2591.80, 0, 0, 0, 0.04, 0, 6, 0.00, 6635, 0
1693416086, 0, 0, 3, 0, 0, 2591.80, 0, 0, 0, 0.04, 0, 7, 0.00, 6635, 0
1693416107, 0, 0, 3, 0, 0, 2591.80, 0, 0, 0, 0.05, 0, 8, 0.00, 6635, 0
1693416130, 0, 0, 3, 0, 0, 2591.80, 0, 0, 0, 0.04, 0, 9, 0.00, 6635, 0
1693416153, 0, 0, 3, 0, 0, 2591.80, 0, 0, 0, 0.04, 0, 10, 0.00, 6635, 0
1693416171, 0, 0, 3, 0, 0, 2591.80, 0, 0, 0, 0.05, 0, 11, 0.00, 6635, 0
1693416184, 0, 0, 3, 0, 0, 2591.80, 0, 0, 0, 0.08, 0, 12, 0.00, 6635, 0
1693416197, 0, 0, 3, 0, 0, 2591.80, 0, 0, 0, 0.08, 0, 13, 0.00, 6635, 0
1693416209, 0, 0, 3, 0, 0, 2591.80, 0, 0, 0, 0.08, 0, 14, 0.00, 6635, 0
1693416221, 0, 0, 3, 0, 0, 2591.80, 0, 0, 0, 0.09, 0, 15, 0.00, 6635, 0
1693416233, 0, 0, 3, 0, 0, 2591.80, 0, 0, 0, 0.08, 0, 16, 0.00, 6635, 0
1693416245, 0, 0, 3, 0, 0, 2591.80, 0, 0, 0, 0.08, 0, 17, 0.00, 6635, 0
1693416257, 0, 0, 3, 0, 0, 2591.80, 0, 0, 0, 0.08, 0, 18, 0.00, 6635, 0
1693416269, 0, 0, 3, 0, 0, 2591.80, 0, 0, 0, 0.08, 0, 19, 0.00, 6635, 0
1693416281, 0, 0, 3, 0, 0, 2591.80, 0, 0, 0, 0.08, 0, 20, 0.00, 6635, 0
1693416293, 0, 0, 3, 0, 0, 2591.80, 0, 0, 0, 0.08, 0, 21, 0.00, 6635, 0
1693416305, 0, 0, 3, 0, 0, 2591.80, 0, 0, 0, 0.08, 0, 22, 0.00, 6635, 0
1693416318, 0, 0, 3, 0, 0, 2591.80, 0, 0, 0, 0.08, 0, 23, 0.00, 6635, 0
1693416330, 0, 0, 3, 0, 0, 2591.80, 0, 0, 0, 0.08, 0, 24, 0.00, 6635, 0
1693416342, 0, 0, 3, 0, 0, 2591.80, 0, 0, 0, 0.08, 0, 25, 0.00, 6635, 0
1693416354, 0, 0, 3, 0, 0, 2591.80, 0, 0, 0, 0.08, 0, 26, 0.00, 6635, 0
1693416366, 0, 0, 3, 0, 0, 2591.80, 0, 0, 0, 0.09, 0, 27, 0.00, 6635, 0
1693416377, 0, 0, 3, 0, 0, 2591.80, 0, 0, 0, 0.09, 0, 28, 0.00, 6635, 0
1693416389, 0, 0, 3, 0, 0, 2591.80, 0, 0, 0, 0.08, 0, 29, 0.00, 6635, 0
1693416401, 0, 0, 3, 0, 0, 2591.80, 0, 0, 0, 0.08, 0, 30, 0.00, 6635, 0
1693416414, 0, 0, 3, 0, 0, 2591.80, 0, 0, 0, 0.08, 0, 31, 0.00, 6635, 0
1693416427, 0, 0, 3, 0, 0, 2591.80, 0, 0, 0, 0.08, 0, 32, 0.00, 6635, 0
1693416439, 0, 0, 3, 0, 0, 2591.80, 0, 0, 0, 0.08, 0, 33, 0.00, 6635, 0
1693416451, 0, 0, 3, 0, 0, 2591.80, 0, 0, 0, 0.08, 0, 34, 0.00, 6635, 0
1693416464, 0, 0, 3, 0, 0, 2591.80, 0, 0, 0, 0.08, 0, 35, 0.00, 6635, 0
