# unix_time, cycles_done, cur_path, paths_total, pending_total, pending_favs, map_size, unique_crashes, unique_hangs, max_depth, execs_per_sec, valid_inputs, invalid_inputs, valid_cov, all_covered_probes, valid_covered_probes
1694826084, 0, 0, 1, 0, 0, 807.81, 0, 0, 0, 0.73, 1, 0, 807.81, 2068, 2068
1694826085, 0, 0, 4, 0, 0, 1178.52, 0, 0, 0, 7.03, 2, 2, 823.44, 3017, 2108
1694826097, 0, 0, 5, 0, 0, 1189.45, 1, 0, 0, 0.25, 3, 4, 823.44, 3045, 2108
1694826097, 0, 0, 12, 0, 0, 1556.64, 1, 0, 0, 30.58, 7, 10, 1248.44, 3985, 3196
1694826097, 0, 0, 16, 0, 0, 1666.02, 1, 0, 0, 39.47, 13, 16, 1267.19, 4265, 3244
1694826115, 0, 0, 17, 0, 0, 6625.00, 1, 0, 0, 0.29, 17, 17, 6299.61, 16960, 16127
1694826115, 0, 0, 19, 0, 0, 6625.00, 1, 0, 0, 30.86, 25, 19, 6299.61, 16960, 16127
1694826118, 0, 0, 21, 0, 0, 6637.89, 1, 0, 0, 2.36, 30, 20, 6309.77, 16993, 16153
1694826124, 0, 0, 23, 0, 0, 6765.63, 1, 0, 0, 0.86, 35, 21, 6437.50, 17320, 16480
1694826125, 0, 0, 25, 0, 0, 6765.63, 1, 0, 0, 26.49, 43, 21, 6437.50, 17320, 16480
1694826135, 0, 0, 27, 0, 0, 6765.63, 1, 0, 0, 1.40, 55, 24, 6437.50, 17320, 16480
1694826139, 0, 0, 32, 0, 0, 6805.08, 1, 0, 0, 2.88, 64, 26, 6475.78, 17421, 16578
1694826142, 0, 0, 32, 0, 0, 6805.08, 2, 0, 0, 0.33, 64, 27, 6475.78, 17421, 16578
1694826146, 0, 1, 34, 0, 0, 6806.25, 2, 0, 0, 4.19, 78, 30, 6476.95, 17424, 16581
1694826149, 0, 1, 38, 0, 0, 6806.25, 2, 0, 0, 5.48, 91, 34, 6476.95, 17424, 16581
1694826154, 0, 1, 39, 0, 0, 6806.25, 2, 0, 0, 1.94, 97, 36, 6476.95, 17424, 16581
1694826157, 0, 1, 42, 0, 0, 6806.25, 2, 0, 0, 5.31, 111, 40, 6476.95, 17424, 16581
1694826162, 0, 1, 44, 0, 0, 6806.25, 2, 0, 0, 2.03, 121, 40, 6476.95, 17424, 16581
1694826166, 0, 2, 50, 0, 0, 6811.72, 2, 0, 0, 9.09, 127, 68, 6476.95, 17438, 16581
1694826166, 0, 2, 51, 0, 0, 6811.72, 2, 0, 0, 94.97, 136, 93, 6476.95, 17438, 16581
1694826166, 0, 3, 52, 0, 0, 6811.72, 2, 0, 0, 99.34, 147, 112, 6476.95, 17438, 16581
1694826169, 0, 3, 53, 0, 0, 6818.36, 2, 0, 0, 1.40, 149, 114, 6483.59, 17455, 16598
1694826173, 0, 3, 54, 0, 0, 6818.36, 2, 0, 0, 1.73, 150, 119, 6483.59, 17455, 16598
1694826178, 0, 3, 56, 0, 0, 6825.00, 2, 0, 0, 5.74, 161, 139, 6490.23, 17472, 16615
1694826182, 0, 4, 59, 0, 0, 6825.00, 2, 0, 0, 8.41, 169, 161, 6490.23, 17472, 16615
1694826188, 0, 4, 60, 0, 0, 6825.00, 2, 0, 0, 0.72, 172, 163, 6490.23, 17472, 16615
1694826191, 0, 4, 62, 0, 0, 6825.00, 2, 0, 0, 1.08, 174, 164, 6490.23, 17472, 16615
1694826194, 0, 4, 63, 0, 0, 6825.00, 2, 0, 0, 2.81, 177, 168, 6490.23, 17472, 16615
1694826197, 0, 4, 65, 0, 0, 6825.00, 2, 0, 0, 1.36, 179, 170, 6490.23, 17472, 16615
1694826197, 0, 4, 65, 0, 0, 6825.00, 2, 0, 0, 11.36, 181, 172, 6490.23, 17472, 16615
1694826202, 0, 4, 66, 0, 0, 6828.13, 2, 0, 0, 0.74, 183, 174, 6493.36, 17480, 16623
1694826205, 0, 4, 68, 0, 0, 6828.13, 2, 0, 0, 1.41, 184, 177, 6493.36, 17480, 16623
1694826211, 0, 4, 70, 0, 0, 6828.13, 2, 0, 0, 3.39, 189, 190, 6493.36, 17480, 16623
1694826214, 0, 5, 72, 0, 0, 6828.13, 2, 0, 0, 10.74, 201, 218, 6493.36, 17480, 16623
1694826217, 0, 5, 73, 0, 0, 6828.13, 2, 0, 0, 1.51, 203, 220, 6493.36, 17480, 16623
1694826223, 0, 5, 75, 0, 0, 6828.91, 2, 0, 0, 1.34, 206, 225, 6493.36, 17482, 16623
1694826225, 0, 5, 76, 0, 0, 6832.81, 2, 0, 0, 6.26, 212, 235, 6497.27, 17492, 16633
1694826228, 0, 6, 79, 0, 0, 6832.81, 2, 0, 0, 6.92, 219, 248, 6497.27, 17492, 16633
1694826231, 0, 6, 81, 0, 0, 6832.81, 2, 0, 0, 10.83, 231, 261, 6497.27, 17492, 16633
1694826234, 0, 6, 82, 0, 0, 6859.77, 2, 0, 0, 4.54, 237, 271, 6524.22, 17561, 16702
1694826238, 0, 6, 84, 0, 0, 6859.77, 2, 0, 0, 3.31, 240, 279, 6524.22, 17561, 16702
1694826245, 0, 6, 85, 0, 0, 6859.77, 2, 0, 0, 1.11, 243, 284, 6524.22, 17561, 16702
1694826248, 0, 6, 87, 0, 0, 6859.77, 2, 0, 0, 0.62, 245, 284, 6524.22, 17561, 16702
1694826251, 0, 7, 91, 0, 0, 6859.77, 2, 0, 0, 7.93, 257, 295, 6524.22, 17561, 16702
1694826253, 0, 7, 92, 0, 0, 6859.77, 2, 0, 0, 4.23, 264, 297, 6524.22, 17561, 16702
1694826256, 0, 7, 94, 0, 0, 6859.77, 2, 0, 0, 8.06, 283, 304, 6524.22, 17561, 16702
1694826262, 0, 7, 96, 0, 0, 6859.77, 2, 0, 0, 2.03, 289, 310, 6524.22, 17561, 16702
1694826262, 0, 8, 97, 0, 0, 6859.77, 2, 0, 0, 152.82, 314, 331, 6524.22, 17561, 16702
1694826266, 0, 8, 98, 0, 0, 6859.77, 2, 0, 0, 3.55, 322, 337, 6524.22, 17561, 16702
1694826271, 0, 8, 99, 0, 0, 6859.77, 2, 0, 0, 3.06, 328, 345, 6524.22, 17561, 16702
1694826277, 0, 8, 100, 0, 0, 6859.77, 2, 0, 0, 0.32, 330, 345, 6524.22, 17561, 16702
1694826282, 0, 8, 101, 0, 0, 6859.77, 2, 0, 0, 1.29, 332, 349, 6524.22, 17561, 16702
1694826286, 0, 8, 102, 0, 0, 6859.77, 2, 0, 0, 1.81, 335, 353, 6524.22, 17561, 16702
1694826289, 0, 8, 103, 0, 0, 6859.77, 2, 0, 0, 0.97, 337, 354, 6524.22, 17561, 16702
1694826289, 0, 8, 104, 0, 0, 6865.23, 2, 0, 0, 43.89, 340, 365, 6529.69, 17575, 16716
1694826292, 0, 8, 105, 0, 0, 6865.23, 2, 0, 0, 4.61, 343, 374, 6529.69, 17575, 16716
1694826292, 0, 9, 105, 0, 0, 6865.23, 2, 0, 0, 59.60, 351, 384, 6529.69, 17575, 16716
1694826292, 0, 9, 105, 0, 0, 6865.23, 2, 0, 0, 156.67, 367, 415, 6529.69, 17575, 16716
1694826296, 0, 10, 106, 0, 0, 6865.23, 2, 0, 0, 9.41, 385, 430, 6529.69, 17575, 16716
1694826307, 0, 10, 107, 0, 0, 6865.23, 2, 0, 0, 0.66, 392, 430, 6529.69, 17575, 16716
1694826311, 0, 10, 109, 0, 0, 6865.23, 2, 0, 0, 0.92, 394, 432, 6529.69, 17575, 16716
1694826314, 0, 10, 110, 0, 0, 6865.23, 2, 0, 0, 2.58, 400, 433, 6529.69, 17575, 16716
1694826318, 0, 10, 111, 0, 0, 6865.23, 2, 0, 0, 1.43, 405, 434, 6529.69, 17575, 16716
1694826325, 0, 10, 113, 0, 0, 6865.23, 2, 0, 0, 1.61, 414, 437, 6529.69, 17575, 16716
1694826328, 0, 10, 114, 0, 0, 6865.23, 2, 0, 0, 1.92, 419, 438, 6529.69, 17575, 16716
1694826334, 0, 10, 115, 0, 0, 6865.23, 2, 0, 0, 1.15, 425, 439, 6529.69, 17575, 16716
1694826338, 0, 10, 115, 0, 0, 6865.23, 2, 0, 0, 3.43, 436, 442, 6529.69, 17575, 16716
1694826342, 0, 11, 116, 0, 0, 6865.23, 2, 0, 0, 6.02, 453, 445, 6529.69, 17575, 16716
1694826342, 0, 11, 116, 0, 0, 6865.23, 2, 0, 0, 17.91, 459, 445, 6529.69, 17575, 16716
1694826342, 0, 11, 116, 0, 0, 6865.23, 2, 0, 0, 52.31, 472, 449, 6529.69, 17575, 16716
1694826351, 0, 11, 116, 0, 0, 6865.23, 2, 0, 0, 2.72, 487, 457, 6529.69, 17575, 16716
1694826355, 0, 11, 116, 0, 0, 6865.23, 2, 0, 0, 0.66, 489, 458, 6529.69, 17575, 16716
1694826358, 0, 11, 117, 0, 0, 6865.23, 2, 0, 0, 3.98, 497, 461, 6529.69, 17575, 16716
1694826361, 0, 12, 117, 0, 0, 6865.23, 3, 0, 0, 11.21, 516, 471, 6529.69, 17575, 16716
1694826364, 0, 12, 118, 0, 0, 6865.23, 3, 0, 0, 0.62, 518, 471, 6529.69, 17575, 16716
1694826366, 0, 12, 118, 0, 0, 6865.23, 3, 0, 0, 0.41, 519, 471, 6529.69, 17575, 16716
1694826370, 0, 12, 118, 0, 0, 6865.23, 3, 0, 0, 0.30, 520, 471, 6529.69, 17575, 16716
1694826370, 0, 12, 119, 0, 0, 6865.23, 3, 0, 0, 84.11, 539, 479, 6529.69, 17575, 16716
1694826373, 0, 12, 120, 0, 0, 6865.23, 3, 0, 0, 2.20, 543, 481, 6529.69, 17575, 16716
1694826377, 0, 13, 122, 0, 0, 6865.23, 3, 0, 0, 7.49, 559, 494, 6529.69, 17575, 16716
1694826380, 0, 13, 123, 0, 0, 6865.23, 3, 0, 0, 1.74, 561, 498, 6529.69, 17575, 16716
1694826384, 0, 13, 124, 0, 0, 6865.23, 3, 0, 0, 1.46, 563, 501, 6529.69, 17575, 16716
1694826389, 0, 13, 126, 0, 0, 6866.02, 3, 0, 0, 2.39, 566, 511, 6530.47, 17577, 16718
1694826389, 0, 13, 128, 0, 0, 6866.02, 3, 0, 0, 77.67, 573, 528, 6530.47, 17577, 16718
1694826394, 0, 13, 129, 0, 0, 6866.02, 3, 0, 0, 1.37, 575, 532, 6530.47, 17577, 16718
1694826397, 0, 13, 130, 0, 0, 6882.42, 3, 0, 0, 0.85, 576, 534, 6546.88, 17619, 16760
1694826405, 0, 13, 130, 0, 0, 6882.42, 3, 0, 0, 0.13, 577, 534, 6546.88, 17619, 16760
1694826408, 0, 13, 130, 0, 0, 6882.42, 3, 0, 0, 1.33, 580, 535, 6546.88, 17619, 16760
1694826411, 0, 13, 131, 0, 0, 6882.42, 3, 0, 0, 5.90, 585, 551, 6546.88, 17619, 16760
1694826415, 0, 14, 131, 0, 0, 6882.42, 3, 0, 0, 6.11, 598, 561, 6546.88, 17619, 16760
1694826419, 0, 14, 132, 0, 0, 6882.42, 3, 0, 0, 3.50, 608, 564, 6546.88, 17619, 16760
1694826423, 0, 14, 133, 0, 0, 6882.42, 3, 0, 0, 2.88, 618, 566, 6546.88, 17619, 16760
1694826430, 0, 14, 133, 0, 0, 6882.42, 3, 0, 0, 1.61, 625, 570, 6546.88, 17619, 16760
1694826433, 0, 14, 133, 0, 0, 6882.42, 3, 0, 0, 2.05, 631, 571, 6546.88, 17619, 16760
1694826436, 0, 14, 133, 0, 0, 6882.42, 3, 0, 0, 5.02, 643, 574, 6546.88, 17619, 16760
1694826439, 0, 14, 133, 0, 0, 6882.42, 3, 0, 0, 0.36, 644, 574, 6546.88, 17619, 16760
1694826447, 0, 15, 135, 0, 0, 6882.42, 3, 0, 0, 2.48, 654, 584, 6546.88, 17619, 16760
1694826450, 0, 15, 136, 0, 0, 6882.42, 3, 0, 0, 2.68, 662, 585, 6546.88, 17619, 16760
1694826454, 0, 15, 136, 0, 0, 6882.42, 3, 0, 0, 1.90, 667, 587, 6546.88, 17619, 16760
1694826457, 0, 15, 136, 0, 0, 6882.42, 3, 0, 0, 1.38, 669, 589, 6546.88, 17619, 16760
1694826457, 0, 15, 136, 0, 0, 6882.42, 3, 0, 0, 59.80, 684, 592, 6546.88, 17619, 16760
1694826458, 0, 15, 136, 0, 0, 6882.42, 3, 0, 0, 52.77, 701, 595, 6546.88, 17619, 16760
1694826461, 0, 15, 137, 0, 0, 6882.42, 3, 0, 0, 1.66, 705, 596, 6546.88, 17619, 16760
1694826461, 0, 15, 137, 0, 0, 6882.42, 3, 0, 0, 45.71, 716, 601, 6546.88, 17619, 16760
1694826468, 0, 15, 137, 0, 0, 6882.42, 3, 0, 0, 0.15, 717, 601, 6546.88, 17619, 16760
1694826482, 0, 16, 139, 0, 0, 6882.42, 3, 0, 0, 0.27, 721, 601, 6546.88, 17619, 16760
1694826496, 0, 16, 140, 0, 0, 6882.42, 3, 0, 0, 0.08, 722, 601, 6546.88, 17619, 16760
1694826508, 0, 16, 140, 0, 0, 6882.42, 3, 0, 0, 0.08, 723, 601, 6546.88, 17619, 16760
1694826521, 0, 16, 140, 0, 0, 6882.42, 3, 0, 0, 0.08, 724, 601, 6546.88, 17619, 16760
1694826534, 0, 16, 140, 0, 0, 6882.42, 3, 0, 0, 0.08, 725, 601, 6546.88, 17619, 16760
1694826547, 0, 16, 140, 0, 0, 6882.42, 3, 0, 0, 0.08, 726, 601, 6546.88, 17619, 16760
1694826560, 0, 16, 140, 0, 0, 6882.42, 3, 0, 0, 0.08, 727, 601, 6546.88, 17619, 16760
1694826571, 0, 16, 140, 0, 0, 6882.42, 3, 0, 0, 0.09, 728, 601, 6546.88, 17619, 16760
1694826583, 0, 16, 140, 0, 0, 6882.42, 3, 0, 0, 0.09, 729, 601, 6546.88, 17619, 16760
1694826594, 0, 16, 140, 0, 0, 6882.42, 3, 0, 0, 0.09, 730, 601, 6546.88, 17619, 16760
1694826605, 0, 16, 141, 0, 0, 6882.42, 3, 0, 0, 0.09, 731, 601, 6546.88, 17619, 16760
1694826617, 0, 16, 141, 0, 0, 6882.42, 3, 0, 0, 0.09, 732, 601, 6546.88, 17619, 16760
1694826629, 0, 16, 141, 0, 0, 6882.42, 3, 0, 0, 0.08, 733, 601, 6546.88, 17619, 16760
1694826641, 0, 16, 141, 0, 0, 6882.42, 3, 0, 0, 0.08, 734, 601, 6546.88, 17619, 16760
1694826654, 0, 16, 141, 0, 0, 6882.42, 3, 0, 0, 0.08, 735, 601, 6546.88, 17619, 16760
1694826661, 0, 16, 142, 0, 0, 6882.42, 3, 0, 0, 0.13, 736, 601, 6546.88, 17619, 16760
1694826664, 0, 16, 143, 0, 0, 6882.81, 3, 0, 0, 0.37, 737, 601, 6547.27, 17620, 16761
1694826677, 0, 16, 143, 0, 0, 6882.81, 3, 0, 0, 0.08, 738, 601, 6547.27, 17620, 16761
1694826680, 0, 16, 143, 0, 0, 6882.81, 3, 0, 0, 0.39, 739, 601, 6547.27, 17620, 16761
1694826692, 0, 16, 144, 0, 0, 6882.81, 3, 0, 0, 0.08, 740, 601, 6547.27, 17620, 16761
1694826708, 0, 16, 145, 0, 0, 6882.81, 3, 0, 0, 0.06, 741, 601, 6547.27, 17620, 16761
1694826720, 0, 16, 145, 0, 0, 6882.81, 3, 0, 0, 0.08, 742, 601, 6547.27, 17620, 16761
1694826732, 0, 16, 145, 0, 0, 6882.81, 3, 0, 0, 0.08, 743, 601, 6547.27, 17620, 16761
1694826744, 0, 16, 145, 0, 0, 6882.81, 3, 0, 0, 0.08, 744, 601, 6547.27, 17620, 16761
1694826761, 0, 16, 146, 0, 0, 6882.81, 3, 0, 0, 0.06, 745, 601, 6547.27, 17620, 16761
1694826774, 0, 16, 146, 0, 0, 6882.81, 3, 0, 0, 0.08, 746, 601, 6547.27, 17620, 16761
1694826786, 0, 16, 146, 0, 0, 6882.81, 3, 0, 0, 0.08, 747, 601, 6547.27, 17620, 16761
1694826799, 0, 16, 146, 0, 0, 6882.81, 3, 0, 0, 0.08, 748, 601, 6547.27, 17620, 16761
1694826813, 0, 16, 146, 0, 0, 6882.81, 3, 0, 0, 0.07, 749, 601, 6547.27, 17620, 16761
1694826826, 0, 16, 146, 0, 0, 6882.81, 3, 0, 0, 0.07, 750, 601, 6547.27, 17620, 16761
1694826838, 0, 16, 146, 0, 0, 6882.81, 3, 0, 0, 0.08, 751, 601, 6547.27, 17620, 16761
1694826850, 0, 16, 146, 0, 0, 6882.81, 3, 0, 0, 0.09, 752, 601, 6547.27, 17620, 16761
1694826862, 0, 16, 146, 0, 0, 6882.81, 3, 0, 0, 0.09, 753, 601, 6547.27, 17620, 16761
1694826873, 0, 16, 146, 0, 0, 6882.81, 3, 0, 0, 0.09, 754, 601, 6547.27, 17620, 16761
1694826885, 0, 16, 146, 0, 0, 6882.81, 3, 0, 0, 0.08, 755, 601, 6547.27, 17620, 16761
1694826897, 0, 16, 146, 0, 0, 6882.81, 3, 0, 0, 0.08, 756, 601, 6547.27, 17620, 16761
1694826909, 0, 16, 146, 0, 0, 6882.81, 3, 0, 0, 0.08, 757, 601, 6547.27, 17620, 16761
1694826921, 0, 16, 146, 0, 0, 6882.81, 3, 0, 0, 0.08, 758, 601, 6547.27, 17620, 16761
1694826933, 0, 16, 147, 0, 0, 6882.81, 3, 0, 0, 0.08, 759, 601, 6547.27, 17620, 16761
1694826945, 0, 16, 147, 0, 0, 6882.81, 3, 0, 0, 0.09, 760, 601, 6547.27, 17620, 16761
1694826956, 0, 16, 147, 0, 0, 6882.81, 3, 0, 0, 0.09, 761, 601, 6547.27, 17620, 16761
1694826968, 0, 16, 148, 0, 0, 6882.81, 3, 0, 0, 0.08, 762, 601, 6547.27, 17620, 16761
1694826980, 0, 16, 149, 0, 0, 6882.81, 3, 0, 0, 0.08, 763, 601, 6547.27, 17620, 16761
1694826992, 0, 16, 149, 0, 0, 6882.81, 3, 0, 0, 0.08, 764, 601, 6547.27, 17620, 16761
1694827006, 0, 16, 150, 0, 0, 6882.81, 3, 0, 0, 0.07, 765, 601, 6547.27, 17620, 16761
1694827010, 0, 16, 151, 0, 0, 6882.81, 3, 0, 0, 0.22, 766, 601, 6547.27, 17620, 16761
1694827022, 0, 16, 152, 0, 0, 6882.81, 3, 0, 0, 0.08, 767, 601, 6547.27, 17620, 16761
1694827034, 0, 16, 153, 0, 0, 6882.81, 3, 0, 0, 0.08, 768, 601, 6547.27, 17620, 16761
1694827046, 0, 16, 153, 0, 0, 6882.81, 3, 0, 0, 0.08, 769, 601, 6547.27, 17620, 16761
1694827058, 0, 16, 153, 0, 0, 6882.81, 3, 0, 0, 0.08, 770, 601, 6547.27, 17620, 16761
1694827068, 0, 16, 154, 0, 0, 6882.81, 3, 0, 0, 0.09, 771, 601, 6547.27, 17620, 16761
1694827079, 0, 16, 155, 0, 0, 6882.81, 3, 0, 0, 0.09, 772, 601, 6547.27, 17620, 16761
1694827091, 0, 16, 155, 0, 0, 6882.81, 3, 0, 0, 0.09, 773, 601, 6547.27, 17620, 16761
1694827102, 0, 16, 156, 0, 0, 6882.81, 3, 0, 0, 0.09, 774, 601, 6547.27, 17620, 16761
1694827113, 0, 16, 156, 0, 0, 6882.81, 3, 0, 0, 0.09, 775, 601, 6547.27, 17620, 16761
1694827125, 0, 16, 156, 0, 0, 6882.81, 3, 0, 0, 0.08, 776, 601, 6547.27, 17620, 16761
1694827137, 0, 16, 156, 0, 0, 6882.81, 3, 0, 0, 0.09, 777, 601, 6547.27, 17620, 16761
1694827148, 0, 16, 156, 0, 0, 6882.81, 3, 0, 0, 0.08, 778, 601, 6547.27, 17620, 16761
1694827161, 0, 16, 156, 0, 0, 6882.81, 3, 0, 0, 0.08, 779, 601, 6547.27, 17620, 16761
1694827166, 0, 16, 156, 0, 0, 6882.81, 3, 0, 0, 0.18, 780, 601, 6547.27, 17620, 16761
1694827173, 0, 16, 156, 0, 0, 6882.81, 3, 0, 0, 0.16, 781, 601, 6547.27, 17620, 16761
1694827185, 0, 16, 156, 0, 0, 6882.81, 3, 0, 0, 0.08, 782, 601, 6547.27, 17620, 16761
1694827198, 0, 16, 156, 0, 0, 6882.81, 3, 0, 0, 0.08, 783, 601, 6547.27, 17620, 16761
1694827209, 0, 16, 156, 0, 0, 6882.81, 3, 0, 0, 0.09, 784, 601, 6547.27, 17620, 16761
1694827220, 0, 16, 156, 0, 0, 6882.81, 3, 0, 0, 0.09, 785, 601, 6547.27, 17620, 16761
1694827233, 0, 16, 156, 0, 0, 6882.81, 3, 0, 0, 0.08, 786, 601, 6547.27, 17620, 16761
1694827246, 0, 16, 156, 0, 0, 6882.81, 3, 0, 0, 0.07, 787, 601, 6547.27, 17620, 16761
1694827258, 0, 16, 156, 0, 0, 6882.81, 3, 0, 0, 0.09, 788, 601, 6547.27, 17620, 16761
1694827269, 0, 16, 156, 0, 0, 6882.81, 3, 0, 0, 0.09, 789, 601, 6547.27, 17620, 16761
1694827279, 0, 16, 156, 0, 0, 6882.81, 3, 0, 0, 0.10, 790, 601, 6547.27, 17620, 16761
1694827291, 0, 16, 156, 0, 0, 6882.81, 3, 0, 0, 0.09, 791, 601, 6547.27, 17620, 16761
1694827301, 0, 16, 156, 0, 0, 6882.81, 3, 0, 0, 0.09, 792, 601, 6547.27, 17620, 16761
1694827313, 0, 16, 156, 0, 0, 6882.81, 3, 0, 0, 0.09, 793, 601, 6547.27, 17620, 16761
1694827325, 0, 16, 156, 0, 0, 6882.81, 3, 0, 0, 0.08, 794, 601, 6547.27, 17620, 16761
1694827337, 0, 16, 156, 0, 0, 6882.81, 3, 0, 0, 0.08, 795, 601, 6547.27, 17620, 16761
1694827348, 0, 16, 157, 0, 0, 6882.81, 3, 0, 0, 0.08, 796, 601, 6547.27, 17620, 16761
1694827360, 0, 16, 157, 0, 0, 6882.81, 3, 0, 0, 0.08, 797, 601, 6547.27, 17620, 16761
1694827372, 0, 16, 157, 0, 0, 6882.81, 3, 0, 0, 0.08, 798, 601, 6547.27, 17620, 16761
1694827384, 0, 16, 158, 0, 0, 6882.81, 3, 0, 0, 0.08, 799, 601, 6547.27, 17620, 16761
1694827396, 0, 16, 159, 0, 0, 6882.81, 3, 0, 0, 0.09, 800, 601, 6547.27, 17620, 16761
1694827408, 0, 16, 159, 0, 0, 6882.81, 3, 0, 0, 0.08, 801, 601, 6547.27, 17620, 16761
1694827419, 0, 16, 160, 0, 0, 6882.81, 3, 0, 0, 0.09, 802, 601, 6547.27, 17620, 16761
1694827432, 0, 16, 161, 0, 0, 6882.81, 3, 0, 0, 0.08, 803, 601, 6547.27, 17620, 16761
1694827445, 0, 16, 161, 0, 0, 6882.81, 3, 0, 0, 0.08, 804, 601, 6547.27, 17620, 16761
1694827457, 0, 16, 161, 0, 0, 6882.81, 3, 0, 0, 0.09, 805, 601, 6547.27, 17620, 16761
1694827470, 0, 16, 162, 0, 0, 6882.81, 3, 0, 0, 0.08, 806, 601, 6547.27, 17620, 16761
1694827482, 0, 16, 163, 0, 0, 6882.81, 3, 0, 0, 0.08, 807, 601, 6547.27, 17620, 16761
1694827490, 0, 16, 163, 0, 0, 6882.81, 3, 0, 0, 0.13, 808, 601, 6547.27, 17620, 16761
1694827502, 0, 16, 163, 0, 0, 6882.81, 3, 0, 0, 0.08, 809, 601, 6547.27, 17620, 16761
1694827515, 0, 16, 163, 0, 0, 6882.81, 3, 0, 0, 0.08, 810, 601, 6547.27, 17620, 16761
1694827528, 0, 16, 163, 0, 0, 6882.81, 3, 0, 0, 0.08, 811, 601, 6547.27, 17620, 16761
1694827540, 0, 16, 163, 0, 0, 6882.81, 3, 0, 0, 0.08, 812, 601, 6547.27, 17620, 16761
1694827552, 0, 16, 163, 0, 0, 6882.81, 3, 0, 0, 0.09, 813, 601, 6547.27, 17620, 16761
1694827565, 0, 16, 163, 0, 0, 6882.81, 3, 0, 0, 0.08, 814, 601, 6547.27, 17620, 16761
1694827578, 0, 16, 163, 0, 0, 6882.81, 3, 0, 0, 0.08, 815, 601, 6547.27, 17620, 16761
1694827591, 0, 16, 164, 0, 0, 6882.81, 3, 0, 0, 0.08, 816, 601, 6547.27, 17620, 16761
1694827605, 0, 16, 165, 0, 0, 6882.81, 3, 0, 0, 0.08, 817, 601, 6547.27, 17620, 16761
1694827618, 0, 16, 166, 0, 0, 6882.81, 3, 0, 0, 0.07, 818, 601, 6547.27, 17620, 16761
1694827631, 0, 16, 166, 0, 0, 6882.81, 3, 0, 0, 0.08, 819, 601, 6547.27, 17620, 16761
1694827644, 0, 16, 166, 0, 0, 6882.81, 3, 0, 0, 0.08, 820, 601, 6547.27, 17620, 16761
1694827656, 0, 16, 166, 0, 0, 6882.81, 3, 0, 0, 0.08, 821, 601, 6547.27, 17620, 16761
1694827670, 0, 16, 166, 0, 0, 6882.81, 3, 0, 0, 0.07, 822, 601, 6547.27, 17620, 16761
1694827683, 0, 16, 166, 0, 0, 6882.81, 3, 0, 0, 0.08, 823, 601, 6547.27, 17620, 16761
1694827695, 0, 16, 166, 0, 0, 6882.81, 3, 0, 0, 0.08, 824, 601, 6547.27, 17620, 16761
1694827708, 0, 16, 166, 0, 0, 6882.81, 3, 0, 0, 0.08, 825, 601, 6547.27, 17620, 16761
1694827722, 0, 16, 166, 0, 0, 6882.81, 3, 0, 0, 0.07, 826, 601, 6547.27, 17620, 16761
1694827735, 0, 16, 166, 0, 0, 6882.81, 3, 0, 0, 0.08, 827, 601, 6547.27, 17620, 16761
1694827749, 0, 16, 166, 0, 0, 6882.81, 3, 0, 0, 0.07, 828, 601, 6547.27, 17620, 16761
1694827761, 0, 16, 166, 0, 0, 6882.81, 3, 0, 0, 0.08, 829, 601, 6547.27, 17620, 16761
1694827773, 0, 16, 166, 0, 0, 6882.81, 3, 0, 0, 0.09, 830, 601, 6547.27, 17620, 16761
1694827785, 0, 16, 166, 0, 0, 6882.81, 3, 0, 0, 0.08, 831, 601, 6547.27, 17620, 16761
1694827798, 0, 16, 166, 0, 0, 6882.81, 3, 0, 0, 0.08, 832, 601, 6547.27, 17620, 16761
1694827812, 0, 16, 166, 0, 0, 6882.81, 3, 0, 0, 0.07, 833, 601, 6547.27, 17620, 16761
1694827824, 0, 16, 166, 0, 0, 6882.81, 3, 0, 0, 0.08, 834, 601, 6547.27, 17620, 16761
1694827837, 0, 16, 166, 0, 0, 6882.81, 3, 0, 0, 0.08, 835, 601, 6547.27, 17620, 16761
1694827850, 0, 16, 166, 0, 0, 6882.81, 3, 0, 0, 0.08, 836, 601, 6547.27, 17620, 16761
1694827864, 0, 16, 167, 0, 0, 6882.81, 3, 0, 0, 0.07, 837, 601, 6547.27, 17620, 16761
1694827878, 0, 16, 167, 0, 0, 6882.81, 3, 0, 0, 0.07, 838, 601, 6547.27, 17620, 16761
1694827891, 0, 16, 167, 0, 0, 6882.81, 3, 0, 0, 0.08, 839, 601, 6547.27, 17620, 16761
1694827895, 0, 16, 167, 0, 0, 6882.81, 3, 0, 0, 0.24, 840, 601, 6547.27, 17620, 16761
1694827909, 0, 16, 168, 0, 0, 6882.81, 3, 0, 0, 0.07, 841, 601, 6547.27, 17620, 16761
1694827923, 0, 16, 169, 0, 0, 6882.81, 3, 0, 0, 0.07, 842, 601, 6547.27, 17620, 16761
1694827937, 0, 16, 169, 0, 0, 6882.81, 3, 0, 0, 0.07, 843, 601, 6547.27, 17620, 16761
1694827949, 0, 16, 169, 0, 0, 6882.81, 3, 0, 0, 0.08, 844, 601, 6547.27, 17620, 16761
1694827962, 0, 16, 169, 0, 0, 6882.81, 3, 0, 0, 0.07, 845, 601, 6547.27, 17620, 16761
1694827975, 0, 16, 169, 0, 0, 6882.81, 3, 0, 0, 0.08, 846, 601, 6547.27, 17620, 16761
1694827981, 0, 16, 169, 0, 0, 6882.81, 3, 0, 0, 0.16, 847, 601, 6547.27, 17620, 16761
1694827985, 0, 16, 170, 0, 0, 6882.81, 3, 0, 0, 0.25, 848, 601, 6547.27, 17620, 16761
1694827997, 0, 16, 170, 0, 0, 6882.81, 3, 0, 0, 0.08, 849, 601, 6547.27, 17620, 16761
1694828002, 0, 16, 170, 0, 0, 6882.81, 3, 0, 0, 0.24, 850, 601, 6547.27, 17620, 16761
1694828014, 0, 16, 170, 0, 0, 6882.81, 3, 0, 0, 0.08, 851, 601, 6547.27, 17620, 16761
1694828027, 0, 16, 170, 0, 0, 6882.81, 3, 0, 0, 0.08, 852, 601, 6547.27, 17620, 16761
1694828040, 0, 16, 170, 0, 0, 6882.81, 3, 0, 0, 0.08, 853, 601, 6547.27, 17620, 16761
1694828051, 0, 16, 170, 0, 0, 6882.81, 3, 0, 0, 0.09, 854, 601, 6547.27, 17620, 16761
1694828064, 0, 16, 170, 0, 0, 6882.81, 3, 0, 0, 0.08, 855, 601, 6547.27, 17620, 16761
1694828077, 0, 16, 170, 0, 0, 6882.81, 3, 0, 0, 0.08, 856, 601, 6547.27, 17620, 16761
1694828090, 0, 16, 170, 0, 0, 6882.81, 3, 0, 0, 0.08, 857, 601, 6547.27, 17620, 16761
1694828104, 0, 16, 170, 0, 0, 6882.81, 3, 0, 0, 0.07, 858, 601, 6547.27, 17620, 16761
1694828116, 0, 16, 170, 0, 0, 6882.81, 3, 0, 0, 0.08, 859, 601, 6547.27, 17620, 16761
1694828129, 0, 16, 170, 0, 0, 6882.81, 3, 0, 0, 0.08, 860, 601, 6547.27, 17620, 16761
1694828142, 0, 16, 170, 0, 0, 6882.81, 3, 0, 0, 0.08, 861, 601, 6547.27, 17620, 16761
1694828154, 0, 16, 170, 0, 0, 6882.81, 3, 0, 0, 0.08, 862, 601, 6547.27, 17620, 16761
1694828167, 0, 16, 170, 0, 0, 6882.81, 3, 0, 0, 0.08, 863, 601, 6547.27, 17620, 16761
1694828180, 0, 16, 170, 0, 0, 6882.81, 3, 0, 0, 0.08, 864, 601, 6547.27, 17620, 16761
1694828192, 0, 16, 170, 0, 0, 6882.81, 3, 0, 0, 0.08, 865, 601, 6547.27, 17620, 16761
1694828206, 0, 16, 170, 0, 0, 6882.81, 3, 0, 0, 0.07, 866, 601, 6547.27, 17620, 16761
1694828218, 0, 16, 170, 0, 0, 6882.81, 3, 0, 0, 0.08, 867, 601, 6547.27, 17620, 16761
1694828231, 0, 16, 170, 0, 0, 6882.81, 3, 0, 0, 0.08, 868, 601, 6547.27, 17620, 16761
1694828244, 0, 16, 170, 0, 0, 6882.81, 3, 0, 0, 0.08, 869, 601, 6547.27, 17620, 16761
1694828256, 0, 16, 170, 0, 0, 6882.81, 3, 0, 0, 0.08, 870, 601, 6547.27, 17620, 16761
1694828268, 0, 16, 170, 0, 0, 6882.81, 3, 0, 0, 0.08, 871, 601, 6547.27, 17620, 16761
1694828281, 0, 16, 170, 0, 0, 6882.81, 3, 0, 0, 0.08, 872, 601, 6547.27, 17620, 16761
1694828290, 0, 16, 170, 0, 0, 6882.81, 3, 0, 0, 0.11, 873, 601, 6547.27, 17620, 16761
1694828302, 0, 16, 170, 0, 0, 6882.81, 3, 0, 0, 0.09, 874, 601, 6547.27, 17620, 16761
1694828315, 0, 16, 170, 0, 0, 6882.81, 3, 0, 0, 0.08, 875, 601, 6547.27, 17620, 16761
1694828320, 0, 16, 170, 0, 0, 6882.81, 3, 0, 0, 0.19, 876, 601, 6547.27, 17620, 16761
1694828333, 0, 16, 170, 0, 0, 6882.81, 3, 0, 0, 0.08, 877, 601, 6547.27, 17620, 16761
1694828345, 0, 16, 170, 0, 0, 6882.81, 3, 0, 0, 0.08, 878, 601, 6547.27, 17620, 16761
1694828357, 0, 16, 170, 0, 0, 6882.81, 3, 0, 0, 0.08, 879, 601, 6547.27, 17620, 16761
1694828370, 0, 16, 170, 0, 0, 6882.81, 3, 0, 0, 0.08, 880, 601, 6547.27, 17620, 16761
1694828383, 0, 16, 171, 0, 0, 6882.81, 3, 0, 0, 0.08, 881, 601, 6547.27, 17620, 16761
1694828396, 0, 16, 171, 0, 0, 6882.81, 3, 0, 0, 0.08, 882, 601, 6547.27, 17620, 16761
1694828408, 0, 16, 171, 0, 0, 6882.81, 3, 0, 0, 0.08, 883, 601, 6547.27, 17620, 16761
1694828420, 0, 16, 171, 0, 0, 6882.81, 3, 0, 0, 0.08, 884, 601, 6547.27, 17620, 16761
1694828433, 0, 16, 171, 0, 0, 6882.81, 3, 0, 0, 0.08, 885, 601, 6547.27, 17620, 16761
1694828445, 0, 16, 171, 0, 0, 6882.81, 3, 0, 0, 0.08, 886, 601, 6547.27, 17620, 16761
1694828457, 0, 16, 171, 0, 0, 6882.81, 3, 0, 0, 0.08, 887, 601, 6547.27, 17620, 16761
1694828469, 0, 16, 171, 0, 0, 6882.81, 3, 0, 0, 0.08, 888, 601, 6547.27, 17620, 16761
1694828482, 0, 16, 171, 0, 0, 6882.81, 3, 0, 0, 0.08, 889, 601, 6547.27, 17620, 16761
1694828495, 0, 16, 172, 0, 0, 6882.81, 3, 0, 0, 0.08, 890, 601, 6547.27, 17620, 16761
1694828507, 0, 16, 173, 0, 0, 6882.81, 3, 0, 0, 0.09, 891, 601, 6547.27, 17620, 16761
1694828519, 0, 16, 173, 0, 0, 6882.81, 3, 0, 0, 0.08, 892, 601, 6547.27, 17620, 16761
1694828532, 0, 16, 174, 0, 0, 6882.81, 3, 0, 0, 0.08, 893, 601, 6547.27, 17620, 16761
1694828544, 0, 16, 175, 0, 0, 6882.81, 3, 0, 0, 0.08, 894, 601, 6547.27, 17620, 16761
1694828556, 0, 16, 176, 0, 0, 6882.81, 3, 0, 0, 0.08, 895, 601, 6547.27, 17620, 16761
1694828569, 0, 16, 177, 0, 0, 6882.81, 3, 0, 0, 0.08, 896, 601, 6547.27, 17620, 16761
1694828581, 0, 16, 177, 0, 0, 6882.81, 3, 0, 0, 0.08, 897, 601, 6547.27, 17620, 16761
1694828594, 0, 16, 177, 0, 0, 6882.81, 3, 0, 0, 0.08, 898, 601, 6547.27, 17620, 16761
1694828606, 0, 16, 177, 0, 0, 6882.81, 3, 0, 0, 0.08, 899, 601, 6547.27, 17620, 16761
1694828619, 0, 16, 177, 0, 0, 6882.81, 3, 0, 0, 0.07, 900, 601, 6547.27, 17620, 16761
1694828633, 0, 16, 177, 0, 0, 6882.81, 3, 0, 0, 0.07, 901, 601, 6547.27, 17620, 16761
1694828645, 0, 16, 177, 0, 0, 6882.81, 3, 0, 0, 0.08, 902, 601, 6547.27, 17620, 16761
1694828658, 0, 16, 177, 0, 0, 6882.81, 3, 0, 0, 0.08, 903, 601, 6547.27, 17620, 16761
1694828671, 0, 16, 177, 0, 0, 6882.81, 3, 0, 0, 0.08, 904, 601, 6547.27, 17620, 16761
1694828683, 0, 16, 177, 0, 0, 6882.81, 3, 0, 0, 0.08, 905, 601, 6547.27, 17620, 16761
1694828695, 0, 16, 177, 0, 0, 6882.81, 3, 0, 0, 0.08, 906, 601, 6547.27, 17620, 16761
1694828698, 0, 16, 178, 0, 0, 6882.81, 3, 0, 0, 0.31, 907, 601, 6547.27, 17620, 16761
1694828712, 0, 16, 178, 0, 0, 6882.81, 3, 0, 0, 0.07, 908, 601, 6547.27, 17620, 16761
1694828726, 0, 16, 178, 0, 0, 6882.81, 3, 0, 0, 0.07, 909, 601, 6547.27, 17620, 16761
1694828738, 0, 16, 178, 0, 0, 6882.81, 3, 0, 0, 0.08, 910, 601, 6547.27, 17620, 16761
1694828742, 0, 16, 178, 0, 0, 6882.81, 3, 0, 0, 0.25, 911, 601, 6547.27, 17620, 16761
1694828755, 0, 16, 178, 0, 0, 6882.81, 3, 0, 0, 0.08, 912, 601, 6547.27, 17620, 16761
1694828763, 0, 16, 178, 0, 0, 6882.81, 3, 0, 0, 0.12, 913, 601, 6547.27, 17620, 16761
1694828776, 0, 16, 178, 0, 0, 6882.81, 3, 0, 0, 0.08, 914, 601, 6547.27, 17620, 16761
1694828789, 0, 16, 178, 0, 0, 6882.81, 3, 0, 0, 0.08, 915, 601, 6547.27, 17620, 16761
1694828801, 0, 16, 178, 0, 0, 6882.81, 3, 0, 0, 0.08, 916, 601, 6547.27, 17620, 16761
1694828813, 0, 16, 178, 0, 0, 6882.81, 3, 0, 0, 0.08, 917, 601, 6547.27, 17620, 16761
1694828826, 0, 16, 178, 0, 0, 6882.81, 3, 0, 0, 0.08, 918, 601, 6547.27, 17620, 16761
1694828839, 0, 16, 178, 0, 0, 6882.81, 3, 0, 0, 0.08, 919, 601, 6547.27, 17620, 16761
1694828852, 0, 16, 178, 0, 0, 6882.81, 3, 0, 0, 0.08, 920, 601, 6547.27, 17620, 16761
1694828864, 0, 16, 178, 0, 0, 6882.81, 3, 0, 0, 0.08, 921, 601, 6547.27, 17620, 16761
1694828877, 0, 16, 178, 0, 0, 6882.81, 3, 0, 0, 0.07, 922, 601, 6547.27, 17620, 16761
1694828881, 0, 16, 178, 0, 0, 6882.81, 3, 0, 0, 0.27, 923, 601, 6547.27, 17620, 16761
1694828894, 0, 16, 178, 0, 0, 6882.81, 3, 0, 0, 0.08, 924, 601, 6547.27, 17620, 16761
1694828907, 0, 16, 178, 0, 0, 6882.81, 3, 0, 0, 0.08, 925, 601, 6547.27, 17620, 16761
1694828920, 0, 16, 178, 0, 0, 6882.81, 3, 0, 0, 0.08, 926, 601, 6547.27, 17620, 16761
1694828932, 0, 16, 178, 0, 0, 6882.81, 3, 0, 0, 0.08, 927, 601, 6547.27, 17620, 16761
1694828945, 0, 16, 178, 0, 0, 6882.81, 3, 0, 0, 0.07, 928, 601, 6547.27, 17620, 16761
1694828958, 0, 16, 178, 0, 0, 6882.81, 3, 0, 0, 0.08, 929, 601, 6547.27, 17620, 16761
1694828970, 0, 16, 178, 0, 0, 6882.81, 3, 0, 0, 0.08, 930, 601, 6547.27, 17620, 16761
1694828984, 0, 16, 178, 0, 0, 6882.81, 3, 0, 0, 0.07, 931, 601, 6547.27, 17620, 16761
1694828995, 0, 16, 178, 0, 0, 6882.81, 3, 0, 0, 0.09, 932, 601, 6547.27, 17620, 16761
1694829010, 0, 16, 178, 0, 0, 6882.81, 3, 0, 0, 0.07, 933, 601, 6547.27, 17620, 16761
1694829022, 0, 16, 178, 0, 0, 6882.81, 3, 0, 0, 0.08, 934, 601, 6547.27, 17620, 16761
1694829035, 0, 16, 178, 0, 0, 6882.81, 3, 0, 0, 0.08, 935, 601, 6547.27, 17620, 16761
1694829049, 0, 16, 179, 0, 0, 6882.81, 3, 0, 0, 0.07, 936, 601, 6547.27, 17620, 16761
1694829062, 0, 16, 179, 0, 0, 6882.81, 3, 0, 0, 0.08, 937, 601, 6547.27, 17620, 16761
1694829076, 0, 16, 179, 0, 0, 6882.81, 3, 0, 0, 0.07, 938, 601, 6547.27, 17620, 16761
1694829089, 0, 16, 179, 0, 0, 6882.81, 3, 0, 0, 0.08, 939, 601, 6547.27, 17620, 16761
1694829103, 0, 16, 179, 0, 0, 6882.81, 3, 0, 0, 0.07, 940, 601, 6547.27, 17620, 16761
1694829116, 0, 16, 179, 0, 0, 6882.81, 3, 0, 0, 0.08, 941, 601, 6547.27, 17620, 16761
1694829130, 0, 16, 179, 0, 0, 6882.81, 3, 0, 0, 0.07, 942, 601, 6547.27, 17620, 16761
1694829143, 0, 16, 179, 0, 0, 6882.81, 3, 0, 0, 0.08, 943, 601, 6547.27, 17620, 16761
1694829156, 0, 16, 179, 0, 0, 6882.81, 3, 0, 0, 0.07, 944, 601, 6547.27, 17620, 16761
1694829168, 0, 16, 179, 0, 0, 6882.81, 3, 0, 0, 0.08, 945, 601, 6547.27, 17620, 16761
1694829183, 0, 16, 179, 0, 0, 6882.81, 3, 0, 0, 0.07, 946, 601, 6547.27, 17620, 16761
1694829196, 0, 16, 179, 0, 0, 6882.81, 3, 0, 0, 0.07, 947, 601, 6547.27, 17620, 16761
1694829209, 0, 16, 179, 0, 0, 6882.81, 3, 0, 0, 0.08, 948, 601, 6547.27, 17620, 16761
1694829223, 0, 16, 179, 0, 0, 6882.81, 3, 0, 0, 0.07, 949, 601, 6547.27, 17620, 16761
1694829239, 0, 16, 180, 0, 0, 6882.81, 3, 0, 0, 0.06, 950, 601, 6547.27, 17620, 16761
1694829252, 0, 16, 180, 0, 0, 6882.81, 3, 0, 0, 0.08, 951, 601, 6547.27, 17620, 16761
1694829266, 0, 16, 180, 0, 0, 6882.81, 3, 0, 0, 0.07, 952, 601, 6547.27, 17620, 16761
1694829278, 0, 16, 180, 0, 0, 6882.81, 3, 0, 0, 0.08, 953, 601, 6547.27, 17620, 16761
1694829292, 0, 16, 180, 0, 0, 6882.81, 3, 0, 0, 0.07, 954, 601, 6547.27, 17620, 16761
1694829305, 0, 16, 180, 0, 0, 6882.81, 3, 0, 0, 0.08, 955, 601, 6547.27, 17620, 16761
1694829317, 0, 16, 180, 0, 0, 6882.81, 3, 0, 0, 0.08, 956, 601, 6547.27, 17620, 16761
1694829331, 0, 16, 180, 0, 0, 6882.81, 3, 0, 0, 0.08, 957, 601, 6547.27, 17620, 16761
1694829343, 0, 16, 180, 0, 0, 6882.81, 3, 0, 0, 0.08, 958, 601, 6547.27, 17620, 16761
1694829356, 0, 16, 180, 0, 0, 6882.81, 3, 0, 0, 0.08, 959, 601, 6547.27, 17620, 16761
1694829367, 0, 16, 180, 0, 0, 6882.81, 3, 0, 0, 0.09, 960, 601, 6547.27, 17620, 16761
1694829380, 0, 16, 180, 0, 0, 6882.81, 3, 0, 0, 0.08, 961, 601, 6547.27, 17620, 16761
1694829393, 0, 16, 180, 0, 0, 6882.81, 3, 0, 0, 0.08, 962, 601, 6547.27, 17620, 16761
1694829406, 0, 16, 180, 0, 0, 6882.81, 3, 0, 0, 0.08, 963, 601, 6547.27, 17620, 16761
1694829417, 0, 16, 180, 0, 0, 6882.81, 3, 0, 0, 0.09, 964, 601, 6547.27, 17620, 16761
1694829431, 0, 16, 180, 0, 0, 6882.81, 3, 0, 0, 0.07, 965, 601, 6547.27, 17620, 16761
1694829443, 0, 16, 180, 0, 0, 6882.81, 3, 0, 0, 0.08, 966, 601, 6547.27, 17620, 16761
1694829457, 0, 16, 180, 0, 0, 6882.81, 3, 0, 0, 0.07, 967, 601, 6547.27, 17620, 16761
1694829471, 0, 16, 180, 0, 0, 6882.81, 3, 0, 0, 0.07, 968, 601, 6547.27, 17620, 16761
1694829482, 0, 16, 180, 0, 0, 6882.81, 3, 0, 0, 0.09, 969, 601, 6547.27, 17620, 16761
1694829496, 0, 16, 180, 0, 0, 6882.81, 3, 0, 0, 0.08, 970, 601, 6547.27, 17620, 16761
1694829508, 0, 16, 180, 0, 0, 6882.81, 3, 0, 0, 0.08, 971, 601, 6547.27, 17620, 16761
1694829521, 0, 16, 181, 0, 0, 6882.81, 3, 0, 0, 0.08, 972, 601, 6547.27, 17620, 16761
1694829532, 0, 16, 181, 0, 0, 6882.81, 3, 0, 0, 0.09, 973, 601, 6547.27, 17620, 16761
1694829546, 0, 16, 182, 0, 0, 6882.81, 3, 0, 0, 0.07, 974, 601, 6547.27, 17620, 16761
1694829558, 0, 16, 182, 0, 0, 6882.81, 3, 0, 0, 0.08, 975, 601, 6547.27, 17620, 16761
1694829572, 0, 16, 183, 0, 0, 6882.81, 3, 0, 0, 0.07, 976, 601, 6547.27, 17620, 16761
1694829583, 0, 16, 184, 0, 0, 6882.81, 3, 0, 0, 0.09, 977, 601, 6547.27, 17620, 16761
1694829608, 0, 16, 185, 0, 0, 7866.41, 3, 0, 0, 0.04, 978, 601, 7537.11, 20138, 19295
1694829620, 0, 16, 186, 0, 0, 7929.69, 3, 0, 0, 0.08, 979, 601, 7600.39, 20300, 19457
1694829633, 0, 16, 187, 0, 0, 7932.42, 3, 0, 0, 0.08, 980, 601, 7603.13, 20307, 19464
1694829648, 0, 16, 187, 0, 0, 7932.42, 3, 0, 0, 0.07, 981, 601, 7603.13, 20307, 19464
1694829659, 0, 16, 188, 0, 0, 7936.72, 3, 0, 0, 0.08, 982, 601, 7607.42, 20318, 19475
1694829675, 0, 16, 189, 0, 0, 7936.72, 3, 0, 0, 0.06, 983, 601, 7607.42, 20318, 19475
1694829688, 0, 16, 189, 0, 0, 7936.72, 3, 0, 0, 0.08, 984, 601, 7607.42, 20318, 19475
1694829688, 0, 16, 189, 0, 0, 7936.72, 3, 0, 0, 0.00, 984, 601, 7607.42, 20318, 19475
