# unix_time, cycles_done, cur_path, paths_total, pending_total, pending_favs, map_size, unique_crashes, unique_hangs, max_depth, execs_per_sec, valid_inputs, invalid_inputs, valid_cov, all_covered_probes, valid_covered_probes
1693430383, 0, 0, 1, 0, 0, 2494.53, 0, 0, 0, 0.04, 0, 1, 0.00, 6386, 0
1693430405, 0, 0, 2, 0, 0, 2558.59, 0, 0, 0, 0.05, 0, 2, 0.00, 6550, 0
1693430428, 0, 0, 3, 0, 0, 2589.84, 0, 0, 0, 0.04, 0, 3, 0.00, 6630, 0
1693430450, 0, 0, 3, 0, 0, 2589.84, 0, 0, 0, 0.05, 0, 4, 0.00, 6630, 0
1693430470, 0, 0, 3, 0, 0, 2589.84, 0, 0, 0, 0.05, 0, 5, 0.00, 6630, 0
1693430492, 0, 0, 3, 0, 0, 2589.84, 0, 0, 0, 0.05, 0, 6, 0.00, 6630, 0
1693430514, 0, 0, 3, 0, 0, 2589.84, 0, 0, 0, 0.05, 0, 7, 0.00, 6630, 0
1693430534, 0, 0, 3, 0, 0, 2589.84, 0, 0, 0, 0.05, 0, 8, 0.00, 6630, 0
1693430558, 0, 0, 3, 0, 0, 2589.84, 0, 0, 0, 0.04, 0, 9, 0.00, 6630, 0
1693430580, 0, 0, 3, 0, 0, 2589.84, 0, 0, 0, 0.05, 0, 10, 0.00, 6630, 0
1693430599, 0, 0, 3, 0, 0, 2589.84, 0, 0, 0, 0.05, 0, 11, 0.00, 6630, 0
1693430612, 0, 0, 3, 0, 0, 2589.84, 0, 0, 0, 0.07, 0, 12, 0.00, 6630, 0
1693430624, 0, 0, 3, 0, 0, 2589.84, 0, 0, 0, 0.08, 0, 13, 0.00, 6630, 0
1693430636, 0, 0, 3, 0, 0, 2589.84, 0, 0, 0, 0.08, 0, 14, 0.00, 6630, 0
1693430648, 0, 0, 3, 0, 0, 2589.84, 0, 0, 0, 0.09, 0, 15, 0.00, 6630, 0
1693430660, 0, 0, 3, 0, 0, 2589.84, 0, 0, 0, 0.08, 0, 16, 0.00, 6630, 0
1693430672, 0, 0, 3, 0, 0, 2589.84, 0, 0, 0, 0.08, 0, 17, 0.00, 6630, 0
1693430685, 0, 0, 3, 0, 0, 2589.84, 0, 0, 0, 0.08, 0, 18, 0.00, 6630, 0
1693430697, 0, 0, 3, 0, 0, 2589.84, 0, 0, 0, 0.08, 0, 19, 0.00, 6630, 0
1693430709, 0, 0, 3, 0, 0, 2589.84, 0, 0, 0, 0.08, 0, 20, 0.00, 6630, 0
1693430721, 0, 0, 3, 0, 0, 2589.84, 0, 0, 0, 0.08, 0, 21, 0.00, 6630, 0
1693430734, 0, 0, 3, 0, 0, 2589.84, 0, 0, 0, 0.08, 0, 22, 0.00, 6630, 0
1693430746, 0, 0, 3, 0, 0, 2589.84, 0, 0, 0, 0.08, 0, 23, 0.00, 6630, 0
1693430758, 0, 0, 3, 0, 0, 2589.84, 0, 0, 0, 0.08, 0, 24, 0.00, 6630, 0
1693430769, 0, 0, 3, 0, 0, 2589.84, 0, 0, 0, 0.08, 0, 25, 0.00, 6630, 0
1693430781, 0, 0, 3, 0, 0, 2589.84, 0, 0, 0, 0.09, 0, 26, 0.00, 6630, 0
1693430793, 0, 0, 3, 0, 0, 2589.84, 0, 0, 0, 0.08, 0, 27, 0.00, 6630, 0
1693430805, 0, 0, 3, 0, 0, 2589.84, 0, 0, 0, 0.09, 0, 28, 0.00, 6630, 0
1693430816, 0, 0, 3, 0, 0, 2589.84, 0, 0, 0, 0.09, 0, 29, 0.00, 6630, 0
1693430829, 0, 0, 3, 0, 0, 2589.84, 0, 0, 0, 0.08, 0, 30, 0.00, 6630, 0
1693430844, 0, 0, 4, 0, 0, 2647.66, 0, 0, 0, 0.07, 0, 31, 0.00, 6778, 0
1693430858, 0, 0, 5, 0, 0, 2706.64, 0, 0, 0, 0.07, 0, 32, 0.00, 6929, 0
1693430872, 0, 0, 6, 0, 0, 2737.11, 0, 0, 0, 0.07, 0, 33, 0.00, 7007, 0
1693430885, 0, 0, 6, 0, 0, 2737.11, 0, 0, 0, 0.08, 0, 34, 0.00, 7007, 0
1693430898, 0, 0, 6, 0, 0, 2737.11, 0, 0, 0, 0.08, 0, 35, 0.00, 7007, 0
