# unix_time, cycles_done, cur_path, paths_total, pending_total, pending_favs, map_size, unique_crashes, unique_hangs, max_depth, execs_per_sec, valid_inputs, invalid_inputs, valid_cov, all_covered_probes, valid_covered_probes
1694876431, 0, 0, 1, 0, 0, 948.05, 0, 0, 0, 1.23, 0, 1, 0.00, 2427, 0
1694876443, 0, 0, 6, 0, 0, 1203.13, 1, 0, 0, 0.53, 0, 7, 0.00, 3080, 0
1694876443, 0, 0, 14, 0, 0, 1668.75, 1, 0, 0, 26.32, 5, 10, 917.58, 4272, 2349
1694876443, 0, 0, 18, 0, 0, 1680.08, 1, 0, 0, 55.92, 9, 23, 935.94, 4301, 2396
1694876444, 0, 0, 18, 0, 0, 1680.08, 1, 0, 0, 23.10, 11, 28, 935.94, 4301, 2396
1694876444, 0, 0, 18, 0, 0, 1680.08, 1, 0, 0, 75.91, 19, 43, 935.94, 4301, 2396
1694876448, 0, 0, 19, 0, 0, 6586.72, 1, 0, 0, 0.72, 21, 44, 5922.66, 16862, 15162
1694876453, 0, 0, 22, 0, 0, 6586.72, 1, 0, 0, 2.22, 24, 53, 5922.66, 16862, 15162
1694876461, 0, 0, 23, 0, 0, 6791.41, 1, 0, 0, 0.14, 25, 53, 6127.34, 17386, 15686
1694876464, 0, 0, 28, 0, 0, 6791.41, 1, 0, 0, 2.40, 29, 58, 6127.34, 17386, 15686
1694876468, 0, 0, 30, 0, 0, 6791.41, 1, 0, 0, 1.26, 32, 59, 6127.34, 17386, 15686
1694876470, 0, 0, 31, 0, 0, 6791.41, 2, 0, 0, 6.59, 36, 71, 6127.34, 17386, 15686
1694876472, 0, 0, 31, 0, 0, 6791.41, 3, 0, 0, 0.88, 36, 73, 6127.34, 17386, 15686
1694876475, 0, 1, 35, 0, 0, 6796.09, 3, 0, 0, 6.83, 48, 82, 6132.03, 17398, 15698
1694876479, 0, 1, 37, 0, 0, 6802.73, 3, 0, 0, 3.66, 54, 89, 6138.67, 17415, 15715
1694876484, 0, 1, 40, 0, 0, 6805.86, 3, 0, 0, 3.62, 57, 106, 6141.80, 17423, 15723
1694876490, 0, 2, 45, 0, 0, 6812.50, 3, 0, 0, 5.31, 72, 119, 6148.44, 17440, 15740
1694876490, 0, 2, 46, 0, 0, 6812.50, 3, 0, 0, 130.00, 101, 129, 6148.44, 17440, 15740
1694876493, 0, 2, 47, 0, 0, 6812.50, 3, 0, 0, 0.34, 102, 129, 6148.44, 17440, 15740
1694876496, 0, 2, 50, 0, 0, 6819.14, 3, 0, 0, 1.97, 106, 131, 6155.08, 17457, 15757
1694876500, 0, 3, 52, 0, 0, 6819.14, 3, 0, 0, 2.03, 110, 135, 6155.08, 17457, 15757
1694876504, 0, 3, 53, 0, 0, 6819.14, 3, 0, 0, 2.97, 113, 145, 6155.08, 17457, 15757
1694876508, 0, 3, 55, 0, 0, 6819.14, 3, 0, 0, 2.32, 118, 148, 6155.08, 17457, 15757
1694876513, 0, 3, 57, 0, 0, 6819.14, 3, 0, 0, 2.98, 124, 156, 6155.08, 17457, 15757
1694876516, 0, 3, 58, 0, 0, 6819.14, 3, 0, 0, 3.51, 130, 161, 6155.08, 17457, 15757
1694876520, 0, 3, 61, 0, 0, 6819.14, 3, 0, 0, 4.37, 138, 172, 6155.08, 17457, 15757
1694876529, 0, 3, 62, 0, 0, 6819.14, 3, 0, 0, 0.44, 141, 173, 6155.08, 17457, 15757
1694876532, 0, 4, 65, 0, 0, 6819.14, 3, 0, 0, 5.84, 148, 180, 6155.08, 17457, 15757
1694876534, 0, 4, 66, 0, 0, 6819.14, 3, 0, 0, 9.80, 155, 199, 6155.08, 17457, 15757
1694876536, 0, 4, 68, 0, 0, 6819.14, 3, 0, 0, 9.63, 158, 217, 6155.08, 17457, 15757
1694876541, 0, 4, 69, 0, 0, 6819.14, 3, 0, 0, 5.89, 163, 236, 6155.08, 17457, 15757
1694876543, 0, 5, 69, 0, 0, 6819.14, 3, 0, 0, 3.97, 167, 242, 6155.08, 17457, 15757
1694876550, 0, 6, 71, 0, 0, 6824.61, 3, 0, 0, 8.72, 181, 287, 6160.55, 17471, 15771
1694876552, 0, 6, 72, 0, 0, 6831.25, 3, 0, 0, 2.47, 183, 291, 6167.19, 17488, 15788
1694876558, 0, 6, 73, 0, 0, 6831.25, 3, 0, 0, 0.37, 184, 292, 6167.19, 17488, 15788
1694876561, 0, 6, 75, 0, 0, 6831.25, 3, 0, 0, 3.68, 187, 301, 6167.19, 17488, 15788
1694876564, 0, 6, 77, 0, 0, 6831.25, 3, 0, 0, 6.11, 191, 314, 6167.19, 17488, 15788
1694876567, 0, 6, 79, 0, 0, 6831.25, 3, 0, 0, 13.32, 198, 346, 6167.19, 17488, 15788
1694876569, 0, 6, 80, 0, 0, 6831.25, 3, 0, 0, 0.91, 199, 347, 6167.19, 17488, 15788
1694876573, 0, 7, 83, 0, 0, 6831.25, 3, 0, 0, 9.27, 219, 366, 6167.19, 17488, 15788
1694876576, 0, 7, 86, 0, 0, 6831.25, 3, 0, 0, 7.28, 236, 374, 6167.19, 17488, 15788
1694876579, 0, 7, 89, 0, 0, 6831.25, 3, 0, 0, 6.40, 250, 377, 6167.19, 17488, 15788
1694876582, 0, 7, 91, 0, 0, 6831.25, 3, 0, 0, 8.32, 266, 382, 6167.19, 17488, 15788
1694876584, 0, 8, 92, 0, 0, 6831.25, 3, 0, 0, 17.34, 297, 389, 6167.19, 17488, 15788
1694876586, 0, 8, 92, 0, 0, 6831.25, 3, 0, 0, 4.72, 306, 392, 6167.19, 17488, 15788
1694876589, 0, 8, 93, 0, 0, 6831.25, 3, 0, 0, 0.97, 308, 393, 6167.19, 17488, 15788
1694876592, 0, 8, 94, 0, 0, 6831.25, 3, 0, 0, 1.93, 313, 393, 6167.19, 17488, 15788
1694876592, 0, 8, 94, 0, 0, 6831.25, 3, 0, 0, 32.54, 324, 393, 6167.19, 17488, 15788
1694876595, 0, 8, 95, 0, 0, 6831.64, 3, 0, 0, 2.63, 329, 395, 6167.58, 17489, 15789
1694876597, 0, 8, 96, 0, 0, 6831.64, 3, 0, 0, 0.82, 331, 395, 6167.58, 17489, 15789
1694876600, 0, 8, 96, 0, 0, 6831.64, 3, 0, 0, 0.40, 332, 395, 6167.58, 17489, 15789
1694876603, 0, 8, 97, 0, 0, 6831.64, 3, 0, 0, 2.15, 337, 396, 6167.58, 17489, 15789
1694876605, 0, 8, 97, 0, 0, 6831.64, 3, 0, 0, 1.15, 340, 396, 6167.58, 17489, 15789
1694876609, 0, 8, 97, 0, 0, 6831.64, 3, 0, 0, 1.04, 343, 397, 6167.58, 17489, 15789
1694876612, 0, 8, 98, 0, 0, 6831.64, 3, 0, 0, 4.24, 352, 399, 6167.58, 17489, 15789
1694876616, 0, 9, 99, 0, 0, 6831.64, 3, 0, 0, 3.44, 362, 402, 6167.58, 17489, 15789
1694876618, 0, 9, 100, 0, 0, 6831.64, 3, 0, 0, 3.56, 369, 403, 6167.58, 17489, 15789
1694876621, 0, 9, 102, 0, 0, 6831.64, 3, 0, 0, 2.89, 373, 407, 6167.58, 17489, 15789
1694876624, 0, 9, 103, 0, 0, 6831.64, 3, 0, 0, 8.76, 390, 418, 6167.58, 17489, 15789
1694876630, 0, 9, 104, 0, 0, 6831.64, 3, 0, 0, 1.16, 397, 418, 6167.58, 17489, 15789
1694876633, 0, 9, 105, 0, 0, 6831.64, 3, 0, 0, 0.30, 398, 418, 6167.58, 17489, 15789
1694876634, 0, 10, 106, 0, 0, 6831.64, 3, 0, 0, 105.10, 417, 432, 6167.58, 17489, 15789
1694876636, 0, 10, 106, 0, 0, 6831.64, 3, 0, 0, 4.74, 421, 441, 6167.58, 17489, 15789
1694876639, 0, 10, 107, 0, 0, 6831.64, 3, 0, 0, 1.26, 423, 442, 6167.58, 17489, 15789
1694876642, 0, 10, 108, 0, 0, 6831.64, 3, 0, 0, 1.26, 426, 443, 6167.58, 17489, 15789
1694876644, 0, 10, 109, 0, 0, 6831.64, 3, 0, 0, 2.30, 428, 447, 6167.58, 17489, 15789
1694876648, 0, 10, 110, 0, 0, 6831.64, 3, 0, 0, 6.44, 437, 461, 6167.58, 17489, 15789
1694876651, 0, 10, 110, 0, 0, 6831.64, 3, 0, 0, 5.59, 439, 476, 6167.58, 17489, 15789
1694876654, 0, 10, 110, 0, 0, 6831.64, 4, 0, 0, 8.41, 446, 493, 6167.58, 17489, 15789
1694876657, 0, 11, 112, 0, 0, 6831.64, 4, 0, 0, 8.10, 461, 501, 6167.58, 17489, 15789
1694876657, 0, 11, 112, 0, 0, 6831.64, 4, 0, 0, 68.63, 477, 506, 6167.58, 17489, 15789
1694876660, 0, 11, 113, 0, 0, 6831.64, 4, 0, 0, 5.94, 491, 511, 6167.58, 17489, 15789
1694876663, 0, 11, 114, 0, 0, 6831.64, 4, 0, 0, 0.39, 492, 511, 6167.58, 17489, 15789
1694876666, 0, 11, 114, 0, 0, 6831.64, 4, 0, 0, 1.56, 496, 512, 6167.58, 17489, 15789
1694876669, 0, 11, 116, 0, 0, 6831.64, 4, 0, 0, 1.97, 500, 514, 6167.58, 17489, 15789
1694876674, 0, 11, 117, 0, 0, 6831.64, 4, 0, 0, 3.16, 511, 518, 6167.58, 17489, 15789
1694876677, 0, 11, 119, 0, 0, 6832.03, 4, 0, 0, 1.90, 515, 520, 6167.97, 17490, 15790
1694876679, 0, 11, 119, 0, 0, 6832.03, 4, 0, 0, 0.42, 516, 520, 6167.97, 17490, 15790
1694876683, 0, 11, 121, 0, 0, 6832.03, 4, 0, 0, 0.86, 519, 520, 6167.97, 17490, 15790
1694876685, 0, 11, 121, 0, 0, 6832.03, 4, 0, 0, 0.81, 521, 520, 6167.97, 17490, 15790
1694876688, 0, 12, 122, 0, 0, 6832.03, 4, 0, 0, 4.28, 524, 528, 6167.97, 17490, 15790
1694876691, 0, 12, 122, 0, 0, 6832.03, 4, 0, 0, 7.21, 531, 540, 6167.97, 17490, 15790
1694876694, 0, 12, 123, 0, 0, 6832.03, 4, 0, 0, 7.26, 539, 555, 6167.97, 17490, 15790
1694876696, 0, 12, 124, 0, 0, 6832.81, 4, 0, 0, 0.39, 540, 555, 6168.75, 17492, 15792
1694876699, 0, 12, 124, 0, 0, 6832.81, 4, 0, 0, 1.63, 543, 556, 6168.75, 17492, 15792
1694876699, 0, 13, 125, 0, 0, 6832.81, 4, 0, 0, 83.33, 555, 569, 6168.75, 17492, 15792
1694876702, 0, 13, 126, 0, 0, 6832.81, 4, 0, 0, 5.27, 567, 575, 6168.75, 17492, 15792
1694876705, 0, 13, 126, 0, 0, 6832.81, 4, 0, 0, 0.40, 568, 575, 6168.75, 17492, 15792
1694876708, 0, 13, 126, 0, 0, 6832.81, 4, 0, 0, 1.85, 572, 576, 6168.75, 17492, 15792
1694876713, 0, 13, 127, 0, 0, 6832.81, 4, 0, 0, 0.80, 575, 577, 6168.75, 17492, 15792
1694876716, 0, 13, 127, 0, 0, 6832.81, 4, 0, 0, 2.03, 579, 580, 6168.75, 17492, 15792
1694876719, 0, 13, 127, 0, 0, 6832.81, 4, 0, 0, 3.79, 588, 581, 6168.75, 17492, 15792
1694876725, 0, 13, 128, 0, 0, 6832.81, 4, 0, 0, 2.17, 597, 585, 6168.75, 17492, 15792
1694876728, 0, 13, 129, 0, 0, 6832.81, 4, 0, 0, 4.63, 608, 590, 6168.75, 17492, 15792
1694876738, 0, 14, 130, 0, 0, 6832.81, 4, 0, 0, 0.64, 612, 592, 6168.75, 17492, 15792
1694876741, 0, 14, 131, 0, 0, 6832.81, 4, 0, 0, 2.12, 618, 594, 6168.75, 17492, 15792
1694876744, 0, 14, 132, 0, 0, 6848.83, 4, 0, 0, 1.95, 622, 595, 6184.77, 17533, 15833
1694876760, 0, 14, 133, 0, 0, 6850.78, 4, 0, 0, 0.19, 625, 595, 6186.72, 17538, 15838
1694876763, 0, 14, 134, 0, 0, 6850.78, 4, 0, 0, 1.66, 628, 597, 6186.72, 17538, 15838
1694876768, 0, 14, 135, 0, 0, 6850.78, 4, 0, 0, 0.61, 630, 598, 6186.72, 17538, 15838
1694876772, 0, 14, 136, 0, 0, 6850.78, 4, 0, 0, 6.51, 650, 605, 6186.72, 17538, 15838
1694876775, 0, 16, 137, 0, 0, 6851.56, 4, 0, 0, 5.26, 663, 608, 6187.50, 17540, 15840
1694876778, 0, 16, 137, 0, 0, 6851.56, 4, 0, 0, 1.03, 666, 608, 6187.50, 17540, 15840
1694876781, 0, 16, 137, 0, 0, 6851.56, 4, 0, 0, 4.10, 675, 613, 6187.50, 17540, 15840
1694876784, 0, 16, 138, 0, 0, 6851.56, 4, 0, 0, 0.40, 676, 613, 6187.50, 17540, 15840
1694876788, 0, 16, 138, 0, 0, 6851.56, 4, 0, 0, 1.89, 681, 615, 6187.50, 17540, 15840
1694876791, 0, 16, 139, 0, 0, 6851.56, 4, 0, 0, 1.20, 684, 616, 6187.50, 17540, 15840
1694876791, 0, 16, 139, 0, 0, 6851.56, 4, 0, 0, 120.13, 712, 625, 6187.50, 17540, 15840
1694876792, 0, 17, 139, 0, 0, 6851.56, 4, 0, 0, 114.01, 726, 646, 6187.50, 17540, 15840
1694876796, 0, 17, 140, 0, 0, 6851.56, 4, 0, 0, 1.21, 728, 649, 6187.50, 17540, 15840
1694876799, 0, 17, 140, 0, 0, 6851.56, 4, 0, 0, 11.10, 741, 671, 6187.50, 17540, 15840
1694876801, 0, 18, 140, 0, 0, 6851.56, 4, 0, 0, 6.34, 743, 684, 6187.50, 17540, 15840
1694876804, 0, 18, 141, 0, 0, 6851.56, 4, 0, 0, 0.37, 744, 684, 6187.50, 17540, 15840
1694876806, 0, 18, 142, 0, 0, 6851.56, 4, 0, 0, 0.48, 745, 684, 6187.50, 17540, 15840
1694876808, 0, 18, 143, 0, 0, 6851.56, 4, 0, 0, 0.54, 746, 684, 6187.50, 17540, 15840
1694876809, 0, 18, 144, 0, 0, 6851.56, 4, 0, 0, 0.61, 747, 684, 6187.50, 17540, 15840
1694876811, 0, 18, 144, 0, 0, 6851.56, 4, 0, 0, 0.57, 748, 684, 6187.50, 17540, 15840
1694876813, 0, 18, 144, 0, 0, 6851.56, 4, 0, 0, 0.53, 749, 684, 6187.50, 17540, 15840
1694876815, 0, 18, 144, 0, 0, 6851.56, 4, 0, 0, 0.66, 750, 684, 6187.50, 17540, 15840
1694876816, 0, 18, 144, 0, 0, 6851.56, 4, 0, 0, 0.61, 751, 684, 6187.50, 17540, 15840
1694876818, 0, 18, 145, 0, 0, 6851.56, 4, 0, 0, 0.52, 752, 684, 6187.50, 17540, 15840
1694876820, 0, 18, 145, 0, 0, 6851.56, 4, 0, 0, 0.58, 753, 684, 6187.50, 17540, 15840
1694876822, 0, 18, 145, 0, 0, 6851.56, 4, 0, 0, 0.47, 754, 684, 6187.50, 17540, 15840
1694876824, 0, 18, 145, 0, 0, 6851.56, 4, 0, 0, 0.49, 755, 684, 6187.50, 17540, 15840
1694876826, 0, 18, 145, 0, 0, 6851.56, 4, 0, 0, 0.46, 756, 684, 6187.50, 17540, 15840
1694876828, 0, 18, 146, 0, 0, 6851.56, 4, 0, 0, 0.55, 757, 684, 6187.50, 17540, 15840
1694876830, 0, 18, 146, 0, 0, 6851.56, 4, 0, 0, 0.61, 758, 684, 6187.50, 17540, 15840
1694876832, 0, 18, 146, 0, 0, 6851.56, 4, 0, 0, 0.48, 759, 684, 6187.50, 17540, 15840
1694876834, 0, 18, 146, 0, 0, 6851.56, 4, 0, 0, 0.51, 760, 684, 6187.50, 17540, 15840
1694876836, 0, 18, 146, 0, 0, 6851.56, 4, 0, 0, 0.50, 761, 684, 6187.50, 17540, 15840
1694876838, 0, 18, 146, 0, 0, 6851.56, 4, 0, 0, 0.50, 762, 684, 6187.50, 17540, 15840
1694876840, 0, 18, 146, 0, 0, 6851.56, 4, 0, 0, 0.56, 763, 684, 6187.50, 17540, 15840
1694876841, 0, 18, 146, 0, 0, 6851.56, 4, 0, 0, 0.55, 764, 684, 6187.50, 17540, 15840
1694876844, 0, 18, 146, 0, 0, 6851.56, 4, 0, 0, 0.34, 765, 684, 6187.50, 17540, 15840
1694876846, 0, 18, 146, 0, 0, 6851.56, 4, 0, 0, 0.46, 766, 684, 6187.50, 17540, 15840
1694876849, 0, 18, 146, 0, 0, 6851.56, 4, 0, 0, 0.48, 767, 684, 6187.50, 17540, 15840
1694876850, 0, 18, 146, 0, 0, 6851.56, 4, 0, 0, 0.55, 768, 684, 6187.50, 17540, 15840
1694876853, 0, 18, 146, 0, 0, 6851.56, 4, 0, 0, 0.38, 769, 684, 6187.50, 17540, 15840
1694876856, 0, 18, 147, 0, 0, 6851.56, 4, 0, 0, 0.38, 770, 684, 6187.50, 17540, 15840
1694876858, 0, 18, 148, 0, 0, 6851.56, 4, 0, 0, 0.51, 771, 684, 6187.50, 17540, 15840
1694876860, 0, 18, 148, 0, 0, 6851.56, 4, 0, 0, 0.49, 772, 684, 6187.50, 17540, 15840
1694876861, 0, 18, 148, 0, 0, 6851.56, 4, 0, 0, 0.53, 773, 684, 6187.50, 17540, 15840
1694876864, 0, 18, 149, 0, 0, 6851.56, 4, 0, 0, 0.48, 774, 684, 6187.50, 17540, 15840
1694876865, 0, 18, 150, 0, 0, 6851.56, 4, 0, 0, 0.53, 775, 684, 6187.50, 17540, 15840
1694876867, 0, 18, 151, 0, 0, 6851.56, 4, 0, 0, 0.54, 776, 684, 6187.50, 17540, 15840
1694876870, 0, 18, 152, 0, 0, 6851.56, 4, 0, 0, 0.41, 777, 684, 6187.50, 17540, 15840
1694876872, 0, 18, 152, 0, 0, 6851.56, 4, 0, 0, 0.54, 778, 684, 6187.50, 17540, 15840
1694876874, 0, 18, 152, 0, 0, 6851.56, 4, 0, 0, 0.47, 779, 684, 6187.50, 17540, 15840
1694876876, 0, 18, 152, 0, 0, 6851.56, 4, 0, 0, 0.56, 780, 684, 6187.50, 17540, 15840
1694876877, 0, 18, 152, 0, 0, 6851.56, 4, 0, 0, 0.53, 781, 684, 6187.50, 17540, 15840
1694876879, 0, 18, 152, 0, 0, 6851.56, 4, 0, 0, 0.49, 782, 684, 6187.50, 17540, 15840
1694876881, 0, 18, 152, 0, 0, 6851.56, 4, 0, 0, 0.50, 783, 684, 6187.50, 17540, 15840
1694876883, 0, 18, 152, 0, 0, 6851.56, 4, 0, 0, 0.52, 784, 684, 6187.50, 17540, 15840
1694876885, 0, 18, 152, 0, 0, 6851.56, 4, 0, 0, 0.56, 785, 684, 6187.50, 17540, 15840
1694876887, 0, 18, 152, 0, 0, 6851.56, 4, 0, 0, 0.52, 786, 684, 6187.50, 17540, 15840
1694876889, 0, 18, 152, 0, 0, 6851.56, 4, 0, 0, 0.54, 787, 684, 6187.50, 17540, 15840
1694876891, 0, 18, 153, 0, 0, 6851.56, 4, 0, 0, 0.47, 788, 684, 6187.50, 17540, 15840
1694876893, 0, 18, 153, 0, 0, 6851.56, 4, 0, 0, 0.50, 789, 684, 6187.50, 17540, 15840
1694876895, 0, 18, 153, 0, 0, 6851.56, 4, 0, 0, 0.47, 790, 684, 6187.50, 17540, 15840
1694876897, 0, 18, 153, 0, 0, 6851.56, 4, 0, 0, 0.51, 791, 684, 6187.50, 17540, 15840
1694876899, 0, 18, 153, 0, 0, 6851.56, 4, 0, 0, 0.53, 792, 684, 6187.50, 17540, 15840
1694876901, 0, 18, 153, 0, 0, 6851.56, 4, 0, 0, 0.57, 793, 684, 6187.50, 17540, 15840
1694876903, 0, 18, 153, 0, 0, 6851.56, 4, 0, 0, 0.54, 794, 684, 6187.50, 17540, 15840
1694876905, 0, 18, 153, 0, 0, 6851.56, 4, 0, 0, 0.55, 795, 684, 6187.50, 17540, 15840
1694876907, 0, 18, 153, 0, 0, 6851.56, 4, 0, 0, 0.48, 796, 684, 6187.50, 17540, 15840
1694876909, 0, 18, 153, 0, 0, 6851.56, 4, 0, 0, 0.45, 797, 684, 6187.50, 17540, 15840
1694876911, 0, 18, 153, 0, 0, 6851.56, 4, 0, 0, 0.53, 798, 684, 6187.50, 17540, 15840
1694876912, 0, 18, 153, 0, 0, 6851.56, 4, 0, 0, 0.60, 799, 684, 6187.50, 17540, 15840
1694876914, 0, 18, 153, 0, 0, 6851.56, 4, 0, 0, 0.60, 800, 684, 6187.50, 17540, 15840
1694876916, 0, 18, 153, 0, 0, 6851.56, 4, 0, 0, 0.47, 801, 684, 6187.50, 17540, 15840
1694876918, 0, 18, 153, 0, 0, 6851.56, 4, 0, 0, 0.54, 802, 684, 6187.50, 17540, 15840
1694876920, 0, 18, 153, 0, 0, 6851.56, 4, 0, 0, 0.48, 803, 684, 6187.50, 17540, 15840
1694876922, 0, 18, 153, 0, 0, 6851.56, 4, 0, 0, 0.53, 804, 684, 6187.50, 17540, 15840
1694876924, 0, 18, 153, 0, 0, 6851.56, 4, 0, 0, 0.55, 805, 684, 6187.50, 17540, 15840
1694876926, 0, 18, 153, 0, 0, 6851.56, 4, 0, 0, 0.45, 806, 684, 6187.50, 17540, 15840
1694876928, 0, 18, 153, 0, 0, 6851.56, 4, 0, 0, 0.46, 807, 684, 6187.50, 17540, 15840
1694876930, 0, 18, 153, 0, 0, 6851.56, 4, 0, 0, 0.50, 808, 684, 6187.50, 17540, 15840
1694876932, 0, 18, 153, 0, 0, 6851.56, 4, 0, 0, 0.49, 809, 684, 6187.50, 17540, 15840
1694876934, 0, 18, 153, 0, 0, 6851.56, 4, 0, 0, 0.61, 810, 684, 6187.50, 17540, 15840
1694876936, 0, 18, 154, 0, 0, 6851.56, 4, 0, 0, 0.58, 811, 684, 6187.50, 17540, 15840
1694876938, 0, 18, 154, 0, 0, 6851.56, 4, 0, 0, 0.50, 812, 684, 6187.50, 17540, 15840
1694876940, 0, 18, 154, 0, 0, 6851.56, 4, 0, 0, 0.45, 813, 684, 6187.50, 17540, 15840
1694876942, 0, 18, 155, 0, 0, 6851.56, 4, 0, 0, 0.45, 814, 684, 6187.50, 17540, 15840
1694876944, 0, 18, 155, 0, 0, 6851.56, 4, 0, 0, 0.56, 815, 684, 6187.50, 17540, 15840
1694876945, 0, 18, 155, 0, 0, 6851.56, 4, 0, 0, 0.63, 816, 684, 6187.50, 17540, 15840
1694876947, 0, 18, 155, 0, 0, 6851.56, 4, 0, 0, 0.56, 817, 684, 6187.50, 17540, 15840
1694876949, 0, 18, 155, 0, 0, 6851.56, 4, 0, 0, 0.48, 818, 684, 6187.50, 17540, 15840
1694876951, 0, 18, 155, 0, 0, 6851.56, 4, 0, 0, 0.49, 819, 684, 6187.50, 17540, 15840
1694876954, 0, 18, 155, 0, 0, 6851.56, 4, 0, 0, 0.48, 820, 684, 6187.50, 17540, 15840
1694876956, 0, 18, 155, 0, 0, 6851.56, 4, 0, 0, 0.50, 821, 684, 6187.50, 17540, 15840
1694876957, 0, 18, 155, 0, 0, 6851.56, 4, 0, 0, 0.55, 822, 684, 6187.50, 17540, 15840
1694876960, 0, 18, 155, 0, 0, 6851.56, 4, 0, 0, 0.43, 823, 684, 6187.50, 17540, 15840
1694876962, 0, 18, 155, 0, 0, 6851.56, 4, 0, 0, 0.49, 824, 684, 6187.50, 17540, 15840
1694876964, 0, 18, 155, 0, 0, 6851.56, 4, 0, 0, 0.51, 825, 684, 6187.50, 17540, 15840
1694876966, 0, 18, 155, 0, 0, 6851.56, 4, 0, 0, 0.38, 826, 684, 6187.50, 17540, 15840
1694876968, 0, 18, 155, 0, 0, 6851.56, 4, 0, 0, 0.55, 827, 684, 6187.50, 17540, 15840
1694876970, 0, 18, 155, 0, 0, 6851.56, 4, 0, 0, 0.51, 828, 684, 6187.50, 17540, 15840
1694876972, 0, 18, 155, 0, 0, 6851.56, 4, 0, 0, 0.48, 829, 684, 6187.50, 17540, 15840
1694876974, 0, 18, 155, 0, 0, 6851.56, 4, 0, 0, 0.45, 830, 684, 6187.50, 17540, 15840
1694876976, 0, 18, 155, 0, 0, 6851.56, 4, 0, 0, 0.53, 831, 684, 6187.50, 17540, 15840
1694876978, 0, 18, 155, 0, 0, 6851.56, 4, 0, 0, 0.54, 832, 684, 6187.50, 17540, 15840
1694876980, 0, 18, 155, 0, 0, 6851.56, 4, 0, 0, 0.67, 833, 684, 6187.50, 17540, 15840
1694876981, 0, 18, 155, 0, 0, 6851.56, 4, 0, 0, 0.57, 834, 684, 6187.50, 17540, 15840
1694876983, 0, 18, 155, 0, 0, 6851.56, 4, 0, 0, 0.52, 835, 684, 6187.50, 17540, 15840
1694876985, 0, 18, 156, 0, 0, 6851.56, 4, 0, 0, 0.47, 836, 684, 6187.50, 17540, 15840
1694876987, 0, 18, 156, 0, 0, 6851.56, 4, 0, 0, 0.50, 837, 684, 6187.50, 17540, 15840
1694876989, 0, 18, 156, 0, 0, 6851.56, 4, 0, 0, 0.56, 838, 684, 6187.50, 17540, 15840
1694876991, 0, 18, 156, 0, 0, 6851.56, 4, 0, 0, 0.62, 839, 684, 6187.50, 17540, 15840
1694876992, 0, 18, 156, 0, 0, 6851.56, 4, 0, 0, 0.64, 840, 684, 6187.50, 17540, 15840
1694876994, 0, 18, 157, 0, 0, 6851.56, 4, 0, 0, 0.53, 841, 684, 6187.50, 17540, 15840
1694876996, 0, 18, 157, 0, 0, 6851.56, 4, 0, 0, 0.46, 842, 684, 6187.50, 17540, 15840
1694876998, 0, 18, 157, 0, 0, 6851.56, 4, 0, 0, 0.52, 843, 684, 6187.50, 17540, 15840
1694877000, 0, 18, 157, 0, 0, 6851.56, 4, 0, 0, 0.52, 844, 684, 6187.50, 17540, 15840
1694877002, 0, 18, 157, 0, 0, 6851.56, 4, 0, 0, 0.50, 845, 684, 6187.50, 17540, 15840
1694877014, 0, 18, 158, 0, 0, 6851.56, 4, 0, 0, 0.08, 846, 684, 6187.50, 17540, 15840
1694877016, 0, 18, 158, 0, 0, 6851.56, 4, 0, 0, 0.56, 847, 684, 6187.50, 17540, 15840
1694877019, 0, 18, 159, 0, 0, 6851.56, 4, 0, 0, 0.43, 848, 684, 6187.50, 17540, 15840
1694877022, 0, 18, 159, 0, 0, 6851.56, 4, 0, 0, 0.30, 849, 684, 6187.50, 17540, 15840
1694877024, 0, 18, 159, 0, 0, 6851.56, 4, 0, 0, 0.56, 850, 684, 6187.50, 17540, 15840
1694877026, 0, 18, 159, 0, 0, 6851.56, 4, 0, 0, 0.48, 851, 684, 6187.50, 17540, 15840
1694877028, 0, 18, 159, 0, 0, 6851.56, 4, 0, 0, 0.53, 852, 684, 6187.50, 17540, 15840
1694877030, 0, 18, 159, 0, 0, 6851.56, 4, 0, 0, 0.45, 853, 684, 6187.50, 17540, 15840
1694877032, 0, 18, 159, 0, 0, 6851.56, 4, 0, 0, 0.48, 854, 684, 6187.50, 17540, 15840
1694877034, 0, 18, 159, 0, 0, 6851.56, 4, 0, 0, 0.49, 855, 684, 6187.50, 17540, 15840
1694877036, 0, 18, 159, 0, 0, 6851.56, 4, 0, 0, 0.51, 856, 684, 6187.50, 17540, 15840
1694877038, 0, 18, 159, 0, 0, 6851.56, 4, 0, 0, 0.53, 857, 684, 6187.50, 17540, 15840
1694877040, 0, 18, 159, 0, 0, 6851.56, 4, 0, 0, 0.51, 858, 684, 6187.50, 17540, 15840
1694877042, 0, 18, 159, 0, 0, 6851.56, 4, 0, 0, 0.47, 859, 684, 6187.50, 17540, 15840
1694877045, 0, 18, 159, 0, 0, 6851.56, 4, 0, 0, 0.31, 860, 684, 6187.50, 17540, 15840
1694877048, 0, 18, 159, 0, 0, 6851.56, 4, 0, 0, 0.35, 861, 684, 6187.50, 17540, 15840
1694877050, 0, 18, 159, 0, 0, 6851.56, 4, 0, 0, 0.50, 862, 684, 6187.50, 17540, 15840
1694877052, 0, 18, 159, 0, 0, 6851.56, 4, 0, 0, 0.43, 863, 684, 6187.50, 17540, 15840
1694877054, 0, 18, 159, 0, 0, 6851.56, 4, 0, 0, 0.52, 864, 684, 6187.50, 17540, 15840
1694877056, 0, 18, 159, 0, 0, 6851.56, 4, 0, 0, 0.56, 865, 684, 6187.50, 17540, 15840
1694877058, 0, 18, 159, 0, 0, 6851.56, 4, 0, 0, 0.48, 866, 684, 6187.50, 17540, 15840
1694877060, 0, 18, 159, 0, 0, 6851.56, 4, 0, 0, 0.58, 867, 684, 6187.50, 17540, 15840
1694877061, 0, 18, 159, 0, 0, 6851.56, 4, 0, 0, 0.62, 868, 684, 6187.50, 17540, 15840
1694877063, 0, 18, 159, 0, 0, 6851.56, 4, 0, 0, 0.60, 869, 684, 6187.50, 17540, 15840
1694877065, 0, 18, 159, 0, 0, 6851.56, 4, 0, 0, 0.55, 870, 684, 6187.50, 17540, 15840
1694877067, 0, 18, 159, 0, 0, 6851.56, 4, 0, 0, 0.43, 871, 684, 6187.50, 17540, 15840
1694877069, 0, 18, 160, 0, 0, 6851.56, 4, 0, 0, 0.46, 872, 684, 6187.50, 17540, 15840
1694877072, 0, 18, 160, 0, 0, 6851.56, 4, 0, 0, 0.45, 873, 684, 6187.50, 17540, 15840
1694877073, 0, 18, 160, 0, 0, 6851.56, 4, 0, 0, 0.57, 874, 684, 6187.50, 17540, 15840
1694877075, 0, 18, 160, 0, 0, 6851.56, 4, 0, 0, 0.50, 875, 684, 6187.50, 17540, 15840
1694877077, 0, 18, 160, 0, 0, 6851.56, 4, 0, 0, 0.60, 876, 684, 6187.50, 17540, 15840
1694877080, 0, 18, 160, 0, 0, 6851.56, 4, 0, 0, 0.39, 877, 684, 6187.50, 17540, 15840
1694877082, 0, 18, 160, 0, 0, 6851.56, 4, 0, 0, 0.49, 878, 684, 6187.50, 17540, 15840
1694877084, 0, 18, 160, 0, 0, 6851.56, 4, 0, 0, 0.47, 879, 684, 6187.50, 17540, 15840
1694877086, 0, 18, 160, 0, 0, 6851.56, 4, 0, 0, 0.49, 880, 684, 6187.50, 17540, 15840
1694877088, 0, 18, 160, 0, 0, 6851.56, 4, 0, 0, 0.59, 881, 684, 6187.50, 17540, 15840
1694877089, 0, 18, 160, 0, 0, 6851.56, 4, 0, 0, 0.57, 882, 684, 6187.50, 17540, 15840
1694877091, 0, 18, 160, 0, 0, 6851.56, 4, 0, 0, 0.56, 883, 684, 6187.50, 17540, 15840
1694877093, 0, 18, 160, 0, 0, 6851.56, 4, 0, 0, 0.52, 884, 684, 6187.50, 17540, 15840
1694877095, 0, 18, 160, 0, 0, 6851.56, 4, 0, 0, 0.54, 885, 684, 6187.50, 17540, 15840
1694877097, 0, 18, 160, 0, 0, 6851.56, 4, 0, 0, 0.53, 886, 684, 6187.50, 17540, 15840
1694877099, 0, 18, 160, 0, 0, 6851.56, 4, 0, 0, 0.50, 887, 684, 6187.50, 17540, 15840
1694877101, 0, 18, 160, 0, 0, 6851.56, 4, 0, 0, 0.53, 888, 684, 6187.50, 17540, 15840
1694877103, 0, 18, 160, 0, 0, 6851.56, 4, 0, 0, 0.47, 889, 684, 6187.50, 17540, 15840
1694877105, 0, 18, 160, 0, 0, 6851.56, 4, 0, 0, 0.55, 890, 684, 6187.50, 17540, 15840
1694877107, 0, 18, 160, 0, 0, 6851.56, 4, 0, 0, 0.41, 891, 684, 6187.50, 17540, 15840
1694877109, 0, 18, 160, 0, 0, 6851.56, 4, 0, 0, 0.53, 892, 684, 6187.50, 17540, 15840
1694877111, 0, 18, 160, 0, 0, 6851.56, 4, 0, 0, 0.53, 893, 684, 6187.50, 17540, 15840
1694877113, 0, 18, 160, 0, 0, 6851.56, 4, 0, 0, 0.47, 894, 684, 6187.50, 17540, 15840
1694877115, 0, 18, 160, 0, 0, 6851.56, 4, 0, 0, 0.49, 895, 684, 6187.50, 17540, 15840
1694877117, 0, 18, 160, 0, 0, 6851.56, 4, 0, 0, 0.55, 896, 684, 6187.50, 17540, 15840
1694877119, 0, 18, 160, 0, 0, 6851.56, 4, 0, 0, 0.53, 897, 684, 6187.50, 17540, 15840
1694877120, 0, 18, 161, 0, 0, 6851.56, 4, 0, 0, 0.54, 898, 684, 6187.50, 17540, 15840
1694877123, 0, 18, 162, 0, 0, 6851.56, 4, 0, 0, 0.44, 899, 684, 6187.50, 17540, 15840
1694877125, 0, 18, 162, 0, 0, 6851.56, 4, 0, 0, 0.45, 900, 684, 6187.50, 17540, 15840
1694877128, 0, 18, 162, 0, 0, 6851.56, 4, 0, 0, 0.35, 901, 684, 6187.50, 17540, 15840
1694877130, 0, 18, 163, 0, 0, 6851.56, 4, 0, 0, 0.47, 902, 684, 6187.50, 17540, 15840
1694877132, 0, 18, 164, 0, 0, 6851.56, 4, 0, 0, 0.54, 903, 684, 6187.50, 17540, 15840
1694877134, 0, 18, 165, 0, 0, 6851.56, 4, 0, 0, 0.42, 904, 684, 6187.50, 17540, 15840
1694877136, 0, 18, 165, 0, 0, 6851.56, 4, 0, 0, 0.52, 905, 684, 6187.50, 17540, 15840
1694877138, 0, 18, 165, 0, 0, 6851.56, 4, 0, 0, 0.44, 906, 684, 6187.50, 17540, 15840
1694877149, 0, 18, 165, 0, 0, 6851.56, 4, 0, 0, 0.09, 907, 684, 6187.50, 17540, 15840
1694877151, 0, 18, 165, 0, 0, 6851.56, 4, 0, 0, 0.48, 908, 684, 6187.50, 17540, 15840
1694877154, 0, 18, 165, 0, 0, 6851.56, 4, 0, 0, 0.39, 909, 684, 6187.50, 17540, 15840
1694877156, 0, 18, 165, 0, 0, 6851.56, 4, 0, 0, 0.47, 910, 684, 6187.50, 17540, 15840
1694877158, 0, 18, 165, 0, 0, 6851.56, 4, 0, 0, 0.51, 911, 684, 6187.50, 17540, 15840
1694877160, 0, 18, 165, 0, 0, 6851.56, 4, 0, 0, 0.45, 912, 684, 6187.50, 17540, 15840
1694877162, 0, 18, 165, 0, 0, 6851.56, 4, 0, 0, 0.46, 913, 684, 6187.50, 17540, 15840
1694877164, 0, 18, 165, 0, 0, 6851.56, 4, 0, 0, 0.49, 914, 684, 6187.50, 17540, 15840
1694877167, 0, 18, 165, 0, 0, 6851.56, 4, 0, 0, 0.44, 915, 684, 6187.50, 17540, 15840
1694877169, 0, 18, 165, 0, 0, 6851.56, 4, 0, 0, 0.46, 916, 684, 6187.50, 17540, 15840
1694877171, 0, 18, 165, 0, 0, 6851.56, 4, 0, 0, 0.48, 917, 684, 6187.50, 17540, 15840
1694877173, 0, 18, 165, 0, 0, 6851.56, 4, 0, 0, 0.53, 918, 684, 6187.50, 17540, 15840
1694877175, 0, 18, 165, 0, 0, 6851.56, 4, 0, 0, 0.48, 919, 684, 6187.50, 17540, 15840
1694877177, 0, 18, 165, 0, 0, 6851.56, 4, 0, 0, 0.51, 920, 684, 6187.50, 17540, 15840
1694877179, 0, 18, 165, 0, 0, 6851.56, 4, 0, 0, 0.40, 921, 684, 6187.50, 17540, 15840
1694877181, 0, 18, 165, 0, 0, 6851.56, 4, 0, 0, 0.51, 922, 684, 6187.50, 17540, 15840
1694877183, 0, 18, 165, 0, 0, 6851.56, 4, 0, 0, 0.49, 923, 684, 6187.50, 17540, 15840
1694877185, 0, 18, 165, 0, 0, 6851.56, 4, 0, 0, 0.53, 924, 684, 6187.50, 17540, 15840
1694877187, 0, 18, 165, 0, 0, 6851.56, 4, 0, 0, 0.48, 925, 684, 6187.50, 17540, 15840
1694877189, 0, 18, 165, 0, 0, 6851.56, 4, 0, 0, 0.44, 926, 684, 6187.50, 17540, 15840
1694877192, 0, 18, 165, 0, 0, 6851.56, 4, 0, 0, 0.48, 927, 684, 6187.50, 17540, 15840
1694877194, 0, 18, 165, 0, 0, 6851.56, 4, 0, 0, 0.46, 928, 684, 6187.50, 17540, 15840
1694877196, 0, 18, 165, 0, 0, 6851.56, 4, 0, 0, 0.53, 929, 684, 6187.50, 17540, 15840
1694877198, 0, 18, 165, 0, 0, 6851.56, 4, 0, 0, 0.53, 930, 684, 6187.50, 17540, 15840
1694877199, 0, 18, 165, 0, 0, 6851.56, 4, 0, 0, 0.54, 931, 684, 6187.50, 17540, 15840
1694877201, 0, 18, 165, 0, 0, 6851.56, 4, 0, 0, 0.52, 932, 684, 6187.50, 17540, 15840
1694877203, 0, 18, 165, 0, 0, 6851.56, 4, 0, 0, 0.53, 933, 684, 6187.50, 17540, 15840
1694877205, 0, 18, 165, 0, 0, 6851.56, 4, 0, 0, 0.52, 934, 684, 6187.50, 17540, 15840
1694877207, 0, 18, 165, 0, 0, 6851.56, 4, 0, 0, 0.51, 935, 684, 6187.50, 17540, 15840
1694877209, 0, 18, 165, 0, 0, 6851.56, 4, 0, 0, 0.50, 936, 684, 6187.50, 17540, 15840
1694877211, 0, 18, 165, 0, 0, 6851.56, 4, 0, 0, 0.59, 937, 684, 6187.50, 17540, 15840
1694877213, 0, 18, 165, 0, 0, 6851.56, 4, 0, 0, 0.53, 938, 684, 6187.50, 17540, 15840
1694877215, 0, 18, 165, 0, 0, 6851.56, 4, 0, 0, 0.46, 939, 684, 6187.50, 17540, 15840
1694877217, 0, 18, 165, 0, 0, 6851.56, 4, 0, 0, 0.50, 940, 684, 6187.50, 17540, 15840
1694877220, 0, 18, 165, 0, 0, 6851.56, 4, 0, 0, 0.34, 941, 684, 6187.50, 17540, 15840
1694877222, 0, 18, 165, 0, 0, 6851.56, 4, 0, 0, 0.50, 942, 684, 6187.50, 17540, 15840
1694877224, 0, 18, 165, 0, 0, 6851.56, 4, 0, 0, 0.52, 943, 684, 6187.50, 17540, 15840
1694877226, 0, 18, 166, 0, 0, 6851.56, 4, 0, 0, 0.47, 944, 684, 6187.50, 17540, 15840
1694877228, 0, 18, 167, 0, 0, 6851.56, 4, 0, 0, 0.46, 945, 684, 6187.50, 17540, 15840
1694877230, 0, 18, 167, 0, 0, 6851.56, 4, 0, 0, 0.52, 946, 684, 6187.50, 17540, 15840
1694877232, 0, 18, 168, 0, 0, 6851.56, 4, 0, 0, 0.47, 947, 684, 6187.50, 17540, 15840
1694877235, 0, 18, 168, 0, 0, 6851.56, 4, 0, 0, 0.35, 948, 684, 6187.50, 17540, 15840
1694877237, 0, 18, 168, 0, 0, 6851.56, 4, 0, 0, 0.53, 949, 684, 6187.50, 17540, 15840
1694877239, 0, 18, 168, 0, 0, 6851.56, 4, 0, 0, 0.48, 950, 684, 6187.50, 17540, 15840
1694877242, 0, 18, 168, 0, 0, 6851.56, 4, 0, 0, 0.31, 951, 684, 6187.50, 17540, 15840
1694877246, 0, 18, 168, 0, 0, 6851.56, 4, 0, 0, 0.28, 952, 684, 6187.50, 17540, 15840
1694877248, 0, 18, 168, 0, 0, 6851.56, 4, 0, 0, 0.39, 953, 684, 6187.50, 17540, 15840
1694877250, 0, 18, 168, 0, 0, 6851.56, 4, 0, 0, 0.43, 954, 684, 6187.50, 17540, 15840
1694877252, 0, 18, 168, 0, 0, 6851.56, 4, 0, 0, 0.50, 955, 684, 6187.50, 17540, 15840
1694877255, 0, 18, 168, 0, 0, 6851.56, 4, 0, 0, 0.48, 956, 684, 6187.50, 17540, 15840
1694877257, 0, 18, 168, 0, 0, 6851.56, 4, 0, 0, 0.47, 957, 684, 6187.50, 17540, 15840
1694877259, 0, 18, 168, 0, 0, 6851.56, 4, 0, 0, 0.50, 958, 684, 6187.50, 17540, 15840
1694877261, 0, 18, 168, 0, 0, 6851.56, 4, 0, 0, 0.49, 959, 684, 6187.50, 17540, 15840
1694877263, 0, 18, 168, 0, 0, 6851.56, 4, 0, 0, 0.56, 960, 684, 6187.50, 17540, 15840
1694877265, 0, 18, 168, 0, 0, 6851.56, 4, 0, 0, 0.50, 961, 684, 6187.50, 17540, 15840
1694877266, 0, 18, 168, 0, 0, 6851.56, 4, 0, 0, 0.59, 962, 684, 6187.50, 17540, 15840
1694877268, 0, 18, 168, 0, 0, 6851.56, 4, 0, 0, 0.50, 963, 684, 6187.50, 17540, 15840
1694877270, 0, 18, 168, 0, 0, 6851.56, 4, 0, 0, 0.52, 964, 684, 6187.50, 17540, 15840
1694877272, 0, 18, 168, 0, 0, 6851.56, 4, 0, 0, 0.49, 965, 684, 6187.50, 17540, 15840
1694877274, 0, 18, 168, 0, 0, 6851.56, 4, 0, 0, 0.58, 966, 684, 6187.50, 17540, 15840
1694877276, 0, 18, 168, 0, 0, 6851.56, 4, 0, 0, 0.52, 967, 684, 6187.50, 17540, 15840
1694877278, 0, 18, 168, 0, 0, 6851.56, 4, 0, 0, 0.45, 968, 684, 6187.50, 17540, 15840
1694877280, 0, 18, 168, 0, 0, 6851.56, 4, 0, 0, 0.45, 969, 684, 6187.50, 17540, 15840
1694877282, 0, 18, 168, 0, 0, 6851.56, 4, 0, 0, 0.48, 970, 684, 6187.50, 17540, 15840
1694877284, 0, 18, 168, 0, 0, 6851.56, 4, 0, 0, 0.51, 971, 684, 6187.50, 17540, 15840
1694877286, 0, 18, 168, 0, 0, 6851.56, 4, 0, 0, 0.53, 972, 684, 6187.50, 17540, 15840
1694877288, 0, 18, 168, 0, 0, 6851.56, 4, 0, 0, 0.51, 973, 684, 6187.50, 17540, 15840
1694877290, 0, 18, 168, 0, 0, 6851.56, 4, 0, 0, 0.44, 974, 684, 6187.50, 17540, 15840
1694877292, 0, 18, 168, 0, 0, 6851.56, 4, 0, 0, 0.59, 975, 684, 6187.50, 17540, 15840
1694877294, 0, 18, 168, 0, 0, 6851.56, 4, 0, 0, 0.45, 976, 684, 6187.50, 17540, 15840
1694877296, 0, 18, 168, 0, 0, 6851.56, 4, 0, 0, 0.48, 977, 684, 6187.50, 17540, 15840
1694877298, 0, 18, 168, 0, 0, 6851.56, 4, 0, 0, 0.50, 978, 684, 6187.50, 17540, 15840
1694877300, 0, 18, 168, 0, 0, 6851.56, 4, 0, 0, 0.50, 979, 684, 6187.50, 17540, 15840
1694877302, 0, 18, 168, 0, 0, 6851.56, 4, 0, 0, 0.48, 980, 684, 6187.50, 17540, 15840
1694877304, 0, 18, 168, 0, 0, 6851.56, 4, 0, 0, 0.55, 981, 684, 6187.50, 17540, 15840
1694877306, 0, 18, 169, 0, 0, 6851.56, 4, 0, 0, 0.54, 982, 684, 6187.50, 17540, 15840
1694877308, 0, 18, 169, 0, 0, 6851.56, 4, 0, 0, 0.58, 983, 684, 6187.50, 17540, 15840
1694877310, 0, 18, 169, 0, 0, 6851.56, 4, 0, 0, 0.55, 984, 684, 6187.50, 17540, 15840
1694877312, 0, 18, 170, 0, 0, 6851.56, 4, 0, 0, 0.54, 985, 684, 6187.50, 17540, 15840
1694877314, 0, 18, 170, 0, 0, 6851.56, 4, 0, 0, 0.43, 986, 684, 6187.50, 17540, 15840
1694877316, 0, 18, 170, 0, 0, 6851.56, 4, 0, 0, 0.51, 987, 684, 6187.50, 17540, 15840
1694877319, 0, 18, 170, 0, 0, 6851.56, 4, 0, 0, 0.34, 988, 684, 6187.50, 17540, 15840
1694877321, 0, 18, 170, 0, 0, 6851.56, 4, 0, 0, 0.50, 989, 684, 6187.50, 17540, 15840
1694877323, 0, 18, 170, 0, 0, 6851.56, 4, 0, 0, 0.53, 990, 684, 6187.50, 17540, 15840
1694877325, 0, 18, 170, 0, 0, 6851.56, 4, 0, 0, 0.51, 991, 684, 6187.50, 17540, 15840
1694877327, 0, 18, 170, 0, 0, 6851.56, 4, 0, 0, 0.41, 992, 684, 6187.50, 17540, 15840
1694877329, 0, 18, 170, 0, 0, 6851.56, 4, 0, 0, 0.49, 993, 684, 6187.50, 17540, 15840
1694877331, 0, 18, 170, 0, 0, 6851.56, 4, 0, 0, 0.44, 994, 684, 6187.50, 17540, 15840
1694877334, 0, 18, 170, 0, 0, 6851.56, 4, 0, 0, 0.48, 995, 684, 6187.50, 17540, 15840
1694877335, 0, 18, 170, 0, 0, 6851.56, 4, 0, 0, 0.53, 996, 684, 6187.50, 17540, 15840
1694877338, 0, 18, 170, 0, 0, 6851.56, 4, 0, 0, 0.47, 997, 684, 6187.50, 17540, 15840
1694877340, 0, 18, 170, 0, 0, 6851.56, 4, 0, 0, 0.46, 998, 684, 6187.50, 17540, 15840
1694877342, 0, 18, 170, 0, 0, 6851.56, 4, 0, 0, 0.43, 999, 684, 6187.50, 17540, 15840
1694877344, 0, 18, 170, 0, 0, 6851.56, 4, 0, 0, 0.47, 1000, 684, 6187.50, 17540, 15840
1694877346, 0, 18, 170, 0, 0, 6851.56, 4, 0, 0, 0.53, 1001, 684, 6187.50, 17540, 15840
1694877348, 0, 18, 170, 0, 0, 6851.56, 4, 0, 0, 0.56, 1002, 684, 6187.50, 17540, 15840
1694877350, 0, 18, 170, 0, 0, 6851.56, 4, 0, 0, 0.41, 1003, 684, 6187.50, 17540, 15840
1694877352, 0, 18, 170, 0, 0, 6851.56, 4, 0, 0, 0.47, 1004, 684, 6187.50, 17540, 15840
1694877355, 0, 18, 170, 0, 0, 6851.56, 4, 0, 0, 0.47, 1005, 684, 6187.50, 17540, 15840
1694877357, 0, 18, 170, 0, 0, 6851.56, 4, 0, 0, 0.48, 1006, 684, 6187.50, 17540, 15840
1694877359, 0, 18, 170, 0, 0, 6851.56, 4, 0, 0, 0.44, 1007, 684, 6187.50, 17540, 15840
1694877361, 0, 18, 170, 0, 0, 6851.56, 4, 0, 0, 0.52, 1008, 684, 6187.50, 17540, 15840
1694877363, 0, 18, 170, 0, 0, 6851.56, 4, 0, 0, 0.50, 1009, 684, 6187.50, 17540, 15840
1694877365, 0, 18, 170, 0, 0, 6851.56, 4, 0, 0, 0.52, 1010, 684, 6187.50, 17540, 15840
1694877367, 0, 18, 170, 0, 0, 6851.56, 4, 0, 0, 0.52, 1011, 684, 6187.50, 17540, 15840
1694877369, 0, 18, 170, 0, 0, 6851.56, 4, 0, 0, 0.46, 1012, 684, 6187.50, 17540, 15840
1694877371, 0, 18, 170, 0, 0, 6851.56, 4, 0, 0, 0.46, 1013, 684, 6187.50, 17540, 15840
1694877373, 0, 18, 170, 0, 0, 6851.56, 4, 0, 0, 0.49, 1014, 684, 6187.50, 17540, 15840
1694877375, 0, 18, 170, 0, 0, 6851.56, 4, 0, 0, 0.45, 1015, 684, 6187.50, 17540, 15840
1694877377, 0, 18, 170, 0, 0, 6851.56, 4, 0, 0, 0.46, 1016, 684, 6187.50, 17540, 15840
1694877380, 0, 18, 170, 0, 0, 6851.56, 4, 0, 0, 0.45, 1017, 684, 6187.50, 17540, 15840
1694877382, 0, 18, 170, 0, 0, 6851.56, 4, 0, 0, 0.48, 1018, 684, 6187.50, 17540, 15840
1694877384, 0, 18, 170, 0, 0, 6851.56, 4, 0, 0, 0.48, 1019, 684, 6187.50, 17540, 15840
1694877386, 0, 18, 171, 0, 0, 6851.56, 4, 0, 0, 0.39, 1020, 684, 6187.50, 17540, 15840
1694877389, 0, 18, 171, 0, 0, 6851.56, 4, 0, 0, 0.43, 1021, 684, 6187.50, 17540, 15840
1694877391, 0, 18, 171, 0, 0, 6851.56, 4, 0, 0, 0.54, 1022, 684, 6187.50, 17540, 15840
1694877393, 0, 18, 171, 0, 0, 6851.56, 4, 0, 0, 0.48, 1023, 684, 6187.50, 17540, 15840
1694877395, 0, 18, 171, 0, 0, 6851.56, 4, 0, 0, 0.53, 1024, 684, 6187.50, 17540, 15840
1694877397, 0, 18, 171, 0, 0, 6851.56, 4, 0, 0, 0.34, 1025, 684, 6187.50, 17540, 15840
1694877400, 0, 18, 171, 0, 0, 6851.56, 4, 0, 0, 0.46, 1026, 684, 6187.50, 17540, 15840
1694877402, 0, 18, 171, 0, 0, 6851.56, 4, 0, 0, 0.50, 1027, 684, 6187.50, 17540, 15840
1694877404, 0, 18, 171, 0, 0, 6851.56, 4, 0, 0, 0.46, 1028, 684, 6187.50, 17540, 15840
1694877406, 0, 18, 171, 0, 0, 6851.56, 4, 0, 0, 0.53, 1029, 684, 6187.50, 17540, 15840
1694877408, 0, 18, 171, 0, 0, 6851.56, 4, 0, 0, 0.49, 1030, 684, 6187.50, 17540, 15840
1694877410, 0, 18, 171, 0, 0, 6851.56, 4, 0, 0, 0.48, 1031, 684, 6187.50, 17540, 15840
1694877412, 0, 18, 171, 0, 0, 6851.56, 4, 0, 0, 0.44, 1032, 684, 6187.50, 17540, 15840
1694877414, 0, 18, 171, 0, 0, 6851.56, 4, 0, 0, 0.51, 1033, 684, 6187.50, 17540, 15840
1694877416, 0, 18, 171, 0, 0, 6851.56, 4, 0, 0, 0.55, 1034, 684, 6187.50, 17540, 15840
1694877425, 0, 18, 172, 0, 0, 6851.56, 4, 0, 0, 0.10, 1035, 684, 6187.50, 17540, 15840
1694877427, 0, 18, 172, 0, 0, 6851.56, 4, 0, 0, 0.51, 1036, 684, 6187.50, 17540, 15840
1694877430, 0, 18, 172, 0, 0, 6851.56, 4, 0, 0, 0.46, 1037, 684, 6187.50, 17540, 15840
1694877432, 0, 18, 172, 0, 0, 6851.56, 4, 0, 0, 0.41, 1038, 684, 6187.50, 17540, 15840
1694877434, 0, 18, 172, 0, 0, 6851.56, 4, 0, 0, 0.50, 1039, 684, 6187.50, 17540, 15840
1694877436, 0, 18, 172, 0, 0, 6851.56, 4, 0, 0, 0.47, 1040, 684, 6187.50, 17540, 15840
1694877438, 0, 18, 172, 0, 0, 6851.56, 4, 0, 0, 0.49, 1041, 684, 6187.50, 17540, 15840
1694877440, 0, 18, 172, 0, 0, 6851.56, 4, 0, 0, 0.45, 1042, 684, 6187.50, 17540, 15840
1694877442, 0, 18, 172, 0, 0, 6851.56, 4, 0, 0, 0.54, 1043, 684, 6187.50, 17540, 15840
1694877444, 0, 18, 172, 0, 0, 6851.56, 4, 0, 0, 0.49, 1044, 684, 6187.50, 17540, 15840
1694877447, 0, 18, 172, 0, 0, 6851.56, 4, 0, 0, 0.45, 1045, 684, 6187.50, 17540, 15840
1694877449, 0, 18, 172, 0, 0, 6851.56, 4, 0, 0, 0.46, 1046, 684, 6187.50, 17540, 15840
1694877451, 0, 18, 172, 0, 0, 6851.56, 4, 0, 0, 0.53, 1047, 684, 6187.50, 17540, 15840
1694877453, 0, 18, 172, 0, 0, 6851.56, 4, 0, 0, 0.46, 1048, 684, 6187.50, 17540, 15840
1694877455, 0, 18, 172, 0, 0, 6851.56, 4, 0, 0, 0.46, 1049, 684, 6187.50, 17540, 15840
1694877457, 0, 18, 172, 0, 0, 6851.56, 4, 0, 0, 0.41, 1050, 684, 6187.50, 17540, 15840
1694877459, 0, 18, 172, 0, 0, 6851.56, 4, 0, 0, 0.49, 1051, 684, 6187.50, 17540, 15840
1694877461, 0, 18, 172, 0, 0, 6851.56, 4, 0, 0, 0.51, 1052, 684, 6187.50, 17540, 15840
1694877464, 0, 18, 172, 0, 0, 6851.56, 4, 0, 0, 0.48, 1053, 684, 6187.50, 17540, 15840
1694877466, 0, 18, 172, 0, 0, 6851.56, 4, 0, 0, 0.46, 1054, 684, 6187.50, 17540, 15840
1694877478, 0, 18, 173, 0, 0, 6851.56, 4, 0, 0, 0.08, 1055, 684, 6187.50, 17540, 15840
1694877480, 0, 18, 173, 0, 0, 6851.56, 4, 0, 0, 0.46, 1056, 684, 6187.50, 17540, 15840
1694877483, 0, 18, 173, 0, 0, 6851.56, 4, 0, 0, 0.44, 1057, 684, 6187.50, 17540, 15840
1694877485, 0, 18, 173, 0, 0, 6851.56, 4, 0, 0, 0.47, 1058, 684, 6187.50, 17540, 15840
1694877487, 0, 18, 173, 0, 0, 6851.56, 4, 0, 0, 0.53, 1059, 684, 6187.50, 17540, 15840
1694877489, 0, 18, 173, 0, 0, 6851.56, 4, 0, 0, 0.45, 1060, 684, 6187.50, 17540, 15840
1694877491, 0, 18, 173, 0, 0, 6851.56, 4, 0, 0, 0.47, 1061, 684, 6187.50, 17540, 15840
1694877494, 0, 18, 173, 0, 0, 6851.56, 4, 0, 0, 0.39, 1062, 684, 6187.50, 17540, 15840
1694877505, 0, 18, 173, 0, 0, 6851.56, 4, 0, 0, 0.09, 1063, 684, 6187.50, 17540, 15840
1694877507, 0, 18, 173, 0, 0, 6851.56, 4, 0, 0, 0.48, 1064, 684, 6187.50, 17540, 15840
1694877509, 0, 18, 173, 0, 0, 6851.56, 4, 0, 0, 0.43, 1065, 684, 6187.50, 17540, 15840
1694877511, 0, 18, 173, 0, 0, 6851.56, 4, 0, 0, 0.45, 1066, 684, 6187.50, 17540, 15840
1694877513, 0, 18, 173, 0, 0, 6851.56, 4, 0, 0, 0.49, 1067, 684, 6187.50, 17540, 15840
1694877516, 0, 18, 173, 0, 0, 6851.56, 4, 0, 0, 0.44, 1068, 684, 6187.50, 17540, 15840
1694877518, 0, 18, 173, 0, 0, 6851.56, 4, 0, 0, 0.45, 1069, 684, 6187.50, 17540, 15840
1694877520, 0, 18, 173, 0, 0, 6851.56, 4, 0, 0, 0.44, 1070, 684, 6187.50, 17540, 15840
1694877522, 0, 18, 173, 0, 0, 6851.56, 4, 0, 0, 0.46, 1071, 684, 6187.50, 17540, 15840
1694877525, 0, 18, 173, 0, 0, 6851.56, 4, 0, 0, 0.43, 1072, 684, 6187.50, 17540, 15840
1694877527, 0, 18, 173, 0, 0, 6851.56, 4, 0, 0, 0.46, 1073, 684, 6187.50, 17540, 15840
1694877529, 0, 18, 173, 0, 0, 6851.56, 4, 0, 0, 0.46, 1074, 684, 6187.50, 17540, 15840
1694877531, 0, 18, 173, 0, 0, 6851.56, 4, 0, 0, 0.49, 1075, 684, 6187.50, 17540, 15840
1694877533, 0, 18, 173, 0, 0, 6851.56, 4, 0, 0, 0.41, 1076, 684, 6187.50, 17540, 15840
1694877536, 0, 18, 173, 0, 0, 6851.56, 4, 0, 0, 0.43, 1077, 684, 6187.50, 17540, 15840
1694877538, 0, 18, 173, 0, 0, 6851.56, 4, 0, 0, 0.47, 1078, 684, 6187.50, 17540, 15840
1694877540, 0, 18, 173, 0, 0, 6851.56, 4, 0, 0, 0.48, 1079, 684, 6187.50, 17540, 15840
1694877542, 0, 18, 174, 0, 0, 6851.56, 4, 0, 0, 0.45, 1080, 684, 6187.50, 17540, 15840
1694877544, 0, 18, 174, 0, 0, 6851.56, 4, 0, 0, 0.50, 1081, 684, 6187.50, 17540, 15840
1694877547, 0, 18, 174, 0, 0, 6851.56, 4, 0, 0, 0.42, 1082, 684, 6187.50, 17540, 15840
1694877549, 0, 18, 174, 0, 0, 6851.56, 4, 0, 0, 0.45, 1083, 684, 6187.50, 17540, 15840
1694877551, 0, 18, 174, 0, 0, 6851.56, 4, 0, 0, 0.45, 1084, 684, 6187.50, 17540, 15840
1694877554, 0, 18, 174, 0, 0, 6851.56, 4, 0, 0, 0.34, 1085, 684, 6187.50, 17540, 15840
1694877556, 0, 18, 174, 0, 0, 6851.56, 4, 0, 0, 0.50, 1086, 684, 6187.50, 17540, 15840
1694877558, 0, 18, 174, 0, 0, 6851.56, 4, 0, 0, 0.53, 1087, 684, 6187.50, 17540, 15840
1694877560, 0, 18, 174, 0, 0, 6851.56, 4, 0, 0, 0.51, 1088, 684, 6187.50, 17540, 15840
1694877562, 0, 18, 174, 0, 0, 6851.56, 4, 0, 0, 0.40, 1089, 684, 6187.50, 17540, 15840
1694877565, 0, 18, 174, 0, 0, 6851.56, 4, 0, 0, 0.45, 1090, 684, 6187.50, 17540, 15840
1694877567, 0, 18, 174, 0, 0, 6851.56, 4, 0, 0, 0.47, 1091, 684, 6187.50, 17540, 15840
1694877569, 0, 18, 175, 0, 0, 6851.56, 4, 0, 0, 0.51, 1092, 684, 6187.50, 17540, 15840
1694877571, 0, 18, 175, 0, 0, 6851.56, 4, 0, 0, 0.45, 1093, 684, 6187.50, 17540, 15840
1694877573, 0, 18, 175, 0, 0, 6851.56, 4, 0, 0, 0.51, 1094, 684, 6187.50, 17540, 15840
1694877575, 0, 18, 175, 0, 0, 6851.56, 4, 0, 0, 0.46, 1095, 684, 6187.50, 17540, 15840
1694877578, 0, 18, 175, 0, 0, 6851.56, 4, 0, 0, 0.29, 1096, 684, 6187.50, 17540, 15840
1694877589, 0, 18, 176, 0, 0, 6851.56, 4, 0, 0, 0.10, 1097, 684, 6187.50, 17540, 15840
1694877591, 0, 18, 176, 0, 0, 6851.56, 4, 0, 0, 0.47, 1098, 684, 6187.50, 17540, 15840
1694877593, 0, 18, 176, 0, 0, 6851.56, 4, 0, 0, 0.47, 1099, 684, 6187.50, 17540, 15840
1694877595, 0, 18, 176, 0, 0, 6851.56, 4, 0, 0, 0.47, 1100, 684, 6187.50, 17540, 15840
1694877597, 0, 18, 176, 0, 0, 6851.56, 4, 0, 0, 0.47, 1101, 684, 6187.50, 17540, 15840
1694877599, 0, 18, 176, 0, 0, 6851.56, 4, 0, 0, 0.48, 1102, 684, 6187.50, 17540, 15840
1694877601, 0, 18, 176, 0, 0, 6851.56, 4, 0, 0, 0.45, 1103, 684, 6187.50, 17540, 15840
1694877604, 0, 18, 176, 0, 0, 6851.56, 4, 0, 0, 0.41, 1104, 684, 6187.50, 17540, 15840
1694877606, 0, 18, 176, 0, 0, 6851.56, 4, 0, 0, 0.42, 1105, 684, 6187.50, 17540, 15840
1694877608, 0, 18, 176, 0, 0, 6851.56, 4, 0, 0, 0.47, 1106, 684, 6187.50, 17540, 15840
1694877610, 0, 18, 176, 0, 0, 6851.56, 4, 0, 0, 0.49, 1107, 684, 6187.50, 17540, 15840
1694877612, 0, 18, 176, 0, 0, 6851.56, 4, 0, 0, 0.48, 1108, 684, 6187.50, 17540, 15840
1694877614, 0, 18, 176, 0, 0, 6851.56, 4, 0, 0, 0.50, 1109, 684, 6187.50, 17540, 15840
1694877617, 0, 18, 176, 0, 0, 6851.56, 4, 0, 0, 0.46, 1110, 684, 6187.50, 17540, 15840
1694877619, 0, 18, 176, 0, 0, 6851.56, 4, 0, 0, 0.46, 1111, 684, 6187.50, 17540, 15840
1694877621, 0, 18, 176, 0, 0, 6851.56, 4, 0, 0, 0.45, 1112, 684, 6187.50, 17540, 15840
1694877623, 0, 18, 176, 0, 0, 6851.56, 4, 0, 0, 0.44, 1113, 684, 6187.50, 17540, 15840
1694877626, 0, 18, 176, 0, 0, 6851.56, 4, 0, 0, 0.44, 1114, 684, 6187.50, 17540, 15840
1694877628, 0, 18, 176, 0, 0, 6851.56, 4, 0, 0, 0.48, 1115, 684, 6187.50, 17540, 15840
1694877630, 0, 18, 176, 0, 0, 6851.56, 4, 0, 0, 0.49, 1116, 684, 6187.50, 17540, 15840
1694877632, 0, 18, 176, 0, 0, 6851.56, 4, 0, 0, 0.42, 1117, 684, 6187.50, 17540, 15840
1694877634, 0, 18, 176, 0, 0, 6851.56, 4, 0, 0, 0.47, 1118, 684, 6187.50, 17540, 15840
1694877636, 0, 18, 176, 0, 0, 6851.56, 4, 0, 0, 0.46, 1119, 684, 6187.50, 17540, 15840
1694877638, 0, 18, 176, 0, 0, 6851.56, 4, 0, 0, 0.50, 1120, 684, 6187.50, 17540, 15840
1694877640, 0, 18, 176, 0, 0, 6851.56, 4, 0, 0, 0.48, 1121, 684, 6187.50, 17540, 15840
1694877643, 0, 18, 176, 0, 0, 6851.56, 4, 0, 0, 0.40, 1122, 684, 6187.50, 17540, 15840
1694877645, 0, 18, 176, 0, 0, 6851.56, 4, 0, 0, 0.46, 1123, 684, 6187.50, 17540, 15840
1694877647, 0, 18, 177, 0, 0, 6851.56, 4, 0, 0, 0.43, 1124, 684, 6187.50, 17540, 15840
1694877650, 0, 18, 177, 0, 0, 6851.56, 4, 0, 0, 0.44, 1125, 684, 6187.50, 17540, 15840
1694877652, 0, 18, 177, 0, 0, 6851.56, 4, 0, 0, 0.47, 1126, 684, 6187.50, 17540, 15840
1694877654, 0, 18, 178, 0, 0, 6851.56, 4, 0, 0, 0.46, 1127, 684, 6187.50, 17540, 15840
1694877656, 0, 18, 179, 0, 0, 6851.56, 4, 0, 0, 0.50, 1128, 684, 6187.50, 17540, 15840
1694877658, 0, 18, 179, 0, 0, 6851.56, 4, 0, 0, 0.44, 1129, 684, 6187.50, 17540, 15840
1694877661, 0, 18, 180, 0, 0, 6851.56, 4, 0, 0, 0.34, 1130, 684, 6187.50, 17540, 15840
1694877663, 0, 18, 180, 0, 0, 6851.56, 4, 0, 0, 0.47, 1131, 684, 6187.50, 17540, 15840
1694877674, 0, 18, 181, 0, 0, 6851.56, 4, 0, 0, 0.10, 1132, 684, 6187.50, 17540, 15840
1694877676, 0, 18, 181, 0, 0, 6851.56, 4, 0, 0, 0.49, 1133, 684, 6187.50, 17540, 15840
1694877692, 0, 18, 182, 0, 0, 6851.56, 4, 0, 0, 0.06, 1134, 684, 6187.50, 17540, 15840
1694877695, 0, 18, 182, 0, 0, 6851.56, 4, 0, 0, 0.38, 1135, 684, 6187.50, 17540, 15840
1694877698, 0, 18, 182, 0, 0, 6851.56, 4, 0, 0, 0.41, 1136, 684, 6187.50, 17540, 15840
1694877700, 0, 18, 182, 0, 0, 6851.56, 4, 0, 0, 0.37, 1137, 684, 6187.50, 17540, 15840
1694877703, 0, 18, 182, 0, 0, 6851.56, 4, 0, 0, 0.42, 1138, 684, 6187.50, 17540, 15840
1694877705, 0, 18, 182, 0, 0, 6851.56, 4, 0, 0, 0.40, 1139, 684, 6187.50, 17540, 15840
1694877708, 0, 18, 182, 0, 0, 6851.56, 4, 0, 0, 0.41, 1140, 684, 6187.50, 17540, 15840
1694877710, 0, 18, 182, 0, 0, 6851.56, 4, 0, 0, 0.38, 1141, 684, 6187.50, 17540, 15840
1694877713, 0, 18, 182, 0, 0, 6851.56, 4, 0, 0, 0.34, 1142, 684, 6187.50, 17540, 15840
1694877716, 0, 18, 182, 0, 0, 6851.56, 4, 0, 0, 0.38, 1143, 684, 6187.50, 17540, 15840
1694877718, 0, 18, 182, 0, 0, 6851.56, 4, 0, 0, 0.42, 1144, 684, 6187.50, 17540, 15840
1694877721, 0, 18, 182, 0, 0, 6851.56, 4, 0, 0, 0.40, 1145, 684, 6187.50, 17540, 15840
1694877724, 0, 18, 182, 0, 0, 6851.56, 4, 0, 0, 0.35, 1146, 684, 6187.50, 17540, 15840
1694877726, 0, 18, 182, 0, 0, 6851.56, 4, 0, 0, 0.34, 1147, 684, 6187.50, 17540, 15840
1694877729, 0, 18, 182, 0, 0, 6851.56, 4, 0, 0, 0.44, 1148, 684, 6187.50, 17540, 15840
1694877731, 0, 18, 182, 0, 0, 6851.56, 4, 0, 0, 0.42, 1149, 684, 6187.50, 17540, 15840
1694877733, 0, 18, 182, 0, 0, 6851.56, 4, 0, 0, 0.46, 1150, 684, 6187.50, 17540, 15840
1694877736, 0, 18, 182, 0, 0, 6851.56, 4, 0, 0, 0.40, 1151, 684, 6187.50, 17540, 15840
1694877738, 0, 18, 182, 0, 0, 6851.56, 4, 0, 0, 0.44, 1152, 684, 6187.50, 17540, 15840
1694877741, 0, 18, 182, 0, 0, 6851.56, 4, 0, 0, 0.40, 1153, 684, 6187.50, 17540, 15840
1694877743, 0, 18, 183, 0, 0, 6851.56, 4, 0, 0, 0.43, 1154, 684, 6187.50, 17540, 15840
1694877746, 0, 18, 184, 0, 0, 6851.56, 4, 0, 0, 0.37, 1155, 684, 6187.50, 17540, 15840
1694877748, 0, 18, 184, 0, 0, 6851.56, 4, 0, 0, 0.42, 1156, 684, 6187.50, 17540, 15840
1694877751, 0, 18, 184, 0, 0, 6851.56, 4, 0, 0, 0.36, 1157, 684, 6187.50, 17540, 15840
1694877753, 0, 18, 185, 0, 0, 6851.56, 4, 0, 0, 0.40, 1158, 684, 6187.50, 17540, 15840
1694877756, 0, 18, 186, 0, 0, 6851.56, 4, 0, 0, 0.40, 1159, 684, 6187.50, 17540, 15840
1694877759, 0, 18, 187, 0, 0, 6851.56, 4, 0, 0, 0.36, 1160, 684, 6187.50, 17540, 15840
1694877761, 0, 18, 187, 0, 0, 6851.56, 4, 0, 0, 0.35, 1161, 684, 6187.50, 17540, 15840
1694877764, 0, 18, 187, 0, 0, 6851.56, 4, 0, 0, 0.44, 1162, 684, 6187.50, 17540, 15840
1694877766, 0, 18, 187, 0, 0, 6851.56, 4, 0, 0, 0.36, 1163, 684, 6187.50, 17540, 15840
1694877769, 0, 18, 187, 0, 0, 6851.56, 4, 0, 0, 0.37, 1164, 684, 6187.50, 17540, 15840
1694877772, 0, 18, 187, 0, 0, 6851.56, 4, 0, 0, 0.30, 1165, 684, 6187.50, 17540, 15840
1694877775, 0, 18, 187, 0, 0, 6851.56, 4, 0, 0, 0.35, 1166, 684, 6187.50, 17540, 15840
1694877778, 0, 18, 187, 0, 0, 6851.56, 4, 0, 0, 0.37, 1167, 684, 6187.50, 17540, 15840
1694877781, 0, 18, 187, 0, 0, 6851.56, 4, 0, 0, 0.32, 1168, 684, 6187.50, 17540, 15840
1694877784, 0, 18, 187, 0, 0, 6851.56, 4, 0, 0, 0.37, 1169, 684, 6187.50, 17540, 15840
1694877787, 0, 18, 187, 0, 0, 6851.56, 4, 0, 0, 0.37, 1170, 684, 6187.50, 17540, 15840
1694877789, 0, 18, 187, 0, 0, 6851.56, 4, 0, 0, 0.35, 1171, 684, 6187.50, 17540, 15840
1694877792, 0, 18, 187, 0, 0, 6851.56, 4, 0, 0, 0.36, 1172, 684, 6187.50, 17540, 15840
1694877795, 0, 18, 187, 0, 0, 6851.56, 4, 0, 0, 0.36, 1173, 684, 6187.50, 17540, 15840
1694877797, 0, 18, 187, 0, 0, 6851.56, 4, 0, 0, 0.39, 1174, 684, 6187.50, 17540, 15840
1694877800, 0, 18, 187, 0, 0, 6851.56, 4, 0, 0, 0.37, 1175, 684, 6187.50, 17540, 15840
1694877803, 0, 18, 187, 0, 0, 6851.56, 4, 0, 0, 0.36, 1176, 684, 6187.50, 17540, 15840
1694877806, 0, 18, 187, 0, 0, 6851.56, 4, 0, 0, 0.36, 1177, 684, 6187.50, 17540, 15840
1694877808, 0, 18, 187, 0, 0, 6851.56, 4, 0, 0, 0.38, 1178, 684, 6187.50, 17540, 15840
1694877811, 0, 18, 187, 0, 0, 6851.56, 4, 0, 0, 0.39, 1179, 684, 6187.50, 17540, 15840
1694877814, 0, 18, 187, 0, 0, 6851.56, 4, 0, 0, 0.38, 1180, 684, 6187.50, 17540, 15840
1694877816, 0, 18, 187, 0, 0, 6851.56, 4, 0, 0, 0.45, 1181, 684, 6187.50, 17540, 15840
1694877819, 0, 18, 187, 0, 0, 6851.56, 4, 0, 0, 0.35, 1182, 684, 6187.50, 17540, 15840
1694877821, 0, 18, 187, 0, 0, 6851.56, 4, 0, 0, 0.37, 1183, 684, 6187.50, 17540, 15840
1694877824, 0, 18, 187, 0, 0, 6851.56, 4, 0, 0, 0.35, 1184, 684, 6187.50, 17540, 15840
1694877827, 0, 18, 187, 0, 0, 6851.56, 4, 0, 0, 0.39, 1185, 684, 6187.50, 17540, 15840
1694877829, 0, 18, 187, 0, 0, 6851.56, 4, 0, 0, 0.38, 1186, 684, 6187.50, 17540, 15840
1694877832, 0, 18, 187, 0, 0, 6851.56, 4, 0, 0, 0.40, 1187, 684, 6187.50, 17540, 15840
1694877835, 0, 18, 187, 0, 0, 6851.56, 4, 0, 0, 0.35, 1188, 684, 6187.50, 17540, 15840
1694877837, 0, 18, 187, 0, 0, 6851.56, 4, 0, 0, 0.40, 1189, 684, 6187.50, 17540, 15840
1694877840, 0, 18, 187, 0, 0, 6851.56, 4, 0, 0, 0.46, 1190, 684, 6187.50, 17540, 15840
1694877842, 0, 18, 187, 0, 0, 6851.56, 4, 0, 0, 0.39, 1191, 684, 6187.50, 17540, 15840
1694877844, 0, 18, 187, 0, 0, 6851.56, 4, 0, 0, 0.44, 1192, 684, 6187.50, 17540, 15840
1694877847, 0, 18, 187, 0, 0, 6851.56, 4, 0, 0, 0.39, 1193, 684, 6187.50, 17540, 15840
1694877849, 0, 18, 187, 0, 0, 6851.56, 4, 0, 0, 0.45, 1194, 684, 6187.50, 17540, 15840
1694877852, 0, 18, 187, 0, 0, 6851.56, 4, 0, 0, 0.38, 1195, 684, 6187.50, 17540, 15840
1694877855, 0, 18, 187, 0, 0, 6851.56, 4, 0, 0, 0.34, 1196, 684, 6187.50, 17540, 15840
1694877857, 0, 18, 187, 0, 0, 6851.56, 4, 0, 0, 0.38, 1197, 684, 6187.50, 17540, 15840
1694877860, 0, 18, 187, 0, 0, 6851.56, 4, 0, 0, 0.41, 1198, 684, 6187.50, 17540, 15840
1694877862, 0, 18, 187, 0, 0, 6851.56, 4, 0, 0, 0.45, 1199, 684, 6187.50, 17540, 15840
1694877865, 0, 18, 187, 0, 0, 6851.56, 4, 0, 0, 0.38, 1200, 684, 6187.50, 17540, 15840
1694877867, 0, 18, 187, 0, 0, 6851.56, 4, 0, 0, 0.40, 1201, 684, 6187.50, 17540, 15840
1694877870, 0, 18, 187, 0, 0, 6851.56, 4, 0, 0, 0.36, 1202, 684, 6187.50, 17540, 15840
1694877873, 0, 18, 187, 0, 0, 6851.56, 4, 0, 0, 0.39, 1203, 684, 6187.50, 17540, 15840
1694877875, 0, 18, 187, 0, 0, 6851.56, 4, 0, 0, 0.39, 1204, 684, 6187.50, 17540, 15840
1694877878, 0, 18, 187, 0, 0, 6851.56, 4, 0, 0, 0.36, 1205, 684, 6187.50, 17540, 15840
1694877881, 0, 18, 187, 0, 0, 6851.56, 4, 0, 0, 0.31, 1206, 684, 6187.50, 17540, 15840
1694877884, 0, 18, 187, 0, 0, 6851.56, 4, 0, 0, 0.38, 1207, 684, 6187.50, 17540, 15840
1694877887, 0, 18, 187, 0, 0, 6851.56, 4, 0, 0, 0.37, 1208, 684, 6187.50, 17540, 15840
1694877889, 0, 18, 187, 0, 0, 6851.56, 4, 0, 0, 0.40, 1209, 684, 6187.50, 17540, 15840
1694877891, 0, 18, 187, 0, 0, 6851.56, 4, 0, 0, 0.41, 1210, 684, 6187.50, 17540, 15840
1694877894, 0, 18, 187, 0, 0, 6851.56, 4, 0, 0, 0.41, 1211, 684, 6187.50, 17540, 15840
1694877897, 0, 18, 187, 0, 0, 6851.56, 4, 0, 0, 0.33, 1212, 684, 6187.50, 17540, 15840
1694877902, 0, 18, 187, 0, 0, 6851.56, 4, 0, 0, 0.20, 1213, 684, 6187.50, 17540, 15840
1694877905, 0, 18, 187, 0, 0, 6851.56, 4, 0, 0, 0.30, 1214, 684, 6187.50, 17540, 15840
1694877908, 0, 18, 187, 0, 0, 6851.56, 4, 0, 0, 0.39, 1215, 684, 6187.50, 17540, 15840
1694877911, 0, 18, 187, 0, 0, 6851.56, 4, 0, 0, 0.37, 1216, 684, 6187.50, 17540, 15840
1694877913, 0, 18, 187, 0, 0, 6851.56, 4, 0, 0, 0.37, 1217, 684, 6187.50, 17540, 15840
1694877916, 0, 18, 187, 0, 0, 6851.56, 4, 0, 0, 0.36, 1218, 684, 6187.50, 17540, 15840
1694877919, 0, 18, 187, 0, 0, 6851.56, 4, 0, 0, 0.32, 1219, 684, 6187.50, 17540, 15840
1694877922, 0, 18, 187, 0, 0, 6851.56, 4, 0, 0, 0.35, 1220, 684, 6187.50, 17540, 15840
1694877925, 0, 18, 187, 0, 0, 6851.56, 4, 0, 0, 0.40, 1221, 684, 6187.50, 17540, 15840
1694877928, 0, 18, 187, 0, 0, 6851.56, 4, 0, 0, 0.29, 1222, 684, 6187.50, 17540, 15840
1694877931, 0, 18, 187, 0, 0, 6851.56, 4, 0, 0, 0.32, 1223, 684, 6187.50, 17540, 15840
1694877934, 0, 18, 187, 0, 0, 6851.56, 4, 0, 0, 0.41, 1224, 684, 6187.50, 17540, 15840
1694877937, 0, 18, 187, 0, 0, 6851.56, 4, 0, 0, 0.33, 1225, 684, 6187.50, 17540, 15840
1694877940, 0, 18, 187, 0, 0, 6851.56, 4, 0, 0, 0.33, 1226, 684, 6187.50, 17540, 15840
1694877942, 0, 18, 187, 0, 0, 6851.56, 4, 0, 0, 0.37, 1227, 684, 6187.50, 17540, 15840
1694877945, 0, 18, 187, 0, 0, 6851.56, 4, 0, 0, 0.41, 1228, 684, 6187.50, 17540, 15840
1694877948, 0, 18, 187, 0, 0, 6851.56, 4, 0, 0, 0.33, 1229, 684, 6187.50, 17540, 15840
1694877951, 0, 18, 187, 0, 0, 6851.56, 4, 0, 0, 0.31, 1230, 684, 6187.50, 17540, 15840
1694877954, 0, 18, 187, 0, 0, 6851.56, 4, 0, 0, 0.29, 1231, 684, 6187.50, 17540, 15840
1694877957, 0, 18, 187, 0, 0, 6851.56, 4, 0, 0, 0.34, 1232, 684, 6187.50, 17540, 15840
1694877960, 0, 18, 187, 0, 0, 6851.56, 4, 0, 0, 0.38, 1233, 684, 6187.50, 17540, 15840
1694877963, 0, 18, 187, 0, 0, 6851.56, 4, 0, 0, 0.35, 1234, 684, 6187.50, 17540, 15840
1694877966, 0, 18, 187, 0, 0, 6851.56, 4, 0, 0, 0.34, 1235, 684, 6187.50, 17540, 15840
1694877968, 0, 18, 187, 0, 0, 6851.56, 4, 0, 0, 0.38, 1236, 684, 6187.50, 17540, 15840
1694877971, 0, 18, 187, 0, 0, 6851.56, 4, 0, 0, 0.36, 1237, 684, 6187.50, 17540, 15840
1694877974, 0, 18, 187, 0, 0, 6851.56, 4, 0, 0, 0.40, 1238, 684, 6187.50, 17540, 15840
1694877976, 0, 18, 187, 0, 0, 6851.56, 4, 0, 0, 0.44, 1239, 684, 6187.50, 17540, 15840
1694877978, 0, 18, 187, 0, 0, 6851.56, 4, 0, 0, 0.41, 1240, 684, 6187.50, 17540, 15840
1694877981, 0, 18, 187, 0, 0, 6851.56, 4, 0, 0, 0.34, 1241, 684, 6187.50, 17540, 15840
1694877985, 0, 18, 187, 0, 0, 6851.56, 4, 0, 0, 0.28, 1242, 684, 6187.50, 17540, 15840
1694877988, 0, 18, 187, 0, 0, 6851.56, 4, 0, 0, 0.37, 1243, 684, 6187.50, 17540, 15840
1694877990, 0, 18, 188, 0, 0, 6851.56, 4, 0, 0, 0.36, 1244, 684, 6187.50, 17540, 15840
1694877993, 0, 18, 189, 0, 0, 6851.56, 4, 0, 0, 0.37, 1245, 684, 6187.50, 17540, 15840
1694877997, 0, 18, 189, 0, 0, 6851.56, 4, 0, 0, 0.30, 1246, 684, 6187.50, 17540, 15840
1694878000, 0, 18, 189, 0, 0, 6851.56, 4, 0, 0, 0.32, 1247, 684, 6187.50, 17540, 15840
1694878003, 0, 18, 189, 0, 0, 6851.56, 4, 0, 0, 0.32, 1248, 684, 6187.50, 17540, 15840
1694878006, 0, 18, 189, 0, 0, 6851.56, 4, 0, 0, 0.37, 1249, 684, 6187.50, 17540, 15840
1694878008, 0, 18, 189, 0, 0, 6851.56, 4, 0, 0, 0.35, 1250, 684, 6187.50, 17540, 15840
1694878011, 0, 18, 189, 0, 0, 6851.56, 4, 0, 0, 0.39, 1251, 684, 6187.50, 17540, 15840
1694878014, 0, 18, 189, 0, 0, 6851.56, 4, 0, 0, 0.35, 1252, 684, 6187.50, 17540, 15840
1694878017, 0, 18, 189, 0, 0, 6851.56, 4, 0, 0, 0.34, 1253, 684, 6187.50, 17540, 15840
1694878020, 0, 18, 189, 0, 0, 6851.56, 4, 0, 0, 0.34, 1254, 684, 6187.50, 17540, 15840
1694878023, 0, 18, 189, 0, 0, 6851.56, 4, 0, 0, 0.36, 1255, 684, 6187.50, 17540, 15840
1694878025, 0, 18, 189, 0, 0, 6851.56, 4, 0, 0, 0.42, 1256, 684, 6187.50, 17540, 15840
1694878028, 0, 18, 189, 0, 0, 6851.56, 4, 0, 0, 0.30, 1257, 684, 6187.50, 17540, 15840
1694878031, 0, 18, 189, 0, 0, 6851.56, 4, 0, 0, 0.40, 1258, 684, 6187.50, 17540, 15840
1694878034, 0, 18, 189, 0, 0, 6851.56, 4, 0, 0, 0.31, 1259, 684, 6187.50, 17540, 15840
1694878037, 0, 18, 189, 0, 0, 6851.56, 4, 0, 0, 0.36, 1260, 684, 6187.50, 17540, 15840
1694878039, 0, 18, 189, 0, 0, 6851.56, 4, 0, 0, 0.38, 1261, 684, 6187.50, 17540, 15840
1694878042, 0, 18, 189, 0, 0, 6851.56, 4, 0, 0, 0.34, 1262, 684, 6187.50, 17540, 15840
1694878045, 0, 18, 189, 0, 0, 6851.56, 4, 0, 0, 0.39, 1263, 684, 6187.50, 17540, 15840
1694878048, 0, 18, 189, 0, 0, 6851.56, 4, 0, 0, 0.33, 1264, 684, 6187.50, 17540, 15840
1694878051, 0, 18, 189, 0, 0, 6851.56, 4, 0, 0, 0.33, 1265, 684, 6187.50, 17540, 15840
1694878054, 0, 18, 189, 0, 0, 6851.56, 4, 0, 0, 0.35, 1266, 684, 6187.50, 17540, 15840
1694878057, 0, 18, 189, 0, 0, 6851.56, 4, 0, 0, 0.34, 1267, 684, 6187.50, 17540, 15840
1694878060, 0, 18, 189, 0, 0, 6851.56, 4, 0, 0, 0.32, 1268, 684, 6187.50, 17540, 15840
1694878065, 0, 18, 190, 0, 0, 6851.56, 4, 0, 0, 0.19, 1269, 684, 6187.50, 17540, 15840
1694878069, 0, 18, 190, 0, 0, 6851.56, 4, 0, 0, 0.25, 1270, 684, 6187.50, 17540, 15840
1694878073, 0, 18, 190, 0, 0, 6851.56, 4, 0, 0, 0.28, 1271, 684, 6187.50, 17540, 15840
1694878076, 0, 18, 190, 0, 0, 6851.56, 4, 0, 0, 0.32, 1272, 684, 6187.50, 17540, 15840
1694878079, 0, 18, 190, 0, 0, 6851.56, 4, 0, 0, 0.29, 1273, 684, 6187.50, 17540, 15840
1694878083, 0, 18, 190, 0, 0, 6851.56, 4, 0, 0, 0.27, 1274, 684, 6187.50, 17540, 15840
1694878086, 0, 18, 190, 0, 0, 6851.56, 4, 0, 0, 0.31, 1275, 684, 6187.50, 17540, 15840
1694878089, 0, 18, 190, 0, 0, 6851.56, 4, 0, 0, 0.35, 1276, 684, 6187.50, 17540, 15840
1694878093, 0, 18, 190, 0, 0, 6851.56, 4, 0, 0, 0.27, 1277, 684, 6187.50, 17540, 15840
1694878096, 0, 18, 190, 0, 0, 6851.56, 4, 0, 0, 0.31, 1278, 684, 6187.50, 17540, 15840
1694878110, 0, 18, 190, 0, 0, 6851.56, 4, 0, 0, 0.07, 1279, 684, 6187.50, 17540, 15840
1694878113, 0, 18, 190, 0, 0, 6851.56, 4, 0, 0, 0.36, 1280, 684, 6187.50, 17540, 15840
1694878116, 0, 18, 190, 0, 0, 6851.56, 4, 0, 0, 0.33, 1281, 684, 6187.50, 17540, 15840
1694878120, 0, 18, 190, 0, 0, 6851.56, 4, 0, 0, 0.28, 1282, 684, 6187.50, 17540, 15840
1694878123, 0, 18, 190, 0, 0, 6851.56, 4, 0, 0, 0.33, 1283, 684, 6187.50, 17540, 15840
1694878126, 0, 18, 190, 0, 0, 6851.56, 4, 0, 0, 0.31, 1284, 684, 6187.50, 17540, 15840
1694878130, 0, 18, 190, 0, 0, 6851.56, 4, 0, 0, 0.29, 1285, 684, 6187.50, 17540, 15840
1694878133, 0, 18, 190, 0, 0, 6851.56, 4, 0, 0, 0.26, 1286, 684, 6187.50, 17540, 15840
1694878139, 0, 18, 190, 0, 0, 6851.56, 4, 0, 0, 0.17, 1287, 684, 6187.50, 17540, 15840
1694878143, 0, 18, 190, 0, 0, 6851.56, 4, 0, 0, 0.27, 1288, 684, 6187.50, 17540, 15840
1694878146, 0, 18, 191, 0, 0, 6851.56, 4, 0, 0, 0.34, 1289, 684, 6187.50, 17540, 15840
1694878149, 0, 18, 191, 0, 0, 6851.56, 4, 0, 0, 0.32, 1290, 684, 6187.50, 17540, 15840
1694878153, 0, 18, 191, 0, 0, 6851.56, 4, 0, 0, 0.29, 1291, 684, 6187.50, 17540, 15840
1694878157, 0, 18, 191, 0, 0, 6851.56, 4, 0, 0, 0.26, 1292, 684, 6187.50, 17540, 15840
1694878160, 0, 18, 191, 0, 0, 6851.56, 4, 0, 0, 0.32, 1293, 684, 6187.50, 17540, 15840
1694878163, 0, 18, 191, 0, 0, 6851.56, 4, 0, 0, 0.36, 1294, 684, 6187.50, 17540, 15840
1694878165, 0, 18, 191, 0, 0, 6851.56, 4, 0, 0, 0.45, 1295, 684, 6187.50, 17540, 15840
1694878168, 0, 18, 191, 0, 0, 6851.56, 4, 0, 0, 0.35, 1296, 684, 6187.50, 17540, 15840
1694878170, 0, 18, 192, 0, 0, 6851.56, 4, 0, 0, 0.39, 1297, 684, 6187.50, 17540, 15840
1694878173, 0, 18, 192, 0, 0, 6851.56, 4, 0, 0, 0.38, 1298, 684, 6187.50, 17540, 15840
1694878176, 0, 18, 193, 0, 0, 6851.56, 4, 0, 0, 0.32, 1299, 684, 6187.50, 17540, 15840
1694878178, 0, 18, 193, 0, 0, 6851.56, 4, 0, 0, 0.38, 1300, 684, 6187.50, 17540, 15840
1694878181, 0, 18, 193, 0, 0, 6851.56, 4, 0, 0, 0.42, 1301, 684, 6187.50, 17540, 15840
1694878184, 0, 18, 193, 0, 0, 6851.56, 4, 0, 0, 0.37, 1302, 684, 6187.50, 17540, 15840
1694878186, 0, 18, 193, 0, 0, 6851.56, 4, 0, 0, 0.38, 1303, 684, 6187.50, 17540, 15840
1694878189, 0, 18, 193, 0, 0, 6851.56, 4, 0, 0, 0.33, 1304, 684, 6187.50, 17540, 15840
1694878192, 0, 18, 193, 0, 0, 6851.56, 4, 0, 0, 0.39, 1305, 684, 6187.50, 17540, 15840
1694878195, 0, 18, 193, 0, 0, 6851.56, 4, 0, 0, 0.34, 1306, 684, 6187.50, 17540, 15840
1694878197, 0, 18, 193, 0, 0, 6851.56, 4, 0, 0, 0.46, 1307, 684, 6187.50, 17540, 15840
1694878199, 0, 18, 193, 0, 0, 6851.56, 4, 0, 0, 0.45, 1308, 684, 6187.50, 17540, 15840
1694878202, 0, 18, 193, 0, 0, 6851.56, 4, 0, 0, 0.31, 1309, 684, 6187.50, 17540, 15840
1694878206, 0, 18, 193, 0, 0, 6851.56, 4, 0, 0, 0.28, 1310, 684, 6187.50, 17540, 15840
1694878209, 0, 18, 193, 0, 0, 6851.56, 4, 0, 0, 0.33, 1311, 684, 6187.50, 17540, 15840
1694878212, 0, 18, 193, 0, 0, 6851.56, 4, 0, 0, 0.34, 1312, 684, 6187.50, 17540, 15840
1694878214, 0, 18, 193, 0, 0, 6851.56, 4, 0, 0, 0.40, 1313, 684, 6187.50, 17540, 15840
1694878217, 0, 18, 193, 0, 0, 6851.56, 4, 0, 0, 0.38, 1314, 684, 6187.50, 17540, 15840
1694878220, 0, 18, 193, 0, 0, 6851.56, 4, 0, 0, 0.32, 1315, 684, 6187.50, 17540, 15840
1694878223, 0, 18, 193, 0, 0, 6851.56, 4, 0, 0, 0.31, 1316, 684, 6187.50, 17540, 15840
1694878226, 0, 18, 193, 0, 0, 6851.56, 4, 0, 0, 0.33, 1317, 684, 6187.50, 17540, 15840
1694878229, 0, 18, 193, 0, 0, 6851.56, 4, 0, 0, 0.33, 1318, 684, 6187.50, 17540, 15840
1694878232, 0, 18, 193, 0, 0, 6851.56, 4, 0, 0, 0.38, 1319, 684, 6187.50, 17540, 15840
1694878234, 0, 18, 193, 0, 0, 6851.56, 4, 0, 0, 0.40, 1320, 684, 6187.50, 17540, 15840
1694878237, 0, 18, 193, 0, 0, 6851.56, 4, 0, 0, 0.34, 1321, 684, 6187.50, 17540, 15840
1694878242, 0, 18, 193, 0, 0, 6851.56, 4, 0, 0, 0.22, 1322, 684, 6187.50, 17540, 15840
1694878245, 0, 18, 194, 0, 0, 6851.56, 4, 0, 0, 0.36, 1323, 684, 6187.50, 17540, 15840
1694878247, 0, 18, 194, 0, 0, 6851.56, 4, 0, 0, 0.39, 1324, 684, 6187.50, 17540, 15840
1694878249, 0, 18, 194, 0, 0, 6851.56, 4, 0, 0, 0.41, 1325, 684, 6187.50, 17540, 15840
1694878252, 0, 18, 195, 0, 0, 6851.56, 4, 0, 0, 0.35, 1326, 684, 6187.50, 17540, 15840
1694878265, 0, 18, 196, 0, 0, 7783.20, 4, 0, 0, 0.08, 1327, 684, 7146.48, 19925, 18295
1694878268, 0, 18, 197, 0, 0, 7848.05, 4, 0, 0, 0.28, 1328, 684, 7211.33, 20091, 18461
1694878271, 0, 18, 198, 0, 0, 7848.05, 4, 0, 0, 0.31, 1329, 684, 7211.33, 20091, 18461
1694878274, 0, 18, 199, 0, 0, 7848.05, 4, 0, 0, 0.32, 1330, 684, 7211.33, 20091, 18461
1694878277, 0, 18, 200, 0, 0, 7848.05, 4, 0, 0, 0.35, 1331, 684, 7211.33, 20091, 18461
1694878280, 0, 18, 200, 0, 0, 7848.05, 4, 0, 0, 0.32, 1332, 684, 7211.33, 20091, 18461
1694878284, 0, 18, 200, 0, 0, 7848.05, 4, 0, 0, 0.32, 1333, 684, 7211.33, 20091, 18461
1694878287, 0, 18, 200, 0, 0, 7848.05, 4, 0, 0, 0.34, 1334, 684, 7211.33, 20091, 18461
1694878289, 0, 18, 200, 0, 0, 7848.05, 4, 0, 0, 0.35, 1335, 684, 7211.33, 20091, 18461
1694878292, 0, 18, 200, 0, 0, 7848.05, 4, 0, 0, 0.38, 1336, 684, 7211.33, 20091, 18461
1694878295, 0, 18, 200, 0, 0, 7848.05, 4, 0, 0, 0.35, 1337, 684, 7211.33, 20091, 18461
1694878299, 0, 18, 200, 0, 0, 7848.05, 4, 0, 0, 0.28, 1338, 684, 7211.33, 20091, 18461
1694878302, 0, 18, 200, 0, 0, 7848.05, 4, 0, 0, 0.28, 1339, 684, 7211.33, 20091, 18461
1694878305, 0, 18, 200, 0, 0, 7848.05, 4, 0, 0, 0.34, 1340, 684, 7211.33, 20091, 18461
1694878309, 0, 18, 200, 0, 0, 7848.05, 4, 0, 0, 0.29, 1341, 684, 7211.33, 20091, 18461
1694878311, 0, 18, 200, 0, 0, 7848.05, 4, 0, 0, 0.36, 1342, 684, 7211.33, 20091, 18461
1694878315, 0, 18, 200, 0, 0, 7848.05, 4, 0, 0, 0.31, 1343, 684, 7211.33, 20091, 18461
1694878317, 0, 18, 200, 0, 0, 7848.05, 4, 0, 0, 0.37, 1344, 684, 7211.33, 20091, 18461
1694878320, 0, 18, 200, 0, 0, 7848.05, 4, 0, 0, 0.36, 1345, 684, 7211.33, 20091, 18461
1694878323, 0, 18, 200, 0, 0, 7848.05, 4, 0, 0, 0.36, 1346, 684, 7211.33, 20091, 18461
1694878326, 0, 18, 200, 0, 0, 7848.05, 4, 0, 0, 0.37, 1347, 684, 7211.33, 20091, 18461
1694878328, 0, 18, 200, 0, 0, 7848.05, 4, 0, 0, 0.41, 1348, 684, 7211.33, 20091, 18461
1694878332, 0, 18, 200, 0, 0, 7848.05, 4, 0, 0, 0.28, 1349, 684, 7211.33, 20091, 18461
1694878336, 0, 18, 200, 0, 0, 7848.05, 4, 0, 0, 0.24, 1350, 684, 7211.33, 20091, 18461
1694878339, 0, 18, 200, 0, 0, 7848.05, 4, 0, 0, 0.29, 1351, 684, 7211.33, 20091, 18461
1694878342, 0, 18, 200, 0, 0, 7848.05, 4, 0, 0, 0.41, 1352, 684, 7211.33, 20091, 18461
1694878344, 0, 18, 200, 0, 0, 7848.05, 4, 0, 0, 0.38, 1353, 684, 7211.33, 20091, 18461
1694878347, 0, 18, 200, 0, 0, 7848.05, 4, 0, 0, 0.35, 1354, 684, 7211.33, 20091, 18461
1694878350, 0, 18, 200, 0, 0, 7848.05, 4, 0, 0, 0.40, 1355, 684, 7211.33, 20091, 18461
1694878353, 0, 18, 200, 0, 0, 7848.05, 4, 0, 0, 0.26, 1356, 684, 7211.33, 20091, 18461
1694878356, 0, 18, 200, 0, 0, 7848.05, 4, 0, 0, 0.34, 1357, 684, 7211.33, 20091, 18461
1694878359, 0, 18, 200, 0, 0, 7848.05, 4, 0, 0, 0.36, 1358, 684, 7211.33, 20091, 18461
1694878362, 0, 18, 201, 0, 0, 7848.05, 4, 0, 0, 0.34, 1359, 684, 7211.33, 20091, 18461
1694878366, 0, 18, 201, 0, 0, 7848.05, 4, 0, 0, 0.28, 1360, 684, 7211.33, 20091, 18461
1694878370, 0, 18, 201, 0, 0, 7848.05, 4, 0, 0, 0.23, 1361, 684, 7211.33, 20091, 18461
1694878373, 0, 18, 201, 0, 0, 7848.05, 4, 0, 0, 0.28, 1362, 684, 7211.33, 20091, 18461
1694878376, 0, 18, 201, 0, 0, 7848.05, 4, 0, 0, 0.33, 1363, 684, 7211.33, 20091, 18461
1694878379, 0, 18, 201, 0, 0, 7848.05, 4, 0, 0, 0.34, 1364, 684, 7211.33, 20091, 18461
1694878383, 0, 18, 201, 0, 0, 7848.05, 4, 0, 0, 0.30, 1365, 684, 7211.33, 20091, 18461
1694878386, 0, 18, 201, 0, 0, 7848.05, 4, 0, 0, 0.28, 1366, 684, 7211.33, 20091, 18461
1694878389, 0, 18, 201, 0, 0, 7848.05, 4, 0, 0, 0.33, 1367, 684, 7211.33, 20091, 18461
1694878392, 0, 18, 201, 0, 0, 7848.05, 4, 0, 0, 0.37, 1368, 684, 7211.33, 20091, 18461
1694878395, 0, 18, 201, 0, 0, 7848.05, 4, 0, 0, 0.36, 1369, 684, 7211.33, 20091, 18461
1694878398, 0, 18, 201, 0, 0, 7848.05, 4, 0, 0, 0.30, 1370, 684, 7211.33, 20091, 18461
1694878401, 0, 18, 201, 0, 0, 7848.05, 4, 0, 0, 0.31, 1371, 684, 7211.33, 20091, 18461
1694878405, 0, 18, 201, 0, 0, 7848.05, 4, 0, 0, 0.31, 1372, 684, 7211.33, 20091, 18461
1694878409, 0, 18, 201, 0, 0, 7848.05, 4, 0, 0, 0.26, 1373, 684, 7211.33, 20091, 18461
1694878411, 0, 18, 201, 0, 0, 7848.05, 4, 0, 0, 0.37, 1374, 684, 7211.33, 20091, 18461
1694878414, 0, 18, 201, 0, 0, 7848.05, 4, 0, 0, 0.34, 1375, 684, 7211.33, 20091, 18461
1694878417, 0, 18, 201, 0, 0, 7848.05, 4, 0, 0, 0.34, 1376, 684, 7211.33, 20091, 18461
1694878420, 0, 18, 201, 0, 0, 7848.05, 4, 0, 0, 0.31, 1377, 684, 7211.33, 20091, 18461
1694878423, 0, 18, 201, 0, 0, 7848.05, 4, 0, 0, 0.34, 1378, 684, 7211.33, 20091, 18461
1694878427, 0, 18, 201, 0, 0, 7848.05, 4, 0, 0, 0.30, 1379, 684, 7211.33, 20091, 18461
1694878430, 0, 18, 201, 0, 0, 7848.05, 4, 0, 0, 0.29, 1380, 684, 7211.33, 20091, 18461
1694878434, 0, 18, 201, 0, 0, 7848.05, 4, 0, 0, 0.28, 1381, 684, 7211.33, 20091, 18461
1694878437, 0, 18, 201, 0, 0, 7848.05, 4, 0, 0, 0.29, 1382, 684, 7211.33, 20091, 18461
1694878441, 0, 18, 202, 0, 0, 7848.05, 4, 0, 0, 0.29, 1383, 684, 7211.33, 20091, 18461
1694878444, 0, 18, 202, 0, 0, 7848.05, 4, 0, 0, 0.30, 1384, 684, 7211.33, 20091, 18461
1694878447, 0, 18, 203, 0, 0, 7850.78, 4, 0, 0, 0.30, 1385, 684, 7214.06, 20098, 18468
1694878450, 0, 18, 203, 0, 0, 7850.78, 4, 0, 0, 0.33, 1386, 684, 7214.06, 20098, 18468
1694878453, 0, 18, 203, 0, 0, 7850.78, 4, 0, 0, 0.32, 1387, 684, 7214.06, 20098, 18468
1694878457, 0, 18, 203, 0, 0, 7850.78, 4, 0, 0, 0.27, 1388, 684, 7214.06, 20098, 18468
1694878461, 0, 18, 203, 0, 0, 7850.78, 4, 0, 0, 0.27, 1389, 684, 7214.06, 20098, 18468
1694878465, 0, 18, 203, 0, 0, 7850.78, 4, 0, 0, 0.25, 1390, 684, 7214.06, 20098, 18468
1694878468, 0, 18, 203, 0, 0, 7850.78, 4, 0, 0, 0.28, 1391, 684, 7214.06, 20098, 18468
1694878471, 0, 18, 203, 0, 0, 7850.78, 4, 0, 0, 0.34, 1392, 684, 7214.06, 20098, 18468
1694878475, 0, 18, 203, 0, 0, 7850.78, 4, 0, 0, 0.32, 1393, 684, 7214.06, 20098, 18468
1694878479, 0, 18, 203, 0, 0, 7850.78, 4, 0, 0, 0.25, 1394, 684, 7214.06, 20098, 18468
1694878482, 0, 18, 203, 0, 0, 7850.78, 4, 0, 0, 0.27, 1395, 684, 7214.06, 20098, 18468
1694878485, 0, 18, 203, 0, 0, 7850.78, 4, 0, 0, 0.31, 1396, 684, 7214.06, 20098, 18468
1694878489, 0, 18, 203, 0, 0, 7850.78, 4, 0, 0, 0.30, 1397, 684, 7214.06, 20098, 18468
1694878492, 0, 18, 203, 0, 0, 7850.78, 4, 0, 0, 0.36, 1398, 684, 7214.06, 20098, 18468
1694878495, 0, 18, 203, 0, 0, 7850.78, 4, 0, 0, 0.31, 1399, 684, 7214.06, 20098, 18468
1694878498, 0, 18, 203, 0, 0, 7850.78, 4, 0, 0, 0.33, 1400, 684, 7214.06, 20098, 18468
1694878501, 0, 18, 203, 0, 0, 7850.78, 4, 0, 0, 0.34, 1401, 684, 7214.06, 20098, 18468
1694878504, 0, 18, 203, 0, 0, 7850.78, 4, 0, 0, 0.33, 1402, 684, 7214.06, 20098, 18468
1694878507, 0, 18, 203, 0, 0, 7850.78, 4, 0, 0, 0.34, 1403, 684, 7214.06, 20098, 18468
1694878510, 0, 18, 203, 0, 0, 7850.78, 4, 0, 0, 0.29, 1404, 684, 7214.06, 20098, 18468
1694878514, 0, 18, 204, 0, 0, 7850.78, 4, 0, 0, 0.30, 1405, 684, 7214.06, 20098, 18468
1694878517, 0, 18, 204, 0, 0, 7850.78, 4, 0, 0, 0.27, 1406, 684, 7214.06, 20098, 18468
1694878520, 0, 18, 204, 0, 0, 7850.78, 4, 0, 0, 0.35, 1407, 684, 7214.06, 20098, 18468
1694878523, 0, 18, 204, 0, 0, 7850.78, 4, 0, 0, 0.33, 1408, 684, 7214.06, 20098, 18468
1694878526, 0, 18, 204, 0, 0, 7850.78, 4, 0, 0, 0.34, 1409, 684, 7214.06, 20098, 18468
1694878529, 0, 18, 204, 0, 0, 7850.78, 4, 0, 0, 0.33, 1410, 684, 7214.06, 20098, 18468
1694878533, 0, 18, 204, 0, 0, 7850.78, 4, 0, 0, 0.32, 1411, 684, 7214.06, 20098, 18468
1694878535, 0, 18, 204, 0, 0, 7850.78, 4, 0, 0, 0.36, 1412, 684, 7214.06, 20098, 18468
1694878538, 0, 18, 204, 0, 0, 7850.78, 4, 0, 0, 0.32, 1413, 684, 7214.06, 20098, 18468
1694878543, 0, 18, 204, 0, 0, 7850.78, 4, 0, 0, 0.25, 1414, 684, 7214.06, 20098, 18468
1694878547, 0, 18, 205, 0, 0, 7850.78, 4, 0, 0, 0.23, 1415, 684, 7214.06, 20098, 18468
1694878550, 0, 18, 205, 0, 0, 7850.78, 4, 0, 0, 0.29, 1416, 684, 7214.06, 20098, 18468
1694878553, 0, 18, 205, 0, 0, 7850.78, 4, 0, 0, 0.34, 1417, 684, 7214.06, 20098, 18468
1694878556, 0, 18, 205, 0, 0, 7850.78, 4, 0, 0, 0.36, 1418, 684, 7214.06, 20098, 18468
1694878559, 0, 18, 205, 0, 0, 7850.78, 4, 0, 0, 0.41, 1419, 684, 7214.06, 20098, 18468
1694878562, 0, 18, 205, 0, 0, 7850.78, 4, 0, 0, 0.32, 1420, 684, 7214.06, 20098, 18468
1694878565, 0, 18, 205, 0, 0, 7850.78, 4, 0, 0, 0.34, 1421, 684, 7214.06, 20098, 18468
1694878568, 0, 18, 205, 0, 0, 7850.78, 4, 0, 0, 0.32, 1422, 684, 7214.06, 20098, 18468
1694878571, 0, 18, 205, 0, 0, 7850.78, 4, 0, 0, 0.32, 1423, 684, 7214.06, 20098, 18468
1694878574, 0, 18, 205, 0, 0, 7850.78, 4, 0, 0, 0.35, 1424, 684, 7214.06, 20098, 18468
1694878577, 0, 18, 205, 0, 0, 7850.78, 4, 0, 0, 0.34, 1425, 684, 7214.06, 20098, 18468
1694878579, 0, 18, 205, 0, 0, 7850.78, 4, 0, 0, 0.41, 1426, 684, 7214.06, 20098, 18468
1694878582, 0, 18, 205, 0, 0, 7850.78, 4, 0, 0, 0.33, 1427, 684, 7214.06, 20098, 18468
1694878599, 0, 18, 206, 0, 0, 7854.69, 4, 0, 0, 0.06, 1428, 684, 7217.97, 20108, 18478
1694878602, 0, 18, 206, 0, 0, 7854.69, 4, 0, 0, 0.36, 1429, 684, 7217.97, 20108, 18478
1694878605, 0, 18, 206, 0, 0, 7854.69, 4, 0, 0, 0.31, 1430, 684, 7217.97, 20108, 18478
1694878609, 0, 18, 206, 0, 0, 7854.69, 4, 0, 0, 0.31, 1431, 684, 7217.97, 20108, 18478
1694878611, 0, 18, 206, 0, 0, 7854.69, 4, 0, 0, 0.38, 1432, 684, 7217.97, 20108, 18478
1694878614, 0, 18, 206, 0, 0, 7854.69, 4, 0, 0, 0.39, 1433, 684, 7217.97, 20108, 18478
1694878617, 0, 18, 206, 0, 0, 7854.69, 4, 0, 0, 0.37, 1434, 684, 7217.97, 20108, 18478
1694878620, 0, 18, 206, 0, 0, 7854.69, 4, 0, 0, 0.30, 1435, 684, 7217.97, 20108, 18478
1694878624, 0, 18, 206, 0, 0, 7854.69, 4, 0, 0, 0.22, 1436, 684, 7217.97, 20108, 18478
1694878628, 0, 18, 206, 0, 0, 7854.69, 4, 0, 0, 0.27, 1437, 684, 7217.97, 20108, 18478
1694878631, 0, 18, 206, 0, 0, 7854.69, 4, 0, 0, 0.31, 1438, 684, 7217.97, 20108, 18478
1694878634, 0, 18, 206, 0, 0, 7854.69, 4, 0, 0, 0.34, 1439, 684, 7217.97, 20108, 18478
1694878637, 0, 18, 206, 0, 0, 7854.69, 4, 0, 0, 0.35, 1440, 684, 7217.97, 20108, 18478
1694878640, 0, 18, 206, 0, 0, 7854.69, 4, 0, 0, 0.31, 1441, 684, 7217.97, 20108, 18478
1694878644, 0, 18, 206, 0, 0, 7854.69, 4, 0, 0, 0.33, 1442, 684, 7217.97, 20108, 18478
1694878644, 0, 19, 207, 0, 0, 7868.75, 4, 0, 0, 1.69, 1443, 684, 7232.03, 20144, 18514
1694878645, 0, 19, 208, 0, 0, 7870.70, 4, 0, 0, 1.93, 1444, 684, 7233.98, 20149, 18519
1694878645, 0, 19, 209, 0, 0, 7870.70, 4, 0, 0, 5.51, 1444, 686, 7233.98, 20149, 18519
1694878645, 0, 20, 210, 0, 0, 7871.48, 4, 0, 0, 4.42, 1445, 687, 7233.98, 20151, 18519
1694878646, 0, 20, 210, 0, 0, 7871.48, 4, 0, 0, 3.96, 1445, 689, 7233.98, 20151, 18519
1694878649, 0, 21, 211, 0, 0, 7871.48, 4, 0, 0, 0.34, 1446, 689, 7233.98, 20151, 18519
1694878652, 0, 21, 211, 0, 0, 7871.48, 4, 0, 0, 0.34, 1447, 689, 7233.98, 20151, 18519
1694878655, 0, 21, 211, 0, 0, 7871.48, 4, 0, 0, 0.32, 1448, 689, 7233.98, 20151, 18519
1694878665, 0, 21, 212, 0, 0, 7871.48, 4, 0, 0, 0.10, 1449, 689, 7233.98, 20151, 18519
1694878668, 0, 21, 212, 0, 0, 7871.48, 4, 0, 0, 0.32, 1450, 689, 7233.98, 20151, 18519
1694878671, 0, 21, 213, 0, 0, 7871.48, 4, 0, 0, 0.29, 1451, 689, 7233.98, 20151, 18519
1694878675, 0, 21, 213, 0, 0, 7871.48, 4, 0, 0, 0.27, 1452, 689, 7233.98, 20151, 18519
1694878678, 0, 21, 213, 0, 0, 7871.48, 4, 0, 0, 0.32, 1453, 689, 7233.98, 20151, 18519
1694878682, 0, 21, 213, 0, 0, 7871.48, 4, 0, 0, 0.29, 1454, 689, 7233.98, 20151, 18519
1694878686, 0, 21, 214, 0, 0, 7871.48, 4, 0, 0, 0.26, 1455, 689, 7233.98, 20151, 18519
1694878689, 0, 21, 214, 0, 0, 7871.48, 4, 0, 0, 0.28, 1456, 689, 7233.98, 20151, 18519
1694878693, 0, 21, 214, 0, 0, 7871.48, 4, 0, 0, 0.27, 1457, 689, 7233.98, 20151, 18519
1694878696, 0, 21, 214, 0, 0, 7871.48, 4, 0, 0, 0.30, 1458, 689, 7233.98, 20151, 18519
1694878700, 0, 21, 214, 0, 0, 7871.48, 4, 0, 0, 0.29, 1459, 689, 7233.98, 20151, 18519
1694878708, 0, 21, 215, 0, 0, 7871.48, 4, 0, 0, 0.12, 1460, 689, 7233.98, 20151, 18519
1694878711, 0, 21, 216, 0, 0, 7871.48, 4, 0, 0, 0.30, 1461, 689, 7233.98, 20151, 18519
1694878723, 0, 21, 216, 0, 0, 7871.48, 4, 0, 0, 0.08, 1462, 689, 7233.98, 20151, 18519
1694878727, 0, 21, 217, 0, 0, 7894.14, 4, 0, 0, 0.31, 1463, 689, 7256.64, 20209, 18577
1694878730, 0, 21, 217, 0, 0, 7894.14, 4, 0, 0, 0.28, 1464, 689, 7256.64, 20209, 18577
1694878734, 0, 21, 217, 0, 0, 7894.14, 4, 0, 0, 0.29, 1465, 689, 7256.64, 20209, 18577
1694878737, 0, 21, 217, 0, 0, 7894.14, 4, 0, 0, 0.31, 1466, 689, 7256.64, 20209, 18577
1694878740, 0, 21, 217, 0, 0, 7894.14, 4, 0, 0, 0.28, 1467, 689, 7256.64, 20209, 18577
1694878744, 0, 21, 217, 0, 0, 7894.14, 4, 0, 0, 0.27, 1468, 689, 7256.64, 20209, 18577
1694878757, 0, 21, 217, 0, 0, 7894.14, 4, 0, 0, 0.08, 1469, 689, 7256.64, 20209, 18577
1694878761, 0, 21, 217, 0, 0, 7894.14, 4, 0, 0, 0.24, 1470, 689, 7256.64, 20209, 18577
1694878765, 0, 21, 217, 0, 0, 7894.14, 4, 0, 0, 0.25, 1471, 689, 7256.64, 20209, 18577
1694878769, 0, 21, 217, 0, 0, 7894.14, 4, 0, 0, 0.28, 1472, 689, 7256.64, 20209, 18577
1694878772, 0, 21, 217, 0, 0, 7894.14, 4, 0, 0, 0.29, 1473, 689, 7256.64, 20209, 18577
1694878775, 0, 21, 217, 0, 0, 7894.14, 4, 0, 0, 0.29, 1474, 689, 7256.64, 20209, 18577
1694878779, 0, 21, 217, 0, 0, 7894.14, 4, 0, 0, 0.30, 1475, 689, 7256.64, 20209, 18577
1694878782, 0, 21, 217, 0, 0, 7894.14, 4, 0, 0, 0.28, 1476, 689, 7256.64, 20209, 18577
1694878793, 0, 21, 217, 0, 0, 7894.14, 4, 0, 0, 0.09, 1477, 689, 7256.64, 20209, 18577
1694878797, 0, 21, 217, 0, 0, 7894.14, 4, 0, 0, 0.28, 1478, 689, 7256.64, 20209, 18577
1694878801, 0, 21, 217, 0, 0, 7894.14, 4, 0, 0, 0.26, 1479, 689, 7256.64, 20209, 18577
1694878805, 0, 21, 217, 0, 0, 7894.14, 4, 0, 0, 0.25, 1480, 689, 7256.64, 20209, 18577
1694878811, 0, 22, 218, 0, 0, 7894.14, 4, 0, 0, 0.17, 1481, 689, 7256.64, 20209, 18577
1694878818, 0, 22, 219, 0, 0, 7894.14, 4, 0, 0, 0.13, 1482, 689, 7256.64, 20209, 18577
1694878836, 0, 22, 220, 0, 0, 9092.58, 4, 0, 0, 0.06, 1483, 689, 8455.08, 23277, 21645
1694878843, 0, 22, 221, 0, 0, 9163.67, 4, 0, 0, 0.14, 1484, 689, 8526.17, 23459, 21827
1694878850, 0, 22, 222, 0, 0, 9167.97, 4, 0, 0, 0.14, 1485, 689, 8530.47, 23470, 21838
1694878869, 0, 22, 223, 0, 0, 10298.05, 4, 0, 0, 0.05, 1486, 689, 9660.55, 26363, 24731
1694878876, 0, 22, 224, 0, 0, 10369.14, 4, 0, 0, 0.13, 1487, 689, 9731.64, 26545, 24913
1694878892, 0, 22, 225, 0, 0, 11379.69, 4, 0, 0, 0.06, 1488, 689, 10742.19, 29132, 27500
1694878908, 0, 22, 226, 0, 0, 12323.83, 4, 0, 0, 0.06, 1489, 689, 11686.33, 31549, 29917
1694878931, 0, 22, 227, 0, 0, 13353.52, 4, 0, 0, 0.04, 1490, 689, 12716.02, 34185, 32553
