# unix_time, cycles_done, cur_path, paths_total, pending_total, pending_favs, map_size, unique_crashes, unique_hangs, max_depth, execs_per_sec, valid_inputs, invalid_inputs, valid_cov, all_covered_probes, valid_covered_probes
1695432645, 0, 0, 1, 0, 0, 4344.53, 0, 0, 0, 0.61, 0, 1, 0.00, 11122, 0
1695432646, 0, 0, 4, 0, 0, 4515.23, 0, 0, 0, 7.26, 0, 4, 0.00, 11559, 0
1695432667, 0, 0, 9, 0, 0, 24996.48, 0, 0, 0, 0.28, 3, 7, 24233.98, 63991, 62039
1695432668, 0, 0, 18, 0, 0, 25308.20, 0, 0, 0, 38.46, 5, 17, 24243.75, 64789, 62064
1695432668, 0, 0, 23, 0, 0, 25580.86, 0, 0, 0, 29.70, 7, 24, 24522.27, 65487, 62777
1695432668, 0, 0, 25, 0, 0, 25584.77, 0, 0, 0, 42.90, 9, 35, 24542.97, 65497, 62830
1695432669, 0, 0, 27, 0, 0, 25585.94, 0, 0, 0, 49.38, 11, 49, 24542.97, 65500, 62830
1695432680, 0, 0, 27, 0, 0, 25585.94, 1, 0, 0, 0.18, 11, 51, 24542.97, 65500, 62830
1695432680, 0, 0, 29, 0, 0, 25589.84, 1, 0, 0, 6.17, 11, 53, 24542.97, 65510, 62830
1695432681, 0, 0, 34, 0, 0, 25593.75, 1, 0, 0, 45.75, 14, 64, 24547.66, 65520, 62842
1695432681, 0, 0, 35, 0, 0, 25594.14, 1, 0, 0, 73.33, 19, 81, 24548.44, 65521, 62844
1695432696, 0, 0, 36, 0, 0, 26362.11, 1, 0, 0, 0.46, 21, 86, 25326.56, 67487, 64836
1695432724, 0, 0, 42, 0, 0, 26382.81, 1, 0, 0, 1.40, 28, 118, 25347.27, 67540, 64889
1695432737, 0, 0, 46, 0, 0, 26398.44, 1, 0, 0, 0.77, 30, 126, 25362.89, 67580, 64929
1695432748, 0, 1, 49, 0, 0, 26417.19, 1, 0, 0, 0.89, 33, 133, 25396.88, 67628, 65016
1695432749, 0, 1, 57, 0, 0, 26417.58, 1, 0, 0, 177.63, 54, 166, 25397.27, 67629, 65017
1695432762, 0, 2, 58, 0, 0, 26423.44, 1, 0, 0, 3.71, 75, 193, 25403.13, 67644, 65032
1695432774, 0, 2, 62, 0, 0, 26426.56, 1, 0, 0, 0.97, 81, 199, 25406.25, 67652, 65040
1695432786, 0, 3, 64, 0, 0, 26426.95, 1, 0, 0, 0.85, 84, 206, 25406.64, 67653, 65041
1695432797, 0, 3, 68, 0, 0, 26427.73, 1, 0, 0, 2.98, 95, 229, 25407.42, 67655, 65043
1695432808, 0, 3, 71, 0, 0, 26427.73, 2, 0, 0, 1.33, 96, 242, 25407.42, 67655, 65043
1695432818, 0, 3, 74, 0, 0, 26429.69, 2, 0, 0, 1.01, 102, 247, 25409.38, 67660, 65048
1695432833, 0, 3, 78, 0, 0, 26444.53, 2, 0, 0, 0.42, 106, 249, 25424.22, 67698, 65086
1695432833, 0, 4, 80, 0, 0, 26444.53, 2, 0, 0, 32.47, 112, 253, 25424.22, 67698, 65086
1695432833, 0, 4, 81, 0, 0, 26444.53, 2, 0, 0, 68.97, 128, 259, 25424.22, 67698, 65086
1695432855, 0, 4, 82, 0, 0, 26451.56, 2, 0, 0, 0.52, 135, 263, 25431.25, 67716, 65104
1695432872, 0, 4, 85, 0, 0, 26451.56, 2, 0, 0, 0.51, 141, 266, 25431.25, 67716, 65104
1695432886, 0, 4, 88, 0, 0, 26452.73, 2, 0, 0, 0.80, 151, 267, 25432.42, 67719, 65107
1695432897, 0, 4, 90, 0, 0, 26453.13, 2, 0, 0, 0.28, 153, 268, 25432.81, 67720, 65108
1695432954, 0, 4, 91, 0, 0, 26453.91, 2, 0, 0, 0.19, 160, 272, 25433.59, 67722, 65110
1695432989, 0, 4, 93, 0, 0, 26456.25, 2, 0, 0, 0.23, 167, 273, 25435.94, 67728, 65116
1695433010, 0, 4, 97, 0, 0, 26456.25, 2, 0, 0, 0.42, 174, 275, 25435.94, 67728, 65116
1695433011, 0, 5, 101, 0, 0, 26456.25, 2, 0, 0, 42.17, 183, 280, 25435.94, 67728, 65116
1695433025, 0, 5, 101, 0, 0, 26456.25, 3, 0, 0, 1.24, 185, 296, 25435.94, 67728, 65116
1695433026, 0, 5, 102, 0, 0, 26456.25, 3, 0, 0, 22.73, 186, 302, 25435.94, 67728, 65116
1695433026, 0, 5, 103, 0, 0, 26456.25, 3, 0, 0, 95.71, 191, 326, 25435.94, 67728, 65116
1695433038, 0, 6, 104, 0, 0, 26456.25, 3, 0, 0, 2.74, 199, 350, 25435.94, 67728, 65116
1695433049, 0, 6, 106, 0, 0, 26462.89, 3, 0, 0, 2.36, 202, 375, 25442.58, 67745, 65133
1695433073, 0, 7, 108, 0, 0, 26463.28, 3, 0, 0, 0.21, 204, 378, 25442.97, 67746, 65134
1695433085, 0, 7, 110, 0, 0, 26463.28, 3, 0, 0, 1.62, 218, 384, 25442.97, 67746, 65134
1695433097, 0, 7, 110, 0, 0, 26463.28, 4, 0, 0, 0.62, 224, 385, 25442.97, 67746, 65134
1695433108, 0, 8, 113, 0, 0, 26463.28, 4, 0, 0, 1.13, 235, 387, 25442.97, 67746, 65134
1695433119, 0, 8, 114, 0, 0, 26463.28, 4, 0, 0, 0.09, 236, 387, 25442.97, 67746, 65134
1695433134, 0, 8, 115, 0, 0, 26464.06, 4, 0, 0, 0.07, 237, 387, 25443.75, 67748, 65136
1695433148, 0, 8, 116, 0, 0, 26464.45, 4, 0, 0, 0.07, 238, 387, 25444.14, 67749, 65137
1695433159, 0, 8, 117, 0, 0, 26464.45, 4, 0, 0, 0.09, 239, 387, 25444.14, 67749, 65137
1695433170, 0, 8, 118, 0, 0, 26464.45, 4, 0, 0, 0.09, 240, 387, 25444.14, 67749, 65137
1695433181, 0, 8, 119, 0, 0, 26464.45, 4, 0, 0, 0.09, 241, 387, 25444.14, 67749, 65137
1695433192, 0, 8, 120, 0, 0, 26464.45, 4, 0, 0, 0.09, 242, 387, 25444.14, 67749, 65137
1695433203, 0, 8, 121, 0, 0, 26464.45, 4, 0, 0, 0.09, 243, 387, 25444.14, 67749, 65137
1695433214, 0, 8, 122, 0, 0, 26464.45, 4, 0, 0, 0.09, 244, 387, 25444.14, 67749, 65137
1695433226, 0, 8, 123, 0, 0, 26466.80, 4, 0, 0, 0.09, 245, 387, 25446.48, 67755, 65143
1695433238, 0, 8, 124, 0, 0, 26466.80, 4, 0, 0, 0.08, 246, 387, 25446.48, 67755, 65143
1695433249, 0, 8, 125, 0, 0, 26466.80, 4, 0, 0, 0.09, 247, 387, 25446.48, 67755, 65143
1695433260, 0, 8, 126, 0, 0, 26466.80, 4, 0, 0, 0.09, 248, 387, 25446.48, 67755, 65143
1695433273, 0, 8, 126, 0, 0, 26466.80, 4, 0, 0, 0.08, 249, 387, 25446.48, 67755, 65143
1695433284, 0, 8, 127, 0, 0, 26466.80, 4, 0, 0, 0.09, 250, 387, 25446.48, 67755, 65143
1695433295, 0, 8, 128, 0, 0, 26466.80, 4, 0, 0, 0.09, 251, 387, 25446.48, 67755, 65143
1695433308, 0, 8, 129, 0, 0, 26467.58, 4, 0, 0, 0.08, 252, 387, 25447.27, 67757, 65145
1695433320, 0, 8, 130, 0, 0, 26467.58, 4, 0, 0, 0.09, 253, 387, 25447.27, 67757, 65145
1695433331, 0, 8, 131, 0, 0, 26468.36, 4, 0, 0, 0.09, 254, 387, 25448.05, 67759, 65147
1695433342, 0, 8, 132, 0, 0, 26468.36, 4, 0, 0, 0.09, 255, 387, 25448.05, 67759, 65147
1695433354, 0, 8, 132, 0, 0, 26468.36, 4, 0, 0, 0.09, 256, 387, 25448.05, 67759, 65147
1695433365, 0, 8, 133, 0, 0, 26469.14, 4, 0, 0, 0.09, 257, 387, 25448.83, 67761, 65149
1695433384, 0, 8, 134, 0, 0, 26469.14, 4, 0, 0, 0.05, 258, 387, 25448.83, 67761, 65149
1695433401, 0, 8, 135, 0, 0, 26469.14, 4, 0, 0, 0.06, 259, 387, 25448.83, 67761, 65149
1695433413, 0, 8, 136, 0, 0, 26469.92, 4, 0, 0, 0.08, 260, 387, 25449.61, 67763, 65151
1695433424, 0, 8, 136, 0, 0, 26469.92, 4, 0, 0, 0.09, 261, 387, 25449.61, 67763, 65151
1695433435, 0, 8, 136, 0, 0, 26469.92, 4, 0, 0, 0.09, 262, 387, 25449.61, 67763, 65151
1695433446, 0, 8, 137, 0, 0, 26469.92, 4, 0, 0, 0.09, 263, 387, 25449.61, 67763, 65151
1695433458, 0, 8, 138, 0, 0, 26469.92, 4, 0, 0, 0.09, 264, 387, 25449.61, 67763, 65151
1695433479, 0, 8, 139, 0, 0, 26469.92, 4, 0, 0, 0.05, 265, 387, 25449.61, 67763, 65151
1695433495, 0, 8, 140, 0, 0, 26469.92, 4, 0, 0, 0.06, 266, 387, 25449.61, 67763, 65151
1695433507, 0, 8, 141, 0, 0, 26469.92, 4, 0, 0, 0.09, 267, 387, 25449.61, 67763, 65151
1695433518, 0, 8, 142, 0, 0, 26469.92, 4, 0, 0, 0.08, 268, 387, 25449.61, 67763, 65151
1695433530, 0, 8, 142, 0, 0, 26469.92, 4, 0, 0, 0.08, 269, 387, 25449.61, 67763, 65151
1695433542, 0, 8, 143, 0, 0, 26469.92, 4, 0, 0, 0.09, 270, 387, 25449.61, 67763, 65151
1695433554, 0, 8, 144, 0, 0, 26469.92, 4, 0, 0, 0.08, 271, 387, 25449.61, 67763, 65151
1695433566, 0, 8, 145, 0, 0, 26469.92, 4, 0, 0, 0.08, 272, 387, 25449.61, 67763, 65151
1695433578, 0, 8, 146, 0, 0, 26469.92, 4, 0, 0, 0.08, 273, 387, 25449.61, 67763, 65151
1695433590, 0, 8, 147, 0, 0, 26469.92, 4, 0, 0, 0.08, 274, 387, 25449.61, 67763, 65151
1695433602, 0, 8, 148, 0, 0, 26469.92, 4, 0, 0, 0.08, 275, 387, 25449.61, 67763, 65151
1695433614, 0, 8, 149, 0, 0, 26469.92, 4, 0, 0, 0.08, 276, 387, 25449.61, 67763, 65151
1695433626, 0, 8, 150, 0, 0, 26469.92, 4, 0, 0, 0.08, 277, 387, 25449.61, 67763, 65151
1695433640, 0, 8, 151, 0, 0, 26469.92, 4, 0, 0, 0.07, 278, 387, 25449.61, 67763, 65151
1695433652, 0, 8, 152, 0, 0, 26469.92, 4, 0, 0, 0.08, 279, 387, 25449.61, 67763, 65151
1695433664, 0, 8, 152, 0, 0, 26469.92, 4, 0, 0, 0.08, 280, 387, 25449.61, 67763, 65151
1695433676, 0, 8, 153, 0, 0, 26469.92, 4, 0, 0, 0.08, 281, 387, 25449.61, 67763, 65151
1695433688, 0, 8, 154, 0, 0, 26470.31, 4, 0, 0, 0.09, 282, 387, 25450.00, 67764, 65152
1695433699, 0, 8, 155, 0, 0, 26470.31, 4, 0, 0, 0.09, 283, 387, 25450.00, 67764, 65152
1695433711, 0, 8, 156, 0, 0, 26470.31, 4, 0, 0, 0.08, 284, 387, 25450.00, 67764, 65152
1695433723, 0, 8, 156, 0, 0, 26470.31, 4, 0, 0, 0.09, 285, 387, 25450.00, 67764, 65152
1695433735, 0, 8, 156, 0, 0, 26470.31, 4, 0, 0, 0.08, 286, 387, 25450.00, 67764, 65152
1695433746, 0, 8, 157, 0, 0, 26470.31, 4, 0, 0, 0.09, 287, 387, 25450.00, 67764, 65152
1695433758, 0, 8, 158, 0, 0, 26470.31, 4, 0, 0, 0.08, 288, 387, 25450.00, 67764, 65152
1695433770, 0, 8, 159, 0, 0, 26470.31, 4, 0, 0, 0.08, 289, 387, 25450.00, 67764, 65152
1695433782, 0, 8, 160, 0, 0, 26470.31, 4, 0, 0, 0.08, 290, 387, 25450.00, 67764, 65152
1695433794, 0, 8, 161, 0, 0, 26470.31, 4, 0, 0, 0.08, 291, 387, 25450.00, 67764, 65152
1695433806, 0, 8, 161, 0, 0, 26470.31, 4, 0, 0, 0.08, 292, 387, 25450.00, 67764, 65152
1695433819, 0, 8, 162, 0, 0, 26470.31, 4, 0, 0, 0.08, 293, 387, 25450.00, 67764, 65152
1695433830, 0, 8, 163, 0, 0, 26470.31, 4, 0, 0, 0.08, 294, 387, 25450.00, 67764, 65152
1695433843, 0, 8, 163, 0, 0, 26470.31, 4, 0, 0, 0.08, 295, 387, 25450.00, 67764, 65152
1695433855, 0, 8, 164, 0, 0, 26470.31, 4, 0, 0, 0.08, 296, 387, 25450.00, 67764, 65152
1695433866, 0, 8, 165, 0, 0, 26470.31, 4, 0, 0, 0.09, 297, 387, 25450.00, 67764, 65152
1695433879, 0, 8, 166, 0, 0, 26470.31, 4, 0, 0, 0.08, 298, 387, 25450.00, 67764, 65152
1695433891, 0, 8, 167, 0, 0, 26470.31, 4, 0, 0, 0.08, 299, 387, 25450.00, 67764, 65152
1695433903, 0, 8, 168, 0, 0, 26470.31, 4, 0, 0, 0.08, 300, 387, 25450.00, 67764, 65152
1695433916, 0, 8, 169, 0, 0, 26470.31, 4, 0, 0, 0.08, 301, 387, 25450.00, 67764, 65152
1695433929, 0, 8, 170, 0, 0, 26470.70, 4, 0, 0, 0.08, 302, 387, 25450.39, 67765, 65153
1695433940, 0, 8, 170, 0, 0, 26470.70, 4, 0, 0, 0.09, 303, 387, 25450.39, 67765, 65153
1695433952, 0, 8, 170, 0, 0, 26470.70, 4, 0, 0, 0.09, 304, 387, 25450.39, 67765, 65153
1695433964, 0, 8, 171, 0, 0, 26470.70, 4, 0, 0, 0.09, 305, 387, 25450.39, 67765, 65153
1695433975, 0, 8, 172, 0, 0, 26470.70, 4, 0, 0, 0.09, 306, 387, 25450.39, 67765, 65153
1695433987, 0, 8, 172, 0, 0, 26470.70, 4, 0, 0, 0.09, 307, 387, 25450.39, 67765, 65153
1695433998, 0, 8, 172, 0, 0, 26470.70, 4, 0, 0, 0.09, 308, 387, 25450.39, 67765, 65153
1695434010, 0, 8, 173, 0, 0, 26471.09, 4, 0, 0, 0.08, 309, 387, 25450.78, 67766, 65154
1695434022, 0, 8, 173, 0, 0, 26471.09, 4, 0, 0, 0.08, 310, 387, 25450.78, 67766, 65154
1695434035, 0, 8, 174, 0, 0, 26471.09, 4, 0, 0, 0.08, 311, 387, 25450.78, 67766, 65154
1695434047, 0, 8, 175, 0, 0, 26471.09, 4, 0, 0, 0.08, 312, 387, 25450.78, 67766, 65154
1695434058, 0, 8, 176, 0, 0, 26471.09, 4, 0, 0, 0.09, 313, 387, 25450.78, 67766, 65154
1695434070, 0, 8, 176, 0, 0, 26471.09, 4, 0, 0, 0.08, 314, 387, 25450.78, 67766, 65154
1695434082, 0, 8, 176, 0, 0, 26471.09, 4, 0, 0, 0.09, 315, 387, 25450.78, 67766, 65154
1695434094, 0, 8, 176, 0, 0, 26471.09, 4, 0, 0, 0.08, 316, 387, 25450.78, 67766, 65154
1695434106, 0, 8, 176, 0, 0, 26471.09, 4, 0, 0, 0.08, 317, 387, 25450.78, 67766, 65154
1695434119, 0, 8, 177, 0, 0, 26471.09, 4, 0, 0, 0.08, 318, 387, 25450.78, 67766, 65154
1695434138, 0, 8, 178, 0, 0, 26471.09, 4, 0, 0, 0.05, 319, 387, 25450.78, 67766, 65154
1695434150, 0, 8, 179, 0, 0, 26471.09, 4, 0, 0, 0.09, 320, 387, 25450.78, 67766, 65154
1695434162, 0, 8, 180, 0, 0, 26472.66, 4, 0, 0, 0.09, 321, 387, 25452.34, 67770, 65158
1695434174, 0, 8, 181, 0, 0, 26472.66, 4, 0, 0, 0.08, 322, 387, 25452.34, 67770, 65158
1695434185, 0, 8, 182, 0, 0, 26472.66, 4, 0, 0, 0.09, 323, 387, 25452.34, 67770, 65158
1695434197, 0, 8, 183, 0, 0, 26472.66, 4, 0, 0, 0.09, 324, 387, 25452.34, 67770, 65158
1695434210, 0, 8, 184, 0, 0, 26472.66, 4, 0, 0, 0.08, 325, 387, 25452.34, 67770, 65158
1695434222, 0, 8, 185, 0, 0, 26472.66, 4, 0, 0, 0.08, 326, 387, 25452.34, 67770, 65158
1695434233, 0, 8, 186, 0, 0, 26472.66, 4, 0, 0, 0.09, 327, 387, 25452.34, 67770, 65158
1695434245, 0, 8, 186, 0, 0, 26472.66, 4, 0, 0, 0.08, 328, 387, 25452.34, 67770, 65158
1695434257, 0, 8, 187, 0, 0, 26472.66, 4, 0, 0, 0.08, 329, 387, 25452.34, 67770, 65158
1695434269, 0, 8, 187, 0, 0, 26472.66, 4, 0, 0, 0.09, 330, 387, 25452.34, 67770, 65158
1695434280, 0, 8, 187, 0, 0, 26472.66, 4, 0, 0, 0.09, 331, 387, 25452.34, 67770, 65158
1695434294, 0, 8, 188, 0, 0, 26472.66, 4, 0, 0, 0.07, 332, 387, 25452.34, 67770, 65158
1695434306, 0, 8, 189, 0, 0, 26472.66, 4, 0, 0, 0.08, 333, 387, 25452.34, 67770, 65158
1695434318, 0, 8, 190, 0, 0, 26472.66, 4, 0, 0, 0.08, 334, 387, 25452.34, 67770, 65158
1695434331, 0, 8, 191, 0, 0, 26472.66, 4, 0, 0, 0.08, 335, 387, 25452.34, 67770, 65158
1695434343, 0, 8, 192, 0, 0, 26472.66, 4, 0, 0, 0.08, 336, 387, 25452.34, 67770, 65158
1695434355, 0, 8, 193, 0, 0, 26472.66, 4, 0, 0, 0.08, 337, 387, 25452.34, 67770, 65158
1695434367, 0, 8, 194, 0, 0, 26472.66, 4, 0, 0, 0.08, 338, 387, 25452.34, 67770, 65158
1695434379, 0, 8, 195, 0, 0, 26472.66, 4, 0, 0, 0.08, 339, 387, 25452.34, 67770, 65158
1695434390, 0, 8, 196, 0, 0, 26472.66, 4, 0, 0, 0.09, 340, 387, 25452.34, 67770, 65158
1695434402, 0, 8, 197, 0, 0, 26472.66, 4, 0, 0, 0.09, 341, 387, 25452.34, 67770, 65158
1695434415, 0, 8, 198, 0, 0, 26474.22, 4, 0, 0, 0.08, 342, 387, 25453.91, 67774, 65162
1695434427, 0, 8, 199, 0, 0, 26474.22, 4, 0, 0, 0.08, 343, 387, 25453.91, 67774, 65162
1695434439, 0, 8, 200, 0, 0, 26474.22, 4, 0, 0, 0.08, 344, 387, 25453.91, 67774, 65162
1695434451, 0, 8, 201, 0, 0, 26474.22, 4, 0, 0, 0.08, 345, 387, 25453.91, 67774, 65162
1695434463, 0, 8, 202, 0, 0, 26474.22, 4, 0, 0, 0.08, 346, 387, 25453.91, 67774, 65162
1695434475, 0, 8, 202, 0, 0, 26474.22, 4, 0, 0, 0.08, 347, 387, 25453.91, 67774, 65162
1695434487, 0, 8, 202, 0, 0, 26474.22, 4, 0, 0, 0.08, 348, 387, 25453.91, 67774, 65162
1695434500, 0, 8, 202, 0, 0, 26474.22, 4, 0, 0, 0.08, 349, 387, 25453.91, 67774, 65162
1695434512, 0, 8, 203, 0, 0, 26474.22, 4, 0, 0, 0.08, 350, 387, 25453.91, 67774, 65162
1695434524, 0, 8, 204, 0, 0, 26474.22, 4, 0, 0, 0.09, 351, 387, 25453.91, 67774, 65162
1695434536, 0, 8, 204, 0, 0, 26474.22, 4, 0, 0, 0.08, 352, 387, 25453.91, 67774, 65162
1695434547, 0, 8, 205, 0, 0, 26474.22, 4, 0, 0, 0.09, 353, 387, 25453.91, 67774, 65162
1695434559, 0, 8, 205, 0, 0, 26474.22, 4, 0, 0, 0.08, 354, 387, 25453.91, 67774, 65162
1695434571, 0, 8, 206, 0, 0, 26474.22, 4, 0, 0, 0.08, 355, 387, 25453.91, 67774, 65162
1695434583, 0, 8, 207, 0, 0, 26474.22, 4, 0, 0, 0.09, 356, 387, 25453.91, 67774, 65162
1695434595, 0, 8, 207, 0, 0, 26474.22, 4, 0, 0, 0.08, 357, 387, 25453.91, 67774, 65162
1695434607, 0, 8, 208, 0, 0, 26474.22, 4, 0, 0, 0.09, 358, 387, 25453.91, 67774, 65162
1695434619, 0, 8, 208, 0, 0, 26474.22, 4, 0, 0, 0.08, 359, 387, 25453.91, 67774, 65162
1695434631, 0, 8, 209, 0, 0, 26474.22, 4, 0, 0, 0.08, 360, 387, 25453.91, 67774, 65162
1695434643, 0, 8, 209, 0, 0, 26474.22, 4, 0, 0, 0.08, 361, 387, 25453.91, 67774, 65162
1695434656, 0, 8, 209, 0, 0, 26474.22, 4, 0, 0, 0.08, 362, 387, 25453.91, 67774, 65162
1695434668, 0, 8, 209, 0, 0, 26474.22, 4, 0, 0, 0.08, 363, 387, 25453.91, 67774, 65162
1695434681, 0, 8, 210, 0, 0, 26474.22, 4, 0, 0, 0.08, 364, 387, 25453.91, 67774, 65162
1695434693, 0, 8, 211, 0, 0, 26474.22, 4, 0, 0, 0.08, 365, 387, 25453.91, 67774, 65162
1695434705, 0, 8, 212, 0, 0, 26474.22, 4, 0, 0, 0.08, 366, 387, 25453.91, 67774, 65162
1695434718, 0, 8, 213, 0, 0, 26474.22, 4, 0, 0, 0.08, 367, 387, 25453.91, 67774, 65162
1695434731, 0, 8, 214, 0, 0, 26474.22, 4, 0, 0, 0.08, 368, 387, 25453.91, 67774, 65162
1695434743, 0, 8, 214, 0, 0, 26474.22, 4, 0, 0, 0.08, 369, 387, 25453.91, 67774, 65162
1695434756, 0, 8, 214, 0, 0, 26474.22, 4, 0, 0, 0.08, 370, 387, 25453.91, 67774, 65162
1695434770, 0, 8, 215, 0, 0, 26474.22, 4, 0, 0, 0.07, 371, 387, 25453.91, 67774, 65162
1695434783, 0, 8, 216, 0, 0, 26474.22, 4, 0, 0, 0.08, 372, 387, 25453.91, 67774, 65162
1695434796, 0, 8, 217, 0, 0, 26474.22, 4, 0, 0, 0.08, 373, 387, 25453.91, 67774, 65162
1695434808, 0, 8, 218, 0, 0, 26474.22, 4, 0, 0, 0.08, 374, 387, 25453.91, 67774, 65162
1695434821, 0, 8, 219, 0, 0, 26474.22, 4, 0, 0, 0.08, 375, 387, 25453.91, 67774, 65162
1695434834, 0, 8, 220, 0, 0, 26474.22, 4, 0, 0, 0.08, 376, 387, 25453.91, 67774, 65162
1695434846, 0, 8, 221, 0, 0, 26474.22, 4, 0, 0, 0.08, 377, 387, 25453.91, 67774, 65162
1695434859, 0, 8, 222, 0, 0, 26474.22, 4, 0, 0, 0.08, 378, 387, 25453.91, 67774, 65162
1695434872, 0, 8, 223, 0, 0, 26474.22, 4, 0, 0, 0.08, 379, 387, 25453.91, 67774, 65162
1695434885, 0, 8, 224, 0, 0, 26474.22, 4, 0, 0, 0.08, 380, 387, 25453.91, 67774, 65162
1695434897, 0, 8, 225, 0, 0, 26474.22, 4, 0, 0, 0.08, 381, 387, 25453.91, 67774, 65162
1695434909, 0, 8, 226, 0, 0, 26474.22, 4, 0, 0, 0.08, 382, 387, 25453.91, 67774, 65162
1695434931, 0, 8, 227, 0, 0, 26474.22, 4, 0, 0, 0.05, 383, 387, 25453.91, 67774, 65162
1695434944, 0, 8, 228, 0, 0, 26474.22, 4, 0, 0, 0.08, 384, 387, 25453.91, 67774, 65162
1695434956, 0, 8, 229, 0, 0, 26474.22, 4, 0, 0, 0.08, 385, 387, 25453.91, 67774, 65162
1695434968, 0, 8, 230, 0, 0, 26474.22, 4, 0, 0, 0.09, 386, 387, 25453.91, 67774, 65162
1695434979, 0, 8, 231, 0, 0, 26474.22, 4, 0, 0, 0.09, 387, 387, 25453.91, 67774, 65162
1695434991, 0, 8, 232, 0, 0, 26474.61, 4, 0, 0, 0.09, 388, 387, 25454.30, 67775, 65163
1695435003, 0, 8, 233, 0, 0, 26474.61, 4, 0, 0, 0.08, 389, 387, 25454.30, 67775, 65163
1695435014, 0, 8, 234, 0, 0, 26474.61, 4, 0, 0, 0.08, 390, 387, 25454.30, 67775, 65163
1695435026, 0, 8, 235, 0, 0, 26474.61, 4, 0, 0, 0.09, 391, 387, 25454.30, 67775, 65163
1695435038, 0, 8, 236, 0, 0, 26474.61, 4, 0, 0, 0.09, 392, 387, 25454.30, 67775, 65163
1695435049, 0, 8, 237, 0, 0, 26474.61, 4, 0, 0, 0.08, 393, 387, 25454.30, 67775, 65163
1695435062, 0, 8, 237, 0, 0, 26474.61, 4, 0, 0, 0.08, 394, 387, 25454.30, 67775, 65163
1695435074, 0, 8, 237, 0, 0, 26474.61, 4, 0, 0, 0.08, 395, 387, 25454.30, 67775, 65163
1695435087, 0, 8, 238, 0, 0, 26474.61, 4, 0, 0, 0.08, 396, 387, 25454.30, 67775, 65163
1695435101, 0, 8, 239, 0, 0, 26474.61, 4, 0, 0, 0.07, 397, 387, 25454.30, 67775, 65163
1695435115, 0, 8, 240, 0, 0, 26474.61, 4, 0, 0, 0.07, 398, 387, 25454.30, 67775, 65163
1695435127, 0, 8, 241, 0, 0, 26474.61, 4, 0, 0, 0.08, 399, 387, 25454.30, 67775, 65163
1695435140, 0, 8, 242, 0, 0, 26474.61, 4, 0, 0, 0.08, 400, 387, 25454.30, 67775, 65163
1695435152, 0, 8, 243, 0, 0, 26474.61, 4, 0, 0, 0.08, 401, 387, 25454.30, 67775, 65163
1695435165, 0, 8, 243, 0, 0, 26474.61, 4, 0, 0, 0.08, 402, 387, 25454.30, 67775, 65163
1695435178, 0, 8, 243, 0, 0, 26474.61, 4, 0, 0, 0.08, 403, 387, 25454.30, 67775, 65163
1695435193, 0, 8, 244, 0, 0, 26474.61, 4, 0, 0, 0.07, 404, 387, 25454.30, 67775, 65163
1695435216, 0, 8, 245, 0, 0, 26475.39, 4, 0, 0, 0.04, 405, 387, 25455.08, 67777, 65165
1695435228, 0, 8, 246, 0, 0, 26475.39, 4, 0, 0, 0.08, 406, 387, 25455.08, 67777, 65165
1695435241, 0, 8, 246, 0, 0, 26475.39, 4, 0, 0, 0.08, 407, 387, 25455.08, 67777, 65165
1695435254, 0, 8, 246, 0, 0, 26475.39, 4, 0, 0, 0.08, 408, 387, 25455.08, 67777, 65165
1695435267, 0, 8, 247, 0, 0, 26475.39, 4, 0, 0, 0.08, 409, 387, 25455.08, 67777, 65165
1695435280, 0, 8, 248, 0, 0, 26475.39, 4, 0, 0, 0.08, 410, 387, 25455.08, 67777, 65165
1695435291, 0, 8, 249, 0, 0, 26483.20, 4, 0, 0, 0.09, 411, 387, 25462.89, 67797, 65185
1695435304, 0, 8, 250, 0, 0, 26483.20, 4, 0, 0, 0.08, 412, 387, 25462.89, 67797, 65185
1695435316, 0, 8, 251, 0, 0, 26483.20, 4, 0, 0, 0.08, 413, 387, 25462.89, 67797, 65185
1695435328, 0, 8, 252, 0, 0, 26483.20, 4, 0, 0, 0.09, 414, 387, 25462.89, 67797, 65185
1695435346, 0, 8, 253, 0, 0, 26483.20, 4, 0, 0, 0.05, 415, 387, 25462.89, 67797, 65185
1695435363, 0, 8, 254, 0, 0, 26483.20, 4, 0, 0, 0.06, 416, 387, 25462.89, 67797, 65185
1695435376, 0, 8, 254, 0, 0, 26483.20, 4, 0, 0, 0.08, 417, 387, 25462.89, 67797, 65185
1695435389, 0, 8, 254, 0, 0, 26483.20, 4, 0, 0, 0.08, 418, 387, 25462.89, 67797, 65185
1695435401, 0, 8, 254, 0, 0, 26483.20, 4, 0, 0, 0.08, 419, 387, 25462.89, 67797, 65185
1695435413, 0, 8, 254, 0, 0, 26483.20, 4, 0, 0, 0.08, 420, 387, 25462.89, 67797, 65185
1695435425, 0, 8, 255, 0, 0, 26483.20, 4, 0, 0, 0.09, 421, 387, 25462.89, 67797, 65185
1695435438, 0, 8, 256, 0, 0, 26483.20, 4, 0, 0, 0.07, 422, 387, 25462.89, 67797, 65185
1695435451, 0, 8, 256, 0, 0, 26483.20, 4, 0, 0, 0.08, 423, 387, 25462.89, 67797, 65185
1695435464, 0, 8, 257, 0, 0, 26483.20, 4, 0, 0, 0.08, 424, 387, 25462.89, 67797, 65185
1695435476, 0, 8, 258, 0, 0, 26483.20, 4, 0, 0, 0.08, 425, 387, 25462.89, 67797, 65185
1695435489, 0, 8, 259, 0, 0, 26483.20, 4, 0, 0, 0.08, 426, 387, 25462.89, 67797, 65185
1695435501, 0, 8, 260, 0, 0, 26483.20, 4, 0, 0, 0.08, 427, 387, 25462.89, 67797, 65185
1695435515, 0, 8, 261, 0, 0, 26483.20, 4, 0, 0, 0.07, 428, 387, 25462.89, 67797, 65185
1695435527, 0, 8, 262, 0, 0, 26490.63, 4, 0, 0, 0.08, 429, 387, 25470.31, 67816, 65204
1695435539, 0, 8, 262, 0, 0, 26490.63, 4, 0, 0, 0.08, 430, 387, 25470.31, 67816, 65204
1695435551, 0, 8, 262, 0, 0, 26490.63, 4, 0, 0, 0.08, 431, 387, 25470.31, 67816, 65204
1695435563, 0, 8, 263, 0, 0, 26490.63, 4, 0, 0, 0.08, 432, 387, 25470.31, 67816, 65204
1695435576, 0, 8, 264, 0, 0, 26490.63, 4, 0, 0, 0.08, 433, 387, 25470.31, 67816, 65204
1695435587, 0, 8, 265, 0, 0, 26490.63, 4, 0, 0, 0.08, 434, 387, 25470.31, 67816, 65204
1695435600, 0, 8, 266, 0, 0, 26490.63, 4, 0, 0, 0.08, 435, 387, 25470.31, 67816, 65204
1695435612, 0, 8, 267, 0, 0, 26490.63, 4, 0, 0, 0.08, 436, 387, 25470.31, 67816, 65204
1695435626, 0, 8, 268, 0, 0, 26490.63, 4, 0, 0, 0.07, 437, 387, 25470.31, 67816, 65204
1695435652, 0, 8, 269, 0, 0, 26490.63, 4, 0, 0, 0.04, 438, 387, 25470.31, 67816, 65204
1695435669, 0, 8, 270, 0, 0, 26490.63, 4, 0, 0, 0.06, 439, 387, 25470.31, 67816, 65204
1695435684, 0, 8, 270, 0, 0, 26490.63, 4, 0, 0, 0.07, 440, 387, 25470.31, 67816, 65204
1695435695, 0, 8, 271, 0, 0, 26490.63, 4, 0, 0, 0.09, 441, 387, 25470.31, 67816, 65204
1695435709, 0, 8, 271, 0, 0, 26490.63, 4, 0, 0, 0.07, 442, 387, 25470.31, 67816, 65204
1695435727, 0, 8, 271, 0, 0, 26490.63, 4, 0, 0, 0.05, 443, 387, 25470.31, 67816, 65204
1695435741, 0, 8, 272, 0, 0, 26490.63, 4, 0, 0, 0.08, 444, 387, 25470.31, 67816, 65204
1695435753, 0, 8, 273, 0, 0, 26490.63, 4, 0, 0, 0.08, 445, 387, 25470.31, 67816, 65204
1695435766, 0, 8, 273, 0, 0, 26490.63, 4, 0, 0, 0.08, 446, 387, 25470.31, 67816, 65204
1695435778, 0, 8, 274, 0, 0, 26490.63, 4, 0, 0, 0.08, 447, 387, 25470.31, 67816, 65204
1695435791, 0, 8, 274, 0, 0, 26490.63, 4, 0, 0, 0.08, 448, 387, 25470.31, 67816, 65204
1695435804, 0, 8, 275, 0, 0, 26490.63, 4, 0, 0, 0.08, 449, 387, 25470.31, 67816, 65204
1695435816, 0, 8, 275, 0, 0, 26490.63, 4, 0, 0, 0.08, 450, 387, 25470.31, 67816, 65204
1695435828, 0, 8, 275, 0, 0, 26490.63, 4, 0, 0, 0.08, 451, 387, 25470.31, 67816, 65204
1695435840, 0, 8, 275, 0, 0, 26490.63, 4, 0, 0, 0.08, 452, 387, 25470.31, 67816, 65204
1695435853, 0, 8, 276, 0, 0, 26490.63, 4, 0, 0, 0.08, 453, 387, 25470.31, 67816, 65204
1695435866, 0, 8, 277, 0, 0, 26490.63, 4, 0, 0, 0.08, 454, 387, 25470.31, 67816, 65204
1695435879, 0, 8, 278, 0, 0, 26490.63, 4, 0, 0, 0.08, 455, 387, 25470.31, 67816, 65204
1695435891, 0, 8, 279, 0, 0, 26490.63, 4, 0, 0, 0.08, 456, 387, 25470.31, 67816, 65204
1695435903, 0, 8, 280, 0, 0, 26490.63, 4, 0, 0, 0.08, 457, 387, 25470.31, 67816, 65204
1695435915, 0, 8, 280, 0, 0, 26490.63, 4, 0, 0, 0.08, 458, 387, 25470.31, 67816, 65204
1695435930, 0, 8, 281, 0, 0, 26490.63, 4, 0, 0, 0.07, 459, 387, 25470.31, 67816, 65204
1695435943, 0, 8, 282, 0, 0, 26490.63, 4, 0, 0, 0.08, 460, 387, 25470.31, 67816, 65204
1695435955, 0, 8, 283, 0, 0, 26490.63, 4, 0, 0, 0.08, 461, 387, 25470.31, 67816, 65204
1695435969, 0, 8, 284, 0, 0, 26490.63, 4, 0, 0, 0.08, 462, 387, 25470.31, 67816, 65204
1695435981, 0, 8, 285, 0, 0, 26490.63, 4, 0, 0, 0.08, 463, 387, 25470.31, 67816, 65204
1695435994, 0, 8, 286, 0, 0, 26490.63, 4, 0, 0, 0.08, 464, 387, 25470.31, 67816, 65204
1695436006, 0, 8, 287, 0, 0, 26490.63, 4, 0, 0, 0.08, 465, 387, 25470.31, 67816, 65204
1695436018, 0, 8, 288, 0, 0, 26490.63, 4, 0, 0, 0.08, 466, 387, 25470.31, 67816, 65204
1695436034, 0, 8, 289, 0, 0, 26490.63, 4, 0, 0, 0.06, 467, 387, 25470.31, 67816, 65204
1695436050, 0, 8, 290, 0, 0, 26490.63, 4, 0, 0, 0.06, 468, 387, 25470.31, 67816, 65204
1695436064, 0, 8, 291, 0, 0, 26491.02, 4, 0, 0, 0.07, 469, 387, 25470.70, 67817, 65205
1695436077, 0, 8, 292, 0, 0, 26491.02, 4, 0, 0, 0.08, 470, 387, 25470.70, 67817, 65205
1695436090, 0, 8, 292, 0, 0, 26491.02, 4, 0, 0, 0.08, 471, 387, 25470.70, 67817, 65205
1695436102, 0, 8, 292, 0, 0, 26491.02, 4, 0, 0, 0.08, 472, 387, 25470.70, 67817, 65205
1695436114, 0, 8, 293, 0, 0, 26491.02, 4, 0, 0, 0.08, 473, 387, 25470.70, 67817, 65205
1695436126, 0, 8, 294, 0, 0, 26491.02, 4, 0, 0, 0.08, 474, 387, 25470.70, 67817, 65205
1695436138, 0, 8, 294, 0, 0, 26491.02, 4, 0, 0, 0.08, 475, 387, 25470.70, 67817, 65205
1695436150, 0, 8, 295, 0, 0, 26491.02, 4, 0, 0, 0.08, 476, 387, 25470.70, 67817, 65205
1695436163, 0, 8, 295, 0, 0, 26491.02, 4, 0, 0, 0.08, 477, 387, 25470.70, 67817, 65205
1695436176, 0, 8, 295, 0, 0, 26491.02, 4, 0, 0, 0.08, 478, 387, 25470.70, 67817, 65205
1695436189, 0, 8, 295, 0, 0, 26491.02, 4, 0, 0, 0.08, 479, 387, 25470.70, 67817, 65205
1695436202, 0, 8, 296, 0, 0, 26491.02, 4, 0, 0, 0.08, 480, 387, 25470.70, 67817, 65205
1695436215, 0, 8, 296, 0, 0, 26491.02, 4, 0, 0, 0.07, 481, 387, 25470.70, 67817, 65205
1695436227, 0, 8, 297, 0, 0, 26491.02, 4, 0, 0, 0.08, 482, 387, 25470.70, 67817, 65205
1695436239, 0, 8, 298, 0, 0, 26491.02, 4, 0, 0, 0.08, 483, 387, 25470.70, 67817, 65205
1695436253, 0, 8, 299, 0, 0, 26491.02, 4, 0, 0, 0.07, 484, 387, 25470.70, 67817, 65205
1695436253, 0, 8, 299, 0, 0, 26491.02, 4, 0, 0, 0.00, 484, 387, 25470.70, 67817, 65205
