# unix_time, cycles_done, cur_path, paths_total, pending_total, pending_favs, map_size, unique_crashes, unique_hangs, max_depth, execs_per_sec, valid_inputs, invalid_inputs, valid_cov, all_covered_probes, valid_covered_probes
1695396510, 0, 0, 1, 0, 0, 4243.75, 0, 0, 0, 0.45, 0, 1, 0.00, 10864, 0
1695396510, 0, 0, 5, 0, 0, 4492.19, 0, 0, 0, 10.96, 2, 3, 2019.92, 11500, 5171
1695396511, 0, 0, 7, 0, 0, 4908.59, 0, 0, 0, 6.58, 2, 5, 2019.92, 12566, 5171
1695396531, 0, 0, 8, 0, 0, 24766.80, 0, 0, 0, 0.05, 3, 5, 23748.83, 63403, 60797
1695396543, 0, 0, 10, 0, 0, 24908.59, 1, 0, 0, 0.25, 5, 6, 23900.39, 63766, 61185
1695396561, 0, 0, 13, 0, 0, 25782.03, 1, 0, 0, 0.27, 10, 6, 24785.16, 66002, 63450
1695396572, 0, 0, 14, 0, 0, 25986.72, 1, 0, 0, 0.28, 13, 6, 24991.41, 66526, 63978
1695396584, 0, 0, 16, 0, 0, 25991.80, 1, 0, 0, 0.24, 15, 7, 24996.48, 66539, 63991
1695396595, 0, 0, 21, 0, 0, 26016.41, 1, 0, 0, 1.74, 28, 13, 25000.78, 66602, 64002
1695396607, 0, 0, 22, 0, 0, 26023.05, 1, 0, 0, 0.09, 29, 13, 25007.42, 66619, 64019
1695396623, 0, 0, 23, 0, 0, 26030.86, 1, 0, 0, 0.69, 37, 16, 25015.23, 66639, 64039
1695396636, 0, 0, 24, 0, 0, 26044.53, 1, 0, 0, 0.08, 38, 16, 25028.91, 66674, 64074
1695396647, 0, 0, 25, 0, 0, 26051.17, 1, 0, 0, 0.27, 40, 17, 25035.55, 66691, 64091
1695396658, 0, 0, 27, 0, 0, 26054.30, 1, 0, 0, 1.33, 51, 20, 25038.67, 66699, 64099
1695396675, 0, 0, 28, 0, 0, 26075.78, 1, 0, 0, 0.11, 53, 20, 25060.16, 66754, 64154
1695396686, 0, 0, 29, 0, 0, 26076.17, 1, 0, 0, 0.10, 54, 20, 25060.55, 66755, 64155
1695396698, 0, 0, 30, 0, 0, 26138.28, 1, 0, 0, 0.59, 60, 21, 25122.66, 66914, 64314
1695396708, 0, 0, 31, 0, 0, 26139.06, 1, 0, 0, 1.33, 69, 26, 25123.44, 66916, 64316
1695396725, 0, 0, 32, 0, 0, 26148.83, 1, 0, 0, 0.18, 72, 26, 25133.20, 66941, 64341
1695396741, 0, 0, 33, 0, 0, 26149.22, 1, 0, 0, 0.07, 73, 26, 25133.59, 66942, 64342
1695396752, 0, 0, 34, 0, 0, 26158.98, 1, 0, 0, 0.27, 76, 26, 25143.36, 66967, 64367
1695396765, 0, 0, 36, 0, 0, 26169.92, 1, 0, 0, 0.68, 80, 31, 25150.39, 66995, 64385
1695396778, 0, 0, 36, 0, 0, 26169.92, 1, 0, 0, 0.31, 84, 31, 25150.39, 66995, 64385
1695396790, 0, 0, 37, 0, 0, 26170.31, 1, 0, 0, 0.34, 86, 33, 25150.78, 66996, 64386
1695396800, 0, 0, 38, 0, 0, 26171.88, 1, 0, 0, 0.38, 88, 35, 25152.34, 67000, 64390
1695396812, 0, 0, 38, 0, 0, 26171.88, 1, 0, 0, 0.17, 90, 35, 25152.34, 67000, 64390
1695396824, 0, 0, 38, 0, 0, 26171.88, 1, 0, 0, 0.09, 91, 35, 25152.34, 67000, 64390
1695396834, 0, 0, 38, 0, 0, 26171.88, 1, 0, 0, 2.81, 106, 50, 25152.34, 67000, 64390
1695396847, 0, 0, 39, 0, 0, 26188.28, 1, 0, 0, 0.08, 107, 50, 25168.75, 67042, 64432
1695396858, 0, 0, 39, 0, 0, 26188.28, 1, 0, 0, 0.09, 108, 50, 25168.75, 67042, 64432
1695396868, 0, 0, 39, 0, 0, 26188.28, 1, 0, 0, 0.29, 110, 51, 25168.75, 67042, 64432
1695396879, 0, 0, 39, 0, 0, 26188.28, 1, 0, 0, 0.28, 111, 53, 25168.75, 67042, 64432
1695396890, 0, 0, 40, 0, 0, 26196.09, 1, 0, 0, 0.86, 117, 56, 25176.56, 67062, 64452
1695396905, 0, 0, 41, 0, 0, 26199.61, 1, 0, 0, 0.44, 121, 59, 25180.08, 67071, 64461
1695396917, 0, 0, 42, 0, 0, 26200.00, 1, 0, 0, 1.95, 131, 71, 25180.47, 67072, 64462
1695396928, 0, 0, 42, 0, 0, 26200.00, 1, 0, 0, 0.09, 132, 71, 25180.47, 67072, 64462
1695396938, 0, 0, 42, 0, 0, 26200.00, 1, 0, 0, 0.29, 134, 72, 25180.47, 67072, 64462
1695396958, 0, 0, 42, 0, 0, 26200.00, 1, 0, 0, 0.68, 143, 76, 25180.47, 67072, 64462
1695396971, 0, 0, 42, 0, 0, 26200.00, 1, 0, 0, 0.76, 152, 77, 25180.47, 67072, 64462
1695396982, 0, 0, 42, 0, 0, 26200.00, 1, 0, 0, 0.27, 155, 77, 25180.47, 67072, 64462
1695396982, 0, 0, 42, 0, 0, 26200.00, 1, 0, 0, 79.37, 172, 85, 25180.47, 67072, 64462
1695396993, 0, 0, 42, 0, 0, 26200.00, 1, 0, 0, 0.19, 173, 86, 25180.47, 67072, 64462
1695397004, 0, 0, 42, 0, 0, 26200.00, 1, 0, 0, 0.46, 177, 87, 25180.47, 67072, 64462
1695397015, 0, 0, 42, 0, 0, 26200.00, 1, 0, 0, 2.19, 195, 93, 25180.47, 67072, 64462
1695397025, 0, 0, 43, 0, 0, 26200.39, 1, 0, 0, 0.37, 198, 94, 25180.86, 67073, 64463
1695397036, 0, 0, 43, 0, 0, 26200.39, 1, 0, 0, 0.73, 201, 99, 25180.86, 67073, 64463
1695397048, 0, 0, 43, 0, 0, 26200.39, 1, 0, 0, 1.38, 214, 102, 25180.86, 67073, 64463
1695397064, 0, 0, 43, 0, 0, 26200.39, 1, 0, 0, 0.69, 222, 105, 25180.86, 67073, 64463
1695397076, 0, 0, 43, 0, 0, 26200.39, 1, 0, 0, 0.50, 224, 109, 25180.86, 67073, 64463
1695397088, 0, 0, 43, 0, 0, 26200.39, 1, 0, 0, 0.08, 225, 109, 25180.86, 67073, 64463
1695397100, 0, 0, 44, 0, 0, 26200.78, 1, 0, 0, 0.09, 226, 109, 25181.25, 67074, 64464
1695397110, 0, 0, 44, 0, 0, 26200.78, 1, 0, 0, 0.20, 227, 110, 25181.25, 67074, 64464
1695397122, 0, 0, 44, 0, 0, 26200.78, 1, 0, 0, 0.09, 228, 110, 25181.25, 67074, 64464
1695397133, 0, 0, 44, 0, 0, 26200.78, 1, 0, 0, 1.38, 238, 116, 25181.25, 67074, 64464
1695397157, 0, 0, 45, 0, 0, 26203.52, 1, 0, 0, 0.38, 245, 118, 25183.98, 67081, 64471
1695397168, 0, 0, 45, 0, 0, 26203.52, 1, 0, 0, 2.05, 257, 129, 25183.98, 67081, 64471
1695397179, 0, 0, 45, 0, 0, 26203.52, 1, 0, 0, 1.57, 267, 136, 25183.98, 67081, 64471
1695397195, 0, 0, 45, 0, 0, 26203.52, 1, 0, 0, 0.19, 268, 138, 25183.98, 67081, 64471
1695397206, 0, 0, 45, 0, 0, 26203.52, 1, 0, 0, 1.13, 272, 146, 25183.98, 67081, 64471
1695397217, 0, 0, 45, 0, 0, 26203.52, 2, 0, 0, 0.27, 273, 148, 25183.98, 67081, 64471
1695397233, 0, 0, 45, 0, 0, 26203.52, 2, 0, 0, 0.57, 277, 153, 25183.98, 67081, 64471
1695397244, 0, 0, 45, 0, 0, 26203.52, 2, 0, 0, 0.09, 278, 153, 25183.98, 67081, 64471
1695397263, 0, 0, 45, 0, 0, 26203.52, 2, 0, 0, 0.16, 280, 154, 25183.98, 67081, 64471
1695397275, 0, 0, 45, 0, 0, 26203.52, 2, 0, 0, 0.09, 281, 154, 25183.98, 67081, 64471
1695397290, 0, 0, 45, 0, 0, 26203.52, 2, 0, 0, 0.51, 284, 159, 25183.98, 67081, 64471
1695397302, 0, 0, 45, 0, 0, 26203.52, 2, 0, 0, 0.33, 288, 159, 25183.98, 67081, 64471
1695397313, 0, 0, 45, 0, 0, 26203.52, 2, 0, 0, 0.27, 290, 160, 25183.98, 67081, 64471
1695397325, 0, 0, 45, 0, 0, 26203.52, 2, 0, 0, 1.32, 301, 164, 25183.98, 67081, 64471
1695397338, 0, 0, 45, 0, 0, 26203.52, 2, 0, 0, 0.16, 302, 165, 25183.98, 67081, 64471
1695397355, 0, 0, 45, 0, 0, 26203.52, 2, 0, 0, 1.20, 313, 175, 25183.98, 67081, 64471
1695397355, 0, 0, 45, 0, 0, 26203.52, 2, 0, 0, 45.90, 322, 180, 25183.98, 67081, 64471
1695397381, 0, 0, 45, 0, 0, 26203.52, 2, 0, 0, 0.04, 323, 180, 25183.98, 67081, 64471
1695397381, 0, 0, 45, 0, 0, 26203.52, 2, 0, 0, 38.36, 331, 186, 25183.98, 67081, 64471
1695397393, 0, 0, 45, 0, 0, 26203.52, 2, 0, 0, 0.09, 332, 186, 25183.98, 67081, 64471
1695397404, 0, 0, 45, 0, 0, 26203.52, 2, 0, 0, 0.09, 333, 186, 25183.98, 67081, 64471
1695397416, 0, 0, 45, 0, 0, 26203.52, 2, 0, 0, 0.17, 335, 186, 25183.98, 67081, 64471
1695397427, 0, 0, 45, 0, 0, 26203.52, 2, 0, 0, 0.90, 339, 192, 25183.98, 67081, 64471
1695397438, 0, 0, 45, 0, 0, 26203.52, 2, 0, 0, 1.19, 346, 198, 25183.98, 67081, 64471
1695397450, 0, 0, 45, 0, 0, 26203.52, 2, 0, 0, 0.76, 353, 200, 25183.98, 67081, 64471
1695397464, 0, 0, 46, 0, 0, 26203.91, 2, 0, 0, 0.28, 355, 202, 25184.38, 67082, 64472
1695397464, 0, 0, 46, 0, 0, 26203.91, 2, 0, 0, 10.13, 357, 204, 25184.38, 67082, 64472
1695397476, 0, 0, 46, 0, 0, 26203.91, 2, 0, 0, 0.87, 362, 209, 25184.38, 67082, 64472
1695397489, 0, 0, 46, 0, 0, 26203.91, 2, 0, 0, 1.01, 370, 214, 25184.38, 67082, 64472
1695397500, 0, 0, 46, 0, 0, 26203.91, 2, 0, 0, 0.35, 373, 215, 25184.38, 67082, 64472
1695397513, 0, 0, 47, 0, 0, 26204.69, 2, 0, 0, 0.24, 375, 216, 25185.16, 67084, 64474
1695397513, 0, 0, 47, 0, 0, 26204.69, 2, 0, 0, 29.03, 379, 221, 25185.16, 67084, 64474
1695397525, 0, 0, 47, 0, 0, 26204.69, 2, 0, 0, 0.34, 383, 221, 25185.16, 67084, 64474
1695397537, 0, 0, 47, 0, 0, 26204.69, 2, 0, 0, 0.99, 389, 227, 25185.16, 67084, 64474
1695397537, 0, 0, 47, 0, 0, 26204.69, 2, 0, 0, 55.37, 401, 232, 25185.16, 67084, 64474
1695397550, 0, 0, 47, 0, 0, 26204.69, 2, 0, 0, 1.12, 410, 237, 25185.16, 67084, 64474
1695397562, 0, 0, 47, 0, 0, 26204.69, 2, 0, 0, 0.43, 412, 240, 25185.16, 67084, 64474
1695397592, 0, 0, 47, 0, 0, 26204.69, 2, 0, 0, 0.33, 419, 243, 25185.16, 67084, 64474
1695397604, 0, 0, 48, 0, 0, 26205.08, 2, 0, 0, 0.33, 420, 246, 25185.55, 67085, 64475
1695397618, 0, 0, 49, 0, 0, 26205.47, 2, 0, 0, 0.27, 422, 248, 25185.94, 67086, 64476
1695397632, 0, 0, 49, 0, 0, 26205.47, 2, 0, 0, 0.65, 427, 252, 25185.94, 67086, 64476
1695397654, 0, 0, 50, 0, 0, 26205.86, 2, 0, 0, 0.32, 434, 252, 25186.33, 67087, 64477
1695397668, 0, 0, 50, 0, 0, 26205.86, 2, 0, 0, 0.07, 435, 252, 25186.33, 67087, 64477
1695397681, 0, 0, 50, 0, 0, 26205.86, 2, 0, 0, 0.08, 436, 252, 25186.33, 67087, 64477
1695397681, 0, 0, 50, 0, 0, 26205.86, 2, 0, 0, 46.67, 445, 257, 25186.33, 67087, 64477
1695397694, 0, 0, 50, 0, 0, 26205.86, 2, 0, 0, 0.15, 447, 257, 25186.33, 67087, 64477
1695397711, 0, 0, 50, 0, 0, 26205.86, 2, 0, 0, 0.55, 451, 262, 25186.33, 67087, 64477
1695397711, 0, 0, 50, 0, 0, 26205.86, 2, 0, 0, 32.47, 458, 265, 25186.33, 67087, 64477
1695397723, 0, 0, 50, 0, 0, 26205.86, 2, 0, 0, 0.43, 461, 267, 25186.33, 67087, 64477
1695397735, 0, 0, 50, 0, 0, 26205.86, 2, 0, 0, 0.42, 464, 269, 25186.33, 67087, 64477
1695397749, 0, 0, 50, 0, 0, 26205.86, 2, 0, 0, 0.43, 468, 271, 25186.33, 67087, 64477
1695397765, 0, 0, 50, 0, 0, 26205.86, 2, 0, 0, 0.49, 475, 272, 25186.33, 67087, 64477
1695397795, 0, 0, 50, 0, 0, 26205.86, 2, 0, 0, 0.17, 478, 274, 25186.33, 67087, 64477
1695397809, 0, 0, 51, 0, 0, 26207.03, 2, 0, 0, 0.07, 479, 274, 25187.50, 67090, 64480
1695397809, 0, 0, 51, 0, 0, 26207.03, 2, 0, 0, 15.24, 482, 276, 25187.50, 67090, 64480
1695397822, 0, 0, 51, 0, 0, 26207.03, 2, 0, 0, 0.56, 484, 281, 25187.50, 67090, 64480
1695397836, 0, 0, 51, 0, 0, 26207.03, 2, 0, 0, 0.71, 489, 286, 25187.50, 67090, 64480
1695397848, 0, 0, 51, 0, 0, 26207.03, 2, 0, 0, 0.60, 494, 288, 25187.50, 67090, 64480
1695397860, 0, 0, 51, 0, 0, 26207.03, 2, 0, 0, 0.08, 495, 288, 25187.50, 67090, 64480
1695397874, 0, 0, 52, 0, 0, 26207.42, 2, 0, 0, 0.29, 499, 288, 25187.89, 67091, 64481
1695397891, 0, 0, 52, 0, 0, 26207.42, 2, 0, 0, 0.18, 500, 290, 25187.89, 67091, 64481
1695397904, 0, 0, 52, 0, 0, 26207.42, 3, 0, 0, 0.46, 502, 294, 25187.89, 67091, 64481
1695397904, 0, 0, 52, 0, 0, 26207.42, 3, 0, 0, 15.75, 507, 297, 25187.89, 67091, 64481
1695397957, 0, 0, 53, 0, 0, 26207.81, 3, 0, 0, 0.17, 510, 303, 25188.28, 67092, 64482
1695397957, 0, 0, 53, 0, 0, 26207.81, 3, 0, 0, 22.99, 517, 304, 25188.28, 67092, 64482
1695397970, 0, 0, 53, 0, 0, 26207.81, 3, 0, 0, 0.25, 518, 306, 25188.28, 67092, 64482
1695397987, 0, 0, 53, 0, 0, 26207.81, 3, 0, 0, 0.51, 525, 308, 25188.28, 67092, 64482
1695398000, 0, 0, 53, 0, 0, 26207.81, 3, 0, 0, 0.08, 526, 308, 25188.28, 67092, 64482
1695398033, 0, 0, 54, 0, 0, 26208.98, 3, 0, 0, 0.03, 527, 308, 25189.45, 67095, 64485
1695398045, 0, 0, 54, 0, 0, 26208.98, 3, 0, 0, 0.32, 530, 309, 25189.45, 67095, 64485
1695398057, 0, 0, 54, 0, 0, 26208.98, 3, 0, 0, 0.49, 532, 313, 25189.45, 67095, 64485
1695398058, 0, 0, 54, 0, 0, 26208.98, 3, 0, 0, 44.44, 539, 320, 25189.45, 67095, 64485
1695398058, 0, 0, 54, 0, 0, 26208.98, 3, 0, 0, 42.62, 548, 324, 25189.45, 67095, 64485
1695398058, 0, 0, 54, 0, 0, 26208.98, 3, 0, 0, 43.19, 556, 329, 25189.45, 67095, 64485
1695398070, 0, 0, 54, 0, 0, 26208.98, 3, 0, 0, 0.09, 557, 329, 25189.45, 67095, 64485
1695398070, 0, 0, 54, 0, 0, 26208.98, 3, 0, 0, 42.90, 566, 333, 25189.45, 67095, 64485
1695398082, 0, 0, 54, 0, 0, 26208.98, 3, 0, 0, 0.52, 572, 333, 25189.45, 67095, 64485
1695398093, 0, 0, 54, 0, 0, 26208.98, 3, 0, 0, 0.45, 575, 335, 25189.45, 67095, 64485
1695398104, 0, 0, 54, 0, 0, 26208.98, 3, 0, 0, 0.52, 577, 339, 25189.45, 67095, 64485
1695398117, 0, 0, 54, 0, 0, 26208.98, 3, 0, 0, 0.47, 580, 342, 25189.45, 67095, 64485
1695398129, 0, 0, 54, 0, 0, 26208.98, 3, 0, 0, 0.73, 584, 347, 25189.45, 67095, 64485
1695398130, 0, 0, 54, 0, 0, 26208.98, 3, 0, 0, 23.95, 589, 350, 25189.45, 67095, 64485
1695398130, 0, 0, 54, 0, 0, 26208.98, 3, 0, 0, 31.45, 594, 355, 25189.45, 67095, 64485
1695398143, 0, 0, 54, 0, 0, 26208.98, 3, 0, 0, 0.56, 598, 358, 25189.45, 67095, 64485
1695398155, 0, 0, 54, 0, 0, 26208.98, 3, 0, 0, 0.64, 602, 362, 25189.45, 67095, 64485
1695398167, 0, 0, 54, 0, 0, 26208.98, 3, 0, 0, 0.25, 604, 363, 25189.45, 67095, 64485
1695398179, 0, 0, 54, 0, 0, 26208.98, 3, 0, 0, 0.17, 606, 363, 25189.45, 67095, 64485
1695398179, 0, 0, 54, 0, 0, 26208.98, 3, 0, 0, 37.50, 610, 371, 25189.45, 67095, 64485
1695398192, 0, 0, 54, 0, 0, 26208.98, 3, 0, 0, 0.32, 612, 373, 25189.45, 67095, 64485
1695398205, 0, 0, 54, 0, 0, 26208.98, 3, 0, 0, 0.51, 615, 377, 25189.45, 67095, 64485
1695398216, 0, 0, 54, 0, 0, 26208.98, 3, 0, 0, 0.18, 616, 378, 25189.45, 67095, 64485
1695398229, 0, 0, 54, 0, 0, 26208.98, 3, 0, 0, 0.80, 620, 384, 25189.45, 67095, 64485
1695398229, 0, 0, 54, 0, 0, 26208.98, 3, 0, 0, 43.05, 626, 391, 25189.45, 67095, 64485
1695398282, 0, 0, 54, 0, 0, 26208.98, 3, 0, 0, 0.02, 627, 391, 25189.45, 67095, 64485
1695398282, 0, 0, 54, 0, 0, 26208.98, 3, 0, 0, 12.63, 631, 392, 25189.45, 67095, 64485
1695398282, 0, 0, 54, 0, 0, 26208.98, 3, 0, 0, 20.00, 636, 394, 25189.45, 67095, 64485
1695398294, 0, 0, 54, 0, 0, 26208.98, 3, 0, 0, 0.18, 638, 394, 25189.45, 67095, 64485
1695398305, 0, 0, 54, 0, 0, 26208.98, 3, 0, 0, 0.09, 639, 394, 25189.45, 67095, 64485
1695398317, 0, 0, 54, 0, 0, 26208.98, 3, 0, 0, 0.41, 643, 395, 25189.45, 67095, 64485
1695398329, 0, 0, 54, 0, 0, 26208.98, 3, 0, 0, 0.25, 646, 395, 25189.45, 67095, 64485
1695398343, 0, 0, 54, 0, 0, 26208.98, 3, 0, 0, 0.30, 649, 396, 25189.45, 67095, 64485
1695398355, 0, 0, 54, 0, 0, 26208.98, 3, 0, 0, 0.81, 654, 401, 25189.45, 67095, 64485
1695398368, 0, 0, 54, 0, 0, 26208.98, 3, 0, 0, 0.08, 655, 401, 25189.45, 67095, 64485
1695398381, 0, 0, 54, 0, 0, 26208.98, 3, 0, 0, 0.31, 659, 401, 25189.45, 67095, 64485
1695398393, 0, 0, 54, 0, 0, 26208.98, 3, 0, 0, 0.68, 663, 405, 25189.45, 67095, 64485
1695398407, 0, 0, 54, 0, 0, 26208.98, 3, 0, 0, 0.07, 664, 405, 25189.45, 67095, 64485
1695398420, 0, 0, 54, 0, 0, 26208.98, 3, 0, 0, 0.23, 665, 407, 25189.45, 67095, 64485
1695398434, 0, 0, 54, 0, 0, 26208.98, 3, 0, 0, 0.50, 669, 410, 25189.45, 67095, 64485
1695398434, 0, 0, 54, 0, 0, 26208.98, 3, 0, 0, 32.47, 675, 414, 25189.45, 67095, 64485
1695398435, 0, 0, 54, 0, 0, 26208.98, 3, 0, 0, 20.41, 678, 418, 25189.45, 67095, 64485
1695398447, 0, 0, 54, 0, 0, 26208.98, 3, 0, 0, 0.17, 678, 420, 25189.45, 67095, 64485
1695398447, 0, 0, 54, 0, 0, 26208.98, 3, 0, 0, 21.34, 682, 423, 25189.45, 67095, 64485
1695398447, 0, 0, 54, 0, 0, 26208.98, 3, 0, 0, 14.62, 687, 423, 25189.45, 67095, 64485
1695398463, 0, 0, 54, 0, 0, 26208.98, 3, 0, 0, 0.26, 690, 424, 25189.45, 67095, 64485
1695398476, 0, 0, 54, 0, 0, 26208.98, 3, 0, 0, 0.88, 697, 429, 25189.45, 67095, 64485
1695398494, 0, 0, 54, 0, 0, 26208.98, 3, 0, 0, 0.29, 700, 431, 25189.45, 67095, 64485
1695398494, 0, 0, 54, 0, 0, 26208.98, 3, 0, 0, 30.40, 707, 434, 25189.45, 67095, 64485
1695398508, 0, 0, 54, 0, 0, 26208.98, 3, 0, 0, 0.51, 712, 436, 25189.45, 67095, 64485
1695398521, 0, 0, 54, 0, 0, 26208.98, 3, 0, 0, 0.30, 715, 437, 25189.45, 67095, 64485
1695398535, 0, 0, 54, 0, 0, 26208.98, 3, 0, 0, 0.14, 716, 438, 25189.45, 67095, 64485
1695398536, 0, 0, 54, 0, 0, 26208.98, 3, 0, 0, 29.07, 723, 441, 25189.45, 67095, 64485
1695398536, 0, 0, 54, 0, 0, 26208.98, 3, 0, 0, 23.20, 729, 444, 25189.45, 67095, 64485
1695398548, 0, 0, 54, 0, 0, 26208.98, 3, 0, 0, 0.60, 733, 447, 25189.45, 67095, 64485
1695398548, 0, 0, 54, 0, 0, 26208.98, 3, 0, 0, 13.44, 736, 449, 25189.45, 67095, 64485
1695398561, 0, 0, 54, 0, 0, 26208.98, 3, 0, 0, 0.47, 739, 452, 25189.45, 67095, 64485
1695398575, 0, 0, 54, 0, 0, 26208.98, 3, 0, 0, 0.37, 740, 456, 25189.45, 67095, 64485
1695398575, 0, 0, 54, 0, 0, 26208.98, 3, 0, 0, 22.73, 744, 459, 25189.45, 67095, 64485
1695398587, 0, 0, 54, 0, 0, 26208.98, 3, 0, 0, 0.16, 745, 460, 25189.45, 67095, 64485
1695398602, 0, 0, 54, 0, 0, 26208.98, 3, 0, 0, 0.28, 747, 462, 25189.45, 67095, 64485
1695398602, 0, 0, 54, 0, 0, 26208.98, 3, 0, 0, 28.66, 751, 467, 25189.45, 67095, 64485
1695398615, 0, 0, 54, 0, 0, 26208.98, 3, 0, 0, 0.38, 755, 468, 25189.45, 67095, 64485
1695398628, 0, 0, 54, 0, 0, 26208.98, 3, 0, 0, 0.56, 759, 471, 25189.45, 67095, 64485
1695398640, 0, 0, 54, 0, 0, 26208.98, 3, 0, 0, 0.33, 762, 472, 25189.45, 67095, 64485
1695398653, 0, 0, 54, 0, 0, 26208.98, 3, 0, 0, 0.07, 763, 472, 25189.45, 67095, 64485
1695398665, 0, 0, 54, 0, 0, 26208.98, 3, 0, 0, 0.18, 765, 472, 25189.45, 67095, 64485
1695398677, 0, 0, 54, 0, 0, 26208.98, 3, 0, 0, 0.17, 766, 473, 25189.45, 67095, 64485
1695398690, 0, 0, 54, 0, 0, 26208.98, 3, 0, 0, 0.07, 767, 473, 25189.45, 67095, 64485
1695398704, 0, 0, 54, 0, 0, 26208.98, 3, 0, 0, 0.08, 768, 473, 25189.45, 67095, 64485
1695398716, 0, 0, 54, 0, 0, 26208.98, 3, 0, 0, 0.25, 771, 473, 25189.45, 67095, 64485
1695398728, 0, 0, 54, 0, 0, 26208.98, 3, 0, 0, 0.57, 777, 474, 25189.45, 67095, 64485
1695398768, 0, 0, 54, 0, 0, 26208.98, 3, 0, 0, 0.07, 778, 476, 25189.45, 67095, 64485
1695398782, 0, 0, 54, 0, 0, 26208.98, 3, 0, 0, 0.14, 780, 476, 25189.45, 67095, 64485
1695398798, 0, 0, 54, 0, 0, 26208.98, 3, 0, 0, 0.45, 784, 479, 25189.45, 67095, 64485
1695398798, 0, 0, 54, 0, 0, 26208.98, 3, 0, 0, 16.26, 788, 481, 25189.45, 67095, 64485
1695398814, 0, 0, 54, 0, 0, 26208.98, 3, 0, 0, 0.19, 790, 482, 25189.45, 67095, 64485
1695398814, 0, 0, 54, 0, 0, 26208.98, 3, 0, 0, 35.26, 794, 489, 25189.45, 67095, 64485
1695398814, 0, 0, 54, 0, 0, 26208.98, 3, 0, 0, 16.45, 797, 491, 25189.45, 67095, 64485
1695398815, 0, 0, 54, 0, 0, 26208.98, 3, 0, 0, 16.85, 800, 494, 25189.45, 67095, 64485
1695398829, 0, 0, 54, 0, 0, 26208.98, 3, 0, 0, 0.22, 802, 495, 25189.45, 67095, 64485
1695398844, 0, 0, 54, 0, 0, 26208.98, 3, 0, 0, 0.13, 804, 495, 25189.45, 67095, 64485
1695398859, 0, 0, 54, 0, 0, 26208.98, 3, 0, 0, 0.33, 806, 498, 25189.45, 67095, 64485
1695398872, 0, 0, 54, 0, 0, 26208.98, 3, 0, 0, 0.47, 811, 499, 25189.45, 67095, 64485
1695398888, 0, 0, 54, 0, 0, 26208.98, 3, 0, 0, 0.25, 814, 500, 25189.45, 67095, 64485
1695398899, 0, 0, 54, 0, 0, 26208.98, 3, 0, 0, 0.17, 814, 502, 25189.45, 67095, 64485
1695398899, 0, 0, 54, 0, 0, 26208.98, 3, 0, 0, 15.96, 818, 504, 25189.45, 67095, 64485
1695398918, 0, 0, 55, 0, 0, 26209.77, 3, 0, 0, 0.27, 822, 505, 25190.23, 67097, 64487
1695398931, 0, 0, 55, 0, 0, 26209.77, 3, 0, 0, 0.60, 827, 508, 25190.23, 67097, 64487
1695398931, 0, 0, 55, 0, 0, 26209.77, 3, 0, 0, 12.86, 829, 510, 25190.23, 67097, 64487
1695398945, 0, 0, 55, 0, 0, 26209.77, 3, 0, 0, 0.38, 833, 511, 25190.23, 67097, 64487
1695398958, 0, 0, 55, 0, 0, 26209.77, 3, 0, 0, 0.39, 836, 513, 25190.23, 67097, 64487
1695398958, 0, 0, 55, 0, 0, 26209.77, 3, 0, 0, 22.01, 839, 517, 25190.23, 67097, 64487
1695398970, 0, 0, 55, 0, 0, 26209.77, 3, 0, 0, 0.25, 841, 518, 25190.23, 67097, 64487
1695398970, 0, 0, 55, 0, 0, 26209.77, 3, 0, 0, 25.40, 846, 521, 25190.23, 67097, 64487
1695398970, 0, 0, 55, 0, 0, 26209.77, 3, 0, 0, 24.69, 849, 526, 25190.23, 67097, 64487
1695398982, 0, 0, 55, 0, 0, 26209.77, 3, 0, 0, 0.17, 850, 527, 25190.23, 67097, 64487
1695398982, 0, 0, 55, 0, 0, 26209.77, 3, 0, 0, 24.84, 854, 531, 25190.23, 67097, 64487
1695398994, 0, 0, 55, 0, 0, 26209.77, 3, 0, 0, 0.58, 856, 536, 25190.23, 67097, 64487
1695399007, 0, 0, 55, 0, 0, 26209.77, 3, 0, 0, 0.71, 861, 540, 25190.23, 67097, 64487
1695399007, 0, 0, 55, 0, 0, 26209.77, 3, 0, 0, 21.47, 864, 544, 25190.23, 67097, 64487
1695399023, 0, 0, 56, 0, 0, 26210.16, 3, 0, 0, 0.06, 865, 544, 25190.63, 67098, 64488
1695399036, 0, 0, 56, 0, 0, 26210.16, 3, 0, 0, 0.30, 868, 545, 25190.63, 67098, 64488
1695399036, 0, 0, 56, 0, 0, 26210.16, 3, 0, 0, 30.03, 876, 547, 25190.63, 67098, 64488
1695399037, 0, 0, 56, 0, 0, 26210.16, 3, 0, 0, 11.94, 879, 548, 25190.63, 67098, 64488
1695399049, 0, 0, 56, 0, 0, 26210.16, 3, 0, 0, 0.40, 882, 550, 25190.63, 67098, 64488
1695399050, 0, 0, 56, 0, 0, 26210.16, 3, 0, 0, 19.11, 885, 553, 25190.63, 67098, 64488
1695399050, 0, 0, 56, 0, 0, 26210.16, 3, 0, 0, 5.78, 887, 553, 25190.63, 67098, 64488
1695399050, 0, 0, 56, 0, 0, 26210.16, 3, 0, 0, 20.29, 893, 554, 25190.63, 67098, 64488
1695399051, 0, 0, 56, 0, 0, 26210.16, 3, 0, 0, 15.19, 897, 556, 25190.63, 67098, 64488
1695399065, 0, 0, 56, 0, 0, 26210.16, 3, 0, 0, 0.07, 898, 556, 25190.63, 67098, 64488
1695399078, 0, 0, 56, 0, 0, 26210.16, 3, 0, 0, 0.53, 904, 557, 25190.63, 67098, 64488
1695399078, 0, 0, 56, 0, 0, 26210.16, 3, 0, 0, 25.40, 906, 563, 25190.63, 67098, 64488
1695399093, 0, 0, 56, 0, 0, 26210.16, 3, 0, 0, 0.35, 908, 566, 25190.63, 67098, 64488
1695399107, 0, 0, 56, 0, 0, 26210.16, 3, 0, 0, 0.07, 909, 566, 25190.63, 67098, 64488
1695399119, 0, 0, 56, 0, 0, 26210.16, 3, 0, 0, 0.32, 913, 566, 25190.63, 67098, 64488
1695399120, 0, 0, 56, 0, 0, 26210.16, 3, 0, 0, 15.43, 917, 567, 25190.63, 67098, 64488
1695399134, 0, 0, 56, 0, 0, 26210.16, 3, 0, 0, 0.43, 921, 569, 25190.63, 67098, 64488
1695399148, 0, 0, 56, 0, 0, 26210.16, 3, 0, 0, 0.42, 924, 572, 25190.63, 67098, 64488
1695399165, 0, 0, 56, 0, 0, 26210.16, 3, 0, 0, 0.18, 926, 573, 25190.63, 67098, 64488
1695399165, 0, 0, 56, 0, 0, 26210.16, 3, 0, 0, 19.93, 928, 577, 25190.63, 67098, 64488
1695399178, 0, 0, 56, 0, 0, 26210.16, 3, 0, 0, 0.08, 929, 577, 25190.63, 67098, 64488
1695399178, 0, 0, 56, 0, 0, 26210.16, 3, 0, 0, 10.03, 931, 579, 25190.63, 67098, 64488
1695399190, 0, 0, 56, 0, 0, 26210.16, 3, 0, 0, 0.26, 932, 581, 25190.63, 67098, 64488
1695399203, 0, 0, 56, 0, 0, 26210.16, 3, 0, 0, 0.16, 933, 582, 25190.63, 67098, 64488
1695399203, 0, 0, 56, 0, 0, 26210.16, 3, 0, 0, 13.20, 935, 584, 25190.63, 67098, 64488
1695399219, 0, 0, 56, 0, 0, 26210.16, 3, 0, 0, 0.19, 936, 586, 25190.63, 67098, 64488
1695399219, 0, 0, 56, 0, 0, 26210.16, 3, 0, 0, 22.15, 938, 591, 25190.63, 67098, 64488
1695399220, 0, 0, 56, 0, 0, 26210.16, 3, 0, 0, 16.03, 941, 593, 25190.63, 67098, 64488
1695399232, 0, 0, 56, 0, 0, 26210.16, 3, 0, 0, 0.08, 942, 593, 25190.63, 67098, 64488
1695399232, 0, 0, 56, 0, 0, 26210.16, 3, 0, 0, 13.20, 944, 595, 25190.63, 67098, 64488
1695399247, 0, 0, 56, 0, 0, 26210.16, 3, 0, 0, 0.13, 946, 595, 25190.63, 67098, 64488
1695399248, 0, 0, 56, 0, 0, 26210.16, 3, 0, 0, 24.10, 950, 599, 25190.63, 67098, 64488
1695399260, 0, 0, 56, 0, 0, 26210.16, 3, 0, 0, 0.08, 951, 599, 25190.63, 67098, 64488
1695399275, 0, 0, 56, 0, 0, 26210.16, 3, 0, 0, 0.20, 954, 599, 25190.63, 67098, 64488
1695399288, 0, 0, 56, 0, 0, 26210.16, 3, 0, 0, 0.15, 955, 600, 25190.63, 67098, 64488
1695399301, 0, 0, 56, 0, 0, 26210.16, 3, 0, 0, 0.08, 956, 600, 25190.63, 67098, 64488
1695399315, 0, 0, 56, 0, 0, 26210.16, 3, 0, 0, 0.07, 957, 600, 25190.63, 67098, 64488
1695399331, 0, 0, 56, 0, 0, 26210.16, 3, 0, 0, 0.32, 960, 602, 25190.63, 67098, 64488
1695399331, 0, 0, 56, 0, 0, 26210.16, 3, 0, 0, 15.67, 961, 606, 25190.63, 67098, 64488
1695399345, 0, 0, 57, 0, 0, 26210.94, 3, 0, 0, 0.29, 963, 608, 25191.41, 67100, 64490
1695399345, 0, 0, 57, 0, 0, 26210.94, 3, 0, 0, 18.69, 966, 611, 25191.41, 67100, 64490
1695399346, 0, 0, 57, 0, 0, 26210.94, 3, 0, 0, 14.25, 970, 612, 25191.41, 67100, 64490
1695399346, 0, 0, 57, 0, 0, 26210.94, 3, 0, 0, 14.75, 973, 614, 25191.41, 67100, 64490
1695399346, 0, 0, 57, 0, 0, 26210.94, 3, 0, 0, 9.55, 976, 615, 25191.41, 67100, 64490
1695399358, 0, 0, 57, 0, 0, 26210.94, 3, 0, 0, 0.17, 978, 615, 25191.41, 67100, 64490
1695399358, 0, 0, 57, 0, 0, 26210.94, 3, 0, 0, 18.52, 981, 618, 25191.41, 67100, 64490
1695399372, 0, 0, 57, 0, 0, 26210.94, 3, 0, 0, 0.15, 983, 618, 25191.41, 67100, 64490
1695399373, 0, 0, 57, 0, 0, 26210.94, 3, 0, 0, 7.35, 986, 618, 25191.41, 67100, 64490
1695399373, 0, 0, 57, 0, 0, 26210.94, 3, 0, 0, 16.90, 989, 621, 25191.41, 67100, 64490
1695399385, 0, 0, 57, 0, 0, 26210.94, 3, 0, 0, 0.25, 991, 622, 25191.41, 67100, 64490
1695399402, 0, 0, 57, 0, 0, 26210.94, 3, 0, 0, 0.12, 993, 622, 25191.41, 67100, 64490
1695399402, 0, 0, 57, 0, 0, 26210.94, 3, 0, 0, 9.52, 995, 623, 25191.41, 67100, 64490
1695399415, 0, 0, 57, 0, 0, 26210.94, 3, 0, 0, 0.16, 997, 623, 25191.41, 67100, 64490
1695399428, 0, 0, 57, 0, 0, 26210.94, 3, 0, 0, 0.16, 998, 624, 25191.41, 67100, 64490
1695399440, 0, 0, 57, 0, 0, 26210.94, 3, 0, 0, 0.08, 999, 624, 25191.41, 67100, 64490
1695399453, 0, 0, 57, 0, 0, 26210.94, 3, 0, 0, 0.40, 1003, 625, 25191.41, 67100, 64490
1695399453, 0, 0, 57, 0, 0, 26210.94, 3, 0, 0, 23.26, 1005, 630, 25191.41, 67100, 64490
1695399466, 0, 0, 57, 0, 0, 26210.94, 3, 0, 0, 0.16, 1007, 630, 25191.41, 67100, 64490
1695399466, 0, 0, 57, 0, 0, 26210.94, 3, 0, 0, 16.61, 1010, 632, 25191.41, 67100, 64490
1695399466, 0, 0, 57, 0, 0, 26210.94, 3, 0, 0, 22.95, 1013, 636, 25191.41, 67100, 64490
1695399478, 0, 0, 57, 0, 0, 26210.94, 3, 0, 0, 0.25, 1015, 637, 25191.41, 67100, 64490
1695399490, 0, 0, 57, 0, 0, 26210.94, 3, 0, 0, 0.33, 1017, 639, 25191.41, 67100, 64490
1695399503, 0, 0, 57, 0, 0, 26210.94, 3, 0, 0, 0.23, 1019, 640, 25191.41, 67100, 64490
1695399516, 0, 0, 57, 0, 0, 26210.94, 3, 0, 0, 0.08, 1020, 640, 25191.41, 67100, 64490
1695399529, 0, 0, 57, 0, 0, 26210.94, 3, 0, 0, 0.41, 1022, 643, 25191.41, 67100, 64490
1695399540, 0, 0, 57, 0, 0, 26210.94, 3, 0, 0, 0.08, 1023, 643, 25191.41, 67100, 64490
1695399553, 0, 0, 57, 0, 0, 26210.94, 3, 0, 0, 0.31, 1026, 644, 25191.41, 67100, 64490
1695399565, 0, 0, 57, 0, 0, 26210.94, 3, 0, 0, 0.17, 1027, 645, 25191.41, 67100, 64490
1695399577, 0, 0, 57, 0, 0, 26210.94, 3, 0, 0, 0.48, 1030, 648, 25191.41, 67100, 64490
1695399578, 0, 0, 57, 0, 0, 26210.94, 3, 0, 0, 22.44, 1035, 650, 25191.41, 67100, 64490
1695399591, 0, 0, 57, 0, 0, 26210.94, 3, 0, 0, 0.23, 1037, 651, 25191.41, 67100, 64490
1695399604, 0, 0, 57, 0, 0, 26210.94, 3, 0, 0, 0.08, 1038, 651, 25191.41, 67100, 64490
1695399617, 0, 0, 57, 0, 0, 26210.94, 3, 0, 0, 0.15, 1039, 652, 25191.41, 67100, 64490
1695399630, 0, 0, 57, 0, 0, 26210.94, 3, 0, 0, 0.08, 1040, 652, 25191.41, 67100, 64490
1695399643, 0, 0, 57, 0, 0, 26210.94, 3, 0, 0, 0.08, 1041, 652, 25191.41, 67100, 64490
1695399657, 0, 0, 57, 0, 0, 26210.94, 3, 0, 0, 0.29, 1044, 653, 25191.41, 67100, 64490
1695399670, 0, 0, 57, 0, 0, 26210.94, 3, 0, 0, 0.30, 1047, 654, 25191.41, 67100, 64490
1695399683, 0, 0, 57, 0, 0, 26210.94, 3, 0, 0, 0.31, 1051, 654, 25191.41, 67100, 64490
1695399684, 0, 0, 57, 0, 0, 26210.94, 3, 0, 0, 14.12, 1053, 657, 25191.41, 67100, 64490
1695399684, 0, 0, 57, 0, 0, 26210.94, 3, 0, 0, 12.99, 1056, 658, 25191.41, 67100, 64490
1695399684, 0, 0, 57, 0, 0, 26210.94, 3, 0, 0, 16.29, 1058, 661, 25191.41, 67100, 64490
1695399685, 0, 0, 57, 0, 0, 26210.94, 3, 0, 0, 15.43, 1062, 662, 25191.41, 67100, 64490
1695399685, 0, 0, 57, 0, 0, 26210.94, 3, 0, 0, 15.63, 1064, 665, 25191.41, 67100, 64490
1695399685, 0, 0, 57, 0, 0, 26210.94, 3, 0, 0, 15.11, 1067, 667, 25191.41, 67100, 64490
1695399700, 0, 0, 57, 0, 0, 26210.94, 3, 0, 0, 0.14, 1068, 668, 25191.41, 67100, 64490
1695399700, 0, 0, 57, 0, 0, 26210.94, 3, 0, 0, 7.96, 1071, 668, 25191.41, 67100, 64490
1695399701, 0, 0, 57, 0, 0, 26210.94, 3, 0, 0, 15.43, 1074, 670, 25191.41, 67100, 64490
1695399715, 0, 0, 57, 0, 0, 26210.94, 3, 0, 0, 0.14, 1075, 671, 25191.41, 67100, 64490
1695399730, 0, 0, 57, 0, 0, 26210.94, 3, 0, 0, 0.13, 1076, 672, 25191.41, 67100, 64490
1695399730, 0, 0, 57, 0, 0, 26210.94, 3, 0, 0, 10.68, 1079, 674, 25191.41, 67100, 64490
1695399744, 0, 0, 57, 0, 0, 26210.94, 3, 0, 0, 0.21, 1081, 675, 25191.41, 67100, 64490
1695399745, 0, 0, 57, 0, 0, 26210.94, 3, 0, 0, 8.04, 1083, 676, 25191.41, 67100, 64490
1695399745, 0, 0, 57, 0, 0, 26210.94, 3, 0, 0, 6.12, 1085, 676, 25191.41, 67100, 64490
1695399746, 0, 0, 57, 0, 0, 26210.94, 3, 0, 0, 7.89, 1086, 678, 25191.41, 67100, 64490
1695399760, 0, 0, 57, 0, 0, 26210.94, 3, 0, 0, 0.21, 1089, 678, 25191.41, 67100, 64490
1695399760, 0, 0, 57, 0, 0, 26210.94, 3, 0, 0, 12.08, 1092, 679, 25191.41, 67100, 64490
1695399779, 0, 0, 57, 0, 0, 26210.94, 3, 0, 0, 0.16, 1094, 680, 25191.41, 67100, 64490
1695399791, 0, 0, 57, 0, 0, 26210.94, 3, 0, 0, 0.08, 1094, 681, 25191.41, 67100, 64490
1695399803, 0, 0, 57, 0, 0, 26210.94, 3, 0, 0, 0.24, 1096, 682, 25191.41, 67100, 64490
1695399804, 0, 0, 57, 0, 0, 26210.94, 3, 0, 0, 16.13, 1099, 684, 25191.41, 67100, 64490
1695399816, 0, 0, 57, 0, 0, 26210.94, 3, 0, 0, 0.08, 1100, 684, 25191.41, 67100, 64490
1695399828, 0, 0, 57, 0, 0, 26210.94, 3, 0, 0, 0.48, 1104, 686, 25191.41, 67100, 64490
1695399829, 0, 0, 57, 0, 0, 26210.94, 3, 0, 0, 11.74, 1106, 689, 25191.41, 67100, 64490
1695399841, 0, 0, 57, 0, 0, 26210.94, 3, 0, 0, 0.16, 1108, 689, 25191.41, 67100, 64490
1695399841, 0, 0, 57, 0, 0, 26210.94, 3, 0, 0, 11.33, 1109, 692, 25191.41, 67100, 64490
1695399842, 0, 0, 57, 0, 0, 26210.94, 3, 0, 0, 9.90, 1111, 693, 25191.41, 67100, 64490
1695399854, 0, 0, 57, 0, 0, 26210.94, 3, 0, 0, 0.16, 1113, 693, 25191.41, 67100, 64490
1695399855, 0, 0, 57, 0, 0, 26210.94, 3, 0, 0, 9.74, 1115, 694, 25191.41, 67100, 64490
1695399867, 0, 0, 57, 0, 0, 26210.94, 3, 0, 0, 0.17, 1117, 694, 25191.41, 67100, 64490
1695399867, 0, 0, 57, 0, 0, 26210.94, 3, 0, 0, 16.00, 1119, 698, 25191.41, 67100, 64490
1695399867, 0, 0, 57, 0, 0, 26210.94, 3, 0, 0, 8.96, 1121, 699, 25191.41, 67100, 64490
1695399868, 0, 0, 57, 0, 0, 26210.94, 3, 0, 0, 8.62, 1124, 699, 25191.41, 67100, 64490
1695399880, 0, 0, 57, 0, 0, 26210.94, 3, 0, 0, 0.24, 1125, 701, 25191.41, 67100, 64490
1695399880, 0, 0, 57, 0, 0, 26210.94, 3, 0, 0, 13.33, 1126, 704, 25191.41, 67100, 64490
1695399892, 0, 0, 57, 0, 0, 26210.94, 3, 0, 0, 0.09, 1127, 704, 25191.41, 67100, 64490
1695399907, 0, 0, 57, 0, 0, 26210.94, 3, 0, 0, 0.14, 1128, 705, 25191.41, 67100, 64490
1695399907, 0, 0, 57, 0, 0, 26210.94, 3, 0, 0, 11.20, 1131, 706, 25191.41, 67100, 64490
1695399908, 0, 0, 57, 0, 0, 26210.94, 3, 0, 0, 13.26, 1134, 708, 25191.41, 67100, 64490
1695399924, 0, 0, 57, 0, 0, 26210.94, 3, 0, 0, 0.12, 1136, 708, 25191.41, 67100, 64490
1695399924, 0, 0, 57, 0, 0, 26210.94, 3, 0, 0, 9.88, 1140, 708, 25191.41, 67100, 64490
1695399924, 0, 0, 57, 0, 0, 26210.94, 3, 0, 0, 9.87, 1142, 709, 25191.41, 67100, 64490
1695399946, 0, 0, 57, 0, 0, 26210.94, 3, 0, 0, 0.09, 1143, 710, 25191.41, 67100, 64490
1695399959, 0, 0, 57, 0, 0, 26210.94, 3, 0, 0, 0.08, 1144, 710, 25191.41, 67100, 64490
1695399960, 0, 0, 57, 0, 0, 26210.94, 3, 0, 0, 4.42, 1146, 710, 25191.41, 67100, 64490
1695399960, 0, 0, 57, 0, 0, 26210.94, 3, 0, 0, 11.98, 1148, 712, 25191.41, 67100, 64490
1695399972, 0, 0, 57, 0, 0, 26210.94, 3, 0, 0, 0.25, 1150, 713, 25191.41, 67100, 64490
1695399972, 0, 0, 57, 0, 0, 26210.94, 3, 0, 0, 9.49, 1152, 714, 25191.41, 67100, 64490
1695399985, 0, 0, 57, 0, 0, 26210.94, 3, 0, 0, 0.23, 1153, 716, 25191.41, 67100, 64490
1695399986, 0, 0, 57, 0, 0, 26210.94, 3, 0, 0, 13.55, 1156, 718, 25191.41, 67100, 64490
1695399986, 0, 0, 57, 0, 0, 26210.94, 3, 0, 0, 8.64, 1158, 720, 25191.41, 67100, 64490
1695399987, 0, 0, 57, 0, 0, 26210.94, 3, 0, 0, 10.93, 1161, 721, 25191.41, 67100, 64490
1695400000, 0, 0, 57, 0, 0, 26210.94, 3, 0, 0, 0.15, 1163, 721, 25191.41, 67100, 64490
1695400000, 0, 0, 57, 0, 0, 26210.94, 3, 0, 0, 10.13, 1166, 722, 25191.41, 67100, 64490
1695400000, 0, 0, 57, 0, 0, 26210.94, 3, 0, 0, 16.95, 1169, 725, 25191.41, 67100, 64490
1695400013, 0, 0, 57, 0, 0, 26210.94, 3, 0, 0, 0.08, 1170, 725, 25191.41, 67100, 64490
1695400014, 0, 0, 57, 0, 0, 26210.94, 3, 0, 0, 17.19, 1172, 729, 25191.41, 67100, 64490
1695400014, 0, 0, 57, 0, 0, 26210.94, 3, 0, 0, 5.81, 1173, 730, 25191.41, 67100, 64490
1695400014, 0, 0, 57, 0, 0, 26210.94, 3, 0, 0, 11.30, 1176, 731, 25191.41, 67100, 64490
1695400028, 0, 0, 57, 0, 0, 26210.94, 3, 0, 0, 0.07, 1177, 731, 25191.41, 67100, 64490
1695400028, 0, 0, 57, 0, 0, 26210.94, 3, 0, 0, 11.43, 1180, 732, 25191.41, 67100, 64490
1695400029, 0, 0, 57, 0, 0, 26210.94, 3, 0, 0, 11.36, 1182, 734, 25191.41, 67100, 64490
1695400029, 0, 0, 57, 0, 0, 26210.94, 3, 0, 0, 14.58, 1184, 737, 25191.41, 67100, 64490
1695400030, 0, 0, 57, 0, 0, 26210.94, 3, 0, 0, 7.41, 1187, 737, 25191.41, 67100, 64490
1695400042, 0, 0, 57, 0, 0, 26210.94, 3, 0, 0, 0.16, 1189, 737, 25191.41, 67100, 64490
1695400043, 0, 0, 57, 0, 0, 26210.94, 3, 0, 0, 16.23, 1193, 738, 25191.41, 67100, 64490
1695400043, 0, 0, 57, 0, 0, 26210.94, 3, 0, 0, 9.97, 1196, 738, 25191.41, 67100, 64490
1695400043, 0, 0, 57, 0, 0, 26210.94, 3, 0, 0, 6.43, 1198, 738, 25191.41, 67100, 64490
1695400044, 0, 0, 57, 0, 0, 26210.94, 3, 0, 0, 9.73, 1200, 741, 25191.41, 67100, 64490
1695400056, 0, 0, 57, 0, 0, 26210.94, 3, 0, 0, 0.08, 1201, 741, 25191.41, 67100, 64490
1695400070, 0, 0, 58, 0, 0, 26211.33, 3, 0, 0, 0.07, 1202, 741, 25191.80, 67101, 64491
1695400086, 0, 0, 58, 0, 0, 26211.33, 3, 0, 0, 0.38, 1206, 743, 25191.80, 67101, 64491
1695400087, 0, 0, 58, 0, 0, 26211.33, 3, 0, 0, 1.89, 1207, 743, 25191.80, 67101, 64491
1695400087, 0, 0, 58, 0, 0, 26211.33, 3, 0, 0, 9.06, 1207, 746, 25191.80, 67101, 64491
1695400100, 0, 0, 59, 0, 0, 26212.11, 3, 0, 0, 0.15, 1208, 747, 25192.58, 67103, 64493
1695400113, 0, 0, 59, 0, 0, 26212.11, 3, 0, 0, 0.24, 1210, 748, 25192.58, 67103, 64493
1695400113, 0, 0, 59, 0, 0, 26212.11, 3, 0, 0, 0.00, 1210, 748, 25192.58, 67103, 64493
