# unix_time, cycles_done, cur_path, paths_total, pending_total, pending_favs, map_size, unique_crashes, unique_hangs, max_depth, execs_per_sec, valid_inputs, invalid_inputs, valid_cov, all_covered_probes, valid_covered_probes
1693426775, 0, 0, 1, 0, 0, 2494.53, 0, 0, 0, 0.03, 0, 1, 0.00, 6386, 0
1693426799, 0, 0, 2, 0, 0, 2558.59, 0, 0, 0, 0.04, 0, 2, 0.00, 6550, 0
1693426822, 0, 0, 3, 0, 0, 2589.84, 0, 0, 0, 0.04, 0, 3, 0.00, 6630, 0
1693426844, 0, 0, 3, 0, 0, 2589.84, 0, 0, 0, 0.04, 0, 4, 0.00, 6630, 0
1693426867, 0, 0, 3, 0, 0, 2589.84, 0, 0, 0, 0.04, 0, 5, 0.00, 6630, 0
1693426891, 0, 0, 3, 0, 0, 2589.84, 0, 0, 0, 0.04, 0, 6, 0.00, 6630, 0
1693426913, 0, 0, 3, 0, 0, 2589.84, 0, 0, 0, 0.04, 0, 7, 0.00, 6630, 0
1693426935, 0, 0, 3, 0, 0, 2589.84, 0, 0, 0, 0.05, 0, 8, 0.00, 6630, 0
1693426958, 0, 0, 3, 0, 0, 2589.84, 0, 0, 0, 0.04, 0, 9, 0.00, 6630, 0
1693426970, 0, 0, 3, 0, 0, 2589.84, 0, 0, 0, 0.08, 0, 10, 0.00, 6630, 0
1693426982, 0, 0, 3, 0, 0, 2589.84, 0, 0, 0, 0.08, 0, 11, 0.00, 6630, 0
1693426994, 0, 0, 3, 0, 0, 2589.84, 0, 0, 0, 0.09, 0, 12, 0.00, 6630, 0
1693427005, 0, 0, 3, 0, 0, 2589.84, 0, 0, 0, 0.08, 0, 13, 0.00, 6630, 0
1693427017, 0, 0, 3, 0, 0, 2589.84, 0, 0, 0, 0.08, 0, 14, 0.00, 6630, 0
1693427029, 0, 0, 3, 0, 0, 2589.84, 0, 0, 0, 0.09, 0, 15, 0.00, 6630, 0
1693427040, 0, 0, 3, 0, 0, 2589.84, 0, 0, 0, 0.08, 0, 16, 0.00, 6630, 0
1693427052, 0, 0, 3, 0, 0, 2589.84, 0, 0, 0, 0.09, 0, 17, 0.00, 6630, 0
1693427064, 0, 0, 3, 0, 0, 2589.84, 0, 0, 0, 0.08, 0, 18, 0.00, 6630, 0
1693427076, 0, 0, 3, 0, 0, 2589.84, 0, 0, 0, 0.08, 0, 19, 0.00, 6630, 0
1693427088, 0, 0, 3, 0, 0, 2589.84, 0, 0, 0, 0.09, 0, 20, 0.00, 6630, 0
1693427100, 0, 0, 3, 0, 0, 2589.84, 0, 0, 0, 0.08, 0, 21, 0.00, 6630, 0
1693427112, 0, 0, 3, 0, 0, 2589.84, 0, 0, 0, 0.08, 0, 22, 0.00, 6630, 0
1693427124, 0, 0, 3, 0, 0, 2589.84, 0, 0, 0, 0.08, 0, 23, 0.00, 6630, 0
1693427136, 0, 0, 3, 0, 0, 2589.84, 0, 0, 0, 0.08, 0, 24, 0.00, 6630, 0
1693427149, 0, 0, 3, 0, 0, 2589.84, 0, 0, 0, 0.08, 0, 25, 0.00, 6630, 0
1693427161, 0, 0, 3, 0, 0, 2589.84, 0, 0, 0, 0.09, 0, 26, 0.00, 6630, 0
1693427173, 0, 0, 3, 0, 0, 2589.84, 0, 0, 0, 0.08, 0, 27, 0.00, 6630, 0
1693427185, 0, 0, 3, 0, 0, 2589.84, 0, 0, 0, 0.08, 0, 28, 0.00, 6630, 0
1693427197, 0, 0, 3, 0, 0, 2589.84, 0, 0, 0, 0.08, 0, 29, 0.00, 6630, 0
1693427212, 0, 0, 4, 0, 0, 2659.77, 0, 0, 0, 0.07, 0, 30, 0.00, 6809, 0
1693427229, 0, 0, 5, 0, 0, 2715.63, 0, 0, 0, 0.06, 0, 31, 0.00, 6952, 0
