# unix_time, cycles_done, cur_path, paths_total, pending_total, pending_favs, map_size, unique_crashes, unique_hangs, max_depth, execs_per_sec, valid_inputs, invalid_inputs, valid_cov, all_covered_probes, valid_covered_probes
1694840702, 0, 0, 1, 0, 0, 7294.53, 0, 0, 0, 0.07, 1, 0, 7294.53, 18674, 18674
1694840706, 0, 0, 2, 0, 0, 7395.70, 0, 0, 0, 0.25, 2, 0, 7395.70, 18933, 18933
1694840709, 0, 0, 3, 0, 0, 7397.66, 0, 0, 0, 0.35, 3, 0, 7397.66, 18938, 18938
1694840712, 0, 0, 4, 0, 0, 7397.66, 0, 0, 0, 0.37, 4, 0, 7397.66, 18938, 18938
1694840715, 0, 0, 5, 0, 0, 7397.66, 0, 0, 0, 0.39, 5, 0, 7397.66, 18938, 18938
1694840718, 0, 0, 6, 0, 0, 7397.66, 0, 0, 0, 0.33, 6, 0, 7397.66, 18938, 18938
1694840720, 0, 0, 7, 0, 0, 7397.66, 0, 0, 0, 0.39, 7, 0, 7397.66, 18938, 18938
1694840723, 0, 0, 8, 0, 0, 7397.66, 0, 0, 0, 0.42, 8, 0, 7397.66, 18938, 18938
1694840725, 0, 0, 8, 0, 0, 7397.66, 0, 0, 0, 0.45, 9, 0, 7397.66, 18938, 18938
1694840727, 0, 0, 9, 0, 0, 7397.66, 0, 0, 0, 0.54, 10, 0, 7397.66, 18938, 18938
1694840729, 0, 0, 10, 0, 0, 7397.66, 0, 0, 0, 0.45, 11, 0, 7397.66, 18938, 18938
1694840731, 0, 0, 10, 0, 0, 7397.66, 0, 0, 0, 0.45, 12, 0, 7397.66, 18938, 18938
1694840733, 0, 0, 11, 0, 0, 7397.66, 0, 0, 0, 0.55, 13, 0, 7397.66, 18938, 18938
1694840735, 0, 0, 12, 0, 0, 7397.66, 0, 0, 0, 0.52, 14, 0, 7397.66, 18938, 18938
1694840737, 0, 0, 13, 0, 0, 7397.66, 0, 0, 0, 0.49, 15, 0, 7397.66, 18938, 18938
1694840739, 0, 0, 14, 0, 0, 7397.66, 0, 0, 0, 0.45, 16, 0, 7397.66, 18938, 18938
1694840741, 0, 0, 15, 0, 0, 7397.66, 0, 0, 0, 0.43, 17, 0, 7397.66, 18938, 18938
1694840743, 0, 0, 16, 0, 0, 7397.66, 0, 0, 0, 0.48, 18, 0, 7397.66, 18938, 18938
1694840745, 0, 0, 17, 0, 0, 7397.66, 0, 0, 0, 0.53, 19, 0, 7397.66, 18938, 18938
1694840747, 0, 0, 17, 0, 0, 7397.66, 0, 0, 0, 0.46, 20, 0, 7397.66, 18938, 18938
1694840750, 0, 0, 18, 0, 0, 7397.66, 0, 0, 0, 0.35, 21, 0, 7397.66, 18938, 18938
1694840753, 0, 0, 19, 0, 0, 7397.66, 0, 0, 0, 0.45, 22, 0, 7397.66, 18938, 18938
1694840754, 0, 0, 20, 0, 0, 7398.44, 0, 0, 0, 0.53, 23, 0, 7398.44, 18940, 18940
1694840756, 0, 0, 21, 0, 0, 7398.44, 0, 0, 0, 0.53, 24, 0, 7398.44, 18940, 18940
1694840758, 0, 0, 21, 0, 0, 7398.44, 0, 0, 0, 0.55, 25, 0, 7398.44, 18940, 18940
1694840760, 0, 0, 22, 0, 0, 7398.44, 0, 0, 0, 0.43, 26, 0, 7398.44, 18940, 18940
1694840763, 0, 0, 23, 0, 0, 7398.44, 0, 0, 0, 0.44, 27, 0, 7398.44, 18940, 18940
1694840765, 0, 0, 23, 0, 0, 7398.44, 0, 0, 0, 0.47, 28, 0, 7398.44, 18940, 18940
1694840767, 0, 0, 23, 0, 0, 7398.44, 0, 0, 0, 0.48, 29, 0, 7398.44, 18940, 18940
1694840769, 0, 0, 23, 0, 0, 7398.44, 0, 0, 0, 0.54, 30, 0, 7398.44, 18940, 18940
1694840771, 0, 0, 24, 0, 0, 7398.44, 0, 0, 0, 0.46, 31, 0, 7398.44, 18940, 18940
1694840773, 0, 0, 25, 0, 0, 7398.44, 0, 0, 0, 0.51, 32, 0, 7398.44, 18940, 18940
1694840775, 0, 0, 26, 0, 0, 7398.44, 0, 0, 0, 0.51, 33, 0, 7398.44, 18940, 18940
1694840777, 0, 0, 26, 0, 0, 7398.44, 0, 0, 0, 0.45, 34, 0, 7398.44, 18940, 18940
1694840779, 0, 0, 26, 0, 0, 7398.44, 0, 0, 0, 0.56, 35, 0, 7398.44, 18940, 18940
1694840781, 0, 0, 26, 0, 0, 7398.44, 0, 0, 0, 0.57, 36, 0, 7398.44, 18940, 18940
1694840783, 0, 0, 27, 0, 0, 7398.44, 0, 0, 0, 0.48, 37, 0, 7398.44, 18940, 18940
1694840785, 0, 0, 28, 0, 0, 7398.44, 0, 0, 0, 0.54, 38, 0, 7398.44, 18940, 18940
1694840786, 0, 0, 29, 0, 0, 7398.44, 0, 0, 0, 0.55, 39, 0, 7398.44, 18940, 18940
1694840788, 0, 0, 30, 0, 0, 7398.44, 0, 0, 0, 0.54, 40, 0, 7398.44, 18940, 18940
1694840790, 0, 0, 30, 0, 0, 7398.44, 0, 0, 0, 0.57, 41, 0, 7398.44, 18940, 18940
1694840792, 0, 0, 30, 0, 0, 7398.44, 0, 0, 0, 0.52, 42, 0, 7398.44, 18940, 18940
1694840794, 0, 0, 31, 0, 0, 7398.44, 0, 0, 0, 0.52, 43, 0, 7398.44, 18940, 18940
1694840796, 0, 0, 31, 0, 0, 7398.44, 0, 0, 0, 0.56, 44, 0, 7398.44, 18940, 18940
1694840797, 0, 0, 31, 0, 0, 7398.44, 0, 0, 0, 0.57, 45, 0, 7398.44, 18940, 18940
1694840799, 0, 0, 31, 0, 0, 7398.44, 0, 0, 0, 0.53, 46, 0, 7398.44, 18940, 18940
1694840801, 0, 0, 31, 0, 0, 7398.44, 0, 0, 0, 0.57, 47, 0, 7398.44, 18940, 18940
1694840803, 0, 0, 31, 0, 0, 7398.44, 0, 0, 0, 0.54, 48, 0, 7398.44, 18940, 18940
1694840805, 0, 0, 31, 0, 0, 7398.44, 0, 0, 0, 0.58, 49, 0, 7398.44, 18940, 18940
1694840806, 0, 0, 31, 0, 0, 7398.44, 0, 0, 0, 0.56, 50, 0, 7398.44, 18940, 18940
1694840808, 0, 0, 31, 0, 0, 7398.44, 0, 0, 0, 0.56, 51, 0, 7398.44, 18940, 18940
1694840810, 0, 0, 31, 0, 0, 7398.44, 0, 0, 0, 0.56, 52, 0, 7398.44, 18940, 18940
1694840812, 0, 0, 31, 0, 0, 7398.44, 0, 0, 0, 0.56, 53, 0, 7398.44, 18940, 18940
1694840815, 0, 0, 32, 0, 0, 7398.44, 0, 0, 0, 0.36, 54, 0, 7398.44, 18940, 18940
1694840818, 0, 0, 33, 0, 0, 7398.44, 0, 0, 0, 0.30, 55, 0, 7398.44, 18940, 18940
1694840820, 0, 0, 33, 0, 0, 7398.44, 0, 0, 0, 0.50, 56, 0, 7398.44, 18940, 18940
1694840822, 0, 0, 33, 0, 0, 7398.44, 0, 0, 0, 0.52, 57, 0, 7398.44, 18940, 18940
1694840824, 0, 0, 34, 0, 0, 7398.44, 0, 0, 0, 0.51, 58, 0, 7398.44, 18940, 18940
1694840826, 0, 0, 35, 0, 0, 7398.44, 0, 0, 0, 0.48, 59, 0, 7398.44, 18940, 18940
1694840828, 0, 0, 36, 0, 0, 7398.44, 0, 0, 0, 0.56, 60, 0, 7398.44, 18940, 18940
1694840830, 0, 0, 37, 0, 0, 7398.44, 0, 0, 0, 0.54, 61, 0, 7398.44, 18940, 18940
1694840831, 0, 0, 38, 0, 0, 7405.08, 0, 0, 0, 0.60, 62, 0, 7405.08, 18957, 18957
1694840834, 0, 0, 39, 0, 0, 7405.08, 0, 0, 0, 0.35, 63, 0, 7405.08, 18957, 18957
1694840836, 0, 0, 40, 0, 0, 7405.08, 0, 0, 0, 0.55, 64, 0, 7405.08, 18957, 18957
1694840838, 0, 0, 40, 0, 0, 7405.08, 0, 0, 0, 0.55, 65, 0, 7405.08, 18957, 18957
1694840840, 0, 0, 40, 0, 0, 7405.08, 0, 0, 0, 0.53, 66, 0, 7405.08, 18957, 18957
1694840841, 0, 0, 40, 0, 0, 7405.08, 0, 0, 0, 0.55, 67, 0, 7405.08, 18957, 18957
1694840843, 0, 0, 40, 0, 0, 7405.08, 0, 0, 0, 0.54, 68, 0, 7405.08, 18957, 18957
1694840846, 0, 0, 40, 0, 0, 7405.08, 0, 0, 0, 0.43, 69, 0, 7405.08, 18957, 18957
1694840847, 0, 0, 40, 0, 0, 7405.08, 0, 0, 0, 0.56, 70, 0, 7405.08, 18957, 18957
1694840849, 0, 0, 40, 0, 0, 7405.08, 0, 0, 0, 0.56, 71, 0, 7405.08, 18957, 18957
1694840851, 0, 0, 40, 0, 0, 7405.08, 0, 0, 0, 0.53, 72, 0, 7405.08, 18957, 18957
1694840853, 0, 0, 40, 0, 0, 7405.08, 0, 0, 0, 0.56, 73, 0, 7405.08, 18957, 18957
1694840855, 0, 0, 40, 0, 0, 7405.08, 0, 0, 0, 0.55, 74, 0, 7405.08, 18957, 18957
1694840856, 0, 0, 41, 0, 0, 7405.08, 0, 0, 0, 0.53, 75, 0, 7405.08, 18957, 18957
1694840858, 0, 0, 42, 0, 0, 7405.08, 0, 0, 0, 0.51, 76, 0, 7405.08, 18957, 18957
1694840860, 0, 0, 42, 0, 0, 7405.08, 0, 0, 0, 0.54, 77, 0, 7405.08, 18957, 18957
1694840862, 0, 0, 43, 0, 0, 7405.08, 0, 0, 0, 0.51, 78, 0, 7405.08, 18957, 18957
1694840864, 0, 0, 44, 0, 0, 7405.08, 0, 0, 0, 0.45, 79, 0, 7405.08, 18957, 18957
1694840866, 0, 0, 44, 0, 0, 7405.08, 0, 0, 0, 0.51, 80, 0, 7405.08, 18957, 18957
1694840868, 0, 0, 44, 0, 0, 7405.08, 0, 0, 0, 0.50, 81, 0, 7405.08, 18957, 18957
1694840870, 0, 0, 44, 0, 0, 7405.08, 0, 0, 0, 0.55, 82, 0, 7405.08, 18957, 18957
1694840872, 0, 0, 45, 0, 0, 7405.08, 0, 0, 0, 0.49, 83, 0, 7405.08, 18957, 18957
1694840874, 0, 0, 46, 0, 0, 7405.08, 0, 0, 0, 0.48, 84, 0, 7405.08, 18957, 18957
1694840876, 0, 0, 46, 0, 0, 7405.08, 0, 0, 0, 0.54, 85, 0, 7405.08, 18957, 18957
1694840878, 0, 0, 47, 0, 0, 7405.08, 0, 0, 0, 0.43, 86, 0, 7405.08, 18957, 18957
1694840880, 0, 0, 47, 0, 0, 7405.08, 0, 0, 0, 0.56, 87, 0, 7405.08, 18957, 18957
1694840882, 0, 0, 47, 0, 0, 7405.08, 0, 0, 0, 0.47, 88, 0, 7405.08, 18957, 18957
1694840884, 0, 0, 47, 0, 0, 7405.08, 0, 0, 0, 0.57, 89, 0, 7405.08, 18957, 18957
1694840886, 0, 0, 47, 0, 0, 7405.08, 0, 0, 0, 0.51, 90, 0, 7405.08, 18957, 18957
1694840888, 0, 0, 47, 0, 0, 7405.08, 0, 0, 0, 0.53, 91, 0, 7405.08, 18957, 18957
1694840890, 0, 0, 47, 0, 0, 7405.08, 0, 0, 0, 0.54, 92, 0, 7405.08, 18957, 18957
1694840892, 0, 0, 47, 0, 0, 7405.08, 0, 0, 0, 0.54, 93, 0, 7405.08, 18957, 18957
1694840894, 0, 0, 47, 0, 0, 7405.08, 0, 0, 0, 0.55, 94, 0, 7405.08, 18957, 18957
1694840895, 0, 0, 48, 0, 0, 7405.08, 0, 0, 0, 0.53, 95, 0, 7405.08, 18957, 18957
1694840898, 0, 0, 49, 0, 0, 7405.08, 0, 0, 0, 0.46, 96, 0, 7405.08, 18957, 18957
1694840900, 0, 0, 49, 0, 0, 7405.08, 0, 0, 0, 0.48, 97, 0, 7405.08, 18957, 18957
1694840902, 0, 0, 49, 0, 0, 7405.08, 0, 0, 0, 0.53, 98, 0, 7405.08, 18957, 18957
1694840903, 0, 0, 49, 0, 0, 7405.08, 0, 0, 0, 0.55, 99, 0, 7405.08, 18957, 18957
1694840906, 0, 0, 49, 0, 0, 7405.08, 0, 0, 0, 0.37, 100, 0, 7405.08, 18957, 18957
1694840908, 0, 0, 49, 0, 0, 7405.08, 0, 0, 0, 0.46, 101, 0, 7405.08, 18957, 18957
1694840910, 0, 0, 49, 0, 0, 7405.08, 0, 0, 0, 0.57, 102, 0, 7405.08, 18957, 18957
1694840912, 0, 0, 49, 0, 0, 7405.08, 0, 0, 0, 0.48, 103, 0, 7405.08, 18957, 18957
1694840914, 0, 0, 50, 0, 0, 7405.08, 0, 0, 0, 0.53, 104, 0, 7405.08, 18957, 18957
1694840916, 0, 0, 50, 0, 0, 7405.08, 0, 0, 0, 0.49, 105, 0, 7405.08, 18957, 18957
1694840918, 0, 0, 50, 0, 0, 7405.08, 0, 0, 0, 0.54, 106, 0, 7405.08, 18957, 18957
1694840920, 0, 0, 50, 0, 0, 7405.08, 0, 0, 0, 0.40, 107, 0, 7405.08, 18957, 18957
1694840923, 0, 0, 51, 0, 0, 7411.72, 0, 0, 0, 0.46, 108, 0, 7411.72, 18974, 18974
1694840925, 0, 0, 52, 0, 0, 7411.72, 0, 0, 0, 0.48, 109, 0, 7411.72, 18974, 18974
1694840926, 0, 0, 52, 0, 0, 7411.72, 0, 0, 0, 0.55, 110, 0, 7411.72, 18974, 18974
1694840928, 0, 0, 53, 0, 0, 7411.72, 0, 0, 0, 0.54, 111, 0, 7411.72, 18974, 18974
1694840930, 0, 0, 53, 0, 0, 7411.72, 0, 0, 0, 0.51, 112, 0, 7411.72, 18974, 18974
1694840932, 0, 0, 53, 0, 0, 7411.72, 0, 0, 0, 0.52, 113, 0, 7411.72, 18974, 18974
1694840934, 0, 0, 53, 0, 0, 7411.72, 0, 0, 0, 0.54, 114, 0, 7411.72, 18974, 18974
1694840936, 0, 0, 53, 0, 0, 7411.72, 0, 0, 0, 0.56, 115, 0, 7411.72, 18974, 18974
1694840938, 0, 0, 53, 0, 0, 7411.72, 0, 0, 0, 0.56, 116, 0, 7411.72, 18974, 18974
1694840940, 0, 0, 53, 0, 0, 7411.72, 0, 0, 0, 0.41, 117, 0, 7411.72, 18974, 18974
1694840942, 0, 0, 53, 0, 0, 7411.72, 0, 0, 0, 0.53, 118, 0, 7411.72, 18974, 18974
1694840944, 0, 0, 53, 0, 0, 7411.72, 0, 0, 0, 0.49, 119, 0, 7411.72, 18974, 18974
1694840946, 0, 0, 53, 0, 0, 7411.72, 0, 0, 0, 0.53, 120, 0, 7411.72, 18974, 18974
1694840948, 0, 0, 53, 0, 0, 7411.72, 0, 0, 0, 0.54, 121, 0, 7411.72, 18974, 18974
1694840950, 0, 0, 54, 0, 0, 7411.72, 0, 0, 0, 0.45, 122, 0, 7411.72, 18974, 18974
1694840952, 0, 0, 55, 0, 0, 7411.72, 0, 0, 0, 0.42, 123, 0, 7411.72, 18974, 18974
1694840954, 0, 0, 55, 0, 0, 7411.72, 0, 0, 0, 0.47, 124, 0, 7411.72, 18974, 18974
1694840957, 0, 0, 55, 0, 0, 7411.72, 0, 0, 0, 0.44, 125, 0, 7411.72, 18974, 18974
1694840959, 0, 0, 56, 0, 0, 7411.72, 0, 0, 0, 0.53, 126, 0, 7411.72, 18974, 18974
1694840961, 0, 0, 57, 0, 0, 7411.72, 0, 0, 0, 0.42, 127, 0, 7411.72, 18974, 18974
1694840963, 0, 0, 58, 0, 0, 7411.72, 0, 0, 0, 0.44, 128, 0, 7411.72, 18974, 18974
1694840966, 0, 0, 58, 0, 0, 7411.72, 0, 0, 0, 0.44, 129, 0, 7411.72, 18974, 18974
1694840968, 0, 0, 58, 0, 0, 7411.72, 0, 0, 0, 0.46, 130, 0, 7411.72, 18974, 18974
1694840970, 0, 0, 58, 0, 0, 7411.72, 0, 0, 0, 0.44, 131, 0, 7411.72, 18974, 18974
1694840972, 0, 0, 58, 0, 0, 7411.72, 0, 0, 0, 0.51, 132, 0, 7411.72, 18974, 18974
1694840975, 0, 0, 59, 0, 0, 7411.72, 0, 0, 0, 0.30, 133, 0, 7411.72, 18974, 18974
1694840978, 0, 0, 59, 0, 0, 7411.72, 0, 0, 0, 0.39, 134, 0, 7411.72, 18974, 18974
1694840983, 0, 0, 60, 0, 0, 7411.72, 0, 0, 0, 0.21, 135, 0, 7411.72, 18974, 18974
1694840985, 0, 0, 60, 0, 0, 7411.72, 0, 0, 0, 0.43, 136, 0, 7411.72, 18974, 18974
1694840987, 0, 0, 60, 0, 0, 7411.72, 0, 0, 0, 0.47, 137, 0, 7411.72, 18974, 18974
1694840989, 0, 0, 60, 0, 0, 7411.72, 0, 0, 0, 0.43, 138, 0, 7411.72, 18974, 18974
1694840991, 0, 0, 60, 0, 0, 7411.72, 0, 0, 0, 0.52, 139, 0, 7411.72, 18974, 18974
1694840993, 0, 0, 60, 0, 0, 7411.72, 0, 0, 0, 0.45, 140, 0, 7411.72, 18974, 18974
1694840995, 0, 0, 60, 0, 0, 7411.72, 0, 0, 0, 0.55, 141, 0, 7411.72, 18974, 18974
1694840997, 0, 0, 60, 0, 0, 7411.72, 0, 0, 0, 0.46, 142, 0, 7411.72, 18974, 18974
1694841000, 0, 0, 60, 0, 0, 7411.72, 0, 0, 0, 0.39, 143, 0, 7411.72, 18974, 18974
1694841003, 0, 0, 61, 0, 0, 7411.72, 0, 0, 0, 0.31, 144, 0, 7411.72, 18974, 18974
1694841006, 0, 0, 61, 0, 0, 7411.72, 0, 0, 0, 0.40, 145, 0, 7411.72, 18974, 18974
1694841008, 0, 0, 62, 0, 0, 7411.72, 0, 0, 0, 0.54, 146, 0, 7411.72, 18974, 18974
1694841010, 0, 0, 62, 0, 0, 7411.72, 0, 0, 0, 0.47, 147, 0, 7411.72, 18974, 18974
1694841012, 0, 0, 62, 0, 0, 7411.72, 0, 0, 0, 0.48, 148, 0, 7411.72, 18974, 18974
1694841014, 0, 0, 62, 0, 0, 7411.72, 0, 0, 0, 0.39, 149, 0, 7411.72, 18974, 18974
1694841017, 0, 0, 62, 0, 0, 7411.72, 0, 0, 0, 0.42, 150, 0, 7411.72, 18974, 18974
1694841019, 0, 0, 62, 0, 0, 7411.72, 0, 0, 0, 0.41, 151, 0, 7411.72, 18974, 18974
1694841021, 0, 0, 62, 0, 0, 7411.72, 0, 0, 0, 0.55, 152, 0, 7411.72, 18974, 18974
1694841024, 0, 0, 62, 0, 0, 7411.72, 0, 0, 0, 0.38, 153, 0, 7411.72, 18974, 18974
1694841026, 0, 0, 62, 0, 0, 7411.72, 0, 0, 0, 0.43, 154, 0, 7411.72, 18974, 18974
1694841029, 0, 0, 62, 0, 0, 7411.72, 0, 0, 0, 0.36, 155, 0, 7411.72, 18974, 18974
1694841031, 0, 0, 62, 0, 0, 7411.72, 0, 0, 0, 0.54, 156, 0, 7411.72, 18974, 18974
1694841033, 0, 0, 63, 0, 0, 7418.36, 0, 0, 0, 0.49, 157, 0, 7418.36, 18991, 18991
1694841034, 0, 0, 63, 0, 0, 7418.36, 0, 0, 0, 0.57, 158, 0, 7418.36, 18991, 18991
1694841037, 0, 0, 63, 0, 0, 7418.36, 0, 0, 0, 0.43, 159, 0, 7418.36, 18991, 18991
1694841039, 0, 0, 63, 0, 0, 7418.36, 0, 0, 0, 0.47, 160, 0, 7418.36, 18991, 18991
1694841041, 0, 0, 63, 0, 0, 7418.36, 0, 0, 0, 0.47, 161, 0, 7418.36, 18991, 18991
1694841043, 0, 0, 64, 0, 0, 7418.36, 0, 0, 0, 0.44, 162, 0, 7418.36, 18991, 18991
1694841045, 0, 0, 64, 0, 0, 7418.36, 0, 0, 0, 0.46, 163, 0, 7418.36, 18991, 18991
1694841047, 0, 0, 64, 0, 0, 7418.36, 0, 0, 0, 0.54, 164, 0, 7418.36, 18991, 18991
1694841050, 0, 0, 65, 0, 0, 7418.36, 0, 0, 0, 0.43, 165, 0, 7418.36, 18991, 18991
1694841052, 0, 0, 66, 0, 0, 7418.36, 0, 0, 0, 0.48, 166, 0, 7418.36, 18991, 18991
1694841054, 0, 0, 67, 0, 0, 7418.36, 0, 0, 0, 0.43, 167, 0, 7418.36, 18991, 18991
1694841056, 0, 0, 68, 0, 0, 7418.36, 0, 0, 0, 0.44, 168, 0, 7418.36, 18991, 18991
1694841059, 0, 0, 68, 0, 0, 7418.36, 0, 0, 0, 0.37, 169, 0, 7418.36, 18991, 18991
1694841061, 0, 0, 68, 0, 0, 7418.36, 0, 0, 0, 0.44, 170, 0, 7418.36, 18991, 18991
1694841064, 0, 0, 69, 0, 0, 7418.36, 0, 0, 0, 0.40, 171, 0, 7418.36, 18991, 18991
1694841066, 0, 0, 69, 0, 0, 7418.36, 0, 0, 0, 0.43, 172, 0, 7418.36, 18991, 18991
1694841068, 0, 0, 69, 0, 0, 7418.36, 0, 0, 0, 0.42, 173, 0, 7418.36, 18991, 18991
1694841071, 0, 0, 69, 0, 0, 7418.36, 0, 0, 0, 0.48, 174, 0, 7418.36, 18991, 18991
1694841072, 0, 0, 69, 0, 0, 7418.36, 0, 0, 0, 0.51, 175, 0, 7418.36, 18991, 18991
1694841074, 0, 0, 69, 0, 0, 7418.36, 0, 0, 0, 0.52, 176, 0, 7418.36, 18991, 18991
1694841077, 0, 0, 69, 0, 0, 7418.36, 0, 0, 0, 0.43, 177, 0, 7418.36, 18991, 18991
1694841079, 0, 0, 69, 0, 0, 7418.36, 0, 0, 0, 0.50, 178, 0, 7418.36, 18991, 18991
1694841081, 0, 0, 69, 0, 0, 7418.36, 0, 0, 0, 0.42, 179, 0, 7418.36, 18991, 18991
1694841083, 0, 0, 69, 0, 0, 7418.36, 0, 0, 0, 0.49, 180, 0, 7418.36, 18991, 18991
1694841085, 0, 0, 69, 0, 0, 7418.36, 0, 0, 0, 0.45, 181, 0, 7418.36, 18991, 18991
1694841087, 0, 0, 69, 0, 0, 7418.36, 0, 0, 0, 0.50, 182, 0, 7418.36, 18991, 18991
1694841090, 0, 0, 69, 0, 0, 7418.36, 0, 0, 0, 0.42, 183, 0, 7418.36, 18991, 18991
1694841093, 0, 0, 69, 0, 0, 7418.36, 0, 0, 0, 0.33, 184, 0, 7418.36, 18991, 18991
1694841096, 0, 0, 69, 0, 0, 7418.36, 0, 0, 0, 0.34, 185, 0, 7418.36, 18991, 18991
1694841098, 0, 0, 70, 0, 0, 7418.36, 0, 0, 0, 0.47, 186, 0, 7418.36, 18991, 18991
1694841100, 0, 0, 70, 0, 0, 7418.36, 0, 0, 0, 0.42, 187, 0, 7418.36, 18991, 18991
1694841102, 0, 0, 71, 0, 0, 7418.36, 0, 0, 0, 0.46, 188, 0, 7418.36, 18991, 18991
1694841105, 0, 0, 72, 0, 0, 7418.36, 0, 0, 0, 0.43, 189, 0, 7418.36, 18991, 18991
1694841107, 0, 0, 72, 0, 0, 7418.36, 0, 0, 0, 0.43, 190, 0, 7418.36, 18991, 18991
1694841110, 0, 0, 73, 0, 0, 7418.36, 0, 0, 0, 0.40, 191, 0, 7418.36, 18991, 18991
1694841112, 0, 0, 73, 0, 0, 7418.36, 0, 0, 0, 0.45, 192, 0, 7418.36, 18991, 18991
1694841116, 0, 0, 74, 0, 0, 7418.36, 0, 0, 0, 0.22, 193, 0, 7418.36, 18991, 18991
1694841120, 0, 0, 74, 0, 0, 7418.36, 0, 0, 0, 0.32, 194, 0, 7418.36, 18991, 18991
1694841122, 0, 0, 74, 0, 0, 7418.36, 0, 0, 0, 0.40, 195, 0, 7418.36, 18991, 18991
1694841124, 0, 0, 75, 0, 0, 7418.36, 0, 0, 0, 0.52, 196, 0, 7418.36, 18991, 18991
1694841126, 0, 0, 75, 0, 0, 7418.36, 0, 0, 0, 0.44, 197, 0, 7418.36, 18991, 18991
1694841128, 0, 0, 75, 0, 0, 7418.36, 0, 0, 0, 0.46, 198, 0, 7418.36, 18991, 18991
1694841131, 0, 0, 75, 0, 0, 7418.36, 0, 0, 0, 0.45, 199, 0, 7418.36, 18991, 18991
1694841133, 0, 0, 76, 0, 0, 7419.14, 0, 0, 0, 0.36, 200, 0, 7419.14, 18993, 18993
1694841136, 0, 0, 76, 0, 0, 7419.14, 0, 0, 0, 0.42, 201, 0, 7419.14, 18993, 18993
1694841138, 0, 0, 77, 0, 0, 7419.14, 0, 0, 0, 0.48, 202, 0, 7419.14, 18993, 18993
1694841140, 0, 0, 78, 0, 0, 7419.14, 0, 0, 0, 0.41, 203, 0, 7419.14, 18993, 18993
1694841142, 0, 0, 78, 0, 0, 7419.14, 0, 0, 0, 0.49, 204, 0, 7419.14, 18993, 18993
1694841145, 0, 0, 78, 0, 0, 7419.14, 0, 0, 0, 0.43, 205, 0, 7419.14, 18993, 18993
1694841147, 0, 0, 79, 0, 0, 7419.14, 0, 0, 0, 0.46, 206, 0, 7419.14, 18993, 18993
1694841149, 0, 0, 80, 0, 0, 7419.14, 0, 0, 0, 0.38, 207, 0, 7419.14, 18993, 18993
1694841152, 0, 0, 80, 0, 0, 7419.14, 0, 0, 0, 0.42, 208, 0, 7419.14, 18993, 18993
1694841154, 0, 0, 80, 0, 0, 7419.14, 0, 0, 0, 0.40, 209, 0, 7419.14, 18993, 18993
1694841156, 0, 0, 80, 0, 0, 7419.14, 0, 0, 0, 0.51, 210, 0, 7419.14, 18993, 18993
1694841159, 0, 0, 81, 0, 0, 7419.14, 0, 0, 0, 0.40, 211, 0, 7419.14, 18993, 18993
1694841161, 0, 0, 81, 0, 0, 7419.14, 0, 0, 0, 0.43, 212, 0, 7419.14, 18993, 18993
1694841164, 0, 0, 81, 0, 0, 7419.14, 0, 0, 0, 0.37, 213, 0, 7419.14, 18993, 18993
1694841166, 0, 0, 81, 0, 0, 7419.14, 0, 0, 0, 0.44, 214, 0, 7419.14, 18993, 18993
1694841169, 0, 0, 81, 0, 0, 7419.14, 0, 0, 0, 0.36, 215, 0, 7419.14, 18993, 18993
1694841171, 0, 0, 81, 0, 0, 7419.14, 0, 0, 0, 0.43, 216, 0, 7419.14, 18993, 18993
1694841173, 0, 0, 81, 0, 0, 7419.14, 0, 0, 0, 0.43, 217, 0, 7419.14, 18993, 18993
1694841177, 0, 0, 82, 0, 0, 7419.14, 0, 0, 0, 0.26, 218, 0, 7419.14, 18993, 18993
1694841180, 0, 0, 82, 0, 0, 7419.14, 0, 0, 0, 0.41, 219, 0, 7419.14, 18993, 18993
1694841182, 0, 0, 82, 0, 0, 7419.14, 0, 0, 0, 0.45, 220, 0, 7419.14, 18993, 18993
1694841185, 0, 0, 82, 0, 0, 7419.14, 0, 0, 0, 0.39, 221, 0, 7419.14, 18993, 18993
1694841187, 0, 0, 82, 0, 0, 7419.14, 0, 0, 0, 0.41, 222, 0, 7419.14, 18993, 18993
1694841189, 0, 0, 82, 0, 0, 7419.14, 0, 0, 0, 0.45, 223, 0, 7419.14, 18993, 18993
1694841191, 0, 0, 82, 0, 0, 7419.14, 0, 0, 0, 0.46, 224, 0, 7419.14, 18993, 18993
1694841194, 0, 0, 82, 0, 0, 7419.14, 0, 0, 0, 0.42, 225, 0, 7419.14, 18993, 18993
1694841197, 0, 0, 82, 0, 0, 7419.14, 0, 0, 0, 0.28, 226, 0, 7419.14, 18993, 18993
1694841199, 0, 0, 82, 0, 0, 7419.14, 0, 0, 0, 0.47, 227, 0, 7419.14, 18993, 18993
1694841202, 0, 0, 82, 0, 0, 7419.14, 0, 0, 0, 0.39, 228, 0, 7419.14, 18993, 18993
1694841205, 0, 0, 82, 0, 0, 7419.14, 0, 0, 0, 0.38, 229, 0, 7419.14, 18993, 18993
1694841207, 0, 0, 82, 0, 0, 7419.14, 0, 0, 0, 0.44, 230, 0, 7419.14, 18993, 18993
1694841209, 0, 0, 82, 0, 0, 7419.14, 0, 0, 0, 0.42, 231, 0, 7419.14, 18993, 18993
1694841212, 0, 0, 83, 0, 0, 7419.14, 0, 0, 0, 0.40, 232, 0, 7419.14, 18993, 18993
1694841214, 0, 0, 84, 0, 0, 7419.14, 0, 0, 0, 0.45, 233, 0, 7419.14, 18993, 18993
1694841216, 0, 0, 85, 0, 0, 7419.14, 0, 0, 0, 0.45, 234, 0, 7419.14, 18993, 18993
1694841218, 0, 0, 85, 0, 0, 7419.14, 0, 0, 0, 0.47, 235, 0, 7419.14, 18993, 18993
1694841220, 0, 0, 85, 0, 0, 7419.14, 0, 0, 0, 0.51, 236, 0, 7419.14, 18993, 18993
1694841223, 0, 0, 85, 0, 0, 7419.14, 0, 0, 0, 0.46, 237, 0, 7419.14, 18993, 18993
1694841225, 0, 0, 85, 0, 0, 7419.14, 0, 0, 0, 0.46, 238, 0, 7419.14, 18993, 18993
1694841227, 0, 0, 85, 0, 0, 7419.14, 0, 0, 0, 0.36, 239, 0, 7419.14, 18993, 18993
1694841230, 0, 0, 85, 0, 0, 7419.14, 0, 0, 0, 0.36, 240, 0, 7419.14, 18993, 18993
1694841233, 0, 0, 85, 0, 0, 7419.14, 0, 0, 0, 0.43, 241, 0, 7419.14, 18993, 18993
1694841235, 0, 0, 85, 0, 0, 7419.14, 0, 0, 0, 0.44, 242, 0, 7419.14, 18993, 18993
1694841237, 0, 0, 85, 0, 0, 7419.14, 0, 0, 0, 0.46, 243, 0, 7419.14, 18993, 18993
1694841239, 0, 0, 85, 0, 0, 7419.14, 0, 0, 0, 0.51, 244, 0, 7419.14, 18993, 18993
1694841241, 0, 0, 85, 0, 0, 7419.14, 0, 0, 0, 0.40, 245, 0, 7419.14, 18993, 18993
1694841244, 0, 0, 85, 0, 0, 7419.14, 0, 0, 0, 0.42, 246, 0, 7419.14, 18993, 18993
1694841246, 0, 0, 85, 0, 0, 7419.14, 0, 0, 0, 0.54, 247, 0, 7419.14, 18993, 18993
1694841248, 0, 0, 85, 0, 0, 7419.14, 0, 0, 0, 0.40, 248, 0, 7419.14, 18993, 18993
1694841251, 0, 0, 85, 0, 0, 7419.14, 0, 0, 0, 0.40, 249, 0, 7419.14, 18993, 18993
1694841254, 0, 0, 85, 0, 0, 7419.14, 0, 0, 0, 0.35, 250, 0, 7419.14, 18993, 18993
1694841256, 0, 0, 86, 0, 0, 7419.14, 0, 0, 0, 0.37, 251, 0, 7419.14, 18993, 18993
1694841259, 0, 0, 86, 0, 0, 7419.14, 0, 0, 0, 0.34, 252, 0, 7419.14, 18993, 18993
1694841261, 0, 0, 86, 0, 0, 7419.14, 0, 0, 0, 0.46, 253, 0, 7419.14, 18993, 18993
1694841265, 0, 0, 86, 0, 0, 7419.14, 0, 0, 0, 0.32, 254, 0, 7419.14, 18993, 18993
1694841267, 0, 0, 87, 0, 0, 7419.14, 0, 0, 0, 0.42, 255, 0, 7419.14, 18993, 18993
1694841269, 0, 0, 88, 0, 0, 7419.14, 0, 0, 0, 0.38, 256, 0, 7419.14, 18993, 18993
1694841272, 0, 0, 88, 0, 0, 7419.14, 0, 0, 0, 0.35, 257, 0, 7419.14, 18993, 18993
1694841275, 0, 0, 88, 0, 0, 7419.14, 0, 0, 0, 0.36, 258, 0, 7419.14, 18993, 18993
1694841278, 0, 0, 88, 0, 0, 7419.14, 0, 0, 0, 0.36, 259, 0, 7419.14, 18993, 18993
1694841280, 0, 0, 89, 0, 0, 7419.14, 0, 0, 0, 0.40, 260, 0, 7419.14, 18993, 18993
1694841283, 0, 0, 89, 0, 0, 7419.14, 0, 0, 0, 0.36, 261, 0, 7419.14, 18993, 18993
1694841286, 0, 0, 89, 0, 0, 7419.14, 0, 0, 0, 0.34, 262, 0, 7419.14, 18993, 18993
1694841289, 0, 0, 89, 0, 0, 7419.14, 0, 0, 0, 0.37, 263, 0, 7419.14, 18993, 18993
1694841292, 0, 0, 89, 0, 0, 7419.14, 0, 0, 0, 0.36, 264, 0, 7419.14, 18993, 18993
1694841294, 0, 0, 89, 0, 0, 7419.14, 0, 0, 0, 0.40, 265, 0, 7419.14, 18993, 18993
1694841297, 0, 0, 89, 0, 0, 7419.14, 0, 0, 0, 0.37, 266, 0, 7419.14, 18993, 18993
1694841300, 0, 0, 90, 0, 0, 7419.14, 0, 0, 0, 0.36, 267, 0, 7419.14, 18993, 18993
1694841303, 0, 0, 90, 0, 0, 7419.14, 0, 0, 0, 0.29, 268, 0, 7419.14, 18993, 18993
1694841306, 0, 0, 90, 0, 0, 7419.14, 0, 0, 0, 0.35, 269, 0, 7419.14, 18993, 18993
1694841309, 0, 0, 90, 0, 0, 7419.14, 0, 0, 0, 0.33, 270, 0, 7419.14, 18993, 18993
1694841312, 0, 0, 90, 0, 0, 7419.14, 0, 0, 0, 0.35, 271, 0, 7419.14, 18993, 18993
1694841315, 0, 0, 90, 0, 0, 7419.14, 0, 0, 0, 0.32, 272, 0, 7419.14, 18993, 18993
1694841318, 0, 0, 90, 0, 0, 7419.14, 0, 0, 0, 0.35, 273, 0, 7419.14, 18993, 18993
1694841321, 0, 0, 90, 0, 0, 7419.14, 0, 0, 0, 0.33, 274, 0, 7419.14, 18993, 18993
1694841324, 0, 0, 91, 0, 0, 7419.14, 0, 0, 0, 0.37, 275, 0, 7419.14, 18993, 18993
1694841327, 0, 0, 92, 0, 0, 7419.14, 0, 0, 0, 0.29, 276, 0, 7419.14, 18993, 18993
1694841330, 0, 0, 92, 0, 0, 7419.14, 0, 0, 0, 0.38, 277, 0, 7419.14, 18993, 18993
1694841332, 0, 0, 92, 0, 0, 7419.14, 0, 0, 0, 0.40, 278, 0, 7419.14, 18993, 18993
1694841335, 0, 0, 92, 0, 0, 7419.14, 0, 0, 0, 0.41, 279, 0, 7419.14, 18993, 18993
1694841337, 0, 0, 92, 0, 0, 7419.14, 0, 0, 0, 0.42, 280, 0, 7419.14, 18993, 18993
1694841340, 0, 0, 93, 0, 0, 7419.14, 0, 0, 0, 0.38, 281, 0, 7419.14, 18993, 18993
1694841341, 0, 0, 93, 0, 0, 7419.14, 0, 0, 0, 0.53, 282, 0, 7419.14, 18993, 18993
1694841358, 0, 0, 94, 0, 0, 7419.14, 0, 0, 0, 0.06, 283, 0, 7419.14, 18993, 18993
1694841360, 0, 0, 94, 0, 0, 7419.14, 0, 0, 0, 0.41, 284, 0, 7419.14, 18993, 18993
1694841363, 0, 0, 94, 0, 0, 7419.14, 0, 0, 0, 0.37, 285, 0, 7419.14, 18993, 18993
1694841370, 0, 0, 95, 0, 0, 7419.14, 0, 0, 0, 0.14, 286, 0, 7419.14, 18993, 18993
1694841374, 0, 0, 95, 0, 0, 7419.14, 0, 0, 0, 0.31, 287, 0, 7419.14, 18993, 18993
1694841381, 0, 0, 95, 0, 0, 7419.14, 0, 0, 0, 0.13, 288, 0, 7419.14, 18993, 18993
1694841384, 0, 0, 95, 0, 0, 7419.14, 0, 0, 0, 0.40, 289, 0, 7419.14, 18993, 18993
1694841386, 0, 0, 95, 0, 0, 7419.14, 0, 0, 0, 0.47, 290, 0, 7419.14, 18993, 18993
1694841393, 0, 0, 95, 0, 0, 7419.14, 0, 0, 0, 0.14, 291, 0, 7419.14, 18993, 18993
1694841395, 0, 0, 95, 0, 0, 7419.14, 0, 0, 0, 0.40, 292, 0, 7419.14, 18993, 18993
1694841397, 0, 0, 95, 0, 0, 7419.14, 0, 0, 0, 0.47, 293, 0, 7419.14, 18993, 18993
1694841401, 0, 0, 95, 0, 0, 7419.14, 0, 0, 0, 0.26, 294, 0, 7419.14, 18993, 18993
1694841403, 0, 0, 95, 0, 0, 7419.14, 0, 0, 0, 0.51, 295, 0, 7419.14, 18993, 18993
1694841405, 0, 0, 95, 0, 0, 7419.14, 0, 0, 0, 0.47, 296, 0, 7419.14, 18993, 18993
1694841408, 0, 0, 95, 0, 0, 7419.14, 0, 0, 0, 0.41, 297, 0, 7419.14, 18993, 18993
1694841410, 0, 0, 95, 0, 0, 7419.14, 0, 0, 0, 0.51, 298, 0, 7419.14, 18993, 18993
1694841412, 0, 0, 96, 0, 0, 7419.14, 0, 0, 0, 0.46, 299, 0, 7419.14, 18993, 18993
1694841414, 0, 0, 96, 0, 0, 7419.14, 0, 0, 0, 0.44, 300, 0, 7419.14, 18993, 18993
1694841417, 0, 0, 96, 0, 0, 7419.14, 0, 0, 0, 0.36, 301, 0, 7419.14, 18993, 18993
1694841419, 0, 0, 96, 0, 0, 7419.14, 0, 0, 0, 0.43, 302, 0, 7419.14, 18993, 18993
1694841422, 0, 0, 96, 0, 0, 7419.14, 0, 0, 0, 0.39, 303, 0, 7419.14, 18993, 18993
1694841424, 0, 0, 96, 0, 0, 7419.14, 0, 0, 0, 0.40, 304, 0, 7419.14, 18993, 18993
1694841426, 0, 0, 96, 0, 0, 7419.14, 0, 0, 0, 0.44, 305, 0, 7419.14, 18993, 18993
1694841429, 0, 0, 96, 0, 0, 7419.14, 0, 0, 0, 0.39, 306, 0, 7419.14, 18993, 18993
1694841432, 0, 0, 96, 0, 0, 7419.14, 0, 0, 0, 0.40, 307, 0, 7419.14, 18993, 18993
1694841434, 0, 0, 96, 0, 0, 7419.14, 0, 0, 0, 0.42, 308, 0, 7419.14, 18993, 18993
1694841437, 0, 0, 96, 0, 0, 7419.14, 0, 0, 0, 0.39, 309, 0, 7419.14, 18993, 18993
1694841439, 0, 0, 96, 0, 0, 7419.14, 0, 0, 0, 0.41, 310, 0, 7419.14, 18993, 18993
1694841441, 0, 0, 96, 0, 0, 7419.14, 0, 0, 0, 0.44, 311, 0, 7419.14, 18993, 18993
1694841444, 0, 0, 96, 0, 0, 7419.14, 0, 0, 0, 0.42, 312, 0, 7419.14, 18993, 18993
1694841446, 0, 0, 96, 0, 0, 7419.14, 0, 0, 0, 0.42, 313, 0, 7419.14, 18993, 18993
1694841449, 0, 0, 96, 0, 0, 7419.14, 0, 0, 0, 0.38, 314, 0, 7419.14, 18993, 18993
1694841451, 0, 0, 96, 0, 0, 7419.14, 0, 0, 0, 0.45, 315, 0, 7419.14, 18993, 18993
1694841453, 0, 0, 96, 0, 0, 7419.14, 0, 0, 0, 0.40, 316, 0, 7419.14, 18993, 18993
1694841456, 0, 0, 96, 0, 0, 7419.14, 0, 0, 0, 0.43, 317, 0, 7419.14, 18993, 18993
1694841458, 0, 0, 96, 0, 0, 7419.14, 0, 0, 0, 0.46, 318, 0, 7419.14, 18993, 18993
1694841460, 0, 0, 96, 0, 0, 7419.14, 0, 0, 0, 0.46, 319, 0, 7419.14, 18993, 18993
1694841462, 0, 0, 96, 0, 0, 7419.14, 0, 0, 0, 0.43, 320, 0, 7419.14, 18993, 18993
1694841465, 0, 0, 96, 0, 0, 7419.14, 0, 0, 0, 0.42, 321, 0, 7419.14, 18993, 18993
1694841467, 0, 0, 96, 0, 0, 7419.14, 0, 0, 0, 0.46, 322, 0, 7419.14, 18993, 18993
1694841469, 0, 0, 96, 0, 0, 7419.14, 0, 0, 0, 0.43, 323, 0, 7419.14, 18993, 18993
1694841472, 0, 0, 96, 0, 0, 7419.14, 0, 0, 0, 0.43, 324, 0, 7419.14, 18993, 18993
1694841474, 0, 0, 96, 0, 0, 7419.14, 0, 0, 0, 0.43, 325, 0, 7419.14, 18993, 18993
1694841476, 0, 0, 96, 0, 0, 7419.14, 0, 0, 0, 0.48, 326, 0, 7419.14, 18993, 18993
1694841478, 0, 0, 96, 0, 0, 7419.14, 0, 0, 0, 0.43, 327, 0, 7419.14, 18993, 18993
1694841481, 0, 0, 96, 0, 0, 7419.14, 0, 0, 0, 0.35, 328, 0, 7419.14, 18993, 18993
1694841484, 0, 0, 96, 0, 0, 7419.14, 0, 0, 0, 0.42, 329, 0, 7419.14, 18993, 18993
1694841486, 0, 0, 96, 0, 0, 7419.14, 0, 0, 0, 0.39, 330, 0, 7419.14, 18993, 18993
1694841489, 0, 0, 96, 0, 0, 7419.14, 0, 0, 0, 0.41, 331, 0, 7419.14, 18993, 18993
1694841491, 0, 0, 96, 0, 0, 7419.14, 0, 0, 0, 0.41, 332, 0, 7419.14, 18993, 18993
1694841494, 0, 0, 96, 0, 0, 7419.14, 0, 0, 0, 0.37, 333, 0, 7419.14, 18993, 18993
1694841496, 0, 0, 96, 0, 0, 7419.14, 0, 0, 0, 0.35, 334, 0, 7419.14, 18993, 18993
1694841499, 0, 0, 96, 0, 0, 7419.14, 0, 0, 0, 0.37, 335, 0, 7419.14, 18993, 18993
1694841502, 0, 0, 96, 0, 0, 7419.14, 0, 0, 0, 0.35, 336, 0, 7419.14, 18993, 18993
1694841505, 0, 0, 96, 0, 0, 7419.14, 0, 0, 0, 0.38, 337, 0, 7419.14, 18993, 18993
1694841508, 0, 0, 96, 0, 0, 7419.14, 0, 0, 0, 0.31, 338, 0, 7419.14, 18993, 18993
1694841511, 0, 0, 97, 0, 0, 7419.14, 0, 0, 0, 0.37, 339, 0, 7419.14, 18993, 18993
1694841514, 0, 0, 97, 0, 0, 7419.14, 0, 0, 0, 0.35, 340, 0, 7419.14, 18993, 18993
1694841516, 0, 0, 97, 0, 0, 7419.14, 0, 0, 0, 0.35, 341, 0, 7419.14, 18993, 18993
1694841519, 0, 0, 98, 0, 0, 7419.14, 0, 0, 0, 0.35, 342, 0, 7419.14, 18993, 18993
1694841522, 0, 0, 98, 0, 0, 7419.14, 0, 0, 0, 0.34, 343, 0, 7419.14, 18993, 18993
1694841525, 0, 0, 98, 0, 0, 7419.14, 0, 0, 0, 0.41, 344, 0, 7419.14, 18993, 18993
1694841527, 0, 0, 98, 0, 0, 7419.14, 0, 0, 0, 0.43, 345, 0, 7419.14, 18993, 18993
1694841529, 0, 0, 98, 0, 0, 7419.14, 0, 0, 0, 0.38, 346, 0, 7419.14, 18993, 18993
1694841532, 0, 0, 98, 0, 0, 7419.14, 0, 0, 0, 0.47, 347, 0, 7419.14, 18993, 18993
1694841534, 0, 0, 99, 0, 0, 7419.92, 0, 0, 0, 0.43, 348, 0, 7419.92, 18995, 18995
1694841536, 0, 0, 99, 0, 0, 7419.92, 0, 0, 0, 0.47, 349, 0, 7419.92, 18995, 18995
1694841538, 0, 0, 99, 0, 0, 7419.92, 0, 0, 0, 0.41, 350, 0, 7419.92, 18995, 18995
1694841541, 0, 0, 99, 0, 0, 7419.92, 0, 0, 0, 0.43, 351, 0, 7419.92, 18995, 18995
1694841543, 0, 0, 99, 0, 0, 7419.92, 0, 0, 0, 0.50, 352, 0, 7419.92, 18995, 18995
1694841545, 0, 0, 99, 0, 0, 7419.92, 0, 0, 0, 0.42, 353, 0, 7419.92, 18995, 18995
1694841547, 0, 0, 99, 0, 0, 7419.92, 0, 0, 0, 0.46, 354, 0, 7419.92, 18995, 18995
1694841549, 0, 0, 99, 0, 0, 7419.92, 0, 0, 0, 0.50, 355, 0, 7419.92, 18995, 18995
1694841552, 0, 0, 99, 0, 0, 7419.92, 0, 0, 0, 0.41, 356, 0, 7419.92, 18995, 18995
1694841554, 0, 0, 99, 0, 0, 7419.92, 0, 0, 0, 0.44, 357, 0, 7419.92, 18995, 18995
1694841556, 0, 0, 99, 0, 0, 7419.92, 0, 0, 0, 0.41, 358, 0, 7419.92, 18995, 18995
1694841559, 0, 0, 99, 0, 0, 7419.92, 0, 0, 0, 0.39, 359, 0, 7419.92, 18995, 18995
1694841561, 0, 0, 99, 0, 0, 7419.92, 0, 0, 0, 0.47, 360, 0, 7419.92, 18995, 18995
1694841563, 0, 0, 99, 0, 0, 7419.92, 0, 0, 0, 0.42, 361, 0, 7419.92, 18995, 18995
1694841566, 0, 0, 99, 0, 0, 7419.92, 0, 0, 0, 0.41, 362, 0, 7419.92, 18995, 18995
1694841568, 0, 0, 99, 0, 0, 7419.92, 0, 0, 0, 0.45, 363, 0, 7419.92, 18995, 18995
1694841571, 0, 0, 99, 0, 0, 7419.92, 0, 0, 0, 0.41, 364, 0, 7419.92, 18995, 18995
1694841573, 0, 0, 99, 0, 0, 7419.92, 0, 0, 0, 0.45, 365, 0, 7419.92, 18995, 18995
1694841575, 0, 0, 99, 0, 0, 7419.92, 0, 0, 0, 0.40, 366, 0, 7419.92, 18995, 18995
1694841577, 0, 0, 99, 0, 0, 7419.92, 0, 0, 0, 0.46, 367, 0, 7419.92, 18995, 18995
1694841580, 0, 0, 99, 0, 0, 7419.92, 0, 0, 0, 0.43, 368, 0, 7419.92, 18995, 18995
1694841582, 0, 0, 99, 0, 0, 7419.92, 0, 0, 0, 0.40, 369, 0, 7419.92, 18995, 18995
1694841585, 0, 0, 99, 0, 0, 7419.92, 0, 0, 0, 0.44, 370, 0, 7419.92, 18995, 18995
1694841587, 0, 0, 99, 0, 0, 7419.92, 0, 0, 0, 0.40, 371, 0, 7419.92, 18995, 18995
1694841590, 0, 0, 99, 0, 0, 7419.92, 0, 0, 0, 0.40, 372, 0, 7419.92, 18995, 18995
1694841592, 0, 0, 99, 0, 0, 7419.92, 0, 0, 0, 0.39, 373, 0, 7419.92, 18995, 18995
1694841594, 0, 0, 99, 0, 0, 7419.92, 0, 0, 0, 0.44, 374, 0, 7419.92, 18995, 18995
1694841597, 0, 0, 99, 0, 0, 7419.92, 0, 0, 0, 0.44, 375, 0, 7419.92, 18995, 18995
1694841599, 0, 0, 99, 0, 0, 7419.92, 0, 0, 0, 0.38, 376, 0, 7419.92, 18995, 18995
1694841602, 0, 0, 99, 0, 0, 7419.92, 0, 0, 0, 0.35, 377, 0, 7419.92, 18995, 18995
1694841605, 0, 0, 99, 0, 0, 7419.92, 0, 0, 0, 0.38, 378, 0, 7419.92, 18995, 18995
1694841607, 0, 0, 99, 0, 0, 7419.92, 0, 0, 0, 0.42, 379, 0, 7419.92, 18995, 18995
1694841609, 0, 0, 99, 0, 0, 7419.92, 0, 0, 0, 0.52, 380, 0, 7419.92, 18995, 18995
1694841612, 0, 0, 99, 0, 0, 7419.92, 0, 0, 0, 0.41, 381, 0, 7419.92, 18995, 18995
1694841614, 0, 0, 99, 0, 0, 7419.92, 0, 0, 0, 0.41, 382, 0, 7419.92, 18995, 18995
1694841616, 0, 0, 99, 0, 0, 7419.92, 0, 0, 0, 0.43, 383, 0, 7419.92, 18995, 18995
1694841619, 0, 0, 99, 0, 0, 7419.92, 0, 0, 0, 0.40, 384, 0, 7419.92, 18995, 18995
1694841621, 0, 0, 99, 0, 0, 7419.92, 0, 0, 0, 0.45, 385, 0, 7419.92, 18995, 18995
1694841624, 0, 0, 99, 0, 0, 7419.92, 0, 0, 0, 0.38, 386, 0, 7419.92, 18995, 18995
1694841626, 0, 0, 99, 0, 0, 7419.92, 0, 0, 0, 0.41, 387, 0, 7419.92, 18995, 18995
1694841630, 0, 0, 99, 0, 0, 7419.92, 0, 0, 0, 0.24, 388, 0, 7419.92, 18995, 18995
1694841633, 0, 0, 99, 0, 0, 7419.92, 0, 0, 0, 0.41, 389, 0, 7419.92, 18995, 18995
1694841635, 0, 0, 99, 0, 0, 7419.92, 0, 0, 0, 0.47, 390, 0, 7419.92, 18995, 18995
1694841638, 0, 0, 99, 0, 0, 7419.92, 0, 0, 0, 0.35, 391, 0, 7419.92, 18995, 18995
1694841640, 0, 0, 99, 0, 0, 7419.92, 0, 0, 0, 0.44, 392, 0, 7419.92, 18995, 18995
1694841642, 0, 0, 99, 0, 0, 7419.92, 0, 0, 0, 0.40, 393, 0, 7419.92, 18995, 18995
1694841645, 0, 0, 99, 0, 0, 7419.92, 0, 0, 0, 0.39, 394, 0, 7419.92, 18995, 18995
1694841647, 0, 0, 99, 0, 0, 7419.92, 0, 0, 0, 0.43, 395, 0, 7419.92, 18995, 18995
1694841650, 0, 0, 99, 0, 0, 7419.92, 0, 0, 0, 0.44, 396, 0, 7419.92, 18995, 18995
1694841652, 0, 0, 99, 0, 0, 7419.92, 0, 0, 0, 0.40, 397, 0, 7419.92, 18995, 18995
1694841654, 0, 0, 99, 0, 0, 7419.92, 0, 0, 0, 0.43, 398, 0, 7419.92, 18995, 18995
1694841657, 0, 0, 100, 0, 0, 7426.56, 0, 0, 0, 0.38, 399, 0, 7426.56, 19012, 19012
1694841664, 0, 0, 101, 0, 0, 7426.56, 0, 0, 0, 0.13, 400, 0, 7426.56, 19012, 19012
1694841669, 0, 0, 101, 0, 0, 7426.56, 0, 0, 0, 0.24, 401, 0, 7426.56, 19012, 19012
1694841671, 0, 0, 101, 0, 0, 7426.56, 0, 0, 0, 0.44, 402, 0, 7426.56, 19012, 19012
1694841674, 0, 0, 101, 0, 0, 7426.56, 0, 0, 0, 0.34, 403, 0, 7426.56, 19012, 19012
1694841677, 0, 0, 101, 0, 0, 7426.56, 0, 0, 0, 0.36, 404, 0, 7426.56, 19012, 19012
1694841679, 0, 0, 101, 0, 0, 7426.56, 0, 0, 0, 0.43, 405, 0, 7426.56, 19012, 19012
1694841683, 0, 0, 101, 0, 0, 7426.56, 0, 0, 0, 0.28, 406, 0, 7426.56, 19012, 19012
1694841685, 0, 0, 101, 0, 0, 7426.56, 0, 0, 0, 0.35, 407, 0, 7426.56, 19012, 19012
1694841689, 0, 0, 101, 0, 0, 7426.56, 0, 0, 0, 0.31, 408, 0, 7426.56, 19012, 19012
1694841692, 0, 0, 101, 0, 0, 7426.56, 0, 0, 0, 0.31, 409, 0, 7426.56, 19012, 19012
1694841694, 0, 0, 101, 0, 0, 7426.56, 0, 0, 0, 0.38, 410, 0, 7426.56, 19012, 19012
1694841698, 0, 0, 101, 0, 0, 7426.56, 0, 0, 0, 0.32, 411, 0, 7426.56, 19012, 19012
1694841701, 0, 0, 101, 0, 0, 7426.56, 0, 0, 0, 0.34, 412, 0, 7426.56, 19012, 19012
1694841704, 0, 0, 101, 0, 0, 7426.56, 0, 0, 0, 0.32, 413, 0, 7426.56, 19012, 19012
1694841708, 0, 0, 101, 0, 0, 7426.56, 0, 0, 0, 0.22, 414, 0, 7426.56, 19012, 19012
1694841711, 0, 0, 101, 0, 0, 7426.56, 0, 0, 0, 0.30, 415, 0, 7426.56, 19012, 19012
1694841714, 0, 0, 101, 0, 0, 7426.56, 0, 0, 0, 0.35, 416, 0, 7426.56, 19012, 19012
1694841717, 0, 0, 101, 0, 0, 7426.56, 0, 0, 0, 0.36, 417, 0, 7426.56, 19012, 19012
1694841720, 0, 0, 101, 0, 0, 7426.56, 0, 0, 0, 0.38, 418, 0, 7426.56, 19012, 19012
1694841723, 0, 0, 101, 0, 0, 7426.56, 0, 0, 0, 0.32, 419, 0, 7426.56, 19012, 19012
1694841726, 0, 0, 101, 0, 0, 7426.56, 0, 0, 0, 0.35, 420, 0, 7426.56, 19012, 19012
1694841729, 0, 0, 102, 0, 0, 7426.56, 0, 0, 0, 0.35, 421, 0, 7426.56, 19012, 19012
1694841732, 0, 0, 103, 0, 0, 7426.56, 0, 0, 0, 0.33, 422, 0, 7426.56, 19012, 19012
1694841734, 0, 0, 104, 0, 0, 7426.56, 0, 0, 0, 0.40, 423, 0, 7426.56, 19012, 19012
1694841736, 0, 0, 104, 0, 0, 7426.56, 0, 0, 0, 0.41, 424, 0, 7426.56, 19012, 19012
1694841740, 0, 0, 104, 0, 0, 7426.56, 0, 0, 0, 0.28, 425, 0, 7426.56, 19012, 19012
1694841743, 0, 0, 104, 0, 0, 7426.56, 0, 0, 0, 0.35, 426, 0, 7426.56, 19012, 19012
1694841746, 0, 0, 104, 0, 0, 7426.56, 0, 0, 0, 0.33, 427, 0, 7426.56, 19012, 19012
1694841749, 0, 0, 104, 0, 0, 7426.56, 0, 0, 0, 0.34, 428, 0, 7426.56, 19012, 19012
1694841752, 0, 0, 104, 0, 0, 7426.56, 0, 0, 0, 0.37, 429, 0, 7426.56, 19012, 19012
1694841756, 0, 0, 104, 0, 0, 7426.56, 0, 0, 0, 0.22, 430, 0, 7426.56, 19012, 19012
1694841759, 0, 0, 104, 0, 0, 7426.56, 0, 0, 0, 0.37, 431, 0, 7426.56, 19012, 19012
1694841764, 0, 0, 104, 0, 0, 7426.56, 0, 0, 0, 0.21, 432, 0, 7426.56, 19012, 19012
1694841766, 0, 0, 104, 0, 0, 7426.56, 0, 0, 0, 0.35, 433, 0, 7426.56, 19012, 19012
1694841770, 0, 0, 104, 0, 0, 7426.56, 0, 0, 0, 0.30, 434, 0, 7426.56, 19012, 19012
1694841772, 0, 0, 104, 0, 0, 7426.56, 0, 0, 0, 0.44, 435, 0, 7426.56, 19012, 19012
1694841776, 0, 0, 104, 0, 0, 7426.56, 0, 0, 0, 0.29, 436, 0, 7426.56, 19012, 19012
1694841779, 0, 0, 104, 0, 0, 7426.56, 0, 0, 0, 0.33, 437, 0, 7426.56, 19012, 19012
1694841781, 0, 0, 104, 0, 0, 7426.56, 0, 0, 0, 0.37, 438, 0, 7426.56, 19012, 19012
1694841785, 0, 0, 104, 0, 0, 7426.56, 0, 0, 0, 0.29, 439, 0, 7426.56, 19012, 19012
1694841787, 0, 0, 104, 0, 0, 7426.56, 0, 0, 0, 0.37, 440, 0, 7426.56, 19012, 19012
1694841791, 0, 0, 104, 0, 0, 7426.56, 0, 0, 0, 0.28, 441, 0, 7426.56, 19012, 19012
1694841794, 0, 0, 104, 0, 0, 7426.56, 0, 0, 0, 0.35, 442, 0, 7426.56, 19012, 19012
1694841797, 0, 0, 104, 0, 0, 7426.56, 0, 0, 0, 0.31, 443, 0, 7426.56, 19012, 19012
1694841800, 0, 0, 105, 0, 0, 7426.56, 0, 0, 0, 0.36, 444, 0, 7426.56, 19012, 19012
1694841803, 0, 0, 106, 0, 0, 7426.56, 0, 0, 0, 0.38, 445, 0, 7426.56, 19012, 19012
1694841806, 0, 0, 106, 0, 0, 7426.56, 0, 0, 0, 0.33, 446, 0, 7426.56, 19012, 19012
1694841809, 0, 0, 107, 0, 0, 7426.56, 0, 0, 0, 0.31, 447, 0, 7426.56, 19012, 19012
1694841812, 0, 0, 107, 0, 0, 7426.56, 0, 0, 0, 0.33, 448, 0, 7426.56, 19012, 19012
1694841814, 0, 0, 107, 0, 0, 7426.56, 0, 0, 0, 0.36, 449, 0, 7426.56, 19012, 19012
1694841817, 0, 0, 107, 0, 0, 7426.56, 0, 0, 0, 0.37, 450, 0, 7426.56, 19012, 19012
1694841820, 0, 0, 107, 0, 0, 7426.56, 0, 0, 0, 0.39, 451, 0, 7426.56, 19012, 19012
1694841822, 0, 0, 107, 0, 0, 7426.56, 0, 0, 0, 0.38, 452, 0, 7426.56, 19012, 19012
1694841825, 0, 0, 107, 0, 0, 7426.56, 0, 0, 0, 0.37, 453, 0, 7426.56, 19012, 19012
1694841828, 0, 0, 107, 0, 0, 7426.56, 0, 0, 0, 0.33, 454, 0, 7426.56, 19012, 19012
1694841831, 0, 0, 107, 0, 0, 7426.56, 0, 0, 0, 0.33, 455, 0, 7426.56, 19012, 19012
1694841834, 0, 0, 107, 0, 0, 7426.56, 0, 0, 0, 0.38, 456, 0, 7426.56, 19012, 19012
1694841837, 0, 0, 107, 0, 0, 7426.56, 0, 0, 0, 0.29, 457, 0, 7426.56, 19012, 19012
1694841840, 0, 0, 107, 0, 0, 7426.56, 0, 0, 0, 0.37, 458, 0, 7426.56, 19012, 19012
1694841843, 0, 0, 108, 0, 0, 7426.56, 0, 0, 0, 0.36, 459, 0, 7426.56, 19012, 19012
1694841845, 0, 0, 108, 0, 0, 7426.56, 0, 0, 0, 0.36, 460, 0, 7426.56, 19012, 19012
1694841849, 0, 0, 108, 0, 0, 7426.56, 0, 0, 0, 0.26, 461, 0, 7426.56, 19012, 19012
1694841853, 0, 0, 109, 0, 0, 7426.56, 0, 0, 0, 0.30, 462, 0, 7426.56, 19012, 19012
1694841856, 0, 0, 110, 0, 0, 7426.56, 0, 0, 0, 0.33, 463, 0, 7426.56, 19012, 19012
1694841858, 0, 0, 110, 0, 0, 7426.56, 0, 0, 0, 0.36, 464, 0, 7426.56, 19012, 19012
1694841862, 0, 0, 110, 0, 0, 7426.56, 0, 0, 0, 0.32, 465, 0, 7426.56, 19012, 19012
1694841864, 0, 0, 110, 0, 0, 7426.56, 0, 0, 0, 0.41, 466, 0, 7426.56, 19012, 19012
1694841866, 0, 0, 111, 0, 0, 7426.56, 0, 0, 0, 0.41, 467, 0, 7426.56, 19012, 19012
1694841869, 0, 0, 112, 0, 0, 7426.56, 0, 0, 0, 0.33, 468, 0, 7426.56, 19012, 19012
1694841872, 0, 0, 112, 0, 0, 7426.56, 0, 0, 0, 0.33, 469, 0, 7426.56, 19012, 19012
1694841875, 0, 0, 112, 0, 0, 7426.56, 0, 0, 0, 0.41, 470, 0, 7426.56, 19012, 19012
1694841878, 0, 0, 112, 0, 0, 7426.56, 0, 0, 0, 0.37, 471, 0, 7426.56, 19012, 19012
1694841881, 0, 0, 112, 0, 0, 7426.56, 0, 0, 0, 0.31, 472, 0, 7426.56, 19012, 19012
1694841884, 0, 0, 112, 0, 0, 7426.56, 0, 0, 0, 0.32, 473, 0, 7426.56, 19012, 19012
1694841887, 0, 0, 112, 0, 0, 7426.56, 0, 0, 0, 0.32, 474, 0, 7426.56, 19012, 19012
1694841889, 0, 0, 112, 0, 0, 7426.56, 0, 0, 0, 0.43, 475, 0, 7426.56, 19012, 19012
1694841892, 0, 0, 112, 0, 0, 7426.56, 0, 0, 0, 0.33, 476, 0, 7426.56, 19012, 19012
1694841897, 0, 0, 112, 0, 0, 7426.56, 0, 0, 0, 0.20, 477, 0, 7426.56, 19012, 19012
1694841901, 0, 0, 113, 0, 0, 7426.56, 0, 0, 0, 0.31, 478, 0, 7426.56, 19012, 19012
1694841903, 0, 0, 113, 0, 0, 7426.56, 0, 0, 0, 0.36, 479, 0, 7426.56, 19012, 19012
1694841906, 0, 0, 113, 0, 0, 7426.56, 0, 0, 0, 0.38, 480, 0, 7426.56, 19012, 19012
1694841909, 0, 0, 113, 0, 0, 7426.56, 0, 0, 0, 0.37, 481, 0, 7426.56, 19012, 19012
1694841912, 0, 0, 113, 0, 0, 7426.56, 0, 0, 0, 0.31, 482, 0, 7426.56, 19012, 19012
1694841915, 0, 0, 113, 0, 0, 7426.56, 0, 0, 0, 0.32, 483, 0, 7426.56, 19012, 19012
1694841918, 0, 0, 113, 0, 0, 7426.56, 0, 0, 0, 0.31, 484, 0, 7426.56, 19012, 19012
1694841921, 0, 0, 113, 0, 0, 7426.56, 0, 0, 0, 0.34, 485, 0, 7426.56, 19012, 19012
1694841924, 0, 0, 113, 0, 0, 7426.56, 0, 0, 0, 0.32, 486, 0, 7426.56, 19012, 19012
1694841927, 0, 0, 113, 0, 0, 7426.56, 0, 0, 0, 0.36, 487, 0, 7426.56, 19012, 19012
1694841931, 0, 0, 114, 0, 0, 7426.56, 0, 0, 0, 0.26, 488, 0, 7426.56, 19012, 19012
1694841935, 0, 0, 114, 0, 0, 7426.56, 0, 0, 0, 0.23, 489, 0, 7426.56, 19012, 19012
1694841938, 0, 0, 114, 0, 0, 7426.56, 0, 0, 0, 0.32, 490, 0, 7426.56, 19012, 19012
1694841942, 0, 0, 114, 0, 0, 7426.56, 0, 0, 0, 0.29, 491, 0, 7426.56, 19012, 19012
1694841945, 0, 0, 114, 0, 0, 7426.56, 0, 0, 0, 0.35, 492, 0, 7426.56, 19012, 19012
1694841947, 0, 0, 114, 0, 0, 7426.56, 0, 0, 0, 0.35, 493, 0, 7426.56, 19012, 19012
1694841950, 0, 0, 114, 0, 0, 7426.56, 0, 0, 0, 0.33, 494, 0, 7426.56, 19012, 19012
1694841953, 0, 0, 114, 0, 0, 7426.56, 0, 0, 0, 0.34, 495, 0, 7426.56, 19012, 19012
1694841956, 0, 0, 114, 0, 0, 7426.56, 0, 0, 0, 0.35, 496, 0, 7426.56, 19012, 19012
1694841959, 0, 0, 114, 0, 0, 7426.56, 0, 0, 0, 0.35, 497, 0, 7426.56, 19012, 19012
1694841962, 0, 0, 114, 0, 0, 7426.56, 0, 0, 0, 0.31, 498, 0, 7426.56, 19012, 19012
1694841966, 0, 0, 115, 0, 0, 7426.56, 0, 0, 0, 0.29, 499, 0, 7426.56, 19012, 19012
1694841969, 0, 0, 115, 0, 0, 7426.56, 0, 0, 0, 0.30, 500, 0, 7426.56, 19012, 19012
1694841972, 0, 0, 115, 0, 0, 7426.56, 0, 0, 0, 0.30, 501, 0, 7426.56, 19012, 19012
1694841976, 0, 0, 115, 0, 0, 7426.56, 0, 0, 0, 0.30, 502, 0, 7426.56, 19012, 19012
1694841979, 0, 0, 115, 0, 0, 7426.56, 0, 0, 0, 0.34, 503, 0, 7426.56, 19012, 19012
1694841982, 0, 0, 115, 0, 0, 7426.56, 0, 0, 0, 0.29, 504, 0, 7426.56, 19012, 19012
1694841985, 0, 0, 115, 0, 0, 7426.56, 0, 0, 0, 0.32, 505, 0, 7426.56, 19012, 19012
1694841988, 0, 0, 115, 0, 0, 7426.56, 0, 0, 0, 0.34, 506, 0, 7426.56, 19012, 19012
1694841992, 0, 0, 116, 0, 0, 7426.56, 0, 0, 0, 0.26, 507, 0, 7426.56, 19012, 19012
1694841995, 0, 0, 116, 0, 0, 7426.56, 0, 0, 0, 0.40, 508, 0, 7426.56, 19012, 19012
1694841997, 0, 0, 116, 0, 0, 7426.56, 0, 0, 0, 0.36, 509, 0, 7426.56, 19012, 19012
1694842003, 0, 0, 116, 0, 0, 7426.56, 0, 0, 0, 0.19, 510, 0, 7426.56, 19012, 19012
1694842006, 0, 0, 117, 0, 0, 7426.56, 0, 0, 0, 0.33, 511, 0, 7426.56, 19012, 19012
1694842013, 0, 0, 118, 0, 0, 7426.56, 0, 0, 0, 0.14, 512, 0, 7426.56, 19012, 19012
1694842016, 0, 0, 118, 0, 0, 7426.56, 0, 0, 0, 0.30, 513, 0, 7426.56, 19012, 19012
1694842019, 0, 0, 118, 0, 0, 7426.56, 0, 0, 0, 0.32, 514, 0, 7426.56, 19012, 19012
1694842022, 0, 0, 118, 0, 0, 7426.56, 0, 0, 0, 0.35, 515, 0, 7426.56, 19012, 19012
1694842025, 0, 0, 118, 0, 0, 7426.56, 0, 0, 0, 0.32, 516, 0, 7426.56, 19012, 19012
1694842028, 0, 0, 118, 0, 0, 7426.56, 0, 0, 0, 0.32, 517, 0, 7426.56, 19012, 19012
1694842031, 0, 0, 118, 0, 0, 7426.56, 0, 0, 0, 0.43, 518, 0, 7426.56, 19012, 19012
1694842034, 0, 0, 118, 0, 0, 7426.56, 0, 0, 0, 0.29, 519, 0, 7426.56, 19012, 19012
1694842037, 0, 0, 118, 0, 0, 7426.56, 0, 0, 0, 0.34, 520, 0, 7426.56, 19012, 19012
1694842040, 0, 0, 118, 0, 0, 7426.56, 0, 0, 0, 0.29, 521, 0, 7426.56, 19012, 19012
1694842044, 0, 0, 118, 0, 0, 7426.56, 0, 0, 0, 0.32, 522, 0, 7426.56, 19012, 19012
1694842047, 0, 0, 118, 0, 0, 7426.56, 0, 0, 0, 0.28, 523, 0, 7426.56, 19012, 19012
1694842051, 0, 0, 118, 0, 0, 7426.56, 0, 0, 0, 0.29, 524, 0, 7426.56, 19012, 19012
1694842054, 0, 0, 118, 0, 0, 7426.56, 0, 0, 0, 0.33, 525, 0, 7426.56, 19012, 19012
1694842056, 0, 0, 118, 0, 0, 7426.56, 0, 0, 0, 0.40, 526, 0, 7426.56, 19012, 19012
1694842059, 0, 0, 118, 0, 0, 7426.56, 0, 0, 0, 0.30, 527, 0, 7426.56, 19012, 19012
1694842062, 0, 0, 118, 0, 0, 7426.56, 0, 0, 0, 0.34, 528, 0, 7426.56, 19012, 19012
1694842066, 0, 0, 118, 0, 0, 7426.56, 0, 0, 0, 0.31, 529, 0, 7426.56, 19012, 19012
1694842069, 0, 0, 118, 0, 0, 7426.56, 0, 0, 0, 0.33, 530, 0, 7426.56, 19012, 19012
1694842072, 0, 0, 118, 0, 0, 7426.56, 0, 0, 0, 0.31, 531, 0, 7426.56, 19012, 19012
1694842075, 0, 0, 118, 0, 0, 7426.56, 0, 0, 0, 0.30, 532, 0, 7426.56, 19012, 19012
1694842078, 0, 0, 118, 0, 0, 7426.56, 0, 0, 0, 0.35, 533, 0, 7426.56, 19012, 19012
1694842081, 0, 0, 118, 0, 0, 7426.56, 0, 0, 0, 0.34, 534, 0, 7426.56, 19012, 19012
1694842085, 0, 0, 118, 0, 0, 7426.56, 0, 0, 0, 0.27, 535, 0, 7426.56, 19012, 19012
1694842088, 0, 0, 118, 0, 0, 7426.56, 0, 0, 0, 0.29, 536, 0, 7426.56, 19012, 19012
1694842091, 0, 0, 118, 0, 0, 7426.56, 0, 0, 0, 0.37, 537, 0, 7426.56, 19012, 19012
1694842094, 0, 0, 118, 0, 0, 7426.56, 0, 0, 0, 0.32, 538, 0, 7426.56, 19012, 19012
1694842097, 0, 0, 118, 0, 0, 7426.56, 0, 0, 0, 0.35, 539, 0, 7426.56, 19012, 19012
1694842100, 0, 0, 118, 0, 0, 7426.56, 0, 0, 0, 0.35, 540, 0, 7426.56, 19012, 19012
1694842103, 0, 0, 118, 0, 0, 7426.56, 0, 0, 0, 0.31, 541, 0, 7426.56, 19012, 19012
1694842106, 0, 0, 118, 0, 0, 7426.56, 0, 0, 0, 0.36, 542, 0, 7426.56, 19012, 19012
1694842109, 0, 0, 118, 0, 0, 7426.56, 0, 0, 0, 0.34, 543, 0, 7426.56, 19012, 19012
1694842112, 0, 0, 118, 0, 0, 7426.56, 0, 0, 0, 0.31, 544, 0, 7426.56, 19012, 19012
1694842115, 0, 0, 118, 0, 0, 7426.56, 0, 0, 0, 0.32, 545, 0, 7426.56, 19012, 19012
1694842118, 0, 0, 118, 0, 0, 7426.56, 0, 0, 0, 0.33, 546, 0, 7426.56, 19012, 19012
1694842122, 0, 0, 118, 0, 0, 7426.56, 0, 0, 0, 0.27, 547, 0, 7426.56, 19012, 19012
1694842125, 0, 0, 118, 0, 0, 7426.56, 0, 0, 0, 0.33, 548, 0, 7426.56, 19012, 19012
1694842128, 0, 0, 118, 0, 0, 7426.56, 0, 0, 0, 0.34, 549, 0, 7426.56, 19012, 19012
1694842130, 0, 0, 118, 0, 0, 7426.56, 0, 0, 0, 0.40, 550, 0, 7426.56, 19012, 19012
1694842133, 0, 0, 118, 0, 0, 7426.56, 0, 0, 0, 0.37, 551, 0, 7426.56, 19012, 19012
1694842136, 0, 0, 118, 0, 0, 7426.56, 0, 0, 0, 0.36, 552, 0, 7426.56, 19012, 19012
1694842139, 0, 0, 118, 0, 0, 7426.56, 0, 0, 0, 0.34, 553, 0, 7426.56, 19012, 19012
1694842144, 0, 0, 119, 0, 0, 7426.56, 0, 0, 0, 0.18, 554, 0, 7426.56, 19012, 19012
1694842148, 0, 0, 119, 0, 0, 7426.56, 0, 0, 0, 0.29, 555, 0, 7426.56, 19012, 19012
1694842150, 0, 0, 119, 0, 0, 7426.56, 0, 0, 0, 0.40, 556, 0, 7426.56, 19012, 19012
1694842153, 0, 0, 119, 0, 0, 7426.56, 0, 0, 0, 0.34, 557, 0, 7426.56, 19012, 19012
1694842156, 0, 0, 119, 0, 0, 7426.56, 0, 0, 0, 0.36, 558, 0, 7426.56, 19012, 19012
1694842158, 0, 0, 119, 0, 0, 7426.56, 0, 0, 0, 0.40, 559, 0, 7426.56, 19012, 19012
1694842161, 0, 0, 119, 0, 0, 7426.56, 0, 0, 0, 0.33, 560, 0, 7426.56, 19012, 19012
1694842164, 0, 0, 119, 0, 0, 7426.56, 0, 0, 0, 0.35, 561, 0, 7426.56, 19012, 19012
1694842168, 0, 0, 119, 0, 0, 7426.56, 0, 0, 0, 0.28, 562, 0, 7426.56, 19012, 19012
1694842171, 0, 0, 119, 0, 0, 7426.56, 0, 0, 0, 0.29, 563, 0, 7426.56, 19012, 19012
1694842174, 0, 0, 119, 0, 0, 7426.56, 0, 0, 0, 0.31, 564, 0, 7426.56, 19012, 19012
1694842177, 0, 0, 119, 0, 0, 7426.56, 0, 0, 0, 0.33, 565, 0, 7426.56, 19012, 19012
1694842181, 0, 0, 120, 0, 0, 7426.56, 0, 0, 0, 0.32, 566, 0, 7426.56, 19012, 19012
1694842184, 0, 0, 120, 0, 0, 7426.56, 0, 0, 0, 0.32, 567, 0, 7426.56, 19012, 19012
1694842187, 0, 0, 120, 0, 0, 7426.56, 0, 0, 0, 0.27, 568, 0, 7426.56, 19012, 19012
1694842190, 0, 0, 120, 0, 0, 7426.56, 0, 0, 0, 0.32, 569, 0, 7426.56, 19012, 19012
1694842194, 0, 0, 120, 0, 0, 7426.56, 0, 0, 0, 0.32, 570, 0, 7426.56, 19012, 19012
1694842197, 0, 0, 120, 0, 0, 7426.56, 0, 0, 0, 0.27, 571, 0, 7426.56, 19012, 19012
1694842200, 0, 0, 120, 0, 0, 7426.56, 0, 0, 0, 0.31, 572, 0, 7426.56, 19012, 19012
1694842204, 0, 0, 120, 0, 0, 7426.56, 0, 0, 0, 0.27, 573, 0, 7426.56, 19012, 19012
1694842208, 0, 0, 120, 0, 0, 7426.56, 0, 0, 0, 0.27, 574, 0, 7426.56, 19012, 19012
1694842211, 0, 0, 120, 0, 0, 7426.56, 0, 0, 0, 0.34, 575, 0, 7426.56, 19012, 19012
1694842214, 0, 0, 120, 0, 0, 7426.56, 0, 0, 0, 0.30, 576, 0, 7426.56, 19012, 19012
1694842218, 0, 0, 120, 0, 0, 7426.56, 0, 0, 0, 0.29, 577, 0, 7426.56, 19012, 19012
1694842221, 0, 0, 120, 0, 0, 7426.56, 0, 0, 0, 0.35, 578, 0, 7426.56, 19012, 19012
1694842224, 0, 0, 120, 0, 0, 7426.56, 0, 0, 0, 0.32, 579, 0, 7426.56, 19012, 19012
1694842227, 0, 0, 120, 0, 0, 7426.56, 0, 0, 0, 0.30, 580, 0, 7426.56, 19012, 19012
1694842231, 0, 0, 120, 0, 0, 7426.56, 0, 0, 0, 0.28, 581, 0, 7426.56, 19012, 19012
1694842234, 0, 0, 120, 0, 0, 7426.56, 0, 0, 0, 0.30, 582, 0, 7426.56, 19012, 19012
1694842237, 0, 0, 120, 0, 0, 7426.56, 0, 0, 0, 0.38, 583, 0, 7426.56, 19012, 19012
1694842240, 0, 0, 120, 0, 0, 7426.56, 0, 0, 0, 0.34, 584, 0, 7426.56, 19012, 19012
1694842243, 0, 0, 120, 0, 0, 7426.56, 0, 0, 0, 0.30, 585, 0, 7426.56, 19012, 19012
1694842246, 0, 0, 120, 0, 0, 7426.56, 0, 0, 0, 0.31, 586, 0, 7426.56, 19012, 19012
1694842250, 0, 0, 120, 0, 0, 7426.56, 0, 0, 0, 0.29, 587, 0, 7426.56, 19012, 19012
1694842253, 0, 0, 120, 0, 0, 7426.56, 0, 0, 0, 0.32, 588, 0, 7426.56, 19012, 19012
1694842256, 0, 0, 120, 0, 0, 7426.56, 0, 0, 0, 0.36, 589, 0, 7426.56, 19012, 19012
1694842259, 0, 0, 120, 0, 0, 7426.56, 0, 0, 0, 0.31, 590, 0, 7426.56, 19012, 19012
1694842262, 0, 0, 120, 0, 0, 7426.56, 0, 0, 0, 0.34, 591, 0, 7426.56, 19012, 19012
1694842264, 0, 0, 120, 0, 0, 7426.56, 0, 0, 0, 0.36, 592, 0, 7426.56, 19012, 19012
1694842268, 0, 0, 120, 0, 0, 7426.56, 0, 0, 0, 0.32, 593, 0, 7426.56, 19012, 19012
1694842271, 0, 0, 120, 0, 0, 7426.56, 0, 0, 0, 0.32, 594, 0, 7426.56, 19012, 19012
1694842274, 0, 0, 120, 0, 0, 7426.56, 0, 0, 0, 0.36, 595, 0, 7426.56, 19012, 19012
1694842277, 0, 0, 120, 0, 0, 7426.56, 0, 0, 0, 0.30, 596, 0, 7426.56, 19012, 19012
1694842280, 0, 0, 120, 0, 0, 7426.56, 0, 0, 0, 0.33, 597, 0, 7426.56, 19012, 19012
1694842283, 0, 0, 120, 0, 0, 7426.56, 0, 0, 0, 0.30, 598, 0, 7426.56, 19012, 19012
1694842287, 0, 0, 120, 0, 0, 7426.56, 0, 0, 0, 0.29, 599, 0, 7426.56, 19012, 19012
1694842290, 0, 0, 120, 0, 0, 7426.56, 0, 0, 0, 0.33, 600, 0, 7426.56, 19012, 19012
1694842292, 0, 0, 120, 0, 0, 7426.56, 0, 0, 0, 0.37, 601, 0, 7426.56, 19012, 19012
1694842296, 0, 0, 120, 0, 0, 7426.56, 0, 0, 0, 0.28, 602, 0, 7426.56, 19012, 19012
1694842299, 0, 0, 120, 0, 0, 7426.56, 0, 0, 0, 0.31, 603, 0, 7426.56, 19012, 19012
1694842302, 0, 0, 120, 0, 0, 7426.56, 0, 0, 0, 0.32, 604, 0, 7426.56, 19012, 19012
1694842306, 0, 0, 120, 0, 0, 7426.56, 0, 0, 0, 0.27, 605, 0, 7426.56, 19012, 19012
1694842309, 0, 0, 120, 0, 0, 7426.56, 0, 0, 0, 0.35, 606, 0, 7426.56, 19012, 19012
1694842312, 0, 0, 120, 0, 0, 7426.56, 0, 0, 0, 0.36, 607, 0, 7426.56, 19012, 19012
1694842316, 0, 0, 121, 0, 0, 7426.56, 0, 0, 0, 0.22, 608, 0, 7426.56, 19012, 19012
1694842319, 0, 0, 121, 0, 0, 7426.56, 0, 0, 0, 0.31, 609, 0, 7426.56, 19012, 19012
1694842323, 0, 0, 121, 0, 0, 7426.56, 0, 0, 0, 0.28, 610, 0, 7426.56, 19012, 19012
1694842326, 0, 0, 121, 0, 0, 7426.56, 0, 0, 0, 0.30, 611, 0, 7426.56, 19012, 19012
1694842329, 0, 0, 121, 0, 0, 7426.56, 0, 0, 0, 0.34, 612, 0, 7426.56, 19012, 19012
1694842333, 0, 0, 121, 0, 0, 7426.56, 0, 0, 0, 0.29, 613, 0, 7426.56, 19012, 19012
1694842336, 0, 0, 121, 0, 0, 7426.56, 0, 0, 0, 0.30, 614, 0, 7426.56, 19012, 19012
1694842339, 0, 0, 121, 0, 0, 7426.56, 0, 0, 0, 0.33, 615, 0, 7426.56, 19012, 19012
1694842342, 0, 0, 122, 0, 0, 7426.56, 0, 0, 0, 0.32, 616, 0, 7426.56, 19012, 19012
1694842345, 0, 0, 122, 0, 0, 7426.56, 0, 0, 0, 0.38, 617, 0, 7426.56, 19012, 19012
1694842347, 0, 0, 122, 0, 0, 7426.56, 0, 0, 0, 0.39, 618, 0, 7426.56, 19012, 19012
1694842351, 0, 0, 122, 0, 0, 7426.56, 0, 0, 0, 0.28, 619, 0, 7426.56, 19012, 19012
1694842354, 0, 0, 122, 0, 0, 7426.56, 0, 0, 0, 0.35, 620, 0, 7426.56, 19012, 19012
1694842356, 0, 0, 122, 0, 0, 7426.56, 0, 0, 0, 0.37, 621, 0, 7426.56, 19012, 19012
1694842360, 0, 0, 122, 0, 0, 7426.56, 0, 0, 0, 0.26, 622, 0, 7426.56, 19012, 19012
1694842363, 0, 0, 122, 0, 0, 7426.56, 0, 0, 0, 0.33, 623, 0, 7426.56, 19012, 19012
1694842366, 0, 0, 122, 0, 0, 7426.56, 0, 0, 0, 0.34, 624, 0, 7426.56, 19012, 19012
1694842369, 0, 0, 122, 0, 0, 7426.56, 0, 0, 0, 0.32, 625, 0, 7426.56, 19012, 19012
1694842372, 0, 0, 122, 0, 0, 7426.56, 0, 0, 0, 0.36, 626, 0, 7426.56, 19012, 19012
1694842375, 0, 0, 122, 0, 0, 7426.56, 0, 0, 0, 0.40, 627, 0, 7426.56, 19012, 19012
1694842378, 0, 0, 122, 0, 0, 7426.56, 0, 0, 0, 0.33, 628, 0, 7426.56, 19012, 19012
1694842381, 0, 0, 122, 0, 0, 7426.56, 0, 0, 0, 0.29, 629, 0, 7426.56, 19012, 19012
1694842385, 0, 0, 122, 0, 0, 7426.56, 0, 0, 0, 0.30, 630, 0, 7426.56, 19012, 19012
1694842388, 0, 0, 122, 0, 0, 7426.56, 0, 0, 0, 0.29, 631, 0, 7426.56, 19012, 19012
1694842391, 0, 0, 122, 0, 0, 7426.56, 0, 0, 0, 0.32, 632, 0, 7426.56, 19012, 19012
1694842394, 0, 0, 122, 0, 0, 7426.56, 0, 0, 0, 0.36, 633, 0, 7426.56, 19012, 19012
1694842399, 0, 0, 122, 0, 0, 7426.56, 0, 0, 0, 0.19, 634, 0, 7426.56, 19012, 19012
1694842403, 0, 0, 122, 0, 0, 7426.56, 0, 0, 0, 0.26, 635, 0, 7426.56, 19012, 19012
1694842406, 0, 0, 122, 0, 0, 7426.56, 0, 0, 0, 0.33, 636, 0, 7426.56, 19012, 19012
1694842409, 0, 0, 122, 0, 0, 7426.56, 0, 0, 0, 0.29, 637, 0, 7426.56, 19012, 19012
1694842412, 0, 0, 122, 0, 0, 7426.56, 0, 0, 0, 0.35, 638, 0, 7426.56, 19012, 19012
1694842415, 0, 0, 122, 0, 0, 7426.56, 0, 0, 0, 0.32, 639, 0, 7426.56, 19012, 19012
1694842418, 0, 0, 122, 0, 0, 7426.56, 0, 0, 0, 0.34, 640, 0, 7426.56, 19012, 19012
1694842421, 0, 0, 122, 0, 0, 7426.56, 0, 0, 0, 0.36, 641, 0, 7426.56, 19012, 19012
1694842425, 0, 0, 122, 0, 0, 7426.56, 0, 0, 0, 0.29, 642, 0, 7426.56, 19012, 19012
1694842428, 0, 0, 122, 0, 0, 7426.56, 0, 0, 0, 0.32, 643, 0, 7426.56, 19012, 19012
1694842431, 0, 0, 122, 0, 0, 7426.56, 0, 0, 0, 0.36, 644, 0, 7426.56, 19012, 19012
1694842434, 0, 0, 122, 0, 0, 7426.56, 0, 0, 0, 0.26, 645, 0, 7426.56, 19012, 19012
1694842438, 0, 0, 122, 0, 0, 7426.56, 0, 0, 0, 0.31, 646, 0, 7426.56, 19012, 19012
1694842440, 0, 0, 122, 0, 0, 7426.56, 0, 0, 0, 0.42, 647, 0, 7426.56, 19012, 19012
1694842444, 0, 0, 122, 0, 0, 7426.56, 0, 0, 0, 0.27, 648, 0, 7426.56, 19012, 19012
1694842447, 0, 0, 122, 0, 0, 7426.56, 0, 0, 0, 0.31, 649, 0, 7426.56, 19012, 19012
1694842451, 0, 0, 123, 0, 0, 7426.56, 0, 0, 0, 0.27, 650, 0, 7426.56, 19012, 19012
1694842454, 0, 0, 123, 0, 0, 7426.56, 0, 0, 0, 0.33, 651, 0, 7426.56, 19012, 19012
1694842457, 0, 0, 123, 0, 0, 7426.56, 0, 0, 0, 0.34, 652, 0, 7426.56, 19012, 19012
1694842459, 0, 0, 123, 0, 0, 7426.56, 0, 0, 0, 0.41, 653, 0, 7426.56, 19012, 19012
1694842462, 0, 0, 123, 0, 0, 7426.56, 0, 0, 0, 0.32, 654, 0, 7426.56, 19012, 19012
1694842465, 0, 0, 123, 0, 0, 7426.56, 0, 0, 0, 0.36, 655, 0, 7426.56, 19012, 19012
1694842467, 0, 0, 123, 0, 0, 7426.56, 0, 0, 0, 0.41, 656, 0, 7426.56, 19012, 19012
1694842471, 0, 0, 123, 0, 0, 7426.56, 0, 0, 0, 0.28, 657, 0, 7426.56, 19012, 19012
1694842474, 0, 0, 123, 0, 0, 7426.56, 0, 0, 0, 0.31, 658, 0, 7426.56, 19012, 19012
1694842477, 0, 0, 123, 0, 0, 7426.56, 0, 0, 0, 0.34, 659, 0, 7426.56, 19012, 19012
1694842480, 0, 0, 123, 0, 0, 7426.56, 0, 0, 0, 0.30, 660, 0, 7426.56, 19012, 19012
1694842484, 0, 0, 123, 0, 0, 7426.56, 0, 0, 0, 0.29, 661, 0, 7426.56, 19012, 19012
1694842487, 0, 0, 123, 0, 0, 7426.56, 0, 0, 0, 0.34, 662, 0, 7426.56, 19012, 19012
1694842491, 0, 0, 123, 0, 0, 7426.56, 0, 0, 0, 0.26, 663, 0, 7426.56, 19012, 19012
1694842494, 0, 0, 123, 0, 0, 7426.56, 0, 0, 0, 0.33, 664, 0, 7426.56, 19012, 19012
1694842496, 0, 0, 124, 0, 0, 7426.56, 0, 0, 0, 0.36, 665, 0, 7426.56, 19012, 19012
1694842500, 0, 0, 124, 0, 0, 7426.56, 0, 0, 0, 0.26, 666, 0, 7426.56, 19012, 19012
1694842504, 0, 0, 124, 0, 0, 7426.56, 0, 0, 0, 0.29, 667, 0, 7426.56, 19012, 19012
1694842507, 0, 0, 124, 0, 0, 7426.56, 0, 0, 0, 0.35, 668, 0, 7426.56, 19012, 19012
1694842510, 0, 0, 124, 0, 0, 7426.56, 0, 0, 0, 0.26, 669, 0, 7426.56, 19012, 19012
1694842514, 0, 0, 124, 0, 0, 7426.56, 0, 0, 0, 0.29, 670, 0, 7426.56, 19012, 19012
1694842517, 0, 0, 124, 0, 0, 7426.56, 0, 0, 0, 0.30, 671, 0, 7426.56, 19012, 19012
1694842523, 0, 0, 124, 0, 0, 7426.56, 0, 0, 0, 0.17, 672, 0, 7426.56, 19012, 19012
1694842527, 0, 0, 124, 0, 0, 7426.56, 0, 0, 0, 0.27, 673, 0, 7426.56, 19012, 19012
1694842530, 0, 0, 124, 0, 0, 7426.56, 0, 0, 0, 0.29, 674, 0, 7426.56, 19012, 19012
1694842533, 0, 0, 124, 0, 0, 7426.56, 0, 0, 0, 0.31, 675, 0, 7426.56, 19012, 19012
1694842539, 0, 0, 124, 0, 0, 7426.56, 0, 0, 0, 0.16, 676, 0, 7426.56, 19012, 19012
1694842542, 0, 0, 124, 0, 0, 7426.56, 0, 0, 0, 0.43, 677, 0, 7426.56, 19012, 19012
1694842545, 0, 0, 124, 0, 0, 7426.56, 0, 0, 0, 0.34, 678, 0, 7426.56, 19012, 19012
1694842551, 0, 0, 124, 0, 0, 7426.56, 0, 0, 0, 0.17, 679, 0, 7426.56, 19012, 19012
1694842554, 0, 0, 125, 0, 0, 7426.56, 0, 0, 0, 0.28, 680, 0, 7426.56, 19012, 19012
1694842559, 0, 0, 125, 0, 0, 7426.56, 0, 0, 0, 0.20, 681, 0, 7426.56, 19012, 19012
1694842562, 0, 0, 125, 0, 0, 7426.56, 0, 0, 0, 0.33, 682, 0, 7426.56, 19012, 19012
1694842566, 0, 0, 126, 0, 0, 7426.56, 0, 0, 0, 0.27, 683, 0, 7426.56, 19012, 19012
1694842569, 0, 0, 126, 0, 0, 7426.56, 0, 0, 0, 0.36, 684, 0, 7426.56, 19012, 19012
1694842572, 0, 0, 126, 0, 0, 7426.56, 0, 0, 0, 0.29, 685, 0, 7426.56, 19012, 19012
1694842576, 0, 0, 126, 0, 0, 7426.56, 0, 0, 0, 0.29, 686, 0, 7426.56, 19012, 19012
1694842578, 0, 0, 126, 0, 0, 7426.56, 0, 0, 0, 0.34, 687, 0, 7426.56, 19012, 19012
1694842582, 0, 0, 126, 0, 0, 7426.56, 0, 0, 0, 0.26, 688, 0, 7426.56, 19012, 19012
1694842585, 0, 0, 126, 0, 0, 7426.56, 0, 0, 0, 0.34, 689, 0, 7426.56, 19012, 19012
1694842589, 0, 0, 126, 0, 0, 7426.56, 0, 0, 0, 0.28, 690, 0, 7426.56, 19012, 19012
1694842592, 0, 0, 126, 0, 0, 7426.56, 0, 0, 0, 0.29, 691, 0, 7426.56, 19012, 19012
1694842595, 0, 0, 126, 0, 0, 7426.56, 0, 0, 0, 0.31, 692, 0, 7426.56, 19012, 19012
1694842599, 0, 0, 126, 0, 0, 7426.56, 0, 0, 0, 0.31, 693, 0, 7426.56, 19012, 19012
1694842602, 0, 0, 126, 0, 0, 7426.56, 0, 0, 0, 0.27, 694, 0, 7426.56, 19012, 19012
1694842606, 0, 0, 126, 0, 0, 7426.56, 0, 0, 0, 0.27, 695, 0, 7426.56, 19012, 19012
1694842610, 0, 0, 126, 0, 0, 7426.56, 0, 0, 0, 0.29, 696, 0, 7426.56, 19012, 19012
1694842612, 0, 0, 126, 0, 0, 7426.56, 0, 0, 0, 0.38, 697, 0, 7426.56, 19012, 19012
1694842615, 0, 0, 126, 0, 0, 7426.56, 0, 0, 0, 0.42, 698, 0, 7426.56, 19012, 19012
1694842623, 0, 0, 126, 0, 0, 7426.56, 0, 0, 0, 0.13, 699, 0, 7426.56, 19012, 19012
1694842626, 0, 0, 126, 0, 0, 7426.56, 0, 0, 0, 0.33, 700, 0, 7426.56, 19012, 19012
1694842629, 0, 0, 126, 0, 0, 7426.56, 0, 0, 0, 0.27, 701, 0, 7426.56, 19012, 19012
1694842632, 0, 0, 126, 0, 0, 7426.56, 0, 0, 0, 0.34, 702, 0, 7426.56, 19012, 19012
1694842640, 0, 0, 126, 0, 0, 7426.56, 0, 0, 0, 0.13, 703, 0, 7426.56, 19012, 19012
1694842643, 0, 0, 126, 0, 0, 7426.56, 0, 0, 0, 0.30, 704, 0, 7426.56, 19012, 19012
1694842646, 0, 0, 126, 0, 0, 7426.56, 0, 0, 0, 0.34, 705, 0, 7426.56, 19012, 19012
1694842649, 0, 0, 127, 0, 0, 7426.56, 0, 0, 0, 0.38, 706, 0, 7426.56, 19012, 19012
1694842657, 0, 0, 127, 0, 0, 7426.56, 0, 0, 0, 0.13, 707, 0, 7426.56, 19012, 19012
1694842660, 0, 0, 127, 0, 0, 7426.56, 0, 0, 0, 0.30, 708, 0, 7426.56, 19012, 19012
1694842671, 0, 0, 128, 0, 0, 7426.56, 0, 0, 0, 0.10, 709, 0, 7426.56, 19012, 19012
1694842673, 0, 0, 128, 0, 0, 7426.56, 0, 0, 0, 0.36, 710, 0, 7426.56, 19012, 19012
1694842676, 0, 0, 128, 0, 0, 7426.56, 0, 0, 0, 0.33, 711, 0, 7426.56, 19012, 19012
1694842679, 0, 0, 128, 0, 0, 7426.56, 0, 0, 0, 0.33, 712, 0, 7426.56, 19012, 19012
1694842689, 0, 0, 128, 0, 0, 7426.56, 0, 0, 0, 0.11, 713, 0, 7426.56, 19012, 19012
1694842692, 0, 0, 128, 0, 0, 7426.56, 0, 0, 0, 0.29, 714, 0, 7426.56, 19012, 19012
1694842696, 0, 0, 128, 0, 0, 7426.56, 0, 0, 0, 0.25, 715, 0, 7426.56, 19012, 19012
1694842699, 0, 0, 128, 0, 0, 7426.56, 0, 0, 0, 0.32, 716, 0, 7426.56, 19012, 19012
1694842703, 0, 0, 128, 0, 0, 7426.56, 0, 0, 0, 0.28, 717, 0, 7426.56, 19012, 19012
1694842706, 0, 0, 128, 0, 0, 7426.56, 0, 0, 0, 0.32, 718, 0, 7426.56, 19012, 19012
1694842710, 0, 0, 128, 0, 0, 7426.56, 0, 0, 0, 0.22, 719, 0, 7426.56, 19012, 19012
1694842713, 0, 0, 128, 0, 0, 7426.56, 0, 0, 0, 0.41, 720, 0, 7426.56, 19012, 19012
1694842718, 0, 0, 128, 0, 0, 7426.56, 0, 0, 0, 0.20, 721, 0, 7426.56, 19012, 19012
1694842720, 0, 0, 128, 0, 0, 7426.56, 0, 0, 0, 0.38, 722, 0, 7426.56, 19012, 19012
1694842725, 0, 0, 128, 0, 0, 7426.56, 0, 0, 0, 0.21, 723, 0, 7426.56, 19012, 19012
1694842728, 0, 0, 128, 0, 0, 7426.56, 0, 0, 0, 0.35, 724, 0, 7426.56, 19012, 19012
1694842734, 0, 0, 128, 0, 0, 7426.56, 0, 0, 0, 0.18, 725, 0, 7426.56, 19012, 19012
1694842737, 0, 0, 128, 0, 0, 7426.56, 0, 0, 0, 0.28, 726, 0, 7426.56, 19012, 19012
1694842740, 0, 0, 128, 0, 0, 7426.56, 0, 0, 0, 0.32, 727, 0, 7426.56, 19012, 19012
1694842743, 0, 0, 128, 0, 0, 7426.56, 0, 0, 0, 0.37, 728, 0, 7426.56, 19012, 19012
1694842747, 0, 0, 128, 0, 0, 7426.56, 0, 0, 0, 0.23, 729, 0, 7426.56, 19012, 19012
1694842751, 0, 0, 128, 0, 0, 7426.56, 0, 0, 0, 0.28, 730, 0, 7426.56, 19012, 19012
1694842755, 0, 0, 128, 0, 0, 7426.56, 0, 0, 0, 0.27, 731, 0, 7426.56, 19012, 19012
1694842758, 0, 0, 128, 0, 0, 7426.56, 0, 0, 0, 0.31, 732, 0, 7426.56, 19012, 19012
1694842762, 0, 0, 128, 0, 0, 7426.56, 0, 0, 0, 0.28, 733, 0, 7426.56, 19012, 19012
1694842765, 0, 0, 128, 0, 0, 7426.56, 0, 0, 0, 0.28, 734, 0, 7426.56, 19012, 19012
1694842769, 0, 0, 128, 0, 0, 7426.56, 0, 0, 0, 0.28, 735, 0, 7426.56, 19012, 19012
1694842772, 0, 0, 128, 0, 0, 7426.56, 0, 0, 0, 0.32, 736, 0, 7426.56, 19012, 19012
1694842776, 0, 0, 128, 0, 0, 7426.56, 0, 0, 0, 0.27, 737, 0, 7426.56, 19012, 19012
1694842779, 0, 0, 128, 0, 0, 7426.56, 0, 0, 0, 0.31, 738, 0, 7426.56, 19012, 19012
1694842782, 0, 0, 128, 0, 0, 7426.56, 0, 0, 0, 0.34, 739, 0, 7426.56, 19012, 19012
1694842786, 0, 0, 128, 0, 0, 7426.56, 0, 0, 0, 0.25, 740, 0, 7426.56, 19012, 19012
1694842789, 0, 0, 128, 0, 0, 7426.56, 0, 0, 0, 0.32, 741, 0, 7426.56, 19012, 19012
1694842792, 0, 0, 128, 0, 0, 7426.56, 0, 0, 0, 0.28, 742, 0, 7426.56, 19012, 19012
1694842796, 0, 0, 128, 0, 0, 7426.56, 0, 0, 0, 0.26, 743, 0, 7426.56, 19012, 19012
1694842800, 0, 0, 128, 0, 0, 7426.56, 0, 0, 0, 0.29, 744, 0, 7426.56, 19012, 19012
1694842803, 0, 0, 128, 0, 0, 7426.56, 0, 0, 0, 0.29, 745, 0, 7426.56, 19012, 19012
1694842806, 0, 0, 128, 0, 0, 7426.56, 0, 0, 0, 0.30, 746, 0, 7426.56, 19012, 19012
1694842810, 0, 0, 128, 0, 0, 7426.56, 0, 0, 0, 0.27, 747, 0, 7426.56, 19012, 19012
1694842813, 0, 0, 128, 0, 0, 7426.56, 0, 0, 0, 0.33, 748, 0, 7426.56, 19012, 19012
1694842817, 0, 0, 128, 0, 0, 7426.56, 0, 0, 0, 0.28, 749, 0, 7426.56, 19012, 19012
1694842820, 0, 0, 128, 0, 0, 7426.56, 0, 0, 0, 0.28, 750, 0, 7426.56, 19012, 19012
1694842824, 0, 0, 128, 0, 0, 7426.56, 0, 0, 0, 0.31, 751, 0, 7426.56, 19012, 19012
1694842827, 0, 0, 128, 0, 0, 7426.56, 0, 0, 0, 0.26, 752, 0, 7426.56, 19012, 19012
1694842831, 0, 0, 128, 0, 0, 7426.56, 0, 0, 0, 0.28, 753, 0, 7426.56, 19012, 19012
1694842834, 0, 0, 129, 0, 0, 7426.56, 0, 0, 0, 0.34, 754, 0, 7426.56, 19012, 19012
1694842838, 0, 0, 129, 0, 0, 7426.56, 0, 0, 0, 0.26, 755, 0, 7426.56, 19012, 19012
1694842841, 0, 0, 129, 0, 0, 7426.56, 0, 0, 0, 0.29, 756, 0, 7426.56, 19012, 19012
1694842844, 0, 0, 129, 0, 0, 7426.56, 0, 0, 0, 0.34, 757, 0, 7426.56, 19012, 19012
1694842848, 0, 0, 129, 0, 0, 7426.56, 0, 0, 0, 0.26, 758, 0, 7426.56, 19012, 19012
1694842852, 0, 0, 129, 0, 0, 7426.56, 0, 0, 0, 0.25, 759, 0, 7426.56, 19012, 19012
1694842855, 0, 0, 129, 0, 0, 7426.56, 0, 0, 0, 0.28, 760, 0, 7426.56, 19012, 19012
1694842859, 0, 0, 129, 0, 0, 7426.56, 0, 0, 0, 0.26, 761, 0, 7426.56, 19012, 19012
1694842863, 0, 0, 129, 0, 0, 7426.56, 0, 0, 0, 0.27, 762, 0, 7426.56, 19012, 19012
1694842866, 0, 0, 129, 0, 0, 7426.56, 0, 0, 0, 0.31, 763, 0, 7426.56, 19012, 19012
1694842872, 0, 0, 130, 0, 0, 7426.56, 0, 0, 0, 0.16, 764, 0, 7426.56, 19012, 19012
1694842880, 0, 0, 130, 0, 0, 7426.56, 0, 0, 0, 0.13, 765, 0, 7426.56, 19012, 19012
1694842885, 0, 0, 130, 0, 0, 7426.56, 0, 0, 0, 0.23, 766, 0, 7426.56, 19012, 19012
1694842888, 0, 0, 130, 0, 0, 7426.56, 0, 0, 0, 0.33, 767, 0, 7426.56, 19012, 19012
1694842890, 0, 0, 130, 0, 0, 7426.56, 0, 0, 0, 0.35, 768, 0, 7426.56, 19012, 19012
1694842894, 0, 0, 130, 0, 0, 7426.56, 0, 0, 0, 0.29, 769, 0, 7426.56, 19012, 19012
1694842898, 0, 0, 130, 0, 0, 7426.56, 0, 0, 0, 0.28, 770, 0, 7426.56, 19012, 19012
1694842901, 0, 0, 130, 0, 0, 7426.56, 0, 0, 0, 0.33, 771, 0, 7426.56, 19012, 19012
1694842905, 0, 0, 130, 0, 0, 7426.56, 0, 0, 0, 0.21, 772, 0, 7426.56, 19012, 19012
1694842909, 0, 0, 130, 0, 0, 7426.56, 0, 0, 0, 0.27, 773, 0, 7426.56, 19012, 19012
1694842912, 0, 0, 130, 0, 0, 7426.56, 0, 0, 0, 0.34, 774, 0, 7426.56, 19012, 19012
1694842916, 0, 0, 130, 0, 0, 7426.56, 0, 0, 0, 0.25, 775, 0, 7426.56, 19012, 19012
1694842920, 0, 0, 131, 0, 0, 7426.56, 0, 0, 0, 0.25, 776, 0, 7426.56, 19012, 19012
1694842923, 0, 0, 132, 0, 0, 7426.56, 0, 0, 0, 0.28, 777, 0, 7426.56, 19012, 19012
1694842927, 0, 0, 132, 0, 0, 7426.56, 0, 0, 0, 0.27, 778, 0, 7426.56, 19012, 19012
1694842931, 0, 0, 132, 0, 0, 7426.56, 0, 0, 0, 0.27, 779, 0, 7426.56, 19012, 19012
1694842934, 0, 0, 132, 0, 0, 7426.56, 0, 0, 0, 0.33, 780, 0, 7426.56, 19012, 19012
1694842938, 0, 0, 132, 0, 0, 7426.56, 0, 0, 0, 0.26, 781, 0, 7426.56, 19012, 19012
1694842942, 0, 0, 132, 0, 0, 7426.56, 0, 0, 0, 0.22, 782, 0, 7426.56, 19012, 19012
1694842945, 0, 0, 132, 0, 0, 7426.56, 0, 0, 0, 0.35, 783, 0, 7426.56, 19012, 19012
1694842949, 0, 0, 132, 0, 0, 7426.56, 0, 0, 0, 0.26, 784, 0, 7426.56, 19012, 19012
1694842952, 0, 0, 132, 0, 0, 7426.56, 0, 0, 0, 0.30, 785, 0, 7426.56, 19012, 19012
1694842956, 0, 0, 132, 0, 0, 7426.56, 0, 0, 0, 0.27, 786, 0, 7426.56, 19012, 19012
1694842960, 0, 0, 132, 0, 0, 7426.56, 0, 0, 0, 0.25, 787, 0, 7426.56, 19012, 19012
1694842963, 0, 0, 132, 0, 0, 7426.56, 0, 0, 0, 0.31, 788, 0, 7426.56, 19012, 19012
1694842966, 0, 0, 132, 0, 0, 7426.56, 0, 0, 0, 0.35, 789, 0, 7426.56, 19012, 19012
1694842969, 0, 0, 132, 0, 0, 7426.56, 0, 0, 0, 0.28, 790, 0, 7426.56, 19012, 19012
1694842973, 0, 0, 132, 0, 0, 7426.56, 0, 0, 0, 0.31, 791, 0, 7426.56, 19012, 19012
1694842976, 0, 0, 132, 0, 0, 7426.56, 0, 0, 0, 0.31, 792, 0, 7426.56, 19012, 19012
1694842980, 0, 0, 132, 0, 0, 7426.56, 0, 0, 0, 0.23, 793, 0, 7426.56, 19012, 19012
1694842984, 0, 0, 132, 0, 0, 7426.56, 0, 0, 0, 0.30, 794, 0, 7426.56, 19012, 19012
1694842986, 0, 0, 132, 0, 0, 7426.56, 0, 0, 0, 0.37, 795, 0, 7426.56, 19012, 19012
1694842990, 0, 0, 132, 0, 0, 7426.56, 0, 0, 0, 0.25, 796, 0, 7426.56, 19012, 19012
1694842994, 0, 0, 132, 0, 0, 7426.56, 0, 0, 0, 0.27, 797, 0, 7426.56, 19012, 19012
1694842997, 0, 0, 132, 0, 0, 7426.56, 0, 0, 0, 0.33, 798, 0, 7426.56, 19012, 19012
1694843001, 0, 0, 132, 0, 0, 7426.56, 0, 0, 0, 0.27, 799, 0, 7426.56, 19012, 19012
1694843004, 0, 0, 132, 0, 0, 7426.56, 0, 0, 0, 0.31, 800, 0, 7426.56, 19012, 19012
1694843007, 0, 0, 132, 0, 0, 7426.56, 0, 0, 0, 0.33, 801, 0, 7426.56, 19012, 19012
1694843011, 0, 0, 132, 0, 0, 7426.56, 0, 0, 0, 0.27, 802, 0, 7426.56, 19012, 19012
1694843014, 0, 0, 132, 0, 0, 7426.56, 0, 0, 0, 0.29, 803, 0, 7426.56, 19012, 19012
1694843017, 0, 0, 132, 0, 0, 7426.56, 0, 0, 0, 0.40, 804, 0, 7426.56, 19012, 19012
1694843020, 0, 0, 132, 0, 0, 7426.56, 0, 0, 0, 0.29, 805, 0, 7426.56, 19012, 19012
1694843023, 0, 0, 132, 0, 0, 7426.56, 0, 0, 0, 0.29, 806, 0, 7426.56, 19012, 19012
1694843026, 0, 0, 132, 0, 0, 7426.56, 0, 0, 0, 0.34, 807, 0, 7426.56, 19012, 19012
1694843030, 0, 0, 132, 0, 0, 7426.56, 0, 0, 0, 0.30, 808, 0, 7426.56, 19012, 19012
1694843038, 0, 0, 132, 0, 0, 7426.56, 0, 0, 0, 0.13, 809, 0, 7426.56, 19012, 19012
1694843041, 0, 0, 132, 0, 0, 7426.56, 0, 0, 0, 0.27, 810, 0, 7426.56, 19012, 19012
1694843045, 0, 0, 132, 0, 0, 7426.56, 0, 0, 0, 0.30, 811, 0, 7426.56, 19012, 19012
1694843048, 0, 0, 132, 0, 0, 7426.56, 0, 0, 0, 0.33, 812, 0, 7426.56, 19012, 19012
1694843051, 0, 0, 132, 0, 0, 7426.56, 0, 0, 0, 0.30, 813, 0, 7426.56, 19012, 19012
1694843053, 0, 0, 132, 0, 0, 7426.56, 0, 0, 0, 0.45, 814, 0, 7426.56, 19012, 19012
1694843055, 0, 0, 132, 0, 0, 7426.56, 0, 0, 0, 0.46, 815, 0, 7426.56, 19012, 19012
1694843066, 0, 0, 132, 0, 0, 7426.56, 0, 0, 0, 0.09, 816, 0, 7426.56, 19012, 19012
1694843069, 0, 0, 132, 0, 0, 7426.56, 0, 0, 0, 0.31, 817, 0, 7426.56, 19012, 19012
1694843074, 0, 0, 132, 0, 0, 7426.56, 0, 0, 0, 0.20, 818, 0, 7426.56, 19012, 19012
1694843077, 0, 0, 132, 0, 0, 7426.56, 0, 0, 0, 0.34, 819, 0, 7426.56, 19012, 19012
1694843082, 0, 0, 132, 0, 0, 7426.56, 0, 0, 0, 0.21, 820, 0, 7426.56, 19012, 19012
1694843084, 0, 0, 132, 0, 0, 7426.56, 0, 0, 0, 0.45, 821, 0, 7426.56, 19012, 19012
1694843087, 0, 0, 132, 0, 0, 7426.56, 0, 0, 0, 0.31, 822, 0, 7426.56, 19012, 19012
1694843090, 0, 0, 132, 0, 0, 7426.56, 0, 0, 0, 0.34, 823, 0, 7426.56, 19012, 19012
1694843093, 0, 0, 132, 0, 0, 7426.56, 0, 0, 0, 0.35, 824, 0, 7426.56, 19012, 19012
1694843096, 0, 0, 132, 0, 0, 7426.56, 0, 0, 0, 0.34, 825, 0, 7426.56, 19012, 19012
1694843107, 0, 0, 132, 0, 0, 7426.56, 0, 0, 0, 0.09, 826, 0, 7426.56, 19012, 19012
1694843110, 0, 0, 132, 0, 0, 7426.56, 0, 0, 0, 0.32, 827, 0, 7426.56, 19012, 19012
1694843112, 0, 0, 132, 0, 0, 7426.56, 0, 0, 0, 0.39, 828, 0, 7426.56, 19012, 19012
1694843115, 0, 0, 132, 0, 0, 7426.56, 0, 0, 0, 0.36, 829, 0, 7426.56, 19012, 19012
1694843119, 0, 0, 132, 0, 0, 7426.56, 0, 0, 0, 0.24, 830, 0, 7426.56, 19012, 19012
1694843123, 0, 0, 132, 0, 0, 7426.56, 0, 0, 0, 0.27, 831, 0, 7426.56, 19012, 19012
1694843134, 0, 0, 132, 0, 0, 7426.56, 0, 0, 0, 0.09, 832, 0, 7426.56, 19012, 19012
1694843139, 0, 0, 132, 0, 0, 7426.56, 0, 0, 0, 0.20, 833, 0, 7426.56, 19012, 19012
1694843146, 0, 0, 132, 0, 0, 7426.56, 0, 0, 0, 0.13, 834, 0, 7426.56, 19012, 19012
1694843150, 0, 0, 132, 0, 0, 7426.56, 0, 0, 0, 0.27, 835, 0, 7426.56, 19012, 19012
1694843155, 0, 0, 133, 0, 0, 7464.84, 0, 0, 0, 0.20, 836, 0, 7464.84, 19110, 19110
1694843159, 0, 0, 133, 0, 0, 7464.84, 0, 0, 0, 0.25, 837, 0, 7464.84, 19110, 19110
1694843163, 0, 0, 133, 0, 0, 7464.84, 0, 0, 0, 0.27, 838, 0, 7464.84, 19110, 19110
1694843166, 0, 0, 133, 0, 0, 7464.84, 0, 0, 0, 0.32, 839, 0, 7464.84, 19110, 19110
1694843169, 0, 0, 133, 0, 0, 7464.84, 0, 0, 0, 0.30, 840, 0, 7464.84, 19110, 19110
1694843172, 0, 0, 133, 0, 0, 7464.84, 0, 0, 0, 0.33, 841, 0, 7464.84, 19110, 19110
1694843175, 0, 0, 133, 0, 0, 7464.84, 0, 0, 0, 0.35, 842, 0, 7464.84, 19110, 19110
1694843179, 0, 0, 133, 0, 0, 7464.84, 0, 0, 0, 0.25, 843, 0, 7464.84, 19110, 19110
1694843183, 0, 0, 133, 0, 0, 7464.84, 0, 0, 0, 0.28, 844, 0, 7464.84, 19110, 19110
1694843186, 0, 0, 133, 0, 0, 7464.84, 0, 0, 0, 0.30, 845, 0, 7464.84, 19110, 19110
1694843190, 0, 0, 133, 0, 0, 7464.84, 0, 0, 0, 0.27, 846, 0, 7464.84, 19110, 19110
1694843193, 0, 0, 133, 0, 0, 7464.84, 0, 0, 0, 0.31, 847, 0, 7464.84, 19110, 19110
1694843199, 0, 0, 133, 0, 0, 7464.84, 0, 0, 0, 0.17, 848, 0, 7464.84, 19110, 19110
1694843203, 0, 0, 133, 0, 0, 7464.84, 0, 0, 0, 0.24, 849, 0, 7464.84, 19110, 19110
1694843207, 0, 0, 133, 0, 0, 7464.84, 0, 0, 0, 0.27, 850, 0, 7464.84, 19110, 19110
1694843210, 0, 0, 133, 0, 0, 7464.84, 0, 0, 0, 0.31, 851, 0, 7464.84, 19110, 19110
1694843214, 0, 0, 133, 0, 0, 7464.84, 0, 0, 0, 0.27, 852, 0, 7464.84, 19110, 19110
1694843217, 0, 0, 133, 0, 0, 7464.84, 0, 0, 0, 0.33, 853, 0, 7464.84, 19110, 19110
1694843221, 0, 0, 134, 0, 0, 7465.23, 0, 0, 0, 0.25, 854, 0, 7465.23, 19111, 19111
1694843225, 0, 0, 134, 0, 0, 7465.23, 0, 0, 0, 0.25, 855, 0, 7465.23, 19111, 19111
1694843228, 0, 0, 134, 0, 0, 7465.23, 0, 0, 0, 0.27, 856, 0, 7465.23, 19111, 19111
1694843232, 0, 0, 134, 0, 0, 7465.23, 0, 0, 0, 0.30, 857, 0, 7465.23, 19111, 19111
1694843236, 0, 0, 134, 0, 0, 7465.23, 0, 0, 0, 0.24, 858, 0, 7465.23, 19111, 19111
1694843239, 0, 0, 134, 0, 0, 7465.23, 0, 0, 0, 0.34, 859, 0, 7465.23, 19111, 19111
1694843241, 0, 0, 134, 0, 0, 7465.23, 0, 0, 0, 0.36, 860, 0, 7465.23, 19111, 19111
1694843245, 0, 0, 134, 0, 0, 7465.23, 0, 0, 0, 0.30, 861, 0, 7465.23, 19111, 19111
1694843249, 0, 0, 134, 0, 0, 7465.23, 0, 0, 0, 0.27, 862, 0, 7465.23, 19111, 19111
1694843252, 0, 0, 134, 0, 0, 7465.23, 0, 0, 0, 0.30, 863, 0, 7465.23, 19111, 19111
1694843256, 0, 0, 134, 0, 0, 7465.23, 0, 0, 0, 0.26, 864, 0, 7465.23, 19111, 19111
1694843259, 0, 0, 134, 0, 0, 7465.23, 0, 0, 0, 0.28, 865, 0, 7465.23, 19111, 19111
1694843263, 0, 0, 134, 0, 0, 7465.23, 0, 0, 0, 0.30, 866, 0, 7465.23, 19111, 19111
1694843266, 0, 0, 134, 0, 0, 7465.23, 0, 0, 0, 0.28, 867, 0, 7465.23, 19111, 19111
1694843270, 0, 0, 134, 0, 0, 7465.23, 0, 0, 0, 0.26, 868, 0, 7465.23, 19111, 19111
1694843273, 0, 0, 134, 0, 0, 7465.23, 0, 0, 0, 0.31, 869, 0, 7465.23, 19111, 19111
1694843277, 0, 0, 134, 0, 0, 7465.23, 0, 0, 0, 0.26, 870, 0, 7465.23, 19111, 19111
1694843280, 0, 0, 134, 0, 0, 7465.23, 0, 0, 0, 0.31, 871, 0, 7465.23, 19111, 19111
1694843284, 0, 0, 134, 0, 0, 7465.23, 0, 0, 0, 0.33, 872, 0, 7465.23, 19111, 19111
1694843287, 0, 0, 134, 0, 0, 7465.23, 0, 0, 0, 0.27, 873, 0, 7465.23, 19111, 19111
1694843291, 0, 0, 134, 0, 0, 7465.23, 0, 0, 0, 0.27, 874, 0, 7465.23, 19111, 19111
1694843294, 0, 0, 134, 0, 0, 7465.23, 0, 0, 0, 0.34, 875, 0, 7465.23, 19111, 19111
1694843297, 0, 0, 134, 0, 0, 7465.23, 0, 0, 0, 0.29, 876, 0, 7465.23, 19111, 19111
1694843300, 0, 0, 134, 0, 0, 7465.23, 0, 0, 0, 0.37, 877, 0, 7465.23, 19111, 19111
1694843303, 0, 0, 134, 0, 0, 7465.23, 0, 0, 0, 0.34, 878, 0, 7465.23, 19111, 19111
1694843307, 0, 0, 134, 0, 0, 7465.23, 0, 0, 0, 0.26, 879, 0, 7465.23, 19111, 19111
1694843311, 0, 0, 134, 0, 0, 7465.23, 0, 0, 0, 0.27, 880, 0, 7465.23, 19111, 19111
1694843314, 0, 0, 134, 0, 0, 7465.23, 0, 0, 0, 0.34, 881, 0, 7465.23, 19111, 19111
1694843317, 0, 0, 134, 0, 0, 7465.23, 0, 0, 0, 0.30, 882, 0, 7465.23, 19111, 19111
1694843320, 0, 0, 134, 0, 0, 7465.23, 0, 0, 0, 0.29, 883, 0, 7465.23, 19111, 19111
1694843324, 0, 0, 134, 0, 0, 7465.23, 0, 0, 0, 0.29, 884, 0, 7465.23, 19111, 19111
1694843327, 0, 0, 134, 0, 0, 7465.23, 0, 0, 0, 0.27, 885, 0, 7465.23, 19111, 19111
1694843331, 0, 0, 134, 0, 0, 7465.23, 0, 0, 0, 0.32, 886, 0, 7465.23, 19111, 19111
1694843334, 0, 0, 134, 0, 0, 7465.23, 0, 0, 0, 0.32, 887, 0, 7465.23, 19111, 19111
1694843338, 0, 0, 134, 0, 0, 7465.23, 0, 0, 0, 0.21, 888, 0, 7465.23, 19111, 19111
1694843342, 0, 0, 134, 0, 0, 7465.23, 0, 0, 0, 0.25, 889, 0, 7465.23, 19111, 19111
1694843345, 0, 0, 134, 0, 0, 7465.23, 0, 0, 0, 0.36, 890, 0, 7465.23, 19111, 19111
1694843349, 0, 0, 134, 0, 0, 7465.23, 0, 0, 0, 0.28, 891, 0, 7465.23, 19111, 19111
1694843352, 0, 0, 134, 0, 0, 7465.23, 0, 0, 0, 0.31, 892, 0, 7465.23, 19111, 19111
1694843355, 0, 0, 134, 0, 0, 7465.23, 0, 0, 0, 0.29, 893, 0, 7465.23, 19111, 19111
1694843359, 0, 0, 134, 0, 0, 7465.23, 0, 0, 0, 0.28, 894, 0, 7465.23, 19111, 19111
1694843362, 0, 0, 134, 0, 0, 7465.23, 0, 0, 0, 0.29, 895, 0, 7465.23, 19111, 19111
1694843366, 0, 0, 134, 0, 0, 7465.23, 0, 0, 0, 0.32, 896, 0, 7465.23, 19111, 19111
1694843369, 0, 0, 134, 0, 0, 7465.23, 0, 0, 0, 0.31, 897, 0, 7465.23, 19111, 19111
1694843373, 0, 0, 134, 0, 0, 7465.23, 0, 0, 0, 0.26, 898, 0, 7465.23, 19111, 19111
1694843376, 0, 0, 134, 0, 0, 7465.23, 0, 0, 0, 0.29, 899, 0, 7465.23, 19111, 19111
1694843380, 0, 0, 134, 0, 0, 7465.23, 0, 0, 0, 0.29, 900, 0, 7465.23, 19111, 19111
1694843383, 0, 0, 134, 0, 0, 7465.23, 0, 0, 0, 0.27, 901, 0, 7465.23, 19111, 19111
1694843387, 0, 0, 134, 0, 0, 7465.23, 0, 0, 0, 0.32, 902, 0, 7465.23, 19111, 19111
1694843390, 0, 0, 134, 0, 0, 7465.23, 0, 0, 0, 0.29, 903, 0, 7465.23, 19111, 19111
1694843394, 0, 0, 134, 0, 0, 7465.23, 0, 0, 0, 0.27, 904, 0, 7465.23, 19111, 19111
1694843397, 0, 0, 134, 0, 0, 7465.23, 0, 0, 0, 0.29, 905, 0, 7465.23, 19111, 19111
1694843401, 0, 0, 134, 0, 0, 7465.23, 0, 0, 0, 0.25, 906, 0, 7465.23, 19111, 19111
1694843405, 0, 0, 134, 0, 0, 7465.23, 0, 0, 0, 0.24, 907, 0, 7465.23, 19111, 19111
1694843408, 0, 0, 134, 0, 0, 7465.23, 0, 0, 0, 0.32, 908, 0, 7465.23, 19111, 19111
1694843412, 0, 0, 134, 0, 0, 7465.23, 0, 0, 0, 0.25, 909, 0, 7465.23, 19111, 19111
1694843416, 0, 0, 134, 0, 0, 7465.23, 0, 0, 0, 0.29, 910, 0, 7465.23, 19111, 19111
1694843419, 0, 0, 134, 0, 0, 7465.23, 0, 0, 0, 0.28, 911, 0, 7465.23, 19111, 19111
1694843424, 0, 0, 135, 0, 0, 7465.23, 0, 0, 0, 0.23, 912, 0, 7465.23, 19111, 19111
1694843427, 0, 0, 135, 0, 0, 7465.23, 0, 0, 0, 0.26, 913, 0, 7465.23, 19111, 19111
1694843431, 0, 0, 135, 0, 0, 7465.23, 0, 0, 0, 0.31, 914, 0, 7465.23, 19111, 19111
1694843435, 0, 0, 135, 0, 0, 7465.23, 0, 0, 0, 0.26, 915, 0, 7465.23, 19111, 19111
1694843438, 0, 0, 135, 0, 0, 7465.23, 0, 0, 0, 0.28, 916, 0, 7465.23, 19111, 19111
1694843441, 0, 0, 135, 0, 0, 7465.23, 0, 0, 0, 0.31, 917, 0, 7465.23, 19111, 19111
1694843445, 0, 0, 135, 0, 0, 7465.23, 0, 0, 0, 0.27, 918, 0, 7465.23, 19111, 19111
1694843448, 0, 0, 135, 0, 0, 7465.23, 0, 0, 0, 0.30, 919, 0, 7465.23, 19111, 19111
1694843451, 0, 0, 135, 0, 0, 7465.23, 0, 0, 0, 0.34, 920, 0, 7465.23, 19111, 19111
1694843455, 0, 0, 135, 0, 0, 7465.23, 0, 0, 0, 0.30, 921, 0, 7465.23, 19111, 19111
1694843458, 0, 0, 135, 0, 0, 7465.23, 0, 0, 0, 0.28, 922, 0, 7465.23, 19111, 19111
1694843462, 0, 0, 136, 0, 0, 7465.23, 0, 0, 0, 0.29, 923, 0, 7465.23, 19111, 19111
1694843465, 0, 0, 136, 0, 0, 7465.23, 0, 0, 0, 0.28, 924, 0, 7465.23, 19111, 19111
1694843469, 0, 0, 136, 0, 0, 7465.23, 0, 0, 0, 0.28, 925, 0, 7465.23, 19111, 19111
1694843472, 0, 0, 136, 0, 0, 7465.23, 0, 0, 0, 0.29, 926, 0, 7465.23, 19111, 19111
1694843477, 0, 0, 136, 0, 0, 7465.23, 0, 0, 0, 0.22, 927, 0, 7465.23, 19111, 19111
1694843480, 0, 0, 136, 0, 0, 7465.23, 0, 0, 0, 0.32, 928, 0, 7465.23, 19111, 19111
1694843483, 0, 0, 136, 0, 0, 7465.23, 0, 0, 0, 0.33, 929, 0, 7465.23, 19111, 19111
1694843486, 0, 0, 136, 0, 0, 7465.23, 0, 0, 0, 0.34, 930, 0, 7465.23, 19111, 19111
1694843489, 0, 0, 136, 0, 0, 7465.23, 0, 0, 0, 0.32, 931, 0, 7465.23, 19111, 19111
1694843492, 0, 0, 136, 0, 0, 7465.23, 0, 0, 0, 0.34, 932, 0, 7465.23, 19111, 19111
1694843495, 0, 0, 137, 0, 0, 7465.23, 0, 0, 0, 0.30, 933, 0, 7465.23, 19111, 19111
1694843499, 0, 0, 138, 0, 0, 7465.23, 0, 0, 0, 0.29, 934, 0, 7465.23, 19111, 19111
