# unix_time, cycles_done, cur_path, paths_total, pending_total, pending_favs, map_size, unique_crashes, unique_hangs, max_depth, execs_per_sec, valid_inputs, invalid_inputs, valid_cov, all_covered_probes, valid_covered_probes
1694105863, 0, 0, 1, 0, 0, 837.11, 0, 0, 0, 0.52, 0, 1, 0.00, 2143, 0
1694105863, 0, 0, 2, 0, 0, 918.75, 0, 0, 0, 2.92, 1, 1, 461.33, 2352, 1181
1694105863, 0, 0, 6, 0, 0, 1092.19, 0, 0, 0, 13.25, 2, 4, 475.00, 2796, 1216
1694105864, 0, 0, 9, 0, 0, 1269.14, 0, 0, 0, 21.94, 2, 11, 475.00, 3249, 1216
1694105879, 0, 0, 10, 0, 0, 7777.34, 0, 0, 0, 0.25, 4, 13, 7133.20, 19910, 18261
1694105885, 0, 0, 15, 0, 0, 8076.95, 0, 0, 0, 1.04, 10, 13, 7442.58, 20677, 19053
1694105892, 0, 0, 20, 0, 0, 8089.06, 0, 0, 0, 1.67, 20, 14, 7450.78, 20708, 19074
1694105892, 0, 0, 24, 0, 0, 8096.48, 0, 0, 0, 36.07, 27, 18, 7451.95, 20727, 19077
1694105895, 0, 0, 26, 0, 0, 8100.00, 1, 0, 0, 3.16, 33, 22, 7451.95, 20736, 19077
1694105904, 0, 0, 29, 0, 0, 8253.13, 1, 0, 0, 0.47, 36, 23, 7605.08, 21128, 19469
1694105907, 0, 0, 32, 0, 0, 8253.13, 1, 0, 0, 2.09, 42, 24, 7605.08, 21128, 19469
1694105910, 0, 0, 33, 0, 0, 8253.13, 1, 0, 0, 0.37, 43, 24, 7605.08, 21128, 19469
1694105912, 0, 0, 36, 0, 0, 8262.50, 1, 0, 0, 4.97, 53, 25, 7611.72, 21152, 19486
1694105912, 0, 0, 39, 0, 0, 8262.50, 1, 0, 0, 24.00, 60, 27, 7611.72, 21152, 19486
1694105915, 0, 0, 40, 0, 0, 8262.50, 1, 0, 0, 4.34, 72, 28, 7611.72, 21152, 19486
1694105918, 0, 1, 42, 0, 0, 8273.83, 1, 0, 0, 0.78, 74, 28, 7623.05, 21181, 19515
1694105921, 0, 1, 46, 0, 0, 8280.47, 1, 0, 0, 6.67, 89, 33, 7629.69, 21198, 19532
1694105924, 0, 1, 48, 0, 0, 8291.41, 1, 0, 0, 0.97, 92, 33, 7640.63, 21226, 19560
1694105927, 0, 1, 50, 0, 0, 8291.41, 1, 0, 0, 1.66, 96, 34, 7640.63, 21226, 19560
1694105930, 0, 2, 53, 0, 0, 8294.14, 1, 0, 0, 4.46, 104, 39, 7640.63, 21233, 19560
1694105933, 0, 2, 54, 0, 0, 8294.14, 1, 0, 0, 0.32, 105, 39, 7640.63, 21233, 19560
1694105936, 0, 2, 55, 0, 0, 8294.14, 1, 0, 0, 0.35, 106, 39, 7640.63, 21233, 19560
1694105939, 0, 2, 57, 0, 0, 8294.14, 1, 0, 0, 3.19, 112, 42, 7640.63, 21233, 19560
1694105942, 0, 2, 59, 0, 0, 8294.14, 1, 0, 0, 5.34, 118, 53, 7640.63, 21233, 19560
1694105945, 0, 3, 63, 0, 0, 8294.14, 1, 0, 0, 24.70, 158, 81, 7640.63, 21233, 19560
1694105947, 0, 4, 64, 0, 0, 8294.14, 1, 0, 0, 1.53, 161, 81, 7640.63, 21233, 19560
1694105953, 0, 4, 66, 0, 0, 8294.14, 1, 0, 0, 2.63, 170, 89, 7640.63, 21233, 19560
1694105956, 0, 5, 68, 0, 0, 8294.14, 1, 0, 0, 8.85, 175, 107, 7640.63, 21233, 19560
1694105958, 0, 6, 69, 0, 0, 8294.14, 1, 0, 0, 6.22, 179, 117, 7640.63, 21233, 19560
1694105960, 0, 6, 70, 0, 0, 8294.14, 1, 0, 0, 0.42, 180, 117, 7640.63, 21233, 19560
1694105963, 0, 6, 72, 0, 0, 8294.14, 1, 0, 0, 5.04, 184, 125, 7640.63, 21233, 19560
1694105966, 0, 6, 74, 0, 0, 8294.14, 1, 0, 0, 6.46, 189, 138, 7640.63, 21233, 19560
1694105967, 0, 6, 74, 0, 0, 8294.14, 2, 0, 0, 1.04, 189, 140, 7640.63, 21233, 19560
1694105970, 0, 6, 75, 0, 0, 8294.14, 2, 0, 0, 1.40, 191, 142, 7640.63, 21233, 19560
1694105975, 0, 6, 76, 0, 0, 8294.14, 2, 0, 0, 0.23, 192, 142, 7640.63, 21233, 19560
1694105980, 0, 7, 78, 0, 0, 8294.14, 2, 0, 0, 4.47, 202, 157, 7640.63, 21233, 19560
1694105983, 0, 7, 79, 0, 0, 8294.14, 2, 0, 0, 5.42, 205, 169, 7640.63, 21233, 19560
1694105986, 0, 7, 80, 0, 0, 8294.14, 2, 0, 0, 5.33, 207, 183, 7640.63, 21233, 19560
1694105988, 0, 7, 82, 0, 0, 8294.14, 2, 0, 0, 4.52, 210, 190, 7640.63, 21233, 19560
1694105991, 0, 7, 84, 0, 0, 8294.14, 2, 0, 0, 0.71, 211, 191, 7640.63, 21233, 19560
1694105995, 0, 8, 85, 0, 0, 8294.14, 2, 0, 0, 3.00, 212, 201, 7640.63, 21233, 19560
1694105997, 0, 8, 87, 0, 0, 8294.14, 2, 0, 0, 7.82, 214, 215, 7640.63, 21233, 19560
1694106000, 0, 8, 89, 0, 0, 8294.14, 2, 0, 0, 5.89, 222, 223, 7640.63, 21233, 19560
1694106002, 0, 8, 90, 0, 0, 8295.31, 2, 0, 0, 0.69, 223, 224, 7641.80, 21236, 19563
1694106006, 0, 8, 90, 0, 0, 8295.31, 2, 0, 0, 3.68, 225, 235, 7641.80, 21236, 19563
1694106008, 0, 9, 91, 0, 0, 8295.31, 2, 0, 0, 1.78, 226, 238, 7641.80, 21236, 19563
1694106010, 0, 9, 91, 0, 0, 8295.31, 2, 0, 0, 0.51, 227, 238, 7641.80, 21236, 19563
1694106013, 0, 9, 91, 0, 0, 8295.31, 2, 0, 0, 0.40, 228, 238, 7641.80, 21236, 19563
1694106015, 0, 9, 92, 0, 0, 8295.31, 2, 0, 0, 0.42, 229, 238, 7641.80, 21236, 19563
1694106019, 0, 9, 92, 0, 0, 8295.31, 2, 0, 0, 0.28, 230, 238, 7641.80, 21236, 19563
1694106021, 0, 9, 93, 0, 0, 8295.31, 2, 0, 0, 0.51, 231, 238, 7641.80, 21236, 19563
1694106023, 0, 9, 94, 0, 0, 8295.31, 2, 0, 0, 0.49, 232, 238, 7641.80, 21236, 19563
1694106025, 0, 9, 94, 0, 0, 8295.31, 2, 0, 0, 0.47, 233, 238, 7641.80, 21236, 19563
1694106026, 0, 9, 94, 0, 0, 8295.31, 2, 0, 0, 0.55, 234, 238, 7641.80, 21236, 19563
1694106029, 0, 9, 94, 0, 0, 8295.31, 2, 0, 0, 0.47, 235, 238, 7641.80, 21236, 19563
1694106031, 0, 9, 94, 0, 0, 8295.31, 2, 0, 0, 0.46, 236, 238, 7641.80, 21236, 19563
1694106033, 0, 9, 94, 0, 0, 8295.31, 2, 0, 0, 0.41, 237, 238, 7641.80, 21236, 19563
1694106035, 0, 9, 95, 0, 0, 8333.59, 2, 0, 0, 0.58, 238, 238, 7680.08, 21334, 19661
1694106037, 0, 9, 95, 0, 0, 8333.59, 2, 0, 0, 0.44, 239, 238, 7680.08, 21334, 19661
1694106041, 0, 9, 96, 0, 0, 8333.59, 2, 0, 0, 0.29, 240, 238, 7680.08, 21334, 19661
1694106042, 0, 9, 96, 0, 0, 8333.59, 2, 0, 0, 0.61, 241, 238, 7680.08, 21334, 19661
1694106046, 0, 9, 96, 0, 0, 8333.59, 2, 0, 0, 0.28, 242, 238, 7680.08, 21334, 19661
1694106049, 0, 9, 96, 0, 0, 8333.59, 2, 0, 0, 0.32, 243, 238, 7680.08, 21334, 19661
1694106051, 0, 9, 96, 0, 0, 8333.59, 2, 0, 0, 0.50, 244, 238, 7680.08, 21334, 19661
1694106053, 0, 9, 97, 0, 0, 8333.59, 2, 0, 0, 0.46, 245, 238, 7680.08, 21334, 19661
1694106055, 0, 9, 98, 0, 0, 8333.59, 2, 0, 0, 0.40, 246, 238, 7680.08, 21334, 19661
1694106058, 0, 9, 98, 0, 0, 8333.59, 2, 0, 0, 0.46, 247, 238, 7680.08, 21334, 19661
1694106060, 0, 9, 99, 0, 0, 8337.50, 2, 0, 0, 0.44, 248, 238, 7683.98, 21344, 19671
1694106062, 0, 9, 100, 0, 0, 8337.50, 2, 0, 0, 0.50, 249, 238, 7683.98, 21344, 19671
1694106064, 0, 9, 101, 0, 0, 8337.50, 2, 0, 0, 0.49, 250, 238, 7683.98, 21344, 19671
1694106066, 0, 9, 102, 0, 0, 8337.50, 2, 0, 0, 0.43, 251, 238, 7683.98, 21344, 19671
1694106069, 0, 9, 103, 0, 0, 8337.50, 2, 0, 0, 0.44, 252, 238, 7683.98, 21344, 19671
1694106071, 0, 9, 104, 0, 0, 8337.50, 2, 0, 0, 0.46, 253, 238, 7683.98, 21344, 19671
1694106073, 0, 9, 104, 0, 0, 8337.50, 2, 0, 0, 0.40, 254, 238, 7683.98, 21344, 19671
1694106076, 0, 9, 104, 0, 0, 8337.50, 2, 0, 0, 0.43, 255, 238, 7683.98, 21344, 19671
1694106077, 0, 9, 104, 0, 0, 8337.50, 2, 0, 0, 0.60, 256, 238, 7683.98, 21344, 19671
1694106080, 0, 9, 104, 0, 0, 8337.50, 2, 0, 0, 0.44, 257, 238, 7683.98, 21344, 19671
1694106081, 0, 9, 104, 0, 0, 8337.50, 2, 0, 0, 0.54, 258, 238, 7683.98, 21344, 19671
1694106084, 0, 9, 105, 0, 0, 8337.50, 2, 0, 0, 0.47, 259, 238, 7683.98, 21344, 19671
1694106086, 0, 9, 105, 0, 0, 8337.50, 2, 0, 0, 0.46, 260, 238, 7683.98, 21344, 19671
1694106088, 0, 9, 105, 0, 0, 8337.50, 2, 0, 0, 0.44, 261, 238, 7683.98, 21344, 19671
1694106090, 0, 9, 105, 0, 0, 8337.50, 2, 0, 0, 0.51, 262, 238, 7683.98, 21344, 19671
1694106092, 0, 9, 105, 0, 0, 8337.50, 2, 0, 0, 0.45, 263, 238, 7683.98, 21344, 19671
1694106095, 0, 9, 105, 0, 0, 8337.50, 2, 0, 0, 0.38, 264, 238, 7683.98, 21344, 19671
1694106097, 0, 9, 105, 0, 0, 8337.50, 2, 0, 0, 0.46, 265, 238, 7683.98, 21344, 19671
1694106099, 0, 9, 105, 0, 0, 8337.50, 2, 0, 0, 0.50, 266, 238, 7683.98, 21344, 19671
1694106101, 0, 9, 105, 0, 0, 8337.50, 2, 0, 0, 0.46, 267, 238, 7683.98, 21344, 19671
1694106103, 0, 9, 105, 0, 0, 8337.50, 2, 0, 0, 0.58, 268, 238, 7683.98, 21344, 19671
1694106105, 0, 9, 106, 0, 0, 8337.50, 2, 0, 0, 0.39, 269, 238, 7683.98, 21344, 19671
1694106110, 0, 9, 107, 0, 0, 8337.50, 2, 0, 0, 0.23, 270, 238, 7683.98, 21344, 19671
1694106112, 0, 9, 107, 0, 0, 8337.50, 2, 0, 0, 0.55, 271, 238, 7683.98, 21344, 19671
1694106113, 0, 9, 108, 0, 0, 8337.50, 2, 0, 0, 0.56, 272, 238, 7683.98, 21344, 19671
1694106115, 0, 9, 108, 0, 0, 8337.50, 2, 0, 0, 0.52, 273, 238, 7683.98, 21344, 19671
1694106117, 0, 9, 109, 0, 0, 8337.50, 2, 0, 0, 0.50, 274, 238, 7683.98, 21344, 19671
1694106119, 0, 9, 110, 0, 0, 8337.50, 2, 0, 0, 0.49, 275, 238, 7683.98, 21344, 19671
1694106121, 0, 9, 110, 0, 0, 8337.50, 2, 0, 0, 0.47, 276, 238, 7683.98, 21344, 19671
1694106124, 0, 9, 110, 0, 0, 8337.50, 2, 0, 0, 0.44, 277, 238, 7683.98, 21344, 19671
1694106126, 0, 9, 110, 0, 0, 8337.50, 2, 0, 0, 0.49, 278, 238, 7683.98, 21344, 19671
1694106128, 0, 9, 110, 0, 0, 8337.50, 2, 0, 0, 0.53, 279, 238, 7683.98, 21344, 19671
1694106131, 0, 9, 110, 0, 0, 8337.50, 2, 0, 0, 0.28, 280, 238, 7683.98, 21344, 19671
1694106133, 0, 9, 110, 0, 0, 8337.50, 2, 0, 0, 0.46, 281, 238, 7683.98, 21344, 19671
1694106135, 0, 9, 110, 0, 0, 8337.50, 2, 0, 0, 0.53, 282, 238, 7683.98, 21344, 19671
1694106138, 0, 9, 110, 0, 0, 8337.50, 2, 0, 0, 0.40, 283, 238, 7683.98, 21344, 19671
1694106140, 0, 9, 110, 0, 0, 8337.50, 2, 0, 0, 0.47, 284, 238, 7683.98, 21344, 19671
1694106142, 0, 9, 110, 0, 0, 8337.50, 2, 0, 0, 0.50, 285, 238, 7683.98, 21344, 19671
1694106144, 0, 9, 110, 0, 0, 8337.50, 2, 0, 0, 0.50, 286, 238, 7683.98, 21344, 19671
1694106146, 0, 9, 111, 0, 0, 8338.28, 2, 0, 0, 0.49, 287, 238, 7684.77, 21346, 19673
1694106148, 0, 9, 111, 0, 0, 8338.28, 2, 0, 0, 0.53, 288, 238, 7684.77, 21346, 19673
1694106150, 0, 9, 112, 0, 0, 8338.28, 2, 0, 0, 0.48, 289, 238, 7684.77, 21346, 19673
1694106152, 0, 9, 112, 0, 0, 8338.28, 2, 0, 0, 0.47, 290, 238, 7684.77, 21346, 19673
1694106154, 0, 9, 113, 0, 0, 8338.28, 2, 0, 0, 0.51, 291, 238, 7684.77, 21346, 19673
1694106156, 0, 9, 113, 0, 0, 8338.28, 2, 0, 0, 0.52, 292, 238, 7684.77, 21346, 19673
1694106158, 0, 9, 113, 0, 0, 8338.28, 2, 0, 0, 0.52, 293, 238, 7684.77, 21346, 19673
1694106164, 0, 9, 114, 0, 0, 8338.28, 2, 0, 0, 0.16, 294, 238, 7684.77, 21346, 19673
1694106166, 0, 9, 114, 0, 0, 8338.28, 2, 0, 0, 0.42, 295, 238, 7684.77, 21346, 19673
1694106168, 0, 9, 114, 0, 0, 8338.28, 2, 0, 0, 0.53, 296, 238, 7684.77, 21346, 19673
1694106170, 0, 9, 114, 0, 0, 8338.28, 2, 0, 0, 0.48, 297, 238, 7684.77, 21346, 19673
1694106172, 0, 9, 114, 0, 0, 8338.28, 2, 0, 0, 0.54, 298, 238, 7684.77, 21346, 19673
1694106175, 0, 9, 114, 0, 0, 8338.28, 2, 0, 0, 0.43, 299, 238, 7684.77, 21346, 19673
1694106177, 0, 9, 114, 0, 0, 8338.28, 2, 0, 0, 0.47, 300, 238, 7684.77, 21346, 19673
1694106179, 0, 9, 114, 0, 0, 8338.28, 2, 0, 0, 0.46, 301, 238, 7684.77, 21346, 19673
1694106181, 0, 9, 114, 0, 0, 8338.28, 2, 0, 0, 0.48, 302, 238, 7684.77, 21346, 19673
1694106183, 0, 9, 114, 0, 0, 8338.28, 2, 0, 0, 0.41, 303, 238, 7684.77, 21346, 19673
1694106186, 0, 9, 114, 0, 0, 8338.28, 2, 0, 0, 0.40, 304, 238, 7684.77, 21346, 19673
1694106188, 0, 9, 114, 0, 0, 8338.28, 2, 0, 0, 0.46, 305, 238, 7684.77, 21346, 19673
1694106192, 0, 9, 114, 0, 0, 8338.28, 2, 0, 0, 0.23, 306, 238, 7684.77, 21346, 19673
1694106194, 0, 9, 114, 0, 0, 8338.28, 2, 0, 0, 0.53, 307, 238, 7684.77, 21346, 19673
1694106196, 0, 9, 114, 0, 0, 8338.28, 2, 0, 0, 0.46, 308, 238, 7684.77, 21346, 19673
1694106198, 0, 9, 114, 0, 0, 8338.28, 2, 0, 0, 0.52, 309, 238, 7684.77, 21346, 19673
1694106200, 0, 9, 114, 0, 0, 8338.28, 2, 0, 0, 0.48, 310, 238, 7684.77, 21346, 19673
1694106202, 0, 9, 114, 0, 0, 8338.28, 2, 0, 0, 0.52, 311, 238, 7684.77, 21346, 19673
1694106205, 0, 9, 114, 0, 0, 8338.28, 2, 0, 0, 0.42, 312, 238, 7684.77, 21346, 19673
1694106207, 0, 9, 115, 0, 0, 8338.28, 2, 0, 0, 0.47, 313, 238, 7684.77, 21346, 19673
1694106211, 0, 9, 116, 0, 0, 8338.28, 2, 0, 0, 0.25, 314, 238, 7684.77, 21346, 19673
1694106213, 0, 9, 117, 0, 0, 8338.28, 2, 0, 0, 0.47, 315, 238, 7684.77, 21346, 19673
1694106215, 0, 9, 118, 0, 0, 8338.28, 2, 0, 0, 0.46, 316, 238, 7684.77, 21346, 19673
1694106217, 0, 9, 119, 0, 0, 8338.28, 2, 0, 0, 0.48, 317, 238, 7684.77, 21346, 19673
1694106219, 0, 9, 120, 0, 0, 8338.28, 2, 0, 0, 0.47, 318, 238, 7684.77, 21346, 19673
1694106222, 0, 9, 120, 0, 0, 8338.28, 2, 0, 0, 0.46, 319, 238, 7684.77, 21346, 19673
1694106224, 0, 9, 120, 0, 0, 8338.28, 2, 0, 0, 0.41, 320, 238, 7684.77, 21346, 19673
1694106226, 0, 9, 120, 0, 0, 8338.28, 2, 0, 0, 0.53, 321, 238, 7684.77, 21346, 19673
1694106228, 0, 9, 120, 0, 0, 8338.28, 2, 0, 0, 0.53, 322, 238, 7684.77, 21346, 19673
1694106230, 0, 9, 120, 0, 0, 8338.28, 2, 0, 0, 0.43, 323, 238, 7684.77, 21346, 19673
1694106232, 0, 9, 120, 0, 0, 8338.28, 2, 0, 0, 0.48, 324, 238, 7684.77, 21346, 19673
1694106235, 0, 9, 120, 0, 0, 8338.28, 2, 0, 0, 0.36, 325, 238, 7684.77, 21346, 19673
1694106237, 0, 9, 120, 0, 0, 8338.28, 2, 0, 0, 0.49, 326, 238, 7684.77, 21346, 19673
1694106239, 0, 9, 120, 0, 0, 8338.28, 2, 0, 0, 0.43, 327, 238, 7684.77, 21346, 19673
1694106241, 0, 9, 120, 0, 0, 8338.28, 2, 0, 0, 0.53, 328, 238, 7684.77, 21346, 19673
1694106243, 0, 9, 120, 0, 0, 8338.28, 2, 0, 0, 0.48, 329, 238, 7684.77, 21346, 19673
1694106246, 0, 9, 120, 0, 0, 8338.28, 2, 0, 0, 0.45, 330, 238, 7684.77, 21346, 19673
1694106248, 0, 9, 120, 0, 0, 8338.28, 2, 0, 0, 0.43, 331, 238, 7684.77, 21346, 19673
1694106252, 0, 9, 120, 0, 0, 8338.28, 2, 0, 0, 0.24, 332, 238, 7684.77, 21346, 19673
1694106254, 0, 9, 120, 0, 0, 8338.28, 2, 0, 0, 0.46, 333, 238, 7684.77, 21346, 19673
1694106256, 0, 9, 120, 0, 0, 8338.28, 2, 0, 0, 0.48, 334, 238, 7684.77, 21346, 19673
1694106258, 0, 9, 120, 0, 0, 8338.28, 2, 0, 0, 0.50, 335, 238, 7684.77, 21346, 19673
1694106260, 0, 9, 120, 0, 0, 8338.28, 2, 0, 0, 0.51, 336, 238, 7684.77, 21346, 19673
1694106262, 0, 9, 120, 0, 0, 8338.28, 2, 0, 0, 0.45, 337, 238, 7684.77, 21346, 19673
1694106265, 0, 9, 120, 0, 0, 8338.28, 2, 0, 0, 0.45, 338, 238, 7684.77, 21346, 19673
1694106267, 0, 9, 120, 0, 0, 8338.28, 2, 0, 0, 0.40, 339, 238, 7684.77, 21346, 19673
1694106269, 0, 9, 120, 0, 0, 8338.28, 2, 0, 0, 0.46, 340, 238, 7684.77, 21346, 19673
1694106271, 0, 9, 120, 0, 0, 8338.28, 2, 0, 0, 0.48, 341, 238, 7684.77, 21346, 19673
1694106274, 0, 9, 120, 0, 0, 8338.28, 2, 0, 0, 0.47, 342, 238, 7684.77, 21346, 19673
1694106276, 0, 9, 120, 0, 0, 8338.28, 2, 0, 0, 0.50, 343, 238, 7684.77, 21346, 19673
1694106278, 0, 9, 120, 0, 0, 8338.28, 2, 0, 0, 0.49, 344, 238, 7684.77, 21346, 19673
1694106280, 0, 9, 120, 0, 0, 8338.28, 2, 0, 0, 0.42, 345, 238, 7684.77, 21346, 19673
1694106282, 0, 9, 120, 0, 0, 8338.28, 2, 0, 0, 0.48, 346, 238, 7684.77, 21346, 19673
1694106284, 0, 9, 120, 0, 0, 8338.28, 2, 0, 0, 0.46, 347, 238, 7684.77, 21346, 19673
1694106286, 0, 9, 120, 0, 0, 8338.28, 2, 0, 0, 0.44, 348, 238, 7684.77, 21346, 19673
1694106288, 0, 9, 120, 0, 0, 8338.28, 2, 0, 0, 0.56, 349, 238, 7684.77, 21346, 19673
1694106290, 0, 9, 120, 0, 0, 8338.28, 2, 0, 0, 0.48, 350, 238, 7684.77, 21346, 19673
1694106294, 0, 9, 120, 0, 0, 8338.28, 2, 0, 0, 0.29, 351, 238, 7684.77, 21346, 19673
1694106296, 0, 9, 120, 0, 0, 8338.28, 2, 0, 0, 0.51, 352, 238, 7684.77, 21346, 19673
1694106298, 0, 9, 120, 0, 0, 8338.28, 2, 0, 0, 0.49, 353, 238, 7684.77, 21346, 19673
1694106300, 0, 9, 121, 0, 0, 8338.28, 2, 0, 0, 0.48, 354, 238, 7684.77, 21346, 19673
1694106302, 0, 9, 122, 0, 0, 8338.28, 2, 0, 0, 0.41, 355, 238, 7684.77, 21346, 19673
1694106305, 0, 9, 122, 0, 0, 8338.28, 2, 0, 0, 0.45, 356, 238, 7684.77, 21346, 19673
1694106307, 0, 9, 123, 0, 0, 8338.28, 2, 0, 0, 0.44, 357, 238, 7684.77, 21346, 19673
1694106309, 0, 9, 124, 0, 0, 8338.28, 2, 0, 0, 0.48, 358, 238, 7684.77, 21346, 19673
1694106311, 0, 9, 124, 0, 0, 8338.28, 2, 0, 0, 0.46, 359, 238, 7684.77, 21346, 19673
1694106313, 0, 9, 125, 0, 0, 8338.28, 2, 0, 0, 0.47, 360, 238, 7684.77, 21346, 19673
1694106315, 0, 9, 125, 0, 0, 8338.28, 2, 0, 0, 0.57, 361, 238, 7684.77, 21346, 19673
1694106317, 0, 9, 125, 0, 0, 8338.28, 2, 0, 0, 0.59, 362, 238, 7684.77, 21346, 19673
1694106321, 0, 9, 125, 0, 0, 8338.28, 2, 0, 0, 0.25, 363, 238, 7684.77, 21346, 19673
1694106324, 0, 9, 125, 0, 0, 8338.28, 2, 0, 0, 0.31, 364, 238, 7684.77, 21346, 19673
1694106326, 0, 9, 125, 0, 0, 8338.28, 2, 0, 0, 0.44, 365, 238, 7684.77, 21346, 19673
1694106328, 0, 9, 125, 0, 0, 8338.28, 2, 0, 0, 0.50, 366, 238, 7684.77, 21346, 19673
1694106330, 0, 9, 125, 0, 0, 8338.28, 2, 0, 0, 0.50, 367, 238, 7684.77, 21346, 19673
1694106332, 0, 9, 125, 0, 0, 8338.28, 2, 0, 0, 0.45, 368, 238, 7684.77, 21346, 19673
1694106334, 0, 9, 125, 0, 0, 8338.28, 2, 0, 0, 0.46, 369, 238, 7684.77, 21346, 19673
1694106337, 0, 9, 125, 0, 0, 8338.28, 2, 0, 0, 0.47, 370, 238, 7684.77, 21346, 19673
1694106338, 0, 9, 125, 0, 0, 8338.28, 2, 0, 0, 0.55, 371, 238, 7684.77, 21346, 19673
1694106340, 0, 9, 125, 0, 0, 8338.28, 2, 0, 0, 0.60, 372, 238, 7684.77, 21346, 19673
1694106342, 0, 9, 125, 0, 0, 8338.28, 2, 0, 0, 0.51, 373, 238, 7684.77, 21346, 19673
1694106344, 0, 9, 125, 0, 0, 8338.28, 2, 0, 0, 0.47, 374, 238, 7684.77, 21346, 19673
1694106346, 0, 9, 125, 0, 0, 8338.28, 2, 0, 0, 0.47, 375, 238, 7684.77, 21346, 19673
1694106348, 0, 9, 125, 0, 0, 8338.28, 2, 0, 0, 0.56, 376, 238, 7684.77, 21346, 19673
1694106351, 0, 9, 125, 0, 0, 8338.28, 2, 0, 0, 0.40, 377, 238, 7684.77, 21346, 19673
1694106353, 0, 9, 125, 0, 0, 8338.28, 2, 0, 0, 0.50, 378, 238, 7684.77, 21346, 19673
1694106355, 0, 9, 125, 0, 0, 8338.28, 2, 0, 0, 0.49, 379, 238, 7684.77, 21346, 19673
1694106356, 0, 9, 125, 0, 0, 8338.28, 2, 0, 0, 0.62, 380, 238, 7684.77, 21346, 19673
1694106358, 0, 9, 125, 0, 0, 8338.28, 2, 0, 0, 0.48, 381, 238, 7684.77, 21346, 19673
1694106361, 0, 9, 126, 0, 0, 8338.28, 2, 0, 0, 0.44, 382, 238, 7684.77, 21346, 19673
1694106363, 0, 9, 127, 0, 0, 8338.28, 2, 0, 0, 0.47, 383, 238, 7684.77, 21346, 19673
1694106365, 0, 9, 127, 0, 0, 8338.28, 2, 0, 0, 0.46, 384, 238, 7684.77, 21346, 19673
1694106367, 0, 9, 128, 0, 0, 8338.28, 2, 0, 0, 0.45, 385, 238, 7684.77, 21346, 19673
1694106370, 0, 9, 129, 0, 0, 8338.28, 2, 0, 0, 0.32, 386, 238, 7684.77, 21346, 19673
1694106374, 0, 9, 130, 0, 0, 8338.28, 2, 0, 0, 0.24, 387, 238, 7684.77, 21346, 19673
1694106377, 0, 9, 130, 0, 0, 8338.28, 2, 0, 0, 0.46, 388, 238, 7684.77, 21346, 19673
1694106378, 0, 9, 131, 0, 0, 8338.28, 2, 0, 0, 0.57, 389, 238, 7684.77, 21346, 19673
1694106380, 0, 9, 132, 0, 0, 8338.28, 2, 0, 0, 0.53, 390, 238, 7684.77, 21346, 19673
1694106382, 0, 9, 132, 0, 0, 8338.28, 2, 0, 0, 0.48, 391, 238, 7684.77, 21346, 19673
1694106384, 0, 9, 132, 0, 0, 8338.28, 2, 0, 0, 0.47, 392, 238, 7684.77, 21346, 19673
1694106386, 0, 9, 132, 0, 0, 8338.28, 2, 0, 0, 0.57, 393, 238, 7684.77, 21346, 19673
1694106389, 0, 9, 133, 0, 0, 8338.28, 2, 0, 0, 0.34, 394, 238, 7684.77, 21346, 19673
1694106392, 0, 9, 133, 0, 0, 8338.28, 2, 0, 0, 0.33, 395, 238, 7684.77, 21346, 19673
1694106394, 0, 9, 133, 0, 0, 8338.28, 2, 0, 0, 0.45, 396, 238, 7684.77, 21346, 19673
1694106396, 0, 9, 133, 0, 0, 8338.28, 2, 0, 0, 0.52, 397, 238, 7684.77, 21346, 19673
1694106398, 0, 9, 133, 0, 0, 8338.28, 2, 0, 0, 0.57, 398, 238, 7684.77, 21346, 19673
1694106400, 0, 9, 133, 0, 0, 8338.28, 2, 0, 0, 0.41, 399, 238, 7684.77, 21346, 19673
1694106403, 0, 9, 133, 0, 0, 8338.28, 2, 0, 0, 0.42, 400, 238, 7684.77, 21346, 19673
1694106405, 0, 9, 134, 0, 0, 8338.28, 2, 0, 0, 0.53, 401, 238, 7684.77, 21346, 19673
1694106407, 0, 9, 134, 0, 0, 8338.28, 2, 0, 0, 0.50, 402, 238, 7684.77, 21346, 19673
1694106409, 0, 9, 134, 0, 0, 8338.28, 2, 0, 0, 0.41, 403, 238, 7684.77, 21346, 19673
1694106411, 0, 9, 134, 0, 0, 8338.28, 2, 0, 0, 0.51, 404, 238, 7684.77, 21346, 19673
1694106413, 0, 9, 134, 0, 0, 8338.28, 2, 0, 0, 0.42, 405, 238, 7684.77, 21346, 19673
1694106416, 0, 9, 134, 0, 0, 8338.28, 2, 0, 0, 0.33, 406, 238, 7684.77, 21346, 19673
1694106419, 0, 9, 134, 0, 0, 8338.28, 2, 0, 0, 0.39, 407, 238, 7684.77, 21346, 19673
1694106422, 0, 9, 134, 0, 0, 8338.28, 2, 0, 0, 0.40, 408, 238, 7684.77, 21346, 19673
1694106424, 0, 9, 134, 0, 0, 8338.28, 2, 0, 0, 0.48, 409, 238, 7684.77, 21346, 19673
1694106425, 0, 9, 134, 0, 0, 8338.28, 2, 0, 0, 0.53, 410, 238, 7684.77, 21346, 19673
1694106428, 0, 9, 134, 0, 0, 8338.28, 2, 0, 0, 0.43, 411, 238, 7684.77, 21346, 19673
1694106430, 0, 9, 134, 0, 0, 8338.28, 2, 0, 0, 0.50, 412, 238, 7684.77, 21346, 19673
1694106432, 0, 9, 134, 0, 0, 8338.28, 2, 0, 0, 0.51, 413, 238, 7684.77, 21346, 19673
1694106434, 0, 9, 134, 0, 0, 8338.28, 2, 0, 0, 0.50, 414, 238, 7684.77, 21346, 19673
1694106436, 0, 9, 134, 0, 0, 8338.28, 2, 0, 0, 0.49, 415, 238, 7684.77, 21346, 19673
1694106438, 0, 9, 134, 0, 0, 8338.28, 2, 0, 0, 0.45, 416, 238, 7684.77, 21346, 19673
1694106440, 0, 9, 134, 0, 0, 8338.28, 2, 0, 0, 0.54, 417, 238, 7684.77, 21346, 19673
1694106442, 0, 9, 134, 0, 0, 8338.28, 2, 0, 0, 0.55, 418, 238, 7684.77, 21346, 19673
1694106444, 0, 9, 135, 0, 0, 8338.28, 2, 0, 0, 0.43, 419, 238, 7684.77, 21346, 19673
1694106446, 0, 9, 135, 0, 0, 8338.28, 2, 0, 0, 0.45, 420, 238, 7684.77, 21346, 19673
1694106448, 0, 9, 135, 0, 0, 8338.28, 2, 0, 0, 0.44, 421, 238, 7684.77, 21346, 19673
1694106450, 0, 9, 135, 0, 0, 8338.28, 2, 0, 0, 0.60, 422, 238, 7684.77, 21346, 19673
1694106452, 0, 9, 135, 0, 0, 8338.28, 2, 0, 0, 0.46, 423, 238, 7684.77, 21346, 19673
1694106454, 0, 9, 135, 0, 0, 8338.28, 2, 0, 0, 0.47, 424, 238, 7684.77, 21346, 19673
1694106456, 0, 9, 135, 0, 0, 8338.28, 2, 0, 0, 0.50, 425, 238, 7684.77, 21346, 19673
1694106459, 0, 9, 135, 0, 0, 8338.28, 2, 0, 0, 0.49, 426, 238, 7684.77, 21346, 19673
1694106461, 0, 9, 135, 0, 0, 8338.28, 2, 0, 0, 0.46, 427, 238, 7684.77, 21346, 19673
1694106463, 0, 9, 135, 0, 0, 8338.28, 2, 0, 0, 0.49, 428, 238, 7684.77, 21346, 19673
1694106465, 0, 9, 135, 0, 0, 8338.28, 2, 0, 0, 0.48, 429, 238, 7684.77, 21346, 19673
1694106467, 0, 9, 135, 0, 0, 8338.28, 2, 0, 0, 0.56, 430, 238, 7684.77, 21346, 19673
1694106469, 0, 9, 135, 0, 0, 8338.28, 2, 0, 0, 0.48, 431, 238, 7684.77, 21346, 19673
1694106471, 0, 9, 135, 0, 0, 8338.28, 2, 0, 0, 0.45, 432, 238, 7684.77, 21346, 19673
1694106473, 0, 9, 135, 0, 0, 8338.28, 2, 0, 0, 0.48, 433, 238, 7684.77, 21346, 19673
1694106475, 0, 9, 136, 0, 0, 8338.28, 2, 0, 0, 0.48, 434, 238, 7684.77, 21346, 19673
1694106477, 0, 9, 136, 0, 0, 8338.28, 2, 0, 0, 0.45, 435, 238, 7684.77, 21346, 19673
1694106480, 0, 9, 136, 0, 0, 8338.28, 2, 0, 0, 0.44, 436, 238, 7684.77, 21346, 19673
1694106482, 0, 9, 136, 0, 0, 8338.28, 2, 0, 0, 0.47, 437, 238, 7684.77, 21346, 19673
1694106484, 0, 9, 136, 0, 0, 8338.28, 2, 0, 0, 0.51, 438, 238, 7684.77, 21346, 19673
1694106486, 0, 9, 136, 0, 0, 8338.28, 2, 0, 0, 0.39, 439, 238, 7684.77, 21346, 19673
1694106488, 0, 9, 136, 0, 0, 8338.28, 2, 0, 0, 0.48, 440, 238, 7684.77, 21346, 19673
1694106490, 0, 9, 137, 0, 0, 8338.28, 2, 0, 0, 0.50, 441, 238, 7684.77, 21346, 19673
1694106492, 0, 9, 138, 0, 0, 8338.28, 2, 0, 0, 0.50, 442, 238, 7684.77, 21346, 19673
1694106495, 0, 9, 139, 0, 0, 8338.28, 2, 0, 0, 0.44, 443, 238, 7684.77, 21346, 19673
1694106499, 0, 9, 140, 0, 0, 8338.28, 2, 0, 0, 0.24, 444, 238, 7684.77, 21346, 19673
1694106501, 0, 9, 141, 0, 0, 8338.28, 2, 0, 0, 0.43, 445, 238, 7684.77, 21346, 19673
1694106503, 0, 9, 141, 0, 0, 8338.28, 2, 0, 0, 0.47, 446, 238, 7684.77, 21346, 19673
1694106505, 0, 9, 141, 0, 0, 8338.28, 2, 0, 0, 0.46, 447, 238, 7684.77, 21346, 19673
1694106507, 0, 9, 141, 0, 0, 8338.28, 2, 0, 0, 0.47, 448, 238, 7684.77, 21346, 19673
1694106510, 0, 9, 142, 0, 0, 8338.28, 2, 0, 0, 0.44, 449, 238, 7684.77, 21346, 19673
1694106512, 0, 9, 143, 0, 0, 8338.28, 2, 0, 0, 0.50, 450, 238, 7684.77, 21346, 19673
1694106514, 0, 9, 143, 0, 0, 8338.28, 2, 0, 0, 0.42, 451, 238, 7684.77, 21346, 19673
1694106516, 0, 9, 143, 0, 0, 8338.28, 2, 0, 0, 0.47, 452, 238, 7684.77, 21346, 19673
1694106518, 0, 9, 143, 0, 0, 8338.28, 2, 0, 0, 0.49, 453, 238, 7684.77, 21346, 19673
1694106520, 0, 9, 143, 0, 0, 8338.28, 2, 0, 0, 0.54, 454, 238, 7684.77, 21346, 19673
1694106522, 0, 9, 143, 0, 0, 8338.28, 2, 0, 0, 0.48, 455, 238, 7684.77, 21346, 19673
1694106524, 0, 9, 143, 0, 0, 8338.28, 2, 0, 0, 0.46, 456, 238, 7684.77, 21346, 19673
1694106527, 0, 9, 143, 0, 0, 8338.28, 2, 0, 0, 0.43, 457, 238, 7684.77, 21346, 19673
1694106529, 0, 9, 143, 0, 0, 8338.28, 2, 0, 0, 0.44, 458, 238, 7684.77, 21346, 19673
1694106531, 0, 9, 143, 0, 0, 8338.28, 2, 0, 0, 0.54, 459, 238, 7684.77, 21346, 19673
1694106533, 0, 9, 143, 0, 0, 8338.28, 2, 0, 0, 0.59, 460, 238, 7684.77, 21346, 19673
1694106535, 0, 9, 144, 0, 0, 8338.28, 2, 0, 0, 0.46, 461, 238, 7684.77, 21346, 19673
1694106537, 0, 9, 144, 0, 0, 8338.28, 2, 0, 0, 0.58, 462, 238, 7684.77, 21346, 19673
1694106539, 0, 9, 144, 0, 0, 8338.28, 2, 0, 0, 0.43, 463, 238, 7684.77, 21346, 19673
1694106541, 0, 9, 144, 0, 0, 8338.28, 2, 0, 0, 0.44, 464, 238, 7684.77, 21346, 19673
1694106543, 0, 9, 144, 0, 0, 8338.28, 2, 0, 0, 0.51, 465, 238, 7684.77, 21346, 19673
1694106545, 0, 9, 144, 0, 0, 8338.28, 2, 0, 0, 0.51, 466, 238, 7684.77, 21346, 19673
1694106547, 0, 9, 144, 0, 0, 8338.28, 2, 0, 0, 0.47, 467, 238, 7684.77, 21346, 19673
1694106550, 0, 9, 145, 0, 0, 8338.28, 2, 0, 0, 0.42, 468, 238, 7684.77, 21346, 19673
1694106552, 0, 9, 145, 0, 0, 8338.28, 2, 0, 0, 0.41, 469, 238, 7684.77, 21346, 19673
1694106554, 0, 9, 145, 0, 0, 8338.28, 2, 0, 0, 0.45, 470, 238, 7684.77, 21346, 19673
1694106557, 0, 9, 145, 0, 0, 8338.28, 2, 0, 0, 0.40, 471, 238, 7684.77, 21346, 19673
1694106559, 0, 9, 145, 0, 0, 8338.28, 2, 0, 0, 0.47, 472, 238, 7684.77, 21346, 19673
1694106561, 0, 9, 145, 0, 0, 8338.28, 2, 0, 0, 0.38, 473, 238, 7684.77, 21346, 19673
1694106564, 0, 9, 145, 0, 0, 8338.28, 2, 0, 0, 0.39, 474, 238, 7684.77, 21346, 19673
1694106569, 0, 9, 145, 0, 0, 8338.28, 2, 0, 0, 0.20, 475, 238, 7684.77, 21346, 19673
1694106571, 0, 9, 145, 0, 0, 8338.28, 2, 0, 0, 0.46, 476, 238, 7684.77, 21346, 19673
1694106573, 0, 9, 145, 0, 0, 8338.28, 2, 0, 0, 0.48, 477, 238, 7684.77, 21346, 19673
1694106576, 0, 9, 145, 0, 0, 8338.28, 2, 0, 0, 0.36, 478, 238, 7684.77, 21346, 19673
1694106579, 0, 9, 145, 0, 0, 8338.28, 2, 0, 0, 0.39, 479, 238, 7684.77, 21346, 19673
1694106581, 0, 9, 145, 0, 0, 8338.28, 2, 0, 0, 0.39, 480, 238, 7684.77, 21346, 19673
1694106584, 0, 9, 145, 0, 0, 8338.28, 2, 0, 0, 0.42, 481, 238, 7684.77, 21346, 19673
1694106586, 0, 9, 145, 0, 0, 8338.28, 2, 0, 0, 0.40, 482, 238, 7684.77, 21346, 19673
1694106589, 0, 9, 145, 0, 0, 8338.28, 2, 0, 0, 0.36, 483, 238, 7684.77, 21346, 19673
1694106591, 0, 9, 145, 0, 0, 8338.28, 2, 0, 0, 0.40, 484, 238, 7684.77, 21346, 19673
1694106593, 0, 9, 145, 0, 0, 8338.28, 2, 0, 0, 0.48, 485, 238, 7684.77, 21346, 19673
1694106595, 0, 9, 145, 0, 0, 8338.28, 2, 0, 0, 0.55, 486, 238, 7684.77, 21346, 19673
1694106598, 0, 9, 145, 0, 0, 8338.28, 2, 0, 0, 0.45, 487, 238, 7684.77, 21346, 19673
1694106600, 0, 9, 145, 0, 0, 8338.28, 2, 0, 0, 0.49, 488, 238, 7684.77, 21346, 19673
1694106602, 0, 9, 145, 0, 0, 8338.28, 2, 0, 0, 0.46, 489, 238, 7684.77, 21346, 19673
1694106604, 0, 9, 145, 0, 0, 8338.28, 2, 0, 0, 0.39, 490, 238, 7684.77, 21346, 19673
1694106607, 0, 9, 145, 0, 0, 8338.28, 2, 0, 0, 0.36, 491, 238, 7684.77, 21346, 19673
1694106609, 0, 9, 145, 0, 0, 8338.28, 2, 0, 0, 0.48, 492, 238, 7684.77, 21346, 19673
1694106611, 0, 9, 145, 0, 0, 8338.28, 2, 0, 0, 0.46, 493, 238, 7684.77, 21346, 19673
1694106614, 0, 9, 145, 0, 0, 8338.28, 2, 0, 0, 0.45, 494, 238, 7684.77, 21346, 19673
1694106616, 0, 9, 145, 0, 0, 8338.28, 2, 0, 0, 0.44, 495, 238, 7684.77, 21346, 19673
1694106619, 0, 9, 145, 0, 0, 8338.28, 2, 0, 0, 0.28, 496, 238, 7684.77, 21346, 19673
1694106622, 0, 9, 145, 0, 0, 8338.28, 2, 0, 0, 0.42, 497, 238, 7684.77, 21346, 19673
1694106624, 0, 9, 145, 0, 0, 8338.28, 2, 0, 0, 0.41, 498, 238, 7684.77, 21346, 19673
1694106626, 0, 9, 145, 0, 0, 8338.28, 2, 0, 0, 0.44, 499, 238, 7684.77, 21346, 19673
1694106628, 0, 9, 145, 0, 0, 8338.28, 2, 0, 0, 0.55, 500, 238, 7684.77, 21346, 19673
1694106631, 0, 9, 145, 0, 0, 8338.28, 2, 0, 0, 0.43, 501, 238, 7684.77, 21346, 19673
1694106633, 0, 9, 145, 0, 0, 8338.28, 2, 0, 0, 0.45, 502, 238, 7684.77, 21346, 19673
1694106635, 0, 9, 145, 0, 0, 8338.28, 2, 0, 0, 0.40, 503, 238, 7684.77, 21346, 19673
1694106637, 0, 9, 145, 0, 0, 8338.28, 2, 0, 0, 0.49, 504, 238, 7684.77, 21346, 19673
1694106640, 0, 9, 145, 0, 0, 8338.28, 2, 0, 0, 0.44, 505, 238, 7684.77, 21346, 19673
1694106642, 0, 9, 145, 0, 0, 8338.28, 2, 0, 0, 0.48, 506, 238, 7684.77, 21346, 19673
1694106644, 0, 9, 145, 0, 0, 8338.28, 2, 0, 0, 0.50, 507, 238, 7684.77, 21346, 19673
1694106646, 0, 9, 145, 0, 0, 8338.28, 2, 0, 0, 0.47, 508, 238, 7684.77, 21346, 19673
1694106648, 0, 9, 145, 0, 0, 8338.28, 2, 0, 0, 0.44, 509, 238, 7684.77, 21346, 19673
1694106650, 0, 9, 145, 0, 0, 8338.28, 2, 0, 0, 0.42, 510, 238, 7684.77, 21346, 19673
1694106653, 0, 9, 145, 0, 0, 8338.28, 2, 0, 0, 0.46, 511, 238, 7684.77, 21346, 19673
1694106655, 0, 9, 145, 0, 0, 8338.28, 2, 0, 0, 0.50, 512, 238, 7684.77, 21346, 19673
1694106656, 0, 9, 145, 0, 0, 8338.28, 2, 0, 0, 0.54, 513, 238, 7684.77, 21346, 19673
1694106658, 0, 9, 145, 0, 0, 8338.28, 2, 0, 0, 0.52, 514, 238, 7684.77, 21346, 19673
1694106660, 0, 9, 145, 0, 0, 8338.28, 2, 0, 0, 0.50, 515, 238, 7684.77, 21346, 19673
1694106663, 0, 9, 145, 0, 0, 8338.28, 2, 0, 0, 0.46, 516, 238, 7684.77, 21346, 19673
1694106665, 0, 9, 145, 0, 0, 8338.28, 2, 0, 0, 0.44, 517, 238, 7684.77, 21346, 19673
1694106667, 0, 9, 145, 0, 0, 8338.28, 2, 0, 0, 0.44, 518, 238, 7684.77, 21346, 19673
1694106669, 0, 9, 145, 0, 0, 8338.28, 2, 0, 0, 0.54, 519, 238, 7684.77, 21346, 19673
1694106671, 0, 9, 145, 0, 0, 8338.28, 2, 0, 0, 0.47, 520, 238, 7684.77, 21346, 19673
1694106673, 0, 9, 145, 0, 0, 8338.28, 2, 0, 0, 0.41, 521, 238, 7684.77, 21346, 19673
1694106676, 0, 9, 145, 0, 0, 8338.28, 2, 0, 0, 0.41, 522, 238, 7684.77, 21346, 19673
1694106678, 0, 9, 145, 0, 0, 8338.28, 2, 0, 0, 0.48, 523, 238, 7684.77, 21346, 19673
1694106681, 0, 9, 145, 0, 0, 8338.28, 2, 0, 0, 0.34, 524, 238, 7684.77, 21346, 19673
1694106683, 0, 9, 146, 0, 0, 8338.28, 2, 0, 0, 0.48, 525, 238, 7684.77, 21346, 19673
1694106686, 0, 9, 146, 0, 0, 8338.28, 2, 0, 0, 0.32, 526, 238, 7684.77, 21346, 19673
1694106688, 0, 9, 146, 0, 0, 8338.28, 2, 0, 0, 0.47, 527, 238, 7684.77, 21346, 19673
1694106690, 0, 9, 147, 0, 0, 8338.28, 2, 0, 0, 0.46, 528, 238, 7684.77, 21346, 19673
1694106693, 0, 9, 147, 0, 0, 8338.28, 2, 0, 0, 0.43, 529, 238, 7684.77, 21346, 19673
1694106695, 0, 9, 148, 0, 0, 8338.28, 2, 0, 0, 0.41, 530, 238, 7684.77, 21346, 19673
1694106697, 0, 9, 148, 0, 0, 8338.28, 2, 0, 0, 0.44, 531, 238, 7684.77, 21346, 19673
1694106699, 0, 9, 148, 0, 0, 8338.28, 2, 0, 0, 0.55, 532, 238, 7684.77, 21346, 19673
1694106702, 0, 9, 148, 0, 0, 8338.28, 2, 0, 0, 0.42, 533, 238, 7684.77, 21346, 19673
1694106704, 0, 9, 148, 0, 0, 8338.28, 2, 0, 0, 0.47, 534, 238, 7684.77, 21346, 19673
1694106706, 0, 9, 148, 0, 0, 8338.28, 2, 0, 0, 0.49, 535, 238, 7684.77, 21346, 19673
1694106708, 0, 9, 148, 0, 0, 8338.28, 2, 0, 0, 0.56, 536, 238, 7684.77, 21346, 19673
1694106710, 0, 9, 148, 0, 0, 8338.28, 2, 0, 0, 0.47, 537, 238, 7684.77, 21346, 19673
1694106712, 0, 9, 148, 0, 0, 8338.28, 2, 0, 0, 0.40, 538, 238, 7684.77, 21346, 19673
1694106714, 0, 9, 148, 0, 0, 8338.28, 2, 0, 0, 0.48, 539, 238, 7684.77, 21346, 19673
1694106716, 0, 9, 148, 0, 0, 8338.28, 2, 0, 0, 0.47, 540, 238, 7684.77, 21346, 19673
1694106719, 0, 9, 148, 0, 0, 8338.28, 2, 0, 0, 0.45, 541, 238, 7684.77, 21346, 19673
1694106721, 0, 9, 148, 0, 0, 8338.28, 2, 0, 0, 0.42, 542, 238, 7684.77, 21346, 19673
1694106724, 0, 9, 148, 0, 0, 8338.28, 2, 0, 0, 0.41, 543, 238, 7684.77, 21346, 19673
1694106725, 0, 9, 148, 0, 0, 8338.28, 2, 0, 0, 0.55, 544, 238, 7684.77, 21346, 19673
1694106727, 0, 9, 148, 0, 0, 8338.28, 2, 0, 0, 0.56, 545, 238, 7684.77, 21346, 19673
1694106729, 0, 9, 148, 0, 0, 8338.28, 2, 0, 0, 0.54, 546, 238, 7684.77, 21346, 19673
1694106731, 0, 9, 148, 0, 0, 8338.28, 2, 0, 0, 0.60, 547, 238, 7684.77, 21346, 19673
1694106733, 0, 9, 148, 0, 0, 8338.28, 2, 0, 0, 0.48, 548, 238, 7684.77, 21346, 19673
1694106735, 0, 9, 148, 0, 0, 8338.28, 2, 0, 0, 0.46, 549, 238, 7684.77, 21346, 19673
1694106737, 0, 9, 148, 0, 0, 8338.28, 2, 0, 0, 0.42, 550, 238, 7684.77, 21346, 19673
1694106739, 0, 9, 148, 0, 0, 8338.28, 2, 0, 0, 0.47, 551, 238, 7684.77, 21346, 19673
1694106741, 0, 9, 148, 0, 0, 8338.28, 2, 0, 0, 0.59, 552, 238, 7684.77, 21346, 19673
1694106743, 0, 9, 148, 0, 0, 8338.28, 2, 0, 0, 0.48, 553, 238, 7684.77, 21346, 19673
1694106745, 0, 9, 148, 0, 0, 8338.28, 2, 0, 0, 0.49, 554, 238, 7684.77, 21346, 19673
1694106747, 0, 9, 148, 0, 0, 8338.28, 2, 0, 0, 0.49, 555, 238, 7684.77, 21346, 19673
1694106749, 0, 9, 148, 0, 0, 8338.28, 2, 0, 0, 0.58, 556, 238, 7684.77, 21346, 19673
1694106757, 0, 9, 149, 0, 0, 8338.28, 2, 0, 0, 0.13, 557, 238, 7684.77, 21346, 19673
1694106760, 0, 9, 149, 0, 0, 8338.28, 2, 0, 0, 0.39, 558, 238, 7684.77, 21346, 19673
1694106762, 0, 9, 149, 0, 0, 8338.28, 2, 0, 0, 0.48, 559, 238, 7684.77, 21346, 19673
1694106764, 0, 9, 149, 0, 0, 8338.28, 2, 0, 0, 0.44, 560, 238, 7684.77, 21346, 19673
1694106766, 0, 9, 149, 0, 0, 8338.28, 2, 0, 0, 0.51, 561, 238, 7684.77, 21346, 19673
1694106768, 0, 9, 149, 0, 0, 8338.28, 2, 0, 0, 0.49, 562, 238, 7684.77, 21346, 19673
1694106771, 0, 9, 149, 0, 0, 8338.28, 2, 0, 0, 0.38, 563, 238, 7684.77, 21346, 19673
1694106774, 0, 9, 149, 0, 0, 8338.28, 2, 0, 0, 0.27, 564, 238, 7684.77, 21346, 19673
1694106776, 0, 9, 149, 0, 0, 8338.28, 2, 0, 0, 0.46, 565, 238, 7684.77, 21346, 19673
1694106779, 0, 9, 149, 0, 0, 8338.28, 2, 0, 0, 0.44, 566, 238, 7684.77, 21346, 19673
1694106781, 0, 9, 149, 0, 0, 8338.28, 2, 0, 0, 0.48, 567, 238, 7684.77, 21346, 19673
1694106783, 0, 9, 149, 0, 0, 8338.28, 2, 0, 0, 0.48, 568, 238, 7684.77, 21346, 19673
1694106785, 0, 9, 149, 0, 0, 8338.28, 2, 0, 0, 0.50, 569, 238, 7684.77, 21346, 19673
1694106787, 0, 9, 149, 0, 0, 8338.28, 2, 0, 0, 0.44, 570, 238, 7684.77, 21346, 19673
1694106790, 0, 9, 149, 0, 0, 8338.28, 2, 0, 0, 0.43, 571, 238, 7684.77, 21346, 19673
1694106792, 0, 9, 149, 0, 0, 8338.28, 2, 0, 0, 0.44, 572, 238, 7684.77, 21346, 19673
1694106794, 0, 9, 149, 0, 0, 8338.28, 2, 0, 0, 0.38, 573, 238, 7684.77, 21346, 19673
1694106797, 0, 9, 149, 0, 0, 8338.28, 2, 0, 0, 0.35, 574, 238, 7684.77, 21346, 19673
1694106800, 0, 9, 149, 0, 0, 8338.28, 2, 0, 0, 0.35, 575, 238, 7684.77, 21346, 19673
1694106802, 0, 9, 149, 0, 0, 8338.28, 2, 0, 0, 0.44, 576, 238, 7684.77, 21346, 19673
1694106805, 0, 9, 149, 0, 0, 8338.28, 2, 0, 0, 0.42, 577, 238, 7684.77, 21346, 19673
1694106807, 0, 9, 149, 0, 0, 8338.28, 2, 0, 0, 0.42, 578, 238, 7684.77, 21346, 19673
1694106810, 0, 9, 149, 0, 0, 8338.28, 2, 0, 0, 0.38, 579, 238, 7684.77, 21346, 19673
1694106812, 0, 9, 149, 0, 0, 8338.28, 2, 0, 0, 0.51, 580, 238, 7684.77, 21346, 19673
1694106814, 0, 9, 149, 0, 0, 8338.28, 2, 0, 0, 0.49, 581, 238, 7684.77, 21346, 19673
1694106816, 0, 9, 149, 0, 0, 8338.28, 2, 0, 0, 0.44, 582, 238, 7684.77, 21346, 19673
1694106818, 0, 9, 149, 0, 0, 8338.28, 2, 0, 0, 0.47, 583, 238, 7684.77, 21346, 19673
1694106820, 0, 9, 149, 0, 0, 8338.28, 2, 0, 0, 0.51, 584, 238, 7684.77, 21346, 19673
1694106822, 0, 9, 149, 0, 0, 8338.28, 2, 0, 0, 0.53, 585, 238, 7684.77, 21346, 19673
1694106825, 0, 9, 149, 0, 0, 8338.28, 2, 0, 0, 0.39, 586, 238, 7684.77, 21346, 19673
1694106827, 0, 9, 149, 0, 0, 8338.28, 2, 0, 0, 0.36, 587, 238, 7684.77, 21346, 19673
1694106830, 0, 9, 150, 0, 0, 8338.28, 2, 0, 0, 0.41, 588, 238, 7684.77, 21346, 19673
1694106832, 0, 9, 150, 0, 0, 8338.28, 2, 0, 0, 0.39, 589, 238, 7684.77, 21346, 19673
1694106835, 0, 9, 150, 0, 0, 8338.28, 2, 0, 0, 0.41, 590, 238, 7684.77, 21346, 19673
1694106838, 0, 9, 151, 0, 0, 8338.28, 2, 0, 0, 0.36, 591, 238, 7684.77, 21346, 19673
1694106840, 0, 9, 151, 0, 0, 8338.28, 2, 0, 0, 0.48, 592, 238, 7684.77, 21346, 19673
1694106842, 0, 9, 151, 0, 0, 8338.28, 2, 0, 0, 0.42, 593, 238, 7684.77, 21346, 19673
1694106845, 0, 9, 151, 0, 0, 8338.28, 2, 0, 0, 0.32, 594, 238, 7684.77, 21346, 19673
1694106848, 0, 9, 151, 0, 0, 8338.28, 2, 0, 0, 0.34, 595, 238, 7684.77, 21346, 19673
1694106851, 0, 9, 151, 0, 0, 8338.28, 2, 0, 0, 0.38, 596, 238, 7684.77, 21346, 19673
1694106853, 0, 9, 151, 0, 0, 8338.28, 2, 0, 0, 0.41, 597, 238, 7684.77, 21346, 19673
1694106856, 0, 9, 152, 0, 0, 8338.28, 2, 0, 0, 0.33, 598, 238, 7684.77, 21346, 19673
1694106859, 0, 9, 152, 0, 0, 8338.28, 2, 0, 0, 0.42, 599, 238, 7684.77, 21346, 19673
1694106861, 0, 9, 152, 0, 0, 8338.28, 2, 0, 0, 0.52, 600, 238, 7684.77, 21346, 19673
1694106863, 0, 9, 152, 0, 0, 8338.28, 2, 0, 0, 0.45, 601, 238, 7684.77, 21346, 19673
1694106865, 0, 9, 152, 0, 0, 8338.28, 2, 0, 0, 0.44, 602, 238, 7684.77, 21346, 19673
1694106867, 0, 9, 152, 0, 0, 8338.28, 2, 0, 0, 0.50, 603, 238, 7684.77, 21346, 19673
1694106869, 0, 9, 152, 0, 0, 8338.28, 2, 0, 0, 0.48, 604, 238, 7684.77, 21346, 19673
1694106871, 0, 9, 152, 0, 0, 8338.28, 2, 0, 0, 0.42, 605, 238, 7684.77, 21346, 19673
1694106874, 0, 9, 152, 0, 0, 8338.28, 2, 0, 0, 0.46, 606, 238, 7684.77, 21346, 19673
1694106876, 0, 9, 152, 0, 0, 8338.28, 2, 0, 0, 0.40, 607, 238, 7684.77, 21346, 19673
1694106878, 0, 9, 152, 0, 0, 8338.28, 2, 0, 0, 0.50, 608, 238, 7684.77, 21346, 19673
1694106880, 0, 9, 152, 0, 0, 8338.28, 2, 0, 0, 0.45, 609, 238, 7684.77, 21346, 19673
1694106883, 0, 9, 152, 0, 0, 8338.28, 2, 0, 0, 0.44, 610, 238, 7684.77, 21346, 19673
1694106885, 0, 9, 152, 0, 0, 8338.28, 2, 0, 0, 0.41, 611, 238, 7684.77, 21346, 19673
1694106887, 0, 9, 152, 0, 0, 8338.28, 2, 0, 0, 0.46, 612, 238, 7684.77, 21346, 19673
1694106890, 0, 9, 152, 0, 0, 8338.28, 2, 0, 0, 0.44, 613, 238, 7684.77, 21346, 19673
1694106892, 0, 9, 152, 0, 0, 8338.28, 2, 0, 0, 0.37, 614, 238, 7684.77, 21346, 19673
1694106895, 0, 9, 152, 0, 0, 8338.28, 2, 0, 0, 0.44, 615, 238, 7684.77, 21346, 19673
1694106897, 0, 9, 152, 0, 0, 8338.28, 2, 0, 0, 0.48, 616, 238, 7684.77, 21346, 19673
1694106899, 0, 9, 152, 0, 0, 8338.28, 2, 0, 0, 0.42, 617, 238, 7684.77, 21346, 19673
1694106902, 0, 9, 153, 0, 0, 8338.28, 2, 0, 0, 0.38, 618, 238, 7684.77, 21346, 19673
1694106904, 0, 9, 153, 0, 0, 8338.28, 2, 0, 0, 0.39, 619, 238, 7684.77, 21346, 19673
1694106906, 0, 9, 154, 0, 0, 8338.28, 2, 0, 0, 0.45, 620, 238, 7684.77, 21346, 19673
1694106908, 0, 9, 154, 0, 0, 8338.28, 2, 0, 0, 0.57, 621, 238, 7684.77, 21346, 19673
1694106911, 0, 9, 154, 0, 0, 8338.28, 2, 0, 0, 0.41, 622, 238, 7684.77, 21346, 19673
1694106913, 0, 9, 154, 0, 0, 8338.28, 2, 0, 0, 0.40, 623, 238, 7684.77, 21346, 19673
1694106916, 0, 9, 154, 0, 0, 8338.28, 2, 0, 0, 0.41, 624, 238, 7684.77, 21346, 19673
1694106917, 0, 9, 154, 0, 0, 8338.28, 2, 0, 0, 0.51, 625, 238, 7684.77, 21346, 19673
1694106920, 0, 9, 154, 0, 0, 8338.28, 2, 0, 0, 0.44, 626, 238, 7684.77, 21346, 19673
1694106923, 0, 9, 155, 0, 0, 8338.28, 2, 0, 0, 0.29, 627, 238, 7684.77, 21346, 19673
1694106926, 0, 9, 155, 0, 0, 8338.28, 2, 0, 0, 0.42, 628, 238, 7684.77, 21346, 19673
1694106927, 0, 9, 155, 0, 0, 8338.28, 2, 0, 0, 0.53, 629, 238, 7684.77, 21346, 19673
1694106929, 0, 9, 155, 0, 0, 8338.28, 2, 0, 0, 0.50, 630, 238, 7684.77, 21346, 19673
1694106932, 0, 9, 155, 0, 0, 8338.28, 2, 0, 0, 0.39, 631, 238, 7684.77, 21346, 19673
1694106934, 0, 9, 155, 0, 0, 8338.28, 2, 0, 0, 0.46, 632, 238, 7684.77, 21346, 19673
1694106936, 0, 9, 155, 0, 0, 8338.28, 2, 0, 0, 0.51, 633, 238, 7684.77, 21346, 19673
1694106939, 0, 9, 155, 0, 0, 8338.28, 2, 0, 0, 0.42, 634, 238, 7684.77, 21346, 19673
1694106941, 0, 9, 155, 0, 0, 8338.28, 2, 0, 0, 0.37, 635, 238, 7684.77, 21346, 19673
1694106944, 0, 9, 155, 0, 0, 8338.28, 2, 0, 0, 0.44, 636, 238, 7684.77, 21346, 19673
1694106946, 0, 9, 155, 0, 0, 8338.28, 2, 0, 0, 0.45, 637, 238, 7684.77, 21346, 19673
1694106949, 0, 9, 156, 0, 0, 8338.28, 2, 0, 0, 0.32, 638, 238, 7684.77, 21346, 19673
1694106952, 0, 9, 157, 0, 0, 8338.28, 2, 0, 0, 0.35, 639, 238, 7684.77, 21346, 19673
1694106955, 0, 9, 157, 0, 0, 8338.28, 2, 0, 0, 0.31, 640, 238, 7684.77, 21346, 19673
1694106959, 0, 9, 158, 0, 0, 8338.28, 2, 0, 0, 0.22, 641, 238, 7684.77, 21346, 19673
1694106961, 0, 9, 159, 0, 0, 8338.28, 2, 0, 0, 0.51, 642, 238, 7684.77, 21346, 19673
1694106964, 0, 9, 159, 0, 0, 8338.28, 2, 0, 0, 0.41, 643, 238, 7684.77, 21346, 19673
1694106966, 0, 9, 159, 0, 0, 8338.28, 2, 0, 0, 0.46, 644, 238, 7684.77, 21346, 19673
1694106968, 0, 9, 160, 0, 0, 8338.28, 2, 0, 0, 0.44, 645, 238, 7684.77, 21346, 19673
1694106971, 0, 9, 161, 0, 0, 8338.28, 2, 0, 0, 0.42, 646, 238, 7684.77, 21346, 19673
1694106973, 0, 9, 161, 0, 0, 8338.28, 2, 0, 0, 0.41, 647, 238, 7684.77, 21346, 19673
1694106976, 0, 9, 161, 0, 0, 8338.28, 2, 0, 0, 0.38, 648, 238, 7684.77, 21346, 19673
1694106978, 0, 9, 161, 0, 0, 8338.28, 2, 0, 0, 0.39, 649, 238, 7684.77, 21346, 19673
1694106981, 0, 9, 161, 0, 0, 8338.28, 2, 0, 0, 0.34, 650, 238, 7684.77, 21346, 19673
1694106983, 0, 9, 161, 0, 0, 8338.28, 2, 0, 0, 0.46, 651, 238, 7684.77, 21346, 19673
1694106985, 0, 9, 161, 0, 0, 8338.28, 2, 0, 0, 0.51, 652, 238, 7684.77, 21346, 19673
1694106988, 0, 9, 161, 0, 0, 8338.28, 2, 0, 0, 0.40, 653, 238, 7684.77, 21346, 19673
1694106990, 0, 9, 161, 0, 0, 8338.28, 2, 0, 0, 0.45, 654, 238, 7684.77, 21346, 19673
1694106992, 0, 9, 161, 0, 0, 8338.28, 2, 0, 0, 0.41, 655, 238, 7684.77, 21346, 19673
1694106995, 0, 9, 161, 0, 0, 8338.28, 2, 0, 0, 0.47, 656, 238, 7684.77, 21346, 19673
1694106997, 0, 9, 161, 0, 0, 8338.28, 2, 0, 0, 0.45, 657, 238, 7684.77, 21346, 19673
1694106999, 0, 9, 161, 0, 0, 8338.28, 2, 0, 0, 0.44, 658, 238, 7684.77, 21346, 19673
1694107002, 0, 9, 161, 0, 0, 8338.28, 2, 0, 0, 0.41, 659, 238, 7684.77, 21346, 19673
1694107004, 0, 9, 161, 0, 0, 8338.28, 2, 0, 0, 0.49, 660, 238, 7684.77, 21346, 19673
1694107006, 0, 9, 161, 0, 0, 8338.28, 2, 0, 0, 0.46, 661, 238, 7684.77, 21346, 19673
1694107008, 0, 9, 162, 0, 0, 8338.28, 2, 0, 0, 0.42, 662, 238, 7684.77, 21346, 19673
1694107010, 0, 9, 162, 0, 0, 8338.28, 2, 0, 0, 0.43, 663, 238, 7684.77, 21346, 19673
1694107013, 0, 9, 162, 0, 0, 8338.28, 2, 0, 0, 0.44, 664, 238, 7684.77, 21346, 19673
1694107015, 0, 9, 162, 0, 0, 8338.28, 2, 0, 0, 0.45, 665, 238, 7684.77, 21346, 19673
1694107017, 0, 9, 162, 0, 0, 8338.28, 2, 0, 0, 0.41, 666, 238, 7684.77, 21346, 19673
1694107020, 0, 9, 162, 0, 0, 8338.28, 2, 0, 0, 0.45, 667, 238, 7684.77, 21346, 19673
1694107022, 0, 9, 162, 0, 0, 8338.28, 2, 0, 0, 0.44, 668, 238, 7684.77, 21346, 19673
1694107024, 0, 9, 162, 0, 0, 8338.28, 2, 0, 0, 0.51, 669, 238, 7684.77, 21346, 19673
1694107026, 0, 9, 162, 0, 0, 8338.28, 2, 0, 0, 0.39, 670, 238, 7684.77, 21346, 19673
1694107029, 0, 9, 162, 0, 0, 8338.28, 2, 0, 0, 0.45, 671, 238, 7684.77, 21346, 19673
1694107031, 0, 9, 163, 0, 0, 8338.28, 2, 0, 0, 0.43, 672, 238, 7684.77, 21346, 19673
1694107033, 0, 9, 163, 0, 0, 8338.28, 2, 0, 0, 0.47, 673, 238, 7684.77, 21346, 19673
1694107036, 0, 9, 163, 0, 0, 8338.28, 2, 0, 0, 0.40, 674, 238, 7684.77, 21346, 19673
1694107038, 0, 9, 163, 0, 0, 8338.28, 2, 0, 0, 0.37, 675, 238, 7684.77, 21346, 19673
1694107041, 0, 9, 163, 0, 0, 8338.28, 2, 0, 0, 0.42, 676, 238, 7684.77, 21346, 19673
1694107043, 0, 9, 163, 0, 0, 8338.28, 2, 0, 0, 0.41, 677, 238, 7684.77, 21346, 19673
1694107045, 0, 9, 163, 0, 0, 8338.28, 2, 0, 0, 0.44, 678, 238, 7684.77, 21346, 19673
1694107048, 0, 9, 163, 0, 0, 8338.28, 2, 0, 0, 0.35, 679, 238, 7684.77, 21346, 19673
1694107050, 0, 9, 164, 0, 0, 8338.28, 2, 0, 0, 0.43, 680, 238, 7684.77, 21346, 19673
1694107053, 0, 9, 164, 0, 0, 8338.28, 2, 0, 0, 0.39, 681, 238, 7684.77, 21346, 19673
1694107056, 0, 9, 164, 0, 0, 8338.28, 2, 0, 0, 0.30, 682, 238, 7684.77, 21346, 19673
1694107061, 0, 9, 164, 0, 0, 8338.28, 2, 0, 0, 0.21, 683, 238, 7684.77, 21346, 19673
1694107064, 0, 9, 164, 0, 0, 8338.28, 2, 0, 0, 0.35, 684, 238, 7684.77, 21346, 19673
1694107066, 0, 9, 164, 0, 0, 8338.28, 2, 0, 0, 0.44, 685, 238, 7684.77, 21346, 19673
1694107069, 0, 9, 165, 0, 0, 8338.28, 2, 0, 0, 0.41, 686, 238, 7684.77, 21346, 19673
1694107071, 0, 9, 165, 0, 0, 8338.28, 2, 0, 0, 0.35, 687, 238, 7684.77, 21346, 19673
1694107074, 0, 9, 165, 0, 0, 8338.28, 2, 0, 0, 0.39, 688, 238, 7684.77, 21346, 19673
1694107077, 0, 9, 165, 0, 0, 8338.28, 2, 0, 0, 0.32, 689, 238, 7684.77, 21346, 19673
1694107080, 0, 9, 165, 0, 0, 8338.28, 2, 0, 0, 0.37, 690, 238, 7684.77, 21346, 19673
1694107083, 0, 9, 165, 0, 0, 8338.28, 2, 0, 0, 0.34, 691, 238, 7684.77, 21346, 19673
1694107087, 0, 9, 165, 0, 0, 8338.28, 2, 0, 0, 0.26, 692, 238, 7684.77, 21346, 19673
1694107089, 0, 9, 165, 0, 0, 8338.28, 2, 0, 0, 0.38, 693, 238, 7684.77, 21346, 19673
1694107092, 0, 9, 165, 0, 0, 8338.28, 2, 0, 0, 0.32, 694, 238, 7684.77, 21346, 19673
1694107095, 0, 9, 165, 0, 0, 8338.28, 2, 0, 0, 0.37, 695, 238, 7684.77, 21346, 19673
1694107098, 0, 9, 165, 0, 0, 8338.28, 2, 0, 0, 0.31, 696, 238, 7684.77, 21346, 19673
1694107101, 0, 9, 166, 0, 0, 8338.28, 2, 0, 0, 0.37, 697, 238, 7684.77, 21346, 19673
1694107104, 0, 9, 167, 0, 0, 8338.28, 2, 0, 0, 0.31, 698, 238, 7684.77, 21346, 19673
1694107107, 0, 9, 168, 0, 0, 8338.28, 2, 0, 0, 0.38, 699, 238, 7684.77, 21346, 19673
1694107109, 0, 9, 169, 0, 0, 8338.28, 2, 0, 0, 0.43, 700, 238, 7684.77, 21346, 19673
1694107111, 0, 9, 170, 0, 0, 8338.28, 2, 0, 0, 0.46, 701, 238, 7684.77, 21346, 19673
1694107114, 0, 9, 170, 0, 0, 8338.28, 2, 0, 0, 0.41, 702, 238, 7684.77, 21346, 19673
1694107120, 0, 9, 171, 0, 0, 8338.28, 2, 0, 0, 0.15, 703, 238, 7684.77, 21346, 19673
1694107123, 0, 9, 171, 0, 0, 8338.28, 2, 0, 0, 0.39, 704, 238, 7684.77, 21346, 19673
1694107125, 0, 9, 171, 0, 0, 8338.28, 2, 0, 0, 0.38, 705, 238, 7684.77, 21346, 19673
1694107128, 0, 9, 171, 0, 0, 8338.28, 2, 0, 0, 0.41, 706, 238, 7684.77, 21346, 19673
1694107130, 0, 9, 171, 0, 0, 8338.28, 2, 0, 0, 0.42, 707, 238, 7684.77, 21346, 19673
1694107133, 0, 9, 171, 0, 0, 8338.28, 2, 0, 0, 0.41, 708, 238, 7684.77, 21346, 19673
1694107135, 0, 9, 171, 0, 0, 8338.28, 2, 0, 0, 0.38, 709, 238, 7684.77, 21346, 19673
1694107138, 0, 9, 171, 0, 0, 8338.28, 2, 0, 0, 0.33, 710, 238, 7684.77, 21346, 19673
1694107141, 0, 9, 171, 0, 0, 8338.28, 2, 0, 0, 0.42, 711, 238, 7684.77, 21346, 19673
1694107143, 0, 9, 171, 0, 0, 8338.28, 2, 0, 0, 0.40, 712, 238, 7684.77, 21346, 19673
1694107145, 0, 9, 171, 0, 0, 8338.28, 2, 0, 0, 0.50, 713, 238, 7684.77, 21346, 19673
1694107148, 0, 9, 171, 0, 0, 8338.28, 2, 0, 0, 0.38, 714, 238, 7684.77, 21346, 19673
1694107150, 0, 9, 171, 0, 0, 8338.28, 2, 0, 0, 0.42, 715, 238, 7684.77, 21346, 19673
1694107153, 0, 9, 171, 0, 0, 8338.28, 2, 0, 0, 0.37, 716, 238, 7684.77, 21346, 19673
1694107155, 0, 9, 171, 0, 0, 8338.28, 2, 0, 0, 0.43, 717, 238, 7684.77, 21346, 19673
1694107158, 0, 9, 171, 0, 0, 8338.28, 2, 0, 0, 0.34, 718, 238, 7684.77, 21346, 19673
1694107161, 0, 9, 171, 0, 0, 8338.28, 2, 0, 0, 0.44, 719, 238, 7684.77, 21346, 19673
1694107163, 0, 9, 171, 0, 0, 8338.28, 2, 0, 0, 0.44, 720, 238, 7684.77, 21346, 19673
1694107165, 0, 9, 171, 0, 0, 8338.28, 2, 0, 0, 0.42, 721, 238, 7684.77, 21346, 19673
1694107169, 0, 9, 171, 0, 0, 8338.28, 2, 0, 0, 0.26, 722, 238, 7684.77, 21346, 19673
1694107172, 0, 9, 171, 0, 0, 8338.28, 2, 0, 0, 0.37, 723, 238, 7684.77, 21346, 19673
1694107174, 0, 9, 171, 0, 0, 8338.28, 2, 0, 0, 0.42, 724, 238, 7684.77, 21346, 19673
1694107177, 0, 9, 171, 0, 0, 8338.28, 2, 0, 0, 0.41, 725, 238, 7684.77, 21346, 19673
1694107179, 0, 9, 171, 0, 0, 8338.28, 2, 0, 0, 0.42, 726, 238, 7684.77, 21346, 19673
1694107181, 0, 9, 171, 0, 0, 8338.28, 2, 0, 0, 0.43, 727, 238, 7684.77, 21346, 19673
1694107184, 0, 9, 171, 0, 0, 8338.28, 2, 0, 0, 0.41, 728, 238, 7684.77, 21346, 19673
1694107186, 0, 9, 171, 0, 0, 8338.28, 2, 0, 0, 0.38, 729, 238, 7684.77, 21346, 19673
1694107189, 0, 9, 171, 0, 0, 8338.28, 2, 0, 0, 0.43, 730, 238, 7684.77, 21346, 19673
1694107191, 0, 9, 171, 0, 0, 8338.28, 2, 0, 0, 0.42, 731, 238, 7684.77, 21346, 19673
1694107194, 0, 9, 171, 0, 0, 8338.28, 2, 0, 0, 0.39, 732, 238, 7684.77, 21346, 19673
1694107196, 0, 9, 171, 0, 0, 8338.28, 2, 0, 0, 0.36, 733, 238, 7684.77, 21346, 19673
1694107199, 0, 9, 171, 0, 0, 8338.28, 2, 0, 0, 0.43, 734, 238, 7684.77, 21346, 19673
1694107201, 0, 9, 171, 0, 0, 8338.28, 2, 0, 0, 0.40, 735, 238, 7684.77, 21346, 19673
1694107204, 0, 9, 171, 0, 0, 8338.28, 2, 0, 0, 0.35, 736, 238, 7684.77, 21346, 19673
1694107209, 0, 9, 171, 0, 0, 8338.28, 2, 0, 0, 0.23, 737, 238, 7684.77, 21346, 19673
1694107211, 0, 9, 171, 0, 0, 8338.28, 2, 0, 0, 0.36, 738, 238, 7684.77, 21346, 19673
1694107214, 0, 9, 171, 0, 0, 8338.28, 2, 0, 0, 0.37, 739, 238, 7684.77, 21346, 19673
1694107216, 0, 9, 171, 0, 0, 8338.28, 2, 0, 0, 0.42, 740, 238, 7684.77, 21346, 19673
1694107219, 0, 9, 171, 0, 0, 8338.28, 2, 0, 0, 0.43, 741, 238, 7684.77, 21346, 19673
1694107221, 0, 9, 171, 0, 0, 8338.28, 2, 0, 0, 0.42, 742, 238, 7684.77, 21346, 19673
1694107223, 0, 9, 171, 0, 0, 8338.28, 2, 0, 0, 0.42, 743, 238, 7684.77, 21346, 19673
1694107226, 0, 9, 171, 0, 0, 8338.28, 2, 0, 0, 0.44, 744, 238, 7684.77, 21346, 19673
1694107228, 0, 9, 171, 0, 0, 8338.28, 2, 0, 0, 0.40, 745, 238, 7684.77, 21346, 19673
1694107231, 0, 9, 171, 0, 0, 8338.28, 2, 0, 0, 0.42, 746, 238, 7684.77, 21346, 19673
1694107233, 0, 9, 171, 0, 0, 8338.28, 2, 0, 0, 0.42, 747, 238, 7684.77, 21346, 19673
1694107235, 0, 9, 171, 0, 0, 8338.28, 2, 0, 0, 0.41, 748, 238, 7684.77, 21346, 19673
1694107237, 0, 9, 171, 0, 0, 8338.28, 2, 0, 0, 0.48, 749, 238, 7684.77, 21346, 19673
1694107240, 0, 9, 171, 0, 0, 8338.28, 2, 0, 0, 0.39, 750, 238, 7684.77, 21346, 19673
1694107244, 0, 9, 171, 0, 0, 8338.28, 2, 0, 0, 0.26, 751, 238, 7684.77, 21346, 19673
1694107246, 0, 9, 171, 0, 0, 8338.28, 2, 0, 0, 0.45, 752, 238, 7684.77, 21346, 19673
1694107251, 0, 9, 172, 0, 0, 8338.28, 2, 0, 0, 0.22, 753, 238, 7684.77, 21346, 19673
1694107253, 0, 9, 172, 0, 0, 8338.28, 2, 0, 0, 0.41, 754, 238, 7684.77, 21346, 19673
1694107256, 0, 9, 172, 0, 0, 8338.28, 2, 0, 0, 0.35, 755, 238, 7684.77, 21346, 19673
1694107258, 0, 9, 172, 0, 0, 8338.28, 2, 0, 0, 0.39, 756, 238, 7684.77, 21346, 19673
1694107261, 0, 9, 172, 0, 0, 8338.28, 2, 0, 0, 0.39, 757, 238, 7684.77, 21346, 19673
1694107264, 0, 9, 172, 0, 0, 8338.28, 2, 0, 0, 0.35, 758, 238, 7684.77, 21346, 19673
1694107267, 0, 9, 172, 0, 0, 8338.28, 2, 0, 0, 0.36, 759, 238, 7684.77, 21346, 19673
1694107270, 0, 9, 172, 0, 0, 8338.28, 2, 0, 0, 0.28, 760, 238, 7684.77, 21346, 19673
1694107273, 0, 9, 172, 0, 0, 8338.28, 2, 0, 0, 0.40, 761, 238, 7684.77, 21346, 19673
1694107275, 0, 9, 172, 0, 0, 8338.28, 2, 0, 0, 0.38, 762, 238, 7684.77, 21346, 19673
1694107278, 0, 9, 172, 0, 0, 8338.28, 2, 0, 0, 0.36, 763, 238, 7684.77, 21346, 19673
1694107280, 0, 9, 172, 0, 0, 8338.28, 2, 0, 0, 0.43, 764, 238, 7684.77, 21346, 19673
1694107283, 0, 9, 172, 0, 0, 8338.28, 2, 0, 0, 0.40, 765, 238, 7684.77, 21346, 19673
1694107286, 0, 9, 172, 0, 0, 8338.28, 2, 0, 0, 0.30, 766, 238, 7684.77, 21346, 19673
1694107289, 0, 9, 172, 0, 0, 8338.28, 2, 0, 0, 0.36, 767, 238, 7684.77, 21346, 19673
1694107292, 0, 9, 172, 0, 0, 8338.28, 2, 0, 0, 0.37, 768, 238, 7684.77, 21346, 19673
1694107294, 0, 9, 172, 0, 0, 8338.28, 2, 0, 0, 0.41, 769, 238, 7684.77, 21346, 19673
1694107297, 0, 9, 172, 0, 0, 8338.28, 2, 0, 0, 0.41, 770, 238, 7684.77, 21346, 19673
1694107299, 0, 9, 172, 0, 0, 8338.28, 2, 0, 0, 0.41, 771, 238, 7684.77, 21346, 19673
1694107302, 0, 9, 172, 0, 0, 8338.28, 2, 0, 0, 0.43, 772, 238, 7684.77, 21346, 19673
1694107304, 0, 9, 172, 0, 0, 8338.28, 2, 0, 0, 0.44, 773, 238, 7684.77, 21346, 19673
1694107306, 0, 9, 172, 0, 0, 8338.28, 2, 0, 0, 0.39, 774, 238, 7684.77, 21346, 19673
1694107309, 0, 9, 172, 0, 0, 8338.28, 2, 0, 0, 0.37, 775, 238, 7684.77, 21346, 19673
1694107311, 0, 9, 172, 0, 0, 8338.28, 2, 0, 0, 0.43, 776, 238, 7684.77, 21346, 19673
1694107315, 0, 9, 172, 0, 0, 8338.28, 2, 0, 0, 0.26, 777, 238, 7684.77, 21346, 19673
1694107318, 0, 9, 172, 0, 0, 8338.28, 2, 0, 0, 0.34, 778, 238, 7684.77, 21346, 19673
1694107321, 0, 9, 172, 0, 0, 8338.28, 2, 0, 0, 0.41, 779, 238, 7684.77, 21346, 19673
1694107323, 0, 9, 172, 0, 0, 8338.28, 2, 0, 0, 0.40, 780, 238, 7684.77, 21346, 19673
1694107326, 0, 9, 172, 0, 0, 8338.28, 2, 0, 0, 0.40, 781, 238, 7684.77, 21346, 19673
1694107329, 0, 9, 172, 0, 0, 8338.28, 2, 0, 0, 0.30, 782, 238, 7684.77, 21346, 19673
1694107331, 0, 9, 172, 0, 0, 8338.28, 2, 0, 0, 0.40, 783, 238, 7684.77, 21346, 19673
1694107334, 0, 9, 172, 0, 0, 8338.28, 2, 0, 0, 0.40, 784, 238, 7684.77, 21346, 19673
1694107337, 0, 9, 172, 0, 0, 8338.28, 2, 0, 0, 0.39, 785, 238, 7684.77, 21346, 19673
1694107339, 0, 9, 172, 0, 0, 8338.28, 2, 0, 0, 0.36, 786, 238, 7684.77, 21346, 19673
1694107344, 0, 9, 172, 0, 0, 8338.28, 2, 0, 0, 0.20, 787, 238, 7684.77, 21346, 19673
1694107348, 0, 9, 172, 0, 0, 8338.28, 2, 0, 0, 0.29, 788, 238, 7684.77, 21346, 19673
1694107350, 0, 9, 172, 0, 0, 8338.28, 2, 0, 0, 0.42, 789, 238, 7684.77, 21346, 19673
1694107353, 0, 9, 172, 0, 0, 8338.28, 2, 0, 0, 0.37, 790, 238, 7684.77, 21346, 19673
1694107355, 0, 9, 172, 0, 0, 8338.28, 2, 0, 0, 0.42, 791, 238, 7684.77, 21346, 19673
1694107357, 0, 9, 172, 0, 0, 8338.28, 2, 0, 0, 0.46, 792, 238, 7684.77, 21346, 19673
1694107360, 0, 9, 172, 0, 0, 8338.28, 2, 0, 0, 0.39, 793, 238, 7684.77, 21346, 19673
1694107363, 0, 9, 172, 0, 0, 8338.28, 2, 0, 0, 0.31, 794, 238, 7684.77, 21346, 19673
1694107366, 0, 9, 172, 0, 0, 8338.28, 2, 0, 0, 0.32, 795, 238, 7684.77, 21346, 19673
1694107368, 0, 9, 172, 0, 0, 8338.28, 2, 0, 0, 0.45, 796, 238, 7684.77, 21346, 19673
1694107371, 0, 9, 172, 0, 0, 8338.28, 2, 0, 0, 0.37, 797, 238, 7684.77, 21346, 19673
1694107374, 0, 9, 172, 0, 0, 8338.28, 2, 0, 0, 0.34, 798, 238, 7684.77, 21346, 19673
1694107377, 0, 9, 172, 0, 0, 8338.28, 2, 0, 0, 0.37, 799, 238, 7684.77, 21346, 19673
1694107380, 0, 9, 172, 0, 0, 8338.28, 2, 0, 0, 0.34, 800, 238, 7684.77, 21346, 19673
1694107382, 0, 9, 172, 0, 0, 8338.28, 2, 0, 0, 0.40, 801, 238, 7684.77, 21346, 19673
1694107385, 0, 9, 172, 0, 0, 8338.28, 2, 0, 0, 0.39, 802, 238, 7684.77, 21346, 19673
1694107388, 0, 9, 173, 0, 0, 8338.28, 2, 0, 0, 0.34, 803, 238, 7684.77, 21346, 19673
1694107390, 0, 9, 173, 0, 0, 8338.28, 2, 0, 0, 0.44, 804, 238, 7684.77, 21346, 19673
1694107393, 0, 9, 173, 0, 0, 8338.28, 2, 0, 0, 0.41, 805, 238, 7684.77, 21346, 19673
1694107395, 0, 9, 173, 0, 0, 8338.28, 2, 0, 0, 0.39, 806, 238, 7684.77, 21346, 19673
1694107397, 0, 9, 173, 0, 0, 8338.28, 2, 0, 0, 0.44, 807, 238, 7684.77, 21346, 19673
1694107400, 0, 9, 173, 0, 0, 8338.28, 2, 0, 0, 0.41, 808, 238, 7684.77, 21346, 19673
1694107402, 0, 9, 173, 0, 0, 8338.28, 2, 0, 0, 0.40, 809, 238, 7684.77, 21346, 19673
1694107405, 0, 9, 174, 0, 0, 8338.28, 2, 0, 0, 0.34, 810, 238, 7684.77, 21346, 19673
1694107408, 0, 9, 174, 0, 0, 8338.28, 2, 0, 0, 0.39, 811, 238, 7684.77, 21346, 19673
1694107411, 0, 9, 174, 0, 0, 8338.28, 2, 0, 0, 0.36, 812, 238, 7684.77, 21346, 19673
1694107414, 0, 9, 174, 0, 0, 8338.28, 2, 0, 0, 0.34, 813, 238, 7684.77, 21346, 19673
1694107416, 0, 9, 174, 0, 0, 8338.28, 2, 0, 0, 0.42, 814, 238, 7684.77, 21346, 19673
1694107419, 0, 9, 174, 0, 0, 8338.28, 2, 0, 0, 0.37, 815, 238, 7684.77, 21346, 19673
1694107422, 0, 9, 174, 0, 0, 8338.28, 2, 0, 0, 0.30, 816, 238, 7684.77, 21346, 19673
1694107425, 0, 9, 174, 0, 0, 8338.28, 2, 0, 0, 0.39, 817, 238, 7684.77, 21346, 19673
1694107427, 0, 9, 174, 0, 0, 8338.28, 2, 0, 0, 0.36, 818, 238, 7684.77, 21346, 19673
1694107430, 0, 9, 174, 0, 0, 8338.28, 2, 0, 0, 0.33, 819, 238, 7684.77, 21346, 19673
1694107433, 0, 9, 174, 0, 0, 8338.28, 2, 0, 0, 0.33, 820, 238, 7684.77, 21346, 19673
1694107436, 0, 9, 174, 0, 0, 8338.28, 2, 0, 0, 0.45, 821, 238, 7684.77, 21346, 19673
1694107438, 0, 9, 174, 0, 0, 8338.28, 2, 0, 0, 0.38, 822, 238, 7684.77, 21346, 19673
1694107442, 0, 9, 174, 0, 0, 8338.28, 2, 0, 0, 0.31, 823, 238, 7684.77, 21346, 19673
1694107445, 0, 9, 174, 0, 0, 8338.28, 2, 0, 0, 0.34, 824, 238, 7684.77, 21346, 19673
1694107447, 0, 9, 174, 0, 0, 8338.28, 2, 0, 0, 0.36, 825, 238, 7684.77, 21346, 19673
1694107450, 0, 9, 174, 0, 0, 8338.28, 2, 0, 0, 0.34, 826, 238, 7684.77, 21346, 19673
1694107453, 0, 9, 174, 0, 0, 8338.28, 2, 0, 0, 0.35, 827, 238, 7684.77, 21346, 19673
1694107455, 0, 9, 174, 0, 0, 8338.28, 2, 0, 0, 0.43, 828, 238, 7684.77, 21346, 19673
1694107458, 0, 9, 174, 0, 0, 8338.28, 2, 0, 0, 0.42, 829, 238, 7684.77, 21346, 19673
1694107461, 0, 9, 174, 0, 0, 8338.28, 2, 0, 0, 0.30, 830, 238, 7684.77, 21346, 19673
1694107464, 0, 9, 174, 0, 0, 8338.28, 2, 0, 0, 0.36, 831, 238, 7684.77, 21346, 19673
1694107467, 0, 9, 174, 0, 0, 8338.28, 2, 0, 0, 0.35, 832, 238, 7684.77, 21346, 19673
1694107469, 0, 9, 174, 0, 0, 8338.28, 2, 0, 0, 0.45, 833, 238, 7684.77, 21346, 19673
1694107473, 0, 9, 174, 0, 0, 8338.28, 2, 0, 0, 0.26, 834, 238, 7684.77, 21346, 19673
1694107476, 0, 9, 174, 0, 0, 8338.28, 2, 0, 0, 0.35, 835, 238, 7684.77, 21346, 19673
1694107479, 0, 9, 174, 0, 0, 8338.28, 2, 0, 0, 0.32, 836, 238, 7684.77, 21346, 19673
1694107481, 0, 9, 174, 0, 0, 8338.28, 2, 0, 0, 0.38, 837, 238, 7684.77, 21346, 19673
1694107484, 0, 9, 174, 0, 0, 8338.28, 2, 0, 0, 0.34, 838, 238, 7684.77, 21346, 19673
1694107487, 0, 9, 174, 0, 0, 8338.28, 2, 0, 0, 0.41, 839, 238, 7684.77, 21346, 19673
1694107490, 0, 9, 174, 0, 0, 8338.28, 2, 0, 0, 0.36, 840, 238, 7684.77, 21346, 19673
1694107493, 0, 9, 174, 0, 0, 8338.28, 2, 0, 0, 0.32, 841, 238, 7684.77, 21346, 19673
1694107496, 0, 9, 174, 0, 0, 8338.28, 2, 0, 0, 0.30, 842, 238, 7684.77, 21346, 19673
1694107499, 0, 9, 174, 0, 0, 8338.28, 2, 0, 0, 0.30, 843, 238, 7684.77, 21346, 19673
1694107502, 0, 9, 174, 0, 0, 8338.28, 2, 0, 0, 0.43, 844, 238, 7684.77, 21346, 19673
1694107505, 0, 9, 174, 0, 0, 8338.28, 2, 0, 0, 0.34, 845, 238, 7684.77, 21346, 19673
1694107507, 0, 9, 174, 0, 0, 8338.28, 2, 0, 0, 0.37, 846, 238, 7684.77, 21346, 19673
1694107510, 0, 9, 174, 0, 0, 8338.28, 2, 0, 0, 0.39, 847, 238, 7684.77, 21346, 19673
1694107513, 0, 9, 174, 0, 0, 8338.28, 2, 0, 0, 0.34, 848, 238, 7684.77, 21346, 19673
1694107516, 0, 9, 174, 0, 0, 8338.28, 2, 0, 0, 0.27, 849, 238, 7684.77, 21346, 19673
1694107519, 0, 9, 174, 0, 0, 8338.28, 2, 0, 0, 0.36, 850, 238, 7684.77, 21346, 19673
1694107523, 0, 9, 174, 0, 0, 8338.28, 2, 0, 0, 0.30, 851, 238, 7684.77, 21346, 19673
1694107525, 0, 9, 174, 0, 0, 8338.28, 2, 0, 0, 0.36, 852, 238, 7684.77, 21346, 19673
1694107528, 0, 9, 174, 0, 0, 8338.28, 2, 0, 0, 0.39, 853, 238, 7684.77, 21346, 19673
1694107531, 0, 9, 174, 0, 0, 8338.28, 2, 0, 0, 0.32, 854, 238, 7684.77, 21346, 19673
1694107534, 0, 9, 174, 0, 0, 8338.28, 2, 0, 0, 0.39, 855, 238, 7684.77, 21346, 19673
1694107536, 0, 9, 174, 0, 0, 8338.28, 2, 0, 0, 0.43, 856, 238, 7684.77, 21346, 19673
1694107538, 0, 9, 174, 0, 0, 8338.28, 2, 0, 0, 0.47, 857, 238, 7684.77, 21346, 19673
1694107541, 0, 9, 174, 0, 0, 8338.28, 2, 0, 0, 0.36, 858, 238, 7684.77, 21346, 19673
1694107547, 0, 9, 174, 0, 0, 8338.28, 2, 0, 0, 0.18, 859, 238, 7684.77, 21346, 19673
1694107550, 0, 9, 174, 0, 0, 8338.28, 2, 0, 0, 0.30, 860, 238, 7684.77, 21346, 19673
1694107553, 0, 9, 174, 0, 0, 8338.28, 2, 0, 0, 0.36, 861, 238, 7684.77, 21346, 19673
1694107559, 0, 9, 174, 0, 0, 8338.28, 2, 0, 0, 0.15, 862, 238, 7684.77, 21346, 19673
1694107562, 0, 9, 174, 0, 0, 8338.28, 2, 0, 0, 0.41, 863, 238, 7684.77, 21346, 19673
1694107564, 0, 9, 174, 0, 0, 8338.28, 2, 0, 0, 0.38, 864, 238, 7684.77, 21346, 19673
1694107569, 0, 9, 174, 0, 0, 8338.28, 2, 0, 0, 0.23, 865, 238, 7684.77, 21346, 19673
1694107572, 0, 9, 175, 0, 0, 8338.28, 2, 0, 0, 0.27, 866, 238, 7684.77, 21346, 19673
1694107575, 0, 9, 176, 0, 0, 8338.28, 2, 0, 0, 0.36, 867, 238, 7684.77, 21346, 19673
1694107578, 0, 9, 176, 0, 0, 8338.28, 2, 0, 0, 0.41, 868, 238, 7684.77, 21346, 19673
1694107581, 0, 9, 177, 0, 0, 8338.28, 2, 0, 0, 0.32, 869, 238, 7684.77, 21346, 19673
1694107583, 0, 9, 177, 0, 0, 8338.28, 2, 0, 0, 0.38, 870, 238, 7684.77, 21346, 19673
1694107586, 0, 9, 177, 0, 0, 8338.28, 2, 0, 0, 0.33, 871, 238, 7684.77, 21346, 19673
1694107590, 0, 9, 178, 0, 0, 8338.28, 2, 0, 0, 0.31, 872, 238, 7684.77, 21346, 19673
1694107593, 0, 9, 178, 0, 0, 8338.28, 2, 0, 0, 0.32, 873, 238, 7684.77, 21346, 19673
1694107596, 0, 9, 178, 0, 0, 8338.28, 2, 0, 0, 0.30, 874, 238, 7684.77, 21346, 19673
1694107599, 0, 9, 178, 0, 0, 8338.28, 2, 0, 0, 0.38, 875, 238, 7684.77, 21346, 19673
1694107601, 0, 9, 178, 0, 0, 8338.28, 2, 0, 0, 0.39, 876, 238, 7684.77, 21346, 19673
1694107605, 0, 9, 178, 0, 0, 8338.28, 2, 0, 0, 0.32, 877, 238, 7684.77, 21346, 19673
1694107607, 0, 9, 178, 0, 0, 8338.28, 2, 0, 0, 0.37, 878, 238, 7684.77, 21346, 19673
1694107610, 0, 9, 178, 0, 0, 8338.28, 2, 0, 0, 0.32, 879, 238, 7684.77, 21346, 19673
1694107614, 0, 9, 178, 0, 0, 8338.28, 2, 0, 0, 0.31, 880, 238, 7684.77, 21346, 19673
1694107617, 0, 9, 178, 0, 0, 8338.28, 2, 0, 0, 0.34, 881, 238, 7684.77, 21346, 19673
1694107620, 0, 9, 178, 0, 0, 8338.28, 2, 0, 0, 0.29, 882, 238, 7684.77, 21346, 19673
1694107623, 0, 9, 178, 0, 0, 8338.28, 2, 0, 0, 0.32, 883, 238, 7684.77, 21346, 19673
1694107626, 0, 9, 178, 0, 0, 8338.28, 2, 0, 0, 0.31, 884, 238, 7684.77, 21346, 19673
1694107629, 0, 9, 178, 0, 0, 8338.28, 2, 0, 0, 0.37, 885, 238, 7684.77, 21346, 19673
1694107632, 0, 9, 178, 0, 0, 8338.28, 2, 0, 0, 0.36, 886, 238, 7684.77, 21346, 19673
1694107635, 0, 9, 178, 0, 0, 8338.28, 2, 0, 0, 0.33, 887, 238, 7684.77, 21346, 19673
1694107638, 0, 9, 178, 0, 0, 8338.28, 2, 0, 0, 0.29, 888, 238, 7684.77, 21346, 19673
1694107641, 0, 9, 178, 0, 0, 8338.28, 2, 0, 0, 0.31, 889, 238, 7684.77, 21346, 19673
1694107645, 0, 9, 178, 0, 0, 8338.28, 2, 0, 0, 0.29, 890, 238, 7684.77, 21346, 19673
1694107648, 0, 9, 178, 0, 0, 8338.28, 2, 0, 0, 0.28, 891, 238, 7684.77, 21346, 19673
1694107651, 0, 9, 178, 0, 0, 8338.28, 2, 0, 0, 0.33, 892, 238, 7684.77, 21346, 19673
1694107656, 0, 9, 178, 0, 0, 8338.28, 2, 0, 0, 0.25, 893, 238, 7684.77, 21346, 19673
1694107659, 0, 9, 178, 0, 0, 8338.28, 2, 0, 0, 0.27, 894, 238, 7684.77, 21346, 19673
1694107662, 0, 9, 178, 0, 0, 8338.28, 2, 0, 0, 0.35, 895, 238, 7684.77, 21346, 19673
1694107666, 0, 9, 178, 0, 0, 8338.28, 2, 0, 0, 0.29, 896, 238, 7684.77, 21346, 19673
1694107669, 0, 9, 178, 0, 0, 8338.28, 2, 0, 0, 0.26, 897, 238, 7684.77, 21346, 19673
1694107673, 0, 9, 178, 0, 0, 8338.28, 2, 0, 0, 0.29, 898, 238, 7684.77, 21346, 19673
1694107676, 0, 9, 178, 0, 0, 8338.28, 2, 0, 0, 0.37, 899, 238, 7684.77, 21346, 19673
1694107678, 0, 9, 178, 0, 0, 8338.28, 2, 0, 0, 0.34, 900, 238, 7684.77, 21346, 19673
1694107682, 0, 9, 178, 0, 0, 8338.28, 2, 0, 0, 0.31, 901, 238, 7684.77, 21346, 19673
1694107685, 0, 9, 178, 0, 0, 8338.28, 2, 0, 0, 0.32, 902, 238, 7684.77, 21346, 19673
1694107688, 0, 9, 178, 0, 0, 8338.28, 2, 0, 0, 0.35, 903, 238, 7684.77, 21346, 19673
1694107691, 0, 9, 178, 0, 0, 8338.28, 2, 0, 0, 0.34, 904, 238, 7684.77, 21346, 19673
1694107694, 0, 9, 178, 0, 0, 8338.28, 2, 0, 0, 0.28, 905, 238, 7684.77, 21346, 19673
1694107698, 0, 9, 178, 0, 0, 8338.28, 2, 0, 0, 0.29, 906, 238, 7684.77, 21346, 19673
1694107701, 0, 9, 178, 0, 0, 8338.28, 2, 0, 0, 0.31, 907, 238, 7684.77, 21346, 19673
1694107704, 0, 9, 178, 0, 0, 8338.28, 2, 0, 0, 0.33, 908, 238, 7684.77, 21346, 19673
1694107708, 0, 9, 178, 0, 0, 8338.28, 2, 0, 0, 0.26, 909, 238, 7684.77, 21346, 19673
1694107711, 0, 9, 178, 0, 0, 8338.28, 2, 0, 0, 0.30, 910, 238, 7684.77, 21346, 19673
1694107714, 0, 9, 178, 0, 0, 8338.28, 2, 0, 0, 0.34, 911, 238, 7684.77, 21346, 19673
1694107717, 0, 9, 178, 0, 0, 8338.28, 2, 0, 0, 0.38, 912, 238, 7684.77, 21346, 19673
1694107719, 0, 9, 178, 0, 0, 8338.28, 2, 0, 0, 0.39, 913, 238, 7684.77, 21346, 19673
1694107722, 0, 9, 178, 0, 0, 8338.28, 2, 0, 0, 0.34, 914, 238, 7684.77, 21346, 19673
1694107726, 0, 9, 178, 0, 0, 8338.28, 2, 0, 0, 0.25, 915, 238, 7684.77, 21346, 19673
1694107729, 0, 9, 178, 0, 0, 8338.28, 2, 0, 0, 0.29, 916, 238, 7684.77, 21346, 19673
1694107733, 0, 9, 178, 0, 0, 8338.28, 2, 0, 0, 0.30, 917, 238, 7684.77, 21346, 19673
1694107736, 0, 9, 178, 0, 0, 8338.28, 2, 0, 0, 0.29, 918, 238, 7684.77, 21346, 19673
1694107740, 0, 9, 178, 0, 0, 8338.28, 2, 0, 0, 0.29, 919, 238, 7684.77, 21346, 19673
1694107742, 0, 9, 178, 0, 0, 8338.28, 2, 0, 0, 0.39, 920, 238, 7684.77, 21346, 19673
1694107745, 0, 9, 178, 0, 0, 8338.28, 2, 0, 0, 0.31, 921, 238, 7684.77, 21346, 19673
1694107749, 0, 9, 178, 0, 0, 8338.28, 2, 0, 0, 0.30, 922, 238, 7684.77, 21346, 19673
1694107753, 0, 9, 178, 0, 0, 8338.28, 2, 0, 0, 0.26, 923, 238, 7684.77, 21346, 19673
1694107756, 0, 9, 178, 0, 0, 8338.28, 2, 0, 0, 0.33, 924, 238, 7684.77, 21346, 19673
1694107759, 0, 9, 178, 0, 0, 8338.28, 2, 0, 0, 0.31, 925, 238, 7684.77, 21346, 19673
1694107762, 0, 9, 178, 0, 0, 8338.28, 2, 0, 0, 0.33, 926, 238, 7684.77, 21346, 19673
1694107765, 0, 9, 178, 0, 0, 8338.28, 2, 0, 0, 0.32, 927, 238, 7684.77, 21346, 19673
1694107768, 0, 9, 178, 0, 0, 8338.28, 2, 0, 0, 0.30, 928, 238, 7684.77, 21346, 19673
1694107772, 0, 9, 178, 0, 0, 8338.28, 2, 0, 0, 0.25, 929, 238, 7684.77, 21346, 19673
1694107776, 0, 9, 178, 0, 0, 8338.28, 2, 0, 0, 0.25, 930, 238, 7684.77, 21346, 19673
1694107780, 0, 9, 178, 0, 0, 8338.28, 2, 0, 0, 0.31, 931, 238, 7684.77, 21346, 19673
1694107783, 0, 9, 178, 0, 0, 8338.28, 2, 0, 0, 0.31, 932, 238, 7684.77, 21346, 19673
1694107787, 0, 9, 178, 0, 0, 8338.28, 2, 0, 0, 0.26, 933, 238, 7684.77, 21346, 19673
1694107791, 0, 9, 178, 0, 0, 8338.28, 2, 0, 0, 0.23, 934, 238, 7684.77, 21346, 19673
1694107794, 0, 9, 178, 0, 0, 8338.28, 2, 0, 0, 0.27, 935, 238, 7684.77, 21346, 19673
1694107798, 0, 9, 178, 0, 0, 8338.28, 2, 0, 0, 0.25, 936, 238, 7684.77, 21346, 19673
1694107803, 0, 9, 178, 0, 0, 8338.28, 2, 0, 0, 0.22, 937, 238, 7684.77, 21346, 19673
1694107806, 0, 9, 178, 0, 0, 8338.28, 2, 0, 0, 0.35, 938, 238, 7684.77, 21346, 19673
1694107809, 0, 9, 178, 0, 0, 8338.28, 2, 0, 0, 0.27, 939, 238, 7684.77, 21346, 19673
1694107813, 0, 9, 178, 0, 0, 8338.28, 2, 0, 0, 0.29, 940, 238, 7684.77, 21346, 19673
1694107817, 0, 9, 178, 0, 0, 8338.28, 2, 0, 0, 0.23, 941, 238, 7684.77, 21346, 19673
1694107820, 0, 9, 178, 0, 0, 8338.28, 2, 0, 0, 0.31, 942, 238, 7684.77, 21346, 19673
1694107824, 0, 9, 178, 0, 0, 8338.28, 2, 0, 0, 0.30, 943, 238, 7684.77, 21346, 19673
1694107828, 0, 9, 178, 0, 0, 8338.28, 2, 0, 0, 0.22, 944, 238, 7684.77, 21346, 19673
1694107832, 0, 9, 178, 0, 0, 8338.28, 2, 0, 0, 0.26, 945, 238, 7684.77, 21346, 19673
1694107836, 0, 9, 178, 0, 0, 8338.28, 2, 0, 0, 0.28, 946, 238, 7684.77, 21346, 19673
1694107839, 0, 9, 178, 0, 0, 8338.28, 2, 0, 0, 0.31, 947, 238, 7684.77, 21346, 19673
1694107843, 0, 9, 178, 0, 0, 8338.28, 2, 0, 0, 0.24, 948, 238, 7684.77, 21346, 19673
1694107847, 0, 9, 178, 0, 0, 8338.28, 2, 0, 0, 0.25, 949, 238, 7684.77, 21346, 19673
1694107851, 0, 9, 178, 0, 0, 8338.28, 2, 0, 0, 0.25, 950, 238, 7684.77, 21346, 19673
1694107854, 0, 9, 178, 0, 0, 8338.28, 2, 0, 0, 0.33, 951, 238, 7684.77, 21346, 19673
1694107858, 0, 9, 178, 0, 0, 8338.28, 2, 0, 0, 0.24, 952, 238, 7684.77, 21346, 19673
1694107864, 0, 9, 178, 0, 0, 8338.28, 2, 0, 0, 0.18, 953, 238, 7684.77, 21346, 19673
1694107868, 0, 9, 178, 0, 0, 8338.28, 2, 0, 0, 0.27, 954, 238, 7684.77, 21346, 19673
1694107870, 0, 9, 178, 0, 0, 8338.28, 2, 0, 0, 0.35, 955, 238, 7684.77, 21346, 19673
1694107874, 0, 9, 178, 0, 0, 8338.28, 2, 0, 0, 0.28, 956, 238, 7684.77, 21346, 19673
1694107877, 0, 9, 178, 0, 0, 8338.28, 2, 0, 0, 0.32, 957, 238, 7684.77, 21346, 19673
1694107881, 0, 9, 178, 0, 0, 8338.28, 2, 0, 0, 0.24, 958, 238, 7684.77, 21346, 19673
1694107885, 0, 9, 178, 0, 0, 8338.28, 2, 0, 0, 0.28, 959, 238, 7684.77, 21346, 19673
1694107888, 0, 9, 178, 0, 0, 8338.28, 2, 0, 0, 0.32, 960, 238, 7684.77, 21346, 19673
1694107891, 0, 9, 178, 0, 0, 8338.28, 2, 0, 0, 0.30, 961, 238, 7684.77, 21346, 19673
1694107895, 0, 9, 178, 0, 0, 8338.28, 2, 0, 0, 0.29, 962, 238, 7684.77, 21346, 19673
1694107898, 0, 9, 178, 0, 0, 8338.28, 2, 0, 0, 0.27, 963, 238, 7684.77, 21346, 19673
1694107902, 0, 9, 178, 0, 0, 8338.28, 2, 0, 0, 0.24, 964, 238, 7684.77, 21346, 19673
1694107907, 0, 9, 178, 0, 0, 8338.28, 2, 0, 0, 0.25, 965, 238, 7684.77, 21346, 19673
1694107910, 0, 9, 178, 0, 0, 8338.28, 2, 0, 0, 0.31, 966, 238, 7684.77, 21346, 19673
1694107913, 0, 9, 178, 0, 0, 8338.28, 2, 0, 0, 0.29, 967, 238, 7684.77, 21346, 19673
1694107916, 0, 9, 178, 0, 0, 8338.28, 2, 0, 0, 0.35, 968, 238, 7684.77, 21346, 19673
1694107920, 0, 9, 178, 0, 0, 8338.28, 2, 0, 0, 0.29, 969, 238, 7684.77, 21346, 19673
1694107923, 0, 9, 178, 0, 0, 8338.28, 2, 0, 0, 0.30, 970, 238, 7684.77, 21346, 19673
1694107926, 0, 9, 178, 0, 0, 8338.28, 2, 0, 0, 0.28, 971, 238, 7684.77, 21346, 19673
1694107929, 0, 9, 178, 0, 0, 8338.28, 2, 0, 0, 0.36, 972, 238, 7684.77, 21346, 19673
1694107932, 0, 9, 178, 0, 0, 8338.28, 2, 0, 0, 0.32, 973, 238, 7684.77, 21346, 19673
1694107935, 0, 9, 178, 0, 0, 8338.28, 2, 0, 0, 0.36, 974, 238, 7684.77, 21346, 19673
1694107939, 0, 9, 178, 0, 0, 8338.28, 2, 0, 0, 0.28, 975, 238, 7684.77, 21346, 19673
1694107942, 0, 9, 178, 0, 0, 8338.28, 2, 0, 0, 0.33, 976, 238, 7684.77, 21346, 19673
1694107946, 0, 9, 178, 0, 0, 8338.28, 2, 0, 0, 0.24, 977, 238, 7684.77, 21346, 19673
1694107950, 0, 9, 178, 0, 0, 8338.28, 2, 0, 0, 0.27, 978, 238, 7684.77, 21346, 19673
1694107954, 0, 9, 178, 0, 0, 8338.28, 2, 0, 0, 0.23, 979, 238, 7684.77, 21346, 19673
1694107958, 0, 9, 178, 0, 0, 8338.28, 2, 0, 0, 0.28, 980, 238, 7684.77, 21346, 19673
1694107961, 0, 9, 178, 0, 0, 8338.28, 2, 0, 0, 0.27, 981, 238, 7684.77, 21346, 19673
1694107965, 0, 9, 178, 0, 0, 8338.28, 2, 0, 0, 0.26, 982, 238, 7684.77, 21346, 19673
1694107969, 0, 9, 178, 0, 0, 8338.28, 2, 0, 0, 0.25, 983, 238, 7684.77, 21346, 19673
1694107973, 0, 9, 178, 0, 0, 8338.28, 2, 0, 0, 0.26, 984, 238, 7684.77, 21346, 19673
1694107978, 0, 9, 178, 0, 0, 8338.28, 2, 0, 0, 0.19, 985, 238, 7684.77, 21346, 19673
1694107981, 0, 9, 178, 0, 0, 8338.28, 2, 0, 0, 0.32, 986, 238, 7684.77, 21346, 19673
1694107985, 0, 9, 178, 0, 0, 8338.28, 2, 0, 0, 0.28, 987, 238, 7684.77, 21346, 19673
1694107989, 0, 9, 178, 0, 0, 8338.28, 2, 0, 0, 0.27, 988, 238, 7684.77, 21346, 19673
1694107992, 0, 9, 178, 0, 0, 8338.28, 2, 0, 0, 0.32, 989, 238, 7684.77, 21346, 19673
1694107996, 0, 9, 178, 0, 0, 8338.28, 2, 0, 0, 0.22, 990, 238, 7684.77, 21346, 19673
1694108001, 0, 9, 178, 0, 0, 8338.28, 2, 0, 0, 0.22, 991, 238, 7684.77, 21346, 19673
1694108004, 0, 9, 178, 0, 0, 8338.28, 2, 0, 0, 0.31, 992, 238, 7684.77, 21346, 19673
1694108007, 0, 9, 178, 0, 0, 8338.28, 2, 0, 0, 0.33, 993, 238, 7684.77, 21346, 19673
1694108010, 0, 9, 178, 0, 0, 8338.28, 2, 0, 0, 0.31, 994, 238, 7684.77, 21346, 19673
1694108013, 0, 9, 178, 0, 0, 8338.28, 2, 0, 0, 0.32, 995, 238, 7684.77, 21346, 19673
1694108018, 0, 9, 178, 0, 0, 8338.28, 2, 0, 0, 0.24, 996, 238, 7684.77, 21346, 19673
1694108022, 0, 9, 178, 0, 0, 8338.28, 2, 0, 0, 0.23, 997, 238, 7684.77, 21346, 19673
1694108025, 0, 9, 178, 0, 0, 8338.28, 2, 0, 0, 0.28, 998, 238, 7684.77, 21346, 19673
1694108029, 0, 9, 178, 0, 0, 8338.28, 2, 0, 0, 0.30, 999, 238, 7684.77, 21346, 19673
1694108032, 0, 9, 178, 0, 0, 8338.28, 2, 0, 0, 0.32, 1000, 238, 7684.77, 21346, 19673
1694108035, 0, 9, 178, 0, 0, 8338.28, 2, 0, 0, 0.31, 1001, 238, 7684.77, 21346, 19673
1694108039, 0, 9, 178, 0, 0, 8338.28, 2, 0, 0, 0.27, 1002, 238, 7684.77, 21346, 19673
1694108042, 0, 9, 178, 0, 0, 8338.28, 2, 0, 0, 0.27, 1003, 238, 7684.77, 21346, 19673
1694108047, 0, 9, 178, 0, 0, 8338.28, 2, 0, 0, 0.25, 1004, 238, 7684.77, 21346, 19673
1694108050, 0, 9, 178, 0, 0, 8338.28, 2, 0, 0, 0.29, 1005, 238, 7684.77, 21346, 19673
1694108053, 0, 9, 178, 0, 0, 8338.28, 2, 0, 0, 0.35, 1006, 238, 7684.77, 21346, 19673
1694108057, 0, 9, 178, 0, 0, 8338.28, 2, 0, 0, 0.23, 1007, 238, 7684.77, 21346, 19673
1694108062, 0, 9, 179, 0, 0, 8338.28, 2, 0, 0, 0.22, 1008, 238, 7684.77, 21346, 19673
1694108065, 0, 9, 179, 0, 0, 8338.28, 2, 0, 0, 0.26, 1009, 238, 7684.77, 21346, 19673
1694108069, 0, 9, 179, 0, 0, 8338.28, 2, 0, 0, 0.26, 1010, 238, 7684.77, 21346, 19673
1694108074, 0, 9, 179, 0, 0, 8338.28, 2, 0, 0, 0.22, 1011, 238, 7684.77, 21346, 19673
1694108078, 0, 9, 179, 0, 0, 8338.28, 2, 0, 0, 0.23, 1012, 238, 7684.77, 21346, 19673
1694108081, 0, 9, 179, 0, 0, 8338.28, 2, 0, 0, 0.32, 1013, 238, 7684.77, 21346, 19673
1694108085, 0, 9, 180, 0, 0, 8338.28, 2, 0, 0, 0.28, 1014, 238, 7684.77, 21346, 19673
1694108089, 0, 9, 180, 0, 0, 8338.28, 2, 0, 0, 0.25, 1015, 238, 7684.77, 21346, 19673
1694108094, 0, 9, 180, 0, 0, 8338.28, 2, 0, 0, 0.21, 1016, 238, 7684.77, 21346, 19673
1694108098, 0, 9, 180, 0, 0, 8338.28, 2, 0, 0, 0.25, 1017, 238, 7684.77, 21346, 19673
1694108101, 0, 9, 180, 0, 0, 8338.28, 2, 0, 0, 0.27, 1018, 238, 7684.77, 21346, 19673
1694108105, 0, 9, 180, 0, 0, 8338.28, 2, 0, 0, 0.27, 1019, 238, 7684.77, 21346, 19673
1694108109, 0, 9, 180, 0, 0, 8338.28, 2, 0, 0, 0.28, 1020, 238, 7684.77, 21346, 19673
1694108113, 0, 9, 180, 0, 0, 8338.28, 2, 0, 0, 0.24, 1021, 238, 7684.77, 21346, 19673
1694108116, 0, 9, 180, 0, 0, 8338.28, 2, 0, 0, 0.31, 1022, 238, 7684.77, 21346, 19673
1694108120, 0, 9, 180, 0, 0, 8338.28, 2, 0, 0, 0.28, 1023, 238, 7684.77, 21346, 19673
1694108123, 0, 9, 180, 0, 0, 8338.28, 2, 0, 0, 0.26, 1024, 238, 7684.77, 21346, 19673
1694108127, 0, 9, 180, 0, 0, 8338.28, 2, 0, 0, 0.26, 1025, 238, 7684.77, 21346, 19673
1694108131, 0, 9, 180, 0, 0, 8338.28, 2, 0, 0, 0.27, 1026, 238, 7684.77, 21346, 19673
1694108135, 0, 9, 180, 0, 0, 8338.28, 2, 0, 0, 0.24, 1027, 238, 7684.77, 21346, 19673
1694108139, 0, 9, 180, 0, 0, 8338.28, 2, 0, 0, 0.28, 1028, 238, 7684.77, 21346, 19673
1694108143, 0, 9, 180, 0, 0, 8338.28, 2, 0, 0, 0.25, 1029, 238, 7684.77, 21346, 19673
1694108147, 0, 9, 180, 0, 0, 8338.28, 2, 0, 0, 0.22, 1030, 238, 7684.77, 21346, 19673
1694108151, 0, 9, 180, 0, 0, 8338.28, 2, 0, 0, 0.25, 1031, 238, 7684.77, 21346, 19673
1694108155, 0, 9, 180, 0, 0, 8338.28, 2, 0, 0, 0.29, 1032, 238, 7684.77, 21346, 19673
1694108160, 0, 9, 180, 0, 0, 8338.28, 2, 0, 0, 0.20, 1033, 238, 7684.77, 21346, 19673
1694108164, 0, 9, 180, 0, 0, 8338.28, 2, 0, 0, 0.22, 1034, 238, 7684.77, 21346, 19673
1694108168, 0, 9, 180, 0, 0, 8338.28, 2, 0, 0, 0.25, 1035, 238, 7684.77, 21346, 19673
1694108173, 0, 9, 180, 0, 0, 8338.28, 2, 0, 0, 0.21, 1036, 238, 7684.77, 21346, 19673
1694108179, 0, 9, 180, 0, 0, 8338.28, 2, 0, 0, 0.16, 1037, 238, 7684.77, 21346, 19673
1694108184, 0, 9, 180, 0, 0, 8338.28, 2, 0, 0, 0.21, 1038, 238, 7684.77, 21346, 19673
1694108188, 0, 9, 180, 0, 0, 8338.28, 2, 0, 0, 0.23, 1039, 238, 7684.77, 21346, 19673
1694108193, 0, 9, 180, 0, 0, 8338.28, 2, 0, 0, 0.23, 1040, 238, 7684.77, 21346, 19673
1694108198, 0, 9, 180, 0, 0, 8338.28, 2, 0, 0, 0.20, 1041, 238, 7684.77, 21346, 19673
1694108202, 0, 9, 180, 0, 0, 8338.28, 2, 0, 0, 0.25, 1042, 238, 7684.77, 21346, 19673
1694108206, 0, 9, 181, 0, 0, 8338.28, 2, 0, 0, 0.24, 1043, 238, 7684.77, 21346, 19673
1694108210, 0, 9, 181, 0, 0, 8338.28, 2, 0, 0, 0.27, 1044, 238, 7684.77, 21346, 19673
1694108213, 0, 9, 181, 0, 0, 8338.28, 2, 0, 0, 0.31, 1045, 238, 7684.77, 21346, 19673
1694108217, 0, 9, 181, 0, 0, 8338.28, 2, 0, 0, 0.24, 1046, 238, 7684.77, 21346, 19673
1694108222, 0, 9, 181, 0, 0, 8338.28, 2, 0, 0, 0.21, 1047, 238, 7684.77, 21346, 19673
1694108226, 0, 9, 181, 0, 0, 8338.28, 2, 0, 0, 0.23, 1048, 238, 7684.77, 21346, 19673
1694108231, 0, 9, 181, 0, 0, 8338.28, 2, 0, 0, 0.22, 1049, 238, 7684.77, 21346, 19673
1694108235, 0, 9, 181, 0, 0, 8338.28, 2, 0, 0, 0.23, 1050, 238, 7684.77, 21346, 19673
1694108239, 0, 9, 181, 0, 0, 8338.28, 2, 0, 0, 0.23, 1051, 238, 7684.77, 21346, 19673
1694108244, 0, 9, 181, 0, 0, 8338.28, 2, 0, 0, 0.21, 1052, 238, 7684.77, 21346, 19673
1694108248, 0, 9, 181, 0, 0, 8338.28, 2, 0, 0, 0.23, 1053, 238, 7684.77, 21346, 19673
1694108252, 0, 9, 181, 0, 0, 8338.28, 2, 0, 0, 0.26, 1054, 238, 7684.77, 21346, 19673
1694108257, 0, 9, 181, 0, 0, 8338.28, 2, 0, 0, 0.22, 1055, 238, 7684.77, 21346, 19673
1694108260, 0, 9, 181, 0, 0, 8338.28, 2, 0, 0, 0.28, 1056, 238, 7684.77, 21346, 19673
1694108265, 0, 9, 181, 0, 0, 8338.28, 2, 0, 0, 0.22, 1057, 238, 7684.77, 21346, 19673
1694108268, 0, 9, 181, 0, 0, 8338.28, 2, 0, 0, 0.29, 1058, 238, 7684.77, 21346, 19673
1694108273, 0, 9, 181, 0, 0, 8338.28, 2, 0, 0, 0.22, 1059, 238, 7684.77, 21346, 19673
1694108277, 0, 9, 181, 0, 0, 8338.28, 2, 0, 0, 0.28, 1060, 238, 7684.77, 21346, 19673
1694108280, 0, 9, 181, 0, 0, 8338.28, 2, 0, 0, 0.26, 1061, 238, 7684.77, 21346, 19673
1694108284, 0, 9, 181, 0, 0, 8338.28, 2, 0, 0, 0.25, 1062, 238, 7684.77, 21346, 19673
1694108289, 0, 9, 181, 0, 0, 8338.28, 2, 0, 0, 0.24, 1063, 238, 7684.77, 21346, 19673
1694108293, 0, 9, 181, 0, 0, 8338.28, 2, 0, 0, 0.23, 1064, 238, 7684.77, 21346, 19673
1694108297, 0, 9, 181, 0, 0, 8338.28, 2, 0, 0, 0.24, 1065, 238, 7684.77, 21346, 19673
1694108298, 0, 10, 183, 0, 0, 8339.45, 2, 0, 0, 2.92, 1066, 239, 7685.55, 21349, 19675
1694108298, 0, 10, 184, 0, 0, 8339.84, 2, 0, 0, 3.29, 1068, 239, 7685.94, 21350, 19676
1694108299, 0, 10, 185, 0, 0, 8351.17, 2, 0, 0, 2.06, 1070, 239, 7697.27, 21379, 19705
1694108300, 0, 10, 185, 0, 0, 8351.17, 2, 0, 0, 3.01, 1071, 239, 7697.27, 21379, 19705
1694108300, 0, 10, 185, 0, 0, 8351.17, 2, 0, 0, 3.34, 1073, 239, 7697.27, 21379, 19705
1694108301, 0, 10, 185, 0, 0, 8351.17, 2, 0, 0, 1.42, 1074, 239, 7697.27, 21379, 19705
1694108301, 0, 10, 186, 0, 0, 8351.56, 2, 0, 0, 3.26, 1074, 240, 7697.27, 21380, 19705
1694108302, 0, 10, 186, 0, 0, 8351.56, 2, 0, 0, 3.17, 1075, 240, 7697.27, 21380, 19705
1694108302, 0, 10, 186, 0, 0, 8351.56, 2, 0, 0, 3.07, 1076, 240, 7697.27, 21380, 19705
1694108302, 0, 10, 186, 0, 0, 8351.56, 2, 0, 0, 3.18, 1076, 241, 7697.27, 21380, 19705
1694108303, 0, 10, 186, 0, 0, 8351.56, 2, 0, 0, 2.34, 1077, 241, 7697.27, 21380, 19705
1694108303, 0, 10, 186, 0, 0, 8351.56, 2, 0, 0, 3.09, 1078, 241, 7697.27, 21380, 19705
1694108303, 0, 10, 187, 0, 0, 8352.34, 2, 0, 0, 2.88, 1078, 242, 7697.27, 21382, 19705
1694108304, 0, 10, 187, 0, 0, 8352.34, 2, 0, 0, 3.65, 1079, 243, 7697.27, 21382, 19705
1694108308, 0, 10, 187, 0, 0, 8352.34, 2, 0, 0, 0.47, 1081, 243, 7697.27, 21382, 19705
1694108308, 0, 10, 187, 0, 0, 8352.34, 2, 0, 0, 6.35, 1082, 244, 7697.27, 21382, 19705
1694108309, 0, 10, 187, 0, 0, 8352.34, 2, 0, 0, 3.11, 1083, 244, 7697.27, 21382, 19705
1694108309, 0, 10, 187, 0, 0, 8352.34, 2, 0, 0, 3.88, 1084, 245, 7697.27, 21382, 19705
1694108310, 0, 10, 187, 0, 0, 8352.34, 2, 0, 0, 3.57, 1086, 245, 7697.27, 21382, 19705
1694108310, 0, 10, 187, 0, 0, 8352.34, 2, 0, 0, 5.01, 1088, 245, 7697.27, 21382, 19705
1694108311, 0, 10, 187, 0, 0, 8352.34, 2, 0, 0, 4.94, 1088, 247, 7697.27, 21382, 19705
1694108311, 0, 10, 187, 0, 0, 8352.34, 2, 0, 0, 3.72, 1089, 248, 7697.27, 21382, 19705
1694108312, 0, 10, 187, 0, 0, 8352.34, 2, 0, 0, 4.17, 1090, 249, 7697.27, 21382, 19705
1694108312, 0, 10, 187, 0, 0, 8352.34, 2, 0, 0, 2.40, 1091, 249, 7697.27, 21382, 19705
1694108313, 0, 10, 187, 0, 0, 8352.34, 2, 0, 0, 4.11, 1092, 250, 7697.27, 21382, 19705
1694108318, 0, 10, 188, 0, 0, 8352.34, 2, 0, 0, 0.17, 1093, 250, 7697.27, 21382, 19705
1694108319, 0, 10, 188, 0, 0, 8352.34, 2, 0, 0, 2.90, 1094, 250, 7697.27, 21382, 19705
1694108319, 0, 10, 188, 0, 0, 8352.34, 2, 0, 0, 2.38, 1095, 250, 7697.27, 21382, 19705
1694108320, 0, 10, 188, 0, 0, 8352.34, 2, 0, 0, 2.67, 1095, 251, 7697.27, 21382, 19705
1694108320, 0, 10, 188, 0, 0, 8352.34, 2, 0, 0, 3.16, 1096, 251, 7697.27, 21382, 19705
1694108320, 0, 10, 188, 0, 0, 8352.34, 2, 0, 0, 2.94, 1097, 251, 7697.27, 21382, 19705
1694108321, 0, 10, 188, 0, 0, 8352.34, 2, 0, 0, 3.89, 1099, 251, 7697.27, 21382, 19705
1694108325, 0, 10, 189, 0, 0, 8352.34, 2, 0, 0, 0.44, 1101, 251, 7697.27, 21382, 19705
1694108326, 0, 10, 189, 0, 0, 8352.34, 2, 0, 0, 2.84, 1102, 251, 7697.27, 21382, 19705
1694108326, 0, 10, 189, 0, 0, 8352.34, 2, 0, 0, 4.16, 1103, 252, 7697.27, 21382, 19705
1694108327, 0, 10, 189, 0, 0, 8352.34, 2, 0, 0, 1.95, 1103, 253, 7697.27, 21382, 19705
1694108337, 0, 10, 190, 0, 0, 8352.34, 2, 0, 0, 0.09, 1104, 253, 7697.27, 21382, 19705
1694108338, 0, 10, 190, 0, 0, 8352.34, 2, 0, 0, 1.89, 1105, 254, 7697.27, 21382, 19705
1694108339, 0, 10, 190, 0, 0, 8352.34, 2, 0, 0, 2.26, 1106, 254, 7697.27, 21382, 19705
1694108339, 0, 10, 190, 0, 0, 8352.34, 2, 0, 0, 2.12, 1107, 254, 7697.27, 21382, 19705
1694108340, 0, 10, 190, 0, 0, 8352.34, 2, 0, 0, 2.73, 1108, 254, 7697.27, 21382, 19705
1694108340, 0, 10, 190, 0, 0, 8352.34, 2, 0, 0, 3.15, 1109, 254, 7697.27, 21382, 19705
1694108340, 0, 11, 190, 0, 0, 8352.34, 2, 0, 0, 3.60, 1111, 254, 7697.27, 21382, 19705
1694108341, 0, 11, 190, 0, 0, 8352.34, 2, 0, 0, 3.14, 1112, 255, 7697.27, 21382, 19705
1694108341, 0, 11, 190, 0, 0, 8352.34, 2, 0, 0, 2.28, 1113, 255, 7697.27, 21382, 19705
1694108342, 0, 11, 190, 0, 0, 8352.34, 2, 0, 0, 3.17, 1114, 255, 7697.27, 21382, 19705
1694108343, 0, 11, 190, 0, 0, 8352.34, 2, 0, 0, 2.73, 1116, 255, 7697.27, 21382, 19705
1694108343, 0, 11, 190, 0, 0, 8352.34, 2, 0, 0, 1.65, 1117, 255, 7697.27, 21382, 19705
1694108344, 0, 11, 190, 0, 0, 8352.34, 2, 0, 0, 4.02, 1117, 257, 7697.27, 21382, 19705
1694108344, 0, 11, 190, 0, 0, 8352.34, 2, 0, 0, 3.72, 1119, 257, 7697.27, 21382, 19705
1694108345, 0, 11, 190, 0, 0, 8352.34, 2, 0, 0, 2.41, 1120, 257, 7697.27, 21382, 19705
1694108345, 0, 11, 190, 0, 0, 8352.34, 2, 0, 0, 4.02, 1120, 259, 7697.27, 21382, 19705
1694108346, 0, 11, 190, 0, 0, 8352.34, 2, 0, 0, 2.20, 1121, 259, 7697.27, 21382, 19705
1694108346, 0, 11, 190, 0, 0, 8352.34, 2, 0, 0, 1.53, 1122, 259, 7697.27, 21382, 19705
1694108347, 0, 11, 190, 0, 0, 8352.34, 2, 0, 0, 3.98, 1123, 260, 7697.27, 21382, 19705
1694108347, 0, 11, 190, 0, 0, 8352.34, 2, 0, 0, 3.59, 1124, 261, 7697.27, 21382, 19705
1694108352, 0, 11, 190, 0, 0, 8352.34, 2, 0, 0, 0.23, 1125, 261, 7697.27, 21382, 19705
1694108352, 0, 11, 190, 0, 0, 8352.34, 2, 0, 0, 5.60, 1127, 261, 7697.27, 21382, 19705
1694108352, 0, 11, 190, 0, 0, 8352.34, 2, 0, 0, 4.17, 1128, 262, 7697.27, 21382, 19705
1694108353, 0, 11, 190, 0, 0, 8352.34, 2, 0, 0, 4.07, 1130, 262, 7697.27, 21382, 19705
1694108353, 0, 11, 190, 0, 0, 8352.34, 2, 0, 0, 5.90, 1131, 263, 7697.27, 21382, 19705
1694108354, 0, 11, 190, 0, 0, 8352.34, 2, 0, 0, 5.49, 1131, 265, 7697.27, 21382, 19705
1694108354, 0, 11, 190, 0, 0, 8352.34, 2, 0, 0, 3.73, 1133, 265, 7697.27, 21382, 19705
1694108354, 0, 11, 190, 0, 0, 8352.34, 2, 0, 0, 6.13, 1135, 265, 7697.27, 21382, 19705
1694108355, 0, 11, 190, 0, 0, 8352.34, 2, 0, 0, 3.36, 1136, 266, 7697.27, 21382, 19705
1694108356, 0, 11, 190, 0, 0, 8352.34, 2, 0, 0, 1.38, 1137, 266, 7697.27, 21382, 19705
1694108356, 0, 11, 190, 0, 0, 8352.34, 2, 0, 0, 1.97, 1138, 266, 7697.27, 21382, 19705
1694108357, 0, 11, 190, 0, 0, 8352.34, 2, 0, 0, 4.36, 1138, 268, 7697.27, 21382, 19705
1694108357, 0, 11, 190, 0, 0, 8352.34, 2, 0, 0, 2.23, 1139, 268, 7697.27, 21382, 19705
1694108358, 0, 11, 190, 0, 0, 8352.34, 2, 0, 0, 2.78, 1140, 268, 7697.27, 21382, 19705
1694108358, 0, 11, 190, 0, 0, 8352.34, 2, 0, 0, 4.10, 1141, 269, 7697.27, 21382, 19705
1694108359, 0, 11, 190, 0, 0, 8352.34, 2, 0, 0, 1.41, 1142, 269, 7697.27, 21382, 19705
1694108359, 0, 11, 190, 0, 0, 8352.34, 2, 0, 0, 2.29, 1143, 269, 7697.27, 21382, 19705
1694108360, 0, 11, 190, 0, 0, 8352.34, 2, 0, 0, 1.98, 1144, 269, 7697.27, 21382, 19705
1694108360, 0, 11, 190, 0, 0, 8352.34, 2, 0, 0, 2.12, 1145, 269, 7697.27, 21382, 19705
1694108360, 0, 11, 190, 0, 0, 8352.34, 2, 0, 0, 3.30, 1146, 269, 7697.27, 21382, 19705
1694108361, 0, 11, 190, 0, 0, 8352.34, 2, 0, 0, 4.28, 1147, 270, 7697.27, 21382, 19705
1694108361, 0, 11, 190, 0, 0, 8352.34, 2, 0, 0, 4.26, 1147, 272, 7697.27, 21382, 19705
1694108362, 0, 11, 190, 0, 0, 8352.34, 2, 0, 0, 3.70, 1148, 273, 7697.27, 21382, 19705
1694108362, 0, 11, 190, 0, 0, 8352.34, 2, 0, 0, 2.67, 1148, 274, 7697.27, 21382, 19705
1694108363, 0, 11, 190, 0, 0, 8352.34, 2, 0, 0, 2.97, 1150, 274, 7697.27, 21382, 19705
1694108363, 0, 11, 190, 0, 0, 8352.34, 2, 0, 0, 2.50, 1151, 274, 7697.27, 21382, 19705
1694108364, 0, 11, 190, 0, 0, 8352.34, 2, 0, 0, 1.90, 1152, 274, 7697.27, 21382, 19705
1694108365, 0, 11, 190, 0, 0, 8352.34, 2, 0, 0, 3.40, 1154, 274, 7697.27, 21382, 19705
1694108365, 0, 11, 190, 0, 0, 8352.34, 2, 0, 0, 2.41, 1155, 274, 7697.27, 21382, 19705
1694108365, 0, 11, 190, 0, 0, 8352.34, 2, 0, 0, 2.53, 1156, 274, 7697.27, 21382, 19705
1694108366, 0, 11, 190, 0, 0, 8352.34, 2, 0, 0, 2.12, 1157, 274, 7697.27, 21382, 19705
1694108366, 0, 11, 190, 0, 0, 8352.34, 2, 0, 0, 1.95, 1158, 274, 7697.27, 21382, 19705
1694108367, 0, 11, 190, 0, 0, 8352.34, 2, 0, 0, 3.01, 1159, 274, 7697.27, 21382, 19705
1694108367, 0, 11, 190, 0, 0, 8352.34, 2, 0, 0, 2.82, 1159, 275, 7697.27, 21382, 19705
1694108367, 0, 11, 190, 0, 0, 8352.34, 2, 0, 0, 5.36, 1160, 276, 7697.27, 21382, 19705
1694108368, 0, 11, 190, 0, 0, 8352.34, 2, 0, 0, 2.27, 1161, 276, 7697.27, 21382, 19705
1694108368, 0, 11, 190, 0, 0, 8352.34, 2, 0, 0, 2.59, 1162, 276, 7697.27, 21382, 19705
1694108369, 0, 11, 190, 0, 0, 8352.34, 2, 0, 0, 3.94, 1163, 277, 7697.27, 21382, 19705
1694108369, 0, 11, 190, 0, 0, 8352.34, 2, 0, 0, 4.88, 1165, 277, 7697.27, 21382, 19705
1694108370, 0, 12, 190, 0, 0, 8352.34, 2, 0, 0, 4.95, 1167, 277, 7697.27, 21382, 19705
1694108377, 0, 12, 191, 0, 0, 8352.34, 2, 0, 0, 0.14, 1168, 277, 7697.27, 21382, 19705
1694108377, 0, 12, 191, 0, 0, 8352.34, 2, 0, 0, 3.27, 1169, 277, 7697.27, 21382, 19705
1694108378, 0, 12, 191, 0, 0, 8352.34, 2, 0, 0, 3.36, 1169, 279, 7697.27, 21382, 19705
1694108385, 0, 12, 192, 0, 0, 8352.34, 2, 0, 0, 0.14, 1170, 279, 7697.27, 21382, 19705
1694108394, 0, 12, 193, 0, 0, 8352.73, 2, 0, 0, 0.11, 1171, 279, 7697.66, 21383, 19706
1694108394, 0, 12, 193, 0, 0, 8352.73, 2, 0, 0, 3.12, 1171, 280, 7697.66, 21383, 19706
1694108407, 0, 12, 194, 0, 0, 8352.73, 2, 0, 0, 0.16, 1173, 280, 7697.66, 21383, 19706
1694108407, 0, 12, 194, 0, 0, 8352.73, 2, 0, 0, 3.47, 1174, 281, 7697.66, 21383, 19706
1694108408, 0, 12, 194, 0, 0, 8352.73, 2, 0, 0, 3.38, 1176, 281, 7697.66, 21383, 19706
1694108409, 0, 12, 195, 0, 0, 8361.33, 2, 0, 0, 1.46, 1177, 281, 7706.25, 21405, 19728
1694108409, 0, 12, 195, 0, 0, 8361.33, 2, 0, 0, 2.53, 1178, 281, 7706.25, 21405, 19728
1694108409, 0, 12, 195, 0, 0, 8361.33, 2, 0, 0, 3.91, 1179, 282, 7706.25, 21405, 19728
1694108414, 0, 12, 195, 0, 0, 8361.33, 2, 0, 0, 0.22, 1180, 282, 7706.25, 21405, 19728
1694108414, 0, 12, 195, 0, 0, 8361.33, 2, 0, 0, 2.98, 1181, 282, 7706.25, 21405, 19728
1694108428, 0, 12, 196, 0, 0, 9154.69, 2, 0, 0, 0.15, 1183, 282, 8526.95, 23436, 21829
1694108428, 0, 12, 197, 0, 0, 9163.67, 2, 0, 0, 2.10, 1184, 282, 8535.94, 23459, 21852
1694108429, 0, 12, 198, 0, 0, 9167.19, 2, 0, 0, 1.55, 1185, 282, 8539.45, 23468, 21861
1694108429, 0, 12, 198, 0, 0, 9167.19, 2, 0, 0, 3.27, 1185, 283, 8539.45, 23468, 21861
1694108429, 0, 12, 198, 0, 0, 9167.19, 2, 0, 0, 1.98, 1186, 283, 8539.45, 23468, 21861
1694108430, 0, 12, 198, 0, 0, 9167.19, 2, 0, 0, 2.93, 1186, 284, 8539.45, 23468, 21861
1694108430, 0, 12, 198, 0, 0, 9167.19, 2, 0, 0, 3.13, 1187, 284, 8539.45, 23468, 21861
1694108430, 0, 12, 198, 0, 0, 9167.19, 2, 0, 0, 3.12, 1188, 284, 8539.45, 23468, 21861
1694108431, 0, 12, 198, 0, 0, 9167.19, 2, 0, 0, 3.49, 1189, 285, 8539.45, 23468, 21861
1694108432, 0, 12, 199, 0, 0, 9177.73, 2, 0, 0, 1.24, 1190, 285, 8550.00, 23495, 21888
1694108432, 0, 12, 199, 0, 0, 9177.73, 2, 0, 0, 2.08, 1191, 285, 8550.00, 23495, 21888
1694108433, 0, 12, 199, 0, 0, 9177.73, 2, 0, 0, 4.65, 1193, 285, 8550.00, 23495, 21888
1694108433, 0, 12, 199, 0, 0, 9177.73, 2, 0, 0, 4.66, 1194, 286, 8550.00, 23495, 21888
1694108434, 0, 12, 199, 0, 0, 9177.73, 2, 0, 0, 5.05, 1195, 287, 8550.00, 23495, 21888
1694108434, 0, 12, 199, 0, 0, 9177.73, 2, 0, 0, 2.98, 1196, 287, 8550.00, 23495, 21888
1694108434, 0, 12, 199, 0, 0, 9177.73, 2, 0, 0, 3.87, 1197, 288, 8550.00, 23495, 21888
1694108440, 0, 12, 200, 0, 0, 9231.25, 2, 0, 0, 0.39, 1199, 288, 8603.52, 23632, 22025
1694108440, 0, 12, 200, 0, 0, 9231.25, 2, 0, 0, 4.26, 1201, 288, 8603.52, 23632, 22025
1694108441, 0, 12, 200, 0, 0, 9231.25, 2, 0, 0, 4.12, 1202, 289, 8603.52, 23632, 22025
1694108441, 0, 12, 200, 0, 0, 9231.25, 2, 0, 0, 5.78, 1203, 290, 8603.52, 23632, 22025
1694108441, 0, 12, 200, 0, 0, 9231.25, 2, 0, 0, 5.81, 1205, 290, 8603.52, 23632, 22025
1694108442, 0, 12, 200, 0, 0, 9231.25, 2, 0, 0, 4.34, 1207, 290, 8603.52, 23632, 22025
1694108442, 0, 12, 200, 0, 0, 9231.25, 2, 0, 0, 6.35, 1209, 290, 8603.52, 23632, 22025
1694108453, 0, 12, 201, 0, 0, 9231.25, 2, 0, 0, 0.19, 1210, 291, 8603.52, 23632, 22025
1694108453, 0, 12, 201, 0, 0, 9231.25, 2, 0, 0, 2.99, 1211, 291, 8603.52, 23632, 22025
1694108453, 0, 12, 201, 0, 0, 9231.25, 2, 0, 0, 3.22, 1211, 292, 8603.52, 23632, 22025
1694108454, 0, 13, 201, 0, 0, 9231.25, 2, 0, 0, 1.33, 1212, 292, 8603.52, 23632, 22025
1694108454, 0, 13, 201, 0, 0, 9231.25, 2, 0, 0, 3.02, 1213, 292, 8603.52, 23632, 22025
1694108455, 0, 13, 201, 0, 0, 9231.25, 2, 0, 0, 2.96, 1213, 293, 8603.52, 23632, 22025
1694108455, 0, 13, 201, 0, 0, 9231.25, 2, 0, 0, 2.16, 1214, 293, 8603.52, 23632, 22025
1694108456, 0, 13, 201, 0, 0, 9231.25, 2, 0, 0, 3.21, 1215, 293, 8603.52, 23632, 22025
1694108456, 0, 13, 201, 0, 0, 9231.25, 2, 0, 0, 2.87, 1216, 293, 8603.52, 23632, 22025
1694108456, 0, 13, 201, 0, 0, 9231.25, 2, 0, 0, 4.14, 1217, 294, 8603.52, 23632, 22025
1694108457, 0, 13, 201, 0, 0, 9231.25, 2, 0, 0, 2.53, 1218, 294, 8603.52, 23632, 22025
1694108457, 0, 13, 201, 0, 0, 9231.25, 2, 0, 0, 2.33, 1218, 295, 8603.52, 23632, 22025
1694108458, 0, 13, 201, 0, 0, 9231.25, 2, 0, 0, 2.64, 1219, 295, 8603.52, 23632, 22025
1694108458, 0, 13, 201, 0, 0, 9231.25, 2, 0, 0, 2.24, 1220, 295, 8603.52, 23632, 22025
1694108458, 0, 13, 201, 0, 0, 9231.25, 2, 0, 0, 2.70, 1221, 295, 8603.52, 23632, 22025
1694108459, 0, 13, 201, 0, 0, 9231.25, 2, 0, 0, 4.42, 1222, 296, 8603.52, 23632, 22025
1694108475, 0, 13, 202, 0, 0, 10005.86, 2, 0, 0, 0.06, 1223, 296, 9378.13, 25615, 24008
1694108475, 0, 13, 202, 0, 0, 10005.86, 2, 0, 0, 2.77, 1225, 296, 9378.13, 25615, 24008
1694108476, 0, 13, 202, 0, 0, 10005.86, 2, 0, 0, 2.53, 1226, 296, 9378.13, 25615, 24008
1694108476, 0, 13, 202, 0, 0, 10005.86, 2, 0, 0, 3.23, 1227, 297, 9378.13, 25615, 24008
1694108502, 0, 13, 203, 0, 0, 10769.53, 2, 0, 0, 0.04, 1228, 297, 10141.80, 27570, 25963
1694108559, 0, 13, 204, 0, 0, 11652.34, 2, 0, 0, 0.02, 1229, 297, 11024.61, 29830, 28223
1694108559, 0, 13, 205, 0, 0, 11671.88, 2, 0, 0, 1.30, 1230, 297, 11044.14, 29880, 28273
1694108560, 0, 13, 206, 0, 0, 11675.39, 2, 0, 0, 2.41, 1231, 297, 11047.66, 29889, 28282
1694108633, 0, 13, 207, 0, 0, 12412.11, 2, 0, 0, 0.01, 1232, 297, 11784.38, 31775, 30168
1694108634, 0, 13, 208, 0, 0, 12421.09, 2, 0, 0, 2.84, 1233, 297, 11793.36, 31798, 30191
1694108634, 0, 13, 209, 0, 0, 12424.61, 2, 0, 0, 3.15, 1233, 298, 11793.36, 31807, 30191
1694108635, 0, 13, 210, 0, 0, 12435.16, 2, 0, 0, 1.52, 1234, 298, 11807.42, 31834, 30227
1694108635, 0, 13, 210, 0, 0, 12435.16, 2, 0, 0, 1.95, 1235, 298, 11807.42, 31834, 30227
1694108636, 0, 13, 210, 0, 0, 12435.16, 2, 0, 0, 1.88, 1236, 298, 11807.42, 31834, 30227
1694108636, 0, 13, 210, 0, 0, 12435.16, 2, 0, 0, 3.19, 1236, 299, 11807.42, 31834, 30227
1694108637, 0, 13, 210, 0, 0, 12435.16, 2, 0, 0, 2.25, 1237, 299, 11807.42, 31834, 30227
1694108637, 0, 13, 210, 0, 0, 12435.16, 2, 0, 0, 2.28, 1238, 299, 11807.42, 31834, 30227
1694108637, 0, 13, 210, 0, 0, 12435.16, 2, 0, 0, 1.98, 1239, 299, 11807.42, 31834, 30227
1694108638, 0, 13, 210, 0, 0, 12435.16, 2, 0, 0, 2.49, 1240, 299, 11807.42, 31834, 30227
1694108638, 0, 13, 210, 0, 0, 12435.16, 2, 0, 0, 1.73, 1241, 299, 11807.42, 31834, 30227
1694108639, 0, 13, 210, 0, 0, 12435.16, 2, 0, 0, 2.57, 1242, 299, 11807.42, 31834, 30227
1694108639, 0, 13, 210, 0, 0, 12435.16, 2, 0, 0, 3.31, 1242, 300, 11807.42, 31834, 30227
1694108639, 0, 13, 210, 0, 0, 12435.16, 2, 0, 0, 3.33, 1243, 300, 11807.42, 31834, 30227
1694108640, 0, 13, 210, 0, 0, 12435.16, 2, 0, 0, 2.92, 1245, 300, 11807.42, 31834, 30227
1694108747, 0, 13, 211, 0, 0, 13375.78, 2, 0, 0, 0.01, 1246, 300, 12748.05, 34242, 32635
1694108831, 0, 14, 212, 0, 0, 14112.11, 2, 0, 0, 0.01, 1247, 300, 13484.38, 36127, 34520
1694108939, 0, 14, 213, 0, 0, 14808.98, 2, 0, 0, 0.01, 1248, 300, 14181.25, 37911, 36304
