# unix_time, cycles_done, cur_path, paths_total, pending_total, pending_favs, map_size, unique_crashes, unique_hangs, max_depth, execs_per_sec, valid_inputs, invalid_inputs, valid_cov, all_covered_probes, valid_covered_probes
1694949540, 0, 0, 1, 0, 0, 837.11, 0, 0, 0, 0.39, 0, 1, 0.00, 2143, 0
1694949540, 0, 0, 4, 0, 0, 944.53, 0, 0, 0, 8.31, 2, 2, 487.11, 2418, 1247
1694949540, 0, 0, 6, 0, 0, 946.88, 0, 0, 0, 25.24, 7, 5, 489.45, 2424, 1253
1694949564, 0, 0, 7, 0, 0, 960.55, 1, 0, 0, 0.09, 8, 6, 503.13, 2459, 1288
1694949564, 0, 0, 11, 0, 0, 1481.25, 1, 0, 0, 12.66, 11, 7, 967.19, 3792, 2476
1694949577, 0, 0, 12, 0, 0, 6365.63, 1, 0, 0, 0.08, 12, 7, 5867.19, 16296, 15020
1694949577, 0, 0, 15, 0, 0, 6366.02, 1, 0, 0, 22.95, 18, 8, 5867.19, 16297, 15020
1694949591, 0, 0, 17, 0, 0, 6561.72, 1, 0, 0, 0.57, 24, 10, 6056.25, 16798, 15504
1694949592, 0, 0, 20, 0, 0, 6561.72, 1, 0, 0, 27.19, 32, 11, 6056.25, 16798, 15504
1694949592, 0, 0, 20, 0, 0, 6561.72, 1, 0, 0, 18.63, 38, 11, 6056.25, 16798, 15504
1694949592, 0, 0, 22, 0, 0, 6591.41, 1, 0, 0, 36.25, 45, 16, 6056.25, 16874, 15504
1694949593, 0, 0, 22, 0, 0, 6591.41, 1, 0, 0, 29.90, 52, 18, 6056.25, 16874, 15504
1694949603, 0, 0, 23, 0, 0, 6598.05, 1, 0, 0, 0.77, 58, 20, 6062.89, 16891, 15521
1694949603, 0, 0, 25, 0, 0, 6598.05, 1, 0, 0, 22.73, 64, 21, 6062.89, 16891, 15521
1694949604, 0, 0, 27, 0, 0, 6598.05, 1, 0, 0, 35.95, 74, 22, 6062.89, 16891, 15521
1694949614, 0, 0, 28, 0, 0, 6598.05, 1, 0, 0, 0.09, 75, 22, 6062.89, 16891, 15521
1694949625, 0, 0, 31, 0, 0, 6672.27, 1, 0, 0, 0.76, 82, 23, 6069.53, 17081, 15538
1694949625, 0, 0, 32, 0, 0, 6672.27, 1, 0, 0, 12.50, 86, 23, 6069.53, 17081, 15538
1694949625, 0, 1, 33, 0, 0, 6672.27, 1, 0, 0, 41.27, 91, 31, 6069.53, 17081, 15538
1694949626, 0, 1, 34, 0, 0, 6673.44, 1, 0, 0, 61.16, 105, 37, 6069.53, 17084, 15538
1694949635, 0, 1, 35, 0, 0, 6673.44, 1, 0, 0, 0.66, 108, 40, 6069.53, 17084, 15538
1694949644, 0, 1, 36, 0, 0, 6691.02, 1, 0, 0, 0.73, 113, 42, 6087.11, 17129, 15583
1694949659, 0, 1, 42, 0, 0, 6703.13, 1, 0, 0, 1.53, 129, 48, 6096.48, 17160, 15607
1694949667, 0, 1, 43, 0, 0, 6703.13, 1, 0, 0, 0.36, 131, 49, 6096.48, 17160, 15607
1694949686, 0, 2, 45, 0, 0, 6703.13, 1, 0, 0, 0.16, 134, 49, 6096.48, 17160, 15607
1694949686, 0, 2, 47, 0, 0, 6703.13, 1, 0, 0, 31.85, 142, 51, 6096.48, 17160, 15607
1694949694, 0, 2, 48, 0, 0, 6730.08, 1, 0, 0, 1.47, 152, 52, 6123.44, 17229, 15676
1694949703, 0, 2, 50, 0, 0, 6730.08, 1, 0, 0, 1.52, 163, 55, 6123.44, 17229, 15676
1694949712, 0, 2, 52, 0, 0, 6730.08, 1, 0, 0, 0.22, 165, 55, 6123.44, 17229, 15676
1694949712, 0, 2, 53, 0, 0, 6730.08, 1, 0, 0, 13.20, 169, 55, 6123.44, 17229, 15676
1694949719, 0, 2, 54, 0, 0, 6730.08, 1, 0, 0, 1.96, 175, 62, 6123.44, 17229, 15676
1694949727, 0, 3, 56, 0, 0, 6730.08, 1, 0, 0, 1.12, 182, 64, 6123.44, 17229, 15676
1694949736, 0, 3, 58, 0, 0, 6730.08, 1, 0, 0, 0.23, 183, 65, 6123.44, 17229, 15676
1694949736, 0, 3, 59, 0, 0, 6730.08, 1, 0, 0, 12.23, 185, 67, 6123.44, 17229, 15676
1694949736, 0, 3, 61, 0, 0, 6730.08, 1, 0, 0, 95.71, 203, 78, 6123.44, 17229, 15676
1694949746, 0, 3, 62, 0, 0, 6730.08, 1, 0, 0, 1.38, 213, 81, 6123.44, 17229, 15676
1694949755, 0, 3, 63, 0, 0, 6730.08, 1, 0, 0, 0.33, 215, 82, 6123.44, 17229, 15676
1694949763, 0, 4, 65, 0, 0, 6730.08, 1, 0, 0, 1.02, 221, 84, 6123.44, 17229, 15676
1694949772, 0, 4, 66, 0, 0, 6730.08, 1, 0, 0, 0.45, 225, 84, 6123.44, 17229, 15676
1694949772, 0, 4, 67, 0, 0, 6730.08, 1, 0, 0, 29.80, 234, 84, 6123.44, 17229, 15676
1694949784, 0, 4, 68, 0, 0, 6730.08, 1, 0, 0, 0.08, 235, 84, 6123.44, 17229, 15676
1694949814, 0, 4, 70, 0, 0, 6736.72, 1, 0, 0, 0.57, 247, 89, 6130.08, 17246, 15693
1694949830, 0, 4, 71, 0, 0, 6778.13, 1, 0, 0, 0.33, 252, 89, 6171.48, 17352, 15799
1694949839, 0, 4, 73, 0, 0, 6778.13, 1, 0, 0, 1.18, 259, 93, 6171.48, 17352, 15799
1694949847, 0, 5, 75, 0, 0, 6778.13, 1, 0, 0, 1.32, 266, 97, 6171.48, 17352, 15799
1694949848, 0, 5, 75, 0, 0, 6778.13, 1, 0, 0, 9.77, 269, 97, 6171.48, 17352, 15799
1694949855, 0, 5, 78, 0, 0, 6778.13, 1, 0, 0, 1.55, 278, 100, 6171.48, 17352, 15799
1694949864, 0, 5, 79, 0, 0, 6794.53, 1, 0, 0, 0.23, 279, 101, 6187.89, 17394, 15841
1694949877, 0, 5, 80, 0, 0, 6794.53, 1, 0, 0, 1.15, 290, 105, 6187.89, 17394, 15841
1694949878, 0, 6, 80, 0, 0, 6794.53, 1, 0, 0, 100.32, 313, 113, 6187.89, 17394, 15841
1694949889, 0, 6, 82, 0, 0, 6794.53, 1, 0, 0, 1.27, 325, 115, 6187.89, 17394, 15841
1694949895, 0, 6, 83, 0, 0, 6794.53, 1, 0, 0, 0.15, 326, 115, 6187.89, 17394, 15841
1694949905, 0, 6, 84, 0, 0, 6794.53, 1, 0, 0, 0.21, 328, 115, 6187.89, 17394, 15841
1694949913, 0, 6, 85, 0, 0, 6794.53, 1, 0, 0, 0.13, 329, 115, 6187.89, 17394, 15841
1694949913, 0, 6, 86, 0, 0, 6794.53, 1, 0, 0, 2.51, 329, 116, 6187.89, 17394, 15841
1694949922, 0, 6, 89, 0, 0, 6794.53, 1, 0, 0, 2.53, 343, 125, 6187.89, 17394, 15841
1694949931, 0, 6, 90, 0, 0, 6794.92, 1, 0, 0, 0.44, 345, 127, 6188.28, 17395, 15842
1694949940, 0, 6, 91, 0, 0, 6795.31, 1, 0, 0, 0.35, 348, 127, 6188.67, 17396, 15843
1694949947, 0, 7, 93, 0, 0, 6795.31, 1, 0, 0, 0.98, 353, 129, 6188.67, 17396, 15843
1694949955, 0, 7, 94, 0, 0, 6795.31, 1, 0, 0, 1.83, 363, 134, 6188.67, 17396, 15843
1694949965, 0, 7, 94, 0, 0, 6795.31, 1, 0, 0, 0.31, 365, 135, 6188.67, 17396, 15843
1694949973, 0, 7, 95, 0, 0, 6795.31, 1, 0, 0, 2.03, 378, 138, 6188.67, 17396, 15843
1694949973, 0, 8, 95, 0, 0, 6795.31, 1, 0, 0, 81.69, 397, 148, 6188.67, 17396, 15843
1694949994, 0, 8, 96, 0, 0, 6795.31, 1, 0, 0, 0.29, 399, 152, 6188.67, 17396, 15843
1694949994, 0, 8, 96, 0, 0, 6795.31, 1, 0, 0, 42.48, 409, 155, 6188.67, 17396, 15843
1694950003, 0, 8, 96, 0, 0, 6795.31, 1, 0, 0, 0.59, 413, 156, 6188.67, 17396, 15843
1694950010, 0, 8, 98, 0, 0, 6795.31, 1, 0, 0, 0.42, 416, 156, 6188.67, 17396, 15843
1694950019, 0, 8, 99, 0, 0, 6795.31, 1, 0, 0, 0.56, 420, 157, 6188.67, 17396, 15843
1694950019, 0, 8, 99, 0, 0, 6795.31, 1, 0, 0, 35.48, 428, 160, 6188.67, 17396, 15843
1694950026, 0, 8, 99, 0, 0, 6795.31, 2, 0, 0, 0.44, 429, 162, 6188.67, 17396, 15843
1694950035, 0, 8, 101, 0, 0, 6795.31, 2, 0, 0, 0.42, 432, 163, 6188.67, 17396, 15843
1694950036, 0, 8, 101, 0, 0, 6795.31, 2, 0, 0, 5.95, 434, 163, 6188.67, 17396, 15843
1694950048, 0, 8, 102, 0, 0, 6795.31, 2, 0, 0, 0.08, 435, 163, 6188.67, 17396, 15843
1694950049, 0, 8, 103, 0, 0, 6795.31, 2, 0, 0, 26.53, 444, 164, 6188.67, 17396, 15843
1694950057, 0, 8, 104, 0, 0, 6795.31, 2, 0, 0, 0.47, 448, 164, 6188.67, 17396, 15843
1694950067, 0, 8, 104, 0, 0, 6795.31, 2, 0, 0, 0.59, 454, 164, 6188.67, 17396, 15843
1694950068, 0, 8, 104, 0, 0, 6795.31, 2, 0, 0, 56.67, 469, 166, 6188.67, 17396, 15843
1694950078, 0, 8, 105, 0, 0, 6795.31, 2, 0, 0, 0.18, 471, 166, 6188.67, 17396, 15843
1694950079, 0, 8, 105, 0, 0, 6795.31, 2, 0, 0, 2.54, 471, 167, 6188.67, 17396, 15843
1694950079, 0, 8, 106, 0, 0, 6795.31, 2, 0, 0, 9.97, 473, 168, 6188.67, 17396, 15843
1694950087, 0, 8, 106, 0, 0, 6795.31, 2, 0, 0, 0.12, 474, 168, 6188.67, 17396, 15843
1694950100, 0, 8, 107, 0, 0, 6795.31, 2, 0, 0, 0.57, 481, 168, 6188.67, 17396, 15843
1694950108, 0, 8, 107, 0, 0, 6795.31, 2, 0, 0, 0.24, 483, 168, 6188.67, 17396, 15843
1694950116, 0, 8, 107, 0, 0, 6795.31, 2, 0, 0, 0.39, 485, 169, 6188.67, 17396, 15843
1694950125, 0, 8, 107, 0, 0, 6795.31, 2, 0, 0, 0.11, 486, 169, 6188.67, 17396, 15843
1694950126, 0, 9, 108, 0, 0, 6795.31, 2, 0, 0, 39.77, 496, 173, 6188.67, 17396, 15843
1694950137, 0, 9, 108, 0, 0, 6795.31, 2, 0, 0, 0.09, 497, 173, 6188.67, 17396, 15843
1694950144, 0, 9, 108, 0, 0, 6795.31, 2, 0, 0, 0.40, 499, 174, 6188.67, 17396, 15843
1694950145, 0, 9, 109, 0, 0, 6795.31, 2, 0, 0, 18.75, 504, 175, 6188.67, 17396, 15843
1694950145, 0, 9, 109, 0, 0, 6795.31, 2, 0, 0, 16.90, 507, 178, 6188.67, 17396, 15843
1694950153, 0, 9, 109, 0, 0, 6795.31, 2, 0, 0, 1.34, 515, 181, 6188.67, 17396, 15843
1694950160, 0, 9, 110, 0, 0, 6795.31, 2, 0, 0, 1.05, 518, 185, 6188.67, 17396, 15843
1694950170, 0, 9, 110, 0, 0, 6795.31, 2, 0, 0, 0.10, 519, 185, 6188.67, 17396, 15843
1694950170, 0, 9, 111, 0, 0, 6795.31, 2, 0, 0, 41.01, 528, 189, 6188.67, 17396, 15843
1694950171, 0, 9, 111, 0, 0, 6795.31, 2, 0, 0, 17.49, 532, 191, 6188.67, 17396, 15843
1694950171, 0, 9, 111, 0, 0, 6795.31, 2, 0, 0, 39.47, 538, 197, 6188.67, 17396, 15843
1694950185, 0, 9, 112, 0, 0, 6795.31, 2, 0, 0, 0.07, 539, 197, 6188.67, 17396, 15843
1694950194, 0, 9, 113, 0, 0, 6795.31, 2, 0, 0, 0.90, 545, 199, 6188.67, 17396, 15843
1694950201, 0, 9, 114, 0, 0, 6795.31, 2, 0, 0, 0.14, 546, 199, 6188.67, 17396, 15843
1694950209, 0, 9, 115, 0, 0, 6795.31, 3, 0, 0, 1.87, 555, 205, 6188.67, 17396, 15843
1694950218, 0, 10, 117, 0, 0, 6795.31, 3, 0, 0, 0.83, 559, 209, 6188.67, 17396, 15843
1694950226, 0, 10, 118, 0, 0, 6795.31, 3, 0, 0, 0.52, 560, 212, 6188.67, 17396, 15843
1694950226, 0, 10, 119, 0, 0, 6795.31, 3, 0, 0, 48.93, 564, 224, 6188.67, 17396, 15843
1694950235, 0, 10, 120, 0, 0, 6795.31, 3, 0, 0, 0.47, 567, 225, 6188.67, 17396, 15843
1694950245, 0, 10, 121, 0, 0, 6795.31, 3, 0, 0, 0.21, 568, 226, 6188.67, 17396, 15843
1694950245, 0, 10, 121, 0, 0, 6795.31, 3, 0, 0, 19.83, 570, 231, 6188.67, 17396, 15843
1694950254, 0, 10, 122, 0, 0, 6795.31, 3, 0, 0, 0.79, 574, 234, 6188.67, 17396, 15843
1694950254, 0, 10, 122, 0, 0, 6795.31, 3, 0, 0, 68.18, 582, 247, 6188.67, 17396, 15843
1694950254, 0, 10, 122, 0, 0, 6795.31, 3, 0, 0, 31.95, 584, 255, 6188.67, 17396, 15843
1694950262, 0, 10, 123, 0, 0, 6795.31, 3, 0, 0, 0.26, 586, 255, 6188.67, 17396, 15843
1694950271, 0, 10, 123, 0, 0, 6795.31, 3, 0, 0, 0.35, 587, 257, 6188.67, 17396, 15843
1694950280, 0, 10, 123, 0, 0, 6795.31, 3, 0, 0, 1.26, 592, 264, 6188.67, 17396, 15843
1694950289, 0, 10, 123, 0, 0, 6795.31, 3, 0, 0, 0.24, 593, 265, 6188.67, 17396, 15843
1694950296, 0, 11, 123, 0, 0, 6795.31, 3, 0, 0, 0.56, 594, 268, 6188.67, 17396, 15843
1694950303, 0, 11, 123, 0, 0, 6795.31, 3, 0, 0, 0.14, 595, 268, 6188.67, 17396, 15843
1694950311, 0, 11, 123, 0, 0, 6795.31, 3, 0, 0, 0.13, 596, 268, 6188.67, 17396, 15843
1694950318, 0, 11, 123, 0, 0, 6795.31, 3, 0, 0, 0.13, 597, 268, 6188.67, 17396, 15843
1694950327, 0, 11, 123, 0, 0, 6795.31, 3, 0, 0, 0.11, 598, 268, 6188.67, 17396, 15843
1694950334, 0, 11, 123, 0, 0, 6795.31, 3, 0, 0, 0.13, 599, 268, 6188.67, 17396, 15843
1694950343, 0, 11, 123, 0, 0, 6795.31, 3, 0, 0, 0.12, 600, 268, 6188.67, 17396, 15843
1694950350, 0, 11, 123, 0, 0, 6795.31, 3, 0, 0, 0.13, 601, 268, 6188.67, 17396, 15843
1694950358, 0, 11, 123, 0, 0, 6795.31, 3, 0, 0, 0.13, 602, 268, 6188.67, 17396, 15843
1694950365, 0, 11, 124, 0, 0, 6795.31, 3, 0, 0, 0.14, 603, 268, 6188.67, 17396, 15843
1694950373, 0, 11, 124, 0, 0, 6795.31, 3, 0, 0, 0.13, 604, 268, 6188.67, 17396, 15843
1694950379, 0, 11, 124, 0, 0, 6795.31, 3, 0, 0, 0.15, 605, 268, 6188.67, 17396, 15843
1694950386, 0, 11, 125, 0, 0, 6795.31, 3, 0, 0, 0.14, 606, 268, 6188.67, 17396, 15843
1694950392, 0, 11, 125, 0, 0, 6795.31, 3, 0, 0, 0.17, 607, 268, 6188.67, 17396, 15843
1694950401, 0, 11, 125, 0, 0, 6795.31, 3, 0, 0, 0.12, 608, 268, 6188.67, 17396, 15843
1694950408, 0, 11, 126, 0, 0, 6795.31, 3, 0, 0, 0.13, 609, 268, 6188.67, 17396, 15843
1694950414, 0, 11, 126, 0, 0, 6795.31, 3, 0, 0, 0.18, 610, 268, 6188.67, 17396, 15843
1694950422, 0, 11, 127, 0, 0, 6795.31, 3, 0, 0, 0.13, 611, 268, 6188.67, 17396, 15843
1694950429, 0, 11, 127, 0, 0, 6795.31, 3, 0, 0, 0.14, 612, 268, 6188.67, 17396, 15843
1694950435, 0, 11, 127, 0, 0, 6795.31, 3, 0, 0, 0.16, 613, 268, 6188.67, 17396, 15843
1694950442, 0, 11, 128, 0, 0, 6795.31, 3, 0, 0, 0.14, 614, 268, 6188.67, 17396, 15843
1694950448, 0, 11, 128, 0, 0, 6795.31, 3, 0, 0, 0.15, 615, 268, 6188.67, 17396, 15843
1694950456, 0, 11, 128, 0, 0, 6795.31, 3, 0, 0, 0.14, 616, 268, 6188.67, 17396, 15843
1694950462, 0, 11, 128, 0, 0, 6795.31, 3, 0, 0, 0.15, 617, 268, 6188.67, 17396, 15843
1694950467, 0, 11, 128, 0, 0, 6795.31, 3, 0, 0, 0.19, 618, 268, 6188.67, 17396, 15843
1694950475, 0, 11, 128, 0, 0, 6795.31, 3, 0, 0, 0.13, 619, 268, 6188.67, 17396, 15843
1694950482, 0, 11, 128, 0, 0, 6795.31, 3, 0, 0, 0.14, 620, 268, 6188.67, 17396, 15843
1694950490, 0, 11, 129, 0, 0, 6796.09, 3, 0, 0, 0.12, 621, 268, 6189.45, 17398, 15845
1694950498, 0, 11, 129, 0, 0, 6796.09, 3, 0, 0, 0.12, 622, 268, 6189.45, 17398, 15845
1694950507, 0, 11, 130, 0, 0, 6796.09, 3, 0, 0, 0.12, 623, 268, 6189.45, 17398, 15845
1694950514, 0, 11, 130, 0, 0, 6796.09, 3, 0, 0, 0.14, 624, 268, 6189.45, 17398, 15845
1694950522, 0, 11, 130, 0, 0, 6796.09, 3, 0, 0, 0.13, 625, 268, 6189.45, 17398, 15845
1694950529, 0, 11, 130, 0, 0, 6796.09, 3, 0, 0, 0.14, 626, 268, 6189.45, 17398, 15845
1694950537, 0, 11, 130, 0, 0, 6796.09, 3, 0, 0, 0.14, 627, 268, 6189.45, 17398, 15845
1694950543, 0, 11, 130, 0, 0, 6796.09, 3, 0, 0, 0.15, 628, 268, 6189.45, 17398, 15845
1694950549, 0, 11, 130, 0, 0, 6796.09, 3, 0, 0, 0.17, 629, 268, 6189.45, 17398, 15845
1694950555, 0, 11, 130, 0, 0, 6796.09, 3, 0, 0, 0.17, 630, 268, 6189.45, 17398, 15845
1694950563, 0, 11, 130, 0, 0, 6796.09, 3, 0, 0, 0.13, 631, 268, 6189.45, 17398, 15845
1694950569, 0, 11, 131, 0, 0, 6796.09, 3, 0, 0, 0.16, 632, 268, 6189.45, 17398, 15845
1694950576, 0, 11, 131, 0, 0, 6796.09, 3, 0, 0, 0.14, 633, 268, 6189.45, 17398, 15845
1694950583, 0, 11, 131, 0, 0, 6796.09, 3, 0, 0, 0.14, 634, 268, 6189.45, 17398, 15845
1694950590, 0, 11, 131, 0, 0, 6796.09, 3, 0, 0, 0.16, 635, 268, 6189.45, 17398, 15845
1694950597, 0, 11, 131, 0, 0, 6796.09, 3, 0, 0, 0.14, 636, 268, 6189.45, 17398, 15845
1694950604, 0, 11, 131, 0, 0, 6796.09, 3, 0, 0, 0.14, 637, 268, 6189.45, 17398, 15845
1694950611, 0, 11, 131, 0, 0, 6796.09, 3, 0, 0, 0.14, 638, 268, 6189.45, 17398, 15845
1694950618, 0, 11, 131, 0, 0, 6796.09, 3, 0, 0, 0.14, 639, 268, 6189.45, 17398, 15845
1694950626, 0, 11, 131, 0, 0, 6796.09, 3, 0, 0, 0.13, 640, 268, 6189.45, 17398, 15845
1694950633, 0, 11, 131, 0, 0, 6796.09, 3, 0, 0, 0.14, 641, 268, 6189.45, 17398, 15845
1694950640, 0, 11, 131, 0, 0, 6796.09, 3, 0, 0, 0.14, 642, 268, 6189.45, 17398, 15845
1694950647, 0, 11, 131, 0, 0, 6796.09, 3, 0, 0, 0.15, 643, 268, 6189.45, 17398, 15845
1694950653, 0, 11, 131, 0, 0, 6796.09, 3, 0, 0, 0.15, 644, 268, 6189.45, 17398, 15845
1694950661, 0, 11, 131, 0, 0, 6796.09, 3, 0, 0, 0.14, 645, 268, 6189.45, 17398, 15845
1694950669, 0, 11, 131, 0, 0, 6796.09, 3, 0, 0, 0.12, 646, 268, 6189.45, 17398, 15845
1694950677, 0, 11, 132, 0, 0, 6796.09, 3, 0, 0, 0.12, 647, 268, 6189.45, 17398, 15845
1694950686, 0, 11, 133, 0, 0, 6796.09, 3, 0, 0, 0.12, 648, 268, 6189.45, 17398, 15845
1694950693, 0, 11, 134, 0, 0, 6796.09, 3, 0, 0, 0.13, 649, 268, 6189.45, 17398, 15845
1694950701, 0, 11, 135, 0, 0, 6796.09, 3, 0, 0, 0.13, 650, 268, 6189.45, 17398, 15845
1694950708, 0, 11, 136, 0, 0, 6796.09, 3, 0, 0, 0.14, 651, 268, 6189.45, 17398, 15845
1694950716, 0, 11, 136, 0, 0, 6796.09, 3, 0, 0, 0.13, 652, 268, 6189.45, 17398, 15845
1694950722, 0, 11, 136, 0, 0, 6796.09, 3, 0, 0, 0.16, 653, 268, 6189.45, 17398, 15845
1694950728, 0, 11, 136, 0, 0, 6796.09, 3, 0, 0, 0.16, 654, 268, 6189.45, 17398, 15845
1694950736, 0, 11, 136, 0, 0, 6796.09, 3, 0, 0, 0.13, 655, 268, 6189.45, 17398, 15845
1694950744, 0, 11, 136, 0, 0, 6796.09, 3, 0, 0, 0.12, 656, 268, 6189.45, 17398, 15845
1694950751, 0, 11, 136, 0, 0, 6796.09, 3, 0, 0, 0.14, 657, 268, 6189.45, 17398, 15845
1694950757, 0, 11, 136, 0, 0, 6796.09, 3, 0, 0, 0.15, 658, 268, 6189.45, 17398, 15845
1694950767, 0, 11, 136, 0, 0, 6796.09, 3, 0, 0, 0.10, 659, 268, 6189.45, 17398, 15845
1694950775, 0, 11, 136, 0, 0, 6796.09, 3, 0, 0, 0.13, 660, 268, 6189.45, 17398, 15845
1694950780, 0, 11, 136, 0, 0, 6796.09, 3, 0, 0, 0.17, 661, 268, 6189.45, 17398, 15845
1694950788, 0, 11, 136, 0, 0, 6796.09, 3, 0, 0, 0.14, 662, 268, 6189.45, 17398, 15845
1694950796, 0, 11, 136, 0, 0, 6796.09, 3, 0, 0, 0.12, 663, 268, 6189.45, 17398, 15845
1694950804, 0, 11, 136, 0, 0, 6796.09, 3, 0, 0, 0.13, 664, 268, 6189.45, 17398, 15845
1694950811, 0, 11, 136, 0, 0, 6796.09, 3, 0, 0, 0.14, 665, 268, 6189.45, 17398, 15845
1694950818, 0, 11, 136, 0, 0, 6796.09, 3, 0, 0, 0.14, 666, 268, 6189.45, 17398, 15845
1694950825, 0, 11, 136, 0, 0, 6796.09, 3, 0, 0, 0.15, 667, 268, 6189.45, 17398, 15845
1694950833, 0, 11, 136, 0, 0, 6796.09, 3, 0, 0, 0.13, 668, 268, 6189.45, 17398, 15845
1694950839, 0, 11, 137, 0, 0, 6796.09, 3, 0, 0, 0.15, 669, 268, 6189.45, 17398, 15845
1694950846, 0, 11, 137, 0, 0, 6796.09, 3, 0, 0, 0.15, 670, 268, 6189.45, 17398, 15845
1694950854, 0, 11, 137, 0, 0, 6796.09, 3, 0, 0, 0.12, 671, 268, 6189.45, 17398, 15845
1694950862, 0, 11, 137, 0, 0, 6796.09, 3, 0, 0, 0.13, 672, 268, 6189.45, 17398, 15845
1694950868, 0, 11, 137, 0, 0, 6796.09, 3, 0, 0, 0.16, 673, 268, 6189.45, 17398, 15845
1694950877, 0, 11, 137, 0, 0, 6796.09, 3, 0, 0, 0.12, 674, 268, 6189.45, 17398, 15845
1694950885, 0, 11, 137, 0, 0, 6796.09, 3, 0, 0, 0.12, 675, 268, 6189.45, 17398, 15845
1694950892, 0, 11, 137, 0, 0, 6796.09, 3, 0, 0, 0.15, 676, 268, 6189.45, 17398, 15845
1694950900, 0, 11, 137, 0, 0, 6796.09, 3, 0, 0, 0.12, 677, 268, 6189.45, 17398, 15845
1694950908, 0, 11, 137, 0, 0, 6796.09, 3, 0, 0, 0.13, 678, 268, 6189.45, 17398, 15845
1694950914, 0, 11, 138, 0, 0, 6796.88, 3, 0, 0, 0.16, 679, 268, 6190.23, 17400, 15847
1694950920, 0, 11, 138, 0, 0, 6796.88, 3, 0, 0, 0.16, 680, 268, 6190.23, 17400, 15847
1694950928, 0, 11, 138, 0, 0, 6796.88, 3, 0, 0, 0.12, 681, 268, 6190.23, 17400, 15847
1694950936, 0, 11, 138, 0, 0, 6796.88, 3, 0, 0, 0.13, 682, 268, 6190.23, 17400, 15847
1694950944, 0, 11, 138, 0, 0, 6796.88, 3, 0, 0, 0.12, 683, 268, 6190.23, 17400, 15847
1694950952, 0, 11, 138, 0, 0, 6796.88, 3, 0, 0, 0.12, 684, 268, 6190.23, 17400, 15847
1694950959, 0, 11, 138, 0, 0, 6796.88, 3, 0, 0, 0.15, 685, 268, 6190.23, 17400, 15847
1694950967, 0, 11, 138, 0, 0, 6796.88, 3, 0, 0, 0.13, 686, 268, 6190.23, 17400, 15847
1694950974, 0, 11, 138, 0, 0, 6796.88, 3, 0, 0, 0.14, 687, 268, 6190.23, 17400, 15847
1694950982, 0, 11, 139, 0, 0, 6796.88, 3, 0, 0, 0.13, 688, 268, 6190.23, 17400, 15847
1694950990, 0, 11, 140, 0, 0, 6797.66, 3, 0, 0, 0.13, 689, 268, 6191.02, 17402, 15849
1694950997, 0, 11, 140, 0, 0, 6797.66, 3, 0, 0, 0.14, 690, 268, 6191.02, 17402, 15849
1694951003, 0, 11, 141, 0, 0, 6797.66, 3, 0, 0, 0.15, 691, 268, 6191.02, 17402, 15849
1694951010, 0, 11, 142, 0, 0, 6797.66, 3, 0, 0, 0.14, 692, 268, 6191.02, 17402, 15849
1694951018, 0, 11, 142, 0, 0, 6797.66, 3, 0, 0, 0.13, 693, 268, 6191.02, 17402, 15849
1694951026, 0, 11, 142, 0, 0, 6797.66, 3, 0, 0, 0.14, 694, 268, 6191.02, 17402, 15849
1694951032, 0, 11, 142, 0, 0, 6797.66, 3, 0, 0, 0.16, 695, 268, 6191.02, 17402, 15849
1694951040, 0, 11, 142, 0, 0, 6797.66, 3, 0, 0, 0.12, 696, 268, 6191.02, 17402, 15849
1694951047, 0, 11, 142, 0, 0, 6797.66, 3, 0, 0, 0.15, 697, 268, 6191.02, 17402, 15849
1694951053, 0, 11, 142, 0, 0, 6797.66, 3, 0, 0, 0.16, 698, 268, 6191.02, 17402, 15849
1694951061, 0, 11, 142, 0, 0, 6797.66, 3, 0, 0, 0.12, 699, 268, 6191.02, 17402, 15849
1694951068, 0, 11, 142, 0, 0, 6797.66, 3, 0, 0, 0.15, 700, 268, 6191.02, 17402, 15849
1694951075, 0, 11, 142, 0, 0, 6797.66, 3, 0, 0, 0.14, 701, 268, 6191.02, 17402, 15849
1694951082, 0, 11, 143, 0, 0, 6797.66, 3, 0, 0, 0.16, 702, 268, 6191.02, 17402, 15849
1694951088, 0, 11, 143, 0, 0, 6797.66, 3, 0, 0, 0.15, 703, 268, 6191.02, 17402, 15849
1694951095, 0, 11, 143, 0, 0, 6797.66, 3, 0, 0, 0.15, 704, 268, 6191.02, 17402, 15849
1694951102, 0, 11, 143, 0, 0, 6797.66, 3, 0, 0, 0.14, 705, 268, 6191.02, 17402, 15849
1694951108, 0, 11, 144, 0, 0, 6797.66, 3, 0, 0, 0.16, 706, 268, 6191.02, 17402, 15849
1694951116, 0, 11, 144, 0, 0, 6797.66, 3, 0, 0, 0.13, 707, 268, 6191.02, 17402, 15849
1694951124, 0, 11, 144, 0, 0, 6797.66, 3, 0, 0, 0.12, 708, 268, 6191.02, 17402, 15849
1694951131, 0, 11, 144, 0, 0, 6797.66, 3, 0, 0, 0.15, 709, 268, 6191.02, 17402, 15849
1694951137, 0, 11, 144, 0, 0, 6797.66, 3, 0, 0, 0.16, 710, 268, 6191.02, 17402, 15849
1694951145, 0, 11, 144, 0, 0, 6797.66, 3, 0, 0, 0.13, 711, 268, 6191.02, 17402, 15849
1694951154, 0, 11, 144, 0, 0, 6797.66, 3, 0, 0, 0.12, 712, 268, 6191.02, 17402, 15849
1694951161, 0, 11, 144, 0, 0, 6797.66, 3, 0, 0, 0.14, 713, 268, 6191.02, 17402, 15849
1694951169, 0, 11, 144, 0, 0, 6797.66, 3, 0, 0, 0.13, 714, 268, 6191.02, 17402, 15849
1694951176, 0, 11, 144, 0, 0, 6797.66, 3, 0, 0, 0.13, 715, 268, 6191.02, 17402, 15849
1694951184, 0, 11, 144, 0, 0, 6797.66, 3, 0, 0, 0.14, 716, 268, 6191.02, 17402, 15849
1694951191, 0, 11, 144, 0, 0, 6797.66, 3, 0, 0, 0.13, 717, 268, 6191.02, 17402, 15849
1694951199, 0, 11, 144, 0, 0, 6797.66, 3, 0, 0, 0.13, 718, 268, 6191.02, 17402, 15849
1694951206, 0, 11, 144, 0, 0, 6797.66, 3, 0, 0, 0.14, 719, 268, 6191.02, 17402, 15849
1694951213, 0, 11, 144, 0, 0, 6797.66, 3, 0, 0, 0.13, 720, 268, 6191.02, 17402, 15849
1694951219, 0, 11, 144, 0, 0, 6797.66, 3, 0, 0, 0.17, 721, 268, 6191.02, 17402, 15849
1694951225, 0, 11, 144, 0, 0, 6797.66, 3, 0, 0, 0.17, 722, 268, 6191.02, 17402, 15849
1694951232, 0, 11, 144, 0, 0, 6797.66, 3, 0, 0, 0.15, 723, 268, 6191.02, 17402, 15849
1694951239, 0, 11, 144, 0, 0, 6797.66, 3, 0, 0, 0.14, 724, 268, 6191.02, 17402, 15849
1694951247, 0, 11, 144, 0, 0, 6797.66, 3, 0, 0, 0.13, 725, 268, 6191.02, 17402, 15849
1694951254, 0, 11, 144, 0, 0, 6797.66, 3, 0, 0, 0.13, 726, 268, 6191.02, 17402, 15849
1694951261, 0, 11, 144, 0, 0, 6797.66, 3, 0, 0, 0.15, 727, 268, 6191.02, 17402, 15849
1694951268, 0, 11, 145, 0, 0, 6797.66, 3, 0, 0, 0.13, 728, 268, 6191.02, 17402, 15849
1694951275, 0, 11, 145, 0, 0, 6797.66, 3, 0, 0, 0.15, 729, 268, 6191.02, 17402, 15849
1694951283, 0, 11, 145, 0, 0, 6797.66, 3, 0, 0, 0.14, 730, 268, 6191.02, 17402, 15849
1694951290, 0, 11, 145, 0, 0, 6797.66, 3, 0, 0, 0.14, 731, 268, 6191.02, 17402, 15849
1694951298, 0, 11, 146, 0, 0, 6797.66, 3, 0, 0, 0.11, 732, 268, 6191.02, 17402, 15849
1694951305, 0, 11, 146, 0, 0, 6797.66, 3, 0, 0, 0.15, 733, 268, 6191.02, 17402, 15849
1694951311, 0, 11, 146, 0, 0, 6797.66, 3, 0, 0, 0.16, 734, 268, 6191.02, 17402, 15849
1694951318, 0, 11, 146, 0, 0, 6797.66, 3, 0, 0, 0.15, 735, 268, 6191.02, 17402, 15849
1694951325, 0, 11, 146, 0, 0, 6797.66, 3, 0, 0, 0.13, 736, 268, 6191.02, 17402, 15849
1694951332, 0, 11, 147, 0, 0, 6797.66, 3, 0, 0, 0.15, 737, 268, 6191.02, 17402, 15849
1694951339, 0, 11, 147, 0, 0, 6797.66, 3, 0, 0, 0.14, 738, 268, 6191.02, 17402, 15849
1694951345, 0, 11, 147, 0, 0, 6797.66, 3, 0, 0, 0.16, 739, 268, 6191.02, 17402, 15849
1694951353, 0, 11, 147, 0, 0, 6797.66, 3, 0, 0, 0.12, 740, 268, 6191.02, 17402, 15849
1694951361, 0, 11, 147, 0, 0, 6797.66, 3, 0, 0, 0.13, 741, 268, 6191.02, 17402, 15849
1694951369, 0, 11, 148, 0, 0, 6797.66, 3, 0, 0, 0.13, 742, 268, 6191.02, 17402, 15849
1694951375, 0, 11, 148, 0, 0, 6797.66, 3, 0, 0, 0.16, 743, 268, 6191.02, 17402, 15849
1694951386, 0, 11, 148, 0, 0, 6797.66, 3, 0, 0, 0.09, 744, 268, 6191.02, 17402, 15849
1694951395, 0, 11, 148, 0, 0, 6797.66, 3, 0, 0, 0.11, 745, 268, 6191.02, 17402, 15849
1694951403, 0, 11, 148, 0, 0, 6797.66, 3, 0, 0, 0.12, 746, 268, 6191.02, 17402, 15849
1694951410, 0, 11, 148, 0, 0, 6797.66, 3, 0, 0, 0.14, 747, 268, 6191.02, 17402, 15849
1694951418, 0, 11, 148, 0, 0, 6797.66, 3, 0, 0, 0.12, 748, 268, 6191.02, 17402, 15849
1694951426, 0, 11, 148, 0, 0, 6797.66, 3, 0, 0, 0.13, 749, 268, 6191.02, 17402, 15849
1694951432, 0, 11, 149, 0, 0, 6797.66, 3, 0, 0, 0.15, 750, 268, 6191.02, 17402, 15849
1694951440, 0, 11, 149, 0, 0, 6797.66, 3, 0, 0, 0.13, 751, 268, 6191.02, 17402, 15849
1694951447, 0, 11, 149, 0, 0, 6797.66, 3, 0, 0, 0.13, 752, 268, 6191.02, 17402, 15849
1694951455, 0, 11, 150, 0, 0, 6797.66, 3, 0, 0, 0.13, 753, 268, 6191.02, 17402, 15849
1694951462, 0, 11, 151, 0, 0, 6797.66, 3, 0, 0, 0.14, 754, 268, 6191.02, 17402, 15849
1694951469, 0, 11, 151, 0, 0, 6797.66, 3, 0, 0, 0.14, 755, 268, 6191.02, 17402, 15849
1694951475, 0, 11, 151, 0, 0, 6797.66, 3, 0, 0, 0.16, 756, 268, 6191.02, 17402, 15849
1694951482, 0, 11, 151, 0, 0, 6797.66, 3, 0, 0, 0.15, 757, 268, 6191.02, 17402, 15849
1694951488, 0, 11, 151, 0, 0, 6797.66, 3, 0, 0, 0.16, 758, 268, 6191.02, 17402, 15849
1694951496, 0, 11, 151, 0, 0, 6797.66, 3, 0, 0, 0.14, 759, 268, 6191.02, 17402, 15849
1694951503, 0, 11, 152, 0, 0, 6797.66, 3, 0, 0, 0.13, 760, 268, 6191.02, 17402, 15849
1694951531, 0, 11, 153, 0, 0, 6799.61, 3, 0, 0, 0.04, 761, 268, 6192.97, 17407, 15854
1694951539, 0, 11, 153, 0, 0, 6799.61, 3, 0, 0, 0.13, 762, 268, 6192.97, 17407, 15854
1694951547, 0, 11, 153, 0, 0, 6799.61, 3, 0, 0, 0.12, 763, 268, 6192.97, 17407, 15854
1694951553, 0, 11, 153, 0, 0, 6799.61, 3, 0, 0, 0.17, 764, 268, 6192.97, 17407, 15854
1694951559, 0, 11, 153, 0, 0, 6799.61, 3, 0, 0, 0.15, 765, 268, 6192.97, 17407, 15854
1694951566, 0, 11, 153, 0, 0, 6799.61, 3, 0, 0, 0.16, 766, 268, 6192.97, 17407, 15854
1694951574, 0, 11, 153, 0, 0, 6799.61, 3, 0, 0, 0.12, 767, 268, 6192.97, 17407, 15854
1694951582, 0, 11, 153, 0, 0, 6799.61, 3, 0, 0, 0.12, 768, 268, 6192.97, 17407, 15854
1694951590, 0, 11, 153, 0, 0, 6799.61, 3, 0, 0, 0.12, 769, 268, 6192.97, 17407, 15854
1694951597, 0, 11, 153, 0, 0, 6799.61, 3, 0, 0, 0.15, 770, 268, 6192.97, 17407, 15854
1694951605, 0, 11, 153, 0, 0, 6799.61, 3, 0, 0, 0.14, 771, 268, 6192.97, 17407, 15854
1694951612, 0, 11, 153, 0, 0, 6799.61, 3, 0, 0, 0.14, 772, 268, 6192.97, 17407, 15854
1694951619, 0, 11, 153, 0, 0, 6799.61, 3, 0, 0, 0.15, 773, 268, 6192.97, 17407, 15854
1694951627, 0, 11, 153, 0, 0, 6799.61, 3, 0, 0, 0.12, 774, 268, 6192.97, 17407, 15854
1694951635, 0, 11, 154, 0, 0, 6799.61, 3, 0, 0, 0.12, 775, 268, 6192.97, 17407, 15854
1694951643, 0, 11, 155, 0, 0, 6799.61, 3, 0, 0, 0.13, 776, 268, 6192.97, 17407, 15854
1694951650, 0, 11, 156, 0, 0, 6799.61, 3, 0, 0, 0.15, 777, 268, 6192.97, 17407, 15854
1694951657, 0, 11, 157, 0, 0, 6799.61, 3, 0, 0, 0.15, 778, 268, 6192.97, 17407, 15854
1694951665, 0, 11, 158, 0, 0, 6799.61, 3, 0, 0, 0.11, 779, 268, 6192.97, 17407, 15854
1694951673, 0, 11, 158, 0, 0, 6799.61, 3, 0, 0, 0.14, 780, 268, 6192.97, 17407, 15854
1694951679, 0, 11, 158, 0, 0, 6799.61, 3, 0, 0, 0.15, 781, 268, 6192.97, 17407, 15854
1694951694, 0, 11, 159, 0, 0, 6799.61, 3, 0, 0, 0.07, 782, 268, 6192.97, 17407, 15854
1694951701, 0, 11, 159, 0, 0, 6799.61, 3, 0, 0, 0.14, 783, 268, 6192.97, 17407, 15854
1694951708, 0, 11, 159, 0, 0, 6799.61, 3, 0, 0, 0.15, 784, 268, 6192.97, 17407, 15854
1694951716, 0, 11, 159, 0, 0, 6799.61, 3, 0, 0, 0.13, 785, 268, 6192.97, 17407, 15854
1694951723, 0, 11, 159, 0, 0, 6799.61, 3, 0, 0, 0.14, 786, 268, 6192.97, 17407, 15854
1694951731, 0, 11, 159, 0, 0, 6799.61, 3, 0, 0, 0.13, 787, 268, 6192.97, 17407, 15854
1694951739, 0, 11, 159, 0, 0, 6799.61, 3, 0, 0, 0.12, 788, 268, 6192.97, 17407, 15854
1694951746, 0, 11, 159, 0, 0, 6799.61, 3, 0, 0, 0.14, 789, 268, 6192.97, 17407, 15854
1694951753, 0, 11, 159, 0, 0, 6799.61, 3, 0, 0, 0.14, 790, 268, 6192.97, 17407, 15854
1694951761, 0, 11, 159, 0, 0, 6799.61, 3, 0, 0, 0.13, 791, 268, 6192.97, 17407, 15854
1694951769, 0, 11, 159, 0, 0, 6799.61, 3, 0, 0, 0.11, 792, 268, 6192.97, 17407, 15854
1694951777, 0, 11, 159, 0, 0, 6799.61, 3, 0, 0, 0.14, 793, 268, 6192.97, 17407, 15854
1694951791, 0, 11, 159, 0, 0, 6799.61, 3, 0, 0, 0.07, 794, 268, 6192.97, 17407, 15854
1694951799, 0, 11, 159, 0, 0, 6799.61, 3, 0, 0, 0.12, 795, 268, 6192.97, 17407, 15854
1694951808, 0, 11, 159, 0, 0, 6799.61, 3, 0, 0, 0.12, 796, 268, 6192.97, 17407, 15854
1694951817, 0, 11, 160, 0, 0, 6799.61, 3, 0, 0, 0.11, 797, 268, 6192.97, 17407, 15854
1694951825, 0, 11, 160, 0, 0, 6799.61, 3, 0, 0, 0.11, 798, 268, 6192.97, 17407, 15854
1694951833, 0, 11, 160, 0, 0, 6799.61, 3, 0, 0, 0.13, 799, 268, 6192.97, 17407, 15854
1694951842, 0, 11, 160, 0, 0, 6799.61, 3, 0, 0, 0.12, 800, 268, 6192.97, 17407, 15854
1694951852, 0, 11, 160, 0, 0, 6799.61, 3, 0, 0, 0.10, 801, 268, 6192.97, 17407, 15854
1694951860, 0, 11, 160, 0, 0, 6799.61, 3, 0, 0, 0.12, 802, 268, 6192.97, 17407, 15854
1694951867, 0, 11, 160, 0, 0, 6799.61, 3, 0, 0, 0.14, 803, 268, 6192.97, 17407, 15854
1694951876, 0, 11, 160, 0, 0, 6799.61, 3, 0, 0, 0.12, 804, 268, 6192.97, 17407, 15854
1694951883, 0, 11, 160, 0, 0, 6799.61, 3, 0, 0, 0.13, 805, 268, 6192.97, 17407, 15854
1694951891, 0, 11, 160, 0, 0, 6799.61, 3, 0, 0, 0.13, 806, 268, 6192.97, 17407, 15854
1694951899, 0, 11, 160, 0, 0, 6799.61, 3, 0, 0, 0.11, 807, 268, 6192.97, 17407, 15854
1694951906, 0, 11, 160, 0, 0, 6799.61, 3, 0, 0, 0.14, 808, 268, 6192.97, 17407, 15854
1694951914, 0, 11, 160, 0, 0, 6799.61, 3, 0, 0, 0.14, 809, 268, 6192.97, 17407, 15854
1694951921, 0, 11, 160, 0, 0, 6799.61, 3, 0, 0, 0.14, 810, 268, 6192.97, 17407, 15854
1694951927, 0, 11, 160, 0, 0, 6799.61, 3, 0, 0, 0.16, 811, 268, 6192.97, 17407, 15854
1694951940, 0, 11, 160, 0, 0, 6799.61, 3, 0, 0, 0.07, 812, 268, 6192.97, 17407, 15854
1694951948, 0, 11, 160, 0, 0, 6799.61, 3, 0, 0, 0.13, 813, 268, 6192.97, 17407, 15854
1694951955, 0, 11, 160, 0, 0, 6799.61, 3, 0, 0, 0.15, 814, 268, 6192.97, 17407, 15854
1694951961, 0, 11, 160, 0, 0, 6799.61, 3, 0, 0, 0.15, 815, 268, 6192.97, 17407, 15854
1694951969, 0, 11, 160, 0, 0, 6799.61, 3, 0, 0, 0.13, 816, 268, 6192.97, 17407, 15854
1694951977, 0, 11, 160, 0, 0, 6799.61, 3, 0, 0, 0.13, 817, 268, 6192.97, 17407, 15854
1694951983, 0, 11, 160, 0, 0, 6799.61, 3, 0, 0, 0.16, 818, 268, 6192.97, 17407, 15854
1694951991, 0, 11, 160, 0, 0, 6799.61, 3, 0, 0, 0.14, 819, 268, 6192.97, 17407, 15854
1694951997, 0, 11, 160, 0, 0, 6799.61, 3, 0, 0, 0.15, 820, 268, 6192.97, 17407, 15854
1694952007, 0, 11, 160, 0, 0, 6799.61, 3, 0, 0, 0.11, 821, 268, 6192.97, 17407, 15854
1694952014, 0, 11, 160, 0, 0, 6799.61, 3, 0, 0, 0.13, 822, 268, 6192.97, 17407, 15854
1694952021, 0, 11, 160, 0, 0, 6799.61, 3, 0, 0, 0.15, 823, 268, 6192.97, 17407, 15854
1694952027, 0, 11, 160, 0, 0, 6799.61, 3, 0, 0, 0.14, 824, 268, 6192.97, 17407, 15854
1694952035, 0, 11, 160, 0, 0, 6799.61, 3, 0, 0, 0.13, 825, 268, 6192.97, 17407, 15854
1694952043, 0, 11, 160, 0, 0, 6799.61, 3, 0, 0, 0.12, 826, 268, 6192.97, 17407, 15854
1694952051, 0, 11, 160, 0, 0, 6799.61, 3, 0, 0, 0.14, 827, 268, 6192.97, 17407, 15854
1694952057, 0, 11, 160, 0, 0, 6799.61, 3, 0, 0, 0.16, 828, 268, 6192.97, 17407, 15854
1694952065, 0, 11, 160, 0, 0, 6799.61, 3, 0, 0, 0.13, 829, 268, 6192.97, 17407, 15854
1694952072, 0, 11, 160, 0, 0, 6799.61, 3, 0, 0, 0.13, 830, 268, 6192.97, 17407, 15854
1694952080, 0, 11, 160, 0, 0, 6799.61, 3, 0, 0, 0.12, 831, 268, 6192.97, 17407, 15854
1694952087, 0, 11, 160, 0, 0, 6799.61, 3, 0, 0, 0.15, 832, 268, 6192.97, 17407, 15854
1694952094, 0, 11, 160, 0, 0, 6799.61, 3, 0, 0, 0.14, 833, 268, 6192.97, 17407, 15854
1694952101, 0, 11, 160, 0, 0, 6799.61, 3, 0, 0, 0.14, 834, 268, 6192.97, 17407, 15854
1694952108, 0, 11, 160, 0, 0, 6799.61, 3, 0, 0, 0.16, 835, 268, 6192.97, 17407, 15854
1694952115, 0, 11, 160, 0, 0, 6799.61, 3, 0, 0, 0.15, 836, 268, 6192.97, 17407, 15854
1694952121, 0, 11, 160, 0, 0, 6799.61, 3, 0, 0, 0.15, 837, 268, 6192.97, 17407, 15854
1694952128, 0, 11, 160, 0, 0, 6799.61, 3, 0, 0, 0.15, 838, 268, 6192.97, 17407, 15854
1694952136, 0, 11, 161, 0, 0, 6799.61, 3, 0, 0, 0.12, 839, 268, 6192.97, 17407, 15854
1694952144, 0, 11, 161, 0, 0, 6799.61, 3, 0, 0, 0.14, 840, 268, 6192.97, 17407, 15854
1694952152, 0, 11, 161, 0, 0, 6799.61, 3, 0, 0, 0.12, 841, 268, 6192.97, 17407, 15854
1694952160, 0, 11, 161, 0, 0, 6799.61, 3, 0, 0, 0.12, 842, 268, 6192.97, 17407, 15854
1694952167, 0, 11, 161, 0, 0, 6799.61, 3, 0, 0, 0.13, 843, 268, 6192.97, 17407, 15854
1694952174, 0, 11, 161, 0, 0, 6799.61, 3, 0, 0, 0.14, 844, 268, 6192.97, 17407, 15854
1694952183, 0, 11, 161, 0, 0, 6799.61, 3, 0, 0, 0.12, 845, 268, 6192.97, 17407, 15854
1694952191, 0, 11, 161, 0, 0, 6799.61, 3, 0, 0, 0.12, 846, 268, 6192.97, 17407, 15854
1694952199, 0, 11, 161, 0, 0, 6799.61, 3, 0, 0, 0.12, 847, 268, 6192.97, 17407, 15854
1694952207, 0, 11, 161, 0, 0, 6799.61, 3, 0, 0, 0.13, 848, 268, 6192.97, 17407, 15854
1694952215, 0, 11, 161, 0, 0, 6799.61, 3, 0, 0, 0.12, 849, 268, 6192.97, 17407, 15854
1694952224, 0, 11, 161, 0, 0, 6799.61, 3, 0, 0, 0.12, 850, 268, 6192.97, 17407, 15854
1694952230, 0, 11, 161, 0, 0, 6799.61, 3, 0, 0, 0.15, 851, 268, 6192.97, 17407, 15854
1694952237, 0, 11, 161, 0, 0, 6799.61, 3, 0, 0, 0.14, 852, 268, 6192.97, 17407, 15854
1694952245, 0, 11, 161, 0, 0, 6799.61, 3, 0, 0, 0.12, 853, 268, 6192.97, 17407, 15854
1694952253, 0, 11, 161, 0, 0, 6799.61, 3, 0, 0, 0.13, 854, 268, 6192.97, 17407, 15854
1694952260, 0, 11, 161, 0, 0, 6799.61, 3, 0, 0, 0.15, 855, 268, 6192.97, 17407, 15854
1694952268, 0, 11, 161, 0, 0, 6799.61, 3, 0, 0, 0.12, 856, 268, 6192.97, 17407, 15854
1694952275, 0, 11, 161, 0, 0, 6799.61, 3, 0, 0, 0.14, 857, 268, 6192.97, 17407, 15854
1694952282, 0, 11, 161, 0, 0, 6799.61, 3, 0, 0, 0.14, 858, 268, 6192.97, 17407, 15854
1694952289, 0, 11, 162, 0, 0, 6799.61, 3, 0, 0, 0.15, 859, 268, 6192.97, 17407, 15854
1694952296, 0, 11, 162, 0, 0, 6799.61, 3, 0, 0, 0.15, 860, 268, 6192.97, 17407, 15854
1694952303, 0, 11, 162, 0, 0, 6799.61, 3, 0, 0, 0.13, 861, 268, 6192.97, 17407, 15854
1694952312, 0, 11, 163, 0, 0, 6799.61, 3, 0, 0, 0.11, 862, 268, 6192.97, 17407, 15854
1694952319, 0, 11, 163, 0, 0, 6799.61, 3, 0, 0, 0.16, 863, 268, 6192.97, 17407, 15854
1694952326, 0, 11, 163, 0, 0, 6799.61, 3, 0, 0, 0.14, 864, 268, 6192.97, 17407, 15854
1694952333, 0, 11, 163, 0, 0, 6799.61, 3, 0, 0, 0.13, 865, 268, 6192.97, 17407, 15854
1694952341, 0, 11, 163, 0, 0, 6799.61, 3, 0, 0, 0.13, 866, 268, 6192.97, 17407, 15854
1694952349, 0, 11, 163, 0, 0, 6799.61, 3, 0, 0, 0.13, 867, 268, 6192.97, 17407, 15854
1694952355, 0, 11, 163, 0, 0, 6799.61, 3, 0, 0, 0.16, 868, 268, 6192.97, 17407, 15854
1694952363, 0, 11, 163, 0, 0, 6799.61, 3, 0, 0, 0.13, 869, 268, 6192.97, 17407, 15854
1694952371, 0, 11, 163, 0, 0, 6799.61, 3, 0, 0, 0.13, 870, 268, 6192.97, 17407, 15854
1694952379, 0, 11, 163, 0, 0, 6799.61, 3, 0, 0, 0.13, 871, 268, 6192.97, 17407, 15854
1694952386, 0, 11, 163, 0, 0, 6799.61, 3, 0, 0, 0.13, 872, 268, 6192.97, 17407, 15854
1694952394, 0, 11, 163, 0, 0, 6799.61, 3, 0, 0, 0.13, 873, 268, 6192.97, 17407, 15854
1694952401, 0, 11, 163, 0, 0, 6799.61, 3, 0, 0, 0.13, 874, 268, 6192.97, 17407, 15854
1694952410, 0, 11, 163, 0, 0, 6799.61, 3, 0, 0, 0.12, 875, 268, 6192.97, 17407, 15854
1694952416, 0, 11, 163, 0, 0, 6799.61, 3, 0, 0, 0.16, 876, 268, 6192.97, 17407, 15854
1694952424, 0, 11, 163, 0, 0, 6799.61, 3, 0, 0, 0.12, 877, 268, 6192.97, 17407, 15854
1694952431, 0, 11, 163, 0, 0, 6799.61, 3, 0, 0, 0.14, 878, 268, 6192.97, 17407, 15854
1694952437, 0, 11, 163, 0, 0, 6799.61, 3, 0, 0, 0.16, 879, 268, 6192.97, 17407, 15854
1694952445, 0, 11, 163, 0, 0, 6799.61, 3, 0, 0, 0.13, 880, 268, 6192.97, 17407, 15854
1694952453, 0, 11, 163, 0, 0, 6799.61, 3, 0, 0, 0.13, 881, 268, 6192.97, 17407, 15854
1694952461, 0, 11, 163, 0, 0, 6799.61, 3, 0, 0, 0.12, 882, 268, 6192.97, 17407, 15854
1694952470, 0, 11, 163, 0, 0, 6799.61, 3, 0, 0, 0.12, 883, 268, 6192.97, 17407, 15854
1694952477, 0, 11, 163, 0, 0, 6799.61, 3, 0, 0, 0.13, 884, 268, 6192.97, 17407, 15854
1694952486, 0, 11, 163, 0, 0, 6799.61, 3, 0, 0, 0.11, 885, 268, 6192.97, 17407, 15854
1694952494, 0, 11, 163, 0, 0, 6799.61, 3, 0, 0, 0.12, 886, 268, 6192.97, 17407, 15854
1694952502, 0, 11, 163, 0, 0, 6799.61, 3, 0, 0, 0.13, 887, 268, 6192.97, 17407, 15854
1694952509, 0, 11, 163, 0, 0, 6799.61, 3, 0, 0, 0.14, 888, 268, 6192.97, 17407, 15854
1694952517, 0, 11, 163, 0, 0, 6799.61, 3, 0, 0, 0.13, 889, 268, 6192.97, 17407, 15854
1694952524, 0, 11, 163, 0, 0, 6799.61, 3, 0, 0, 0.15, 890, 268, 6192.97, 17407, 15854
1694952532, 0, 11, 163, 0, 0, 6799.61, 3, 0, 0, 0.12, 891, 268, 6192.97, 17407, 15854
1694952539, 0, 11, 163, 0, 0, 6799.61, 3, 0, 0, 0.14, 892, 268, 6192.97, 17407, 15854
1694952547, 0, 11, 163, 0, 0, 6799.61, 3, 0, 0, 0.14, 893, 268, 6192.97, 17407, 15854
1694952554, 0, 11, 163, 0, 0, 6799.61, 3, 0, 0, 0.13, 894, 268, 6192.97, 17407, 15854
1694952563, 0, 11, 163, 0, 0, 6799.61, 3, 0, 0, 0.12, 895, 268, 6192.97, 17407, 15854
1694952570, 0, 11, 163, 0, 0, 6799.61, 3, 0, 0, 0.13, 896, 268, 6192.97, 17407, 15854
1694952578, 0, 11, 163, 0, 0, 6799.61, 3, 0, 0, 0.14, 897, 268, 6192.97, 17407, 15854
1694952586, 0, 11, 163, 0, 0, 6799.61, 3, 0, 0, 0.12, 898, 268, 6192.97, 17407, 15854
1694952595, 0, 11, 163, 0, 0, 6799.61, 3, 0, 0, 0.12, 899, 268, 6192.97, 17407, 15854
1694952602, 0, 11, 163, 0, 0, 6799.61, 3, 0, 0, 0.13, 900, 268, 6192.97, 17407, 15854
1694952610, 0, 11, 163, 0, 0, 6799.61, 3, 0, 0, 0.14, 901, 268, 6192.97, 17407, 15854
1694952618, 0, 11, 163, 0, 0, 6799.61, 3, 0, 0, 0.11, 902, 268, 6192.97, 17407, 15854
1694952627, 0, 11, 163, 0, 0, 6799.61, 3, 0, 0, 0.12, 903, 268, 6192.97, 17407, 15854
1694952636, 0, 11, 163, 0, 0, 6799.61, 3, 0, 0, 0.11, 904, 268, 6192.97, 17407, 15854
1694952646, 0, 11, 163, 0, 0, 6799.61, 3, 0, 0, 0.10, 905, 268, 6192.97, 17407, 15854
1694952655, 0, 11, 163, 0, 0, 6799.61, 3, 0, 0, 0.11, 906, 268, 6192.97, 17407, 15854
1694952664, 0, 11, 163, 0, 0, 6799.61, 3, 0, 0, 0.12, 907, 268, 6192.97, 17407, 15854
1694952671, 0, 11, 163, 0, 0, 6799.61, 3, 0, 0, 0.13, 908, 268, 6192.97, 17407, 15854
1694952679, 0, 11, 163, 0, 0, 6799.61, 3, 0, 0, 0.13, 909, 268, 6192.97, 17407, 15854
1694952688, 0, 11, 163, 0, 0, 6799.61, 3, 0, 0, 0.11, 910, 268, 6192.97, 17407, 15854
1694952696, 0, 11, 163, 0, 0, 6799.61, 3, 0, 0, 0.14, 911, 268, 6192.97, 17407, 15854
1694952703, 0, 11, 163, 0, 0, 6799.61, 3, 0, 0, 0.14, 912, 268, 6192.97, 17407, 15854
1694952711, 0, 11, 163, 0, 0, 6799.61, 3, 0, 0, 0.12, 913, 268, 6192.97, 17407, 15854
1694952719, 0, 11, 163, 0, 0, 6799.61, 3, 0, 0, 0.13, 914, 268, 6192.97, 17407, 15854
1694952726, 0, 11, 163, 0, 0, 6799.61, 3, 0, 0, 0.14, 915, 268, 6192.97, 17407, 15854
1694952734, 0, 11, 163, 0, 0, 6799.61, 3, 0, 0, 0.13, 916, 268, 6192.97, 17407, 15854
1694952742, 0, 11, 163, 0, 0, 6799.61, 3, 0, 0, 0.12, 917, 268, 6192.97, 17407, 15854
1694952750, 0, 11, 163, 0, 0, 6799.61, 3, 0, 0, 0.13, 918, 268, 6192.97, 17407, 15854
1694952757, 0, 11, 163, 0, 0, 6799.61, 3, 0, 0, 0.13, 919, 268, 6192.97, 17407, 15854
1694952766, 0, 11, 163, 0, 0, 6799.61, 3, 0, 0, 0.11, 920, 268, 6192.97, 17407, 15854
1694952774, 0, 11, 163, 0, 0, 6799.61, 3, 0, 0, 0.13, 921, 268, 6192.97, 17407, 15854
1694952782, 0, 11, 163, 0, 0, 6799.61, 3, 0, 0, 0.12, 922, 268, 6192.97, 17407, 15854
1694952790, 0, 11, 163, 0, 0, 6799.61, 3, 0, 0, 0.12, 923, 268, 6192.97, 17407, 15854
1694952797, 0, 11, 163, 0, 0, 6799.61, 3, 0, 0, 0.15, 924, 268, 6192.97, 17407, 15854
1694952804, 0, 11, 163, 0, 0, 6799.61, 3, 0, 0, 0.13, 925, 268, 6192.97, 17407, 15854
1694952815, 0, 11, 163, 0, 0, 6799.61, 3, 0, 0, 0.10, 926, 268, 6192.97, 17407, 15854
1694952823, 0, 11, 163, 0, 0, 6799.61, 3, 0, 0, 0.12, 927, 268, 6192.97, 17407, 15854
1694952831, 0, 11, 163, 0, 0, 6799.61, 3, 0, 0, 0.13, 928, 268, 6192.97, 17407, 15854
1694952838, 0, 11, 163, 0, 0, 6799.61, 3, 0, 0, 0.13, 929, 268, 6192.97, 17407, 15854
1694952848, 0, 11, 163, 0, 0, 6799.61, 3, 0, 0, 0.11, 930, 268, 6192.97, 17407, 15854
1694952857, 0, 11, 164, 0, 0, 6799.61, 3, 0, 0, 0.11, 931, 268, 6192.97, 17407, 15854
1694952865, 0, 11, 164, 0, 0, 6799.61, 3, 0, 0, 0.12, 932, 268, 6192.97, 17407, 15854
1694952871, 0, 11, 164, 0, 0, 6799.61, 3, 0, 0, 0.16, 933, 268, 6192.97, 17407, 15854
1694952878, 0, 11, 164, 0, 0, 6799.61, 3, 0, 0, 0.15, 934, 268, 6192.97, 17407, 15854
1694952887, 0, 11, 164, 0, 0, 6799.61, 3, 0, 0, 0.11, 935, 268, 6192.97, 17407, 15854
1694952895, 0, 11, 164, 0, 0, 6799.61, 3, 0, 0, 0.13, 936, 268, 6192.97, 17407, 15854
1694952902, 0, 11, 164, 0, 0, 6799.61, 3, 0, 0, 0.14, 937, 268, 6192.97, 17407, 15854
1694952912, 0, 11, 164, 0, 0, 6799.61, 3, 0, 0, 0.10, 938, 268, 6192.97, 17407, 15854
1694952921, 0, 11, 164, 0, 0, 6799.61, 3, 0, 0, 0.11, 939, 268, 6192.97, 17407, 15854
1694952930, 0, 11, 164, 0, 0, 6799.61, 3, 0, 0, 0.12, 940, 268, 6192.97, 17407, 15854
1694952937, 0, 11, 164, 0, 0, 6799.61, 3, 0, 0, 0.14, 941, 268, 6192.97, 17407, 15854
1694952947, 0, 11, 164, 0, 0, 6799.61, 3, 0, 0, 0.10, 942, 268, 6192.97, 17407, 15854
1694952955, 0, 11, 164, 0, 0, 6799.61, 3, 0, 0, 0.13, 943, 268, 6192.97, 17407, 15854
1694952963, 0, 11, 164, 0, 0, 6799.61, 3, 0, 0, 0.12, 944, 268, 6192.97, 17407, 15854
1694952970, 0, 11, 164, 0, 0, 6799.61, 3, 0, 0, 0.15, 945, 268, 6192.97, 17407, 15854
1694952977, 0, 11, 164, 0, 0, 6799.61, 3, 0, 0, 0.13, 946, 268, 6192.97, 17407, 15854
1694952985, 0, 11, 164, 0, 0, 6799.61, 3, 0, 0, 0.13, 947, 268, 6192.97, 17407, 15854
1694952993, 0, 11, 164, 0, 0, 6799.61, 3, 0, 0, 0.13, 948, 268, 6192.97, 17407, 15854
1694953000, 0, 11, 164, 0, 0, 6799.61, 3, 0, 0, 0.13, 949, 268, 6192.97, 17407, 15854
1694953009, 0, 11, 164, 0, 0, 6799.61, 3, 0, 0, 0.12, 950, 268, 6192.97, 17407, 15854
1694953016, 0, 11, 164, 0, 0, 6799.61, 3, 0, 0, 0.13, 951, 268, 6192.97, 17407, 15854
1694953025, 0, 11, 164, 0, 0, 6799.61, 3, 0, 0, 0.12, 952, 268, 6192.97, 17407, 15854
1694953032, 0, 11, 164, 0, 0, 6799.61, 3, 0, 0, 0.14, 953, 268, 6192.97, 17407, 15854
1694953041, 0, 11, 164, 0, 0, 6799.61, 3, 0, 0, 0.12, 954, 268, 6192.97, 17407, 15854
1694953049, 0, 11, 164, 0, 0, 6799.61, 3, 0, 0, 0.12, 955, 268, 6192.97, 17407, 15854
1694953058, 0, 11, 164, 0, 0, 6799.61, 3, 0, 0, 0.12, 956, 268, 6192.97, 17407, 15854
1694953067, 0, 11, 164, 0, 0, 6799.61, 3, 0, 0, 0.11, 957, 268, 6192.97, 17407, 15854
1694953075, 0, 11, 164, 0, 0, 6799.61, 3, 0, 0, 0.12, 958, 268, 6192.97, 17407, 15854
1694953083, 0, 11, 165, 0, 0, 6799.61, 3, 0, 0, 0.12, 959, 268, 6192.97, 17407, 15854
1694953091, 0, 11, 166, 0, 0, 6799.61, 3, 0, 0, 0.13, 960, 268, 6192.97, 17407, 15854
1694953098, 0, 11, 166, 0, 0, 6799.61, 3, 0, 0, 0.14, 961, 268, 6192.97, 17407, 15854
1694953106, 0, 11, 167, 0, 0, 6799.61, 3, 0, 0, 0.13, 962, 268, 6192.97, 17407, 15854
1694953115, 0, 11, 167, 0, 0, 6799.61, 3, 0, 0, 0.11, 963, 268, 6192.97, 17407, 15854
1694953123, 0, 11, 167, 0, 0, 6799.61, 3, 0, 0, 0.14, 964, 268, 6192.97, 17407, 15854
1694953131, 0, 11, 167, 0, 0, 6799.61, 3, 0, 0, 0.12, 965, 268, 6192.97, 17407, 15854
1694953139, 0, 11, 167, 0, 0, 6799.61, 3, 0, 0, 0.13, 966, 268, 6192.97, 17407, 15854
1694953139, 0, 11, 167, 0, 0, 6799.61, 3, 0, 0, 0.00, 966, 268, 6192.97, 17407, 15854
