# unix_time, cycles_done, cur_path, paths_total, pending_total, pending_favs, map_size, unique_crashes, unique_hangs, max_depth, execs_per_sec, valid_inputs, invalid_inputs, valid_cov, all_covered_probes, valid_covered_probes
1695025814, 0, 0, 1, 0, 0, 837.11, 0, 0, 0, 0.34, 0, 1, 0.00, 2143, 0
1695025840, 0, 0, 3, 0, 0, 869.92, 1, 0, 0, 0.15, 2, 3, 408.98, 2227, 1047
1695025841, 0, 0, 4, 0, 0, 1203.91, 1, 0, 0, 1.78, 3, 3, 837.11, 3082, 2143
1695025841, 0, 0, 6, 0, 0, 1423.83, 1, 0, 0, 6.08, 4, 4, 903.13, 3645, 2312
1695025854, 0, 0, 11, 0, 0, 6367.19, 1, 0, 0, 0.38, 9, 4, 5866.02, 16300, 15017
1695025869, 0, 0, 13, 0, 0, 6510.94, 1, 0, 0, 0.14, 11, 4, 6009.77, 16668, 15385
1695025869, 0, 0, 18, 0, 0, 6515.23, 1, 0, 0, 22.95, 15, 7, 6009.77, 16679, 15385
1695025886, 0, 0, 20, 0, 0, 6576.56, 1, 0, 0, 0.30, 19, 8, 6071.09, 16836, 15542
1695025903, 0, 0, 23, 0, 0, 6576.56, 1, 0, 0, 0.29, 23, 9, 6071.09, 16836, 15542
1695025912, 0, 0, 27, 0, 0, 6583.20, 1, 0, 0, 0.57, 27, 10, 6077.73, 16853, 15559
1695025921, 0, 0, 29, 0, 0, 6589.84, 1, 0, 0, 0.56, 32, 10, 6084.38, 16870, 15576
1695025931, 0, 0, 31, 0, 0, 6590.63, 1, 0, 0, 0.48, 37, 10, 6085.16, 16872, 15578
1695025944, 0, 0, 33, 0, 0, 6621.48, 1, 0, 0, 0.64, 44, 11, 6116.02, 16951, 15657
1695025953, 0, 0, 34, 0, 0, 6628.13, 1, 0, 0, 0.12, 45, 11, 6122.66, 16968, 15674
1695025963, 0, 0, 36, 0, 0, 6628.13, 1, 0, 0, 0.20, 47, 11, 6122.66, 16968, 15674
1695025963, 0, 0, 39, 0, 0, 6652.34, 1, 0, 0, 22.95, 50, 15, 6122.66, 17030, 15674
1695025963, 0, 0, 39, 0, 0, 6652.34, 1, 0, 0, 42.62, 61, 17, 6122.66, 17030, 15674
1695025973, 0, 0, 40, 0, 0, 6658.98, 1, 0, 0, 0.31, 63, 18, 6129.30, 17047, 15691
1695025982, 0, 0, 42, 0, 0, 6660.16, 1, 0, 0, 0.43, 65, 20, 6129.30, 17050, 15691
1695025991, 0, 0, 43, 0, 0, 6660.16, 1, 0, 0, 0.11, 66, 20, 6129.30, 17050, 15691
1695025992, 0, 0, 44, 0, 0, 6660.16, 1, 0, 0, 35.19, 75, 23, 6129.30, 17050, 15691
1695025992, 0, 0, 45, 0, 0, 6723.05, 1, 0, 0, 30.67, 82, 26, 6129.30, 17211, 15691
1695026006, 0, 0, 47, 0, 0, 6726.17, 1, 0, 0, 0.36, 86, 27, 6129.30, 17219, 15691
1695026015, 0, 0, 48, 0, 0, 6726.17, 1, 0, 0, 0.11, 87, 27, 6129.30, 17219, 15691
1695026026, 0, 0, 51, 0, 0, 6726.17, 1, 0, 0, 0.44, 90, 29, 6129.30, 17219, 15691
1695026026, 0, 1, 56, 0, 0, 6735.94, 1, 0, 0, 51.78, 102, 33, 6129.30, 17244, 15691
1695026034, 0, 1, 57, 0, 0, 6735.94, 1, 0, 0, 2.76, 119, 37, 6129.30, 17244, 15691
1695026043, 0, 1, 58, 0, 0, 6735.94, 1, 0, 0, 0.52, 123, 38, 6129.30, 17244, 15691
1695026044, 0, 1, 60, 0, 0, 6735.94, 1, 0, 0, 46.78, 135, 42, 6129.30, 17244, 15691
1695026049, 0, 2, 60, 0, 0, 6735.94, 2, 0, 0, 3.65, 140, 57, 6129.30, 17244, 15691
1695026062, 0, 2, 61, 0, 0, 6735.94, 2, 0, 0, 1.41, 145, 70, 6129.30, 17244, 15691
1695026069, 0, 2, 62, 0, 0, 6735.94, 2, 0, 0, 0.27, 147, 70, 6129.30, 17244, 15691
1695026077, 0, 2, 63, 0, 0, 6735.94, 2, 0, 0, 0.50, 150, 71, 6129.30, 17244, 15691
1695026086, 0, 2, 65, 0, 0, 6735.94, 2, 0, 0, 1.31, 153, 79, 6129.30, 17244, 15691
1695026097, 0, 2, 66, 0, 0, 6736.72, 2, 0, 0, 0.17, 155, 79, 6130.08, 17246, 15693
1695026105, 0, 3, 68, 0, 0, 6736.72, 2, 0, 0, 1.88, 162, 87, 6130.08, 17246, 15693
1695026106, 0, 3, 70, 0, 0, 6736.72, 2, 0, 0, 22.73, 167, 89, 6130.08, 17246, 15693
1695026113, 0, 3, 71, 0, 0, 6736.72, 2, 0, 0, 1.46, 175, 92, 6130.08, 17246, 15693
1695026113, 0, 3, 71, 0, 0, 6736.72, 2, 0, 0, 49.18, 186, 96, 6130.08, 17246, 15693
1695026121, 0, 3, 72, 0, 0, 6737.11, 2, 0, 0, 0.51, 187, 99, 6130.47, 17247, 15694
1695026129, 0, 3, 74, 0, 0, 6737.11, 2, 0, 0, 0.99, 194, 100, 6130.47, 17247, 15694
1695026150, 0, 3, 76, 0, 0, 6753.52, 2, 0, 0, 0.10, 196, 100, 6146.88, 17289, 15736
1695026158, 0, 3, 77, 0, 0, 6753.52, 2, 0, 0, 0.46, 198, 102, 6146.88, 17289, 15736
1695026171, 0, 3, 78, 0, 0, 6795.31, 2, 0, 0, 0.16, 199, 103, 6188.67, 17396, 15843
1695026171, 0, 3, 80, 0, 0, 6795.31, 2, 0, 0, 13.11, 206, 103, 6188.67, 17396, 15843
1695026179, 0, 3, 81, 0, 0, 6795.31, 2, 0, 0, 1.32, 214, 106, 6188.67, 17396, 15843
1695026188, 0, 3, 82, 0, 0, 6795.31, 2, 0, 0, 0.12, 215, 106, 6188.67, 17396, 15843
1695026188, 0, 3, 83, 0, 0, 6795.31, 2, 0, 0, 38.83, 223, 110, 6188.67, 17396, 15843
1695026196, 0, 3, 85, 0, 0, 6795.31, 2, 0, 0, 0.74, 228, 111, 6188.67, 17396, 15843
1695026206, 0, 3, 85, 0, 0, 6795.31, 2, 0, 0, 0.10, 229, 111, 6188.67, 17396, 15843
1695026219, 0, 3, 87, 0, 0, 6795.31, 2, 0, 0, 0.46, 234, 112, 6188.67, 17396, 15843
1695026220, 0, 3, 88, 0, 0, 6800.78, 2, 0, 0, 31.16, 243, 114, 6194.14, 17410, 15857
1695026220, 0, 4, 88, 0, 0, 6800.78, 2, 0, 0, 35.37, 249, 119, 6194.14, 17410, 15857
1695026228, 0, 4, 89, 0, 0, 6800.78, 2, 0, 0, 0.72, 254, 120, 6194.14, 17410, 15857
1695026237, 0, 4, 90, 0, 0, 6800.78, 2, 0, 0, 1.14, 263, 121, 6194.14, 17410, 15857
1695026248, 0, 4, 91, 0, 0, 6800.78, 2, 0, 0, 2.03, 280, 126, 6194.14, 17410, 15857
1695026257, 0, 4, 91, 0, 0, 6800.78, 2, 0, 0, 1.81, 294, 128, 6194.14, 17410, 15857
1695026264, 0, 4, 92, 0, 0, 6800.78, 2, 0, 0, 0.85, 299, 129, 6194.14, 17410, 15857
1695026264, 0, 4, 93, 0, 0, 6800.78, 2, 0, 0, 7.42, 301, 131, 6194.14, 17410, 15857
1695026272, 0, 4, 94, 0, 0, 6800.78, 2, 0, 0, 0.26, 303, 131, 6194.14, 17410, 15857
1695026282, 0, 4, 95, 0, 0, 6800.78, 2, 0, 0, 0.10, 304, 131, 6194.14, 17410, 15857
1695026292, 0, 4, 96, 0, 0, 6800.78, 2, 0, 0, 0.10, 305, 131, 6194.14, 17410, 15857
1695026292, 0, 5, 96, 0, 0, 6800.78, 2, 0, 0, 29.90, 309, 136, 6194.14, 17410, 15857
1695026305, 0, 5, 96, 0, 0, 6800.78, 2, 0, 0, 0.24, 310, 138, 6194.14, 17410, 15857
1695026315, 0, 5, 98, 0, 0, 6800.78, 2, 0, 0, 2.07, 317, 152, 6194.14, 17410, 15857
1695026315, 0, 5, 99, 0, 0, 6800.78, 2, 0, 0, 39.76, 321, 161, 6194.14, 17410, 15857
1695026327, 0, 5, 99, 0, 0, 6800.78, 2, 0, 0, 0.52, 324, 164, 6194.14, 17410, 15857
1695026327, 0, 5, 99, 0, 0, 6800.78, 2, 0, 0, 91.21, 331, 185, 6194.14, 17410, 15857
1695026327, 0, 5, 99, 0, 0, 6800.78, 2, 0, 0, 66.45, 338, 198, 6194.14, 17410, 15857
1695026328, 0, 6, 99, 0, 0, 6800.78, 2, 0, 0, 32.36, 345, 201, 6194.14, 17410, 15857
1695026328, 0, 6, 99, 0, 0, 6800.78, 2, 0, 0, 113.27, 369, 212, 6194.14, 17410, 15857
1695026337, 0, 6, 100, 0, 0, 6800.78, 2, 0, 0, 0.23, 370, 213, 6194.14, 17410, 15857
1695026348, 0, 6, 100, 0, 0, 6800.78, 2, 0, 0, 0.60, 375, 215, 6194.14, 17410, 15857
1695026357, 0, 6, 102, 0, 0, 6800.78, 2, 0, 0, 1.43, 385, 218, 6194.14, 17410, 15857
1695026366, 0, 6, 103, 0, 0, 6800.78, 2, 0, 0, 0.70, 390, 219, 6194.14, 17410, 15857
1695026378, 0, 6, 103, 0, 0, 6800.78, 2, 0, 0, 0.43, 394, 220, 6194.14, 17410, 15857
1695026386, 0, 6, 103, 0, 0, 6800.78, 2, 0, 0, 0.71, 398, 222, 6194.14, 17410, 15857
1695026395, 0, 7, 104, 0, 0, 6800.78, 2, 0, 0, 1.40, 407, 225, 6194.14, 17410, 15857
1695026402, 0, 7, 104, 0, 0, 6800.78, 2, 0, 0, 0.54, 410, 226, 6194.14, 17410, 15857
1695026412, 0, 7, 105, 0, 0, 6800.78, 2, 0, 0, 0.62, 414, 228, 6194.14, 17410, 15857
1695026412, 0, 7, 106, 0, 0, 6800.78, 2, 0, 0, 22.22, 419, 230, 6194.14, 17410, 15857
1695026422, 0, 7, 107, 0, 0, 6800.78, 2, 0, 0, 0.89, 426, 232, 6194.14, 17410, 15857
1695026439, 0, 7, 108, 0, 0, 6800.78, 2, 0, 0, 0.06, 427, 232, 6194.14, 17410, 15857
1695026439, 0, 7, 108, 0, 0, 6800.78, 2, 0, 0, 16.45, 430, 234, 6194.14, 17410, 15857
1695026439, 0, 7, 108, 0, 0, 6800.78, 2, 0, 0, 26.40, 436, 236, 6194.14, 17410, 15857
1695026440, 0, 7, 109, 0, 0, 6800.78, 2, 0, 0, 18.91, 440, 241, 6194.14, 17410, 15857
1695026449, 0, 7, 109, 0, 0, 6800.78, 2, 0, 0, 0.44, 443, 242, 6194.14, 17410, 15857
1695026449, 0, 7, 110, 0, 0, 6800.78, 2, 0, 0, 22.29, 449, 243, 6194.14, 17410, 15857
1695026449, 0, 7, 110, 0, 0, 6800.78, 2, 0, 0, 24.32, 456, 244, 6194.14, 17410, 15857
1695026450, 0, 7, 110, 0, 0, 6800.78, 2, 0, 0, 19.48, 461, 245, 6194.14, 17410, 15857
1695026450, 0, 7, 110, 0, 0, 6800.78, 2, 0, 0, 22.67, 468, 247, 6194.14, 17410, 15857
1695026459, 0, 7, 111, 0, 0, 6800.78, 2, 0, 0, 0.22, 470, 247, 6194.14, 17410, 15857
1695026460, 0, 8, 112, 0, 0, 6800.78, 2, 0, 0, 43.33, 480, 250, 6194.14, 17410, 15857
1695026469, 0, 8, 112, 0, 0, 6800.78, 2, 0, 0, 0.41, 484, 250, 6194.14, 17410, 15857
1695026470, 0, 8, 113, 0, 0, 6800.78, 2, 0, 0, 33.33, 490, 254, 6194.14, 17410, 15857
1695026478, 0, 8, 114, 0, 0, 6800.78, 2, 0, 0, 0.81, 494, 257, 6194.14, 17410, 15857
1695026489, 0, 8, 116, 0, 0, 6800.78, 2, 0, 0, 0.48, 499, 257, 6194.14, 17410, 15857
1695026498, 0, 8, 117, 0, 0, 6800.78, 2, 0, 0, 0.32, 500, 259, 6194.14, 17410, 15857
1695026499, 0, 8, 119, 0, 0, 6800.78, 2, 0, 0, 34.29, 508, 263, 6194.14, 17410, 15857
1695026514, 0, 8, 120, 0, 0, 6800.78, 2, 0, 0, 0.45, 515, 263, 6194.14, 17410, 15857
1695026515, 0, 8, 120, 0, 0, 6800.78, 2, 0, 0, 15.00, 520, 264, 6194.14, 17410, 15857
1695026515, 0, 9, 120, 0, 0, 6800.78, 2, 0, 0, 57.32, 534, 268, 6194.14, 17410, 15857
1695026515, 0, 9, 120, 0, 0, 6800.78, 2, 0, 0, 35.50, 543, 271, 6194.14, 17410, 15857
1695026523, 0, 9, 120, 0, 0, 6800.78, 2, 0, 0, 1.42, 552, 273, 6194.14, 17410, 15857
1695026532, 0, 9, 120, 0, 0, 6800.78, 2, 0, 0, 0.43, 555, 274, 6194.14, 17410, 15857
1695026547, 0, 9, 120, 0, 0, 6800.78, 2, 0, 0, 0.62, 563, 275, 6194.14, 17410, 15857
1695026556, 0, 9, 121, 0, 0, 6800.78, 2, 0, 0, 1.87, 572, 282, 6194.14, 17410, 15857
1695026566, 0, 9, 122, 0, 0, 6800.78, 2, 0, 0, 0.89, 581, 282, 6194.14, 17410, 15857
1695026573, 0, 9, 122, 0, 0, 6800.78, 2, 0, 0, 1.31, 587, 286, 6194.14, 17410, 15857
1695026582, 0, 9, 122, 0, 0, 6800.78, 2, 0, 0, 0.11, 588, 286, 6194.14, 17410, 15857
1695026593, 0, 9, 122, 0, 0, 6800.78, 2, 0, 0, 0.27, 591, 286, 6194.14, 17410, 15857
1695026602, 0, 10, 122, 0, 0, 6800.78, 2, 0, 0, 0.55, 596, 286, 6194.14, 17410, 15857
1695026611, 0, 10, 122, 0, 0, 6800.78, 2, 0, 0, 0.11, 597, 286, 6194.14, 17410, 15857
1695026619, 0, 10, 122, 0, 0, 6800.78, 2, 0, 0, 0.13, 598, 286, 6194.14, 17410, 15857
1695026626, 0, 10, 122, 0, 0, 6800.78, 2, 0, 0, 0.14, 599, 286, 6194.14, 17410, 15857
1695026633, 0, 10, 123, 0, 0, 6800.78, 2, 0, 0, 0.14, 600, 286, 6194.14, 17410, 15857
1695026640, 0, 10, 123, 0, 0, 6800.78, 2, 0, 0, 0.15, 601, 286, 6194.14, 17410, 15857
1695026647, 0, 10, 123, 0, 0, 6800.78, 2, 0, 0, 0.15, 602, 286, 6194.14, 17410, 15857
1695026654, 0, 10, 123, 0, 0, 6800.78, 2, 0, 0, 0.13, 603, 286, 6194.14, 17410, 15857
1695026661, 0, 10, 124, 0, 0, 6800.78, 2, 0, 0, 0.15, 604, 286, 6194.14, 17410, 15857
1695026670, 0, 10, 125, 0, 0, 6800.78, 2, 0, 0, 0.12, 605, 286, 6194.14, 17410, 15857
1695026677, 0, 10, 125, 0, 0, 6800.78, 2, 0, 0, 0.13, 606, 286, 6194.14, 17410, 15857
1695026685, 0, 10, 126, 0, 0, 6800.78, 2, 0, 0, 0.13, 607, 286, 6194.14, 17410, 15857
1695026692, 0, 10, 127, 0, 0, 6800.78, 2, 0, 0, 0.14, 608, 286, 6194.14, 17410, 15857
1695026700, 0, 10, 127, 0, 0, 6800.78, 2, 0, 0, 0.13, 609, 286, 6194.14, 17410, 15857
1695026706, 0, 10, 127, 0, 0, 6800.78, 2, 0, 0, 0.16, 610, 286, 6194.14, 17410, 15857
1695026716, 0, 10, 127, 0, 0, 6800.78, 2, 0, 0, 0.10, 611, 286, 6194.14, 17410, 15857
1695026725, 0, 10, 127, 0, 0, 6800.78, 2, 0, 0, 0.11, 612, 286, 6194.14, 17410, 15857
1695026733, 0, 10, 127, 0, 0, 6800.78, 2, 0, 0, 0.13, 613, 286, 6194.14, 17410, 15857
1695026742, 0, 10, 127, 0, 0, 6800.78, 2, 0, 0, 0.12, 614, 286, 6194.14, 17410, 15857
1695026750, 0, 10, 127, 0, 0, 6800.78, 2, 0, 0, 0.12, 615, 286, 6194.14, 17410, 15857
1695026759, 0, 10, 127, 0, 0, 6800.78, 2, 0, 0, 0.12, 616, 286, 6194.14, 17410, 15857
1695026767, 0, 10, 127, 0, 0, 6800.78, 2, 0, 0, 0.11, 617, 286, 6194.14, 17410, 15857
1695026775, 0, 10, 127, 0, 0, 6800.78, 2, 0, 0, 0.13, 618, 286, 6194.14, 17410, 15857
1695026782, 0, 10, 127, 0, 0, 6800.78, 2, 0, 0, 0.14, 619, 286, 6194.14, 17410, 15857
1695026789, 0, 10, 127, 0, 0, 6800.78, 2, 0, 0, 0.14, 620, 286, 6194.14, 17410, 15857
1695026797, 0, 10, 127, 0, 0, 6800.78, 2, 0, 0, 0.13, 621, 286, 6194.14, 17410, 15857
1695026804, 0, 10, 127, 0, 0, 6800.78, 2, 0, 0, 0.15, 622, 286, 6194.14, 17410, 15857
1695026810, 0, 10, 128, 0, 0, 6800.78, 2, 0, 0, 0.17, 623, 286, 6194.14, 17410, 15857
1695026817, 0, 10, 128, 0, 0, 6800.78, 2, 0, 0, 0.13, 624, 286, 6194.14, 17410, 15857
1695026826, 0, 10, 128, 0, 0, 6800.78, 2, 0, 0, 0.12, 625, 286, 6194.14, 17410, 15857
1695026834, 0, 10, 128, 0, 0, 6800.78, 2, 0, 0, 0.13, 626, 286, 6194.14, 17410, 15857
1695026842, 0, 10, 128, 0, 0, 6800.78, 2, 0, 0, 0.12, 627, 286, 6194.14, 17410, 15857
1695026849, 0, 10, 128, 0, 0, 6800.78, 2, 0, 0, 0.14, 628, 286, 6194.14, 17410, 15857
1695026856, 0, 10, 128, 0, 0, 6800.78, 2, 0, 0, 0.14, 629, 286, 6194.14, 17410, 15857
1695026864, 0, 10, 128, 0, 0, 6800.78, 2, 0, 0, 0.14, 630, 286, 6194.14, 17410, 15857
1695026871, 0, 10, 128, 0, 0, 6800.78, 2, 0, 0, 0.14, 631, 286, 6194.14, 17410, 15857
1695026879, 0, 10, 128, 0, 0, 6800.78, 2, 0, 0, 0.12, 632, 286, 6194.14, 17410, 15857
1695026887, 0, 10, 128, 0, 0, 6800.78, 2, 0, 0, 0.12, 633, 286, 6194.14, 17410, 15857
1695026894, 0, 10, 128, 0, 0, 6800.78, 2, 0, 0, 0.14, 634, 286, 6194.14, 17410, 15857
1695026902, 0, 10, 128, 0, 0, 6800.78, 2, 0, 0, 0.12, 635, 286, 6194.14, 17410, 15857
1695026911, 0, 10, 128, 0, 0, 6800.78, 2, 0, 0, 0.12, 636, 286, 6194.14, 17410, 15857
1695026917, 0, 10, 128, 0, 0, 6800.78, 2, 0, 0, 0.16, 637, 286, 6194.14, 17410, 15857
1695026924, 0, 10, 128, 0, 0, 6800.78, 2, 0, 0, 0.15, 638, 286, 6194.14, 17410, 15857
1695026931, 0, 10, 128, 0, 0, 6800.78, 2, 0, 0, 0.14, 639, 286, 6194.14, 17410, 15857
1695026938, 0, 10, 128, 0, 0, 6800.78, 2, 0, 0, 0.14, 640, 286, 6194.14, 17410, 15857
1695026945, 0, 10, 128, 0, 0, 6800.78, 2, 0, 0, 0.16, 641, 286, 6194.14, 17410, 15857
1695026952, 0, 10, 128, 0, 0, 6800.78, 2, 0, 0, 0.13, 642, 286, 6194.14, 17410, 15857
1695026960, 0, 10, 128, 0, 0, 6800.78, 2, 0, 0, 0.13, 643, 286, 6194.14, 17410, 15857
1695026967, 0, 10, 128, 0, 0, 6800.78, 2, 0, 0, 0.14, 644, 286, 6194.14, 17410, 15857
1695026974, 0, 10, 128, 0, 0, 6800.78, 2, 0, 0, 0.14, 645, 286, 6194.14, 17410, 15857
1695026983, 0, 10, 128, 0, 0, 6800.78, 2, 0, 0, 0.12, 646, 286, 6194.14, 17410, 15857
1695026991, 0, 10, 128, 0, 0, 6800.78, 2, 0, 0, 0.12, 647, 286, 6194.14, 17410, 15857
1695026999, 0, 10, 129, 0, 0, 6800.78, 2, 0, 0, 0.13, 648, 286, 6194.14, 17410, 15857
1695027006, 0, 10, 130, 0, 0, 6800.78, 2, 0, 0, 0.14, 649, 286, 6194.14, 17410, 15857
1695027014, 0, 10, 131, 0, 0, 6800.78, 2, 0, 0, 0.13, 650, 286, 6194.14, 17410, 15857
1695027022, 0, 10, 132, 0, 0, 6800.78, 2, 0, 0, 0.12, 651, 286, 6194.14, 17410, 15857
1695027028, 0, 10, 132, 0, 0, 6800.78, 2, 0, 0, 0.15, 652, 286, 6194.14, 17410, 15857
1695027036, 0, 10, 132, 0, 0, 6800.78, 2, 0, 0, 0.12, 653, 286, 6194.14, 17410, 15857
1695027044, 0, 10, 132, 0, 0, 6800.78, 2, 0, 0, 0.13, 654, 286, 6194.14, 17410, 15857
1695027054, 0, 10, 132, 0, 0, 6800.78, 2, 0, 0, 0.10, 655, 286, 6194.14, 17410, 15857
1695027062, 0, 10, 132, 0, 0, 6800.78, 2, 0, 0, 0.13, 656, 286, 6194.14, 17410, 15857
1695027071, 0, 10, 132, 0, 0, 6800.78, 2, 0, 0, 0.12, 657, 286, 6194.14, 17410, 15857
1695027078, 0, 10, 132, 0, 0, 6800.78, 2, 0, 0, 0.13, 658, 286, 6194.14, 17410, 15857
1695027086, 0, 10, 132, 0, 0, 6800.78, 2, 0, 0, 0.14, 659, 286, 6194.14, 17410, 15857
1695027093, 0, 10, 132, 0, 0, 6800.78, 2, 0, 0, 0.14, 660, 286, 6194.14, 17410, 15857
1695027102, 0, 10, 132, 0, 0, 6800.78, 2, 0, 0, 0.11, 661, 286, 6194.14, 17410, 15857
1695027110, 0, 10, 132, 0, 0, 6800.78, 2, 0, 0, 0.13, 662, 286, 6194.14, 17410, 15857
1695027118, 0, 10, 132, 0, 0, 6800.78, 2, 0, 0, 0.12, 663, 286, 6194.14, 17410, 15857
1695027126, 0, 10, 132, 0, 0, 6800.78, 2, 0, 0, 0.13, 664, 286, 6194.14, 17410, 15857
1695027133, 0, 10, 132, 0, 0, 6800.78, 2, 0, 0, 0.13, 665, 286, 6194.14, 17410, 15857
1695027140, 0, 10, 132, 0, 0, 6800.78, 2, 0, 0, 0.16, 666, 286, 6194.14, 17410, 15857
1695027147, 0, 10, 132, 0, 0, 6800.78, 2, 0, 0, 0.14, 667, 286, 6194.14, 17410, 15857
1695027155, 0, 10, 132, 0, 0, 6800.78, 2, 0, 0, 0.12, 668, 286, 6194.14, 17410, 15857
1695027162, 0, 10, 132, 0, 0, 6800.78, 2, 0, 0, 0.13, 669, 286, 6194.14, 17410, 15857
1695027170, 0, 10, 132, 0, 0, 6800.78, 2, 0, 0, 0.14, 670, 286, 6194.14, 17410, 15857
1695027177, 0, 10, 132, 0, 0, 6800.78, 2, 0, 0, 0.14, 671, 286, 6194.14, 17410, 15857
1695027186, 0, 10, 132, 0, 0, 6800.78, 2, 0, 0, 0.12, 672, 286, 6194.14, 17410, 15857
1695027193, 0, 10, 132, 0, 0, 6800.78, 2, 0, 0, 0.14, 673, 286, 6194.14, 17410, 15857
1695027201, 0, 10, 132, 0, 0, 6800.78, 2, 0, 0, 0.13, 674, 286, 6194.14, 17410, 15857
1695027207, 0, 10, 132, 0, 0, 6800.78, 2, 0, 0, 0.16, 675, 286, 6194.14, 17410, 15857
1695027215, 0, 10, 132, 0, 0, 6800.78, 2, 0, 0, 0.14, 676, 286, 6194.14, 17410, 15857
1695027222, 0, 10, 132, 0, 0, 6800.78, 2, 0, 0, 0.14, 677, 286, 6194.14, 17410, 15857
1695027228, 0, 10, 132, 0, 0, 6800.78, 2, 0, 0, 0.15, 678, 286, 6194.14, 17410, 15857
1695027236, 0, 10, 132, 0, 0, 6800.78, 2, 0, 0, 0.13, 679, 286, 6194.14, 17410, 15857
1695027244, 0, 10, 132, 0, 0, 6800.78, 2, 0, 0, 0.13, 680, 286, 6194.14, 17410, 15857
1695027251, 0, 10, 132, 0, 0, 6800.78, 2, 0, 0, 0.14, 681, 286, 6194.14, 17410, 15857
1695027258, 0, 10, 132, 0, 0, 6800.78, 2, 0, 0, 0.13, 682, 286, 6194.14, 17410, 15857
1695027265, 0, 10, 132, 0, 0, 6800.78, 2, 0, 0, 0.14, 683, 286, 6194.14, 17410, 15857
1695027273, 0, 10, 132, 0, 0, 6800.78, 2, 0, 0, 0.13, 684, 286, 6194.14, 17410, 15857
1695027280, 0, 10, 133, 0, 0, 6800.78, 2, 0, 0, 0.14, 685, 286, 6194.14, 17410, 15857
1695027288, 0, 10, 133, 0, 0, 6800.78, 2, 0, 0, 0.14, 686, 286, 6194.14, 17410, 15857
1695027296, 0, 10, 133, 0, 0, 6800.78, 2, 0, 0, 0.12, 687, 286, 6194.14, 17410, 15857
1695027303, 0, 10, 133, 0, 0, 6800.78, 2, 0, 0, 0.13, 688, 286, 6194.14, 17410, 15857
1695027312, 0, 10, 134, 0, 0, 6800.78, 2, 0, 0, 0.12, 689, 286, 6194.14, 17410, 15857
1695027320, 0, 10, 135, 0, 0, 6800.78, 2, 0, 0, 0.12, 690, 286, 6194.14, 17410, 15857
1695027328, 0, 10, 135, 0, 0, 6800.78, 2, 0, 0, 0.13, 691, 286, 6194.14, 17410, 15857
1695027335, 0, 10, 136, 0, 0, 6800.78, 2, 0, 0, 0.13, 692, 286, 6194.14, 17410, 15857
1695027343, 0, 10, 137, 0, 0, 6800.78, 2, 0, 0, 0.13, 693, 286, 6194.14, 17410, 15857
1695027351, 0, 10, 138, 0, 0, 6800.78, 2, 0, 0, 0.13, 694, 286, 6194.14, 17410, 15857
1695027358, 0, 10, 138, 0, 0, 6800.78, 2, 0, 0, 0.14, 695, 286, 6194.14, 17410, 15857
1695027365, 0, 10, 138, 0, 0, 6800.78, 2, 0, 0, 0.13, 696, 286, 6194.14, 17410, 15857
1695027373, 0, 10, 138, 0, 0, 6800.78, 2, 0, 0, 0.12, 697, 286, 6194.14, 17410, 15857
1695027381, 0, 10, 138, 0, 0, 6800.78, 2, 0, 0, 0.14, 698, 286, 6194.14, 17410, 15857
1695027388, 0, 10, 138, 0, 0, 6800.78, 2, 0, 0, 0.14, 699, 286, 6194.14, 17410, 15857
1695027395, 0, 10, 138, 0, 0, 6800.78, 2, 0, 0, 0.14, 700, 286, 6194.14, 17410, 15857
1695027404, 0, 10, 138, 0, 0, 6800.78, 2, 0, 0, 0.11, 701, 286, 6194.14, 17410, 15857
1695027412, 0, 10, 138, 0, 0, 6800.78, 2, 0, 0, 0.12, 702, 286, 6194.14, 17410, 15857
1695027420, 0, 10, 138, 0, 0, 6800.78, 2, 0, 0, 0.13, 703, 286, 6194.14, 17410, 15857
1695027428, 0, 10, 138, 0, 0, 6800.78, 2, 0, 0, 0.12, 704, 286, 6194.14, 17410, 15857
1695027437, 0, 10, 138, 0, 0, 6800.78, 2, 0, 0, 0.12, 705, 286, 6194.14, 17410, 15857
1695027445, 0, 10, 138, 0, 0, 6800.78, 2, 0, 0, 0.11, 706, 286, 6194.14, 17410, 15857
1695027454, 0, 10, 138, 0, 0, 6800.78, 2, 0, 0, 0.12, 707, 286, 6194.14, 17410, 15857
1695027462, 0, 10, 138, 0, 0, 6800.78, 2, 0, 0, 0.13, 708, 286, 6194.14, 17410, 15857
1695027470, 0, 10, 138, 0, 0, 6800.78, 2, 0, 0, 0.12, 709, 286, 6194.14, 17410, 15857
1695027479, 0, 10, 139, 0, 0, 6800.78, 2, 0, 0, 0.11, 710, 286, 6194.14, 17410, 15857
1695027486, 0, 10, 139, 0, 0, 6800.78, 2, 0, 0, 0.15, 711, 286, 6194.14, 17410, 15857
1695027494, 0, 10, 139, 0, 0, 6800.78, 2, 0, 0, 0.13, 712, 286, 6194.14, 17410, 15857
1695027500, 0, 10, 140, 0, 0, 6800.78, 2, 0, 0, 0.16, 713, 286, 6194.14, 17410, 15857
1695027506, 0, 10, 140, 0, 0, 6800.78, 2, 0, 0, 0.15, 714, 286, 6194.14, 17410, 15857
1695027515, 0, 10, 140, 0, 0, 6800.78, 2, 0, 0, 0.11, 715, 286, 6194.14, 17410, 15857
1695027523, 0, 10, 140, 0, 0, 6800.78, 2, 0, 0, 0.13, 716, 286, 6194.14, 17410, 15857
1695027529, 0, 10, 140, 0, 0, 6800.78, 2, 0, 0, 0.15, 717, 286, 6194.14, 17410, 15857
1695027536, 0, 10, 141, 0, 0, 6800.78, 2, 0, 0, 0.15, 718, 286, 6194.14, 17410, 15857
1695027543, 0, 10, 141, 0, 0, 6800.78, 2, 0, 0, 0.15, 719, 286, 6194.14, 17410, 15857
1695027550, 0, 10, 141, 0, 0, 6800.78, 2, 0, 0, 0.13, 720, 286, 6194.14, 17410, 15857
1695027557, 0, 10, 141, 0, 0, 6800.78, 2, 0, 0, 0.15, 721, 286, 6194.14, 17410, 15857
1695027564, 0, 10, 141, 0, 0, 6800.78, 2, 0, 0, 0.15, 722, 286, 6194.14, 17410, 15857
1695027573, 0, 10, 141, 0, 0, 6800.78, 2, 0, 0, 0.11, 723, 286, 6194.14, 17410, 15857
1695027581, 0, 10, 141, 0, 0, 6800.78, 2, 0, 0, 0.12, 724, 286, 6194.14, 17410, 15857
1695027590, 0, 10, 142, 0, 0, 6800.78, 2, 0, 0, 0.12, 725, 286, 6194.14, 17410, 15857
1695027597, 0, 10, 142, 0, 0, 6800.78, 2, 0, 0, 0.14, 726, 286, 6194.14, 17410, 15857
1695027606, 0, 10, 142, 0, 0, 6800.78, 2, 0, 0, 0.11, 727, 286, 6194.14, 17410, 15857
1695027615, 0, 10, 142, 0, 0, 6800.78, 2, 0, 0, 0.11, 728, 286, 6194.14, 17410, 15857
1695027623, 0, 10, 142, 0, 0, 6800.78, 2, 0, 0, 0.12, 729, 286, 6194.14, 17410, 15857
1695027631, 0, 10, 142, 0, 0, 6800.78, 2, 0, 0, 0.12, 730, 286, 6194.14, 17410, 15857
1695027639, 0, 10, 142, 0, 0, 6800.78, 2, 0, 0, 0.14, 731, 286, 6194.14, 17410, 15857
1695027646, 0, 10, 142, 0, 0, 6800.78, 2, 0, 0, 0.13, 732, 286, 6194.14, 17410, 15857
1695027656, 0, 10, 142, 0, 0, 6800.78, 2, 0, 0, 0.11, 733, 286, 6194.14, 17410, 15857
1695027664, 0, 10, 142, 0, 0, 6800.78, 2, 0, 0, 0.13, 734, 286, 6194.14, 17410, 15857
1695027672, 0, 10, 142, 0, 0, 6800.78, 2, 0, 0, 0.12, 735, 286, 6194.14, 17410, 15857
1695027680, 0, 10, 142, 0, 0, 6800.78, 2, 0, 0, 0.12, 736, 286, 6194.14, 17410, 15857
1695027686, 0, 10, 142, 0, 0, 6800.78, 2, 0, 0, 0.17, 737, 286, 6194.14, 17410, 15857
1695027695, 0, 10, 142, 0, 0, 6800.78, 2, 0, 0, 0.12, 738, 286, 6194.14, 17410, 15857
1695027703, 0, 10, 143, 0, 0, 6800.78, 2, 0, 0, 0.12, 739, 286, 6194.14, 17410, 15857
1695027711, 0, 10, 143, 0, 0, 6800.78, 2, 0, 0, 0.12, 740, 286, 6194.14, 17410, 15857
1695027719, 0, 10, 143, 0, 0, 6800.78, 2, 0, 0, 0.12, 741, 286, 6194.14, 17410, 15857
1695027728, 0, 10, 143, 0, 0, 6800.78, 2, 0, 0, 0.12, 742, 286, 6194.14, 17410, 15857
1695027735, 0, 10, 143, 0, 0, 6800.78, 2, 0, 0, 0.13, 743, 286, 6194.14, 17410, 15857
1695027744, 0, 10, 143, 0, 0, 6800.78, 2, 0, 0, 0.11, 744, 286, 6194.14, 17410, 15857
1695027751, 0, 10, 144, 0, 0, 6800.78, 2, 0, 0, 0.15, 745, 286, 6194.14, 17410, 15857
1695027759, 0, 10, 144, 0, 0, 6800.78, 2, 0, 0, 0.13, 746, 286, 6194.14, 17410, 15857
1695027767, 0, 10, 145, 0, 0, 6800.78, 2, 0, 0, 0.12, 747, 286, 6194.14, 17410, 15857
1695027775, 0, 10, 145, 0, 0, 6800.78, 2, 0, 0, 0.12, 748, 286, 6194.14, 17410, 15857
1695027784, 0, 10, 145, 0, 0, 6800.78, 2, 0, 0, 0.12, 749, 286, 6194.14, 17410, 15857
1695027792, 0, 10, 146, 0, 0, 6800.78, 2, 0, 0, 0.12, 750, 286, 6194.14, 17410, 15857
1695027800, 0, 10, 147, 0, 0, 6800.78, 2, 0, 0, 0.12, 751, 286, 6194.14, 17410, 15857
1695027807, 0, 10, 147, 0, 0, 6800.78, 2, 0, 0, 0.15, 752, 286, 6194.14, 17410, 15857
1695027813, 0, 10, 147, 0, 0, 6800.78, 2, 0, 0, 0.15, 753, 286, 6194.14, 17410, 15857
1695027822, 0, 10, 147, 0, 0, 6800.78, 2, 0, 0, 0.11, 754, 286, 6194.14, 17410, 15857
1695027830, 0, 10, 147, 0, 0, 6800.78, 2, 0, 0, 0.13, 755, 286, 6194.14, 17410, 15857
1695027838, 0, 10, 147, 0, 0, 6800.78, 2, 0, 0, 0.12, 756, 286, 6194.14, 17410, 15857
1695027847, 0, 10, 147, 0, 0, 6800.78, 2, 0, 0, 0.12, 757, 286, 6194.14, 17410, 15857
1695027854, 0, 10, 148, 0, 0, 6800.78, 2, 0, 0, 0.13, 758, 286, 6194.14, 17410, 15857
1695027862, 0, 10, 148, 0, 0, 6800.78, 2, 0, 0, 0.13, 759, 286, 6194.14, 17410, 15857
1695027871, 0, 10, 148, 0, 0, 6800.78, 2, 0, 0, 0.11, 760, 286, 6194.14, 17410, 15857
1695027878, 0, 10, 148, 0, 0, 6800.78, 2, 0, 0, 0.14, 761, 286, 6194.14, 17410, 15857
1695027885, 0, 10, 148, 0, 0, 6800.78, 2, 0, 0, 0.14, 762, 286, 6194.14, 17410, 15857
1695027893, 0, 10, 148, 0, 0, 6800.78, 2, 0, 0, 0.12, 763, 286, 6194.14, 17410, 15857
1695027901, 0, 10, 148, 0, 0, 6800.78, 2, 0, 0, 0.12, 764, 286, 6194.14, 17410, 15857
1695027909, 0, 10, 148, 0, 0, 6800.78, 2, 0, 0, 0.13, 765, 286, 6194.14, 17410, 15857
1695027917, 0, 10, 148, 0, 0, 6800.78, 2, 0, 0, 0.12, 766, 286, 6194.14, 17410, 15857
1695027923, 0, 10, 148, 0, 0, 6800.78, 2, 0, 0, 0.16, 767, 286, 6194.14, 17410, 15857
1695027931, 0, 10, 148, 0, 0, 6800.78, 2, 0, 0, 0.13, 768, 286, 6194.14, 17410, 15857
1695027938, 0, 10, 148, 0, 0, 6800.78, 2, 0, 0, 0.13, 769, 286, 6194.14, 17410, 15857
1695027945, 0, 10, 148, 0, 0, 6800.78, 2, 0, 0, 0.14, 770, 286, 6194.14, 17410, 15857
1695027954, 0, 10, 148, 0, 0, 6800.78, 2, 0, 0, 0.12, 771, 286, 6194.14, 17410, 15857
1695027961, 0, 10, 148, 0, 0, 6800.78, 2, 0, 0, 0.13, 772, 286, 6194.14, 17410, 15857
1695027968, 0, 10, 148, 0, 0, 6800.78, 2, 0, 0, 0.14, 773, 286, 6194.14, 17410, 15857
1695027976, 0, 10, 148, 0, 0, 6800.78, 2, 0, 0, 0.13, 774, 286, 6194.14, 17410, 15857
1695027984, 0, 10, 148, 0, 0, 6800.78, 2, 0, 0, 0.13, 775, 286, 6194.14, 17410, 15857
1695027992, 0, 10, 149, 0, 0, 6800.78, 2, 0, 0, 0.12, 776, 286, 6194.14, 17410, 15857
1695028000, 0, 10, 150, 0, 0, 6800.78, 2, 0, 0, 0.14, 777, 286, 6194.14, 17410, 15857
1695028007, 0, 10, 151, 0, 0, 6800.78, 2, 0, 0, 0.14, 778, 286, 6194.14, 17410, 15857
1695028015, 0, 10, 152, 0, 0, 6800.78, 2, 0, 0, 0.12, 779, 286, 6194.14, 17410, 15857
1695028022, 0, 10, 152, 0, 0, 6800.78, 2, 0, 0, 0.14, 780, 286, 6194.14, 17410, 15857
1695028030, 0, 10, 152, 0, 0, 6800.78, 2, 0, 0, 0.13, 781, 286, 6194.14, 17410, 15857
1695028038, 0, 10, 152, 0, 0, 6800.78, 2, 0, 0, 0.12, 782, 286, 6194.14, 17410, 15857
1695028047, 0, 10, 152, 0, 0, 6800.78, 2, 0, 0, 0.12, 783, 286, 6194.14, 17410, 15857
1695028055, 0, 10, 152, 0, 0, 6800.78, 2, 0, 0, 0.12, 784, 286, 6194.14, 17410, 15857
1695028064, 0, 10, 152, 0, 0, 6800.78, 2, 0, 0, 0.11, 785, 286, 6194.14, 17410, 15857
1695028071, 0, 10, 152, 0, 0, 6800.78, 2, 0, 0, 0.14, 786, 286, 6194.14, 17410, 15857
1695028079, 0, 10, 152, 0, 0, 6800.78, 2, 0, 0, 0.13, 787, 286, 6194.14, 17410, 15857
1695028085, 0, 10, 152, 0, 0, 6800.78, 2, 0, 0, 0.15, 788, 286, 6194.14, 17410, 15857
1695028094, 0, 10, 152, 0, 0, 6800.78, 2, 0, 0, 0.11, 789, 286, 6194.14, 17410, 15857
1695028102, 0, 10, 152, 0, 0, 6800.78, 2, 0, 0, 0.13, 790, 286, 6194.14, 17410, 15857
1695028110, 0, 10, 152, 0, 0, 6800.78, 2, 0, 0, 0.13, 791, 286, 6194.14, 17410, 15857
1695028117, 0, 10, 152, 0, 0, 6800.78, 2, 0, 0, 0.16, 792, 286, 6194.14, 17410, 15857
1695028125, 0, 10, 152, 0, 0, 6800.78, 2, 0, 0, 0.13, 793, 286, 6194.14, 17410, 15857
1695028132, 0, 10, 152, 0, 0, 6800.78, 2, 0, 0, 0.14, 794, 286, 6194.14, 17410, 15857
1695028140, 0, 10, 152, 0, 0, 6800.78, 2, 0, 0, 0.12, 795, 286, 6194.14, 17410, 15857
1695028148, 0, 10, 152, 0, 0, 6800.78, 2, 0, 0, 0.13, 796, 286, 6194.14, 17410, 15857
1695028156, 0, 10, 152, 0, 0, 6800.78, 2, 0, 0, 0.13, 797, 286, 6194.14, 17410, 15857
1695028163, 0, 10, 153, 0, 0, 6800.78, 2, 0, 0, 0.13, 798, 286, 6194.14, 17410, 15857
1695028170, 0, 10, 153, 0, 0, 6800.78, 2, 0, 0, 0.15, 799, 286, 6194.14, 17410, 15857
1695028176, 0, 10, 153, 0, 0, 6800.78, 2, 0, 0, 0.16, 800, 286, 6194.14, 17410, 15857
1695028184, 0, 10, 153, 0, 0, 6800.78, 2, 0, 0, 0.13, 801, 286, 6194.14, 17410, 15857
1695028191, 0, 10, 153, 0, 0, 6800.78, 2, 0, 0, 0.14, 802, 286, 6194.14, 17410, 15857
1695028198, 0, 10, 153, 0, 0, 6800.78, 2, 0, 0, 0.14, 803, 286, 6194.14, 17410, 15857
1695028206, 0, 10, 153, 0, 0, 6800.78, 2, 0, 0, 0.13, 804, 286, 6194.14, 17410, 15857
1695028213, 0, 10, 153, 0, 0, 6800.78, 2, 0, 0, 0.15, 805, 286, 6194.14, 17410, 15857
1695028221, 0, 10, 153, 0, 0, 6800.78, 2, 0, 0, 0.13, 806, 286, 6194.14, 17410, 15857
1695028229, 0, 10, 153, 0, 0, 6800.78, 2, 0, 0, 0.12, 807, 286, 6194.14, 17410, 15857
1695028237, 0, 10, 153, 0, 0, 6800.78, 2, 0, 0, 0.13, 808, 286, 6194.14, 17410, 15857
1695028244, 0, 10, 153, 0, 0, 6800.78, 2, 0, 0, 0.13, 809, 286, 6194.14, 17410, 15857
1695028251, 0, 10, 153, 0, 0, 6800.78, 2, 0, 0, 0.16, 810, 286, 6194.14, 17410, 15857
1695028258, 0, 10, 153, 0, 0, 6800.78, 2, 0, 0, 0.13, 811, 286, 6194.14, 17410, 15857
1695028265, 0, 10, 153, 0, 0, 6800.78, 2, 0, 0, 0.14, 812, 286, 6194.14, 17410, 15857
1695028272, 0, 10, 153, 0, 0, 6800.78, 2, 0, 0, 0.15, 813, 286, 6194.14, 17410, 15857
1695028279, 0, 10, 153, 0, 0, 6800.78, 2, 0, 0, 0.15, 814, 286, 6194.14, 17410, 15857
1695028287, 0, 10, 153, 0, 0, 6800.78, 2, 0, 0, 0.13, 815, 286, 6194.14, 17410, 15857
1695028293, 0, 10, 153, 0, 0, 6800.78, 2, 0, 0, 0.16, 816, 286, 6194.14, 17410, 15857
1695028300, 0, 10, 153, 0, 0, 6800.78, 2, 0, 0, 0.15, 817, 286, 6194.14, 17410, 15857
1695028307, 0, 10, 153, 0, 0, 6800.78, 2, 0, 0, 0.13, 818, 286, 6194.14, 17410, 15857
1695028315, 0, 10, 153, 0, 0, 6800.78, 2, 0, 0, 0.14, 819, 286, 6194.14, 17410, 15857
1695028322, 0, 10, 153, 0, 0, 6800.78, 2, 0, 0, 0.14, 820, 286, 6194.14, 17410, 15857
1695028329, 0, 10, 153, 0, 0, 6800.78, 2, 0, 0, 0.13, 821, 286, 6194.14, 17410, 15857
1695028335, 0, 10, 153, 0, 0, 6800.78, 2, 0, 0, 0.17, 822, 286, 6194.14, 17410, 15857
1695028343, 0, 10, 153, 0, 0, 6800.78, 2, 0, 0, 0.14, 823, 286, 6194.14, 17410, 15857
1695028350, 0, 10, 154, 0, 0, 6800.78, 2, 0, 0, 0.14, 824, 286, 6194.14, 17410, 15857
1695028356, 0, 10, 154, 0, 0, 6800.78, 2, 0, 0, 0.15, 825, 286, 6194.14, 17410, 15857
1695028363, 0, 10, 154, 0, 0, 6800.78, 2, 0, 0, 0.15, 826, 286, 6194.14, 17410, 15857
1695028370, 0, 10, 155, 0, 0, 6800.78, 2, 0, 0, 0.14, 827, 286, 6194.14, 17410, 15857
1695028378, 0, 10, 155, 0, 0, 6800.78, 2, 0, 0, 0.13, 828, 286, 6194.14, 17410, 15857
1695028385, 0, 10, 155, 0, 0, 6800.78, 2, 0, 0, 0.14, 829, 286, 6194.14, 17410, 15857
1695028392, 0, 10, 155, 0, 0, 6800.78, 2, 0, 0, 0.15, 830, 286, 6194.14, 17410, 15857
1695028400, 0, 10, 155, 0, 0, 6800.78, 2, 0, 0, 0.13, 831, 286, 6194.14, 17410, 15857
1695028407, 0, 10, 155, 0, 0, 6800.78, 2, 0, 0, 0.14, 832, 286, 6194.14, 17410, 15857
1695028414, 0, 10, 155, 0, 0, 6800.78, 2, 0, 0, 0.14, 833, 286, 6194.14, 17410, 15857
1695028419, 0, 10, 155, 0, 0, 6800.78, 2, 0, 0, 0.18, 834, 286, 6194.14, 17410, 15857
1695028428, 0, 10, 155, 0, 0, 6800.78, 2, 0, 0, 0.12, 835, 286, 6194.14, 17410, 15857
1695028435, 0, 10, 155, 0, 0, 6800.78, 2, 0, 0, 0.14, 836, 286, 6194.14, 17410, 15857
1695028442, 0, 10, 155, 0, 0, 6800.78, 2, 0, 0, 0.14, 837, 286, 6194.14, 17410, 15857
1695028449, 0, 10, 155, 0, 0, 6800.78, 2, 0, 0, 0.15, 838, 286, 6194.14, 17410, 15857
1695028457, 0, 10, 155, 0, 0, 6800.78, 2, 0, 0, 0.13, 839, 286, 6194.14, 17410, 15857
1695028463, 0, 10, 156, 0, 0, 6800.78, 2, 0, 0, 0.17, 840, 286, 6194.14, 17410, 15857
1695028470, 0, 10, 156, 0, 0, 6800.78, 2, 0, 0, 0.13, 841, 286, 6194.14, 17410, 15857
1695028477, 0, 10, 156, 0, 0, 6800.78, 2, 0, 0, 0.14, 842, 286, 6194.14, 17410, 15857
1695028484, 0, 10, 156, 0, 0, 6800.78, 2, 0, 0, 0.14, 843, 286, 6194.14, 17410, 15857
1695028493, 0, 10, 156, 0, 0, 6800.78, 2, 0, 0, 0.12, 844, 286, 6194.14, 17410, 15857
1695028500, 0, 10, 156, 0, 0, 6800.78, 2, 0, 0, 0.14, 845, 286, 6194.14, 17410, 15857
1695028507, 0, 10, 156, 0, 0, 6800.78, 2, 0, 0, 0.14, 846, 286, 6194.14, 17410, 15857
1695028514, 0, 10, 156, 0, 0, 6800.78, 2, 0, 0, 0.14, 847, 286, 6194.14, 17410, 15857
1695028522, 0, 10, 156, 0, 0, 6800.78, 2, 0, 0, 0.13, 848, 286, 6194.14, 17410, 15857
1695028530, 0, 10, 156, 0, 0, 6800.78, 2, 0, 0, 0.12, 849, 286, 6194.14, 17410, 15857
1695028537, 0, 10, 156, 0, 0, 6800.78, 2, 0, 0, 0.15, 850, 286, 6194.14, 17410, 15857
1695028545, 0, 10, 156, 0, 0, 6800.78, 2, 0, 0, 0.12, 851, 286, 6194.14, 17410, 15857
1695028553, 0, 10, 156, 0, 0, 6800.78, 2, 0, 0, 0.13, 852, 286, 6194.14, 17410, 15857
1695028562, 0, 10, 156, 0, 0, 6800.78, 2, 0, 0, 0.12, 853, 286, 6194.14, 17410, 15857
1695028569, 0, 10, 156, 0, 0, 6800.78, 2, 0, 0, 0.14, 854, 286, 6194.14, 17410, 15857
1695028577, 0, 10, 156, 0, 0, 6800.78, 2, 0, 0, 0.12, 855, 286, 6194.14, 17410, 15857
1695028585, 0, 10, 157, 0, 0, 6800.78, 2, 0, 0, 0.12, 856, 286, 6194.14, 17410, 15857
1695028593, 0, 10, 158, 0, 0, 6801.56, 2, 0, 0, 0.12, 857, 286, 6194.92, 17412, 15859
1695028601, 0, 10, 158, 0, 0, 6801.56, 2, 0, 0, 0.13, 858, 286, 6194.92, 17412, 15859
1695028609, 0, 10, 158, 0, 0, 6801.56, 2, 0, 0, 0.11, 859, 286, 6194.92, 17412, 15859
1695028618, 0, 10, 159, 0, 0, 6801.56, 2, 0, 0, 0.12, 860, 286, 6194.92, 17412, 15859
1695028625, 0, 10, 160, 0, 0, 6801.56, 2, 0, 0, 0.14, 861, 286, 6194.92, 17412, 15859
1695028632, 0, 10, 160, 0, 0, 6801.56, 2, 0, 0, 0.14, 862, 286, 6194.92, 17412, 15859
1695028640, 0, 10, 161, 0, 0, 6801.56, 2, 0, 0, 0.12, 863, 286, 6194.92, 17412, 15859
1695028649, 0, 10, 162, 0, 0, 6801.56, 2, 0, 0, 0.12, 864, 286, 6194.92, 17412, 15859
1695028658, 0, 10, 162, 0, 0, 6801.56, 2, 0, 0, 0.12, 865, 286, 6194.92, 17412, 15859
1695028665, 0, 10, 162, 0, 0, 6801.56, 2, 0, 0, 0.13, 866, 286, 6194.92, 17412, 15859
1695028674, 0, 10, 162, 0, 0, 6801.56, 2, 0, 0, 0.12, 867, 286, 6194.92, 17412, 15859
1695028682, 0, 10, 162, 0, 0, 6801.56, 2, 0, 0, 0.12, 868, 286, 6194.92, 17412, 15859
1695028691, 0, 10, 162, 0, 0, 6801.56, 2, 0, 0, 0.12, 869, 286, 6194.92, 17412, 15859
1695028699, 0, 10, 162, 0, 0, 6801.56, 2, 0, 0, 0.13, 870, 286, 6194.92, 17412, 15859
1695028707, 0, 10, 162, 0, 0, 6801.56, 2, 0, 0, 0.13, 871, 286, 6194.92, 17412, 15859
1695028714, 0, 10, 162, 0, 0, 6801.56, 2, 0, 0, 0.14, 872, 286, 6194.92, 17412, 15859
1695028721, 0, 10, 162, 0, 0, 6801.56, 2, 0, 0, 0.14, 873, 286, 6194.92, 17412, 15859
1695028729, 0, 10, 162, 0, 0, 6801.56, 2, 0, 0, 0.13, 874, 286, 6194.92, 17412, 15859
1695028737, 0, 10, 162, 0, 0, 6801.56, 2, 0, 0, 0.12, 875, 286, 6194.92, 17412, 15859
1695028744, 0, 10, 162, 0, 0, 6801.56, 2, 0, 0, 0.13, 876, 286, 6194.92, 17412, 15859
1695028751, 0, 10, 162, 0, 0, 6801.56, 2, 0, 0, 0.14, 877, 286, 6194.92, 17412, 15859
1695028758, 0, 10, 162, 0, 0, 6801.56, 3, 0, 0, 0.16, 877, 287, 6194.92, 17412, 15859
1695028764, 0, 10, 162, 0, 0, 6801.56, 3, 0, 0, 0.15, 878, 287, 6194.92, 17412, 15859
1695028771, 0, 10, 162, 0, 0, 6801.56, 3, 0, 0, 0.15, 879, 287, 6194.92, 17412, 15859
1695028779, 0, 10, 162, 0, 0, 6801.56, 3, 0, 0, 0.12, 880, 287, 6194.92, 17412, 15859
1695028787, 0, 10, 162, 0, 0, 6801.56, 3, 0, 0, 0.12, 881, 287, 6194.92, 17412, 15859
1695028795, 0, 10, 162, 0, 0, 6801.56, 3, 0, 0, 0.13, 882, 287, 6194.92, 17412, 15859
1695028804, 0, 10, 162, 0, 0, 6801.56, 3, 0, 0, 0.12, 883, 287, 6194.92, 17412, 15859
1695028812, 0, 10, 162, 0, 0, 6801.56, 3, 0, 0, 0.12, 884, 287, 6194.92, 17412, 15859
1695028820, 0, 10, 162, 0, 0, 6801.56, 3, 0, 0, 0.13, 885, 287, 6194.92, 17412, 15859
1695028828, 0, 10, 162, 0, 0, 6801.56, 3, 0, 0, 0.12, 886, 287, 6194.92, 17412, 15859
1695028835, 0, 10, 162, 0, 0, 6801.56, 3, 0, 0, 0.14, 887, 287, 6194.92, 17412, 15859
1695028843, 0, 10, 162, 0, 0, 6801.56, 3, 0, 0, 0.13, 888, 287, 6194.92, 17412, 15859
1695028852, 0, 10, 162, 0, 0, 6801.56, 3, 0, 0, 0.11, 889, 287, 6194.92, 17412, 15859
1695028859, 0, 10, 162, 0, 0, 6801.56, 3, 0, 0, 0.13, 890, 287, 6194.92, 17412, 15859
1695028867, 0, 10, 162, 0, 0, 6801.56, 3, 0, 0, 0.13, 891, 287, 6194.92, 17412, 15859
1695028875, 0, 10, 162, 0, 0, 6801.56, 3, 0, 0, 0.13, 892, 287, 6194.92, 17412, 15859
1695028882, 0, 10, 162, 0, 0, 6801.56, 3, 0, 0, 0.13, 893, 287, 6194.92, 17412, 15859
1695028891, 0, 10, 162, 0, 0, 6801.56, 3, 0, 0, 0.12, 894, 287, 6194.92, 17412, 15859
1695028896, 0, 10, 162, 0, 0, 6801.56, 3, 0, 0, 0.18, 895, 287, 6194.92, 17412, 15859
1695028904, 0, 10, 162, 0, 0, 6801.56, 3, 0, 0, 0.13, 896, 287, 6194.92, 17412, 15859
1695028913, 0, 10, 162, 0, 0, 6801.56, 3, 0, 0, 0.12, 897, 287, 6194.92, 17412, 15859
1695028920, 0, 10, 162, 0, 0, 6801.56, 3, 0, 0, 0.14, 898, 287, 6194.92, 17412, 15859
1695028927, 0, 10, 162, 0, 0, 6801.56, 3, 0, 0, 0.13, 899, 287, 6194.92, 17412, 15859
1695028933, 0, 10, 162, 0, 0, 6801.56, 3, 0, 0, 0.18, 900, 287, 6194.92, 17412, 15859
1695028941, 0, 10, 162, 0, 0, 6801.56, 3, 0, 0, 0.12, 901, 287, 6194.92, 17412, 15859
1695028949, 0, 10, 162, 0, 0, 6801.56, 3, 0, 0, 0.12, 902, 287, 6194.92, 17412, 15859
1695028957, 0, 10, 162, 0, 0, 6801.56, 3, 0, 0, 0.13, 903, 287, 6194.92, 17412, 15859
1695028965, 0, 10, 162, 0, 0, 6801.56, 3, 0, 0, 0.13, 904, 287, 6194.92, 17412, 15859
1695028973, 0, 10, 162, 0, 0, 6801.56, 3, 0, 0, 0.12, 905, 287, 6194.92, 17412, 15859
1695028982, 0, 10, 163, 0, 0, 6801.56, 3, 0, 0, 0.10, 906, 287, 6194.92, 17412, 15859
1695028990, 0, 10, 163, 0, 0, 6801.56, 3, 0, 0, 0.13, 907, 287, 6194.92, 17412, 15859
1695028997, 0, 10, 163, 0, 0, 6801.56, 3, 0, 0, 0.14, 908, 287, 6194.92, 17412, 15859
1695029005, 0, 10, 163, 0, 0, 6801.56, 3, 0, 0, 0.13, 909, 287, 6194.92, 17412, 15859
1695029013, 0, 10, 163, 0, 0, 6801.56, 3, 0, 0, 0.12, 910, 287, 6194.92, 17412, 15859
1695029019, 0, 10, 163, 0, 0, 6801.56, 3, 0, 0, 0.17, 911, 287, 6194.92, 17412, 15859
1695029026, 0, 10, 163, 0, 0, 6801.56, 3, 0, 0, 0.15, 912, 287, 6194.92, 17412, 15859
1695029034, 0, 10, 163, 0, 0, 6801.56, 3, 0, 0, 0.12, 913, 287, 6194.92, 17412, 15859
1695029043, 0, 10, 163, 0, 0, 6801.56, 3, 0, 0, 0.12, 914, 287, 6194.92, 17412, 15859
1695029050, 0, 10, 163, 0, 0, 6801.56, 3, 0, 0, 0.14, 915, 287, 6194.92, 17412, 15859
1695029057, 0, 10, 163, 0, 0, 6801.56, 3, 0, 0, 0.14, 916, 287, 6194.92, 17412, 15859
1695029065, 0, 10, 163, 0, 0, 6801.56, 3, 0, 0, 0.13, 917, 287, 6194.92, 17412, 15859
1695029073, 0, 10, 163, 0, 0, 6801.56, 3, 0, 0, 0.13, 918, 287, 6194.92, 17412, 15859
1695029080, 0, 10, 163, 0, 0, 6801.56, 3, 0, 0, 0.15, 919, 287, 6194.92, 17412, 15859
1695029087, 0, 10, 163, 0, 0, 6801.56, 3, 0, 0, 0.13, 920, 287, 6194.92, 17412, 15859
1695029095, 0, 10, 163, 0, 0, 6801.56, 3, 0, 0, 0.13, 921, 287, 6194.92, 17412, 15859
1695029104, 0, 10, 163, 0, 0, 6801.56, 3, 0, 0, 0.11, 922, 287, 6194.92, 17412, 15859
1695029112, 0, 10, 163, 0, 0, 6801.56, 3, 0, 0, 0.12, 923, 287, 6194.92, 17412, 15859
1695029119, 0, 10, 163, 0, 0, 6801.56, 3, 0, 0, 0.14, 924, 287, 6194.92, 17412, 15859
1695029127, 0, 10, 163, 0, 0, 6801.56, 3, 0, 0, 0.13, 925, 287, 6194.92, 17412, 15859
1695029135, 0, 10, 163, 0, 0, 6801.56, 3, 0, 0, 0.12, 926, 287, 6194.92, 17412, 15859
1695029143, 0, 10, 163, 0, 0, 6801.56, 3, 0, 0, 0.13, 927, 287, 6194.92, 17412, 15859
1695029150, 0, 10, 163, 0, 0, 6801.56, 3, 0, 0, 0.14, 928, 287, 6194.92, 17412, 15859
1695029159, 0, 10, 163, 0, 0, 6801.56, 3, 0, 0, 0.12, 929, 287, 6194.92, 17412, 15859
1695029166, 0, 10, 164, 0, 0, 6801.56, 3, 0, 0, 0.13, 930, 287, 6194.92, 17412, 15859
1695029174, 0, 10, 164, 0, 0, 6801.56, 3, 0, 0, 0.13, 931, 287, 6194.92, 17412, 15859
1695029181, 0, 10, 164, 0, 0, 6801.56, 3, 0, 0, 0.14, 932, 287, 6194.92, 17412, 15859
1695029189, 0, 10, 164, 0, 0, 6801.56, 3, 0, 0, 0.13, 933, 287, 6194.92, 17412, 15859
1695029196, 0, 10, 164, 0, 0, 6801.56, 3, 0, 0, 0.14, 934, 287, 6194.92, 17412, 15859
1695029203, 0, 10, 164, 0, 0, 6801.56, 3, 0, 0, 0.13, 935, 287, 6194.92, 17412, 15859
1695029212, 0, 10, 164, 0, 0, 6801.56, 3, 0, 0, 0.12, 936, 287, 6194.92, 17412, 15859
1695029221, 0, 10, 164, 0, 0, 6801.56, 3, 0, 0, 0.11, 937, 287, 6194.92, 17412, 15859
1695029230, 0, 10, 164, 0, 0, 6801.56, 3, 0, 0, 0.11, 938, 287, 6194.92, 17412, 15859
1695029237, 0, 10, 164, 0, 0, 6801.56, 3, 0, 0, 0.14, 939, 287, 6194.92, 17412, 15859
1695029244, 0, 10, 164, 0, 0, 6801.56, 3, 0, 0, 0.13, 940, 287, 6194.92, 17412, 15859
1695029251, 0, 10, 164, 0, 0, 6801.56, 3, 0, 0, 0.14, 941, 287, 6194.92, 17412, 15859
1695029260, 0, 10, 164, 0, 0, 6801.56, 3, 0, 0, 0.12, 942, 287, 6194.92, 17412, 15859
1695029267, 0, 10, 164, 0, 0, 6801.56, 3, 0, 0, 0.13, 943, 287, 6194.92, 17412, 15859
1695029274, 0, 10, 164, 0, 0, 6801.56, 3, 0, 0, 0.14, 944, 287, 6194.92, 17412, 15859
1695029281, 0, 10, 165, 0, 0, 6801.56, 3, 0, 0, 0.14, 945, 287, 6194.92, 17412, 15859
1695029290, 0, 10, 165, 0, 0, 6801.56, 3, 0, 0, 0.12, 946, 287, 6194.92, 17412, 15859
1695029297, 0, 10, 165, 0, 0, 6801.56, 3, 0, 0, 0.14, 947, 287, 6194.92, 17412, 15859
1695029306, 0, 10, 165, 0, 0, 6801.56, 3, 0, 0, 0.11, 948, 287, 6194.92, 17412, 15859
1695029314, 0, 10, 165, 0, 0, 6801.56, 3, 0, 0, 0.13, 949, 287, 6194.92, 17412, 15859
1695029322, 0, 10, 165, 0, 0, 6801.56, 3, 0, 0, 0.11, 950, 287, 6194.92, 17412, 15859
1695029330, 0, 10, 165, 0, 0, 6801.56, 3, 0, 0, 0.13, 951, 287, 6194.92, 17412, 15859
1695029337, 0, 10, 165, 0, 0, 6801.56, 3, 0, 0, 0.15, 952, 287, 6194.92, 17412, 15859
1695029345, 0, 10, 165, 0, 0, 6801.56, 3, 0, 0, 0.12, 953, 287, 6194.92, 17412, 15859
1695029354, 0, 10, 165, 0, 0, 6801.56, 3, 0, 0, 0.11, 954, 287, 6194.92, 17412, 15859
1695029361, 0, 10, 165, 0, 0, 6801.56, 3, 0, 0, 0.14, 955, 287, 6194.92, 17412, 15859
1695029369, 0, 10, 165, 0, 0, 6801.56, 3, 0, 0, 0.13, 956, 287, 6194.92, 17412, 15859
1695029378, 0, 10, 165, 0, 0, 6801.56, 3, 0, 0, 0.12, 957, 287, 6194.92, 17412, 15859
1695029386, 0, 10, 165, 0, 0, 6801.56, 3, 0, 0, 0.12, 958, 287, 6194.92, 17412, 15859
1695029395, 0, 10, 165, 0, 0, 6801.56, 3, 0, 0, 0.12, 959, 287, 6194.92, 17412, 15859
1695029403, 0, 10, 165, 0, 0, 6801.56, 3, 0, 0, 0.12, 960, 287, 6194.92, 17412, 15859
1695029412, 0, 10, 165, 0, 0, 6801.56, 3, 0, 0, 0.11, 961, 287, 6194.92, 17412, 15859
1695029412, 0, 10, 165, 0, 0, 6801.56, 3, 0, 0, 0.00, 961, 287, 6194.92, 17412, 15859
