# unix_time, cycles_done, cur_path, paths_total, pending_total, pending_favs, map_size, unique_crashes, unique_hangs, max_depth, execs_per_sec, valid_inputs, invalid_inputs, valid_cov, all_covered_probes, valid_covered_probes
1695443495, 0, 0, 1, 0, 0, 4446.48, 0, 0, 0, 0.46, 0, 1, 0.00, 11383, 0
1695443525, 0, 0, 3, 0, 0, 24994.92, 0, 0, 0, 0.07, 1, 2, 24098.83, 63987, 61693
1695443525, 0, 0, 7, 0, 0, 25162.89, 0, 0, 0, 12.50, 2, 5, 24274.61, 64417, 62143
1695443544, 0, 0, 7, 0, 0, 25162.89, 1, 0, 0, 0.05, 2, 6, 24274.61, 64417, 62143
1695443544, 0, 0, 13, 0, 0, 25308.20, 1, 0, 0, 31.95, 6, 12, 24319.14, 64789, 62257
1695443555, 0, 0, 19, 0, 0, 25932.42, 1, 0, 0, 1.18, 13, 18, 24968.36, 66387, 63919
1695443567, 0, 0, 20, 0, 0, 25944.53, 1, 0, 0, 0.09, 14, 18, 24995.70, 66418, 63989
1695443578, 0, 0, 21, 0, 0, 25950.00, 1, 0, 0, 0.27, 16, 19, 25001.17, 66432, 64003
1695443579, 0, 0, 24, 0, 0, 25958.98, 1, 0, 0, 56.76, 28, 28, 25002.34, 66455, 64006
1695443590, 0, 0, 25, 0, 0, 25960.94, 1, 0, 0, 0.86, 34, 32, 25004.30, 66460, 64011
1695443601, 0, 0, 28, 0, 0, 25983.59, 1, 0, 0, 1.11, 38, 40, 25019.92, 66518, 64051
1695443612, 0, 0, 29, 0, 0, 25987.50, 1, 0, 0, 0.09, 39, 40, 25023.83, 66528, 64061
1695443624, 0, 0, 30, 0, 0, 26043.36, 1, 0, 0, 0.64, 44, 43, 25079.69, 66671, 64204
1695443636, 0, 0, 32, 0, 0, 26049.61, 1, 0, 0, 1.67, 53, 53, 25086.33, 66687, 64221
1695443646, 0, 0, 33, 0, 0, 26070.31, 1, 0, 0, 2.32, 69, 62, 25107.03, 66740, 64274
1695443659, 0, 0, 34, 0, 0, 26071.88, 1, 0, 0, 0.41, 73, 63, 25108.59, 66744, 64278
1695443670, 0, 0, 36, 0, 0, 26072.66, 1, 0, 0, 1.48, 82, 70, 25109.38, 66746, 64280
1695443681, 0, 0, 37, 0, 0, 26079.30, 1, 0, 0, 0.09, 83, 70, 25116.02, 66763, 64297
1695443693, 0, 0, 38, 0, 0, 26079.69, 1, 0, 0, 0.08, 84, 70, 25116.41, 66764, 64298
1695443705, 0, 0, 39, 0, 0, 26082.42, 1, 0, 0, 0.26, 86, 71, 25119.14, 66771, 64305
1695443719, 0, 0, 40, 0, 0, 26082.81, 1, 0, 0, 1.11, 97, 75, 25119.53, 66772, 64306
1695443729, 0, 0, 40, 0, 0, 26082.81, 1, 0, 0, 0.19, 99, 75, 25119.53, 66772, 64306
1695443743, 0, 0, 41, 0, 0, 26085.16, 1, 0, 0, 1.43, 113, 80, 25121.88, 66778, 64312
1695443755, 0, 0, 42, 0, 0, 26087.50, 1, 0, 0, 0.33, 116, 81, 25124.22, 66784, 64318
1695443769, 0, 0, 42, 0, 0, 26087.50, 1, 0, 0, 0.28, 119, 82, 25124.22, 66784, 64318
1695443769, 0, 0, 42, 0, 0, 26087.50, 1, 0, 0, 59.21, 132, 87, 25124.22, 66784, 64318
1695443781, 0, 0, 42, 0, 0, 26087.50, 1, 0, 0, 0.17, 133, 88, 25124.22, 66784, 64318
1695443793, 0, 0, 42, 0, 0, 26087.50, 1, 0, 0, 0.34, 135, 90, 25124.22, 66784, 64318
1695443806, 0, 0, 42, 0, 0, 26087.50, 1, 0, 0, 0.41, 138, 92, 25124.22, 66784, 64318
1695443818, 0, 0, 43, 0, 0, 26087.89, 1, 0, 0, 0.16, 140, 92, 25124.61, 66785, 64319
1695443831, 0, 0, 44, 0, 0, 26088.67, 1, 0, 0, 0.23, 142, 93, 25125.39, 66787, 64321
1695443843, 0, 0, 44, 0, 0, 26088.67, 1, 0, 0, 0.17, 143, 94, 25125.39, 66787, 64321
1695443856, 0, 0, 45, 0, 0, 26105.08, 1, 0, 0, 0.16, 145, 94, 25141.80, 66829, 64363
1695443867, 0, 0, 45, 0, 0, 26105.08, 2, 0, 0, 1.22, 154, 99, 25141.80, 66829, 64363
1695443879, 0, 0, 45, 0, 0, 26105.08, 2, 0, 0, 0.26, 155, 101, 25141.80, 66829, 64363
1695443891, 0, 0, 45, 0, 0, 26105.08, 2, 0, 0, 0.25, 157, 102, 25141.80, 66829, 64363
1695443904, 0, 0, 46, 0, 0, 26105.47, 2, 0, 0, 0.53, 162, 104, 25142.19, 66830, 64364
1695443904, 0, 0, 46, 0, 0, 26105.47, 2, 0, 0, 33.13, 164, 113, 25142.19, 66830, 64364
1695443916, 0, 0, 46, 0, 0, 26105.47, 2, 0, 0, 0.17, 166, 113, 25142.19, 66830, 64364
1695443929, 0, 0, 46, 0, 0, 26105.47, 2, 0, 0, 0.15, 168, 113, 25142.19, 66830, 64364
1695443942, 0, 0, 47, 0, 0, 26107.03, 2, 0, 0, 0.16, 169, 114, 25143.75, 66834, 64368
1695443954, 0, 0, 47, 0, 0, 26107.03, 2, 0, 0, 0.16, 171, 114, 25143.75, 66834, 64368
1695443967, 0, 0, 48, 0, 0, 26107.81, 2, 0, 0, 1.12, 180, 119, 25144.53, 66836, 64370
1695443980, 0, 0, 48, 0, 0, 26107.81, 2, 0, 0, 0.23, 183, 119, 25144.53, 66836, 64370
1695443992, 0, 0, 49, 0, 0, 26473.44, 2, 0, 0, 0.39, 188, 119, 25510.16, 67772, 65306
1695444005, 0, 0, 50, 0, 0, 26476.56, 2, 0, 0, 0.33, 190, 121, 25513.28, 67780, 65314
1695444018, 0, 0, 50, 0, 0, 26476.56, 2, 0, 0, 0.16, 191, 122, 25513.28, 67780, 65314
1695444032, 0, 0, 51, 0, 0, 26476.95, 2, 0, 0, 0.14, 193, 122, 25513.67, 67781, 65315
1695444048, 0, 0, 52, 0, 0, 26477.34, 2, 0, 0, 0.13, 195, 122, 25514.06, 67782, 65316
1695444048, 0, 0, 53, 0, 0, 26485.16, 2, 0, 0, 45.45, 207, 124, 25521.88, 67802, 65336
1695444061, 0, 0, 54, 0, 0, 26487.11, 2, 0, 0, 0.47, 211, 126, 25523.83, 67807, 65341
1695444074, 0, 0, 54, 0, 0, 26487.11, 2, 0, 0, 0.78, 215, 132, 25523.83, 67807, 65341
1695444086, 0, 0, 54, 0, 0, 26487.11, 2, 0, 0, 0.58, 219, 135, 25523.83, 67807, 65341
1695444119, 0, 0, 55, 0, 0, 26500.00, 2, 0, 0, 0.21, 224, 137, 25536.72, 67840, 65374
1695444133, 0, 0, 55, 0, 0, 26500.00, 2, 0, 0, 0.35, 227, 139, 25536.72, 67840, 65374
1695444145, 0, 0, 55, 0, 0, 26500.00, 2, 0, 0, 1.66, 239, 147, 25536.72, 67840, 65374
1695444157, 0, 0, 55, 0, 0, 26500.00, 2, 0, 0, 0.33, 242, 148, 25536.72, 67840, 65374
1695444172, 0, 0, 55, 0, 0, 26500.00, 2, 0, 0, 0.07, 243, 148, 25536.72, 67840, 65374
1695444184, 0, 0, 55, 0, 0, 26500.00, 2, 0, 0, 0.74, 249, 151, 25536.72, 67840, 65374
1695444196, 0, 0, 55, 0, 0, 26500.00, 2, 0, 0, 0.74, 254, 155, 25536.72, 67840, 65374
1695444208, 0, 0, 55, 0, 0, 26500.00, 2, 0, 0, 1.16, 264, 159, 25536.72, 67840, 65374
1695444222, 0, 0, 55, 0, 0, 26500.00, 2, 0, 0, 0.67, 269, 163, 25536.72, 67840, 65374
1695444249, 0, 0, 55, 0, 0, 26500.00, 2, 0, 0, 0.26, 272, 167, 25536.72, 67840, 65374
1695444268, 0, 0, 55, 0, 0, 26500.00, 2, 0, 0, 0.05, 273, 167, 25536.72, 67840, 65374
1695444268, 0, 0, 55, 0, 0, 26500.00, 2, 0, 0, 23.33, 275, 172, 25536.72, 67840, 65374
1695444281, 0, 0, 55, 0, 0, 26500.00, 2, 0, 0, 0.38, 277, 175, 25536.72, 67840, 65374
1695444301, 0, 0, 55, 0, 0, 26500.00, 2, 0, 0, 0.26, 280, 177, 25536.72, 67840, 65374
1695444328, 0, 0, 55, 0, 0, 26500.00, 2, 0, 0, 0.11, 283, 177, 25536.72, 67840, 65374
1695444344, 0, 0, 55, 0, 0, 26500.00, 2, 0, 0, 0.13, 284, 178, 25536.72, 67840, 65374
1695444360, 0, 0, 55, 0, 0, 26500.00, 2, 0, 0, 0.07, 285, 178, 25536.72, 67840, 65374
1695444375, 0, 0, 55, 0, 0, 26500.00, 2, 0, 0, 0.51, 290, 181, 25536.72, 67840, 65374
1695444376, 0, 0, 55, 0, 0, 26500.00, 2, 0, 0, 73.33, 302, 191, 25536.72, 67840, 65374
1695444393, 0, 0, 55, 0, 0, 26500.00, 2, 0, 0, 0.17, 303, 193, 25536.72, 67840, 65374
1695444407, 0, 0, 55, 0, 0, 26500.00, 2, 0, 0, 0.28, 305, 195, 25536.72, 67840, 65374
1695444423, 0, 0, 55, 0, 0, 26500.00, 2, 0, 0, 0.06, 306, 195, 25536.72, 67840, 65374
1695444424, 0, 0, 55, 0, 0, 26500.00, 2, 0, 0, 15.27, 309, 198, 25536.72, 67840, 65374
1695444440, 0, 0, 55, 0, 0, 26500.00, 2, 0, 0, 0.12, 310, 199, 25536.72, 67840, 65374
1695444460, 0, 0, 55, 0, 0, 26500.00, 2, 0, 0, 0.05, 311, 199, 25536.72, 67840, 65374
1695444460, 0, 0, 55, 0, 0, 26500.00, 2, 0, 0, 15.92, 313, 202, 25536.72, 67840, 65374
1695444460, 0, 0, 55, 0, 0, 26500.00, 2, 0, 0, 9.77, 315, 203, 25536.72, 67840, 65374
1695444460, 0, 0, 55, 0, 0, 26500.00, 2, 0, 0, 19.42, 321, 203, 25536.72, 67840, 65374
1695444474, 0, 0, 55, 0, 0, 26500.00, 2, 0, 0, 0.15, 323, 203, 25536.72, 67840, 65374
1695444490, 0, 0, 55, 0, 0, 26500.00, 2, 0, 0, 1.32, 334, 213, 25536.72, 67840, 65374
1695444505, 0, 0, 55, 0, 0, 26500.00, 2, 0, 0, 0.59, 340, 216, 25536.72, 67840, 65374
1695444521, 0, 0, 55, 0, 0, 26500.00, 2, 0, 0, 0.37, 346, 216, 25536.72, 67840, 65374
1695444522, 0, 0, 55, 0, 0, 26500.00, 2, 0, 0, 32.36, 352, 220, 25536.72, 67840, 65374
1695444538, 0, 0, 55, 0, 0, 26500.00, 2, 0, 0, 0.13, 353, 221, 25536.72, 67840, 65374
1695444554, 0, 0, 55, 0, 0, 26500.00, 2, 0, 0, 0.19, 355, 222, 25536.72, 67840, 65374
1695444554, 0, 0, 55, 0, 0, 26500.00, 2, 0, 0, 11.94, 357, 224, 25536.72, 67840, 65374
1695444554, 0, 0, 55, 0, 0, 26500.00, 2, 0, 0, 13.25, 359, 226, 25536.72, 67840, 65374
1695444555, 0, 0, 55, 0, 0, 26500.00, 2, 0, 0, 23.03, 365, 227, 25536.72, 67840, 65374
1695444570, 0, 0, 55, 0, 0, 26500.00, 2, 0, 0, 0.32, 366, 231, 25536.72, 67840, 65374
1695444590, 0, 0, 56, 0, 0, 26505.86, 2, 0, 0, 0.76, 373, 239, 25542.58, 67855, 65389
1695444590, 0, 0, 56, 0, 0, 26505.86, 2, 0, 0, 2.46, 373, 240, 25542.58, 67855, 65389
1695444591, 0, 0, 56, 0, 0, 26505.86, 2, 0, 0, 22.73, 374, 246, 25542.58, 67855, 65389
1695444591, 0, 0, 56, 0, 0, 26505.86, 2, 0, 0, 13.29, 377, 247, 25542.58, 67855, 65389
1695444605, 0, 0, 57, 0, 0, 26506.64, 2, 0, 0, 0.21, 380, 247, 25543.36, 67857, 65391
1695444624, 0, 0, 57, 0, 0, 26506.64, 2, 0, 0, 0.06, 381, 247, 25543.36, 67857, 65391
1695444639, 0, 0, 58, 0, 0, 26508.20, 2, 0, 0, 0.44, 385, 250, 25544.92, 67861, 65395
1695444640, 0, 0, 58, 0, 0, 26508.20, 2, 0, 0, 49.67, 394, 256, 25544.92, 67861, 65395
1695444661, 0, 0, 58, 0, 0, 26508.20, 2, 0, 0, 0.18, 398, 256, 25544.92, 67861, 65395
1695444678, 0, 0, 58, 0, 0, 26508.20, 2, 0, 0, 0.23, 401, 257, 25544.92, 67861, 65395
1695444697, 0, 0, 58, 0, 0, 26508.20, 2, 0, 0, 0.21, 403, 259, 25544.92, 67861, 65395
1695444709, 0, 0, 58, 0, 0, 26508.20, 2, 0, 0, 0.25, 406, 259, 25544.92, 67861, 65395
1695444729, 0, 0, 58, 0, 0, 26508.20, 2, 0, 0, 0.15, 408, 260, 25544.92, 67861, 65395
1695444742, 0, 0, 58, 0, 0, 26508.20, 2, 0, 0, 0.24, 410, 261, 25544.92, 67861, 65395
1695444766, 0, 0, 58, 0, 0, 26508.20, 2, 0, 0, 0.04, 411, 261, 25544.92, 67861, 65395
1695444778, 0, 0, 58, 0, 0, 26508.20, 2, 0, 0, 0.57, 414, 265, 25544.92, 67861, 65395
1695444800, 0, 0, 58, 0, 0, 26508.20, 2, 0, 0, 0.18, 417, 266, 25544.92, 67861, 65395
1695444800, 0, 0, 58, 0, 0, 26508.20, 2, 0, 0, 37.74, 423, 274, 25544.92, 67861, 65395
1695444800, 0, 0, 58, 0, 0, 26508.20, 2, 0, 0, 13.27, 428, 275, 25544.92, 67861, 65395
1695444801, 0, 0, 58, 0, 0, 26508.20, 2, 0, 0, 43.19, 435, 281, 25544.92, 67861, 65395
1695444813, 0, 0, 58, 0, 0, 26508.20, 2, 0, 0, 0.16, 437, 281, 25544.92, 67861, 65395
1695444814, 0, 0, 59, 0, 0, 26508.59, 2, 0, 0, 36.41, 443, 288, 25544.92, 67862, 65395
1695444814, 0, 0, 59, 0, 0, 26508.59, 2, 0, 0, 3.33, 444, 288, 25544.92, 67862, 65395
1695444814, 0, 0, 59, 0, 0, 26508.59, 2, 0, 0, 19.67, 448, 290, 25544.92, 67862, 65395
1695444834, 0, 0, 59, 0, 0, 26508.59, 2, 0, 0, 0.25, 451, 292, 25544.92, 67862, 65395
1695444835, 0, 0, 59, 0, 0, 26508.59, 2, 0, 0, 27.44, 458, 294, 25544.92, 67862, 65395
1695444850, 0, 0, 59, 0, 0, 26508.59, 2, 0, 0, 0.26, 460, 296, 25544.92, 67862, 65395
1695444868, 0, 0, 60, 0, 0, 26612.89, 2, 0, 0, 0.06, 461, 296, 25649.22, 68129, 65662
1695444887, 0, 0, 60, 0, 0, 26612.89, 2, 0, 0, 0.11, 462, 297, 25649.22, 68129, 65662
1695444904, 0, 0, 60, 0, 0, 26612.89, 2, 0, 0, 0.28, 467, 297, 25649.22, 68129, 65662
1695444904, 0, 0, 60, 0, 0, 26612.89, 2, 0, 0, 52.46, 477, 303, 25649.22, 68129, 65662
1695444921, 0, 0, 60, 0, 0, 26612.89, 2, 0, 0, 0.30, 481, 304, 25649.22, 68129, 65662
1695444921, 0, 0, 60, 0, 0, 26612.89, 2, 0, 0, 19.61, 486, 306, 25649.22, 68129, 65662
1695444922, 0, 0, 60, 0, 0, 26612.89, 2, 0, 0, 17.65, 489, 309, 25649.22, 68129, 65662
1695444922, 0, 0, 60, 0, 0, 26612.89, 2, 0, 0, 12.72, 493, 310, 25649.22, 68129, 65662
1695444945, 0, 0, 61, 0, 0, 26614.06, 2, 0, 0, 0.17, 495, 312, 25650.39, 68132, 65665
1695444945, 0, 0, 61, 0, 0, 26614.06, 2, 0, 0, 41.14, 500, 320, 25650.39, 68132, 65665
1695444964, 0, 0, 61, 0, 0, 26614.06, 2, 0, 0, 0.38, 503, 324, 25650.39, 68132, 65665
1695444977, 0, 0, 61, 0, 0, 26614.06, 2, 0, 0, 0.76, 508, 329, 25650.39, 68132, 65665
1695444995, 0, 0, 61, 0, 0, 26614.06, 2, 0, 0, 0.11, 510, 329, 25650.39, 68132, 65665
1695444996, 0, 0, 61, 0, 0, 26614.06, 2, 0, 0, 16.50, 514, 330, 25650.39, 68132, 65665
1695445009, 0, 0, 61, 0, 0, 26614.06, 2, 0, 0, 0.22, 516, 331, 25650.39, 68132, 65665
1695445028, 0, 0, 61, 0, 0, 26614.06, 2, 0, 0, 0.47, 523, 333, 25650.39, 68132, 65665
1695445029, 0, 0, 61, 0, 0, 26614.06, 2, 0, 0, 13.33, 526, 335, 25650.39, 68132, 65665
1695445041, 0, 0, 61, 0, 0, 26614.06, 3, 0, 0, 0.48, 529, 338, 25650.39, 68132, 65665
1695445060, 0, 0, 61, 0, 0, 26614.06, 3, 0, 0, 0.42, 535, 340, 25650.39, 68132, 65665
1695445060, 0, 0, 61, 0, 0, 26614.06, 3, 0, 0, 9.09, 538, 340, 25650.39, 68132, 65665
1695445061, 0, 0, 61, 0, 0, 26614.06, 3, 0, 0, 20.17, 541, 344, 25650.39, 68132, 65665
1695445083, 0, 0, 61, 0, 0, 26614.06, 3, 0, 0, 0.13, 542, 346, 25650.39, 68132, 65665
1695445084, 0, 0, 61, 0, 0, 26614.06, 3, 0, 0, 7.62, 546, 346, 25650.39, 68132, 65665
1695445084, 0, 0, 61, 0, 0, 26614.06, 3, 0, 0, 22.01, 548, 351, 25650.39, 68132, 65665
1695445105, 0, 0, 61, 0, 0, 26614.06, 3, 0, 0, 0.15, 551, 351, 25650.39, 68132, 65665
1695445105, 0, 0, 61, 0, 0, 26614.06, 3, 0, 0, 45.33, 561, 357, 25650.39, 68132, 65665
1695445120, 0, 0, 61, 0, 0, 26614.06, 3, 0, 0, 0.41, 564, 360, 25650.39, 68132, 65665
1695445120, 0, 0, 61, 0, 0, 26614.06, 3, 0, 0, 5.06, 565, 362, 25650.39, 68132, 65665
1695445137, 0, 0, 61, 0, 0, 26614.06, 3, 0, 0, 0.18, 567, 363, 25650.39, 68132, 65665
1695445155, 0, 0, 61, 0, 0, 26614.06, 3, 0, 0, 0.92, 572, 374, 25650.39, 68132, 65665
1695445174, 0, 0, 61, 0, 0, 26614.06, 3, 0, 0, 0.16, 574, 375, 25650.39, 68132, 65665
1695445186, 0, 0, 61, 0, 0, 26614.06, 3, 0, 0, 0.70, 581, 377, 25650.39, 68132, 65665
1695445207, 0, 0, 61, 0, 0, 26614.06, 3, 0, 0, 0.05, 582, 377, 25650.39, 68132, 65665
1695445224, 0, 0, 61, 0, 0, 26614.06, 3, 0, 0, 0.06, 583, 377, 25650.39, 68132, 65665
1695445224, 0, 0, 61, 0, 0, 26614.06, 3, 0, 0, 12.50, 585, 379, 25650.39, 68132, 65665
1695445242, 0, 0, 61, 0, 0, 26614.06, 3, 0, 0, 0.38, 590, 381, 25650.39, 68132, 65665
1695445257, 0, 0, 61, 0, 0, 26614.06, 3, 0, 0, 0.07, 591, 381, 25650.39, 68132, 65665
1695445279, 0, 0, 61, 0, 0, 26614.06, 3, 0, 0, 0.18, 594, 382, 25650.39, 68132, 65665
1695445299, 0, 0, 61, 0, 0, 26614.06, 3, 0, 0, 0.21, 598, 382, 25650.39, 68132, 65665
1695445299, 0, 0, 61, 0, 0, 26614.06, 3, 0, 0, 13.33, 600, 384, 25650.39, 68132, 65665
1695445299, 0, 0, 61, 0, 0, 26614.06, 3, 0, 0, 22.29, 602, 389, 25650.39, 68132, 65665
1695445300, 0, 0, 61, 0, 0, 26614.06, 3, 0, 0, 14.96, 606, 391, 25650.39, 68132, 65665
1695445313, 0, 0, 61, 0, 0, 26614.06, 3, 0, 0, 0.15, 608, 391, 25650.39, 68132, 65665
1695445343, 0, 0, 61, 0, 0, 26614.06, 3, 0, 0, 0.23, 614, 392, 25650.39, 68132, 65665
1695445364, 0, 0, 61, 0, 0, 26614.06, 3, 0, 0, 0.05, 615, 392, 25650.39, 68132, 65665
1695445378, 0, 0, 61, 0, 0, 26614.06, 3, 0, 0, 0.36, 619, 393, 25650.39, 68132, 65665
1695445378, 0, 0, 61, 0, 0, 26614.06, 3, 0, 0, 19.54, 623, 395, 25650.39, 68132, 65665
1695445397, 0, 0, 61, 0, 0, 26614.06, 3, 0, 0, 0.05, 624, 395, 25650.39, 68132, 65665
1695445411, 0, 0, 61, 0, 0, 26614.06, 3, 0, 0, 0.15, 625, 396, 25650.39, 68132, 65665
1695445429, 0, 0, 61, 0, 0, 26614.06, 3, 0, 0, 0.11, 627, 396, 25650.39, 68132, 65665
1695445443, 0, 0, 62, 0, 0, 26614.84, 3, 0, 0, 0.21, 629, 397, 25651.17, 68134, 65667
1695445444, 0, 0, 62, 0, 0, 26614.84, 3, 0, 0, 39.34, 634, 404, 25651.17, 68134, 65667
1695445444, 0, 0, 62, 0, 0, 26614.84, 3, 0, 0, 37.46, 640, 411, 25651.17, 68134, 65667
1695445463, 0, 0, 62, 0, 0, 26614.84, 3, 0, 0, 0.10, 641, 412, 25651.17, 68134, 65667
1695445463, 0, 0, 62, 0, 0, 26614.84, 3, 0, 0, 24.77, 646, 415, 25651.17, 68134, 65667
1695445476, 0, 0, 62, 0, 0, 26614.84, 3, 0, 0, 0.39, 649, 417, 25651.17, 68134, 65667
1695445495, 0, 0, 63, 0, 0, 26615.63, 3, 0, 0, 0.11, 650, 418, 25651.17, 68136, 65667
1695445495, 0, 0, 63, 0, 0, 26615.63, 3, 0, 0, 21.94, 654, 421, 25651.17, 68136, 65667
1695445508, 0, 0, 63, 0, 0, 26615.63, 3, 0, 0, 0.22, 656, 422, 25651.17, 68136, 65667
1695445529, 0, 0, 63, 0, 0, 26615.63, 3, 0, 0, 0.29, 661, 423, 25651.17, 68136, 65667
1695445543, 0, 0, 63, 0, 0, 26615.63, 3, 0, 0, 0.07, 662, 423, 25651.17, 68136, 65667
1695445544, 0, 0, 63, 0, 0, 26615.63, 3, 0, 0, 37.50, 669, 428, 25651.17, 68136, 65667
1695445563, 0, 0, 63, 0, 0, 26615.63, 3, 0, 0, 0.05, 670, 428, 25651.17, 68136, 65667
1695445563, 0, 0, 63, 0, 0, 26615.63, 3, 0, 0, 6.39, 671, 429, 25651.17, 68136, 65667
1695445577, 0, 0, 63, 0, 0, 26615.63, 3, 0, 0, 0.36, 675, 430, 25651.17, 68136, 65667
1695445627, 0, 0, 63, 0, 0, 26615.63, 3, 0, 0, 0.14, 679, 433, 25651.17, 68136, 65667
1695445646, 0, 0, 63, 0, 0, 26615.63, 3, 0, 0, 0.21, 681, 435, 25651.17, 68136, 65667
1695445658, 0, 0, 63, 0, 0, 26615.63, 3, 0, 0, 0.17, 682, 436, 25651.17, 68136, 65667
1695445685, 0, 0, 63, 0, 0, 26615.63, 3, 0, 0, 0.22, 684, 440, 25651.17, 68136, 65667
1695445697, 0, 0, 63, 0, 0, 26615.63, 3, 0, 0, 0.26, 685, 442, 25651.17, 68136, 65667
1695445716, 0, 0, 63, 0, 0, 26615.63, 3, 0, 0, 0.26, 690, 442, 25651.17, 68136, 65667
1695445730, 0, 0, 63, 0, 0, 26615.63, 3, 0, 0, 0.76, 695, 447, 25651.17, 68136, 65667
1695445749, 0, 0, 63, 0, 0, 26615.63, 3, 0, 0, 0.05, 696, 447, 25651.17, 68136, 65667
1695445749, 0, 0, 63, 0, 0, 26615.63, 3, 0, 0, 12.99, 699, 448, 25651.17, 68136, 65667
1695445762, 0, 0, 63, 0, 0, 26615.63, 3, 0, 0, 0.46, 703, 450, 25651.17, 68136, 65667
1695445763, 0, 0, 63, 0, 0, 26615.63, 3, 0, 0, 13.03, 707, 450, 25651.17, 68136, 65667
1695445775, 0, 0, 63, 0, 0, 26615.63, 3, 0, 0, 0.16, 709, 450, 25651.17, 68136, 65667
1695445776, 0, 0, 63, 0, 0, 26615.63, 3, 0, 0, 9.37, 712, 451, 25651.17, 68136, 65667
1695445776, 0, 0, 63, 0, 0, 26615.63, 3, 0, 0, 22.73, 717, 453, 25651.17, 68136, 65667
1695445776, 0, 0, 63, 0, 0, 26615.63, 3, 0, 0, 25.40, 723, 455, 25651.17, 68136, 65667
1695445777, 0, 0, 63, 0, 0, 26615.63, 3, 0, 0, 19.80, 726, 458, 25651.17, 68136, 65667
1695445777, 0, 0, 63, 0, 0, 26615.63, 3, 0, 0, 19.23, 729, 461, 25651.17, 68136, 65667
1695445777, 0, 0, 63, 0, 0, 26615.63, 3, 0, 0, 11.34, 733, 462, 25651.17, 68136, 65667
1695445778, 0, 0, 63, 0, 0, 26615.63, 3, 0, 0, 4.69, 735, 462, 25651.17, 68136, 65667
1695445778, 0, 0, 63, 0, 0, 26615.63, 3, 0, 0, 8.77, 738, 462, 25651.17, 68136, 65667
1695445796, 0, 0, 63, 0, 0, 26615.63, 3, 0, 0, 0.06, 739, 462, 25651.17, 68136, 65667
1695445811, 0, 0, 63, 0, 0, 26615.63, 3, 0, 0, 0.26, 742, 463, 25651.17, 68136, 65667
1695445812, 0, 0, 63, 0, 0, 26615.63, 3, 0, 0, 8.46, 744, 466, 25651.17, 68136, 65667
1695445812, 0, 0, 63, 0, 0, 26615.63, 3, 0, 0, 12.54, 747, 467, 25651.17, 68136, 65667
1695445813, 0, 0, 63, 0, 0, 26615.63, 3, 0, 0, 15.20, 750, 469, 25651.17, 68136, 65667
1695445813, 0, 0, 63, 0, 0, 26615.63, 3, 0, 0, 14.04, 751, 473, 25651.17, 68136, 65667
1695445813, 0, 0, 63, 0, 0, 26615.63, 3, 0, 0, 24.10, 754, 478, 25651.17, 68136, 65667
1695445831, 0, 0, 63, 0, 0, 26615.63, 3, 0, 0, 0.17, 756, 479, 25651.17, 68136, 65667
1695445846, 0, 0, 63, 0, 0, 26615.63, 3, 0, 0, 0.46, 760, 482, 25651.17, 68136, 65667
1695445847, 0, 0, 63, 0, 0, 26615.63, 3, 0, 0, 5.22, 761, 483, 25651.17, 68136, 65667
1695445867, 0, 0, 64, 0, 0, 26616.02, 3, 0, 0, 0.10, 763, 483, 25651.56, 68137, 65668
1695445884, 0, 0, 64, 0, 0, 26616.02, 3, 0, 0, 0.37, 767, 485, 25651.56, 68137, 65668
1695445884, 0, 0, 64, 0, 0, 26616.02, 3, 0, 0, 5.73, 768, 486, 25651.56, 68137, 65668
1695445905, 0, 0, 64, 0, 0, 26616.02, 3, 0, 0, 0.14, 770, 487, 25651.56, 68137, 65668
1695445924, 0, 0, 64, 0, 0, 26616.02, 3, 0, 0, 0.42, 775, 490, 25651.56, 68137, 65668
1695445925, 0, 0, 64, 0, 0, 26616.02, 3, 0, 0, 7.16, 777, 491, 25651.56, 68137, 65668
1695445925, 0, 0, 64, 0, 0, 26616.02, 3, 0, 0, 15.92, 778, 495, 25651.56, 68137, 65668
1695445925, 0, 0, 64, 0, 0, 26616.02, 3, 0, 0, 9.87, 780, 496, 25651.56, 68137, 65668
1695445938, 0, 0, 64, 0, 0, 26616.02, 3, 0, 0, 0.08, 780, 497, 25651.56, 68137, 65668
1695445939, 0, 0, 64, 0, 0, 26616.02, 3, 0, 0, 23.05, 784, 501, 25651.56, 68137, 65668
1695445958, 0, 0, 64, 0, 0, 26616.02, 3, 0, 0, 0.05, 785, 501, 25651.56, 68137, 65668
1695445973, 0, 0, 64, 0, 0, 26616.02, 3, 0, 0, 0.27, 788, 502, 25651.56, 68137, 65668
1695446002, 0, 0, 64, 0, 0, 26616.02, 3, 0, 0, 0.10, 791, 502, 25651.56, 68137, 65668
1695446016, 0, 0, 64, 0, 0, 26616.02, 3, 0, 0, 0.14, 792, 503, 25651.56, 68137, 65668
1695446016, 0, 0, 64, 0, 0, 26616.02, 3, 0, 0, 19.44, 797, 505, 25651.56, 68137, 65668
1695446017, 0, 0, 64, 0, 0, 26616.02, 3, 0, 0, 16.08, 799, 508, 25651.56, 68137, 65668
1695446038, 0, 0, 64, 0, 0, 26616.02, 3, 0, 0, 0.34, 803, 511, 25651.56, 68137, 65668
1695446038, 0, 0, 64, 0, 0, 26616.02, 3, 0, 0, 24.33, 810, 514, 25651.56, 68137, 65668
1695446038, 0, 0, 64, 0, 0, 26616.02, 3, 0, 0, 26.49, 813, 519, 25651.56, 68137, 65668
1695446039, 0, 0, 64, 0, 0, 26616.02, 3, 0, 0, 16.00, 818, 520, 25651.56, 68137, 65668
1695446039, 0, 0, 64, 0, 0, 26616.02, 3, 0, 0, 18.42, 822, 523, 25651.56, 68137, 65668
1695446056, 0, 0, 64, 0, 0, 26616.02, 3, 0, 0, 0.34, 825, 526, 25651.56, 68137, 65668
1695446057, 0, 0, 64, 0, 0, 26616.02, 3, 0, 0, 5.18, 827, 526, 25651.56, 68137, 65668
1695446078, 0, 0, 64, 0, 0, 26616.02, 3, 0, 0, 0.05, 828, 526, 25651.56, 68137, 65668
1695446093, 0, 0, 64, 0, 0, 26616.02, 3, 0, 0, 0.21, 831, 526, 25651.56, 68137, 65668
1695446093, 0, 0, 64, 0, 0, 26616.02, 3, 0, 0, 15.92, 833, 529, 25651.56, 68137, 65668
1695446094, 0, 0, 64, 0, 0, 26616.02, 3, 0, 0, 12.58, 835, 531, 25651.56, 68137, 65668
1695446094, 0, 0, 64, 0, 0, 26616.02, 3, 0, 0, 11.40, 838, 532, 25651.56, 68137, 65668
1695446094, 0, 0, 64, 0, 0, 26616.02, 3, 0, 0, 9.12, 839, 534, 25651.56, 68137, 65668
1695446095, 0, 0, 64, 0, 0, 26616.02, 3, 0, 0, 1.91, 840, 534, 25651.56, 68137, 65668
1695446095, 0, 0, 64, 0, 0, 26616.02, 3, 0, 0, 10.50, 842, 536, 25651.56, 68137, 65668
1695446115, 0, 0, 64, 0, 0, 26616.02, 3, 0, 0, 0.15, 844, 537, 25651.56, 68137, 65668
1695446129, 0, 0, 64, 0, 0, 26616.02, 3, 0, 0, 0.07, 844, 538, 25651.56, 68137, 65668
1695446147, 0, 0, 64, 0, 0, 26616.02, 3, 0, 0, 0.22, 845, 541, 25651.56, 68137, 65668
1695446164, 0, 0, 64, 0, 0, 26616.02, 3, 0, 0, 0.18, 847, 542, 25651.56, 68137, 65668
1695446164, 0, 0, 64, 0, 0, 26616.02, 3, 0, 0, 4.45, 849, 542, 25651.56, 68137, 65668
1695446185, 0, 0, 64, 0, 0, 26616.02, 3, 0, 0, 0.05, 850, 542, 25651.56, 68137, 65668
1695446186, 0, 0, 64, 0, 0, 26616.02, 3, 0, 0, 14.53, 854, 544, 25651.56, 68137, 65668
1695446207, 0, 0, 64, 0, 0, 26616.02, 3, 0, 0, 0.09, 856, 544, 25651.56, 68137, 65668
1695446221, 0, 0, 64, 0, 0, 26616.02, 3, 0, 0, 0.14, 858, 544, 25651.56, 68137, 65668
1695446221, 0, 0, 64, 0, 0, 26616.02, 3, 0, 0, 24.77, 864, 546, 25651.56, 68137, 65668
1695446222, 0, 0, 64, 0, 0, 26616.02, 3, 0, 0, 16.77, 869, 549, 25651.56, 68137, 65668
1695446243, 0, 0, 64, 0, 0, 26616.02, 3, 0, 0, 0.19, 873, 549, 25651.56, 68137, 65668
1695446256, 0, 0, 64, 0, 0, 26616.02, 3, 0, 0, 0.07, 874, 549, 25651.56, 68137, 65668
1695446256, 0, 0, 64, 0, 0, 26616.02, 3, 0, 0, 18.52, 878, 551, 25651.56, 68137, 65668
1695446274, 0, 0, 64, 0, 0, 26616.02, 3, 0, 0, 0.23, 882, 551, 25651.56, 68137, 65668
1695446275, 0, 0, 64, 0, 0, 26616.02, 3, 0, 0, 9.06, 883, 553, 25651.56, 68137, 65668
1695446275, 0, 0, 64, 0, 0, 26616.02, 3, 0, 0, 9.58, 885, 554, 25651.56, 68137, 65668
1695446275, 0, 0, 64, 0, 0, 26616.02, 3, 0, 0, 2.93, 886, 554, 25651.56, 68137, 65668
1695446289, 0, 0, 64, 0, 0, 26616.02, 3, 0, 0, 0.07, 887, 554, 25651.56, 68137, 65668
1695446313, 0, 0, 64, 0, 0, 26616.02, 3, 0, 0, 0.12, 889, 555, 25651.56, 68137, 65668
1695446314, 0, 0, 64, 0, 0, 26616.02, 3, 0, 0, 19.18, 890, 561, 25651.56, 68137, 65668
1695446326, 0, 0, 64, 0, 0, 26616.02, 3, 0, 0, 0.32, 893, 562, 25651.56, 68137, 65668
1695446345, 0, 0, 64, 0, 0, 26616.02, 3, 0, 0, 0.11, 894, 563, 25651.56, 68137, 65668
1695446345, 0, 0, 64, 0, 0, 26616.02, 3, 0, 0, 12.46, 896, 565, 25651.56, 68137, 65668
1695446345, 0, 0, 64, 0, 0, 26616.02, 3, 0, 0, 12.86, 899, 566, 25651.56, 68137, 65668
1695446361, 0, 0, 64, 0, 0, 26616.02, 3, 0, 0, 0.32, 902, 568, 25651.56, 68137, 65668
1695446362, 0, 0, 64, 0, 0, 26616.02, 3, 0, 0, 6.65, 904, 569, 25651.56, 68137, 65668
1695446381, 0, 0, 64, 0, 0, 26616.02, 3, 0, 0, 0.05, 905, 569, 25651.56, 68137, 65668
1695446394, 0, 0, 64, 0, 0, 26616.02, 3, 0, 0, 0.08, 906, 569, 25651.56, 68137, 65668
1695446413, 0, 0, 64, 0, 0, 26616.02, 3, 0, 0, 0.32, 909, 572, 25651.56, 68137, 65668
1695446413, 0, 0, 64, 0, 0, 26616.02, 3, 0, 0, 6.37, 911, 572, 25651.56, 68137, 65668
1695446427, 0, 0, 64, 0, 0, 26616.02, 3, 0, 0, 0.07, 912, 572, 25651.56, 68137, 65668
1695446427, 0, 0, 64, 0, 0, 26616.02, 3, 0, 0, 22.80, 916, 575, 25651.56, 68137, 65668
1695446449, 0, 0, 64, 0, 0, 26616.02, 3, 0, 0, 0.14, 919, 575, 25651.56, 68137, 65668
1695446450, 0, 0, 64, 0, 0, 26616.02, 3, 0, 0, 5.28, 921, 576, 25651.56, 68137, 65668
1695446463, 0, 0, 64, 0, 0, 26616.02, 3, 0, 0, 0.29, 923, 578, 25651.56, 68137, 65668
1695446464, 0, 0, 64, 0, 0, 26616.02, 3, 0, 0, 11.49, 926, 579, 25651.56, 68137, 65668
1695446484, 0, 0, 64, 0, 0, 26616.02, 3, 0, 0, 0.10, 927, 580, 25651.56, 68137, 65668
1695446484, 0, 0, 64, 0, 0, 26616.02, 3, 0, 0, 9.71, 929, 581, 25651.56, 68137, 65668
1695446484, 0, 0, 64, 0, 0, 26616.02, 3, 0, 0, 13.16, 932, 582, 25651.56, 68137, 65668
1695446503, 0, 0, 65, 0, 0, 26617.19, 3, 0, 0, 0.11, 934, 582, 25652.73, 68140, 65671
1695446522, 0, 0, 65, 0, 0, 26617.19, 3, 0, 0, 0.10, 935, 583, 25652.73, 68140, 65671
1695446522, 0, 0, 65, 0, 0, 26617.19, 3, 0, 0, 29.41, 939, 588, 25652.73, 68140, 65671
1695446536, 0, 0, 65, 0, 0, 26617.19, 3, 0, 0, 0.15, 941, 588, 25652.73, 68140, 65671
1695446555, 0, 0, 65, 0, 0, 26617.19, 4, 0, 0, 0.05, 941, 589, 25652.73, 68140, 65671
1695446586, 0, 0, 65, 0, 0, 26617.19, 4, 0, 0, 0.13, 944, 590, 25652.73, 68140, 65671
1695446587, 0, 0, 65, 0, 0, 26617.19, 4, 0, 0, 9.26, 948, 591, 25652.73, 68140, 65671
1695446587, 0, 0, 65, 0, 0, 26617.19, 4, 0, 0, 13.16, 950, 593, 25652.73, 68140, 65671
1695446602, 0, 0, 65, 0, 0, 26617.19, 4, 0, 0, 0.13, 952, 593, 25652.73, 68140, 65671
1695446603, 0, 0, 65, 0, 0, 26617.19, 4, 0, 0, 11.88, 955, 595, 25652.73, 68140, 65671
1695446622, 0, 0, 65, 0, 0, 26617.19, 4, 0, 0, 0.21, 957, 597, 25652.73, 68140, 65671
1695446636, 0, 0, 65, 0, 0, 26617.19, 4, 0, 0, 0.21, 959, 598, 25652.73, 68140, 65671
1695446637, 0, 0, 65, 0, 0, 26617.19, 4, 0, 0, 14.74, 964, 599, 25652.73, 68140, 65671
1695446637, 0, 0, 65, 0, 0, 26617.19, 4, 0, 0, 9.55, 967, 599, 25652.73, 68140, 65671
1695446657, 0, 0, 65, 0, 0, 26617.19, 4, 0, 0, 0.30, 970, 602, 25652.73, 68140, 65671
1695446670, 0, 0, 65, 0, 0, 26617.19, 4, 0, 0, 0.30, 972, 604, 25652.73, 68140, 65671
1695446694, 0, 0, 65, 0, 0, 26617.19, 4, 0, 0, 0.08, 973, 605, 25652.73, 68140, 65671
1695446694, 0, 0, 65, 0, 0, 26617.19, 4, 0, 0, 9.87, 976, 605, 25652.73, 68140, 65671
1695446694, 0, 0, 65, 0, 0, 26617.19, 4, 0, 0, 17.77, 981, 607, 25652.73, 68140, 65671
1695446707, 0, 0, 65, 0, 0, 26617.19, 4, 0, 0, 0.32, 984, 608, 25652.73, 68140, 65671
1695446721, 0, 0, 65, 0, 0, 26617.19, 4, 0, 0, 0.07, 985, 608, 25652.73, 68140, 65671
1695446721, 0, 0, 65, 0, 0, 26617.19, 4, 0, 0, 7.32, 987, 609, 25652.73, 68140, 65671
1695446721, 0, 0, 65, 0, 0, 26617.19, 4, 0, 0, 20.00, 991, 612, 25652.73, 68140, 65671
1695446744, 0, 0, 65, 0, 0, 26617.19, 4, 0, 0, 0.22, 995, 613, 25652.73, 68140, 65671
1695446757, 0, 0, 65, 0, 0, 26617.19, 4, 0, 0, 0.31, 997, 615, 25652.73, 68140, 65671
1695446757, 0, 0, 65, 0, 0, 26617.19, 4, 0, 0, 13.11, 1000, 616, 25652.73, 68140, 65671
1695446781, 0, 0, 65, 0, 0, 26617.19, 4, 0, 0, 0.04, 1001, 616, 25652.73, 68140, 65671
1695446814, 0, 0, 65, 0, 0, 26617.19, 4, 0, 0, 0.06, 1003, 616, 25652.73, 68140, 65671
1695446814, 0, 0, 65, 0, 0, 26617.19, 4, 0, 0, 12.38, 1005, 618, 25652.73, 68140, 65671
1695446827, 0, 0, 65, 0, 0, 26617.19, 4, 0, 0, 0.31, 1008, 619, 25652.73, 68140, 65671
1695446827, 0, 0, 65, 0, 0, 26617.19, 4, 0, 0, 7.65, 1010, 620, 25652.73, 68140, 65671
1695446828, 0, 0, 65, 0, 0, 26617.19, 4, 0, 0, 9.55, 1011, 622, 25652.73, 68140, 65671
1695446828, 0, 0, 65, 0, 0, 26617.19, 4, 0, 0, 7.50, 1013, 624, 25652.73, 68140, 65671
1695446829, 0, 0, 65, 0, 0, 26617.19, 4, 0, 0, 13.29, 1016, 625, 25652.73, 68140, 65671
1695446829, 0, 0, 65, 0, 0, 26617.19, 4, 0, 0, 6.60, 1018, 625, 25652.73, 68140, 65671
1695446829, 0, 0, 65, 0, 0, 26617.19, 4, 0, 0, 5.17, 1019, 626, 25652.73, 68140, 65671
1695446851, 0, 0, 65, 0, 0, 26617.19, 4, 0, 0, 0.09, 1021, 626, 25652.73, 68140, 65671
1695446868, 0, 0, 65, 0, 0, 26617.19, 4, 0, 0, 0.22, 1023, 628, 25652.73, 68140, 65671
1695446869, 0, 0, 65, 0, 0, 26617.19, 4, 0, 0, 2.36, 1024, 628, 25652.73, 68140, 65671
1695446887, 0, 0, 65, 0, 0, 26617.19, 4, 0, 0, 0.05, 1025, 628, 25652.73, 68140, 65671
1695446903, 0, 0, 65, 0, 0, 26617.19, 4, 0, 0, 0.06, 1026, 628, 25652.73, 68140, 65671
1695446903, 0, 0, 65, 0, 0, 26617.19, 4, 0, 0, 7.23, 1029, 628, 25652.73, 68140, 65671
1695446937, 0, 0, 65, 0, 0, 26617.19, 4, 0, 0, 0.06, 1030, 629, 25652.73, 68140, 65671
1695446937, 0, 0, 65, 0, 0, 26617.19, 4, 0, 0, 18.52, 1035, 630, 25652.73, 68140, 65671
1695446970, 0, 0, 65, 0, 0, 26617.19, 4, 0, 0, 0.06, 1037, 630, 25652.73, 68140, 65671
1695447006, 0, 0, 66, 0, 0, 26617.97, 4, 0, 0, 0.03, 1038, 630, 25653.52, 68142, 65673
1695447027, 0, 0, 67, 0, 0, 26618.36, 4, 0, 0, 0.10, 1040, 630, 25653.91, 68143, 65674
1695447027, 0, 0, 67, 0, 0, 26618.36, 4, 0, 0, 8.66, 1042, 632, 25653.91, 68143, 65674
1695447042, 0, 0, 67, 0, 0, 26618.36, 4, 0, 0, 0.20, 1044, 633, 25653.91, 68143, 65674
1695447060, 0, 0, 67, 0, 0, 26618.36, 4, 0, 0, 0.06, 1045, 633, 25653.91, 68143, 65674
1695447077, 0, 0, 67, 0, 0, 26618.36, 4, 0, 0, 0.18, 1047, 634, 25653.91, 68143, 65674
1695447102, 0, 0, 67, 0, 0, 26618.36, 4, 0, 0, 0.12, 1049, 635, 25653.91, 68143, 65674
1695447102, 0, 0, 67, 0, 0, 26618.36, 4, 0, 0, 0.00, 1049, 635, 25653.91, 68143, 65674
