# unix_time, cycles_done, cur_path, paths_total, pending_total, pending_favs, map_size, unique_crashes, unique_hangs, max_depth, execs_per_sec, valid_inputs, invalid_inputs, valid_cov, all_covered_probes, valid_covered_probes
1694939804, 0, 0, 1, 0, 0, 981.25, 0, 0, 0, 0.47, 0, 1, 0.00, 2512, 0
1694939818, 0, 0, 4, 0, 0, 1078.52, 1, 0, 0, 0.35, 1, 5, 461.33, 2761, 1181
1694939818, 0, 0, 5, 0, 0, 1438.67, 1, 0, 0, 1.99, 2, 5, 917.97, 3683, 2350
1694939828, 0, 0, 7, 0, 0, 6419.53, 1, 0, 0, 0.41, 6, 5, 5918.36, 16434, 15151
1694939828, 0, 0, 11, 0, 0, 6455.47, 1, 0, 0, 15.24, 10, 6, 5930.08, 16526, 15181
1694939835, 0, 0, 12, 0, 0, 6578.52, 1, 0, 0, 0.16, 11, 6, 6053.13, 16841, 15496
1694939835, 0, 0, 15, 0, 0, 6583.20, 1, 0, 0, 37.79, 21, 9, 6053.52, 16853, 15497
1694939841, 0, 0, 20, 0, 0, 6662.11, 1, 0, 0, 2.77, 29, 18, 6058.20, 17055, 15509
1694939842, 0, 0, 20, 0, 0, 6662.11, 1, 0, 0, 23.04, 32, 25, 6058.20, 17055, 15509
1694939855, 0, 0, 21, 0, 0, 6675.78, 1, 0, 0, 0.29, 35, 26, 6071.88, 17090, 15544
1694939863, 0, 0, 22, 0, 0, 6676.17, 1, 0, 0, 1.06, 42, 27, 6072.27, 17091, 15545
1694939867, 0, 0, 22, 0, 0, 6676.17, 1, 0, 0, 0.69, 45, 27, 6072.27, 17091, 15545
1694939874, 0, 0, 22, 0, 0, 6676.17, 1, 0, 0, 1.21, 51, 30, 6072.27, 17091, 15545
1694939896, 0, 0, 23, 0, 0, 6678.91, 1, 0, 0, 0.51, 55, 37, 6072.27, 17098, 15545
1694939901, 0, 0, 24, 0, 0, 6685.55, 1, 0, 0, 1.59, 58, 42, 6078.91, 17115, 15562
1694939909, 0, 0, 24, 0, 0, 6685.55, 1, 0, 0, 0.24, 60, 42, 6078.91, 17115, 15562
1694939915, 0, 0, 24, 0, 0, 6685.55, 1, 0, 0, 1.36, 65, 44, 6078.91, 17115, 15562
1694939920, 0, 0, 25, 0, 0, 6692.19, 1, 0, 0, 0.55, 67, 45, 6085.55, 17132, 15579
1694939925, 0, 0, 26, 0, 0, 6692.58, 1, 0, 0, 2.73, 78, 48, 6085.94, 17133, 15580
1694939930, 0, 0, 26, 0, 0, 6692.58, 1, 0, 0, 1.97, 84, 51, 6085.94, 17133, 15580
1694939935, 0, 0, 26, 0, 0, 6692.58, 1, 0, 0, 1.32, 90, 52, 6085.94, 17133, 15580
1694939940, 0, 0, 27, 0, 0, 6719.53, 1, 0, 0, 1.71, 95, 56, 6112.89, 17202, 15649
1694939941, 0, 0, 27, 0, 0, 6719.53, 1, 0, 0, 12.46, 97, 58, 6112.89, 17202, 15649
1694939950, 0, 0, 28, 0, 0, 6757.81, 1, 0, 0, 2.93, 113, 70, 6151.17, 17300, 15747
1694939965, 0, 0, 29, 0, 0, 6760.94, 1, 0, 0, 0.13, 114, 71, 6154.30, 17308, 15755
1694939969, 0, 0, 30, 0, 0, 6767.58, 1, 0, 0, 1.54, 117, 74, 6160.94, 17325, 15772
1694939974, 0, 0, 30, 0, 0, 6767.58, 1, 0, 0, 1.85, 122, 78, 6160.94, 17325, 15772
1694939983, 0, 0, 30, 0, 0, 6767.58, 1, 0, 0, 0.24, 124, 78, 6160.94, 17325, 15772
1694939996, 0, 0, 30, 0, 0, 6767.58, 1, 0, 0, 1.03, 131, 85, 6160.94, 17325, 15772
1694939999, 0, 0, 30, 0, 0, 6767.58, 1, 0, 0, 4.04, 135, 93, 6160.94, 17325, 15772
1694939999, 0, 0, 30, 0, 0, 6767.58, 1, 0, 0, 50.75, 147, 98, 6160.94, 17325, 15772
1694940003, 0, 0, 30, 0, 0, 6767.58, 1, 0, 0, 3.92, 154, 104, 6160.94, 17325, 15772
1694940007, 0, 0, 30, 0, 0, 6767.58, 1, 0, 0, 1.69, 157, 108, 6160.94, 17325, 15772
1694940028, 0, 0, 30, 0, 0, 6767.58, 1, 0, 0, 0.10, 158, 109, 6160.94, 17325, 15772
1694940043, 0, 0, 30, 0, 0, 6767.58, 1, 0, 0, 0.44, 163, 111, 6160.94, 17325, 15772
1694940048, 0, 0, 30, 0, 0, 6767.58, 1, 0, 0, 2.61, 170, 116, 6160.94, 17325, 15772
1694940052, 0, 0, 30, 0, 0, 6767.58, 1, 0, 0, 1.26, 173, 118, 6160.94, 17325, 15772
1694940056, 0, 0, 30, 0, 0, 6767.58, 1, 0, 0, 3.16, 182, 122, 6160.94, 17325, 15772
1694940061, 0, 0, 30, 0, 0, 6767.58, 1, 0, 0, 0.19, 183, 122, 6160.94, 17325, 15772
1694940066, 0, 0, 30, 0, 0, 6767.58, 1, 0, 0, 0.44, 184, 123, 6160.94, 17325, 15772
1694940070, 0, 0, 30, 0, 0, 6767.58, 1, 0, 0, 0.25, 185, 123, 6160.94, 17325, 15772
1694940074, 0, 0, 30, 0, 0, 6767.58, 1, 0, 0, 1.33, 188, 125, 6160.94, 17325, 15772
1694940077, 0, 0, 30, 0, 0, 6767.58, 1, 0, 0, 1.67, 191, 128, 6160.94, 17325, 15772
1694940081, 0, 0, 30, 0, 0, 6767.58, 1, 0, 0, 0.85, 193, 129, 6160.94, 17325, 15772
1694940084, 0, 0, 30, 0, 0, 6767.58, 1, 0, 0, 0.88, 194, 131, 6160.94, 17325, 15772
1694940088, 0, 0, 30, 0, 0, 6767.58, 1, 0, 0, 2.29, 197, 137, 6160.94, 17325, 15772
1694940091, 0, 0, 30, 0, 0, 6767.58, 1, 0, 0, 0.92, 200, 137, 6160.94, 17325, 15772
1694940096, 0, 0, 31, 0, 0, 6773.05, 1, 0, 0, 0.86, 204, 137, 6166.41, 17339, 15786
1694940102, 0, 0, 31, 0, 0, 6773.05, 1, 0, 0, 0.72, 207, 138, 6166.41, 17339, 15786
1694940105, 0, 0, 31, 0, 0, 6773.05, 1, 0, 0, 2.53, 211, 142, 6166.41, 17339, 15786
1694940108, 0, 0, 31, 0, 0, 6773.05, 1, 0, 0, 3.15, 217, 147, 6166.41, 17339, 15786
1694940112, 0, 0, 31, 0, 0, 6773.05, 1, 0, 0, 1.79, 220, 150, 6166.41, 17339, 15786
1694940116, 0, 0, 31, 0, 0, 6773.05, 1, 0, 0, 1.44, 225, 152, 6166.41, 17339, 15786
1694940121, 0, 0, 32, 0, 0, 6789.45, 1, 0, 0, 0.71, 228, 152, 6182.81, 17381, 15828
1694940127, 0, 0, 32, 0, 0, 6789.45, 1, 0, 0, 2.01, 237, 156, 6182.81, 17381, 15828
1694940131, 0, 0, 32, 0, 0, 6789.45, 1, 0, 0, 0.99, 241, 156, 6182.81, 17381, 15828
1694940147, 0, 0, 32, 0, 0, 6789.45, 1, 0, 0, 0.32, 243, 159, 6182.81, 17381, 15828
1694940150, 0, 0, 32, 0, 0, 6789.45, 2, 0, 0, 1.38, 246, 160, 6182.81, 17381, 15828
1694940150, 0, 0, 33, 0, 0, 6790.23, 2, 0, 0, 13.57, 250, 165, 6182.81, 17383, 15828
1694940154, 0, 0, 33, 0, 0, 6790.23, 2, 0, 0, 0.48, 251, 166, 6182.81, 17383, 15828
1694940159, 0, 0, 33, 0, 0, 6790.23, 2, 0, 0, 0.63, 254, 166, 6182.81, 17383, 15828
1694940179, 0, 0, 33, 0, 0, 6790.23, 2, 0, 0, 1.10, 267, 175, 6182.81, 17383, 15828
1694940183, 0, 0, 33, 0, 0, 6790.23, 2, 0, 0, 5.91, 279, 184, 6182.81, 17383, 15828
1694940187, 0, 0, 33, 0, 0, 6790.23, 2, 0, 0, 1.11, 284, 184, 6182.81, 17383, 15828
1694940191, 0, 0, 33, 0, 0, 6790.23, 2, 0, 0, 0.91, 285, 186, 6182.81, 17383, 15828
1694940198, 0, 0, 33, 0, 0, 6790.23, 2, 0, 0, 0.14, 286, 186, 6182.81, 17383, 15828
1694940203, 0, 0, 33, 0, 0, 6790.23, 2, 0, 0, 3.22, 291, 197, 6182.81, 17383, 15828
1694940207, 0, 0, 33, 0, 0, 6790.23, 2, 0, 0, 0.69, 294, 197, 6182.81, 17383, 15828
1694940220, 0, 0, 33, 0, 0, 6790.23, 2, 0, 0, 0.08, 295, 197, 6182.81, 17383, 15828
1694940224, 0, 0, 33, 0, 0, 6790.23, 2, 0, 0, 4.92, 308, 203, 6182.81, 17383, 15828
1694940227, 0, 0, 33, 0, 0, 6790.23, 2, 0, 0, 1.18, 312, 203, 6182.81, 17383, 15828
1694940231, 0, 0, 33, 0, 0, 6790.23, 2, 0, 0, 1.04, 314, 205, 6182.81, 17383, 15828
1694940234, 0, 0, 33, 0, 0, 6790.23, 2, 0, 0, 1.41, 318, 206, 6182.81, 17383, 15828
1694940235, 0, 0, 33, 0, 0, 6790.23, 2, 0, 0, 62.91, 327, 216, 6182.81, 17383, 15828
1694940239, 0, 0, 33, 0, 0, 6790.23, 2, 0, 0, 0.22, 328, 216, 6182.81, 17383, 15828
1694940243, 0, 0, 33, 0, 0, 6790.23, 2, 0, 0, 3.22, 335, 221, 6182.81, 17383, 15828
1694940246, 0, 0, 33, 0, 0, 6790.23, 2, 0, 0, 2.00, 338, 225, 6182.81, 17383, 15828
1694940250, 0, 0, 33, 0, 0, 6790.23, 2, 0, 0, 1.92, 342, 228, 6182.81, 17383, 15828
1694940253, 0, 0, 33, 0, 0, 6790.23, 2, 0, 0, 0.32, 343, 228, 6182.81, 17383, 15828
1694940258, 0, 0, 33, 0, 0, 6790.23, 2, 0, 0, 0.43, 344, 229, 6182.81, 17383, 15828
1694940262, 0, 0, 33, 0, 0, 6790.23, 2, 0, 0, 3.28, 352, 236, 6182.81, 17383, 15828
1694940267, 0, 0, 33, 0, 0, 6790.23, 2, 0, 0, 0.23, 353, 236, 6182.81, 17383, 15828
1694940271, 0, 0, 33, 0, 0, 6790.23, 2, 0, 0, 1.47, 357, 239, 6182.81, 17383, 15828
1694940275, 0, 0, 33, 0, 0, 6790.23, 3, 0, 0, 3.16, 360, 246, 6182.81, 17383, 15828
1694940275, 0, 0, 33, 0, 0, 6790.23, 3, 0, 0, 3.18, 360, 247, 6182.81, 17383, 15828
1694940281, 0, 0, 33, 0, 0, 6790.23, 3, 0, 0, 1.29, 364, 251, 6182.81, 17383, 15828
1694940285, 0, 0, 33, 0, 0, 6790.23, 3, 0, 0, 2.33, 369, 254, 6182.81, 17383, 15828
1694940288, 0, 0, 33, 0, 0, 6790.23, 3, 0, 0, 4.59, 380, 259, 6182.81, 17383, 15828
1694940291, 0, 0, 33, 0, 0, 6790.23, 3, 0, 0, 0.30, 381, 259, 6182.81, 17383, 15828
1694940295, 0, 0, 33, 0, 0, 6790.23, 3, 0, 0, 2.75, 388, 262, 6182.81, 17383, 15828
1694940299, 0, 0, 33, 0, 0, 6790.23, 3, 0, 0, 0.71, 391, 262, 6182.81, 17383, 15828
1694940304, 0, 0, 33, 0, 0, 6790.23, 3, 0, 0, 0.21, 392, 262, 6182.81, 17383, 15828
1694940316, 0, 0, 33, 0, 0, 6790.23, 3, 0, 0, 0.32, 396, 262, 6182.81, 17383, 15828
1694940321, 0, 0, 33, 0, 0, 6790.23, 3, 0, 0, 0.20, 397, 262, 6182.81, 17383, 15828
1694940326, 0, 0, 33, 0, 0, 6790.23, 3, 0, 0, 1.69, 403, 264, 6182.81, 17383, 15828
1694940331, 0, 0, 33, 0, 0, 6790.23, 3, 0, 0, 0.42, 404, 265, 6182.81, 17383, 15828
1694940334, 0, 0, 33, 0, 0, 6790.23, 3, 0, 0, 4.16, 414, 270, 6182.81, 17383, 15828
1694940339, 0, 0, 33, 0, 0, 6790.23, 3, 0, 0, 0.20, 415, 270, 6182.81, 17383, 15828
1694940346, 0, 0, 33, 0, 0, 6790.23, 3, 0, 0, 1.45, 423, 272, 6182.81, 17383, 15828
1694940351, 0, 0, 33, 0, 0, 6790.23, 3, 0, 0, 1.61, 427, 275, 6182.81, 17383, 15828
1694940356, 0, 0, 33, 0, 0, 6790.23, 3, 0, 0, 1.88, 432, 280, 6182.81, 17383, 15828
1694940361, 0, 0, 33, 0, 0, 6790.23, 3, 0, 0, 0.78, 434, 282, 6182.81, 17383, 15828
1694940365, 0, 0, 33, 0, 0, 6790.23, 3, 0, 0, 0.26, 435, 282, 6182.81, 17383, 15828
1694940369, 0, 0, 33, 0, 0, 6790.23, 3, 0, 0, 1.32, 437, 285, 6182.81, 17383, 15828
1694940373, 0, 0, 33, 0, 0, 6790.23, 3, 0, 0, 2.00, 443, 288, 6182.81, 17383, 15828
1694940377, 0, 0, 33, 0, 0, 6790.23, 3, 0, 0, 0.59, 445, 288, 6182.81, 17383, 15828
1694940381, 0, 0, 33, 0, 0, 6790.23, 3, 0, 0, 0.75, 447, 289, 6182.81, 17383, 15828
1694940386, 0, 0, 33, 0, 0, 6790.23, 3, 0, 0, 0.18, 448, 289, 6182.81, 17383, 15828
1694940390, 0, 0, 33, 0, 0, 6790.23, 3, 0, 0, 0.26, 449, 289, 6182.81, 17383, 15828
1694940394, 0, 0, 33, 0, 0, 6790.23, 3, 0, 0, 0.71, 452, 289, 6182.81, 17383, 15828
1694940401, 0, 0, 33, 0, 0, 6790.23, 3, 0, 0, 1.05, 457, 291, 6182.81, 17383, 15828
1694940407, 0, 0, 33, 0, 0, 6790.23, 3, 0, 0, 2.95, 468, 299, 6182.81, 17383, 15828
1694940416, 0, 0, 33, 0, 0, 6790.23, 3, 0, 0, 0.59, 469, 303, 6182.81, 17383, 15828
1694940421, 0, 0, 34, 0, 0, 6791.02, 3, 0, 0, 1.82, 476, 305, 6183.59, 17385, 15830
1694940428, 0, 0, 34, 0, 0, 6791.02, 3, 0, 0, 1.87, 485, 309, 6183.59, 17385, 15830
1694940431, 0, 0, 34, 0, 0, 6791.02, 3, 0, 0, 1.89, 490, 310, 6183.59, 17385, 15830
1694940434, 0, 0, 34, 0, 0, 6791.02, 3, 0, 0, 1.25, 493, 311, 6183.59, 17385, 15830
1694940437, 0, 0, 34, 0, 0, 6791.02, 3, 0, 0, 0.91, 494, 313, 6183.59, 17385, 15830
1694940441, 0, 0, 34, 0, 0, 6791.02, 3, 0, 0, 0.50, 496, 313, 6183.59, 17385, 15830
1694940450, 0, 0, 34, 0, 0, 6791.02, 3, 0, 0, 0.12, 497, 313, 6183.59, 17385, 15830
1694940454, 0, 0, 34, 0, 0, 6791.02, 3, 0, 0, 2.58, 503, 318, 6183.59, 17385, 15830
1694940458, 0, 0, 34, 0, 0, 6791.02, 3, 0, 0, 1.94, 507, 321, 6183.59, 17385, 15830
1694940462, 0, 0, 34, 0, 0, 6791.02, 3, 0, 0, 2.60, 514, 325, 6183.59, 17385, 15830
1694940466, 0, 0, 34, 0, 0, 6791.02, 3, 0, 0, 1.65, 517, 328, 6183.59, 17385, 15830
1694940470, 0, 0, 34, 0, 0, 6791.02, 3, 0, 0, 2.60, 526, 329, 6183.59, 17385, 15830
1694940475, 0, 0, 34, 0, 0, 6791.02, 3, 0, 0, 1.21, 532, 330, 6183.59, 17385, 15830
1694940479, 0, 0, 34, 0, 0, 6791.02, 3, 0, 0, 0.51, 534, 330, 6183.59, 17385, 15830
1694940484, 0, 0, 34, 0, 0, 6791.02, 3, 0, 0, 1.80, 538, 335, 6183.59, 17385, 15830
1694940488, 0, 0, 34, 0, 0, 6791.02, 3, 0, 0, 1.23, 542, 336, 6183.59, 17385, 15830
1694940496, 0, 0, 34, 0, 0, 6791.02, 3, 0, 0, 2.30, 555, 341, 6183.59, 17385, 15830
1694940503, 0, 0, 34, 0, 0, 6791.02, 3, 0, 0, 0.63, 556, 344, 6183.59, 17385, 15830
1694940503, 0, 0, 34, 0, 0, 6791.02, 3, 0, 0, 55.87, 569, 351, 6183.59, 17385, 15830
1694940511, 0, 0, 34, 0, 0, 6791.02, 3, 0, 0, 0.52, 571, 353, 6183.59, 17385, 15830
1694940516, 0, 0, 34, 0, 0, 6791.02, 3, 0, 0, 1.13, 574, 356, 6183.59, 17385, 15830
1694940521, 0, 0, 34, 0, 0, 6791.02, 3, 0, 0, 0.40, 575, 357, 6183.59, 17385, 15830
1694940521, 0, 0, 34, 0, 0, 6791.02, 3, 0, 0, 48.39, 584, 363, 6183.59, 17385, 15830
1694940526, 0, 0, 34, 0, 0, 6791.02, 3, 0, 0, 0.43, 585, 364, 6183.59, 17385, 15830
1694940531, 0, 0, 34, 0, 0, 6791.02, 3, 0, 0, 0.93, 588, 366, 6183.59, 17385, 15830
1694940535, 0, 0, 34, 0, 0, 6791.02, 3, 0, 0, 0.24, 589, 366, 6183.59, 17385, 15830
1694940539, 0, 0, 34, 0, 0, 6791.02, 3, 0, 0, 1.00, 592, 367, 6183.59, 17385, 15830
1694940544, 0, 0, 34, 0, 0, 6791.02, 3, 0, 0, 1.67, 597, 369, 6183.59, 17385, 15830
1694940547, 0, 0, 34, 0, 0, 6791.02, 3, 0, 0, 1.69, 600, 371, 6183.59, 17385, 15830
1694940552, 0, 0, 34, 0, 0, 6791.02, 3, 0, 0, 1.13, 606, 371, 6183.59, 17385, 15830
1694940558, 0, 0, 34, 0, 0, 6791.02, 3, 0, 0, 1.98, 612, 377, 6183.59, 17385, 15830
1694940558, 0, 0, 34, 0, 0, 6791.02, 3, 0, 0, 23.03, 615, 381, 6183.59, 17385, 15830
1694940566, 0, 0, 34, 0, 0, 6791.02, 3, 0, 0, 0.26, 616, 382, 6183.59, 17385, 15830
1694940577, 0, 0, 34, 0, 0, 6791.02, 3, 0, 0, 1.09, 621, 389, 6183.59, 17385, 15830
1694940581, 0, 0, 34, 0, 0, 6791.02, 3, 0, 0, 0.49, 622, 390, 6183.59, 17385, 15830
1694940586, 0, 0, 34, 0, 0, 6791.02, 3, 0, 0, 0.98, 626, 391, 6183.59, 17385, 15830
1694940591, 0, 0, 34, 0, 0, 6791.02, 3, 0, 0, 0.64, 629, 391, 6183.59, 17385, 15830
1694940595, 0, 0, 34, 0, 0, 6791.02, 3, 0, 0, 0.87, 632, 392, 6183.59, 17385, 15830
1694940600, 0, 0, 34, 0, 0, 6791.02, 3, 0, 0, 2.51, 641, 395, 6183.59, 17385, 15830
1694940605, 0, 0, 34, 0, 0, 6791.02, 3, 0, 0, 0.85, 643, 397, 6183.59, 17385, 15830
1694940605, 0, 0, 34, 0, 0, 6791.02, 3, 0, 0, 19.93, 645, 401, 6183.59, 17385, 15830
1694940610, 0, 0, 34, 0, 0, 6791.02, 3, 0, 0, 1.23, 649, 403, 6183.59, 17385, 15830
1694940616, 0, 0, 34, 0, 0, 6791.02, 3, 0, 0, 0.86, 653, 404, 6183.59, 17385, 15830
1694940623, 0, 0, 34, 0, 0, 6791.02, 3, 0, 0, 0.72, 656, 406, 6183.59, 17385, 15830
1694940630, 0, 0, 34, 0, 0, 6791.02, 3, 0, 0, 2.68, 667, 413, 6183.59, 17385, 15830
1694940634, 0, 0, 34, 0, 0, 6791.02, 3, 0, 0, 1.20, 671, 414, 6183.59, 17385, 15830
1694940638, 0, 0, 34, 0, 0, 6791.02, 3, 0, 0, 1.93, 677, 417, 6183.59, 17385, 15830
1694940644, 0, 0, 34, 0, 0, 6791.02, 3, 0, 0, 1.33, 680, 421, 6183.59, 17385, 15830
1694940652, 0, 0, 34, 0, 0, 6791.02, 3, 0, 0, 0.35, 683, 421, 6183.59, 17385, 15830
1694940653, 0, 0, 34, 0, 0, 6791.02, 3, 0, 0, 36.18, 688, 427, 6183.59, 17385, 15830
1694940658, 0, 0, 34, 0, 0, 6791.02, 3, 0, 0, 0.18, 689, 427, 6183.59, 17385, 15830
1694940664, 0, 0, 34, 0, 0, 6791.02, 3, 0, 0, 2.21, 694, 435, 6183.59, 17385, 15830
1694940669, 0, 0, 34, 0, 0, 6791.02, 3, 0, 0, 1.29, 698, 438, 6183.59, 17385, 15830
1694940674, 0, 0, 34, 0, 0, 6791.02, 3, 0, 0, 0.85, 701, 439, 6183.59, 17385, 15830
1694940681, 0, 0, 34, 0, 0, 6791.02, 3, 0, 0, 1.30, 708, 441, 6183.59, 17385, 15830
1694940685, 0, 0, 34, 0, 0, 6791.02, 3, 0, 0, 0.22, 709, 441, 6183.59, 17385, 15830
1694940690, 0, 0, 34, 0, 0, 6791.02, 3, 0, 0, 1.87, 714, 445, 6183.59, 17385, 15830
1694940696, 0, 0, 34, 0, 0, 6791.02, 3, 0, 0, 2.48, 722, 452, 6183.59, 17385, 15830
1694940705, 0, 0, 34, 0, 0, 6791.02, 3, 0, 0, 0.49, 725, 453, 6183.59, 17385, 15830
1694940711, 0, 0, 34, 0, 0, 6791.02, 3, 0, 0, 0.61, 727, 455, 6183.59, 17385, 15830
1694940716, 0, 0, 34, 0, 0, 6791.02, 3, 0, 0, 0.21, 728, 455, 6183.59, 17385, 15830
1694940716, 0, 0, 34, 0, 0, 6791.02, 3, 0, 0, 21.68, 734, 457, 6183.59, 17385, 15830
1694940717, 0, 0, 34, 0, 0, 6791.02, 3, 0, 0, 29.90, 738, 462, 6183.59, 17385, 15830
1694940721, 0, 0, 34, 0, 0, 6791.02, 3, 0, 0, 0.99, 741, 463, 6183.59, 17385, 15830
1694940721, 0, 0, 34, 0, 0, 6791.02, 3, 0, 0, 13.37, 743, 466, 6183.59, 17385, 15830
1694940727, 0, 0, 34, 0, 0, 6791.02, 3, 0, 0, 4.12, 753, 480, 6183.59, 17385, 15830
1694940730, 0, 0, 34, 0, 0, 6791.02, 3, 0, 0, 1.71, 757, 482, 6183.59, 17385, 15830
1694940735, 0, 0, 34, 0, 0, 6791.02, 3, 0, 0, 0.64, 760, 482, 6183.59, 17385, 15830
1694940741, 0, 0, 34, 0, 0, 6791.02, 3, 0, 0, 0.50, 762, 483, 6183.59, 17385, 15830
1694940747, 0, 0, 34, 0, 0, 6791.02, 3, 0, 0, 0.50, 764, 484, 6183.59, 17385, 15830
1694940753, 0, 0, 34, 0, 0, 6791.02, 3, 0, 0, 1.59, 768, 489, 6183.59, 17385, 15830
1694940758, 0, 0, 34, 0, 0, 6791.02, 3, 0, 0, 0.20, 769, 489, 6183.59, 17385, 15830
1694940765, 0, 0, 34, 0, 0, 6791.02, 3, 0, 0, 0.41, 772, 489, 6183.59, 17385, 15830
1694940768, 0, 0, 34, 0, 0, 6791.02, 3, 0, 0, 1.75, 775, 492, 6183.59, 17385, 15830
1694940774, 0, 0, 34, 0, 0, 6791.02, 3, 0, 0, 0.36, 777, 492, 6183.59, 17385, 15830
1694940781, 0, 0, 34, 0, 0, 6791.02, 3, 0, 0, 0.29, 779, 492, 6183.59, 17385, 15830
1694940785, 0, 0, 34, 0, 0, 6791.02, 3, 0, 0, 0.26, 779, 493, 6183.59, 17385, 15830
1694940785, 0, 0, 34, 0, 0, 6791.02, 3, 0, 0, 36.67, 786, 497, 6183.59, 17385, 15830
1694940790, 0, 0, 34, 0, 0, 6791.02, 3, 0, 0, 0.76, 790, 497, 6183.59, 17385, 15830
1694940791, 0, 0, 34, 0, 0, 6791.02, 3, 0, 0, 32.68, 797, 500, 6183.59, 17385, 15830
1694940795, 0, 0, 34, 0, 0, 6791.02, 3, 0, 0, 0.22, 798, 500, 6183.59, 17385, 15830
1694940802, 0, 0, 34, 0, 0, 6791.02, 3, 0, 0, 0.15, 799, 500, 6183.59, 17385, 15830
1694940805, 0, 0, 34, 0, 0, 6791.02, 4, 0, 0, 0.81, 801, 501, 6183.59, 17385, 15830
1694940810, 0, 0, 34, 0, 0, 6791.02, 4, 0, 0, 4.26, 813, 509, 6183.59, 17385, 15830
1694940815, 0, 0, 34, 0, 0, 6791.02, 4, 0, 0, 0.40, 814, 510, 6183.59, 17385, 15830
1694940829, 0, 0, 34, 0, 0, 6791.02, 4, 0, 0, 0.21, 816, 511, 6183.59, 17385, 15830
1694940830, 0, 0, 34, 0, 0, 6791.02, 4, 0, 0, 18.58, 820, 513, 6183.59, 17385, 15830
1694940834, 0, 0, 34, 0, 0, 6791.02, 4, 0, 0, 2.02, 825, 517, 6183.59, 17385, 15830
1694940838, 0, 0, 34, 0, 0, 6791.02, 4, 0, 0, 2.64, 831, 521, 6183.59, 17385, 15830
1694940844, 0, 0, 34, 0, 0, 6791.02, 4, 0, 0, 0.54, 833, 522, 6183.59, 17385, 15830
1694940844, 0, 0, 34, 0, 0, 6791.02, 4, 0, 0, 11.63, 837, 522, 6183.59, 17385, 15830
1694940844, 0, 0, 34, 0, 0, 6791.02, 4, 0, 0, 36.18, 846, 524, 6183.59, 17385, 15830
1694940848, 0, 0, 34, 0, 0, 6791.02, 4, 0, 0, 1.07, 848, 526, 6183.59, 17385, 15830
1694940852, 0, 0, 34, 0, 0, 6791.02, 4, 0, 0, 0.93, 851, 527, 6183.59, 17385, 15830
1694940853, 0, 0, 34, 0, 0, 6791.02, 4, 0, 0, 42.07, 858, 533, 6183.59, 17385, 15830
1694940862, 0, 0, 34, 0, 0, 6791.02, 4, 0, 0, 0.21, 860, 533, 6183.59, 17385, 15830
1694940867, 0, 0, 34, 0, 0, 6791.02, 4, 0, 0, 0.20, 861, 533, 6183.59, 17385, 15830
1694940872, 0, 0, 34, 0, 0, 6791.02, 4, 0, 0, 0.41, 863, 533, 6183.59, 17385, 15830
1694940873, 0, 0, 34, 0, 0, 6791.02, 4, 0, 0, 39.74, 868, 540, 6183.59, 17385, 15830
1694940877, 0, 0, 34, 0, 0, 6791.02, 4, 0, 0, 1.46, 873, 541, 6183.59, 17385, 15830
1694940882, 0, 0, 34, 0, 0, 6791.02, 4, 0, 0, 0.74, 876, 542, 6183.59, 17385, 15830
1694940889, 0, 0, 34, 0, 0, 6791.02, 4, 0, 0, 0.86, 879, 545, 6183.59, 17385, 15830
1694940894, 0, 0, 34, 0, 0, 6791.02, 4, 0, 0, 1.20, 883, 547, 6183.59, 17385, 15830
1694940900, 0, 0, 34, 0, 0, 6791.02, 4, 0, 0, 0.34, 884, 548, 6183.59, 17385, 15830
1694940906, 0, 0, 35, 0, 0, 6791.80, 4, 0, 0, 0.78, 888, 549, 6184.38, 17387, 15832
1694940912, 0, 0, 35, 0, 0, 6791.80, 4, 0, 0, 0.98, 892, 551, 6184.38, 17387, 15832
1694940953, 0, 0, 35, 0, 0, 6791.80, 4, 0, 0, 0.07, 893, 553, 6184.38, 17387, 15832
1694940958, 0, 0, 35, 0, 0, 6791.80, 4, 0, 0, 0.18, 894, 553, 6184.38, 17387, 15832
1694940964, 0, 0, 35, 0, 0, 6791.80, 4, 0, 0, 0.54, 897, 553, 6184.38, 17387, 15832
1694940970, 0, 0, 35, 0, 0, 6791.80, 4, 0, 0, 0.63, 901, 553, 6184.38, 17387, 15832
1694940976, 0, 0, 35, 0, 0, 6791.80, 4, 0, 0, 1.13, 907, 553, 6184.38, 17387, 15832
1694940983, 0, 0, 35, 0, 0, 6791.80, 4, 0, 0, 0.44, 910, 553, 6184.38, 17387, 15832
1694940988, 0, 0, 35, 0, 0, 6791.80, 4, 0, 0, 0.96, 913, 555, 6184.38, 17387, 15832
1694940992, 0, 0, 35, 0, 0, 6791.80, 4, 0, 0, 0.89, 917, 555, 6184.38, 17387, 15832
1694940997, 0, 0, 35, 0, 0, 6791.80, 4, 0, 0, 1.05, 922, 555, 6184.38, 17387, 15832
1694941001, 0, 0, 35, 0, 0, 6791.80, 4, 0, 0, 1.37, 926, 557, 6184.38, 17387, 15832
1694941006, 0, 0, 35, 0, 0, 6791.80, 4, 0, 0, 0.44, 928, 557, 6184.38, 17387, 15832
1694941018, 0, 0, 35, 0, 0, 6791.80, 4, 0, 0, 0.09, 929, 557, 6184.38, 17387, 15832
1694941023, 0, 0, 35, 0, 0, 6791.80, 4, 0, 0, 0.60, 932, 557, 6184.38, 17387, 15832
1694941038, 0, 0, 35, 0, 0, 6791.80, 4, 0, 0, 0.52, 939, 558, 6184.38, 17387, 15832
1694941043, 0, 0, 35, 0, 0, 6791.80, 4, 0, 0, 2.10, 946, 561, 6184.38, 17387, 15832
1694941051, 0, 0, 35, 0, 0, 6791.80, 4, 0, 0, 0.59, 948, 564, 6184.38, 17387, 15832
1694941052, 0, 0, 35, 0, 0, 6791.80, 4, 0, 0, 16.56, 951, 566, 6184.38, 17387, 15832
1694941052, 0, 0, 35, 0, 0, 6791.80, 4, 0, 0, 25.32, 958, 567, 6184.38, 17387, 15832
1694941058, 0, 0, 35, 0, 0, 6791.80, 4, 0, 0, 0.95, 962, 569, 6184.38, 17387, 15832
1694941064, 0, 0, 35, 0, 0, 6791.80, 4, 0, 0, 0.57, 964, 570, 6184.38, 17387, 15832
1694941074, 0, 0, 35, 0, 0, 6791.80, 4, 0, 0, 0.37, 966, 572, 6184.38, 17387, 15832
1694941079, 0, 0, 35, 0, 0, 6791.80, 4, 0, 0, 0.22, 967, 572, 6184.38, 17387, 15832
1694941079, 0, 0, 35, 0, 0, 6791.80, 4, 0, 0, 26.40, 969, 578, 6184.38, 17387, 15832
1694941079, 0, 0, 35, 0, 0, 6791.80, 4, 0, 0, 35.48, 974, 584, 6184.38, 17387, 15832
1694941080, 0, 0, 35, 0, 0, 6791.80, 4, 0, 0, 28.65, 981, 587, 6184.38, 17387, 15832
1694941080, 0, 0, 35, 0, 0, 6791.80, 4, 0, 0, 49.50, 989, 594, 6184.38, 17387, 15832
1694941102, 0, 0, 35, 0, 0, 6791.80, 4, 0, 0, 0.51, 996, 598, 6184.38, 17387, 15832
1694941111, 0, 0, 35, 0, 0, 6791.80, 4, 0, 0, 0.44, 999, 599, 6184.38, 17387, 15832
1694941111, 0, 0, 35, 0, 0, 6791.80, 4, 0, 0, 22.29, 1003, 602, 6184.38, 17387, 15832
1694941116, 0, 0, 35, 0, 0, 6791.80, 4, 0, 0, 0.42, 1005, 602, 6184.38, 17387, 15832
1694941122, 0, 0, 35, 0, 0, 6791.80, 4, 0, 0, 1.31, 1010, 605, 6184.38, 17387, 15832
1694941122, 0, 0, 35, 0, 0, 6791.80, 4, 0, 0, 47.92, 1019, 611, 6184.38, 17387, 15832
1694941128, 0, 0, 35, 0, 0, 6791.80, 4, 0, 0, 0.55, 1021, 612, 6184.38, 17387, 15832
1694941133, 0, 0, 35, 0, 0, 6791.80, 4, 0, 0, 0.77, 1025, 612, 6184.38, 17387, 15832
1694941137, 0, 0, 35, 0, 0, 6791.80, 4, 0, 0, 1.79, 1030, 615, 6184.38, 17387, 15832
1694941145, 0, 0, 35, 0, 0, 6791.80, 4, 0, 0, 1.12, 1034, 620, 6184.38, 17387, 15832
1694941146, 0, 0, 35, 0, 0, 6791.80, 4, 0, 0, 13.81, 1036, 623, 6184.38, 17387, 15832
1694941146, 0, 0, 35, 0, 0, 6791.80, 4, 0, 0, 13.64, 1040, 625, 6184.38, 17387, 15832
1694941150, 0, 0, 35, 0, 0, 6791.80, 4, 0, 0, 0.70, 1043, 625, 6184.38, 17387, 15832
1694941161, 0, 0, 35, 0, 0, 6791.80, 4, 0, 0, 0.50, 1046, 627, 6184.38, 17387, 15832
1694941166, 0, 0, 35, 0, 0, 6791.80, 4, 0, 0, 0.18, 1047, 627, 6184.38, 17387, 15832
1694941171, 0, 0, 35, 0, 0, 6791.80, 4, 0, 0, 1.08, 1052, 627, 6184.38, 17387, 15832
1694941171, 0, 0, 35, 0, 0, 6791.80, 4, 0, 0, 22.01, 1055, 631, 6184.38, 17387, 15832
1694941177, 0, 0, 35, 0, 0, 6791.80, 4, 0, 0, 1.07, 1061, 631, 6184.38, 17387, 15832
1694941181, 0, 0, 35, 0, 0, 6791.80, 4, 0, 0, 0.69, 1063, 632, 6184.38, 17387, 15832
1694941186, 0, 0, 35, 0, 0, 6791.80, 4, 0, 0, 2.56, 1069, 638, 6184.38, 17387, 15832
1694941193, 0, 0, 35, 0, 0, 6791.80, 4, 0, 0, 1.18, 1072, 643, 6184.38, 17387, 15832
1694941199, 0, 0, 35, 0, 0, 6791.80, 4, 0, 0, 2.55, 1082, 650, 6184.38, 17387, 15832
1694941205, 0, 0, 35, 0, 0, 6791.80, 4, 0, 0, 1.22, 1085, 654, 6184.38, 17387, 15832
1694941209, 0, 0, 35, 0, 0, 6791.80, 4, 0, 0, 0.91, 1089, 654, 6184.38, 17387, 15832
1694941218, 0, 0, 35, 0, 0, 6791.80, 4, 0, 0, 0.93, 1095, 656, 6184.38, 17387, 15832
1694941223, 0, 0, 35, 0, 0, 6791.80, 4, 0, 0, 1.51, 1103, 656, 6184.38, 17387, 15832
1694941230, 0, 0, 35, 0, 0, 6791.80, 4, 0, 0, 0.57, 1107, 656, 6184.38, 17387, 15832
1694941237, 0, 0, 35, 0, 0, 6791.80, 4, 0, 0, 0.96, 1111, 658, 6184.38, 17387, 15832
1694941241, 0, 0, 35, 0, 0, 6791.80, 4, 0, 0, 1.66, 1116, 661, 6184.38, 17387, 15832
1694941248, 0, 0, 35, 0, 0, 6791.80, 4, 0, 0, 0.16, 1117, 661, 6184.38, 17387, 15832
1694941254, 0, 0, 35, 0, 0, 6791.80, 4, 0, 0, 0.16, 1118, 661, 6184.38, 17387, 15832
1694941260, 0, 0, 35, 0, 0, 6791.80, 4, 0, 0, 0.46, 1121, 661, 6184.38, 17387, 15832
1694941265, 0, 0, 35, 0, 0, 6791.80, 4, 0, 0, 0.90, 1123, 663, 6184.38, 17387, 15832
1694941269, 0, 0, 35, 0, 0, 6791.80, 4, 0, 0, 1.31, 1127, 665, 6184.38, 17387, 15832
1694941274, 0, 0, 35, 0, 0, 6791.80, 4, 0, 0, 1.24, 1131, 667, 6184.38, 17387, 15832
1694941275, 0, 0, 35, 0, 0, 6791.80, 4, 0, 0, 30.40, 1135, 673, 6184.38, 17387, 15832
1694941286, 0, 0, 35, 0, 0, 6791.80, 4, 0, 0, 0.45, 1139, 674, 6184.38, 17387, 15832
1694941286, 0, 0, 35, 0, 0, 6791.80, 4, 0, 0, 38.71, 1143, 682, 6184.38, 17387, 15832
1694941291, 0, 0, 35, 0, 0, 6791.80, 4, 0, 0, 1.97, 1148, 687, 6184.38, 17387, 15832
1694941298, 0, 0, 35, 0, 0, 6791.80, 4, 0, 0, 0.15, 1149, 687, 6184.38, 17387, 15832
1694941302, 0, 0, 35, 0, 0, 6791.80, 4, 0, 0, 0.42, 1150, 688, 6184.38, 17387, 15832
1694941308, 0, 0, 35, 0, 0, 6791.80, 4, 0, 0, 0.17, 1151, 688, 6184.38, 17387, 15832
1694941309, 0, 0, 35, 0, 0, 6791.80, 4, 0, 0, 28.75, 1154, 694, 6184.38, 17387, 15832
1694941314, 0, 0, 35, 0, 0, 6791.80, 4, 0, 0, 0.36, 1156, 694, 6184.38, 17387, 15832
1694941314, 0, 0, 35, 0, 0, 6791.80, 4, 0, 0, 12.86, 1159, 695, 6184.38, 17387, 15832
1694941320, 0, 0, 35, 0, 0, 6791.80, 4, 0, 0, 0.68, 1162, 696, 6184.38, 17387, 15832
1694941325, 0, 0, 35, 0, 0, 6791.80, 4, 0, 0, 0.40, 1163, 697, 6184.38, 17387, 15832
1694941330, 0, 0, 35, 0, 0, 6791.80, 4, 0, 0, 0.98, 1166, 699, 6184.38, 17387, 15832
1694941331, 0, 0, 35, 0, 0, 6791.80, 4, 0, 0, 29.51, 1171, 703, 6184.38, 17387, 15832
1694941336, 0, 0, 35, 0, 0, 6791.80, 4, 0, 0, 1.76, 1176, 707, 6184.38, 17387, 15832
1694941336, 0, 0, 35, 0, 0, 6791.80, 4, 0, 0, 11.59, 1178, 709, 6184.38, 17387, 15832
1694941341, 0, 0, 35, 0, 0, 6791.80, 4, 0, 0, 0.44, 1180, 709, 6184.38, 17387, 15832
1694941341, 0, 0, 35, 0, 0, 6791.80, 4, 0, 0, 29.22, 1183, 715, 6184.38, 17387, 15832
1694941346, 0, 0, 35, 0, 0, 6791.80, 4, 0, 0, 0.91, 1185, 718, 6184.38, 17387, 15832
1694941351, 0, 0, 35, 0, 0, 6791.80, 4, 0, 0, 1.09, 1187, 721, 6184.38, 17387, 15832
1694941355, 0, 0, 35, 0, 0, 6791.80, 4, 0, 0, 0.46, 1189, 721, 6184.38, 17387, 15832
1694941356, 0, 0, 35, 0, 0, 6791.80, 4, 0, 0, 18.87, 1193, 724, 6184.38, 17387, 15832
1694941356, 0, 0, 35, 0, 0, 6791.80, 4, 0, 0, 22.44, 1200, 724, 6184.38, 17387, 15832
1694941379, 0, 0, 35, 0, 0, 6791.80, 4, 0, 0, 0.27, 1204, 726, 6184.38, 17387, 15832
1694941383, 0, 0, 35, 0, 0, 6791.80, 4, 0, 0, 1.19, 1207, 728, 6184.38, 17387, 15832
1694941387, 0, 0, 35, 0, 0, 6791.80, 4, 0, 0, 0.21, 1208, 728, 6184.38, 17387, 15832
1694941388, 0, 0, 35, 0, 0, 6791.80, 4, 0, 0, 23.53, 1210, 734, 6184.38, 17387, 15832
1694941395, 0, 0, 35, 0, 0, 6791.80, 4, 0, 0, 0.27, 1212, 734, 6184.38, 17387, 15832
1694941402, 0, 0, 35, 0, 0, 6791.80, 4, 0, 0, 0.44, 1214, 735, 6184.38, 17387, 15832
1694941408, 0, 0, 35, 0, 0, 6791.80, 4, 0, 0, 0.49, 1216, 736, 6184.38, 17387, 15832
1694941414, 0, 0, 35, 0, 0, 6791.80, 4, 0, 0, 0.18, 1217, 736, 6184.38, 17387, 15832
1694941417, 0, 0, 35, 0, 0, 6791.80, 4, 0, 0, 1.61, 1220, 739, 6184.38, 17387, 15832
1694941424, 0, 0, 35, 0, 0, 6791.80, 4, 0, 0, 0.63, 1222, 741, 6184.38, 17387, 15832
1694941431, 0, 0, 35, 0, 0, 6791.80, 4, 0, 0, 1.66, 1229, 747, 6184.38, 17387, 15832
1694941437, 0, 0, 35, 0, 0, 6791.80, 4, 0, 0, 0.74, 1230, 750, 6184.38, 17387, 15832
1694941441, 0, 0, 35, 0, 0, 6791.80, 4, 0, 0, 1.95, 1234, 754, 6184.38, 17387, 15832
1694941441, 0, 0, 35, 0, 0, 6791.80, 4, 0, 0, 14.71, 1235, 758, 6184.38, 17387, 15832
1694941447, 0, 0, 35, 0, 0, 6791.80, 4, 0, 0, 0.37, 1237, 758, 6184.38, 17387, 15832
1694941447, 0, 0, 35, 0, 0, 6791.80, 4, 0, 0, 24.17, 1239, 764, 6184.38, 17387, 15832
1694941454, 0, 0, 35, 0, 0, 6791.80, 4, 0, 0, 0.15, 1240, 764, 6184.38, 17387, 15832
1694941454, 0, 0, 35, 0, 0, 6791.80, 4, 0, 0, 27.32, 1246, 768, 6184.38, 17387, 15832
1694941458, 0, 0, 35, 0, 0, 6791.80, 4, 0, 0, 0.69, 1248, 769, 6184.38, 17387, 15832
1694941464, 0, 0, 35, 0, 0, 6791.80, 4, 0, 0, 0.66, 1250, 771, 6184.38, 17387, 15832
1694941471, 0, 0, 35, 0, 0, 6791.80, 4, 0, 0, 0.64, 1253, 772, 6184.38, 17387, 15832
1694941476, 0, 0, 35, 0, 0, 6791.80, 4, 0, 0, 0.80, 1256, 773, 6184.38, 17387, 15832
1694941482, 0, 0, 35, 0, 0, 6791.80, 4, 0, 0, 0.16, 1257, 773, 6184.38, 17387, 15832
1694941482, 0, 0, 35, 0, 0, 6791.80, 4, 0, 0, 5.93, 1259, 773, 6184.38, 17387, 15832
1694941482, 0, 0, 35, 0, 0, 6791.80, 4, 0, 0, 27.36, 1263, 778, 6184.38, 17387, 15832
1694941488, 0, 0, 35, 0, 0, 6791.80, 4, 0, 0, 1.95, 1268, 783, 6184.38, 17387, 15832
1694941492, 0, 0, 35, 0, 0, 6791.80, 4, 0, 0, 0.21, 1269, 783, 6184.38, 17387, 15832
1694941498, 0, 0, 35, 0, 0, 6791.80, 4, 0, 0, 0.67, 1273, 783, 6184.38, 17387, 15832
1694941504, 0, 0, 35, 0, 0, 6791.80, 4, 0, 0, 1.10, 1276, 786, 6184.38, 17387, 15832
1694941504, 0, 0, 35, 0, 0, 6791.80, 4, 0, 0, 18.24, 1280, 788, 6184.38, 17387, 15832
1694941509, 0, 0, 35, 0, 0, 6791.80, 4, 0, 0, 0.19, 1281, 788, 6184.38, 17387, 15832
1694941510, 0, 0, 35, 0, 0, 6791.80, 4, 0, 0, 18.82, 1283, 793, 6184.38, 17387, 15832
1694941517, 0, 0, 35, 0, 0, 6791.80, 4, 0, 0, 0.52, 1285, 795, 6184.38, 17387, 15832
1694941518, 0, 0, 35, 0, 0, 6791.80, 4, 0, 0, 10.55, 1288, 796, 6184.38, 17387, 15832
1694941518, 0, 0, 35, 0, 0, 6791.80, 4, 0, 0, 13.93, 1291, 798, 6184.38, 17387, 15832
1694941522, 0, 0, 35, 0, 0, 6791.80, 4, 0, 0, 0.56, 1292, 799, 6184.38, 17387, 15832
1694941527, 0, 0, 35, 0, 0, 6791.80, 4, 0, 0, 0.36, 1294, 799, 6184.38, 17387, 15832
1694941528, 0, 0, 35, 0, 0, 6791.80, 4, 0, 0, 25.89, 1297, 804, 6184.38, 17387, 15832
1694941528, 0, 0, 35, 0, 0, 6791.80, 4, 0, 0, 2.11, 1298, 804, 6184.38, 17387, 15832
1694941528, 0, 0, 35, 0, 0, 6791.80, 4, 0, 0, 29.90, 1301, 810, 6184.38, 17387, 15832
1694941534, 0, 0, 35, 0, 0, 6791.80, 4, 0, 0, 0.19, 1302, 810, 6184.38, 17387, 15832
1694941534, 0, 0, 35, 0, 0, 6791.80, 4, 0, 0, 16.13, 1309, 811, 6184.38, 17387, 15832
1694941534, 0, 0, 35, 0, 0, 6791.80, 4, 0, 0, 16.50, 1312, 813, 6184.38, 17387, 15832
1694941541, 0, 0, 35, 0, 0, 6791.80, 4, 0, 0, 0.14, 1313, 813, 6184.38, 17387, 15832
1694941542, 0, 0, 35, 0, 0, 6791.80, 4, 0, 0, 16.53, 1318, 814, 6184.38, 17387, 15832
1694941547, 0, 0, 35, 0, 0, 6791.80, 4, 0, 0, 0.18, 1319, 814, 6184.38, 17387, 15832
1694941554, 0, 0, 35, 0, 0, 6791.80, 4, 0, 0, 0.32, 1321, 814, 6184.38, 17387, 15832
1694941561, 0, 0, 35, 0, 0, 6791.80, 4, 0, 0, 0.40, 1323, 815, 6184.38, 17387, 15832
1694941566, 0, 0, 35, 0, 0, 6791.80, 4, 0, 0, 0.58, 1325, 816, 6184.38, 17387, 15832
1694941574, 0, 0, 35, 0, 0, 6791.80, 4, 0, 0, 0.37, 1328, 816, 6184.38, 17387, 15832
1694941575, 0, 0, 35, 0, 0, 6791.80, 4, 0, 0, 12.01, 1329, 819, 6184.38, 17387, 15832
1694941575, 0, 0, 35, 0, 0, 6791.80, 4, 0, 0, 18.18, 1333, 821, 6184.38, 17387, 15832
1694941575, 0, 0, 35, 0, 0, 6791.80, 4, 0, 0, 25.00, 1337, 825, 6184.38, 17387, 15832
1694941579, 0, 0, 35, 0, 0, 6791.80, 4, 0, 0, 0.57, 1339, 825, 6184.38, 17387, 15832
1694941584, 0, 0, 35, 0, 0, 6791.80, 4, 0, 0, 0.88, 1343, 826, 6184.38, 17387, 15832
1694941589, 0, 0, 35, 0, 0, 6791.80, 4, 0, 0, 1.17, 1347, 827, 6184.38, 17387, 15832
1694941594, 0, 0, 35, 0, 0, 6791.80, 4, 0, 0, 0.38, 1349, 827, 6184.38, 17387, 15832
1694941594, 0, 0, 35, 0, 0, 6791.80, 4, 0, 0, 16.67, 1351, 830, 6184.38, 17387, 15832
1694941604, 0, 0, 35, 0, 0, 6791.80, 4, 0, 0, 0.40, 1354, 831, 6184.38, 17387, 15832
1694941605, 0, 0, 35, 0, 0, 6791.80, 4, 0, 0, 15.82, 1359, 831, 6184.38, 17387, 15832
1694941605, 0, 0, 35, 0, 0, 6791.80, 4, 0, 0, 11.98, 1361, 833, 6184.38, 17387, 15832
1694941609, 0, 0, 35, 0, 0, 6791.80, 4, 0, 0, 0.23, 1362, 833, 6184.38, 17387, 15832
1694941613, 0, 0, 35, 0, 0, 6791.80, 4, 0, 0, 0.24, 1363, 833, 6184.38, 17387, 15832
1694941619, 0, 0, 35, 0, 0, 6791.80, 4, 0, 0, 0.35, 1364, 834, 6184.38, 17387, 15832
1694941619, 0, 0, 35, 0, 0, 6791.80, 4, 0, 0, 25.97, 1370, 836, 6184.38, 17387, 15832
1694941620, 0, 0, 35, 0, 0, 6791.80, 4, 0, 0, 18.07, 1374, 838, 6184.38, 17387, 15832
1694941620, 0, 0, 35, 0, 0, 6791.80, 4, 0, 0, 11.76, 1377, 839, 6184.38, 17387, 15832
1694941620, 0, 0, 35, 0, 0, 6791.80, 4, 0, 0, 22.36, 1380, 843, 6184.38, 17387, 15832
1694941627, 0, 0, 35, 0, 0, 6791.80, 4, 0, 0, 0.94, 1381, 848, 6184.38, 17387, 15832
1694941627, 0, 0, 35, 0, 0, 6791.80, 4, 0, 0, 16.23, 1383, 851, 6184.38, 17387, 15832
1694941627, 0, 0, 35, 0, 0, 6791.80, 4, 0, 0, 16.61, 1387, 852, 6184.38, 17387, 15832
1694941628, 0, 0, 35, 0, 0, 6791.80, 4, 0, 0, 19.54, 1389, 856, 6184.38, 17387, 15832
1694941628, 0, 0, 35, 0, 0, 6791.80, 4, 0, 0, 19.74, 1392, 859, 6184.38, 17387, 15832
1694941628, 0, 0, 35, 0, 0, 6791.80, 4, 0, 0, 17.00, 1395, 862, 6184.38, 17387, 15832
1694941633, 0, 0, 35, 0, 0, 6791.80, 4, 0, 0, 0.41, 1397, 862, 6184.38, 17387, 15832
1694941642, 0, 0, 35, 0, 0, 6791.80, 4, 0, 0, 0.43, 1399, 864, 6184.38, 17387, 15832
1694941643, 0, 0, 35, 0, 0, 6791.80, 4, 0, 0, 16.09, 1405, 864, 6184.38, 17387, 15832
1694941643, 0, 0, 35, 0, 0, 6791.80, 4, 0, 0, 11.87, 1407, 866, 6184.38, 17387, 15832
1694941643, 0, 0, 35, 0, 0, 6791.80, 4, 0, 0, 13.25, 1409, 868, 6184.38, 17387, 15832
1694941656, 0, 0, 35, 0, 0, 6791.80, 4, 0, 0, 0.16, 1410, 869, 6184.38, 17387, 15832
1694941662, 0, 0, 35, 0, 0, 6791.80, 4, 0, 0, 0.45, 1413, 869, 6184.38, 17387, 15832
1694941667, 0, 0, 35, 0, 0, 6791.80, 4, 0, 0, 0.45, 1415, 869, 6184.38, 17387, 15832
1694941667, 0, 0, 35, 0, 0, 6791.80, 4, 0, 0, 10.70, 1418, 870, 6184.38, 17387, 15832
1694941668, 0, 0, 35, 0, 0, 6791.80, 4, 0, 0, 2.54, 1419, 870, 6184.38, 17387, 15832
1694941668, 0, 0, 35, 0, 0, 6791.80, 4, 0, 0, 15.48, 1420, 874, 6184.38, 17387, 15832
1694941668, 0, 0, 35, 0, 0, 6791.80, 4, 0, 0, 12.08, 1424, 875, 6184.38, 17387, 15832
1694941669, 0, 0, 35, 0, 0, 6791.80, 4, 0, 0, 18.13, 1428, 877, 6184.38, 17387, 15832
1694941669, 0, 0, 35, 0, 0, 6791.80, 4, 0, 0, 27.52, 1432, 882, 6184.38, 17387, 15832
1694941669, 0, 0, 35, 0, 0, 6791.80, 4, 0, 0, 15.15, 1435, 884, 6184.38, 17387, 15832
1694941670, 0, 0, 35, 0, 0, 6791.80, 4, 0, 0, 23.46, 1438, 889, 6184.38, 17387, 15832
1694941670, 0, 0, 35, 0, 0, 6791.80, 4, 0, 0, 19.23, 1442, 891, 6184.38, 17387, 15832
1694941675, 0, 0, 35, 0, 0, 6791.80, 4, 0, 0, 1.29, 1444, 895, 6184.38, 17387, 15832
1694941675, 0, 0, 35, 0, 0, 6791.80, 4, 0, 0, 11.20, 1448, 895, 6184.38, 17387, 15832
1694941681, 0, 0, 35, 0, 0, 6791.80, 4, 0, 0, 0.16, 1449, 895, 6184.38, 17387, 15832
1694941682, 0, 0, 35, 0, 0, 6791.80, 4, 0, 0, 12.86, 1452, 896, 6184.38, 17387, 15832
1694941688, 0, 0, 35, 0, 0, 6791.80, 4, 0, 0, 0.17, 1453, 896, 6184.38, 17387, 15832
1694941688, 0, 0, 35, 0, 0, 6791.80, 4, 0, 0, 23.74, 1456, 901, 6184.38, 17387, 15832
1694941693, 0, 0, 35, 0, 0, 6791.80, 4, 0, 0, 0.59, 1459, 901, 6184.38, 17387, 15832
1694941700, 0, 0, 35, 0, 0, 6791.80, 4, 0, 0, 0.14, 1460, 901, 6184.38, 17387, 15832
1694941701, 0, 0, 35, 0, 0, 6791.80, 4, 0, 0, 19.35, 1466, 901, 6184.38, 17387, 15832
1694941701, 0, 0, 35, 0, 0, 6791.80, 4, 0, 0, 15.63, 1469, 903, 6184.38, 17387, 15832
1694941701, 0, 0, 35, 0, 0, 6791.80, 4, 0, 0, 12.94, 1470, 906, 6184.38, 17387, 15832
1694941702, 0, 0, 35, 0, 0, 6791.80, 4, 0, 0, 15.92, 1472, 910, 6184.38, 17387, 15832
1694941706, 0, 0, 35, 0, 0, 6791.80, 4, 0, 0, 0.86, 1474, 912, 6184.38, 17387, 15832
1694941707, 0, 0, 35, 0, 0, 6791.80, 4, 0, 0, 16.03, 1475, 916, 6184.38, 17387, 15832
1694941712, 0, 0, 35, 0, 0, 6791.80, 4, 0, 0, 0.37, 1477, 916, 6184.38, 17387, 15832
1694941719, 0, 0, 35, 0, 0, 6791.80, 4, 0, 0, 0.15, 1478, 916, 6184.38, 17387, 15832
1694941719, 0, 0, 35, 0, 0, 6791.80, 4, 0, 0, 9.46, 1479, 918, 6184.38, 17387, 15832
1694941719, 0, 0, 35, 0, 0, 6791.80, 4, 0, 0, 19.80, 1483, 920, 6184.38, 17387, 15832
1694941724, 0, 0, 35, 0, 0, 6791.80, 4, 0, 0, 0.42, 1485, 920, 6184.38, 17387, 15832
1694941729, 0, 0, 35, 0, 0, 6791.80, 4, 0, 0, 0.86, 1488, 921, 6184.38, 17387, 15832
1694941735, 0, 0, 35, 0, 0, 6791.80, 4, 0, 0, 0.33, 1489, 922, 6184.38, 17387, 15832
1694941735, 0, 0, 35, 0, 0, 6791.80, 4, 0, 0, 13.37, 1493, 923, 6184.38, 17387, 15832
1694941736, 0, 0, 35, 0, 0, 6791.80, 4, 0, 0, 18.40, 1496, 926, 6184.38, 17387, 15832
1694941740, 0, 0, 35, 0, 0, 6791.80, 4, 0, 0, 0.21, 1497, 926, 6184.38, 17387, 15832
1694941741, 0, 0, 35, 0, 0, 6791.80, 4, 0, 0, 9.46, 1499, 927, 6184.38, 17387, 15832
1694941741, 0, 0, 35, 0, 0, 6791.80, 4, 0, 0, 12.16, 1502, 928, 6184.38, 17387, 15832
1694941748, 0, 0, 35, 0, 0, 6791.80, 4, 0, 0, 0.26, 1503, 929, 6184.38, 17387, 15832
1694941749, 0, 0, 35, 0, 0, 6791.80, 4, 0, 0, 13.16, 1506, 930, 6184.38, 17387, 15832
1694941749, 0, 0, 35, 0, 0, 6791.80, 4, 0, 0, 21.94, 1509, 934, 6184.38, 17387, 15832
1694941753, 0, 0, 35, 0, 0, 6791.80, 4, 0, 0, 0.53, 1511, 934, 6184.38, 17387, 15832
1694941753, 0, 0, 35, 0, 0, 6791.80, 4, 0, 0, 24.32, 1516, 937, 6184.38, 17387, 15832
1694941761, 0, 0, 35, 0, 0, 6791.80, 4, 0, 0, 0.66, 1520, 938, 6184.38, 17387, 15832
1694941765, 0, 0, 35, 0, 0, 6791.80, 4, 0, 0, 0.91, 1521, 941, 6184.38, 17387, 15832
1694941765, 0, 0, 35, 0, 0, 6791.80, 4, 0, 0, 21.41, 1524, 945, 6184.38, 17387, 15832
1694941766, 0, 0, 35, 0, 0, 6791.80, 4, 0, 0, 16.71, 1528, 947, 6184.38, 17387, 15832
1694941766, 0, 0, 35, 0, 0, 6791.80, 4, 0, 0, 16.56, 1532, 948, 6184.38, 17387, 15832
1694941766, 0, 0, 35, 0, 0, 6791.80, 4, 0, 0, 17.39, 1536, 950, 6184.38, 17387, 15832
1694941772, 0, 0, 35, 0, 0, 6791.80, 4, 0, 0, 1.19, 1540, 952, 6184.38, 17387, 15832
1694941772, 0, 0, 35, 0, 0, 6791.80, 4, 0, 0, 10.34, 1543, 953, 6184.38, 17387, 15832
1694941777, 0, 0, 35, 0, 0, 6791.80, 4, 0, 0, 0.83, 1543, 957, 6184.38, 17387, 15832
1694941784, 0, 0, 35, 0, 0, 6791.80, 4, 0, 0, 0.26, 1545, 957, 6184.38, 17387, 15832
1694941785, 0, 0, 35, 0, 0, 6791.80, 4, 0, 0, 15.15, 1547, 960, 6184.38, 17387, 15832
1694941785, 0, 0, 35, 0, 0, 6791.80, 4, 0, 0, 9.76, 1549, 962, 6184.38, 17387, 15832
1694941785, 0, 0, 35, 0, 0, 6791.80, 4, 0, 0, 16.50, 1551, 965, 6184.38, 17387, 15832
1694941786, 0, 0, 35, 0, 0, 6791.80, 4, 0, 0, 8.91, 1553, 968, 6184.38, 17387, 15832
1694941791, 0, 0, 35, 0, 0, 6791.80, 4, 0, 0, 0.21, 1554, 968, 6184.38, 17387, 15832
1694941794, 0, 0, 35, 0, 0, 6791.80, 4, 0, 0, 1.07, 1555, 971, 6184.38, 17387, 15832
1694941795, 0, 0, 35, 0, 0, 6791.80, 4, 0, 0, 17.19, 1557, 975, 6184.38, 17387, 15832
1694941795, 0, 0, 35, 0, 0, 6791.80, 4, 0, 0, 11.59, 1558, 978, 6184.38, 17387, 15832
1694941801, 0, 0, 35, 0, 0, 6791.80, 4, 0, 0, 0.53, 1560, 979, 6184.38, 17387, 15832
1694941809, 0, 0, 35, 0, 0, 6791.80, 4, 0, 0, 1.01, 1564, 983, 6184.38, 17387, 15832
1694941816, 0, 0, 36, 0, 0, 6792.97, 4, 0, 0, 0.14, 1565, 983, 6185.55, 17390, 15835
1694941826, 0, 0, 36, 0, 0, 6792.97, 4, 0, 0, 0.49, 1568, 985, 6185.55, 17390, 15835
1694941834, 0, 0, 36, 0, 0, 6792.97, 4, 0, 0, 0.38, 1571, 985, 6185.55, 17390, 15835
1694941843, 0, 0, 36, 0, 0, 6792.97, 4, 0, 0, 0.22, 1573, 985, 6185.55, 17390, 15835
1694941843, 0, 0, 36, 0, 0, 6792.97, 4, 0, 0, 12.53, 1578, 985, 6185.55, 17390, 15835
1694941844, 0, 0, 36, 0, 0, 6792.97, 4, 0, 0, 9.15, 1581, 986, 6185.55, 17390, 15835
1694941850, 0, 0, 36, 0, 0, 6792.97, 4, 0, 0, 0.79, 1584, 988, 6185.55, 17390, 15835
1694941850, 0, 0, 36, 0, 0, 6792.97, 4, 0, 0, 3.10, 1585, 988, 6185.55, 17390, 15835
1694941851, 0, 0, 36, 0, 0, 6792.97, 4, 0, 0, 8.57, 1587, 989, 6185.55, 17390, 15835
1694941857, 0, 0, 36, 0, 0, 6792.97, 4, 0, 0, 0.64, 1590, 990, 6185.55, 17390, 15835
1694941862, 0, 0, 36, 0, 0, 6792.97, 4, 0, 0, 0.18, 1591, 990, 6185.55, 17390, 15835
1694941869, 0, 0, 36, 0, 0, 6792.97, 4, 0, 0, 0.47, 1594, 990, 6185.55, 17390, 15835
1694941869, 0, 0, 36, 0, 0, 6792.97, 4, 0, 0, 9.12, 1595, 992, 6185.55, 17390, 15835
1694941876, 0, 0, 36, 0, 0, 6792.97, 4, 0, 0, 0.31, 1597, 992, 6185.55, 17390, 15835
1694941876, 0, 0, 36, 0, 0, 6792.97, 4, 0, 0, 18.87, 1601, 995, 6185.55, 17390, 15835
1694941883, 0, 0, 36, 0, 0, 6792.97, 4, 0, 0, 0.40, 1602, 997, 6185.55, 17390, 15835
1694941888, 0, 0, 36, 0, 0, 6792.97, 4, 0, 0, 0.20, 1603, 997, 6185.55, 17390, 15835
1694941894, 0, 0, 36, 0, 0, 6792.97, 4, 0, 0, 0.35, 1605, 997, 6185.55, 17390, 15835
1694941895, 0, 0, 36, 0, 0, 6792.97, 4, 0, 0, 13.74, 1606, 1001, 6185.55, 17390, 15835
1694941895, 0, 0, 36, 0, 0, 6792.97, 4, 0, 0, 8.58, 1609, 1002, 6185.55, 17390, 15835
1694941895, 0, 0, 36, 0, 0, 6792.97, 4, 0, 0, 13.51, 1612, 1004, 6185.55, 17390, 15835
1694941901, 0, 0, 36, 0, 0, 6792.97, 4, 0, 0, 0.74, 1615, 1005, 6185.55, 17390, 15835
1694941901, 0, 0, 36, 0, 0, 6792.97, 4, 0, 0, 8.93, 1617, 1006, 6185.55, 17390, 15835
1694941902, 0, 0, 36, 0, 0, 6792.97, 4, 0, 0, 11.88, 1619, 1009, 6185.55, 17390, 15835
1694941902, 0, 0, 36, 0, 0, 6792.97, 4, 0, 0, 18.96, 1625, 1011, 6185.55, 17390, 15835
1694941902, 0, 0, 36, 0, 0, 6792.97, 4, 0, 0, 9.77, 1625, 1014, 6185.55, 17390, 15835
1694941903, 0, 0, 36, 0, 0, 6792.97, 4, 0, 0, 12.94, 1628, 1015, 6185.55, 17390, 15835
1694941903, 0, 0, 36, 0, 0, 6792.97, 4, 0, 0, 14.96, 1633, 1016, 6185.55, 17390, 15835
1694941909, 0, 0, 36, 0, 0, 6792.97, 4, 0, 0, 0.17, 1634, 1016, 6185.55, 17390, 15835
1694941915, 0, 0, 36, 0, 0, 6792.97, 4, 0, 0, 0.18, 1635, 1016, 6185.55, 17390, 15835
1694941915, 0, 0, 36, 0, 0, 6792.97, 4, 0, 0, 19.54, 1637, 1020, 6185.55, 17390, 15835
1694941920, 0, 0, 36, 0, 0, 6792.97, 4, 0, 0, 0.19, 1638, 1020, 6185.55, 17390, 15835
1694941920, 0, 0, 36, 0, 0, 6792.97, 4, 0, 0, 8.06, 1641, 1020, 6185.55, 17390, 15835
1694941921, 0, 0, 36, 0, 0, 6792.97, 4, 0, 0, 10.50, 1645, 1021, 6185.55, 17390, 15835
1694941927, 0, 0, 36, 0, 0, 6792.97, 4, 0, 0, 0.18, 1646, 1021, 6185.55, 17390, 15835
1694941927, 0, 0, 36, 0, 0, 6792.97, 4, 0, 0, 16.45, 1648, 1024, 6185.55, 17390, 15835
1694941927, 0, 0, 36, 0, 0, 6792.97, 4, 0, 0, 12.54, 1650, 1026, 6185.55, 17390, 15835
1694941927, 0, 0, 36, 0, 0, 6792.97, 4, 0, 0, 12.94, 1654, 1026, 6185.55, 17390, 15835
1694941933, 0, 0, 36, 0, 0, 6792.97, 4, 0, 0, 1.22, 1657, 1030, 6185.55, 17390, 15835
1694941934, 0, 0, 36, 0, 0, 6792.97, 4, 0, 0, 14.29, 1661, 1031, 6185.55, 17390, 15835
1694941939, 0, 0, 36, 0, 0, 6792.97, 4, 0, 0, 0.69, 1665, 1031, 6185.55, 17390, 15835
1694941940, 0, 0, 36, 0, 0, 6792.97, 4, 0, 0, 21.47, 1669, 1034, 6185.55, 17390, 15835
1694941940, 0, 0, 36, 0, 0, 6792.97, 4, 0, 0, 13.89, 1674, 1034, 6185.55, 17390, 15835
1694941945, 0, 0, 36, 0, 0, 6792.97, 4, 0, 0, 0.59, 1676, 1035, 6185.55, 17390, 15835
1694941954, 0, 0, 36, 0, 0, 6792.97, 4, 0, 0, 0.23, 1678, 1035, 6185.55, 17390, 15835
1694941959, 0, 0, 36, 0, 0, 6792.97, 4, 0, 0, 0.21, 1679, 1035, 6185.55, 17390, 15835
1694941959, 0, 0, 36, 0, 0, 6792.97, 4, 0, 0, 9.55, 1682, 1036, 6185.55, 17390, 15835
1694941959, 0, 0, 36, 0, 0, 6792.97, 4, 0, 0, 11.08, 1683, 1039, 6185.55, 17390, 15835
1694941960, 0, 0, 36, 0, 0, 6792.97, 4, 0, 0, 16.03, 1685, 1042, 6185.55, 17390, 15835
1694941960, 0, 0, 36, 0, 0, 6792.97, 4, 0, 0, 7.62, 1688, 1043, 6185.55, 17390, 15835
1694941966, 0, 0, 36, 0, 0, 6792.97, 4, 0, 0, 0.50, 1690, 1044, 6185.55, 17390, 15835
1694941967, 0, 0, 36, 0, 0, 6792.97, 4, 0, 0, 10.26, 1692, 1046, 6185.55, 17390, 15835
1694941971, 0, 0, 36, 0, 0, 6792.97, 4, 0, 0, 1.09, 1696, 1047, 6185.55, 17390, 15835
1694941972, 0, 0, 36, 0, 0, 6792.97, 4, 0, 0, 10.99, 1697, 1050, 6185.55, 17390, 15835
1694941972, 0, 0, 36, 0, 0, 6792.97, 4, 0, 0, 8.83, 1701, 1050, 6185.55, 17390, 15835
1694941972, 0, 0, 36, 0, 0, 6792.97, 4, 0, 0, 15.43, 1704, 1052, 6185.55, 17390, 15835
1694941973, 0, 0, 36, 0, 0, 6792.97, 4, 0, 0, 9.20, 1706, 1053, 6185.55, 17390, 15835
1694941973, 0, 0, 36, 0, 0, 6792.97, 4, 0, 0, 7.63, 1708, 1054, 6185.55, 17390, 15835
1694941973, 0, 0, 36, 0, 0, 6792.97, 4, 0, 0, 10.39, 1710, 1056, 6185.55, 17390, 15835
1694941974, 0, 0, 36, 0, 0, 6792.97, 4, 0, 0, 10.93, 1711, 1059, 6185.55, 17390, 15835
1694941974, 0, 0, 36, 0, 0, 6792.97, 4, 0, 0, 9.68, 1713, 1060, 6185.55, 17390, 15835
1694941974, 0, 0, 36, 0, 0, 6792.97, 4, 0, 0, 9.26, 1714, 1062, 6185.55, 17390, 15835
1694941981, 0, 0, 36, 0, 0, 6792.97, 4, 0, 0, 0.14, 1715, 1062, 6185.55, 17390, 15835
1694941982, 0, 0, 36, 0, 0, 6792.97, 4, 0, 0, 9.90, 1717, 1064, 6185.55, 17390, 15835
1694941982, 0, 0, 36, 0, 0, 6792.97, 4, 0, 0, 9.90, 1718, 1066, 6185.55, 17390, 15835
1694941982, 0, 0, 36, 0, 0, 6792.97, 4, 0, 0, 9.62, 1720, 1067, 6185.55, 17390, 15835
1694941983, 0, 0, 36, 0, 0, 6792.97, 4, 0, 0, 12.74, 1723, 1068, 6185.55, 17390, 15835
1694941983, 0, 0, 36, 0, 0, 6792.97, 4, 0, 0, 11.43, 1725, 1070, 6185.55, 17390, 15835
1694941988, 0, 0, 36, 0, 0, 6792.97, 4, 0, 0, 0.40, 1727, 1070, 6185.55, 17390, 15835
1694941988, 0, 0, 36, 0, 0, 6792.97, 4, 0, 0, 6.51, 1728, 1071, 6185.55, 17390, 15835
1694941989, 0, 0, 36, 0, 0, 6792.97, 4, 0, 0, 4.54, 1729, 1072, 6185.55, 17390, 15835
1694941989, 0, 0, 36, 0, 0, 6792.97, 4, 0, 0, 9.85, 1731, 1074, 6185.55, 17390, 15835
1694941995, 0, 0, 36, 0, 0, 6792.97, 4, 0, 0, 0.17, 1732, 1074, 6185.55, 17390, 15835
1694941996, 0, 0, 36, 0, 0, 6792.97, 4, 0, 0, 10.00, 1733, 1076, 6185.55, 17390, 15835
1694941999, 0, 0, 36, 0, 0, 6792.97, 4, 0, 0, 1.58, 1736, 1079, 6185.55, 17390, 15835
1694942000, 0, 0, 36, 0, 0, 6792.97, 4, 0, 0, 11.63, 1738, 1082, 6185.55, 17390, 15835
1694942009, 0, 0, 36, 0, 0, 6792.97, 4, 0, 0, 0.11, 1739, 1082, 6185.55, 17390, 15835
1694942009, 0, 0, 36, 0, 0, 6792.97, 4, 0, 0, 8.00, 1741, 1083, 6185.55, 17390, 15835
1694942010, 0, 0, 36, 0, 0, 6792.97, 4, 0, 0, 8.06, 1743, 1084, 6185.55, 17390, 15835
1694942018, 0, 0, 36, 0, 0, 6792.97, 4, 0, 0, 0.37, 1745, 1085, 6185.55, 17390, 15835
1694942023, 0, 0, 36, 0, 0, 6792.97, 4, 0, 0, 0.18, 1746, 1085, 6185.55, 17390, 15835
1694942033, 0, 0, 36, 0, 0, 6792.97, 4, 0, 0, 0.10, 1747, 1085, 6185.55, 17390, 15835
1694942033, 0, 0, 36, 0, 0, 6792.97, 4, 0, 0, 11.05, 1748, 1088, 6185.55, 17390, 15835
1694942034, 0, 0, 36, 0, 0, 6792.97, 4, 0, 0, 11.43, 1750, 1090, 6185.55, 17390, 15835
1694942034, 0, 0, 36, 0, 0, 6792.97, 4, 0, 0, 17.14, 1753, 1093, 6185.55, 17390, 15835
1694942034, 0, 0, 36, 0, 0, 6792.97, 4, 0, 0, 3.18, 1754, 1093, 6185.55, 17390, 15835
1694942035, 0, 0, 36, 0, 0, 6792.97, 4, 0, 0, 8.80, 1756, 1094, 6185.55, 17390, 15835
1694942039, 0, 0, 36, 0, 0, 6792.97, 4, 0, 0, 0.24, 1757, 1094, 6185.55, 17390, 15835
1694942046, 0, 0, 36, 0, 0, 6792.97, 4, 0, 0, 0.15, 1758, 1094, 6185.55, 17390, 15835
1694942046, 0, 0, 36, 0, 0, 6792.97, 4, 0, 0, 16.95, 1763, 1095, 6185.55, 17390, 15835
1694942046, 0, 0, 36, 0, 0, 6792.97, 4, 0, 0, 19.74, 1767, 1097, 6185.55, 17390, 15835
1694942047, 0, 0, 36, 0, 0, 6792.97, 4, 0, 0, 19.11, 1770, 1100, 6185.55, 17390, 15835
1694942047, 0, 0, 36, 0, 0, 6792.97, 4, 0, 0, 16.03, 1773, 1102, 6185.55, 17390, 15835
1694942052, 0, 0, 36, 0, 0, 6792.97, 4, 0, 0, 0.21, 1774, 1102, 6185.55, 17390, 15835
1694942056, 0, 0, 36, 0, 0, 6792.97, 4, 0, 0, 0.49, 1776, 1102, 6185.55, 17390, 15835
1694942056, 0, 0, 36, 0, 0, 6792.97, 4, 0, 0, 9.84, 1778, 1103, 6185.55, 17390, 15835
1694942056, 0, 0, 36, 0, 0, 6792.97, 4, 0, 0, 9.52, 1780, 1104, 6185.55, 17390, 15835
1694942063, 0, 0, 36, 0, 0, 6792.97, 4, 0, 0, 0.30, 1782, 1104, 6185.55, 17390, 15835
1694942063, 0, 0, 36, 0, 0, 6792.97, 4, 0, 0, 9.97, 1782, 1107, 6185.55, 17390, 15835
1694942070, 0, 0, 36, 0, 0, 6792.97, 4, 0, 0, 0.15, 1783, 1107, 6185.55, 17390, 15835
1694942070, 0, 0, 36, 0, 0, 6792.97, 4, 0, 0, 13.33, 1785, 1110, 6185.55, 17390, 15835
1694942071, 0, 0, 36, 0, 0, 6792.97, 4, 0, 0, 19.93, 1787, 1114, 6185.55, 17390, 15835
1694942075, 0, 0, 36, 0, 0, 6792.97, 4, 0, 0, 0.45, 1789, 1114, 6185.55, 17390, 15835
1694942080, 0, 0, 36, 0, 0, 6792.97, 4, 0, 0, 0.19, 1790, 1114, 6185.55, 17390, 15835
1694942086, 0, 0, 36, 0, 0, 6792.97, 4, 0, 0, 0.19, 1791, 1114, 6185.55, 17390, 15835
1694942086, 0, 0, 36, 0, 0, 6792.97, 4, 0, 0, 9.90, 1792, 1116, 6185.55, 17390, 15835
1694942086, 0, 0, 36, 0, 0, 6792.97, 4, 0, 0, 12.35, 1795, 1117, 6185.55, 17390, 15835
1694942087, 0, 0, 36, 0, 0, 6792.97, 4, 0, 0, 10.00, 1796, 1119, 6185.55, 17390, 15835
1694942087, 0, 0, 36, 0, 0, 6792.97, 4, 0, 0, 7.81, 1799, 1119, 6185.55, 17390, 15835
1694942087, 0, 0, 36, 0, 0, 6792.97, 4, 0, 0, 13.97, 1802, 1121, 6185.55, 17390, 15835
1694942094, 0, 0, 36, 0, 0, 6792.97, 4, 0, 0, 0.29, 1804, 1121, 6185.55, 17390, 15835
1694942095, 0, 0, 36, 0, 0, 6792.97, 4, 0, 0, 9.98, 1808, 1121, 6185.55, 17390, 15835
1694942100, 0, 0, 36, 0, 0, 6792.97, 4, 0, 0, 0.90, 1810, 1124, 6185.55, 17390, 15835
1694942106, 0, 0, 36, 0, 0, 6792.97, 4, 0, 0, 0.38, 1811, 1125, 6185.55, 17390, 15835
1694942111, 0, 0, 36, 0, 0, 6792.97, 4, 0, 0, 0.74, 1812, 1128, 6185.55, 17390, 15835
1694942111, 0, 0, 36, 0, 0, 6792.97, 4, 0, 0, 12.35, 1816, 1128, 6185.55, 17390, 15835
1694942112, 0, 0, 36, 0, 0, 6792.97, 4, 0, 0, 9.50, 1818, 1130, 6185.55, 17390, 15835
1694942112, 0, 0, 36, 0, 0, 6792.97, 4, 0, 0, 9.92, 1822, 1131, 6185.55, 17390, 15835
1694942113, 0, 0, 36, 0, 0, 6792.97, 4, 0, 0, 10.81, 1826, 1131, 6185.55, 17390, 15835
1694942113, 0, 0, 36, 0, 0, 6792.97, 4, 0, 0, 15.92, 1831, 1131, 6185.55, 17390, 15835
1694942118, 0, 0, 36, 0, 0, 6792.97, 4, 0, 0, 0.73, 1833, 1133, 6185.55, 17390, 15835
1694942119, 0, 0, 36, 0, 0, 6792.97, 4, 0, 0, 16.08, 1838, 1133, 6185.55, 17390, 15835
1694942119, 0, 0, 36, 0, 0, 6792.97, 4, 0, 0, 12.99, 1841, 1134, 6185.55, 17390, 15835
1694942119, 0, 0, 36, 0, 0, 6792.97, 4, 0, 0, 15.15, 1845, 1135, 6185.55, 17390, 15835
1694942125, 0, 0, 36, 0, 0, 6792.97, 4, 0, 0, 0.17, 1846, 1135, 6185.55, 17390, 15835
1694942126, 0, 0, 36, 0, 0, 6792.97, 4, 0, 0, 9.65, 1847, 1137, 6185.55, 17390, 15835
1694942126, 0, 0, 36, 0, 0, 6792.97, 4, 0, 0, 8.33, 1849, 1138, 6185.55, 17390, 15835
1694942131, 0, 0, 36, 0, 0, 6792.97, 4, 0, 0, 0.39, 1851, 1138, 6185.55, 17390, 15835
1694942131, 0, 0, 36, 0, 0, 6792.97, 4, 0, 0, 6.37, 1853, 1138, 6185.55, 17390, 15835
1694942139, 0, 0, 36, 0, 0, 6792.97, 4, 0, 0, 0.13, 1854, 1138, 6185.55, 17390, 15835
1694942144, 0, 0, 36, 0, 0, 6792.97, 4, 0, 0, 0.67, 1857, 1138, 6185.55, 17390, 15835
1694942149, 0, 0, 36, 0, 0, 6792.97, 4, 0, 0, 0.18, 1858, 1138, 6185.55, 17390, 15835
1694942149, 0, 0, 36, 0, 0, 6792.97, 4, 0, 0, 13.29, 1861, 1139, 6185.55, 17390, 15835
1694942150, 0, 0, 36, 0, 0, 6792.97, 4, 0, 0, 9.20, 1865, 1139, 6185.55, 17390, 15835
1694942150, 0, 0, 36, 0, 0, 6792.97, 4, 0, 0, 14.25, 1868, 1141, 6185.55, 17390, 15835
1694942151, 0, 0, 36, 0, 0, 6792.97, 4, 0, 0, 10.53, 1870, 1143, 6185.55, 17390, 15835
1694942151, 0, 0, 36, 0, 0, 6792.97, 4, 0, 0, 19.17, 1875, 1144, 6185.55, 17390, 15835
1694942156, 0, 0, 36, 0, 0, 6792.97, 4, 0, 0, 1.01, 1880, 1144, 6185.55, 17390, 15835
1694942156, 0, 0, 36, 0, 0, 6792.97, 4, 0, 0, 5.71, 1882, 1144, 6185.55, 17390, 15835
1694942157, 0, 0, 36, 0, 0, 6792.97, 4, 0, 0, 8.57, 1885, 1144, 6185.55, 17390, 15835
1694942157, 0, 0, 36, 0, 0, 6792.97, 4, 0, 0, 11.73, 1888, 1145, 6185.55, 17390, 15835
1694942157, 0, 0, 36, 0, 0, 6792.97, 4, 0, 0, 9.84, 1890, 1146, 6185.55, 17390, 15835
1694942166, 0, 0, 36, 0, 0, 6792.97, 4, 0, 0, 0.24, 1892, 1146, 6185.55, 17390, 15835
1694942178, 0, 0, 36, 0, 0, 6792.97, 4, 0, 0, 0.33, 1895, 1147, 6185.55, 17390, 15835
1694942184, 0, 0, 36, 0, 0, 6792.97, 4, 0, 0, 0.17, 1896, 1147, 6185.55, 17390, 15835
1694942184, 0, 0, 36, 0, 0, 6792.97, 4, 0, 0, 5.90, 1897, 1148, 6185.55, 17390, 15835
1694942185, 0, 0, 36, 0, 0, 6792.97, 4, 0, 0, 9.74, 1898, 1150, 6185.55, 17390, 15835
1694942191, 0, 0, 36, 0, 0, 6792.97, 4, 0, 0, 0.30, 1900, 1150, 6185.55, 17390, 15835
1694942191, 0, 0, 36, 0, 0, 6792.97, 4, 0, 0, 12.12, 1903, 1151, 6185.55, 17390, 15835
1694942192, 0, 0, 36, 0, 0, 6792.97, 4, 0, 0, 6.58, 1906, 1151, 6185.55, 17390, 15835
1694942192, 0, 0, 36, 0, 0, 6792.97, 4, 0, 0, 6.23, 1907, 1152, 6185.55, 17390, 15835
1694942193, 0, 0, 36, 0, 0, 6792.97, 4, 0, 0, 3.11, 1908, 1152, 6185.55, 17390, 15835
1694942199, 0, 0, 36, 0, 0, 6792.97, 4, 0, 0, 0.33, 1909, 1153, 6185.55, 17390, 15835
1694942199, 0, 0, 36, 0, 0, 6792.97, 4, 0, 0, 14.58, 1912, 1155, 6185.55, 17390, 15835
1694942199, 0, 0, 36, 0, 0, 6792.97, 4, 0, 0, 5.25, 1913, 1156, 6185.55, 17390, 15835
1694942205, 0, 0, 36, 0, 0, 6792.97, 4, 0, 0, 0.53, 1916, 1156, 6185.55, 17390, 15835
1694942205, 0, 0, 36, 0, 0, 6792.97, 4, 0, 0, 9.90, 1917, 1158, 6185.55, 17390, 15835
1694942206, 0, 0, 36, 0, 0, 6792.97, 4, 0, 0, 9.55, 1917, 1161, 6185.55, 17390, 15835
1694942206, 0, 0, 36, 0, 0, 6792.97, 4, 0, 0, 6.15, 1918, 1162, 6185.55, 17390, 15835
1694942206, 0, 0, 36, 0, 0, 6792.97, 4, 0, 0, 9.52, 1919, 1164, 6185.55, 17390, 15835
1694942213, 0, 0, 36, 0, 0, 6792.97, 4, 0, 0, 0.28, 1921, 1164, 6185.55, 17390, 15835
1694942221, 0, 0, 36, 0, 0, 6792.97, 4, 0, 0, 0.37, 1924, 1164, 6185.55, 17390, 15835
1694942222, 0, 0, 36, 0, 0, 6792.97, 4, 0, 0, 4.07, 1926, 1164, 6185.55, 17390, 15835
1694942222, 0, 0, 36, 0, 0, 6792.97, 4, 0, 0, 9.15, 1927, 1166, 6185.55, 17390, 15835
1694942223, 0, 0, 36, 0, 0, 6792.97, 4, 0, 0, 5.99, 1928, 1168, 6185.55, 17390, 15835
1694942230, 0, 0, 36, 0, 0, 6792.97, 4, 0, 0, 0.59, 1932, 1168, 6185.55, 17390, 15835
1694942230, 0, 0, 36, 0, 0, 6792.97, 4, 0, 0, 9.62, 1933, 1171, 6185.55, 17390, 15835
1694942230, 0, 0, 36, 0, 0, 6792.97, 4, 0, 0, 7.33, 1935, 1172, 6185.55, 17390, 15835
1694942231, 0, 0, 36, 0, 0, 6792.97, 4, 0, 0, 8.52, 1937, 1173, 6185.55, 17390, 15835
1694942231, 0, 0, 36, 0, 0, 6792.97, 4, 0, 0, 8.40, 1939, 1174, 6185.55, 17390, 15835
1694942231, 0, 0, 36, 0, 0, 6792.97, 4, 0, 0, 8.47, 1942, 1174, 6185.55, 17390, 15835
1694942232, 0, 0, 36, 0, 0, 6792.97, 4, 0, 0, 8.62, 1944, 1175, 6185.55, 17390, 15835
1694942232, 0, 0, 36, 0, 0, 6792.97, 4, 0, 0, 4.72, 1946, 1176, 6185.55, 17390, 15835
1694942233, 0, 0, 36, 0, 0, 6792.97, 4, 0, 0, 11.83, 1947, 1179, 6185.55, 17390, 15835
1694942241, 0, 0, 36, 0, 0, 6792.97, 4, 0, 0, 0.25, 1948, 1180, 6185.55, 17390, 15835
1694942241, 0, 0, 36, 0, 0, 6792.97, 4, 0, 0, 6.39, 1949, 1181, 6185.55, 17390, 15835
1694942242, 0, 0, 36, 0, 0, 6792.97, 4, 0, 0, 4.44, 1951, 1181, 6185.55, 17390, 15835
1694942249, 0, 0, 36, 0, 0, 6792.97, 4, 0, 0, 0.14, 1952, 1181, 6185.55, 17390, 15835
1694942249, 0, 0, 36, 0, 0, 6792.97, 4, 0, 0, 7.71, 1955, 1181, 6185.55, 17390, 15835
1694942250, 0, 0, 36, 0, 0, 6792.97, 4, 0, 0, 9.20, 1956, 1183, 6185.55, 17390, 15835
1694942250, 0, 0, 36, 0, 0, 6792.97, 4, 0, 0, 7.87, 1959, 1183, 6185.55, 17390, 15835
1694942250, 0, 0, 36, 0, 0, 6792.97, 4, 0, 0, 12.94, 1963, 1183, 6185.55, 17390, 15835
1694942251, 0, 0, 36, 0, 0, 6792.97, 4, 0, 0, 10.53, 1965, 1185, 6185.55, 17390, 15835
1694942258, 0, 0, 36, 0, 0, 6792.97, 4, 0, 0, 0.56, 1968, 1186, 6185.55, 17390, 15835
1694942258, 0, 0, 36, 0, 0, 6792.97, 4, 0, 0, 5.00, 1970, 1186, 6185.55, 17390, 15835
1694942258, 0, 0, 36, 0, 0, 6792.97, 4, 0, 0, 6.58, 1971, 1187, 6185.55, 17390, 15835
1694942264, 0, 0, 36, 0, 0, 6792.97, 4, 0, 0, 0.34, 1972, 1188, 6185.55, 17390, 15835
1694942265, 0, 0, 36, 0, 0, 6792.97, 4, 0, 0, 9.55, 1973, 1190, 6185.55, 17390, 15835
1694942265, 0, 0, 36, 0, 0, 6792.97, 4, 0, 0, 14.08, 1976, 1192, 6185.55, 17390, 15835
1694942272, 0, 0, 36, 0, 0, 6792.97, 4, 0, 0, 0.76, 1981, 1192, 6185.55, 17390, 15835
1694942272, 0, 0, 36, 0, 0, 6792.97, 4, 0, 0, 12.74, 1982, 1195, 6185.55, 17390, 15835
1694942272, 0, 0, 36, 0, 0, 6792.97, 4, 0, 0, 14.12, 1983, 1199, 6185.55, 17390, 15835
1694942273, 0, 0, 36, 0, 0, 6792.97, 4, 0, 0, 12.50, 1985, 1201, 6185.55, 17390, 15835
1694942273, 0, 0, 36, 0, 0, 6792.97, 4, 0, 0, 5.88, 1985, 1203, 6185.55, 17390, 15835
1694942273, 0, 0, 36, 0, 0, 6792.97, 4, 0, 0, 9.80, 1987, 1205, 6185.55, 17390, 15835
1694942274, 0, 0, 36, 0, 0, 6792.97, 4, 0, 0, 5.90, 1988, 1206, 6185.55, 17390, 15835
1694942278, 0, 0, 36, 0, 0, 6792.97, 4, 0, 0, 0.21, 1989, 1206, 6185.55, 17390, 15835
1694942279, 0, 0, 36, 0, 0, 6792.97, 4, 0, 0, 8.82, 1989, 1209, 6185.55, 17390, 15835
1694942285, 0, 0, 36, 0, 0, 6792.97, 4, 0, 0, 0.90, 1992, 1212, 6185.55, 17390, 15835
1694942286, 0, 0, 36, 0, 0, 6792.97, 4, 0, 0, 5.22, 1993, 1213, 6185.55, 17390, 15835
1694942286, 0, 0, 36, 0, 0, 6792.97, 4, 0, 0, 5.98, 1996, 1213, 6185.55, 17390, 15835
1694942287, 0, 0, 36, 0, 0, 6792.97, 4, 0, 0, 11.53, 2000, 1213, 6185.55, 17390, 15835
1694942294, 0, 0, 36, 0, 0, 6792.97, 4, 0, 0, 0.44, 2001, 1215, 6185.55, 17390, 15835
1694942294, 0, 0, 36, 0, 0, 6792.97, 4, 0, 0, 12.05, 2003, 1217, 6185.55, 17390, 15835
1694942294, 0, 0, 36, 0, 0, 6792.97, 4, 0, 0, 4.93, 2005, 1217, 6185.55, 17390, 15835
1694942301, 0, 0, 36, 0, 0, 6792.97, 4, 0, 0, 0.16, 2006, 1217, 6185.55, 17390, 15835
1694942301, 0, 0, 36, 0, 0, 6792.97, 4, 0, 0, 9.17, 2007, 1219, 6185.55, 17390, 15835
1694942301, 0, 0, 36, 0, 0, 6792.97, 4, 0, 0, 6.56, 2009, 1219, 6185.55, 17390, 15835
1694942308, 0, 0, 36, 0, 0, 6792.97, 4, 0, 0, 0.14, 2010, 1219, 6185.55, 17390, 15835
1694942309, 0, 0, 36, 0, 0, 6792.97, 4, 0, 0, 7.16, 2012, 1220, 6185.55, 17390, 15835
1694942316, 0, 0, 36, 0, 0, 6792.97, 4, 0, 0, 0.14, 2013, 1220, 6185.55, 17390, 15835
1694942316, 0, 0, 36, 0, 0, 6792.97, 4, 0, 0, 6.10, 2013, 1222, 6185.55, 17390, 15835
1694942317, 0, 0, 36, 0, 0, 6792.97, 4, 0, 0, 6.19, 2015, 1223, 6185.55, 17390, 15835
1694942317, 0, 0, 36, 0, 0, 6792.97, 4, 0, 0, 8.11, 2017, 1224, 6185.55, 17390, 15835
1694942318, 0, 0, 36, 0, 0, 6792.97, 4, 0, 0, 6.41, 2018, 1225, 6185.55, 17390, 15835
1694942318, 0, 0, 36, 0, 0, 6792.97, 4, 0, 0, 8.82, 2019, 1227, 6185.55, 17390, 15835
1694942337, 0, 0, 36, 0, 0, 6792.97, 4, 0, 0, 0.11, 2020, 1228, 6185.55, 17390, 15835
1694942365, 0, 0, 36, 0, 0, 6792.97, 4, 0, 0, 0.11, 2022, 1229, 6185.55, 17390, 15835
1694942365, 0, 0, 36, 0, 0, 6792.97, 4, 0, 0, 12.46, 2025, 1230, 6185.55, 17390, 15835
1694942379, 0, 0, 36, 0, 0, 6792.97, 4, 0, 0, 0.07, 2026, 1230, 6185.55, 17390, 15835
1694942380, 0, 0, 36, 0, 0, 6792.97, 4, 0, 0, 5.46, 2028, 1231, 6185.55, 17390, 15835
1694942387, 0, 0, 36, 0, 0, 6792.97, 4, 0, 0, 0.44, 2029, 1233, 6185.55, 17390, 15835
1694942414, 0, 0, 36, 0, 0, 6792.97, 4, 0, 0, 0.11, 2031, 1234, 6185.55, 17390, 15835
1694942414, 0, 0, 36, 0, 0, 6792.97, 4, 0, 0, 5.95, 2032, 1235, 6185.55, 17390, 15835
1694942414, 0, 0, 36, 0, 0, 6792.97, 4, 0, 0, 6.67, 2034, 1235, 6185.55, 17390, 15835
1694942415, 0, 0, 36, 0, 0, 6792.97, 4, 0, 0, 16.53, 2037, 1238, 6185.55, 17390, 15835
1694942420, 0, 0, 36, 0, 0, 6792.97, 4, 0, 0, 0.18, 2038, 1238, 6185.55, 17390, 15835
1694942421, 0, 0, 36, 0, 0, 6792.97, 4, 0, 0, 3.30, 2039, 1238, 6185.55, 17390, 15835
1694942428, 0, 0, 36, 0, 0, 6792.97, 4, 0, 0, 0.29, 2040, 1239, 6185.55, 17390, 15835
1694942428, 0, 0, 36, 0, 0, 6792.97, 4, 0, 0, 9.71, 2043, 1239, 6185.55, 17390, 15835
1694942428, 0, 0, 36, 0, 0, 6792.97, 4, 0, 0, 10.99, 2046, 1240, 6185.55, 17390, 15835
1694942429, 0, 0, 36, 0, 0, 6792.97, 4, 0, 0, 8.87, 2049, 1241, 6185.55, 17390, 15835
1694942429, 0, 0, 36, 0, 0, 6792.97, 4, 0, 0, 7.44, 2051, 1242, 6185.55, 17390, 15835
1694942429, 0, 0, 36, 0, 0, 6792.97, 4, 0, 0, 8.57, 2053, 1243, 6185.55, 17390, 15835
1694942430, 0, 0, 36, 0, 0, 6792.97, 4, 0, 0, 8.75, 2054, 1245, 6185.55, 17390, 15835
1694942430, 0, 0, 36, 0, 0, 6792.97, 4, 0, 0, 8.33, 2056, 1246, 6185.55, 17390, 15835
1694942431, 0, 0, 36, 0, 0, 6792.97, 4, 0, 0, 6.56, 2058, 1247, 6185.55, 17390, 15835
1694942431, 0, 0, 36, 0, 0, 6792.97, 4, 0, 0, 6.12, 2059, 1248, 6185.55, 17390, 15835
1694942431, 0, 0, 36, 0, 0, 6792.97, 4, 0, 0, 5.90, 2060, 1249, 6185.55, 17390, 15835
1694942437, 0, 0, 36, 0, 0, 6792.97, 4, 0, 0, 0.18, 2061, 1249, 6185.55, 17390, 15835
1694942437, 0, 0, 36, 0, 0, 6792.97, 4, 0, 0, 5.19, 2062, 1250, 6185.55, 17390, 15835
1694942438, 0, 0, 36, 0, 0, 6792.97, 4, 0, 0, 6.64, 2062, 1253, 6185.55, 17390, 15835
1694942438, 0, 0, 36, 0, 0, 6792.97, 4, 0, 0, 11.27, 2065, 1254, 6185.55, 17390, 15835
1694942444, 0, 0, 36, 0, 0, 6792.97, 4, 0, 0, 0.36, 2066, 1255, 6185.55, 17390, 15835
1694942470, 0, 0, 36, 0, 0, 6792.97, 4, 0, 0, 0.11, 2068, 1256, 6185.55, 17390, 15835
1694942470, 0, 0, 36, 0, 0, 6792.97, 4, 0, 0, 7.26, 2071, 1256, 6185.55, 17390, 15835
1694942470, 0, 0, 36, 0, 0, 6792.97, 4, 0, 0, 5.90, 2073, 1256, 6185.55, 17390, 15835
1694942471, 0, 0, 36, 0, 0, 6792.97, 4, 0, 0, 9.39, 2074, 1259, 6185.55, 17390, 15835
1694942471, 0, 0, 36, 0, 0, 6792.97, 4, 0, 0, 8.47, 2077, 1259, 6185.55, 17390, 15835
1694942472, 0, 0, 36, 0, 0, 6792.97, 4, 0, 0, 8.72, 2078, 1261, 6185.55, 17390, 15835
1694942479, 0, 0, 36, 0, 0, 6792.97, 4, 0, 0, 0.13, 2079, 1261, 6185.55, 17390, 15835
1694942483, 0, 0, 36, 0, 0, 6792.97, 4, 0, 0, 1.04, 2080, 1264, 6185.55, 17390, 15835
1694942483, 0, 0, 36, 0, 0, 6792.97, 4, 0, 0, 11.11, 2084, 1264, 6185.55, 17390, 15835
1694942484, 0, 0, 36, 0, 0, 6792.97, 4, 0, 0, 9.80, 2087, 1264, 6185.55, 17390, 15835
1694942484, 0, 0, 36, 0, 0, 6792.97, 4, 0, 0, 10.03, 2089, 1266, 6185.55, 17390, 15835
1694942490, 0, 0, 36, 0, 0, 6792.97, 4, 0, 0, 0.36, 2091, 1266, 6185.55, 17390, 15835
1694942496, 0, 0, 36, 0, 0, 6792.97, 4, 0, 0, 0.15, 2092, 1266, 6185.55, 17390, 15835
1694942497, 0, 0, 36, 0, 0, 6792.97, 4, 0, 0, 4.91, 2092, 1268, 6185.55, 17390, 15835
1694942497, 0, 0, 36, 0, 0, 6792.97, 4, 0, 0, 6.62, 2093, 1269, 6185.55, 17390, 15835
1694942498, 0, 0, 36, 0, 0, 6792.97, 4, 0, 0, 8.31, 2095, 1270, 6185.55, 17390, 15835
1694942498, 0, 0, 36, 0, 0, 6792.97, 4, 0, 0, 8.80, 2097, 1271, 6185.55, 17390, 15835
1694942504, 0, 0, 36, 0, 0, 6792.97, 4, 0, 0, 0.49, 2099, 1272, 6185.55, 17390, 15835
1694942504, 0, 0, 36, 0, 0, 6792.97, 4, 0, 0, 4.56, 2100, 1273, 6185.55, 17390, 15835
1694942505, 0, 0, 36, 0, 0, 6792.97, 4, 0, 0, 5.63, 2100, 1275, 6185.55, 17390, 15835
1694942505, 0, 0, 36, 0, 0, 6792.97, 4, 0, 0, 7.58, 2101, 1277, 6185.55, 17390, 15835
1694942505, 0, 0, 36, 0, 0, 6792.97, 4, 0, 0, 3.19, 2101, 1278, 6185.55, 17390, 15835
1694942506, 0, 0, 36, 0, 0, 6792.97, 4, 0, 0, 6.15, 2101, 1280, 6185.55, 17390, 15835
1694942506, 0, 0, 36, 0, 0, 6792.97, 4, 0, 0, 5.57, 2102, 1281, 6185.55, 17390, 15835
1694942507, 0, 0, 36, 0, 0, 6792.97, 4, 0, 0, 5.26, 2103, 1282, 6185.55, 17390, 15835
1694942507, 0, 0, 36, 0, 0, 6792.97, 4, 0, 0, 7.21, 2106, 1282, 6185.55, 17390, 15835
1694942507, 0, 0, 36, 0, 0, 6792.97, 4, 0, 0, 7.56, 2108, 1283, 6185.55, 17390, 15835
1694942508, 0, 0, 36, 0, 0, 6792.97, 4, 0, 0, 7.32, 2111, 1283, 6185.55, 17390, 15835
1694942519, 0, 0, 36, 0, 0, 6792.97, 4, 0, 0, 0.37, 2113, 1285, 6185.55, 17390, 15835
1694942519, 0, 0, 36, 0, 0, 6792.97, 4, 0, 0, 5.93, 2114, 1286, 6185.55, 17390, 15835
1694942519, 0, 0, 36, 0, 0, 6792.97, 4, 0, 0, 2.51, 2114, 1287, 6185.55, 17390, 15835
1694942520, 0, 0, 36, 0, 0, 6792.97, 4, 0, 0, 5.68, 2115, 1288, 6185.55, 17390, 15835
1694942520, 0, 0, 36, 0, 0, 6792.97, 4, 0, 0, 5.14, 2116, 1289, 6185.55, 17390, 15835
1694942520, 0, 0, 36, 0, 0, 6792.97, 4, 0, 0, 7.52, 2118, 1290, 6185.55, 17390, 15835
1694942528, 0, 0, 36, 0, 0, 6792.97, 4, 0, 0, 0.13, 2119, 1290, 6185.55, 17390, 15835
1694942534, 0, 0, 36, 0, 0, 6792.97, 4, 0, 0, 0.32, 2120, 1291, 6185.55, 17390, 15835
1694942535, 0, 0, 36, 0, 0, 6792.97, 4, 0, 0, 12.94, 2122, 1293, 6185.55, 17390, 15835
1694942535, 0, 0, 36, 0, 0, 6792.97, 4, 0, 0, 8.13, 2123, 1295, 6185.55, 17390, 15835
1694942535, 0, 0, 36, 0, 0, 6792.97, 4, 0, 0, 6.39, 2124, 1296, 6185.55, 17390, 15835
1694942543, 0, 0, 36, 0, 0, 6792.97, 4, 0, 0, 0.42, 2126, 1297, 6185.55, 17390, 15835
1694942550, 0, 0, 36, 0, 0, 6792.97, 4, 0, 0, 0.13, 2127, 1297, 6185.55, 17390, 15835
1694942550, 0, 0, 36, 0, 0, 6792.97, 4, 0, 0, 9.74, 2128, 1299, 6185.55, 17390, 15835
1694942551, 0, 0, 36, 0, 0, 6792.97, 4, 0, 0, 13.11, 2130, 1301, 6185.55, 17390, 15835
1694942551, 0, 0, 36, 0, 0, 6792.97, 4, 0, 0, 4.61, 2131, 1302, 6185.55, 17390, 15835
1694942552, 0, 0, 36, 0, 0, 6792.97, 4, 0, 0, 6.71, 2132, 1304, 6185.55, 17390, 15835
1694942552, 0, 0, 36, 0, 0, 6792.97, 4, 0, 0, 8.11, 2135, 1304, 6185.55, 17390, 15835
1694942579, 0, 0, 36, 0, 0, 6792.97, 4, 0, 0, 0.07, 2136, 1305, 6185.55, 17390, 15835
1694942580, 0, 0, 36, 0, 0, 6792.97, 4, 0, 0, 9.04, 2138, 1306, 6185.55, 17390, 15835
1694942580, 0, 0, 36, 0, 0, 6792.97, 4, 0, 0, 3.30, 2139, 1306, 6185.55, 17390, 15835
1694942580, 0, 0, 36, 0, 0, 6792.97, 4, 0, 0, 5.39, 2141, 1306, 6185.55, 17390, 15835
1694942581, 0, 0, 36, 0, 0, 6792.97, 4, 0, 0, 4.64, 2144, 1306, 6185.55, 17390, 15835
1694942581, 0, 0, 36, 0, 0, 6792.97, 4, 0, 0, 6.02, 2146, 1306, 6185.55, 17390, 15835
1694942590, 0, 0, 36, 0, 0, 6792.97, 4, 0, 0, 0.11, 2147, 1306, 6185.55, 17390, 15835
1694942596, 0, 0, 36, 0, 0, 6792.97, 4, 0, 0, 0.19, 2148, 1306, 6185.55, 17390, 15835
1694942596, 0, 0, 36, 0, 0, 6792.97, 4, 0, 0, 3.35, 2149, 1307, 6185.55, 17390, 15835
1694942597, 0, 0, 36, 0, 0, 6792.97, 4, 0, 0, 6.73, 2149, 1310, 6185.55, 17390, 15835
1694942603, 0, 0, 36, 0, 0, 6792.97, 4, 0, 0, 0.63, 2152, 1311, 6185.55, 17390, 15835
1694942609, 0, 0, 36, 0, 0, 6792.97, 4, 0, 0, 0.15, 2153, 1311, 6185.55, 17390, 15835
1694942610, 0, 0, 36, 0, 0, 6792.97, 4, 0, 0, 6.19, 2154, 1312, 6185.55, 17390, 15835
1694942610, 0, 0, 36, 0, 0, 6792.97, 4, 0, 0, 8.90, 2156, 1313, 6185.55, 17390, 15835
1694942610, 0, 0, 36, 0, 0, 6792.97, 4, 0, 0, 6.21, 2158, 1313, 6185.55, 17390, 15835
1694942611, 0, 0, 36, 0, 0, 6792.97, 4, 0, 0, 6.17, 2159, 1314, 6185.55, 17390, 15835
1694942618, 0, 0, 36, 0, 0, 6792.97, 4, 0, 0, 0.41, 2161, 1315, 6185.55, 17390, 15835
1694942626, 0, 0, 36, 0, 0, 6792.97, 4, 0, 0, 0.38, 2163, 1316, 6185.55, 17390, 15835
1694942632, 0, 0, 36, 0, 0, 6792.97, 4, 0, 0, 0.15, 2164, 1316, 6185.55, 17390, 15835
1694942633, 0, 0, 36, 0, 0, 6792.97, 4, 0, 0, 6.35, 2165, 1317, 6185.55, 17390, 15835
1694942633, 0, 0, 36, 0, 0, 6792.97, 4, 0, 0, 9.80, 2166, 1319, 6185.55, 17390, 15835
1694942634, 0, 0, 36, 0, 0, 6792.97, 4, 0, 0, 5.79, 2169, 1319, 6185.55, 17390, 15835
1694942634, 0, 0, 36, 0, 0, 6792.97, 4, 0, 0, 8.57, 2170, 1321, 6185.55, 17390, 15835
1694942643, 0, 0, 36, 0, 0, 6792.97, 4, 0, 0, 0.34, 2173, 1321, 6185.55, 17390, 15835
1694942643, 0, 0, 36, 0, 0, 6792.97, 4, 0, 0, 3.24, 2174, 1321, 6185.55, 17390, 15835
1694942643, 0, 0, 36, 0, 0, 6792.97, 4, 0, 0, 5.70, 2176, 1321, 6185.55, 17390, 15835
1694942644, 0, 0, 36, 0, 0, 6792.97, 4, 0, 0, 7.77, 2179, 1321, 6185.55, 17390, 15835
1694942644, 0, 0, 36, 0, 0, 6792.97, 4, 0, 0, 8.17, 2180, 1323, 6185.55, 17390, 15835
1694942651, 0, 0, 36, 0, 0, 6792.97, 4, 0, 0, 0.28, 2182, 1323, 6185.55, 17390, 15835
1694942657, 0, 0, 36, 0, 0, 6792.97, 4, 0, 0, 0.52, 2184, 1324, 6185.55, 17390, 15835
1694942657, 0, 0, 36, 0, 0, 6792.97, 4, 0, 0, 5.95, 2186, 1324, 6185.55, 17390, 15835
1694942657, 0, 0, 36, 0, 0, 6792.97, 4, 0, 0, 12.99, 2189, 1325, 6185.55, 17390, 15835
1694942658, 0, 0, 36, 0, 0, 6792.97, 4, 0, 0, 12.86, 2192, 1326, 6185.55, 17390, 15835
1694942666, 0, 0, 36, 0, 0, 6792.97, 4, 0, 0, 0.12, 2193, 1326, 6185.55, 17390, 15835
1694942667, 0, 0, 36, 0, 0, 6792.97, 4, 0, 0, 5.83, 2194, 1327, 6185.55, 17390, 15835
1694942667, 0, 0, 36, 0, 0, 6792.97, 4, 0, 0, 8.75, 2194, 1330, 6185.55, 17390, 15835
1694942667, 0, 0, 36, 0, 0, 6792.97, 4, 0, 0, 5.57, 2196, 1330, 6185.55, 17390, 15835
1694942668, 0, 0, 36, 0, 0, 6792.97, 4, 0, 0, 9.74, 2198, 1331, 6185.55, 17390, 15835
1694942668, 0, 0, 36, 0, 0, 6792.97, 4, 0, 0, 10.26, 2201, 1332, 6185.55, 17390, 15835
1694942669, 0, 0, 36, 0, 0, 6792.97, 4, 0, 0, 3.69, 2201, 1334, 6185.55, 17390, 15835
1694942669, 0, 0, 36, 0, 0, 6792.97, 4, 0, 0, 5.52, 2201, 1336, 6185.55, 17390, 15835
1694942675, 0, 0, 36, 0, 0, 6792.97, 4, 0, 0, 0.33, 2203, 1336, 6185.55, 17390, 15835
1694942675, 0, 0, 36, 0, 0, 6792.97, 4, 0, 0, 8.00, 2203, 1339, 6185.55, 17390, 15835
1694942676, 0, 0, 36, 0, 0, 6792.97, 4, 0, 0, 9.46, 2203, 1342, 6185.55, 17390, 15835
1694942676, 0, 0, 36, 0, 0, 6792.97, 4, 0, 0, 5.54, 2204, 1343, 6185.55, 17390, 15835
1694942681, 0, 0, 36, 0, 0, 6792.97, 4, 0, 0, 0.19, 2205, 1343, 6185.55, 17390, 15835
1694942682, 0, 0, 36, 0, 0, 6792.97, 4, 0, 0, 3.18, 2206, 1344, 6185.55, 17390, 15835
1694942682, 0, 0, 36, 0, 0, 6792.97, 4, 0, 0, 4.94, 2206, 1346, 6185.55, 17390, 15835
1694942683, 0, 0, 36, 0, 0, 6792.97, 4, 0, 0, 5.62, 2207, 1347, 6185.55, 17390, 15835
1694942683, 0, 0, 36, 0, 0, 6792.97, 4, 0, 0, 9.55, 2210, 1347, 6185.55, 17390, 15835
1694942683, 0, 0, 36, 0, 0, 6792.97, 4, 0, 0, 9.66, 2214, 1347, 6185.55, 17390, 15835
1694942684, 0, 0, 36, 0, 0, 6792.97, 4, 0, 0, 12.99, 2216, 1349, 6185.55, 17390, 15835
1694942684, 0, 0, 36, 0, 0, 6792.97, 4, 0, 0, 9.46, 2219, 1349, 6185.55, 17390, 15835
1694942690, 0, 0, 36, 0, 0, 6792.97, 4, 0, 0, 0.51, 2222, 1349, 6185.55, 17390, 15835
1694942696, 0, 0, 36, 0, 0, 6792.97, 4, 0, 0, 0.17, 2223, 1349, 6185.55, 17390, 15835
1694942696, 0, 0, 36, 0, 0, 6792.97, 4, 0, 0, 7.67, 2224, 1351, 6185.55, 17390, 15835
1694942696, 0, 0, 36, 0, 0, 6792.97, 4, 0, 0, 6.02, 2225, 1352, 6185.55, 17390, 15835
1694942697, 0, 0, 36, 0, 0, 6792.97, 4, 0, 0, 8.82, 2227, 1353, 6185.55, 17390, 15835
1694942706, 0, 0, 36, 0, 0, 6792.97, 4, 0, 0, 0.33, 2230, 1353, 6185.55, 17390, 15835
1694942712, 0, 0, 36, 0, 0, 6792.97, 4, 0, 0, 0.31, 2232, 1353, 6185.55, 17390, 15835
1694942713, 0, 0, 36, 0, 0, 6792.97, 4, 0, 0, 6.65, 2232, 1356, 6185.55, 17390, 15835
1694942719, 0, 0, 36, 0, 0, 6792.97, 4, 0, 0, 0.49, 2233, 1358, 6185.55, 17390, 15835
1694942724, 0, 0, 36, 0, 0, 6792.97, 4, 0, 0, 0.36, 2234, 1359, 6185.55, 17390, 15835
1694942725, 0, 0, 36, 0, 0, 6792.97, 4, 0, 0, 12.54, 2236, 1361, 6185.55, 17390, 15835
1694942730, 0, 0, 36, 0, 0, 6792.97, 4, 0, 0, 0.18, 2237, 1361, 6185.55, 17390, 15835
1694942731, 0, 0, 36, 0, 0, 6792.97, 4, 0, 0, 5.31, 2238, 1362, 6185.55, 17390, 15835
1694942731, 0, 0, 36, 0, 0, 6792.97, 4, 0, 0, 6.40, 2240, 1363, 6185.55, 17390, 15835
1694942732, 0, 0, 36, 0, 0, 6792.97, 4, 0, 0, 7.61, 2242, 1364, 6185.55, 17390, 15835
1694942732, 0, 0, 36, 0, 0, 6792.97, 4, 0, 0, 6.37, 2244, 1364, 6185.55, 17390, 15835
1694942738, 0, 0, 36, 0, 0, 6792.97, 4, 0, 0, 0.50, 2247, 1364, 6185.55, 17390, 15835
1694942738, 0, 0, 36, 0, 0, 6792.97, 4, 0, 0, 6.19, 2249, 1364, 6185.55, 17390, 15835
1694942739, 0, 0, 36, 0, 0, 6792.97, 4, 0, 0, 8.24, 2252, 1364, 6185.55, 17390, 15835
1694942750, 0, 0, 36, 0, 0, 6792.97, 4, 0, 0, 0.17, 2253, 1365, 6185.55, 17390, 15835
1694942751, 0, 0, 36, 0, 0, 6792.97, 4, 0, 0, 7.58, 2253, 1368, 6185.55, 17390, 15835
1694942751, 0, 0, 36, 0, 0, 6792.97, 4, 0, 0, 6.67, 2255, 1368, 6185.55, 17390, 15835
1694942751, 0, 0, 36, 0, 0, 6792.97, 4, 0, 0, 8.52, 2256, 1370, 6185.55, 17390, 15835
1694942752, 0, 0, 36, 0, 0, 6792.97, 4, 0, 0, 7.89, 2257, 1372, 6185.55, 17390, 15835
1694942752, 0, 0, 36, 0, 0, 6792.97, 4, 0, 0, 6.41, 2257, 1374, 6185.55, 17390, 15835
1694942759, 0, 0, 36, 0, 0, 6792.97, 4, 0, 0, 0.44, 2258, 1376, 6185.55, 17390, 15835
1694942759, 0, 0, 36, 0, 0, 6792.97, 4, 0, 0, 6.51, 2259, 1377, 6185.55, 17390, 15835
1694942759, 0, 0, 36, 0, 0, 6792.97, 4, 0, 0, 6.67, 2260, 1378, 6185.55, 17390, 15835
1694942767, 0, 0, 36, 0, 0, 6792.97, 4, 0, 0, 0.13, 2261, 1378, 6185.55, 17390, 15835
1694942775, 0, 0, 36, 0, 0, 6792.97, 4, 0, 0, 0.13, 2262, 1378, 6185.55, 17390, 15835
1694942783, 0, 0, 36, 0, 0, 6792.97, 4, 0, 0, 0.25, 2263, 1379, 6185.55, 17390, 15835
1694942790, 0, 0, 36, 0, 0, 6792.97, 4, 0, 0, 0.44, 2265, 1380, 6185.55, 17390, 15835
1694942797, 0, 0, 36, 0, 0, 6792.97, 4, 0, 0, 0.26, 2266, 1381, 6185.55, 17390, 15835
1694942798, 0, 0, 36, 0, 0, 6792.97, 4, 0, 0, 6.71, 2266, 1384, 6185.55, 17390, 15835
1694942805, 0, 0, 36, 0, 0, 6792.97, 4, 0, 0, 0.14, 2267, 1384, 6185.55, 17390, 15835
1694942806, 0, 0, 36, 0, 0, 6792.97, 4, 0, 0, 4.26, 2268, 1385, 6185.55, 17390, 15835
1694942806, 0, 0, 36, 0, 0, 6792.97, 4, 0, 0, 4.74, 2269, 1386, 6185.55, 17390, 15835
1694942814, 0, 0, 36, 0, 0, 6792.97, 4, 0, 0, 0.12, 2270, 1386, 6185.55, 17390, 15835
1694942815, 0, 0, 36, 0, 0, 6792.97, 4, 0, 0, 3.42, 2271, 1387, 6185.55, 17390, 15835
1694942815, 0, 0, 36, 0, 0, 6792.97, 4, 0, 0, 6.45, 2273, 1387, 6185.55, 17390, 15835
1694942821, 0, 0, 36, 0, 0, 6792.97, 4, 0, 0, 0.31, 2275, 1387, 6185.55, 17390, 15835
1694942829, 0, 0, 36, 0, 0, 6792.97, 4, 0, 0, 0.14, 2276, 1387, 6185.55, 17390, 15835
1694942829, 0, 0, 36, 0, 0, 6792.97, 4, 0, 0, 13.07, 2278, 1389, 6185.55, 17390, 15835
1694942829, 0, 0, 36, 0, 0, 6792.97, 4, 0, 0, 12.62, 2281, 1390, 6185.55, 17390, 15835
1694942836, 0, 0, 36, 0, 0, 6792.97, 4, 0, 0, 0.16, 2282, 1390, 6185.55, 17390, 15835
1694942842, 0, 0, 36, 0, 0, 6792.97, 4, 0, 0, 0.33, 2284, 1390, 6185.55, 17390, 15835
1694942842, 0, 0, 36, 0, 0, 6792.97, 4, 0, 0, 5.57, 2285, 1391, 6185.55, 17390, 15835
1694942842, 0, 0, 36, 0, 0, 6792.97, 4, 0, 0, 5.75, 2286, 1392, 6185.55, 17390, 15835
1694942850, 0, 0, 36, 0, 0, 6792.97, 4, 0, 0, 0.38, 2287, 1394, 6185.55, 17390, 15835
1694942851, 0, 0, 36, 0, 0, 6792.97, 4, 0, 0, 5.46, 2288, 1395, 6185.55, 17390, 15835
1694942851, 0, 0, 36, 0, 0, 6792.97, 4, 0, 0, 9.26, 2288, 1398, 6185.55, 17390, 15835
1694942851, 0, 0, 36, 0, 0, 6792.97, 4, 0, 0, 8.11, 2289, 1400, 6185.55, 17390, 15835
1694942852, 0, 0, 36, 0, 0, 6792.97, 4, 0, 0, 5.88, 2290, 1401, 6185.55, 17390, 15835
1694942852, 0, 0, 36, 0, 0, 6792.97, 4, 0, 0, 3.68, 2291, 1402, 6185.55, 17390, 15835
1694942863, 0, 0, 36, 0, 0, 6792.97, 4, 0, 0, 0.09, 2292, 1402, 6185.55, 17390, 15835
1694942863, 0, 0, 36, 0, 0, 6792.97, 4, 0, 0, 6.58, 2293, 1403, 6185.55, 17390, 15835
1694942864, 0, 0, 36, 0, 0, 6792.97, 4, 0, 0, 5.22, 2295, 1403, 6185.55, 17390, 15835
1694942864, 0, 0, 36, 0, 0, 6792.97, 4, 0, 0, 3.09, 2297, 1403, 6185.55, 17390, 15835
1694942865, 0, 0, 36, 0, 0, 6792.97, 4, 0, 0, 5.35, 2298, 1404, 6185.55, 17390, 15835
1694942865, 0, 0, 36, 0, 0, 6792.97, 4, 0, 0, 7.75, 2300, 1405, 6185.55, 17390, 15835
1694942865, 0, 0, 36, 0, 0, 6792.97, 4, 0, 0, 4.82, 2302, 1405, 6185.55, 17390, 15835
1694942866, 0, 0, 36, 0, 0, 6792.97, 4, 0, 0, 6.33, 2304, 1405, 6185.55, 17390, 15835
1694942871, 0, 0, 36, 0, 0, 6792.97, 4, 0, 0, 0.35, 2305, 1406, 6185.55, 17390, 15835
1694942872, 0, 0, 36, 0, 0, 6792.97, 4, 0, 0, 6.35, 2307, 1406, 6185.55, 17390, 15835
1694942878, 0, 0, 36, 0, 0, 6792.97, 4, 0, 0, 0.45, 2309, 1407, 6185.55, 17390, 15835
1694942879, 0, 0, 36, 0, 0, 6792.97, 4, 0, 0, 5.71, 2310, 1408, 6185.55, 17390, 15835
1694942879, 0, 0, 36, 0, 0, 6792.97, 4, 0, 0, 9.55, 2311, 1410, 6185.55, 17390, 15835
1694942879, 0, 0, 36, 0, 0, 6792.97, 4, 0, 0, 9.84, 2314, 1410, 6185.55, 17390, 15835
1694942880, 0, 0, 36, 0, 0, 6792.97, 4, 0, 0, 9.04, 2316, 1411, 6185.55, 17390, 15835
1694942886, 0, 0, 36, 0, 0, 6792.97, 4, 0, 0, 0.16, 2317, 1411, 6185.55, 17390, 15835
1694942887, 0, 0, 36, 0, 0, 6792.97, 4, 0, 0, 1.75, 2318, 1411, 6185.55, 17390, 15835
1694942916, 0, 0, 36, 0, 0, 6792.97, 4, 0, 0, 0.10, 2321, 1411, 6185.55, 17390, 15835
1694942916, 0, 0, 36, 0, 0, 6792.97, 4, 0, 0, 5.59, 2322, 1412, 6185.55, 17390, 15835
1694942923, 0, 0, 36, 0, 0, 6792.97, 4, 0, 0, 0.16, 2323, 1412, 6185.55, 17390, 15835
1694942923, 0, 0, 36, 0, 0, 6792.97, 4, 0, 0, 7.89, 2325, 1413, 6185.55, 17390, 15835
1694942929, 0, 0, 36, 0, 0, 6792.97, 4, 0, 0, 0.32, 2327, 1413, 6185.55, 17390, 15835
1694942930, 0, 0, 36, 0, 0, 6792.97, 4, 0, 0, 8.98, 2328, 1415, 6185.55, 17390, 15835
1694942935, 0, 0, 36, 0, 0, 6792.97, 4, 0, 0, 0.37, 2330, 1415, 6185.55, 17390, 15835
1694942935, 0, 0, 36, 0, 0, 6792.97, 4, 0, 0, 4.58, 2331, 1416, 6185.55, 17390, 15835
1694942936, 0, 0, 36, 0, 0, 6792.97, 4, 0, 0, 3.50, 2333, 1416, 6185.55, 17390, 15835
1694942936, 0, 0, 36, 0, 0, 6792.97, 4, 0, 0, 4.69, 2334, 1417, 6185.55, 17390, 15835
1694942937, 0, 0, 36, 0, 0, 6792.97, 4, 0, 0, 3.53, 2336, 1417, 6185.55, 17390, 15835
1694942937, 0, 0, 36, 0, 0, 6792.97, 4, 0, 0, 6.86, 2337, 1419, 6185.55, 17390, 15835
1694942938, 0, 0, 36, 0, 0, 6792.97, 4, 0, 0, 6.86, 2338, 1421, 6185.55, 17390, 15835
1694942944, 0, 0, 36, 0, 0, 6792.97, 4, 0, 0, 0.18, 2339, 1421, 6185.55, 17390, 15835
1694942944, 0, 0, 36, 0, 0, 6792.97, 4, 0, 0, 8.55, 2340, 1423, 6185.55, 17390, 15835
1694942950, 0, 0, 36, 0, 0, 6792.97, 4, 0, 0, 0.31, 2341, 1424, 6185.55, 17390, 15835
1694942951, 0, 0, 36, 0, 0, 6792.97, 4, 0, 0, 5.57, 2342, 1425, 6185.55, 17390, 15835
1694942957, 0, 0, 36, 0, 0, 6792.97, 4, 0, 0, 0.52, 2344, 1426, 6185.55, 17390, 15835
1694942957, 0, 0, 36, 0, 0, 6792.97, 4, 0, 0, 4.32, 2346, 1426, 6185.55, 17390, 15835
1694942963, 0, 0, 36, 0, 0, 6792.97, 4, 0, 0, 0.18, 2347, 1426, 6185.55, 17390, 15835
1694942963, 0, 0, 36, 0, 0, 6792.97, 4, 0, 0, 5.78, 2349, 1426, 6185.55, 17390, 15835
1694942972, 0, 0, 36, 0, 0, 6792.97, 4, 0, 0, 0.23, 2351, 1426, 6185.55, 17390, 15835
1694942979, 0, 0, 36, 0, 0, 6792.97, 4, 0, 0, 0.44, 2352, 1428, 6185.55, 17390, 15835
1694942984, 0, 0, 36, 0, 0, 6792.97, 4, 0, 0, 0.18, 2353, 1428, 6185.55, 17390, 15835
1694942990, 0, 0, 36, 0, 0, 6792.97, 4, 0, 0, 0.34, 2354, 1429, 6185.55, 17390, 15835
1694942991, 0, 0, 36, 0, 0, 6792.97, 4, 0, 0, 7.46, 2355, 1431, 6185.55, 17390, 15835
1694942996, 0, 0, 36, 0, 0, 6792.97, 4, 0, 0, 0.37, 2357, 1431, 6185.55, 17390, 15835
1694942996, 0, 0, 36, 0, 0, 6792.97, 4, 0, 0, 5.85, 2358, 1432, 6185.55, 17390, 15835
1694942997, 0, 0, 36, 0, 0, 6792.97, 4, 0, 0, 6.35, 2358, 1434, 6185.55, 17390, 15835
1694943006, 0, 0, 36, 0, 0, 6792.97, 4, 0, 0, 0.10, 2359, 1434, 6185.55, 17390, 15835
1694943013, 0, 0, 36, 0, 0, 6792.97, 4, 0, 0, 0.17, 2360, 1434, 6185.55, 17390, 15835
1694943013, 0, 0, 36, 0, 0, 6792.97, 4, 0, 0, 4.01, 2362, 1434, 6185.55, 17390, 15835
1694943021, 0, 0, 36, 0, 0, 6792.97, 4, 0, 0, 0.13, 2363, 1434, 6185.55, 17390, 15835
1694943021, 0, 0, 36, 0, 0, 6792.97, 4, 0, 0, 6.24, 2365, 1435, 6185.55, 17390, 15835
1694943022, 0, 0, 36, 0, 0, 6792.97, 4, 0, 0, 3.04, 2366, 1435, 6185.55, 17390, 15835
1694943022, 0, 0, 36, 0, 0, 6792.97, 4, 0, 0, 3.48, 2368, 1435, 6185.55, 17390, 15835
1694943023, 0, 0, 36, 0, 0, 6792.97, 4, 0, 0, 5.29, 2370, 1435, 6185.55, 17390, 15835
1694943023, 0, 0, 36, 0, 0, 6792.97, 4, 0, 0, 2.97, 2370, 1436, 6185.55, 17390, 15835
1694943023, 0, 0, 36, 0, 0, 6792.97, 4, 0, 0, 7.81, 2372, 1437, 6185.55, 17390, 15835
1694943024, 0, 0, 36, 0, 0, 6792.97, 4, 0, 0, 4.92, 2373, 1439, 6185.55, 17390, 15835
1694943024, 0, 0, 36, 0, 0, 6792.97, 4, 0, 0, 6.58, 2374, 1440, 6185.55, 17390, 15835
1694943031, 0, 0, 36, 0, 0, 6792.97, 4, 0, 0, 0.29, 2375, 1441, 6185.55, 17390, 15835
1694943032, 0, 0, 36, 0, 0, 6792.97, 4, 0, 0, 4.23, 2377, 1441, 6185.55, 17390, 15835
1694943032, 0, 0, 36, 0, 0, 6792.97, 4, 0, 0, 3.06, 2378, 1441, 6185.55, 17390, 15835
1694943032, 0, 0, 36, 0, 0, 6792.97, 4, 0, 0, 3.15, 2379, 1441, 6185.55, 17390, 15835
1694943033, 0, 0, 36, 0, 0, 6792.97, 4, 0, 0, 2.14, 2380, 1441, 6185.55, 17390, 15835
1694943042, 0, 0, 36, 0, 0, 6792.97, 4, 0, 0, 0.32, 2383, 1441, 6185.55, 17390, 15835
1694943050, 0, 0, 36, 0, 0, 6792.97, 4, 0, 0, 0.27, 2384, 1442, 6185.55, 17390, 15835
1694943050, 0, 0, 36, 0, 0, 6792.97, 4, 0, 0, 10.72, 2385, 1445, 6185.55, 17390, 15835
1694943050, 0, 0, 36, 0, 0, 6792.97, 4, 0, 0, 5.52, 2386, 1446, 6185.55, 17390, 15835
1694943051, 0, 0, 36, 0, 0, 6792.97, 4, 0, 0, 6.10, 2387, 1447, 6185.55, 17390, 15835
1694943051, 0, 0, 36, 0, 0, 6792.97, 4, 0, 0, 5.09, 2389, 1447, 6185.55, 17390, 15835
1694943051, 0, 0, 36, 0, 0, 6792.97, 4, 0, 0, 5.73, 2390, 1448, 6185.55, 17390, 15835
1694943057, 0, 0, 36, 0, 0, 6792.97, 4, 0, 0, 0.34, 2392, 1448, 6185.55, 17390, 15835
1694943058, 0, 0, 36, 0, 0, 6792.97, 4, 0, 0, 4.50, 2394, 1448, 6185.55, 17390, 15835
1694943063, 0, 0, 36, 0, 0, 6792.97, 4, 0, 0, 0.37, 2395, 1449, 6185.55, 17390, 15835
1694943063, 0, 0, 36, 0, 0, 6792.97, 4, 0, 0, 9.93, 2397, 1450, 6185.55, 17390, 15835
1694943064, 0, 0, 36, 0, 0, 6792.97, 4, 0, 0, 8.25, 2400, 1451, 6185.55, 17390, 15835
1694943064, 0, 0, 36, 0, 0, 6792.97, 4, 0, 0, 10.67, 2402, 1453, 6185.55, 17390, 15835
1694943070, 0, 0, 36, 0, 0, 6792.97, 4, 0, 0, 0.34, 2403, 1454, 6185.55, 17390, 15835
1694943071, 0, 0, 36, 0, 0, 6792.97, 4, 0, 0, 5.28, 2404, 1455, 6185.55, 17390, 15835
1694943071, 0, 0, 36, 0, 0, 6792.97, 4, 0, 0, 5.35, 2405, 1456, 6185.55, 17390, 15835
1694943071, 0, 0, 36, 0, 0, 6792.97, 4, 0, 0, 6.96, 2406, 1458, 6185.55, 17390, 15835
1694943078, 0, 0, 36, 0, 0, 6792.97, 4, 0, 0, 0.29, 2408, 1458, 6185.55, 17390, 15835
1694943084, 0, 0, 36, 0, 0, 6792.97, 4, 0, 0, 0.17, 2409, 1458, 6185.55, 17390, 15835
1694943085, 0, 0, 36, 0, 0, 6792.97, 4, 0, 0, 5.04, 2410, 1459, 6185.55, 17390, 15835
1694943085, 0, 0, 36, 0, 0, 6792.97, 4, 0, 0, 2.50, 2410, 1460, 6185.55, 17390, 15835
1694943086, 0, 0, 36, 0, 0, 6792.97, 4, 0, 0, 5.52, 2412, 1460, 6185.55, 17390, 15835
1694943086, 0, 0, 36, 0, 0, 6792.97, 4, 0, 0, 3.01, 2413, 1460, 6185.55, 17390, 15835
1694943086, 0, 0, 36, 0, 0, 6792.97, 4, 0, 0, 2.77, 2414, 1460, 6185.55, 17390, 15835
1694943087, 0, 0, 36, 0, 0, 6792.97, 4, 0, 0, 4.56, 2416, 1460, 6185.55, 17390, 15835
1694943093, 0, 0, 36, 0, 0, 6792.97, 4, 0, 0, 0.30, 2418, 1460, 6185.55, 17390, 15835
1694943094, 0, 0, 36, 0, 0, 6792.97, 4, 0, 0, 5.80, 2419, 1461, 6185.55, 17390, 15835
1694943094, 0, 0, 36, 0, 0, 6792.97, 4, 0, 0, 7.83, 2421, 1462, 6185.55, 17390, 15835
1694943101, 0, 0, 36, 0, 0, 6792.97, 4, 0, 0, 0.14, 2422, 1462, 6185.55, 17390, 15835
1694943109, 0, 0, 36, 0, 0, 6792.97, 4, 0, 0, 0.37, 2424, 1463, 6185.55, 17390, 15835
1694943109, 0, 0, 36, 0, 0, 6792.97, 4, 0, 0, 2.59, 2425, 1463, 6185.55, 17390, 15835
1694943110, 0, 0, 36, 0, 0, 6792.97, 4, 0, 0, 5.05, 2426, 1464, 6185.55, 17390, 15835
1694943110, 0, 0, 36, 0, 0, 6792.97, 4, 0, 0, 7.33, 2427, 1466, 6185.55, 17390, 15835
1694943119, 0, 0, 36, 0, 0, 6792.97, 4, 0, 0, 0.24, 2429, 1466, 6185.55, 17390, 15835
1694943119, 0, 0, 36, 0, 0, 6792.97, 4, 0, 0, 5.68, 2431, 1467, 6185.55, 17390, 15835
1694943126, 0, 0, 36, 0, 0, 6792.97, 4, 0, 0, 0.29, 2432, 1468, 6185.55, 17390, 15835
1694943126, 0, 0, 36, 0, 0, 6792.97, 4, 0, 0, 4.89, 2432, 1470, 6185.55, 17390, 15835
1694943127, 0, 0, 36, 0, 0, 6792.97, 4, 0, 0, 5.00, 2433, 1471, 6185.55, 17390, 15835
1694943127, 0, 0, 36, 0, 0, 6792.97, 4, 0, 0, 4.11, 2434, 1472, 6185.55, 17390, 15835
1694943128, 0, 0, 36, 0, 0, 6792.97, 4, 0, 0, 2.63, 2435, 1472, 6185.55, 17390, 15835
1694943128, 0, 0, 36, 0, 0, 6792.97, 4, 0, 0, 5.59, 2436, 1473, 6185.55, 17390, 15835
1694943128, 0, 0, 36, 0, 0, 6792.97, 4, 0, 0, 4.95, 2437, 1474, 6185.55, 17390, 15835
1694943129, 0, 0, 36, 0, 0, 6792.97, 4, 0, 0, 8.47, 2440, 1474, 6185.55, 17390, 15835
1694943129, 0, 0, 36, 0, 0, 6792.97, 4, 0, 0, 8.62, 2441, 1476, 6185.55, 17390, 15835
1694943130, 0, 0, 36, 0, 0, 6792.97, 4, 0, 0, 3.09, 2443, 1476, 6185.55, 17390, 15835
1694943130, 0, 0, 36, 0, 0, 6792.97, 4, 0, 0, 7.74, 2446, 1477, 6185.55, 17390, 15835
1694943137, 0, 0, 36, 0, 0, 6792.97, 4, 0, 0, 0.15, 2447, 1477, 6185.55, 17390, 15835
1694943137, 0, 0, 36, 0, 0, 6792.97, 4, 0, 0, 3.44, 2449, 1477, 6185.55, 17390, 15835
1694943138, 0, 0, 36, 0, 0, 6792.97, 4, 0, 0, 5.97, 2450, 1478, 6185.55, 17390, 15835
1694943138, 0, 0, 36, 0, 0, 6792.97, 4, 0, 0, 3.66, 2453, 1478, 6185.55, 17390, 15835
1694943139, 0, 0, 36, 0, 0, 6792.97, 4, 0, 0, 5.29, 2453, 1480, 6185.55, 17390, 15835
1694943140, 0, 0, 36, 0, 0, 6792.97, 4, 0, 0, 4.32, 2454, 1482, 6185.55, 17390, 15835
1694943140, 0, 0, 36, 0, 0, 6792.97, 4, 0, 0, 4.07, 2455, 1483, 6185.55, 17390, 15835
1694943140, 0, 0, 36, 0, 0, 6792.97, 4, 0, 0, 6.56, 2456, 1484, 6185.55, 17390, 15835
1694943146, 0, 0, 36, 0, 0, 6792.97, 4, 0, 0, 0.19, 2457, 1484, 6185.55, 17390, 15835
1694943146, 0, 0, 36, 0, 0, 6792.97, 4, 0, 0, 10.39, 2458, 1487, 6185.55, 17390, 15835
1694943153, 0, 0, 36, 0, 0, 6792.97, 4, 0, 0, 0.14, 2459, 1487, 6185.55, 17390, 15835
1694943153, 0, 0, 36, 0, 0, 6792.97, 4, 0, 0, 2.57, 2459, 1488, 6185.55, 17390, 15835
1694943159, 0, 0, 36, 0, 0, 6792.97, 4, 0, 0, 0.17, 2460, 1488, 6185.55, 17390, 15835
1694943167, 0, 0, 36, 0, 0, 6792.97, 4, 0, 0, 0.39, 2462, 1489, 6185.55, 17390, 15835
1694943167, 0, 0, 36, 0, 0, 6792.97, 4, 0, 0, 8.47, 2463, 1491, 6185.55, 17390, 15835
1694943167, 0, 0, 36, 0, 0, 6792.97, 4, 0, 0, 5.75, 2465, 1491, 6185.55, 17390, 15835
1694943174, 0, 0, 36, 0, 0, 6792.97, 4, 0, 0, 0.15, 2466, 1491, 6185.55, 17390, 15835
1694943180, 0, 0, 36, 0, 0, 6792.97, 4, 0, 0, 0.16, 2467, 1491, 6185.55, 17390, 15835
1694943181, 0, 0, 36, 0, 0, 6792.97, 4, 0, 0, 2.95, 2468, 1491, 6185.55, 17390, 15835
1694943181, 0, 0, 36, 0, 0, 6792.97, 4, 0, 0, 4.10, 2469, 1492, 6185.55, 17390, 15835
1694943182, 0, 0, 36, 0, 0, 6792.97, 4, 0, 0, 5.75, 2469, 1494, 6185.55, 17390, 15835
1694943182, 0, 0, 36, 0, 0, 6792.97, 4, 0, 0, 5.01, 2470, 1495, 6185.55, 17390, 15835
1694943182, 0, 0, 36, 0, 0, 6792.97, 4, 0, 0, 7.69, 2470, 1498, 6185.55, 17390, 15835
1694943183, 0, 0, 36, 0, 0, 6792.97, 4, 0, 0, 4.28, 2470, 1500, 6185.55, 17390, 15835
1694943188, 0, 0, 36, 0, 0, 6792.97, 4, 0, 0, 0.62, 2472, 1501, 6185.55, 17390, 15835
1694943188, 0, 0, 36, 0, 0, 6792.97, 4, 0, 0, 4.91, 2474, 1501, 6185.55, 17390, 15835
1694943198, 0, 0, 36, 0, 0, 6792.97, 4, 0, 0, 0.10, 2475, 1501, 6185.55, 17390, 15835
1694943198, 0, 0, 36, 0, 0, 6792.97, 4, 0, 0, 4.48, 2476, 1502, 6185.55, 17390, 15835
1694943205, 0, 0, 36, 0, 0, 6792.97, 4, 0, 0, 0.31, 2478, 1502, 6185.55, 17390, 15835
1694943205, 0, 0, 36, 0, 0, 6792.97, 4, 0, 0, 7.16, 2480, 1503, 6185.55, 17390, 15835
1694943206, 0, 0, 36, 0, 0, 6792.97, 4, 0, 0, 5.93, 2481, 1504, 6185.55, 17390, 15835
1694943206, 0, 0, 36, 0, 0, 6792.97, 4, 0, 0, 6.37, 2483, 1504, 6185.55, 17390, 15835
1694943206, 0, 0, 36, 0, 0, 6792.97, 4, 0, 0, 3.33, 2484, 1504, 6185.55, 17390, 15835
1694943207, 0, 0, 36, 0, 0, 6792.97, 4, 0, 0, 5.43, 2485, 1505, 6185.55, 17390, 15835
1694943207, 0, 0, 36, 0, 0, 6792.97, 4, 0, 0, 5.54, 2486, 1506, 6185.55, 17390, 15835
1694943207, 0, 0, 36, 0, 0, 6792.97, 4, 0, 0, 5.67, 2488, 1506, 6185.55, 17390, 15835
1694943208, 0, 0, 36, 0, 0, 6792.97, 4, 0, 0, 7.63, 2489, 1508, 6185.55, 17390, 15835
1694943208, 0, 0, 36, 0, 0, 6792.97, 4, 0, 0, 7.25, 2490, 1510, 6185.55, 17390, 15835
1694943216, 0, 0, 36, 0, 0, 6792.97, 4, 0, 0, 0.13, 2491, 1510, 6185.55, 17390, 15835
1694943216, 0, 0, 36, 0, 0, 6792.97, 4, 0, 0, 3.27, 2491, 1511, 6185.55, 17390, 15835
1694943217, 0, 0, 36, 0, 0, 6792.97, 4, 0, 0, 4.82, 2492, 1512, 6185.55, 17390, 15835
1694943217, 0, 0, 36, 0, 0, 6792.97, 4, 0, 0, 2.82, 2493, 1512, 6185.55, 17390, 15835
1694943218, 0, 0, 36, 0, 0, 6792.97, 4, 0, 0, 3.07, 2494, 1513, 6185.55, 17390, 15835
1694943218, 0, 0, 36, 0, 0, 6792.97, 4, 0, 0, 4.29, 2496, 1513, 6185.55, 17390, 15835
1694943218, 0, 0, 36, 0, 0, 6792.97, 4, 0, 0, 9.32, 2496, 1516, 6185.55, 17390, 15835
1694943219, 0, 0, 36, 0, 0, 6792.97, 4, 0, 0, 10.84, 2499, 1517, 6185.55, 17390, 15835
1694943219, 0, 0, 36, 0, 0, 6792.97, 4, 0, 0, 4.82, 2500, 1518, 6185.55, 17390, 15835
1694943220, 0, 0, 36, 0, 0, 6792.97, 4, 0, 0, 5.18, 2501, 1519, 6185.55, 17390, 15835
1694943220, 0, 0, 36, 0, 0, 6792.97, 4, 0, 0, 7.46, 2502, 1521, 6185.55, 17390, 15835
1694943220, 0, 0, 36, 0, 0, 6792.97, 4, 0, 0, 2.39, 2503, 1521, 6185.55, 17390, 15835
1694943226, 0, 0, 36, 0, 0, 6792.97, 4, 0, 0, 0.19, 2504, 1521, 6185.55, 17390, 15835
1694943226, 0, 0, 36, 0, 0, 6792.97, 4, 0, 0, 4.06, 2504, 1523, 6185.55, 17390, 15835
1694943241, 0, 0, 36, 0, 0, 6792.97, 4, 0, 0, 0.14, 2506, 1523, 6185.55, 17390, 15835
1694943241, 0, 0, 36, 0, 0, 6792.97, 4, 0, 0, 6.29, 2508, 1523, 6185.55, 17390, 15835
1694943250, 0, 0, 36, 0, 0, 6792.97, 4, 0, 0, 0.21, 2509, 1524, 6185.55, 17390, 15835
1694943257, 0, 0, 36, 0, 0, 6792.97, 4, 0, 0, 0.15, 2510, 1524, 6185.55, 17390, 15835
1694943265, 0, 0, 36, 0, 0, 6792.97, 4, 0, 0, 0.24, 2512, 1524, 6185.55, 17390, 15835
1694943266, 0, 0, 36, 0, 0, 6792.97, 4, 0, 0, 2.77, 2513, 1524, 6185.55, 17390, 15835
1694943266, 0, 0, 36, 0, 0, 6792.97, 4, 0, 0, 7.16, 2515, 1525, 6185.55, 17390, 15835
1694943267, 0, 0, 36, 0, 0, 6792.97, 4, 0, 0, 2.80, 2517, 1525, 6185.55, 17390, 15835
1694943267, 0, 0, 36, 0, 0, 6792.97, 4, 0, 0, 5.29, 2518, 1526, 6185.55, 17390, 15835
1694943268, 0, 0, 36, 0, 0, 6792.97, 4, 0, 0, 5.41, 2518, 1528, 6185.55, 17390, 15835
1694943268, 0, 0, 36, 0, 0, 6792.97, 4, 0, 0, 5.81, 2518, 1530, 6185.55, 17390, 15835
1694943268, 0, 0, 36, 0, 0, 6792.97, 4, 0, 0, 7.25, 2520, 1531, 6185.55, 17390, 15835
1694943269, 0, 0, 36, 0, 0, 6792.97, 4, 0, 0, 6.17, 2522, 1531, 6185.55, 17390, 15835
1694943269, 0, 0, 36, 0, 0, 6792.97, 4, 0, 0, 10.81, 2523, 1534, 6185.55, 17390, 15835
1694943270, 0, 0, 36, 0, 0, 6792.97, 4, 0, 0, 8.70, 2526, 1534, 6185.55, 17390, 15835
1694943277, 0, 0, 36, 0, 0, 6792.97, 4, 0, 0, 0.28, 2527, 1535, 6185.55, 17390, 15835
1694943277, 0, 0, 36, 0, 0, 6792.97, 4, 0, 0, 5.51, 2529, 1535, 6185.55, 17390, 15835
1694943277, 0, 0, 36, 0, 0, 6792.97, 4, 0, 0, 5.12, 2530, 1536, 6185.55, 17390, 15835
1694943278, 0, 0, 36, 0, 0, 6792.97, 4, 0, 0, 7.75, 2531, 1538, 6185.55, 17390, 15835
1694943278, 0, 0, 36, 0, 0, 6792.97, 4, 0, 0, 10.03, 2535, 1538, 6185.55, 17390, 15835
1694943279, 0, 0, 36, 0, 0, 6792.97, 4, 0, 0, 9.59, 2538, 1539, 6185.55, 17390, 15835
1694943279, 0, 0, 36, 0, 0, 6792.97, 4, 0, 0, 5.68, 2540, 1540, 6185.55, 17390, 15835
1694943285, 0, 0, 36, 0, 0, 6792.97, 4, 0, 0, 0.55, 2542, 1541, 6185.55, 17390, 15835
1694943292, 0, 0, 36, 0, 0, 6792.97, 4, 0, 0, 0.27, 2543, 1542, 6185.55, 17390, 15835
1694943292, 0, 0, 36, 0, 0, 6792.97, 4, 0, 0, 6.39, 2544, 1543, 6185.55, 17390, 15835
1694943293, 0, 0, 36, 0, 0, 6792.97, 4, 0, 0, 3.10, 2545, 1543, 6185.55, 17390, 15835
1694943299, 0, 0, 36, 0, 0, 6792.97, 4, 0, 0, 0.30, 2546, 1544, 6185.55, 17390, 15835
1694943300, 0, 0, 36, 0, 0, 6792.97, 4, 0, 0, 6.22, 2548, 1545, 6185.55, 17390, 15835
1694943300, 0, 0, 36, 0, 0, 6792.97, 4, 0, 0, 4.44, 2550, 1545, 6185.55, 17390, 15835
1694943301, 0, 0, 36, 0, 0, 6792.97, 4, 0, 0, 6.54, 2552, 1545, 6185.55, 17390, 15835
1694943301, 0, 0, 36, 0, 0, 6792.97, 4, 0, 0, 9.43, 2553, 1547, 6185.55, 17390, 15835
1694943301, 0, 0, 36, 0, 0, 6792.97, 4, 0, 0, 6.90, 2554, 1549, 6185.55, 17390, 15835
1694943302, 0, 0, 36, 0, 0, 6792.97, 4, 0, 0, 5.06, 2555, 1550, 6185.55, 17390, 15835
1694943308, 0, 0, 36, 0, 0, 6792.97, 4, 0, 0, 0.30, 2556, 1551, 6185.55, 17390, 15835
1694943309, 0, 0, 36, 0, 0, 6792.97, 4, 0, 0, 8.43, 2558, 1552, 6185.55, 17390, 15835
1694943319, 0, 0, 36, 0, 0, 6792.97, 4, 0, 0, 0.10, 2559, 1552, 6185.55, 17390, 15835
1694943319, 0, 0, 36, 0, 0, 6792.97, 4, 0, 0, 4.12, 2560, 1553, 6185.55, 17390, 15835
1694943326, 0, 0, 36, 0, 0, 6792.97, 4, 0, 0, 0.13, 2561, 1553, 6185.55, 17390, 15835
1694943327, 0, 0, 36, 0, 0, 6792.97, 4, 0, 0, 4.42, 2563, 1553, 6185.55, 17390, 15835
1694943327, 0, 0, 36, 0, 0, 6792.97, 4, 0, 0, 5.17, 2564, 1554, 6185.55, 17390, 15835
1694943328, 0, 0, 36, 0, 0, 6792.97, 4, 0, 0, 4.68, 2566, 1554, 6185.55, 17390, 15835
1694943328, 0, 0, 36, 0, 0, 6792.97, 4, 0, 0, 7.30, 2568, 1555, 6185.55, 17390, 15835
1694943334, 0, 0, 36, 0, 0, 6792.97, 4, 0, 0, 0.36, 2570, 1555, 6185.55, 17390, 15835
1694943334, 0, 0, 36, 0, 0, 6792.97, 4, 0, 0, 7.56, 2571, 1557, 6185.55, 17390, 15835
1694943343, 0, 0, 36, 0, 0, 6792.97, 4, 0, 0, 0.35, 2574, 1557, 6185.55, 17390, 15835
1694943343, 0, 0, 36, 0, 0, 6792.97, 4, 0, 0, 3.48, 2575, 1558, 6185.55, 17390, 15835
1694943344, 0, 0, 36, 0, 0, 6792.97, 4, 0, 0, 3.33, 2576, 1558, 6185.55, 17390, 15835
1694943350, 0, 0, 36, 0, 0, 6792.97, 4, 0, 0, 0.30, 2578, 1558, 6185.55, 17390, 15835
1694943358, 0, 0, 36, 0, 0, 6792.97, 4, 0, 0, 0.36, 2579, 1560, 6185.55, 17390, 15835
1694943369, 0, 0, 36, 0, 0, 6792.97, 4, 0, 0, 0.19, 2581, 1560, 6185.55, 17390, 15835
1694943376, 0, 0, 36, 0, 0, 6792.97, 4, 0, 0, 0.15, 2582, 1560, 6185.55, 17390, 15835
1694943376, 0, 0, 36, 0, 0, 6792.97, 4, 0, 0, 9.49, 2584, 1561, 6185.55, 17390, 15835
1694943376, 0, 0, 36, 0, 0, 6792.97, 4, 0, 0, 3.12, 2585, 1561, 6185.55, 17390, 15835
1694943377, 0, 0, 36, 0, 0, 6792.97, 4, 0, 0, 4.87, 2587, 1561, 6185.55, 17390, 15835
1694943377, 0, 0, 36, 0, 0, 6792.97, 4, 0, 0, 5.68, 2589, 1561, 6185.55, 17390, 15835
1694943378, 0, 0, 36, 0, 0, 6792.97, 4, 0, 0, 7.26, 2591, 1562, 6185.55, 17390, 15835
1694943378, 0, 0, 36, 0, 0, 6792.97, 4, 0, 0, 5.38, 2593, 1562, 6185.55, 17390, 15835
1694943378, 0, 0, 36, 0, 0, 6792.97, 4, 0, 0, 4.82, 2595, 1562, 6185.55, 17390, 15835
1694943379, 0, 0, 36, 0, 0, 6792.97, 4, 0, 0, 5.08, 2596, 1563, 6185.55, 17390, 15835
1694943386, 0, 0, 36, 0, 0, 6792.97, 4, 0, 0, 0.14, 2597, 1563, 6185.55, 17390, 15835
1694943386, 0, 0, 36, 0, 0, 6792.97, 4, 0, 0, 2.76, 2598, 1563, 6185.55, 17390, 15835
1694943387, 0, 0, 36, 0, 0, 6792.97, 4, 0, 0, 6.27, 2600, 1563, 6185.55, 17390, 15835
1694943387, 0, 0, 36, 0, 0, 6792.97, 4, 0, 0, 4.56, 2602, 1563, 6185.55, 17390, 15835
1694943388, 0, 0, 36, 0, 0, 6792.97, 4, 0, 0, 6.76, 2602, 1566, 6185.55, 17390, 15835
1694943388, 0, 0, 36, 0, 0, 6792.97, 4, 0, 0, 5.68, 2603, 1567, 6185.55, 17390, 15835
1694943389, 0, 0, 36, 0, 0, 6792.97, 4, 0, 0, 3.35, 2605, 1567, 6185.55, 17390, 15835
1694943389, 0, 0, 36, 0, 0, 6792.97, 4, 0, 0, 7.87, 2606, 1569, 6185.55, 17390, 15835
1694943389, 0, 0, 36, 0, 0, 6792.97, 4, 0, 0, 9.80, 2607, 1571, 6185.55, 17390, 15835
1694943390, 0, 0, 36, 0, 0, 6792.97, 4, 0, 0, 7.33, 2607, 1574, 6185.55, 17390, 15835
1694943390, 0, 0, 36, 0, 0, 6792.97, 4, 0, 0, 8.55, 2609, 1575, 6185.55, 17390, 15835
1694943390, 0, 0, 36, 0, 0, 6792.97, 4, 0, 0, 4.81, 2611, 1575, 6185.55, 17390, 15835
1694943391, 0, 0, 36, 0, 0, 6792.97, 4, 0, 0, 2.49, 2612, 1575, 6185.55, 17390, 15835
1694943391, 0, 0, 36, 0, 0, 6792.97, 4, 0, 0, 6.21, 2613, 1576, 6185.55, 17390, 15835
1694943392, 0, 0, 36, 0, 0, 6792.97, 4, 0, 0, 2.84, 2614, 1576, 6185.55, 17390, 15835
1694943392, 0, 0, 36, 0, 0, 6792.97, 4, 0, 0, 8.38, 2615, 1578, 6185.55, 17390, 15835
1694943392, 0, 0, 36, 0, 0, 6792.97, 4, 0, 0, 5.93, 2615, 1580, 6185.55, 17390, 15835
1694943393, 0, 0, 36, 0, 0, 6792.97, 4, 0, 0, 5.70, 2616, 1581, 6185.55, 17390, 15835
1694943393, 0, 0, 36, 0, 0, 6792.97, 4, 0, 0, 6.67, 2617, 1582, 6185.55, 17390, 15835
1694943393, 0, 0, 36, 0, 0, 6792.97, 4, 0, 0, 5.63, 2619, 1582, 6185.55, 17390, 15835
1694943394, 0, 0, 36, 0, 0, 6792.97, 4, 0, 0, 7.30, 2620, 1584, 6185.55, 17390, 15835
1694943394, 0, 0, 36, 0, 0, 6792.97, 4, 0, 0, 4.94, 2620, 1587, 6185.55, 17390, 15835
1694943395, 0, 0, 36, 0, 0, 6792.97, 4, 0, 0, 2.98, 2621, 1587, 6185.55, 17390, 15835
1694943395, 0, 0, 36, 0, 0, 6792.97, 4, 0, 0, 5.65, 2623, 1587, 6185.55, 17390, 15835
1694943395, 0, 0, 36, 0, 0, 6792.97, 4, 0, 0, 9.40, 2623, 1590, 6185.55, 17390, 15835
1694943396, 0, 0, 36, 0, 0, 6792.97, 4, 0, 0, 4.81, 2624, 1591, 6185.55, 17390, 15835
1694943396, 0, 0, 36, 0, 0, 6792.97, 4, 0, 0, 6.51, 2626, 1591, 6185.55, 17390, 15835
1694943396, 0, 0, 36, 0, 0, 6792.97, 4, 0, 0, 6.67, 2628, 1591, 6185.55, 17390, 15835
1694943397, 0, 0, 36, 0, 0, 6792.97, 4, 0, 0, 2.66, 2629, 1591, 6185.55, 17390, 15835
1694943397, 0, 0, 36, 0, 0, 6792.97, 4, 0, 0, 6.56, 2630, 1592, 6185.55, 17390, 15835
1694943404, 0, 0, 36, 0, 0, 6792.97, 4, 0, 0, 0.45, 2633, 1592, 6185.55, 17390, 15835
1694943404, 0, 0, 36, 0, 0, 6792.97, 4, 0, 0, 0.00, 2633, 1592, 6185.55, 17390, 15835
