# unix_time, cycles_done, cur_path, paths_total, pending_total, pending_favs, map_size, unique_crashes, unique_hangs, max_depth, execs_per_sec, valid_inputs, invalid_inputs, valid_cov, all_covered_probes, valid_covered_probes
1694959281, 0, 0, 1, 0, 0, 837.11, 0, 0, 0, 0.29, 0, 1, 0.00, 2143, 0
1694959282, 0, 0, 2, 0, 0, 1008.59, 0, 0, 0, 2.45, 0, 2, 0.00, 2582, 0
1694959282, 0, 0, 5, 0, 0, 1258.20, 0, 0, 0, 11.11, 3, 3, 475.00, 3221, 1216
1694959307, 0, 0, 11, 0, 0, 1290.23, 1, 0, 0, 0.45, 6, 11, 501.95, 3303, 1285
1694959318, 0, 0, 16, 0, 0, 6495.31, 1, 0, 0, 0.63, 10, 14, 5828.52, 16628, 14921
1694959318, 0, 0, 17, 0, 0, 6694.53, 1, 0, 0, 20.17, 16, 15, 6044.92, 17138, 15475
1694959318, 0, 0, 19, 0, 0, 6706.64, 1, 0, 0, 30.86, 22, 19, 6045.31, 17169, 15476
1694959345, 0, 0, 20, 0, 0, 6756.25, 1, 0, 0, 0.22, 24, 23, 6094.92, 17296, 15603
1694959357, 0, 0, 21, 0, 0, 6801.17, 1, 0, 0, 0.08, 25, 23, 6139.84, 17411, 15718
1694959365, 0, 0, 21, 0, 0, 6801.17, 1, 0, 0, 0.25, 26, 24, 6139.84, 17411, 15718
1694959374, 0, 0, 21, 0, 0, 6801.17, 1, 0, 0, 0.11, 27, 24, 6139.84, 17411, 15718
1694959382, 0, 0, 22, 0, 0, 6803.91, 1, 0, 0, 0.81, 32, 25, 6139.84, 17418, 15718
1694959389, 0, 0, 23, 0, 0, 6810.55, 1, 0, 0, 2.18, 41, 32, 6146.48, 17435, 15735
1694959397, 0, 0, 23, 0, 0, 6810.55, 1, 0, 0, 1.77, 46, 41, 6146.48, 17435, 15735
1694959403, 0, 0, 23, 0, 0, 6810.55, 2, 0, 0, 1.63, 52, 45, 6146.48, 17435, 15735
1694959409, 0, 0, 24, 0, 0, 6816.02, 2, 0, 0, 0.74, 54, 47, 6151.95, 17449, 15749
1694959416, 0, 0, 24, 0, 0, 6816.02, 2, 0, 0, 0.15, 55, 47, 6151.95, 17449, 15749
1694959423, 0, 0, 24, 0, 0, 6816.02, 2, 0, 0, 0.98, 62, 47, 6151.95, 17449, 15749
1694959429, 0, 0, 25, 0, 0, 6822.66, 2, 0, 0, 1.01, 68, 47, 6158.59, 17466, 15766
1694959463, 0, 0, 25, 0, 0, 6822.66, 2, 0, 0, 0.29, 76, 49, 6158.59, 17466, 15766
1694959463, 0, 0, 25, 0, 0, 6822.66, 2, 0, 0, 39.00, 84, 55, 6158.59, 17466, 15766
1694959494, 0, 0, 25, 0, 0, 6822.66, 2, 0, 0, 0.13, 86, 57, 6158.59, 17466, 15766
1694959494, 0, 0, 25, 0, 0, 6822.66, 2, 0, 0, 19.89, 91, 59, 6158.59, 17466, 15766
1694959500, 0, 0, 25, 0, 0, 6822.66, 2, 0, 0, 0.36, 93, 59, 6158.59, 17466, 15766
1694959506, 0, 0, 25, 0, 0, 6822.66, 2, 0, 0, 2.36, 98, 69, 6158.59, 17466, 15766
1694959514, 0, 0, 25, 0, 0, 6822.66, 2, 0, 0, 1.03, 101, 74, 6158.59, 17466, 15766
1694959520, 0, 0, 25, 0, 0, 6822.66, 2, 0, 0, 1.11, 105, 77, 6158.59, 17466, 15766
1694959529, 0, 0, 25, 0, 0, 6822.66, 2, 0, 0, 0.23, 107, 77, 6158.59, 17466, 15766
1694959535, 0, 0, 25, 0, 0, 6822.66, 2, 0, 0, 0.30, 108, 78, 6158.59, 17466, 15766
1694959542, 0, 0, 25, 0, 0, 6822.66, 2, 0, 0, 0.15, 109, 78, 6158.59, 17466, 15766
1694959549, 0, 0, 25, 0, 0, 6822.66, 2, 0, 0, 2.39, 119, 84, 6158.59, 17466, 15766
1694959558, 0, 0, 25, 0, 0, 6822.66, 2, 0, 0, 0.43, 121, 86, 6158.59, 17466, 15766
1694959564, 0, 0, 25, 0, 0, 6822.66, 2, 0, 0, 0.16, 122, 86, 6158.59, 17466, 15766
1694959570, 0, 0, 25, 0, 0, 6822.66, 2, 0, 0, 2.48, 130, 93, 6158.59, 17466, 15766
1694959579, 0, 0, 25, 0, 0, 6822.66, 2, 0, 0, 0.23, 132, 93, 6158.59, 17466, 15766
1694959587, 0, 0, 25, 0, 0, 6822.66, 2, 0, 0, 0.13, 133, 93, 6158.59, 17466, 15766
1694959593, 0, 0, 25, 0, 0, 6822.66, 2, 0, 0, 1.80, 141, 96, 6158.59, 17466, 15766
1694959599, 0, 0, 25, 0, 0, 6822.66, 2, 0, 0, 0.90, 146, 97, 6158.59, 17466, 15766
1694959607, 0, 0, 26, 0, 0, 6838.28, 2, 0, 0, 0.54, 148, 99, 6174.22, 17506, 15806
1694959607, 0, 0, 26, 0, 0, 6838.28, 2, 0, 0, 2.31, 149, 99, 6174.22, 17506, 15806
1694959615, 0, 0, 26, 0, 0, 6838.28, 2, 0, 0, 0.39, 152, 99, 6174.22, 17506, 15806
1694959620, 0, 0, 26, 0, 0, 6838.28, 2, 0, 0, 1.69, 158, 102, 6174.22, 17506, 15806
1694959628, 0, 0, 26, 0, 0, 6838.28, 2, 0, 0, 0.26, 159, 103, 6174.22, 17506, 15806
1694959636, 0, 0, 26, 0, 0, 6838.28, 2, 0, 0, 0.26, 160, 104, 6174.22, 17506, 15806
1694959690, 0, 0, 26, 0, 0, 6838.28, 2, 0, 0, 0.15, 166, 106, 6174.22, 17506, 15806
1694959697, 0, 0, 27, 0, 0, 6841.41, 2, 0, 0, 0.27, 167, 107, 6177.34, 17514, 15814
1694959703, 0, 0, 27, 0, 0, 6841.41, 2, 0, 0, 0.63, 169, 109, 6177.34, 17514, 15814
1694959710, 0, 0, 27, 0, 0, 6841.41, 2, 0, 0, 0.95, 173, 111, 6177.34, 17514, 15814
1694959717, 0, 0, 27, 0, 0, 6841.41, 2, 0, 0, 0.13, 174, 111, 6177.34, 17514, 15814
1694959724, 0, 0, 27, 0, 0, 6841.41, 2, 0, 0, 0.63, 176, 113, 6177.34, 17514, 15814
1694959730, 0, 0, 27, 0, 0, 6841.41, 2, 0, 0, 0.31, 177, 114, 6177.34, 17514, 15814
1694959730, 0, 0, 27, 0, 0, 6841.41, 2, 0, 0, 64.31, 189, 122, 6177.34, 17514, 15814
1694959738, 0, 0, 27, 0, 0, 6841.41, 2, 0, 0, 2.43, 201, 128, 6177.34, 17514, 15814
1694959744, 0, 0, 27, 0, 0, 6841.41, 2, 0, 0, 0.59, 204, 129, 6177.34, 17514, 15814
1694959749, 0, 0, 27, 0, 0, 6841.41, 3, 0, 0, 1.33, 206, 133, 6177.34, 17514, 15814
1694959756, 0, 0, 27, 0, 0, 6841.41, 3, 0, 0, 0.55, 209, 134, 6177.34, 17514, 15814
1694959764, 0, 0, 27, 0, 0, 6841.41, 3, 0, 0, 1.85, 219, 138, 6177.34, 17514, 15814
1694959774, 0, 0, 27, 0, 0, 6841.41, 3, 0, 0, 0.29, 220, 140, 6177.34, 17514, 15814
1694959783, 0, 0, 27, 0, 0, 6841.41, 3, 0, 0, 0.12, 221, 140, 6177.34, 17514, 15814
1694959791, 0, 0, 27, 0, 0, 6841.41, 3, 0, 0, 0.25, 222, 141, 6177.34, 17514, 15814
1694959799, 0, 0, 27, 0, 0, 6841.41, 3, 0, 0, 0.12, 223, 141, 6177.34, 17514, 15814
1694959805, 0, 0, 27, 0, 0, 6841.41, 3, 0, 0, 0.88, 227, 142, 6177.34, 17514, 15814
1694959819, 0, 0, 27, 0, 0, 6841.41, 3, 0, 0, 0.63, 234, 144, 6177.34, 17514, 15814
1694959819, 0, 0, 27, 0, 0, 6841.41, 3, 0, 0, 69.77, 247, 152, 6177.34, 17514, 15814
1694959830, 0, 0, 27, 0, 0, 6841.41, 3, 0, 0, 0.10, 248, 152, 6177.34, 17514, 15814
1694959837, 0, 0, 28, 0, 0, 6841.80, 3, 0, 0, 0.56, 251, 153, 6177.73, 17515, 15815
1694959843, 0, 0, 28, 0, 0, 6841.80, 3, 0, 0, 0.34, 252, 154, 6177.73, 17515, 15815
1694959852, 0, 0, 28, 0, 0, 6841.80, 3, 0, 0, 0.11, 253, 154, 6177.73, 17515, 15815
1694959862, 0, 0, 28, 0, 0, 6841.80, 3, 0, 0, 0.10, 254, 154, 6177.73, 17515, 15815
1694959868, 0, 0, 28, 0, 0, 6841.80, 3, 0, 0, 0.73, 257, 156, 6177.73, 17515, 15815
1694959874, 0, 0, 28, 0, 0, 6841.80, 3, 0, 0, 2.87, 269, 161, 6177.73, 17515, 15815
1694959884, 0, 0, 28, 0, 0, 6841.80, 3, 0, 0, 0.21, 271, 161, 6177.73, 17515, 15815
1694959891, 0, 0, 28, 0, 0, 6841.80, 3, 0, 0, 0.69, 276, 161, 6177.73, 17515, 15815
1694959900, 0, 0, 28, 0, 0, 6841.80, 3, 0, 0, 1.53, 282, 169, 6177.73, 17515, 15815
1694959907, 0, 0, 28, 0, 0, 6841.80, 3, 0, 0, 0.46, 284, 170, 6177.73, 17515, 15815
1694959913, 0, 0, 28, 0, 0, 6841.80, 3, 0, 0, 0.32, 285, 171, 6177.73, 17515, 15815
1694959921, 0, 0, 28, 0, 0, 6841.80, 3, 0, 0, 0.13, 286, 171, 6177.73, 17515, 15815
1694959927, 0, 0, 28, 0, 0, 6841.80, 4, 0, 0, 1.37, 289, 176, 6177.73, 17515, 15815
1694959934, 0, 0, 28, 0, 0, 6841.80, 4, 0, 0, 1.61, 297, 179, 6177.73, 17515, 15815
1694959940, 0, 0, 28, 0, 0, 6841.80, 4, 0, 0, 0.79, 302, 179, 6177.73, 17515, 15815
1694959950, 0, 0, 28, 0, 0, 6841.80, 4, 0, 0, 0.57, 305, 182, 6177.73, 17515, 15815
1694959957, 0, 0, 28, 0, 0, 6841.80, 4, 0, 0, 0.72, 306, 186, 6177.73, 17515, 15815
1694959958, 0, 0, 28, 0, 0, 6841.80, 4, 0, 0, 26.40, 313, 187, 6177.73, 17515, 15815
1694959966, 0, 0, 28, 0, 0, 6841.80, 4, 0, 0, 1.81, 320, 195, 6177.73, 17515, 15815
1694959972, 0, 0, 28, 0, 0, 6841.80, 4, 0, 0, 0.17, 321, 195, 6177.73, 17515, 15815
1694959977, 0, 0, 28, 0, 0, 6841.80, 4, 0, 0, 2.60, 327, 203, 6177.73, 17515, 15815
1694959984, 0, 0, 28, 0, 0, 6841.80, 4, 0, 0, 1.02, 332, 205, 6177.73, 17515, 15815
1694959984, 0, 0, 28, 0, 0, 6841.80, 4, 0, 0, 55.92, 343, 211, 6177.73, 17515, 15815
1694959985, 0, 0, 28, 0, 0, 6841.80, 4, 0, 0, 56.48, 353, 218, 6177.73, 17515, 15815
1694959991, 0, 0, 28, 0, 0, 6841.80, 4, 0, 0, 0.58, 355, 220, 6177.73, 17515, 15815
1694959999, 0, 0, 28, 0, 0, 6841.80, 4, 0, 0, 1.16, 361, 223, 6177.73, 17515, 15815
1694960006, 0, 0, 28, 0, 0, 6841.80, 4, 0, 0, 0.55, 363, 225, 6177.73, 17515, 15815
1694960015, 0, 0, 28, 0, 0, 6841.80, 4, 0, 0, 0.74, 365, 229, 6177.73, 17515, 15815
1694960024, 0, 0, 28, 0, 0, 6841.80, 4, 0, 0, 0.10, 366, 229, 6177.73, 17515, 15815
1694960031, 0, 0, 28, 0, 0, 6841.80, 4, 0, 0, 0.31, 368, 229, 6177.73, 17515, 15815
1694960038, 0, 0, 28, 0, 0, 6841.80, 4, 0, 0, 0.15, 369, 229, 6177.73, 17515, 15815
1694960045, 0, 0, 28, 0, 0, 6841.80, 4, 0, 0, 0.85, 373, 231, 6177.73, 17515, 15815
1694960051, 0, 0, 28, 0, 0, 6841.80, 4, 0, 0, 0.15, 374, 231, 6177.73, 17515, 15815
1694960060, 0, 0, 28, 0, 0, 6841.80, 4, 0, 0, 0.83, 380, 232, 6177.73, 17515, 15815
1694960065, 0, 0, 28, 0, 0, 6841.80, 4, 0, 0, 0.97, 383, 234, 6177.73, 17515, 15815
1694960071, 0, 0, 28, 0, 0, 6841.80, 4, 0, 0, 0.31, 384, 235, 6177.73, 17515, 15815
1694960078, 0, 0, 28, 0, 0, 6841.80, 4, 0, 0, 0.63, 387, 236, 6177.73, 17515, 15815
1694960086, 0, 0, 28, 0, 0, 6841.80, 4, 0, 0, 0.36, 390, 236, 6177.73, 17515, 15815
1694960094, 0, 0, 28, 0, 0, 6841.80, 4, 0, 0, 0.77, 393, 239, 6177.73, 17515, 15815
1694960101, 0, 0, 28, 0, 0, 6841.80, 4, 0, 0, 1.60, 398, 245, 6177.73, 17515, 15815
1694960109, 0, 0, 28, 0, 0, 6841.80, 4, 0, 0, 1.52, 404, 252, 6177.73, 17515, 15815
1694960116, 0, 0, 28, 0, 0, 6841.80, 4, 0, 0, 1.25, 409, 256, 6177.73, 17515, 15815
1694960124, 0, 0, 28, 0, 0, 6841.80, 4, 0, 0, 0.14, 410, 256, 6177.73, 17515, 15815
1694960130, 0, 0, 28, 0, 0, 6841.80, 4, 0, 0, 1.44, 412, 263, 6177.73, 17515, 15815
1694960137, 0, 0, 28, 0, 0, 6841.80, 4, 0, 0, 0.57, 414, 265, 6177.73, 17515, 15815
1694960144, 0, 0, 28, 0, 0, 6841.80, 4, 0, 0, 1.39, 418, 271, 6177.73, 17515, 15815
1694960152, 0, 0, 28, 0, 0, 6841.80, 4, 0, 0, 0.97, 424, 273, 6177.73, 17515, 15815
1694960158, 0, 0, 28, 0, 0, 6841.80, 4, 0, 0, 1.83, 431, 277, 6177.73, 17515, 15815
1694960194, 0, 0, 28, 0, 0, 6841.80, 4, 0, 0, 0.29, 436, 282, 6177.73, 17515, 15815
1694960201, 0, 0, 28, 0, 0, 6841.80, 4, 0, 0, 0.13, 437, 282, 6177.73, 17515, 15815
1694960209, 0, 0, 28, 0, 0, 6841.80, 4, 0, 0, 0.69, 442, 282, 6177.73, 17515, 15815
1694960216, 0, 0, 28, 0, 0, 6841.80, 4, 0, 0, 0.42, 443, 284, 6177.73, 17515, 15815
1694960223, 0, 0, 29, 0, 0, 6842.58, 4, 0, 0, 0.29, 445, 284, 6178.52, 17517, 15817
1694960233, 0, 0, 29, 0, 0, 6842.58, 4, 0, 0, 0.29, 447, 285, 6178.52, 17517, 15817
1694960241, 0, 0, 29, 0, 0, 6842.58, 4, 0, 0, 1.08, 453, 288, 6178.52, 17517, 15817
1694960242, 0, 0, 29, 0, 0, 6842.58, 4, 0, 0, 38.58, 459, 295, 6178.52, 17517, 15817
1694960248, 0, 0, 29, 0, 0, 6842.58, 4, 0, 0, 0.77, 462, 297, 6178.52, 17517, 15817
1694960255, 0, 0, 29, 0, 0, 6842.58, 4, 0, 0, 0.94, 467, 299, 6178.52, 17517, 15817
1694960267, 0, 0, 29, 0, 0, 6842.58, 4, 0, 0, 1.36, 476, 306, 6178.52, 17517, 15817
1694960278, 0, 0, 29, 0, 0, 6842.58, 4, 0, 0, 0.27, 478, 307, 6178.52, 17517, 15817
1694960285, 0, 0, 29, 0, 0, 6842.58, 4, 0, 0, 0.14, 479, 307, 6178.52, 17517, 15817
1694960286, 0, 0, 29, 0, 0, 6842.58, 4, 0, 0, 23.60, 483, 311, 6178.52, 17517, 15817
1694960294, 0, 0, 29, 0, 0, 6842.58, 4, 0, 0, 0.58, 487, 312, 6178.52, 17517, 15817
1694960301, 0, 0, 29, 0, 0, 6842.58, 4, 0, 0, 0.59, 490, 313, 6178.52, 17517, 15817
1694960307, 0, 0, 29, 0, 0, 6842.58, 4, 0, 0, 0.34, 492, 313, 6178.52, 17517, 15817
1694960315, 0, 0, 29, 0, 0, 6842.58, 4, 0, 0, 0.50, 494, 315, 6178.52, 17517, 15817
1694960322, 0, 0, 29, 0, 0, 6842.58, 4, 0, 0, 1.04, 498, 318, 6178.52, 17517, 15817
1694960332, 0, 0, 29, 0, 0, 6842.58, 4, 0, 0, 0.68, 503, 320, 6178.52, 17517, 15817
1694960332, 0, 0, 29, 0, 0, 6842.58, 4, 0, 0, 36.67, 506, 328, 6178.52, 17517, 15817
1694960343, 0, 0, 29, 0, 0, 6842.58, 4, 0, 0, 0.28, 507, 330, 6178.52, 17517, 15817
1694960343, 0, 0, 29, 0, 0, 6842.58, 4, 0, 0, 36.30, 514, 334, 6178.52, 17517, 15817
1694960344, 0, 0, 29, 0, 0, 6842.58, 4, 0, 0, 13.20, 515, 337, 6178.52, 17517, 15817
1694960353, 0, 0, 29, 0, 0, 6842.58, 4, 0, 0, 0.10, 516, 337, 6178.52, 17517, 15817
1694960360, 0, 0, 29, 0, 0, 6842.58, 4, 0, 0, 2.28, 527, 341, 6178.52, 17517, 15817
1694960360, 0, 0, 29, 0, 0, 6842.58, 4, 0, 0, 41.94, 534, 347, 6178.52, 17517, 15817
1694960360, 0, 0, 29, 0, 0, 6842.58, 4, 0, 0, 17.65, 540, 347, 6178.52, 17517, 15817
1694960361, 0, 0, 29, 0, 0, 6842.58, 4, 0, 0, 64.22, 548, 360, 6178.52, 17517, 15817
1694960367, 0, 0, 29, 0, 0, 6842.58, 4, 0, 0, 0.48, 551, 360, 6178.52, 17517, 15817
1694960367, 0, 0, 29, 0, 0, 6842.58, 4, 0, 0, 39.22, 559, 364, 6178.52, 17517, 15817
1694960374, 0, 0, 29, 0, 0, 6842.58, 4, 0, 0, 0.15, 560, 364, 6178.52, 17517, 15817
1694960381, 0, 0, 29, 0, 0, 6842.58, 4, 0, 0, 0.41, 563, 364, 6178.52, 17517, 15817
1694960389, 0, 0, 29, 0, 0, 6842.58, 4, 0, 0, 1.15, 567, 369, 6178.52, 17517, 15817
1694960395, 0, 0, 29, 0, 0, 6842.58, 4, 0, 0, 0.82, 570, 371, 6178.52, 17517, 15817
1694960403, 0, 0, 30, 0, 0, 6843.75, 4, 0, 0, 0.25, 571, 372, 6179.69, 17520, 15820
1694960404, 0, 0, 30, 0, 0, 6843.75, 4, 0, 0, 41.53, 580, 376, 6179.69, 17520, 15820
1694960404, 0, 0, 30, 0, 0, 6843.75, 4, 0, 0, 12.35, 583, 377, 6179.69, 17520, 15820
1694960411, 0, 0, 30, 0, 0, 6843.75, 4, 0, 0, 1.40, 592, 378, 6179.69, 17520, 15820
1694960417, 0, 0, 30, 0, 0, 6843.75, 4, 0, 0, 1.12, 595, 382, 6179.69, 17520, 15820
1694960418, 0, 0, 30, 0, 0, 6843.75, 4, 0, 0, 22.99, 600, 385, 6179.69, 17520, 15820
1694960418, 0, 0, 30, 0, 0, 6843.75, 4, 0, 0, 33.52, 608, 389, 6179.69, 17520, 15820
1694960426, 0, 0, 30, 0, 0, 6843.75, 4, 0, 0, 0.12, 609, 389, 6179.69, 17520, 15820
1694960426, 0, 0, 30, 0, 0, 6843.75, 4, 0, 0, 2.92, 610, 389, 6179.69, 17520, 15820
1694960427, 0, 0, 30, 0, 0, 6843.75, 4, 0, 0, 35.26, 616, 394, 6179.69, 17520, 15820
1694960427, 0, 0, 30, 0, 0, 6843.75, 4, 0, 0, 23.18, 619, 398, 6179.69, 17520, 15820
1694960434, 0, 0, 30, 0, 0, 6843.75, 4, 0, 0, 1.17, 624, 401, 6179.69, 17520, 15820
1694960440, 0, 0, 30, 0, 0, 6843.75, 4, 0, 0, 0.85, 629, 401, 6179.69, 17520, 15820
1694960449, 0, 0, 30, 0, 0, 6843.75, 4, 0, 0, 0.91, 637, 401, 6179.69, 17520, 15820
1694960456, 0, 0, 30, 0, 0, 6843.75, 4, 0, 0, 0.40, 639, 402, 6179.69, 17520, 15820
1694960456, 0, 0, 30, 0, 0, 6843.75, 4, 0, 0, 38.83, 645, 408, 6179.69, 17520, 15820
1694960457, 0, 0, 30, 0, 0, 6843.75, 4, 0, 0, 6.41, 647, 408, 6179.69, 17520, 15820
1694960469, 0, 0, 30, 0, 0, 6843.75, 4, 0, 0, 0.40, 650, 410, 6179.69, 17520, 15820
1694960469, 0, 0, 30, 0, 0, 6843.75, 4, 0, 0, 70.00, 662, 419, 6179.69, 17520, 15820
1694960477, 0, 0, 30, 0, 0, 6843.75, 4, 0, 0, 0.64, 664, 422, 6179.69, 17520, 15820
1694960477, 0, 0, 30, 0, 0, 6843.75, 4, 0, 0, 43.05, 672, 427, 6179.69, 17520, 15820
1694960513, 0, 0, 30, 0, 0, 6843.75, 4, 0, 0, 0.17, 674, 431, 6179.69, 17520, 15820
1694960519, 0, 0, 30, 0, 0, 6843.75, 4, 0, 0, 0.59, 676, 433, 6179.69, 17520, 15820
1694960520, 0, 0, 30, 0, 0, 6843.75, 4, 0, 0, 32.15, 683, 436, 6179.69, 17520, 15820
1694960531, 0, 0, 30, 0, 0, 6843.75, 4, 0, 0, 0.91, 689, 440, 6179.69, 17520, 15820
1694960536, 0, 0, 30, 0, 0, 6843.75, 4, 0, 0, 0.76, 692, 441, 6179.69, 17520, 15820
1694960536, 0, 0, 30, 0, 0, 6843.75, 4, 0, 0, 14.01, 696, 442, 6179.69, 17520, 15820
1694960543, 0, 0, 30, 0, 0, 6843.75, 4, 0, 0, 0.59, 697, 445, 6179.69, 17520, 15820
1694960551, 0, 0, 30, 0, 0, 6843.75, 4, 0, 0, 0.92, 701, 448, 6179.69, 17520, 15820
1694960574, 0, 0, 30, 0, 0, 6843.75, 4, 0, 0, 0.04, 702, 448, 6179.69, 17520, 15820
1694960585, 0, 0, 30, 0, 0, 6843.75, 4, 0, 0, 0.27, 705, 448, 6179.69, 17520, 15820
1694960600, 0, 0, 30, 0, 0, 6843.75, 4, 0, 0, 0.26, 708, 449, 6179.69, 17520, 15820
1694960601, 0, 0, 30, 0, 0, 6843.75, 4, 0, 0, 18.81, 712, 451, 6179.69, 17520, 15820
1694960601, 0, 0, 30, 0, 0, 6843.75, 4, 0, 0, 36.42, 719, 455, 6179.69, 17520, 15820
1694960601, 0, 0, 30, 0, 0, 6843.75, 4, 0, 0, 59.01, 728, 465, 6179.69, 17520, 15820
1694960608, 0, 0, 30, 0, 0, 6843.75, 4, 0, 0, 1.90, 735, 471, 6179.69, 17520, 15820
1694960617, 0, 0, 30, 0, 0, 6843.75, 4, 0, 0, 0.43, 736, 474, 6179.69, 17520, 15820
1694960618, 0, 0, 30, 0, 0, 6843.75, 4, 0, 0, 20.20, 742, 476, 6179.69, 17520, 15820
1694960651, 0, 0, 30, 0, 0, 6843.75, 4, 0, 0, 0.21, 745, 480, 6179.69, 17520, 15820
1694960659, 0, 0, 30, 0, 0, 6843.75, 4, 0, 0, 0.88, 750, 482, 6179.69, 17520, 15820
1694960659, 0, 0, 30, 0, 0, 6843.75, 4, 0, 0, 25.82, 758, 485, 6179.69, 17520, 15820
1694960676, 0, 0, 30, 0, 0, 6843.75, 4, 0, 0, 0.35, 761, 488, 6179.69, 17520, 15820
1694960677, 0, 0, 30, 0, 0, 6843.75, 4, 0, 0, 34.95, 766, 496, 6179.69, 17520, 15820
1694960684, 0, 0, 30, 0, 0, 6843.75, 4, 0, 0, 0.90, 770, 499, 6179.69, 17520, 15820
1694960691, 0, 0, 30, 0, 0, 6843.75, 4, 0, 0, 1.40, 777, 501, 6179.69, 17520, 15820
1694960699, 0, 0, 30, 0, 0, 6843.75, 4, 0, 0, 0.12, 778, 501, 6179.69, 17520, 15820
1694960709, 0, 0, 30, 0, 0, 6843.75, 4, 0, 0, 0.85, 782, 505, 6179.69, 17520, 15820
1694960716, 0, 0, 30, 0, 0, 6843.75, 4, 0, 0, 1.64, 788, 511, 6179.69, 17520, 15820
1694960724, 0, 0, 30, 0, 0, 6843.75, 4, 0, 0, 0.49, 790, 513, 6179.69, 17520, 15820
1694960731, 0, 0, 30, 0, 0, 6843.75, 4, 0, 0, 0.15, 791, 513, 6179.69, 17520, 15820
1694960739, 0, 0, 30, 0, 0, 6843.75, 4, 0, 0, 1.37, 797, 518, 6179.69, 17520, 15820
1694960750, 0, 0, 30, 0, 0, 6843.75, 4, 0, 0, 0.63, 803, 519, 6179.69, 17520, 15820
1694960758, 0, 0, 30, 0, 0, 6843.75, 4, 0, 0, 0.25, 805, 519, 6179.69, 17520, 15820
1694960772, 0, 0, 30, 0, 0, 6843.75, 4, 0, 0, 0.28, 808, 520, 6179.69, 17520, 15820
1694960778, 0, 0, 30, 0, 0, 6843.75, 4, 0, 0, 0.69, 811, 521, 6179.69, 17520, 15820
1694960778, 0, 0, 30, 0, 0, 6843.75, 4, 0, 0, 26.06, 818, 522, 6179.69, 17520, 15820
1694960779, 0, 0, 30, 0, 0, 6843.75, 4, 0, 0, 35.19, 826, 526, 6179.69, 17520, 15820
1694960779, 0, 0, 30, 0, 0, 6843.75, 4, 0, 0, 6.37, 827, 527, 6179.69, 17520, 15820
1694960779, 0, 0, 30, 0, 0, 6843.75, 4, 0, 0, 21.41, 831, 530, 6179.69, 17520, 15820
1694960780, 0, 0, 30, 0, 0, 6843.75, 4, 0, 0, 22.88, 834, 534, 6179.69, 17520, 15820
1694960792, 0, 0, 30, 0, 0, 6843.75, 4, 0, 0, 0.72, 838, 539, 6179.69, 17520, 15820
1694960793, 0, 0, 30, 0, 0, 6843.75, 4, 0, 0, 21.08, 842, 544, 6179.69, 17520, 15820
1694960803, 0, 0, 30, 0, 0, 6843.75, 4, 0, 0, 0.50, 844, 547, 6179.69, 17520, 15820
1694960809, 0, 0, 30, 0, 0, 6843.75, 4, 0, 0, 0.16, 845, 547, 6179.69, 17520, 15820
1694960817, 0, 0, 30, 0, 0, 6843.75, 4, 0, 0, 0.99, 851, 549, 6179.69, 17520, 15820
1694960826, 0, 0, 30, 0, 0, 6843.75, 4, 0, 0, 0.11, 852, 549, 6179.69, 17520, 15820
1694960833, 0, 0, 30, 0, 0, 6843.75, 4, 0, 0, 1.40, 857, 554, 6179.69, 17520, 15820
1694960847, 0, 0, 30, 0, 0, 6843.75, 4, 0, 0, 0.22, 859, 555, 6179.69, 17520, 15820
1694960852, 0, 0, 30, 0, 0, 6843.75, 4, 0, 0, 0.18, 860, 555, 6179.69, 17520, 15820
1694960853, 0, 0, 30, 0, 0, 6843.75, 4, 0, 0, 29.80, 865, 559, 6179.69, 17520, 15820
1694960862, 0, 0, 30, 0, 0, 6843.75, 4, 0, 0, 0.11, 866, 559, 6179.69, 17520, 15820
1694960875, 0, 0, 30, 0, 0, 6843.75, 4, 0, 0, 0.67, 872, 562, 6179.69, 17520, 15820
1694960883, 0, 0, 30, 0, 0, 6843.75, 4, 0, 0, 1.10, 879, 564, 6179.69, 17520, 15820
1694960891, 0, 0, 30, 0, 0, 6843.75, 4, 0, 0, 1.08, 882, 569, 6179.69, 17520, 15820
1694960896, 0, 0, 30, 0, 0, 6843.75, 4, 0, 0, 0.39, 883, 570, 6179.69, 17520, 15820
1694960903, 0, 0, 30, 0, 0, 6843.75, 4, 0, 0, 0.82, 886, 573, 6179.69, 17520, 15820
1694960911, 0, 0, 30, 0, 0, 6843.75, 4, 0, 0, 0.87, 891, 575, 6179.69, 17520, 15820
1694960912, 0, 0, 30, 0, 0, 6843.75, 4, 0, 0, 30.00, 897, 578, 6179.69, 17520, 15820
1694960920, 0, 0, 30, 0, 0, 6843.75, 4, 0, 0, 0.51, 900, 579, 6179.69, 17520, 15820
1694960932, 0, 0, 30, 0, 0, 6843.75, 4, 0, 0, 0.39, 905, 579, 6179.69, 17520, 15820
1694960933, 0, 0, 30, 0, 0, 6843.75, 4, 0, 0, 9.06, 906, 581, 6179.69, 17520, 15820
1694960940, 0, 0, 30, 0, 0, 6843.75, 4, 0, 0, 3.27, 919, 593, 6179.69, 17520, 15820
1694960941, 0, 0, 30, 0, 0, 6843.75, 4, 0, 0, 12.82, 921, 595, 6179.69, 17520, 15820
1694960941, 0, 0, 30, 0, 0, 6843.75, 4, 0, 0, 28.66, 923, 602, 6179.69, 17520, 15820
1694960951, 0, 0, 30, 0, 0, 6843.75, 4, 0, 0, 0.48, 927, 603, 6179.69, 17520, 15820
1694960952, 0, 0, 30, 0, 0, 6843.75, 4, 0, 0, 42.04, 938, 606, 6179.69, 17520, 15820
1694960952, 0, 0, 30, 0, 0, 6843.75, 4, 0, 0, 20.41, 940, 611, 6179.69, 17520, 15820
1694960953, 0, 0, 30, 0, 0, 6843.75, 4, 0, 0, 11.30, 943, 614, 6179.69, 17520, 15820
1694960961, 0, 0, 30, 0, 0, 6843.75, 4, 0, 0, 0.76, 947, 616, 6179.69, 17520, 15820
1694960961, 0, 0, 30, 0, 0, 6843.75, 4, 0, 0, 30.67, 951, 622, 6179.69, 17520, 15820
1694960961, 0, 0, 30, 0, 0, 6843.75, 4, 0, 0, 39.09, 958, 627, 6179.69, 17520, 15820
1694960973, 0, 0, 30, 0, 0, 6843.75, 4, 0, 0, 0.43, 959, 631, 6179.69, 17520, 15820
1694960979, 0, 0, 30, 0, 0, 6843.75, 4, 0, 0, 0.75, 961, 634, 6179.69, 17520, 15820
1694960987, 0, 0, 30, 0, 0, 6843.75, 4, 0, 0, 0.13, 962, 634, 6179.69, 17520, 15820
1694960994, 0, 0, 30, 0, 0, 6843.75, 4, 0, 0, 0.44, 965, 634, 6179.69, 17520, 15820
1694961001, 0, 0, 30, 0, 0, 6843.75, 4, 0, 0, 0.45, 968, 634, 6179.69, 17520, 15820
1694961001, 0, 0, 30, 0, 0, 6843.75, 4, 0, 0, 19.80, 973, 635, 6179.69, 17520, 15820
1694961010, 0, 0, 30, 0, 0, 6843.75, 4, 0, 0, 0.23, 975, 635, 6179.69, 17520, 15820
1694961018, 0, 0, 30, 0, 0, 6843.75, 4, 0, 0, 0.63, 977, 638, 6179.69, 17520, 15820
1694961018, 0, 0, 30, 0, 0, 6843.75, 4, 0, 0, 21.02, 981, 641, 6179.69, 17520, 15820
1694961019, 0, 0, 30, 0, 0, 6843.75, 4, 0, 0, 24.52, 985, 646, 6179.69, 17520, 15820
1694961049, 0, 0, 30, 0, 0, 6843.75, 4, 0, 0, 0.30, 991, 649, 6179.69, 17520, 15820
1694961055, 0, 0, 30, 0, 0, 6843.75, 4, 0, 0, 0.15, 992, 649, 6179.69, 17520, 15820
1694961062, 0, 0, 30, 0, 0, 6843.75, 4, 0, 0, 0.87, 996, 651, 6179.69, 17520, 15820
1694961071, 0, 0, 30, 0, 0, 6843.75, 4, 0, 0, 0.24, 998, 651, 6179.69, 17520, 15820
1694961079, 0, 0, 30, 0, 0, 6843.75, 4, 0, 0, 0.61, 1002, 652, 6179.69, 17520, 15820
1694961086, 0, 0, 30, 0, 0, 6843.75, 4, 0, 0, 1.12, 1007, 655, 6179.69, 17520, 15820
1694961094, 0, 0, 30, 0, 0, 6843.75, 4, 0, 0, 0.24, 1009, 655, 6179.69, 17520, 15820
1694961101, 0, 0, 30, 0, 0, 6843.75, 4, 0, 0, 0.14, 1010, 655, 6179.69, 17520, 15820
1694961112, 0, 0, 30, 0, 0, 6843.75, 4, 0, 0, 0.37, 1013, 656, 6179.69, 17520, 15820
1694961118, 0, 0, 30, 0, 0, 6843.75, 4, 0, 0, 0.35, 1015, 656, 6179.69, 17520, 15820
1694961125, 0, 0, 30, 0, 0, 6843.75, 4, 0, 0, 0.80, 1020, 657, 6179.69, 17520, 15820
1694961126, 0, 0, 30, 0, 0, 6843.75, 4, 0, 0, 21.34, 1022, 662, 6179.69, 17520, 15820
1694961133, 0, 0, 30, 0, 0, 6843.75, 4, 0, 0, 0.27, 1024, 662, 6179.69, 17520, 15820
1694961133, 0, 0, 30, 0, 0, 6843.75, 4, 0, 0, 16.45, 1026, 665, 6179.69, 17520, 15820
1694961141, 0, 0, 30, 0, 0, 6843.75, 4, 0, 0, 0.61, 1029, 667, 6179.69, 17520, 15820
1694961156, 0, 0, 30, 0, 0, 6843.75, 4, 0, 0, 0.36, 1033, 668, 6179.69, 17520, 15820
1694961164, 0, 0, 30, 0, 0, 6843.75, 4, 0, 0, 1.04, 1037, 673, 6179.69, 17520, 15820
1694961172, 0, 0, 30, 0, 0, 6843.75, 4, 0, 0, 0.40, 1038, 675, 6179.69, 17520, 15820
1694961180, 0, 0, 30, 0, 0, 6843.75, 4, 0, 0, 0.38, 1041, 675, 6179.69, 17520, 15820
1694961180, 0, 0, 30, 0, 0, 6843.75, 4, 0, 0, 20.35, 1045, 678, 6179.69, 17520, 15820
1694961180, 0, 0, 30, 0, 0, 6843.75, 4, 0, 0, 31.35, 1050, 683, 6179.69, 17520, 15820
1694961181, 0, 0, 30, 0, 0, 6843.75, 4, 0, 0, 26.40, 1053, 688, 6179.69, 17520, 15820
1694961190, 0, 0, 30, 0, 0, 6843.75, 4, 0, 0, 0.11, 1054, 688, 6179.69, 17520, 15820
1694961195, 0, 0, 30, 0, 0, 6843.75, 4, 0, 0, 0.17, 1055, 688, 6179.69, 17520, 15820
1694961204, 0, 0, 30, 0, 0, 6843.75, 4, 0, 0, 0.98, 1061, 690, 6179.69, 17520, 15820
1694961226, 0, 0, 30, 0, 0, 6843.75, 4, 0, 0, 0.27, 1063, 694, 6179.69, 17520, 15820
1694961226, 0, 0, 30, 0, 0, 6843.75, 4, 0, 0, 15.72, 1066, 696, 6179.69, 17520, 15820
1694961227, 0, 0, 30, 0, 0, 6843.75, 4, 0, 0, 17.75, 1068, 700, 6179.69, 17520, 15820
1694961227, 0, 0, 30, 0, 0, 6843.75, 4, 0, 0, 9.71, 1070, 701, 6179.69, 17520, 15820
1694961227, 0, 0, 30, 0, 0, 6843.75, 4, 0, 0, 20.11, 1074, 704, 6179.69, 17520, 15820
1694961234, 0, 0, 30, 0, 0, 6843.75, 4, 0, 0, 1.25, 1076, 710, 6179.69, 17520, 15820
1694961234, 0, 0, 30, 0, 0, 6843.75, 4, 0, 0, 28.75, 1082, 713, 6179.69, 17520, 15820
1694961242, 0, 0, 30, 0, 0, 6843.75, 4, 0, 0, 0.66, 1086, 714, 6179.69, 17520, 15820
1694961249, 0, 0, 30, 0, 0, 6843.75, 4, 0, 0, 0.13, 1087, 714, 6179.69, 17520, 15820
1694961256, 0, 0, 30, 0, 0, 6843.75, 4, 0, 0, 0.30, 1088, 715, 6179.69, 17520, 15820
1694961264, 0, 0, 30, 0, 0, 6843.75, 4, 0, 0, 0.93, 1094, 716, 6179.69, 17520, 15820
1694961272, 0, 0, 30, 0, 0, 6843.75, 4, 0, 0, 0.37, 1095, 718, 6179.69, 17520, 15820
1694961281, 0, 0, 30, 0, 0, 6843.75, 4, 0, 0, 0.21, 1096, 719, 6179.69, 17520, 15820
1694961291, 0, 0, 30, 0, 0, 6843.75, 4, 0, 0, 0.31, 1099, 719, 6179.69, 17520, 15820
1694961298, 0, 0, 30, 0, 0, 6843.75, 4, 0, 0, 0.41, 1101, 720, 6179.69, 17520, 15820
1694961299, 0, 0, 30, 0, 0, 6843.75, 4, 0, 0, 20.23, 1104, 724, 6179.69, 17520, 15820
1694961306, 0, 0, 30, 0, 0, 6843.75, 4, 0, 0, 0.53, 1107, 725, 6179.69, 17520, 15820
1694961314, 0, 0, 30, 0, 0, 6843.75, 4, 0, 0, 0.26, 1108, 726, 6179.69, 17520, 15820
1694961322, 0, 0, 30, 0, 0, 6843.75, 4, 0, 0, 0.36, 1111, 726, 6179.69, 17520, 15820
1694961329, 0, 0, 30, 0, 0, 6843.75, 4, 0, 0, 0.46, 1112, 728, 6179.69, 17520, 15820
1694961340, 0, 0, 30, 0, 0, 6843.75, 4, 0, 0, 0.09, 1113, 728, 6179.69, 17520, 15820
1694961340, 0, 0, 30, 0, 0, 6843.75, 4, 0, 0, 10.00, 1115, 730, 6179.69, 17520, 15820
1694961341, 0, 0, 30, 0, 0, 6843.75, 4, 0, 0, 22.47, 1120, 733, 6179.69, 17520, 15820
1694961341, 0, 0, 30, 0, 0, 6843.75, 4, 0, 0, 9.62, 1121, 735, 6179.69, 17520, 15820
1694961341, 0, 0, 30, 0, 0, 6843.75, 4, 0, 0, 19.39, 1125, 738, 6179.69, 17520, 15820
1694961342, 0, 0, 30, 0, 0, 6843.75, 4, 0, 0, 19.13, 1127, 743, 6179.69, 17520, 15820
1694961348, 0, 0, 30, 0, 0, 6843.75, 4, 0, 0, 0.30, 1129, 743, 6179.69, 17520, 15820
1694961357, 0, 0, 30, 0, 0, 6843.75, 4, 0, 0, 0.23, 1130, 744, 6179.69, 17520, 15820
1694961357, 0, 0, 30, 0, 0, 6843.75, 4, 0, 0, 16.18, 1133, 746, 6179.69, 17520, 15820
1694961364, 0, 0, 30, 0, 0, 6843.75, 4, 0, 0, 0.45, 1134, 748, 6179.69, 17520, 15820
1694961364, 0, 0, 30, 0, 0, 6843.75, 4, 0, 0, 15.58, 1138, 749, 6179.69, 17520, 15820
1694961372, 0, 0, 30, 0, 0, 6843.75, 4, 0, 0, 0.27, 1139, 750, 6179.69, 17520, 15820
1694961372, 0, 0, 30, 0, 0, 6843.75, 4, 0, 0, 9.01, 1140, 752, 6179.69, 17520, 15820
1694961380, 0, 0, 30, 0, 0, 6843.75, 4, 0, 0, 0.12, 1141, 752, 6179.69, 17520, 15820
1694961387, 0, 0, 30, 0, 0, 6843.75, 4, 0, 0, 0.86, 1145, 754, 6179.69, 17520, 15820
1694961388, 0, 0, 30, 0, 0, 6843.75, 4, 0, 0, 33.22, 1153, 756, 6179.69, 17520, 15820
1694961388, 0, 0, 30, 0, 0, 6843.75, 4, 0, 0, 12.63, 1157, 757, 6179.69, 17520, 15820
1694961388, 0, 0, 30, 0, 0, 6843.75, 4, 0, 0, 12.82, 1160, 758, 6179.69, 17520, 15820
1694961389, 0, 0, 30, 0, 0, 6843.75, 4, 0, 0, 16.67, 1164, 759, 6179.69, 17520, 15820
1694961389, 0, 0, 30, 0, 0, 6843.75, 4, 0, 0, 12.05, 1168, 759, 6179.69, 17520, 15820
1694961389, 0, 0, 30, 0, 0, 6843.75, 4, 0, 0, 7.69, 1171, 759, 6179.69, 17520, 15820
1694961390, 0, 0, 30, 0, 0, 6843.75, 4, 0, 0, 13.03, 1173, 761, 6179.69, 17520, 15820
1694961390, 0, 0, 30, 0, 0, 6843.75, 4, 0, 0, 19.50, 1177, 764, 6179.69, 17520, 15820
1694961390, 0, 0, 30, 0, 0, 6843.75, 4, 0, 0, 11.43, 1180, 765, 6179.69, 17520, 15820
1694961391, 0, 0, 30, 0, 0, 6843.75, 4, 0, 0, 5.43, 1182, 765, 6179.69, 17520, 15820
1694961397, 0, 0, 30, 0, 0, 6843.75, 4, 0, 0, 0.63, 1185, 766, 6179.69, 17520, 15820
1694961405, 0, 0, 30, 0, 0, 6843.75, 4, 0, 0, 0.53, 1187, 768, 6179.69, 17520, 15820
1694961411, 0, 0, 30, 0, 0, 6843.75, 4, 0, 0, 0.15, 1188, 768, 6179.69, 17520, 15820
1694961411, 0, 0, 30, 0, 0, 6843.75, 4, 0, 0, 20.77, 1193, 770, 6179.69, 17520, 15820
1694961419, 0, 0, 30, 0, 0, 6843.75, 4, 0, 0, 0.42, 1194, 772, 6179.69, 17520, 15820
1694961419, 0, 0, 30, 0, 0, 6843.75, 4, 0, 0, 17.49, 1197, 775, 6179.69, 17520, 15820
1694961426, 0, 0, 30, 0, 0, 6843.75, 4, 0, 0, 0.28, 1198, 776, 6179.69, 17520, 15820
1694961432, 0, 0, 30, 0, 0, 6843.75, 4, 0, 0, 1.20, 1201, 780, 6179.69, 17520, 15820
1694961437, 0, 0, 30, 0, 0, 6843.75, 4, 0, 0, 0.40, 1201, 782, 6179.69, 17520, 15820
1694961437, 0, 0, 30, 0, 0, 6843.75, 4, 0, 0, 7.75, 1204, 782, 6179.69, 17520, 15820
1694961444, 0, 0, 30, 0, 0, 6843.75, 4, 0, 0, 0.62, 1205, 785, 6179.69, 17520, 15820
1694961455, 0, 0, 30, 0, 0, 6843.75, 4, 0, 0, 0.35, 1208, 786, 6179.69, 17520, 15820
1694961463, 0, 0, 30, 0, 0, 6843.75, 4, 0, 0, 0.27, 1210, 786, 6179.69, 17520, 15820
1694961469, 0, 0, 30, 0, 0, 6843.75, 4, 0, 0, 0.46, 1213, 786, 6179.69, 17520, 15820
1694961476, 0, 0, 30, 0, 0, 6843.75, 4, 0, 0, 0.14, 1214, 786, 6179.69, 17520, 15820
1694961484, 0, 0, 30, 0, 0, 6843.75, 4, 0, 0, 0.53, 1218, 786, 6179.69, 17520, 15820
1694961502, 0, 0, 30, 0, 0, 6843.75, 4, 0, 0, 0.11, 1220, 786, 6179.69, 17520, 15820
1694961508, 0, 0, 30, 0, 0, 6843.75, 4, 0, 0, 1.04, 1223, 790, 6179.69, 17520, 15820
1694961509, 0, 0, 30, 0, 0, 6843.75, 4, 0, 0, 15.20, 1227, 791, 6179.69, 17520, 15820
1694961509, 0, 0, 30, 0, 0, 6843.75, 4, 0, 0, 5.21, 1229, 791, 6179.69, 17520, 15820
1694961510, 0, 0, 30, 0, 0, 6843.75, 4, 0, 0, 9.73, 1232, 792, 6179.69, 17520, 15820
1694961510, 0, 0, 30, 0, 0, 6843.75, 4, 0, 0, 8.00, 1235, 793, 6179.69, 17520, 15820
1694961517, 0, 0, 30, 0, 0, 6843.75, 4, 0, 0, 0.43, 1238, 793, 6179.69, 17520, 15820
1694961524, 0, 0, 30, 0, 0, 6843.75, 4, 0, 0, 0.27, 1239, 794, 6179.69, 17520, 15820
1694961533, 0, 0, 30, 0, 0, 6843.75, 4, 0, 0, 0.35, 1241, 795, 6179.69, 17520, 15820
1694961541, 0, 0, 30, 0, 0, 6843.75, 4, 0, 0, 0.13, 1242, 795, 6179.69, 17520, 15820
1694961541, 0, 0, 30, 0, 0, 6843.75, 4, 0, 0, 10.75, 1244, 797, 6179.69, 17520, 15820
1694961549, 0, 0, 30, 0, 0, 6843.75, 4, 0, 0, 0.50, 1245, 800, 6179.69, 17520, 15820
1694961550, 0, 0, 30, 0, 0, 6843.75, 4, 0, 0, 4.69, 1247, 800, 6179.69, 17520, 15820
1694961550, 0, 0, 30, 0, 0, 6843.75, 4, 0, 0, 14.71, 1251, 801, 6179.69, 17520, 15820
1694961550, 0, 0, 30, 0, 0, 6843.75, 4, 0, 0, 9.75, 1253, 804, 6179.69, 17520, 15820
1694961551, 0, 0, 30, 0, 0, 6843.75, 4, 0, 0, 11.17, 1255, 806, 6179.69, 17520, 15820
1694961559, 0, 0, 31, 0, 0, 6844.53, 4, 0, 0, 0.47, 1258, 807, 6180.47, 17522, 15822
1694961559, 0, 0, 31, 0, 0, 6844.53, 4, 0, 0, 6.35, 1260, 807, 6180.47, 17522, 15822
1694961570, 0, 0, 31, 0, 0, 6844.53, 4, 0, 0, 0.19, 1262, 807, 6180.47, 17522, 15822
1694961570, 0, 0, 31, 0, 0, 6844.53, 4, 0, 0, 5.93, 1264, 808, 6180.47, 17522, 15822
1694961578, 0, 0, 31, 0, 0, 6844.53, 4, 0, 0, 0.13, 1265, 808, 6180.47, 17522, 15822
1694961592, 0, 0, 31, 0, 0, 6844.53, 4, 0, 0, 0.21, 1268, 808, 6180.47, 17522, 15822
1694961593, 0, 0, 31, 0, 0, 6844.53, 4, 0, 0, 10.44, 1270, 810, 6180.47, 17522, 15822
1694961593, 0, 0, 31, 0, 0, 6844.53, 4, 0, 0, 9.85, 1274, 810, 6180.47, 17522, 15822
1694961599, 0, 0, 31, 0, 0, 6844.53, 4, 0, 0, 0.18, 1274, 811, 6180.47, 17522, 15822
1694961599, 0, 0, 31, 0, 0, 6844.53, 4, 0, 0, 17.75, 1277, 814, 6180.47, 17522, 15822
1694961599, 0, 0, 31, 0, 0, 6844.53, 4, 0, 0, 17.19, 1280, 817, 6180.47, 17522, 15822
1694961608, 0, 0, 31, 0, 0, 6844.53, 4, 0, 0, 0.23, 1282, 817, 6180.47, 17522, 15822
1694961608, 0, 0, 31, 0, 0, 6844.53, 4, 0, 0, 12.86, 1285, 818, 6180.47, 17522, 15822
1694961609, 0, 0, 31, 0, 0, 6844.53, 4, 0, 0, 22.29, 1288, 822, 6180.47, 17522, 15822
1694961609, 0, 0, 31, 0, 0, 6844.53, 4, 0, 0, 19.74, 1292, 824, 6180.47, 17522, 15822
1694961609, 0, 0, 31, 0, 0, 6844.53, 4, 0, 0, 18.99, 1294, 828, 6180.47, 17522, 15822
1694961610, 0, 0, 31, 0, 0, 6844.53, 4, 0, 0, 13.77, 1294, 833, 6180.47, 17522, 15822
1694961620, 0, 0, 31, 0, 0, 6844.53, 4, 0, 0, 0.09, 1295, 833, 6180.47, 17522, 15822
1694961621, 0, 0, 31, 0, 0, 6844.53, 4, 0, 0, 11.06, 1300, 833, 6180.47, 17522, 15822
1694961621, 0, 0, 31, 0, 0, 6844.53, 4, 0, 0, 9.43, 1301, 835, 6180.47, 17522, 15822
1694961630, 0, 0, 31, 0, 0, 6844.53, 4, 0, 0, 0.11, 1302, 835, 6180.47, 17522, 15822
1694961631, 0, 0, 31, 0, 0, 6844.53, 4, 0, 0, 5.31, 1302, 837, 6180.47, 17522, 15822
1694961631, 0, 0, 31, 0, 0, 6844.53, 4, 0, 0, 9.98, 1304, 839, 6180.47, 17522, 15822
1694961631, 0, 0, 31, 0, 0, 6844.53, 4, 0, 0, 16.53, 1307, 842, 6180.47, 17522, 15822
1694961632, 0, 0, 31, 0, 0, 6844.53, 4, 0, 0, 12.86, 1308, 845, 6180.47, 17522, 15822
1694961632, 0, 0, 31, 0, 0, 6844.53, 4, 0, 0, 7.39, 1309, 847, 6180.47, 17522, 15822
1694961632, 0, 0, 31, 0, 0, 6844.53, 4, 0, 0, 21.88, 1311, 852, 6180.47, 17522, 15822
1694961650, 0, 0, 31, 0, 0, 6844.53, 4, 0, 0, 0.17, 1312, 854, 6180.47, 17522, 15822
1694961650, 0, 0, 31, 0, 0, 6844.53, 4, 0, 0, 12.27, 1316, 854, 6180.47, 17522, 15822
1694961650, 0, 0, 31, 0, 0, 6844.53, 4, 0, 0, 5.78, 1318, 854, 6180.47, 17522, 15822
1694961659, 0, 0, 31, 0, 0, 6844.53, 4, 0, 0, 0.23, 1320, 854, 6180.47, 17522, 15822
1694961659, 0, 0, 31, 0, 0, 6844.53, 4, 0, 0, 6.33, 1321, 855, 6180.47, 17522, 15822
1694961667, 0, 0, 31, 0, 0, 6844.53, 4, 0, 0, 0.13, 1322, 855, 6180.47, 17522, 15822
1694961667, 0, 0, 31, 0, 0, 6844.53, 4, 0, 0, 8.00, 1324, 856, 6180.47, 17522, 15822
1694961675, 0, 0, 31, 0, 0, 6844.53, 4, 0, 0, 0.26, 1326, 856, 6180.47, 17522, 15822
1694961675, 0, 0, 31, 0, 0, 6844.53, 4, 0, 0, 15.11, 1327, 860, 6180.47, 17522, 15822
1694961683, 0, 0, 31, 0, 0, 6844.53, 4, 0, 0, 0.14, 1328, 860, 6180.47, 17522, 15822
1694961683, 0, 0, 31, 0, 0, 6844.53, 4, 0, 0, 7.77, 1329, 862, 6180.47, 17522, 15822
1694961691, 0, 0, 31, 0, 0, 6844.53, 4, 0, 0, 0.24, 1330, 863, 6180.47, 17522, 15822
1694961692, 0, 0, 31, 0, 0, 6844.53, 4, 0, 0, 8.91, 1332, 865, 6180.47, 17522, 15822
1694961700, 0, 0, 31, 0, 0, 6844.53, 4, 0, 0, 0.12, 1333, 865, 6180.47, 17522, 15822
1694961701, 0, 0, 31, 0, 0, 6844.53, 4, 0, 0, 8.75, 1334, 868, 6180.47, 17522, 15822
1694961701, 0, 0, 31, 0, 0, 6844.53, 4, 0, 0, 11.80, 1337, 869, 6180.47, 17522, 15822
1694961701, 0, 0, 31, 0, 0, 6844.53, 4, 0, 0, 5.45, 1339, 869, 6180.47, 17522, 15822
1694961702, 0, 0, 31, 0, 0, 6844.53, 4, 0, 0, 9.84, 1339, 872, 6180.47, 17522, 15822
1694961702, 0, 0, 31, 0, 0, 6844.53, 4, 0, 0, 11.73, 1342, 873, 6180.47, 17522, 15822
1694961711, 0, 0, 31, 0, 0, 6844.53, 4, 0, 0, 0.23, 1344, 873, 6180.47, 17522, 15822
1694961718, 0, 0, 31, 0, 0, 6844.53, 4, 0, 0, 0.14, 1345, 873, 6180.47, 17522, 15822
1694961726, 0, 0, 31, 0, 0, 6844.53, 4, 0, 0, 0.38, 1347, 874, 6180.47, 17522, 15822
1694961726, 0, 0, 31, 0, 0, 6844.53, 4, 0, 0, 9.90, 1349, 875, 6180.47, 17522, 15822
1694961727, 0, 0, 31, 0, 0, 6844.53, 4, 0, 0, 18.81, 1353, 877, 6180.47, 17522, 15822
1694961727, 0, 0, 31, 0, 0, 6844.53, 4, 0, 0, 14.53, 1357, 878, 6180.47, 17522, 15822
1694961737, 0, 0, 31, 0, 0, 6844.53, 4, 0, 0, 0.42, 1359, 880, 6180.47, 17522, 15822
1694961745, 0, 0, 31, 0, 0, 6844.53, 4, 0, 0, 0.12, 1360, 880, 6180.47, 17522, 15822
1694961746, 0, 0, 31, 0, 0, 6844.53, 4, 0, 0, 21.81, 1363, 884, 6180.47, 17522, 15822
1694961752, 0, 0, 31, 0, 0, 6844.53, 4, 0, 0, 0.43, 1366, 884, 6180.47, 17522, 15822
1694961759, 0, 0, 31, 0, 0, 6844.53, 4, 0, 0, 0.75, 1368, 887, 6180.47, 17522, 15822
1694961759, 0, 0, 31, 0, 0, 6844.53, 4, 0, 0, 6.31, 1370, 887, 6180.47, 17522, 15822
1694961771, 0, 0, 31, 0, 0, 6844.53, 4, 0, 0, 0.18, 1371, 888, 6180.47, 17522, 15822
1694961771, 0, 0, 31, 0, 0, 6844.53, 4, 0, 0, 22.51, 1375, 891, 6180.47, 17522, 15822
1694961771, 0, 0, 31, 0, 0, 6844.53, 4, 0, 0, 9.24, 1378, 892, 6180.47, 17522, 15822
1694961772, 0, 0, 31, 0, 0, 6844.53, 4, 0, 0, 12.31, 1381, 893, 6180.47, 17522, 15822
1694961772, 0, 0, 31, 0, 0, 6844.53, 4, 0, 0, 12.92, 1383, 896, 6180.47, 17522, 15822
1694961773, 0, 0, 31, 0, 0, 6844.53, 4, 0, 0, 9.03, 1384, 899, 6180.47, 17522, 15822
1694961773, 0, 0, 31, 0, 0, 6844.53, 4, 0, 0, 13.25, 1386, 901, 6180.47, 17522, 15822
1694961773, 0, 0, 31, 0, 0, 6844.53, 4, 0, 0, 11.99, 1388, 904, 6180.47, 17522, 15822
1694961782, 0, 0, 31, 0, 0, 6844.53, 4, 0, 0, 0.11, 1389, 904, 6180.47, 17522, 15822
1694961783, 0, 0, 31, 0, 0, 6844.53, 4, 0, 0, 4.26, 1390, 905, 6180.47, 17522, 15822
1694961783, 0, 0, 31, 0, 0, 6844.53, 4, 0, 0, 5.17, 1393, 905, 6180.47, 17522, 15822
1694961784, 0, 0, 31, 0, 0, 6844.53, 4, 0, 0, 6.56, 1396, 905, 6180.47, 17522, 15822
1694961784, 0, 0, 31, 0, 0, 6844.53, 4, 0, 0, 11.76, 1397, 908, 6180.47, 17522, 15822
1694961784, 0, 0, 31, 0, 0, 6844.53, 4, 0, 0, 12.78, 1399, 910, 6180.47, 17522, 15822
1694961793, 0, 0, 31, 0, 0, 6844.53, 4, 0, 0, 0.60, 1403, 911, 6180.47, 17522, 15822
1694961793, 0, 0, 31, 0, 0, 6844.53, 4, 0, 0, 12.22, 1406, 914, 6180.47, 17522, 15822
1694961801, 0, 0, 31, 0, 0, 6844.53, 4, 0, 0, 0.40, 1408, 915, 6180.47, 17522, 15822
1694961801, 0, 0, 31, 0, 0, 6844.53, 4, 0, 0, 16.39, 1409, 919, 6180.47, 17522, 15822
1694961801, 0, 0, 31, 0, 0, 6844.53, 4, 0, 0, 10.78, 1411, 921, 6180.47, 17522, 15822
1694961802, 0, 0, 31, 0, 0, 6844.53, 4, 0, 0, 6.44, 1413, 923, 6180.47, 17522, 15822
1694961802, 0, 0, 31, 0, 0, 6844.53, 4, 0, 0, 9.87, 1414, 925, 6180.47, 17522, 15822
1694961810, 0, 0, 31, 0, 0, 6844.53, 4, 0, 0, 0.26, 1415, 926, 6180.47, 17522, 15822
1694961820, 0, 0, 31, 0, 0, 6844.53, 4, 0, 0, 0.39, 1418, 927, 6180.47, 17522, 15822
1694961821, 0, 0, 31, 0, 0, 6844.53, 4, 0, 0, 12.90, 1419, 930, 6180.47, 17522, 15822
1694961821, 0, 0, 31, 0, 0, 6844.53, 4, 0, 0, 7.75, 1422, 930, 6180.47, 17522, 15822
1694961840, 0, 0, 31, 0, 0, 6844.53, 4, 0, 0, 0.11, 1423, 931, 6180.47, 17522, 15822
1694961847, 0, 0, 31, 0, 0, 6844.53, 4, 0, 0, 1.02, 1429, 933, 6180.47, 17522, 15822
1694961848, 0, 0, 31, 0, 0, 6844.53, 4, 0, 0, 6.12, 1432, 933, 6180.47, 17522, 15822
1694961857, 0, 0, 31, 0, 0, 6844.53, 4, 0, 0, 0.23, 1434, 933, 6180.47, 17522, 15822
1694961864, 0, 0, 31, 0, 0, 6844.53, 4, 0, 0, 0.29, 1436, 933, 6180.47, 17522, 15822
1694961864, 0, 0, 31, 0, 0, 6844.53, 4, 0, 0, 9.73, 1438, 935, 6180.47, 17522, 15822
1694961864, 0, 0, 31, 0, 0, 6844.53, 4, 0, 0, 4.99, 1439, 936, 6180.47, 17522, 15822
1694961872, 0, 0, 31, 0, 0, 6844.53, 4, 0, 0, 0.12, 1440, 936, 6180.47, 17522, 15822
1694961883, 0, 0, 31, 0, 0, 6844.53, 4, 0, 0, 0.10, 1441, 936, 6180.47, 17522, 15822
1694961883, 0, 0, 31, 0, 0, 6844.53, 4, 0, 0, 16.03, 1443, 939, 6180.47, 17522, 15822
1694961891, 0, 0, 31, 0, 0, 6844.53, 4, 0, 0, 0.49, 1447, 939, 6180.47, 17522, 15822
1694961891, 0, 0, 31, 0, 0, 6844.53, 4, 0, 0, 9.01, 1448, 941, 6180.47, 17522, 15822
1694961892, 0, 0, 31, 0, 0, 6844.53, 4, 0, 0, 11.05, 1450, 943, 6180.47, 17522, 15822
1694961892, 0, 0, 31, 0, 0, 6844.53, 4, 0, 0, 18.81, 1452, 947, 6180.47, 17522, 15822
1694961892, 0, 0, 31, 0, 0, 6844.53, 4, 0, 0, 26.58, 1455, 952, 6180.47, 17522, 15822
1694961902, 0, 0, 31, 0, 0, 6844.53, 4, 0, 0, 0.42, 1457, 954, 6180.47, 17522, 15822
1694961911, 0, 0, 31, 0, 0, 6844.53, 4, 0, 0, 0.32, 1460, 954, 6180.47, 17522, 15822
1694961912, 0, 0, 31, 0, 0, 6844.53, 4, 0, 0, 2.49, 1461, 954, 6180.47, 17522, 15822
1694961920, 0, 0, 31, 0, 0, 6844.53, 4, 0, 0, 0.25, 1463, 954, 6180.47, 17522, 15822
1694961928, 0, 0, 31, 0, 0, 6844.53, 4, 0, 0, 0.12, 1464, 954, 6180.47, 17522, 15822
1694961928, 0, 0, 31, 0, 0, 6844.53, 4, 0, 0, 8.71, 1465, 957, 6180.47, 17522, 15822
1694961929, 0, 0, 31, 0, 0, 6844.53, 4, 0, 0, 11.36, 1469, 957, 6180.47, 17522, 15822
1694961936, 0, 0, 31, 0, 0, 6844.53, 4, 0, 0, 0.28, 1471, 957, 6180.47, 17522, 15822
1694961936, 0, 0, 31, 0, 0, 6844.53, 4, 0, 0, 17.60, 1473, 961, 6180.47, 17522, 15822
1694961944, 0, 0, 31, 0, 0, 6844.53, 4, 0, 0, 0.39, 1476, 961, 6180.47, 17522, 15822
1694961960, 0, 0, 31, 0, 0, 6844.53, 4, 0, 0, 0.18, 1477, 963, 6180.47, 17522, 15822
1694961960, 0, 0, 31, 0, 0, 6844.53, 4, 0, 0, 11.46, 1478, 966, 6180.47, 17522, 15822
1694961961, 0, 0, 31, 0, 0, 6844.53, 4, 0, 0, 9.20, 1482, 966, 6180.47, 17522, 15822
1694961961, 0, 0, 31, 0, 0, 6844.53, 4, 0, 0, 6.10, 1484, 966, 6180.47, 17522, 15822
1694961962, 0, 0, 31, 0, 0, 6844.53, 4, 0, 0, 12.86, 1486, 968, 6180.47, 17522, 15822
1694961978, 0, 0, 31, 0, 0, 6844.53, 4, 0, 0, 0.12, 1488, 968, 6180.47, 17522, 15822
1694961986, 0, 0, 31, 0, 0, 6844.53, 4, 0, 0, 0.12, 1489, 968, 6180.47, 17522, 15822
1694961995, 0, 0, 31, 0, 0, 6844.53, 4, 0, 0, 0.49, 1491, 970, 6180.47, 17522, 15822
1694961995, 0, 0, 31, 0, 0, 6844.53, 4, 0, 0, 12.42, 1494, 971, 6180.47, 17522, 15822
1694961995, 0, 0, 31, 0, 0, 6844.53, 4, 0, 0, 8.15, 1496, 972, 6180.47, 17522, 15822
1694961996, 0, 0, 31, 0, 0, 6844.53, 4, 0, 0, 4.76, 1498, 972, 6180.47, 17522, 15822
1694961996, 0, 0, 31, 0, 0, 6844.53, 4, 0, 0, 7.48, 1500, 973, 6180.47, 17522, 15822
1694961996, 0, 0, 31, 0, 0, 6844.53, 4, 0, 0, 12.99, 1503, 974, 6180.47, 17522, 15822
1694962005, 0, 0, 31, 0, 0, 6844.53, 4, 0, 0, 0.24, 1505, 974, 6180.47, 17522, 15822
1694962016, 0, 0, 31, 0, 0, 6844.53, 4, 0, 0, 0.46, 1508, 976, 6180.47, 17522, 15822
1694962016, 0, 0, 31, 0, 0, 6844.53, 4, 0, 0, 4.59, 1510, 976, 6180.47, 17522, 15822
1694962016, 0, 0, 31, 0, 0, 6844.53, 4, 0, 0, 11.40, 1513, 977, 6180.47, 17522, 15822
1694962017, 0, 0, 31, 0, 0, 6844.53, 4, 0, 0, 11.42, 1516, 979, 6180.47, 17522, 15822
1694962024, 0, 0, 31, 0, 0, 6844.53, 4, 0, 0, 0.27, 1518, 979, 6180.47, 17522, 15822
1694962033, 0, 0, 31, 0, 0, 6844.53, 4, 0, 0, 0.11, 1519, 979, 6180.47, 17522, 15822
1694962045, 0, 0, 31, 0, 0, 6844.53, 4, 0, 0, 0.35, 1522, 980, 6180.47, 17522, 15822
1694962052, 0, 0, 31, 0, 0, 6844.53, 4, 0, 0, 0.13, 1523, 980, 6180.47, 17522, 15822
1694962053, 0, 0, 31, 0, 0, 6844.53, 4, 0, 0, 6.67, 1524, 982, 6180.47, 17522, 15822
1694962061, 0, 0, 31, 0, 0, 6844.53, 4, 0, 0, 0.13, 1525, 982, 6180.47, 17522, 15822
1694962061, 0, 0, 31, 0, 0, 6844.53, 4, 0, 0, 5.71, 1526, 983, 6180.47, 17522, 15822
1694962062, 0, 0, 31, 0, 0, 6844.53, 4, 0, 0, 2.11, 1527, 983, 6180.47, 17522, 15822
1694962062, 0, 0, 31, 0, 0, 6844.53, 4, 0, 0, 15.63, 1530, 985, 6180.47, 17522, 15822
1694962062, 0, 0, 31, 0, 0, 6844.53, 4, 0, 0, 13.25, 1533, 986, 6180.47, 17522, 15822
1694962062, 0, 0, 31, 0, 0, 6844.53, 4, 0, 0, 9.40, 1534, 988, 6180.47, 17522, 15822
1694962070, 0, 0, 31, 0, 0, 6844.53, 4, 0, 0, 0.13, 1535, 988, 6180.47, 17522, 15822
1694962070, 0, 0, 31, 0, 0, 6844.53, 4, 0, 0, 8.77, 1538, 988, 6180.47, 17522, 15822
1694962071, 0, 0, 31, 0, 0, 6844.53, 4, 0, 0, 8.85, 1540, 989, 6180.47, 17522, 15822
1694962079, 0, 0, 31, 0, 0, 6844.53, 4, 0, 0, 0.12, 1541, 989, 6180.47, 17522, 15822
1694962087, 0, 0, 31, 0, 0, 6844.53, 4, 0, 0, 0.55, 1543, 991, 6180.47, 17522, 15822
1694962087, 0, 0, 31, 0, 0, 6844.53, 4, 0, 0, 8.52, 1544, 993, 6180.47, 17522, 15822
1694962093, 0, 0, 31, 0, 0, 6844.53, 4, 0, 0, 0.16, 1545, 993, 6180.47, 17522, 15822
1694962094, 0, 0, 31, 0, 0, 6844.53, 4, 0, 0, 9.52, 1547, 995, 6180.47, 17522, 15822
1694962094, 0, 0, 31, 0, 0, 6844.53, 4, 0, 0, 6.03, 1549, 997, 6180.47, 17522, 15822
1694962095, 0, 0, 31, 0, 0, 6844.53, 4, 0, 0, 9.52, 1551, 998, 6180.47, 17522, 15822
1694962103, 0, 0, 31, 0, 0, 6844.53, 4, 0, 0, 0.25, 1553, 998, 6180.47, 17522, 15822
1694962103, 0, 0, 31, 0, 0, 6844.53, 4, 0, 0, 5.11, 1556, 998, 6180.47, 17522, 15822
1694962104, 0, 0, 31, 0, 0, 6844.53, 4, 0, 0, 6.77, 1557, 1001, 6180.47, 17522, 15822
1694962104, 0, 0, 31, 0, 0, 6844.53, 4, 0, 0, 7.75, 1559, 1002, 6180.47, 17522, 15822
1694962112, 0, 0, 31, 0, 0, 6844.53, 4, 0, 0, 0.25, 1561, 1002, 6180.47, 17522, 15822
1694962119, 0, 0, 31, 0, 0, 6844.53, 4, 0, 0, 0.28, 1562, 1003, 6180.47, 17522, 15822
1694962128, 0, 0, 31, 0, 0, 6844.53, 4, 0, 0, 0.12, 1563, 1003, 6180.47, 17522, 15822
1694962128, 0, 0, 31, 0, 0, 6844.53, 4, 0, 0, 14.04, 1567, 1004, 6180.47, 17522, 15822
1694962128, 0, 0, 31, 0, 0, 6844.53, 4, 0, 0, 8.20, 1569, 1005, 6180.47, 17522, 15822
1694962129, 0, 0, 31, 0, 0, 6844.53, 4, 0, 0, 6.90, 1570, 1007, 6180.47, 17522, 15822
1694962129, 0, 0, 31, 0, 0, 6844.53, 4, 0, 0, 6.39, 1572, 1007, 6180.47, 17522, 15822
1694962129, 0, 0, 31, 0, 0, 6844.53, 4, 0, 0, 14.37, 1572, 1012, 6180.47, 17522, 15822
1694962137, 0, 0, 31, 0, 0, 6844.53, 4, 0, 0, 0.14, 1573, 1012, 6180.47, 17522, 15822
1694962145, 0, 0, 31, 0, 0, 6844.53, 4, 0, 0, 0.23, 1574, 1013, 6180.47, 17522, 15822
1694962146, 0, 0, 31, 0, 0, 6844.53, 4, 0, 0, 9.32, 1576, 1014, 6180.47, 17522, 15822
1694962153, 0, 0, 31, 0, 0, 6844.53, 4, 0, 0, 0.28, 1578, 1014, 6180.47, 17522, 15822
1694962153, 0, 0, 31, 0, 0, 6844.53, 4, 0, 0, 10.03, 1579, 1017, 6180.47, 17522, 15822
1694962154, 0, 0, 31, 0, 0, 6844.53, 4, 0, 0, 12.42, 1582, 1018, 6180.47, 17522, 15822
1694962154, 0, 0, 31, 0, 0, 6844.53, 4, 0, 0, 10.90, 1585, 1019, 6180.47, 17522, 15822
1694962161, 0, 0, 31, 0, 0, 6844.53, 4, 0, 0, 0.42, 1588, 1019, 6180.47, 17522, 15822
1694962161, 0, 0, 31, 0, 0, 6844.53, 4, 0, 0, 9.97, 1589, 1021, 6180.47, 17522, 15822
1694962170, 0, 0, 31, 0, 0, 6844.53, 4, 0, 0, 0.12, 1590, 1021, 6180.47, 17522, 15822
1694962170, 0, 0, 31, 0, 0, 6844.53, 4, 0, 0, 8.60, 1593, 1021, 6180.47, 17522, 15822
1694962171, 0, 0, 31, 0, 0, 6844.53, 4, 0, 0, 4.89, 1595, 1022, 6180.47, 17522, 15822
1694962183, 0, 0, 31, 0, 0, 6844.53, 4, 0, 0, 0.08, 1596, 1022, 6180.47, 17522, 15822
1694962184, 0, 0, 31, 0, 0, 6844.53, 4, 0, 0, 10.31, 1599, 1023, 6180.47, 17522, 15822
1694962190, 0, 0, 31, 0, 0, 6844.53, 4, 0, 0, 0.89, 1604, 1024, 6180.47, 17522, 15822
1694962191, 0, 0, 31, 0, 0, 6844.53, 4, 0, 0, 9.97, 1606, 1025, 6180.47, 17522, 15822
1694962191, 0, 0, 31, 0, 0, 6844.53, 4, 0, 0, 5.97, 1606, 1027, 6180.47, 17522, 15822
1694962204, 0, 0, 31, 0, 0, 6844.53, 4, 0, 0, 0.15, 1608, 1027, 6180.47, 17522, 15822
1694962205, 0, 0, 31, 0, 0, 6844.53, 4, 0, 0, 8.04, 1608, 1030, 6180.47, 17522, 15822
1694962218, 0, 0, 31, 0, 0, 6844.53, 4, 0, 0, 0.08, 1609, 1030, 6180.47, 17522, 15822
1694962218, 0, 0, 31, 0, 0, 6844.53, 4, 0, 0, 12.90, 1610, 1033, 6180.47, 17522, 15822
1694962218, 0, 0, 31, 0, 0, 6844.53, 4, 0, 0, 5.28, 1612, 1033, 6180.47, 17522, 15822
1694962219, 0, 0, 31, 0, 0, 6844.53, 4, 0, 0, 8.77, 1613, 1036, 6180.47, 17522, 15822
1694962219, 0, 0, 31, 0, 0, 6844.53, 4, 0, 0, 13.11, 1617, 1036, 6180.47, 17522, 15822
1694962227, 0, 0, 31, 0, 0, 6844.53, 4, 0, 0, 0.12, 1618, 1036, 6180.47, 17522, 15822
1694962235, 0, 0, 31, 0, 0, 6844.53, 4, 0, 0, 0.26, 1620, 1036, 6180.47, 17522, 15822
1694962243, 0, 0, 31, 0, 0, 6844.53, 4, 0, 0, 0.50, 1623, 1037, 6180.47, 17522, 15822
1694962243, 0, 0, 31, 0, 0, 6844.53, 4, 0, 0, 8.70, 1625, 1038, 6180.47, 17522, 15822
1694962244, 0, 0, 31, 0, 0, 6844.53, 4, 0, 0, 5.87, 1627, 1038, 6180.47, 17522, 15822
1694962244, 0, 0, 31, 0, 0, 6844.53, 4, 0, 0, 6.62, 1628, 1039, 6180.47, 17522, 15822
1694962244, 0, 0, 31, 0, 0, 6844.53, 4, 0, 0, 10.50, 1630, 1041, 6180.47, 17522, 15822
1694962245, 0, 0, 31, 0, 0, 6844.53, 4, 0, 0, 5.13, 1632, 1041, 6180.47, 17522, 15822
1694962245, 0, 0, 31, 0, 0, 6844.53, 4, 0, 0, 7.33, 1634, 1042, 6180.47, 17522, 15822
1694962245, 0, 0, 31, 0, 0, 6844.53, 4, 0, 0, 7.41, 1635, 1044, 6180.47, 17522, 15822
1694962253, 0, 0, 31, 0, 0, 6844.53, 4, 0, 0, 0.25, 1637, 1044, 6180.47, 17522, 15822
1694962262, 0, 0, 31, 0, 0, 6844.53, 4, 0, 0, 0.12, 1638, 1044, 6180.47, 17522, 15822
1694962262, 0, 0, 31, 0, 0, 6844.53, 4, 0, 0, 9.32, 1640, 1045, 6180.47, 17522, 15822
1694962262, 0, 0, 31, 0, 0, 6844.53, 4, 0, 0, 12.05, 1641, 1048, 6180.47, 17522, 15822
1694962270, 0, 0, 31, 0, 0, 6844.53, 4, 0, 0, 0.26, 1643, 1048, 6180.47, 17522, 15822
1694962271, 0, 0, 31, 0, 0, 6844.53, 4, 0, 0, 8.97, 1644, 1051, 6180.47, 17522, 15822
1694962271, 0, 0, 31, 0, 0, 6844.53, 4, 0, 0, 6.62, 1647, 1051, 6180.47, 17522, 15822
1694962278, 0, 0, 31, 0, 0, 6844.53, 4, 0, 0, 0.15, 1648, 1051, 6180.47, 17522, 15822
1694962286, 0, 0, 31, 0, 0, 6844.53, 4, 0, 0, 0.12, 1649, 1051, 6180.47, 17522, 15822
1694962294, 0, 0, 31, 0, 0, 6844.53, 4, 0, 0, 0.12, 1650, 1051, 6180.47, 17522, 15822
1694962302, 0, 0, 31, 0, 0, 6844.53, 4, 0, 0, 0.13, 1651, 1051, 6180.47, 17522, 15822
1694962303, 0, 0, 31, 0, 0, 6844.53, 4, 0, 0, 5.24, 1652, 1053, 6180.47, 17522, 15822
1694962303, 0, 0, 31, 0, 0, 6844.53, 4, 0, 0, 5.08, 1654, 1053, 6180.47, 17522, 15822
1694962303, 0, 0, 31, 0, 0, 6844.53, 4, 0, 0, 7.83, 1655, 1055, 6180.47, 17522, 15822
1694962304, 0, 0, 31, 0, 0, 6844.53, 4, 0, 0, 10.64, 1657, 1057, 6180.47, 17522, 15822
1694962304, 0, 0, 31, 0, 0, 6844.53, 4, 0, 0, 5.46, 1659, 1057, 6180.47, 17522, 15822
1694962304, 0, 0, 31, 0, 0, 6844.53, 4, 0, 0, 8.06, 1659, 1060, 6180.47, 17522, 15822
1694962305, 0, 0, 31, 0, 0, 6844.53, 4, 0, 0, 5.63, 1661, 1060, 6180.47, 17522, 15822
1694962313, 0, 0, 31, 0, 0, 6844.53, 4, 0, 0, 0.24, 1662, 1061, 6180.47, 17522, 15822
1694962314, 0, 0, 31, 0, 0, 6844.53, 4, 0, 0, 11.83, 1665, 1062, 6180.47, 17522, 15822
1694962314, 0, 0, 31, 0, 0, 6844.53, 4, 0, 0, 8.13, 1667, 1064, 6180.47, 17522, 15822
1694962323, 0, 0, 31, 0, 0, 6844.53, 4, 0, 0, 0.12, 1668, 1064, 6180.47, 17522, 15822
1694962323, 0, 0, 31, 0, 0, 6844.53, 4, 0, 0, 7.18, 1669, 1066, 6180.47, 17522, 15822
1694962323, 0, 0, 31, 0, 0, 6844.53, 4, 0, 0, 9.58, 1671, 1067, 6180.47, 17522, 15822
1694962324, 0, 0, 31, 0, 0, 6844.53, 4, 0, 0, 7.67, 1673, 1068, 6180.47, 17522, 15822
1694962324, 0, 0, 31, 0, 0, 6844.53, 4, 0, 0, 9.38, 1675, 1069, 6180.47, 17522, 15822
1694962324, 0, 0, 31, 0, 0, 6844.53, 4, 0, 0, 7.63, 1678, 1069, 6180.47, 17522, 15822
1694962334, 0, 0, 31, 0, 0, 6844.53, 4, 0, 0, 0.43, 1680, 1071, 6180.47, 17522, 15822
1694962343, 0, 0, 31, 0, 0, 6844.53, 4, 0, 0, 0.21, 1682, 1071, 6180.47, 17522, 15822
1694962351, 0, 0, 31, 0, 0, 6844.53, 4, 0, 0, 0.25, 1683, 1072, 6180.47, 17522, 15822
1694962352, 0, 0, 31, 0, 0, 6844.53, 4, 0, 0, 6.68, 1686, 1072, 6180.47, 17522, 15822
1694962361, 0, 0, 31, 0, 0, 6844.53, 4, 0, 0, 0.11, 1687, 1072, 6180.47, 17522, 15822
1694962368, 0, 0, 31, 0, 0, 6844.53, 4, 0, 0, 0.59, 1690, 1073, 6180.47, 17522, 15822
1694962368, 0, 0, 31, 0, 0, 6844.53, 4, 0, 0, 16.18, 1693, 1075, 6180.47, 17522, 15822
1694962368, 0, 0, 31, 0, 0, 6844.53, 4, 0, 0, 13.20, 1694, 1078, 6180.47, 17522, 15822
1694962368, 0, 0, 31, 0, 0, 6844.53, 4, 0, 0, 10.00, 1695, 1080, 6180.47, 17522, 15822
1694962369, 0, 0, 31, 0, 0, 6844.53, 4, 0, 0, 3.48, 1697, 1080, 6180.47, 17522, 15822
1694962370, 0, 0, 31, 0, 0, 6844.53, 4, 0, 0, 6.16, 1700, 1080, 6180.47, 17522, 15822
1694962370, 0, 0, 31, 0, 0, 6844.53, 4, 0, 0, 6.10, 1700, 1082, 6180.47, 17522, 15822
1694962378, 0, 0, 31, 0, 0, 6844.53, 4, 0, 0, 0.24, 1702, 1082, 6180.47, 17522, 15822
1694962379, 0, 0, 31, 0, 0, 6844.53, 4, 0, 0, 6.39, 1702, 1084, 6180.47, 17522, 15822
1694962379, 0, 0, 31, 0, 0, 6844.53, 4, 0, 0, 4.91, 1703, 1085, 6180.47, 17522, 15822
1694962379, 0, 0, 31, 0, 0, 6844.53, 4, 0, 0, 5.41, 1704, 1086, 6180.47, 17522, 15822
1694962384, 0, 0, 31, 0, 0, 6844.53, 4, 0, 0, 0.20, 1704, 1087, 6180.47, 17522, 15822
1694962393, 0, 0, 31, 0, 0, 6844.53, 4, 0, 0, 0.35, 1706, 1088, 6180.47, 17522, 15822
1694962402, 0, 0, 31, 0, 0, 6844.53, 4, 0, 0, 0.32, 1709, 1088, 6180.47, 17522, 15822
1694962410, 0, 0, 31, 0, 0, 6844.53, 4, 0, 0, 0.41, 1711, 1089, 6180.47, 17522, 15822
1694962410, 0, 0, 31, 0, 0, 6844.53, 4, 0, 0, 3.11, 1713, 1089, 6180.47, 17522, 15822
1694962411, 0, 0, 31, 0, 0, 6844.53, 4, 0, 0, 4.12, 1714, 1090, 6180.47, 17522, 15822
1694962411, 0, 0, 31, 0, 0, 6844.53, 4, 0, 0, 6.49, 1715, 1091, 6180.47, 17522, 15822
1694962420, 0, 0, 31, 0, 0, 6844.53, 4, 0, 0, 0.34, 1718, 1091, 6180.47, 17522, 15822
1694962420, 0, 0, 31, 0, 0, 6844.53, 4, 0, 0, 2.92, 1719, 1091, 6180.47, 17522, 15822
1694962421, 0, 0, 31, 0, 0, 6844.53, 4, 0, 0, 9.22, 1720, 1094, 6180.47, 17522, 15822
1694962421, 0, 0, 31, 0, 0, 6844.53, 4, 0, 0, 8.72, 1721, 1096, 6180.47, 17522, 15822
1694962430, 0, 0, 31, 0, 0, 6844.53, 4, 0, 0, 0.23, 1723, 1096, 6180.47, 17522, 15822
1694962430, 0, 0, 31, 0, 0, 6844.53, 4, 0, 0, 1.87, 1724, 1096, 6180.47, 17522, 15822
1694962431, 0, 0, 31, 0, 0, 6844.53, 4, 0, 0, 5.81, 1725, 1097, 6180.47, 17522, 15822
1694962441, 0, 0, 31, 0, 0, 6844.53, 4, 0, 0, 0.10, 1726, 1097, 6180.47, 17522, 15822
1694962441, 0, 0, 31, 0, 0, 6844.53, 4, 0, 0, 9.80, 1728, 1098, 6180.47, 17522, 15822
1694962454, 0, 0, 31, 0, 0, 6844.53, 4, 0, 0, 0.08, 1729, 1098, 6180.47, 17522, 15822
1694962454, 0, 0, 31, 0, 0, 6844.53, 4, 0, 0, 8.15, 1732, 1098, 6180.47, 17522, 15822
1694962454, 0, 0, 31, 0, 0, 6844.53, 4, 0, 0, 6.62, 1733, 1099, 6180.47, 17522, 15822
1694962455, 0, 0, 31, 0, 0, 6844.53, 4, 0, 0, 9.09, 1734, 1101, 6180.47, 17522, 15822
1694962455, 0, 0, 31, 0, 0, 6844.53, 4, 0, 0, 9.12, 1735, 1103, 6180.47, 17522, 15822
1694962463, 0, 0, 31, 0, 0, 6844.53, 4, 0, 0, 0.47, 1737, 1105, 6180.47, 17522, 15822
1694962464, 0, 0, 31, 0, 0, 6844.53, 4, 0, 0, 5.35, 1738, 1106, 6180.47, 17522, 15822
1694962473, 0, 0, 31, 0, 0, 6844.53, 4, 0, 0, 0.10, 1739, 1106, 6180.47, 17522, 15822
1694962474, 0, 0, 31, 0, 0, 6844.53, 4, 0, 0, 7.41, 1740, 1108, 6180.47, 17522, 15822
1694962474, 0, 0, 31, 0, 0, 6844.53, 4, 0, 0, 8.38, 1742, 1109, 6180.47, 17522, 15822
1694962483, 0, 0, 31, 0, 0, 6844.53, 4, 0, 0, 0.12, 1743, 1109, 6180.47, 17522, 15822
1694962483, 0, 0, 31, 0, 0, 6844.53, 4, 0, 0, 6.54, 1744, 1111, 6180.47, 17522, 15822
1694962483, 0, 0, 31, 0, 0, 6844.53, 4, 0, 0, 7.28, 1746, 1112, 6180.47, 17522, 15822
1694962484, 0, 0, 31, 0, 0, 6844.53, 4, 0, 0, 8.98, 1748, 1113, 6180.47, 17522, 15822
1694962492, 0, 0, 31, 0, 0, 6844.53, 4, 0, 0, 0.35, 1750, 1114, 6180.47, 17522, 15822
1694962493, 0, 0, 31, 0, 0, 6844.53, 4, 0, 0, 6.33, 1751, 1116, 6180.47, 17522, 15822
1694962502, 0, 0, 31, 0, 0, 6844.53, 4, 0, 0, 0.23, 1753, 1116, 6180.47, 17522, 15822
1694962502, 0, 0, 31, 0, 0, 6844.53, 4, 0, 0, 9.93, 1756, 1116, 6180.47, 17522, 15822
1694962502, 0, 0, 31, 0, 0, 6844.53, 4, 0, 0, 9.26, 1757, 1118, 6180.47, 17522, 15822
1694962512, 0, 0, 31, 0, 0, 6844.53, 4, 0, 0, 0.41, 1761, 1118, 6180.47, 17522, 15822
1694962513, 0, 0, 31, 0, 0, 6844.53, 4, 0, 0, 3.34, 1763, 1118, 6180.47, 17522, 15822
1694962520, 0, 0, 31, 0, 0, 6844.53, 4, 0, 0, 0.81, 1767, 1120, 6180.47, 17522, 15822
1694962520, 0, 0, 31, 0, 0, 6844.53, 4, 0, 0, 8.45, 1769, 1121, 6180.47, 17522, 15822
1694962521, 0, 0, 31, 0, 0, 6844.53, 4, 0, 0, 8.75, 1771, 1122, 6180.47, 17522, 15822
1694962521, 0, 0, 31, 0, 0, 6844.53, 4, 0, 0, 9.55, 1772, 1124, 6180.47, 17522, 15822
1694962521, 0, 0, 31, 0, 0, 6844.53, 4, 0, 0, 9.93, 1772, 1128, 6180.47, 17522, 15822
1694962522, 0, 0, 31, 0, 0, 6844.53, 4, 0, 0, 5.29, 1774, 1128, 6180.47, 17522, 15822
1694962522, 0, 0, 31, 0, 0, 6844.53, 4, 0, 0, 6.27, 1776, 1128, 6180.47, 17522, 15822
1694962531, 0, 0, 31, 0, 0, 6844.53, 4, 0, 0, 0.11, 1777, 1128, 6180.47, 17522, 15822
1694962532, 0, 0, 31, 0, 0, 6844.53, 4, 0, 0, 7.44, 1780, 1128, 6180.47, 17522, 15822
1694962532, 0, 0, 31, 0, 0, 6844.53, 4, 0, 0, 6.24, 1783, 1128, 6180.47, 17522, 15822
1694962533, 0, 0, 31, 0, 0, 6844.53, 4, 0, 0, 5.52, 1784, 1129, 6180.47, 17522, 15822
1694962533, 0, 0, 31, 0, 0, 6844.53, 4, 0, 0, 4.67, 1785, 1130, 6180.47, 17522, 15822
1694962534, 0, 0, 31, 0, 0, 6844.53, 4, 0, 0, 7.60, 1788, 1131, 6180.47, 17522, 15822
1694962541, 0, 0, 31, 0, 0, 6844.53, 4, 0, 0, 0.14, 1789, 1131, 6180.47, 17522, 15822
1694962541, 0, 0, 31, 0, 0, 6844.53, 4, 0, 0, 7.33, 1790, 1133, 6180.47, 17522, 15822
1694962542, 0, 0, 31, 0, 0, 6844.53, 4, 0, 0, 5.44, 1793, 1133, 6180.47, 17522, 15822
1694962549, 0, 0, 31, 0, 0, 6844.53, 4, 0, 0, 0.15, 1793, 1134, 6180.47, 17522, 15822
1694962557, 0, 0, 31, 0, 0, 6844.53, 4, 0, 0, 0.13, 1794, 1134, 6180.47, 17522, 15822
1694962557, 0, 0, 31, 0, 0, 6844.53, 4, 0, 0, 7.50, 1796, 1135, 6180.47, 17522, 15822
1694962565, 0, 0, 31, 0, 0, 6844.53, 4, 0, 0, 0.12, 1797, 1135, 6180.47, 17522, 15822
1694962566, 0, 0, 31, 0, 0, 6844.53, 4, 0, 0, 5.73, 1799, 1136, 6180.47, 17522, 15822
1694962574, 0, 0, 31, 0, 0, 6844.53, 4, 0, 0, 0.12, 1800, 1136, 6180.47, 17522, 15822
1694962574, 0, 0, 31, 0, 0, 6844.53, 4, 0, 0, 10.00, 1800, 1139, 6180.47, 17522, 15822
1694962582, 0, 0, 31, 0, 0, 6844.53, 4, 0, 0, 0.41, 1802, 1140, 6180.47, 17522, 15822
1694962590, 0, 0, 31, 0, 0, 6844.53, 4, 0, 0, 0.12, 1803, 1140, 6180.47, 17522, 15822
1694962598, 0, 0, 31, 0, 0, 6844.53, 4, 0, 0, 0.36, 1806, 1140, 6180.47, 17522, 15822
1694962607, 0, 0, 31, 0, 0, 6844.53, 4, 0, 0, 0.33, 1807, 1142, 6180.47, 17522, 15822
1694962607, 0, 0, 31, 0, 0, 6844.53, 4, 0, 0, 5.35, 1808, 1143, 6180.47, 17522, 15822
1694962608, 0, 0, 31, 0, 0, 6844.53, 4, 0, 0, 5.46, 1808, 1145, 6180.47, 17522, 15822
1694962608, 0, 0, 31, 0, 0, 6844.53, 4, 0, 0, 5.03, 1809, 1146, 6180.47, 17522, 15822
1694962616, 0, 0, 31, 0, 0, 6844.53, 4, 0, 0, 0.13, 1810, 1146, 6180.47, 17522, 15822
1694962617, 0, 0, 31, 0, 0, 6844.53, 4, 0, 0, 7.08, 1813, 1146, 6180.47, 17522, 15822
1694962617, 0, 0, 31, 0, 0, 6844.53, 4, 0, 0, 8.98, 1815, 1147, 6180.47, 17522, 15822
1694962625, 0, 0, 31, 0, 0, 6844.53, 4, 0, 0, 0.12, 1816, 1147, 6180.47, 17522, 15822
1694962635, 0, 0, 31, 0, 0, 6844.53, 4, 0, 0, 0.10, 1817, 1147, 6180.47, 17522, 15822
1694962635, 0, 0, 31, 0, 0, 6844.53, 4, 0, 0, 2.63, 1817, 1148, 6180.47, 17522, 15822
1694962644, 0, 0, 31, 0, 0, 6844.53, 4, 0, 0, 0.37, 1818, 1150, 6180.47, 17522, 15822
1694962644, 0, 0, 31, 0, 0, 6844.53, 4, 0, 0, 8.88, 1820, 1151, 6180.47, 17522, 15822
1694962644, 0, 0, 31, 0, 0, 6844.53, 4, 0, 0, 5.51, 1822, 1151, 6180.47, 17522, 15822
1694962645, 0, 0, 31, 0, 0, 6844.53, 4, 0, 0, 4.49, 1824, 1151, 6180.47, 17522, 15822
1694962645, 0, 0, 31, 0, 0, 6844.53, 4, 0, 0, 8.43, 1824, 1154, 6180.47, 17522, 15822
1694962655, 0, 0, 31, 0, 0, 6844.53, 4, 0, 0, 0.31, 1826, 1155, 6180.47, 17522, 15822
1694962662, 0, 0, 31, 0, 0, 6844.53, 4, 0, 0, 0.14, 1827, 1155, 6180.47, 17522, 15822
1694962672, 0, 0, 31, 0, 0, 6844.53, 4, 0, 0, 0.20, 1829, 1155, 6180.47, 17522, 15822
1694962672, 0, 0, 31, 0, 0, 6844.53, 4, 0, 0, 6.19, 1830, 1157, 6180.47, 17522, 15822
1694962673, 0, 0, 31, 0, 0, 6844.53, 4, 0, 0, 9.23, 1831, 1159, 6180.47, 17522, 15822
1694962673, 0, 0, 31, 0, 0, 6844.53, 4, 0, 0, 8.24, 1834, 1159, 6180.47, 17522, 15822
1694962673, 0, 0, 31, 0, 0, 6844.53, 4, 0, 0, 9.55, 1837, 1159, 6180.47, 17522, 15822
1694962674, 0, 0, 31, 0, 0, 6844.53, 4, 0, 0, 6.58, 1837, 1161, 6180.47, 17522, 15822
1694962674, 0, 0, 31, 0, 0, 6844.53, 4, 0, 0, 4.90, 1839, 1161, 6180.47, 17522, 15822
1694962674, 0, 0, 31, 0, 0, 6844.53, 4, 0, 0, 6.39, 1840, 1162, 6180.47, 17522, 15822
1694962682, 0, 0, 31, 0, 0, 6844.53, 4, 0, 0, 0.13, 1841, 1162, 6180.47, 17522, 15822
1694962691, 0, 0, 31, 0, 0, 6844.53, 4, 0, 0, 0.23, 1842, 1163, 6180.47, 17522, 15822
1694962691, 0, 0, 31, 0, 0, 6844.53, 4, 0, 0, 6.40, 1844, 1164, 6180.47, 17522, 15822
1694962698, 0, 0, 31, 0, 0, 6844.53, 4, 0, 0, 0.14, 1845, 1164, 6180.47, 17522, 15822
1694962699, 0, 0, 31, 0, 0, 6844.53, 4, 0, 0, 9.90, 1847, 1165, 6180.47, 17522, 15822
1694962699, 0, 0, 31, 0, 0, 6844.53, 4, 0, 0, 5.45, 1848, 1166, 6180.47, 17522, 15822
1694962699, 0, 0, 31, 0, 0, 6844.53, 4, 0, 0, 8.77, 1851, 1166, 6180.47, 17522, 15822
1694962700, 0, 0, 31, 0, 0, 6844.53, 4, 0, 0, 8.96, 1854, 1166, 6180.47, 17522, 15822
1694962700, 0, 0, 31, 0, 0, 6844.53, 4, 0, 0, 7.56, 1857, 1166, 6180.47, 17522, 15822
1694962701, 0, 0, 31, 0, 0, 6844.53, 4, 0, 0, 6.60, 1857, 1168, 6180.47, 17522, 15822
1694962701, 0, 0, 31, 0, 0, 6844.53, 4, 0, 0, 8.17, 1859, 1169, 6180.47, 17522, 15822
1694962701, 0, 0, 31, 0, 0, 6844.53, 4, 0, 0, 4.64, 1861, 1169, 6180.47, 17522, 15822
1694962708, 0, 0, 31, 0, 0, 6844.53, 4, 0, 0, 0.15, 1862, 1169, 6180.47, 17522, 15822
1694962709, 0, 0, 31, 0, 0, 6844.53, 4, 0, 0, 5.57, 1865, 1169, 6180.47, 17522, 15822
1694962709, 0, 0, 31, 0, 0, 6844.53, 4, 0, 0, 6.19, 1866, 1170, 6180.47, 17522, 15822
1694962709, 0, 0, 31, 0, 0, 6844.53, 4, 0, 0, 7.94, 1867, 1172, 6180.47, 17522, 15822
1694962718, 0, 0, 31, 0, 0, 6844.53, 4, 0, 0, 0.12, 1868, 1172, 6180.47, 17522, 15822
1694962718, 0, 0, 31, 0, 0, 6844.53, 4, 0, 0, 4.62, 1869, 1173, 6180.47, 17522, 15822
1694962718, 0, 0, 31, 0, 0, 6844.53, 4, 0, 0, 3.19, 1870, 1173, 6180.47, 17522, 15822
1694962719, 0, 0, 31, 0, 0, 6844.53, 4, 0, 0, 2.56, 1871, 1173, 6180.47, 17522, 15822
1694962726, 0, 0, 31, 0, 0, 6844.53, 4, 0, 0, 0.26, 1872, 1174, 6180.47, 17522, 15822
1694962734, 0, 0, 31, 0, 0, 6844.53, 4, 0, 0, 0.13, 1873, 1174, 6180.47, 17522, 15822
1694962743, 0, 0, 31, 0, 0, 6844.53, 4, 0, 0, 0.12, 1874, 1174, 6180.47, 17522, 15822
1694962752, 0, 0, 31, 0, 0, 6844.53, 4, 0, 0, 0.22, 1875, 1175, 6180.47, 17522, 15822
1694962760, 0, 0, 31, 0, 0, 6844.53, 4, 0, 0, 0.11, 1876, 1175, 6180.47, 17522, 15822
1694962761, 0, 0, 31, 0, 0, 6844.53, 4, 0, 0, 5.97, 1877, 1176, 6180.47, 17522, 15822
1694962770, 0, 0, 31, 0, 0, 6844.53, 4, 0, 0, 0.22, 1878, 1177, 6180.47, 17522, 15822
1694962777, 0, 0, 31, 0, 0, 6844.53, 4, 0, 0, 0.13, 1879, 1177, 6180.47, 17522, 15822
1694962778, 0, 0, 31, 0, 0, 6844.53, 4, 0, 0, 7.77, 1879, 1180, 6180.47, 17522, 15822
1694962778, 0, 0, 31, 0, 0, 6844.53, 4, 0, 0, 5.48, 1881, 1181, 6180.47, 17522, 15822
1694962786, 0, 0, 31, 0, 0, 6844.53, 4, 0, 0, 0.25, 1883, 1181, 6180.47, 17522, 15822
1694962797, 0, 0, 31, 0, 0, 6844.53, 4, 0, 0, 0.09, 1884, 1181, 6180.47, 17522, 15822
1694962806, 0, 0, 31, 0, 0, 6844.53, 4, 0, 0, 0.24, 1886, 1181, 6180.47, 17522, 15822
1694962806, 0, 0, 31, 0, 0, 6844.53, 4, 0, 0, 6.54, 1888, 1181, 6180.47, 17522, 15822
1694962806, 0, 0, 31, 0, 0, 6844.53, 4, 0, 0, 7.83, 1890, 1182, 6180.47, 17522, 15822
1694962807, 0, 0, 31, 0, 0, 6844.53, 4, 0, 0, 4.82, 1893, 1182, 6180.47, 17522, 15822
1694962816, 0, 0, 31, 0, 0, 6844.53, 4, 0, 0, 0.11, 1894, 1182, 6180.47, 17522, 15822
1694962816, 0, 0, 31, 0, 0, 6844.53, 4, 0, 0, 5.76, 1894, 1184, 6180.47, 17522, 15822
1694962817, 0, 0, 31, 0, 0, 6844.53, 4, 0, 0, 4.35, 1896, 1184, 6180.47, 17522, 15822
1694962817, 0, 0, 31, 0, 0, 6844.53, 4, 0, 0, 5.41, 1896, 1186, 6180.47, 17522, 15822
1694962818, 0, 0, 31, 0, 0, 6844.53, 4, 0, 0, 2.51, 1898, 1186, 6180.47, 17522, 15822
1694962866, 0, 0, 31, 0, 0, 6844.53, 4, 0, 0, 0.06, 1900, 1187, 6180.47, 17522, 15822
1694962866, 0, 0, 31, 0, 0, 6844.53, 4, 0, 0, 4.08, 1901, 1188, 6180.47, 17522, 15822
1694962867, 0, 0, 31, 0, 0, 6844.53, 4, 0, 0, 5.28, 1901, 1190, 6180.47, 17522, 15822
1694962867, 0, 0, 31, 0, 0, 6844.53, 4, 0, 0, 5.85, 1901, 1192, 6180.47, 17522, 15822
1694962868, 0, 0, 31, 0, 0, 6844.53, 4, 0, 0, 7.85, 1903, 1193, 6180.47, 17522, 15822
1694962868, 0, 0, 31, 0, 0, 6844.53, 4, 0, 0, 5.09, 1905, 1193, 6180.47, 17522, 15822
1694962868, 0, 0, 31, 0, 0, 6844.53, 4, 0, 0, 1.86, 1905, 1194, 6180.47, 17522, 15822
1694962869, 0, 0, 31, 0, 0, 6844.53, 4, 0, 0, 3.64, 1907, 1194, 6180.47, 17522, 15822
1694962870, 0, 0, 31, 0, 0, 6844.53, 4, 0, 0, 3.86, 1908, 1195, 6180.47, 17522, 15822
1694962870, 0, 0, 31, 0, 0, 6844.53, 4, 0, 0, 6.37, 1909, 1196, 6180.47, 17522, 15822
1694962870, 0, 0, 31, 0, 0, 6844.53, 4, 0, 0, 5.17, 1911, 1196, 6180.47, 17522, 15822
1694962871, 0, 0, 31, 0, 0, 6844.53, 4, 0, 0, 9.95, 1913, 1198, 6180.47, 17522, 15822
1694962877, 0, 0, 31, 0, 0, 6844.53, 4, 0, 0, 0.30, 1915, 1198, 6180.47, 17522, 15822
1694962878, 0, 0, 31, 0, 0, 6844.53, 4, 0, 0, 4.87, 1916, 1200, 6180.47, 17522, 15822
1694962878, 0, 0, 31, 0, 0, 6844.53, 4, 0, 0, 0.00, 1916, 1200, 6180.47, 17522, 15822
