# unix_time, cycles_done, cur_path, paths_total, pending_total, pending_favs, map_size, unique_crashes, unique_hangs, max_depth, execs_per_sec, valid_inputs, invalid_inputs, valid_cov, all_covered_probes, valid_covered_probes
1694978753, 0, 0, 1, 0, 0, 807.81, 0, 0, 0, 0.32, 1, 0, 807.81, 2068, 2068
1694978753, 0, 0, 2, 0, 0, 918.75, 0, 0, 0, 3.21, 1, 1, 807.81, 2352, 2068
1694978753, 0, 0, 5, 0, 0, 1098.83, 0, 0, 0, 6.87, 4, 2, 845.31, 2813, 2164
1694978774, 0, 0, 6, 0, 0, 7435.94, 0, 0, 0, 0.05, 5, 2, 7257.03, 19036, 18578
1694978795, 0, 0, 10, 0, 0, 7589.84, 0, 0, 0, 0.24, 9, 3, 7394.14, 19430, 18929
1694978795, 0, 0, 13, 0, 0, 7790.23, 0, 0, 0, 15.18, 16, 3, 7611.72, 19943, 19486
1694978796, 0, 0, 15, 0, 0, 7816.02, 0, 0, 0, 22.73, 21, 5, 7611.72, 20009, 19486
1694978796, 0, 0, 17, 0, 0, 7817.58, 0, 0, 0, 28.94, 27, 8, 7612.11, 20013, 19487
1694978807, 0, 0, 19, 0, 0, 7885.16, 0, 0, 0, 0.46, 31, 9, 7612.11, 20186, 19487
1694978816, 0, 0, 19, 0, 0, 7885.16, 1, 0, 0, 0.42, 34, 10, 7612.11, 20186, 19487
1694978816, 0, 0, 21, 0, 0, 7890.23, 1, 0, 0, 26.49, 39, 13, 7614.06, 20199, 19492
1694978824, 0, 0, 22, 0, 0, 7890.63, 2, 0, 0, 0.66, 41, 16, 7614.45, 20200, 19493
1694978835, 0, 0, 24, 0, 0, 8025.00, 2, 0, 0, 0.19, 43, 16, 7748.83, 20544, 19837
1694978845, 0, 0, 25, 0, 0, 8025.00, 2, 0, 0, 0.19, 45, 16, 7748.83, 20544, 19837
1694978855, 0, 0, 26, 0, 0, 8025.00, 2, 0, 0, 0.31, 48, 16, 7748.83, 20544, 19837
1694978855, 0, 0, 28, 0, 0, 8026.17, 2, 0, 0, 69.08, 67, 18, 7748.83, 20547, 19837
1694978871, 0, 0, 29, 0, 0, 8053.13, 2, 0, 0, 0.06, 68, 18, 7775.78, 20616, 19906
1694978880, 0, 0, 30, 0, 0, 8059.77, 2, 0, 0, 0.21, 70, 18, 7782.42, 20633, 19923
1694978881, 0, 0, 32, 0, 0, 8059.77, 2, 0, 0, 4.58, 70, 20, 7782.42, 20633, 19923
1694978890, 0, 0, 33, 0, 0, 8059.77, 2, 0, 0, 0.95, 79, 20, 7782.42, 20633, 19923
1694978890, 0, 1, 35, 0, 0, 8059.77, 2, 0, 0, 32.64, 87, 23, 7782.42, 20633, 19923
1694978901, 0, 1, 36, 0, 0, 8059.77, 2, 0, 0, 0.09, 88, 23, 7782.42, 20633, 19923
1694978902, 0, 1, 37, 0, 0, 8059.77, 2, 0, 0, 9.26, 91, 23, 7782.42, 20633, 19923
1694978902, 0, 1, 38, 0, 0, 8059.77, 2, 0, 0, 39.11, 99, 29, 7782.42, 20633, 19923
1694978910, 0, 1, 39, 0, 0, 8059.77, 2, 0, 0, 0.26, 101, 29, 7782.42, 20633, 19923
1694978918, 0, 1, 41, 0, 0, 8059.77, 2, 0, 0, 0.50, 104, 30, 7782.42, 20633, 19923
1694978925, 0, 1, 43, 0, 0, 8059.77, 2, 0, 0, 0.93, 110, 31, 7782.42, 20633, 19923
1694978935, 0, 1, 45, 0, 0, 8059.77, 2, 0, 0, 0.43, 114, 31, 7782.42, 20633, 19923
1694978943, 0, 1, 48, 0, 0, 8059.77, 2, 0, 0, 0.59, 118, 32, 7782.42, 20633, 19923
1694978952, 0, 1, 50, 0, 0, 8066.41, 2, 0, 0, 0.81, 125, 32, 7789.06, 20650, 19940
1694978960, 0, 1, 53, 0, 0, 8066.41, 2, 0, 0, 0.50, 129, 32, 7789.06, 20650, 19940
1694978968, 0, 2, 54, 0, 0, 8066.41, 2, 0, 0, 0.82, 134, 34, 7789.06, 20650, 19940
1694978969, 0, 2, 57, 0, 0, 8066.41, 2, 0, 0, 4.97, 137, 35, 7789.06, 20650, 19940
1694978969, 0, 2, 57, 0, 0, 8066.41, 2, 0, 0, 14.53, 140, 37, 7789.06, 20650, 19940
1694978978, 0, 2, 58, 0, 0, 8066.41, 2, 0, 0, 0.70, 146, 37, 7789.06, 20650, 19940
1694978986, 0, 2, 60, 0, 0, 8066.41, 2, 0, 0, 1.04, 151, 40, 7789.06, 20650, 19940
1694978996, 0, 2, 61, 0, 0, 8104.69, 2, 0, 0, 0.09, 152, 40, 7827.34, 20748, 20038
1694979004, 0, 2, 63, 0, 0, 8104.69, 2, 0, 0, 0.48, 156, 40, 7827.34, 20748, 20038
1694979013, 0, 2, 65, 0, 0, 8104.69, 2, 0, 0, 0.33, 159, 40, 7827.34, 20748, 20038
1694979014, 0, 3, 66, 0, 0, 8104.69, 2, 0, 0, 7.92, 161, 41, 7827.34, 20748, 20038
1694979022, 0, 3, 66, 0, 0, 8104.69, 2, 0, 0, 0.26, 162, 42, 7827.34, 20748, 20038
1694979030, 0, 3, 68, 0, 0, 8104.69, 2, 0, 0, 1.26, 171, 44, 7827.34, 20748, 20038
1694979031, 0, 4, 70, 0, 0, 8104.69, 2, 0, 0, 98.73, 194, 52, 7827.34, 20748, 20038
1694979031, 0, 4, 70, 0, 0, 8104.69, 2, 0, 0, 66.45, 198, 68, 7827.34, 20748, 20038
1694979039, 0, 4, 71, 0, 0, 8104.69, 2, 0, 0, 2.78, 206, 82, 7827.34, 20748, 20038
1694979076, 0, 4, 72, 0, 0, 8104.69, 2, 0, 0, 0.19, 208, 87, 7827.34, 20748, 20038
1694979083, 0, 4, 73, 0, 0, 8104.69, 2, 0, 0, 0.40, 209, 89, 7827.34, 20748, 20038
1694979090, 0, 5, 74, 0, 0, 8104.69, 2, 0, 0, 0.57, 210, 92, 7827.34, 20748, 20038
1694979098, 0, 5, 75, 0, 0, 8104.69, 2, 0, 0, 0.14, 211, 92, 7827.34, 20748, 20038
1694979103, 0, 5, 76, 0, 0, 8104.69, 2, 0, 0, 0.18, 212, 92, 7827.34, 20748, 20038
1694979108, 0, 5, 77, 0, 0, 8104.69, 2, 0, 0, 0.19, 213, 92, 7827.34, 20748, 20038
1694979115, 0, 5, 77, 0, 0, 8104.69, 2, 0, 0, 0.16, 214, 92, 7827.34, 20748, 20038
1694979122, 0, 5, 78, 0, 0, 8120.31, 2, 0, 0, 0.14, 215, 92, 7842.97, 20788, 20078
1694979128, 0, 5, 78, 0, 0, 8120.31, 2, 0, 0, 0.16, 216, 92, 7842.97, 20788, 20078
1694979136, 0, 5, 78, 0, 0, 8120.31, 2, 0, 0, 0.12, 217, 92, 7842.97, 20788, 20078
1694979142, 0, 5, 78, 0, 0, 8120.31, 2, 0, 0, 0.17, 218, 92, 7842.97, 20788, 20078
1694979147, 0, 5, 79, 0, 0, 8120.31, 2, 0, 0, 0.22, 219, 92, 7842.97, 20788, 20078
1694979152, 0, 5, 79, 0, 0, 8120.31, 2, 0, 0, 0.19, 220, 92, 7842.97, 20788, 20078
1694979156, 0, 5, 79, 0, 0, 8120.31, 2, 0, 0, 0.27, 221, 92, 7842.97, 20788, 20078
1694979161, 0, 5, 80, 0, 0, 8120.31, 2, 0, 0, 0.20, 222, 92, 7842.97, 20788, 20078
1694979167, 0, 5, 81, 0, 0, 8120.31, 2, 0, 0, 0.17, 223, 92, 7842.97, 20788, 20078
1694979171, 0, 5, 81, 0, 0, 8120.31, 2, 0, 0, 0.23, 224, 92, 7842.97, 20788, 20078
1694979176, 0, 5, 81, 0, 0, 8120.31, 2, 0, 0, 0.19, 225, 92, 7842.97, 20788, 20078
1694979182, 0, 5, 81, 0, 0, 8120.31, 2, 0, 0, 0.17, 226, 92, 7842.97, 20788, 20078
1694979189, 0, 5, 81, 0, 0, 8120.31, 2, 0, 0, 0.14, 227, 92, 7842.97, 20788, 20078
1694979194, 0, 5, 82, 0, 0, 8120.31, 2, 0, 0, 0.21, 228, 92, 7842.97, 20788, 20078
1694979199, 0, 5, 82, 0, 0, 8120.31, 2, 0, 0, 0.20, 229, 92, 7842.97, 20788, 20078
1694979204, 0, 5, 82, 0, 0, 8120.31, 2, 0, 0, 0.18, 230, 92, 7842.97, 20788, 20078
1694979210, 0, 5, 83, 0, 0, 8120.31, 2, 0, 0, 0.19, 231, 92, 7842.97, 20788, 20078
1694979215, 0, 5, 84, 0, 0, 8120.31, 2, 0, 0, 0.18, 232, 92, 7842.97, 20788, 20078
1694979221, 0, 5, 85, 0, 0, 8120.31, 2, 0, 0, 0.18, 233, 92, 7842.97, 20788, 20078
1694979226, 0, 5, 85, 0, 0, 8120.31, 2, 0, 0, 0.19, 234, 92, 7842.97, 20788, 20078
1694979232, 0, 5, 85, 0, 0, 8120.31, 2, 0, 0, 0.17, 235, 92, 7842.97, 20788, 20078
1694979238, 0, 5, 85, 0, 0, 8120.31, 2, 0, 0, 0.16, 236, 92, 7842.97, 20788, 20078
1694979245, 0, 5, 85, 0, 0, 8120.31, 2, 0, 0, 0.15, 237, 92, 7842.97, 20788, 20078
1694979250, 0, 5, 85, 0, 0, 8120.31, 2, 0, 0, 0.18, 238, 92, 7842.97, 20788, 20078
1694979255, 0, 5, 86, 0, 0, 8120.31, 2, 0, 0, 0.21, 239, 92, 7842.97, 20788, 20078
1694979259, 0, 5, 86, 0, 0, 8120.31, 2, 0, 0, 0.26, 240, 92, 7842.97, 20788, 20078
1694979265, 0, 5, 86, 0, 0, 8120.31, 2, 0, 0, 0.17, 241, 92, 7842.97, 20788, 20078
1694979272, 0, 5, 87, 0, 0, 8120.31, 2, 0, 0, 0.14, 242, 92, 7842.97, 20788, 20078
1694979278, 0, 5, 88, 0, 0, 8120.31, 2, 0, 0, 0.16, 243, 92, 7842.97, 20788, 20078
1694979284, 0, 5, 89, 0, 0, 8120.31, 2, 0, 0, 0.18, 244, 92, 7842.97, 20788, 20078
1694979290, 0, 5, 90, 0, 0, 8120.31, 2, 0, 0, 0.17, 245, 92, 7842.97, 20788, 20078
1694979296, 0, 5, 90, 0, 0, 8120.31, 2, 0, 0, 0.17, 246, 92, 7842.97, 20788, 20078
1694979301, 0, 5, 90, 0, 0, 8120.31, 2, 0, 0, 0.18, 247, 92, 7842.97, 20788, 20078
1694979306, 0, 5, 90, 0, 0, 8120.31, 2, 0, 0, 0.20, 248, 92, 7842.97, 20788, 20078
1694979312, 0, 5, 90, 0, 0, 8120.31, 2, 0, 0, 0.18, 249, 92, 7842.97, 20788, 20078
1694979318, 0, 5, 90, 0, 0, 8120.31, 2, 0, 0, 0.16, 250, 92, 7842.97, 20788, 20078
1694979324, 0, 5, 90, 0, 0, 8120.31, 2, 0, 0, 0.18, 251, 92, 7842.97, 20788, 20078
1694979328, 0, 5, 90, 0, 0, 8120.31, 2, 0, 0, 0.22, 252, 92, 7842.97, 20788, 20078
1694979332, 0, 5, 90, 0, 0, 8120.31, 2, 0, 0, 0.23, 253, 92, 7842.97, 20788, 20078
1694979336, 0, 5, 90, 0, 0, 8120.31, 2, 0, 0, 0.26, 254, 92, 7842.97, 20788, 20078
1694979341, 0, 5, 90, 0, 0, 8120.31, 2, 0, 0, 0.21, 255, 92, 7842.97, 20788, 20078
1694979345, 0, 5, 90, 0, 0, 8120.31, 2, 0, 0, 0.22, 256, 92, 7842.97, 20788, 20078
1694979351, 0, 5, 90, 0, 0, 8120.31, 2, 0, 0, 0.19, 257, 92, 7842.97, 20788, 20078
1694979356, 0, 5, 91, 0, 0, 8120.31, 2, 0, 0, 0.18, 258, 92, 7842.97, 20788, 20078
1694979362, 0, 5, 91, 0, 0, 8120.31, 2, 0, 0, 0.17, 259, 92, 7842.97, 20788, 20078
1694979369, 0, 5, 91, 0, 0, 8120.31, 2, 0, 0, 0.14, 260, 92, 7842.97, 20788, 20078
1694979375, 0, 5, 91, 0, 0, 8120.31, 2, 0, 0, 0.18, 261, 92, 7842.97, 20788, 20078
1694979380, 0, 5, 92, 0, 0, 8120.31, 2, 0, 0, 0.18, 262, 92, 7842.97, 20788, 20078
1694979386, 0, 5, 92, 0, 0, 8120.31, 2, 0, 0, 0.19, 263, 92, 7842.97, 20788, 20078
1694979392, 0, 5, 92, 0, 0, 8120.31, 2, 0, 0, 0.16, 264, 92, 7842.97, 20788, 20078
1694979398, 0, 5, 93, 0, 0, 8120.31, 2, 0, 0, 0.16, 265, 92, 7842.97, 20788, 20078
1694979404, 0, 5, 94, 0, 0, 8120.31, 2, 0, 0, 0.16, 266, 92, 7842.97, 20788, 20078
1694979409, 0, 5, 94, 0, 0, 8120.31, 2, 0, 0, 0.20, 267, 92, 7842.97, 20788, 20078
1694979414, 0, 5, 94, 0, 0, 8120.31, 2, 0, 0, 0.20, 268, 92, 7842.97, 20788, 20078
1694979418, 0, 5, 94, 0, 0, 8120.31, 2, 0, 0, 0.25, 269, 92, 7842.97, 20788, 20078
1694979423, 0, 5, 94, 0, 0, 8120.31, 2, 0, 0, 0.21, 270, 92, 7842.97, 20788, 20078
1694979429, 0, 5, 94, 0, 0, 8120.31, 2, 0, 0, 0.16, 271, 92, 7842.97, 20788, 20078
1694979435, 0, 5, 94, 0, 0, 8120.31, 2, 0, 0, 0.18, 272, 92, 7842.97, 20788, 20078
1694979440, 0, 5, 94, 0, 0, 8120.31, 2, 0, 0, 0.21, 273, 92, 7842.97, 20788, 20078
1694979445, 0, 5, 94, 0, 0, 8120.31, 2, 0, 0, 0.17, 274, 92, 7842.97, 20788, 20078
1694979450, 0, 5, 94, 0, 0, 8120.31, 2, 0, 0, 0.21, 275, 92, 7842.97, 20788, 20078
1694979455, 0, 5, 94, 0, 0, 8120.31, 2, 0, 0, 0.21, 276, 92, 7842.97, 20788, 20078
1694979461, 0, 5, 94, 0, 0, 8120.31, 2, 0, 0, 0.17, 277, 92, 7842.97, 20788, 20078
1694979466, 0, 5, 94, 0, 0, 8120.31, 2, 0, 0, 0.20, 278, 92, 7842.97, 20788, 20078
1694979472, 0, 5, 94, 0, 0, 8120.31, 2, 0, 0, 0.18, 279, 92, 7842.97, 20788, 20078
1694979476, 0, 5, 94, 0, 0, 8120.31, 2, 0, 0, 0.22, 280, 92, 7842.97, 20788, 20078
1694979480, 0, 5, 94, 0, 0, 8120.31, 2, 0, 0, 0.25, 281, 92, 7842.97, 20788, 20078
1694979486, 0, 5, 94, 0, 0, 8120.31, 2, 0, 0, 0.16, 282, 92, 7842.97, 20788, 20078
1694979491, 0, 5, 94, 0, 0, 8120.31, 2, 0, 0, 0.20, 283, 92, 7842.97, 20788, 20078
1694979495, 0, 5, 95, 0, 0, 8120.31, 2, 0, 0, 0.25, 284, 92, 7842.97, 20788, 20078
1694979500, 0, 5, 95, 0, 0, 8120.31, 2, 0, 0, 0.21, 285, 92, 7842.97, 20788, 20078
1694979507, 0, 5, 95, 0, 0, 8120.31, 2, 0, 0, 0.15, 286, 92, 7842.97, 20788, 20078
1694979514, 0, 5, 95, 0, 0, 8120.31, 2, 0, 0, 0.14, 287, 92, 7842.97, 20788, 20078
1694979520, 0, 5, 95, 0, 0, 8120.31, 2, 0, 0, 0.17, 288, 92, 7842.97, 20788, 20078
1694979525, 0, 5, 95, 0, 0, 8120.31, 2, 0, 0, 0.18, 289, 92, 7842.97, 20788, 20078
1694979531, 0, 5, 95, 0, 0, 8120.31, 2, 0, 0, 0.18, 290, 92, 7842.97, 20788, 20078
1694979536, 0, 5, 95, 0, 0, 8120.31, 2, 0, 0, 0.21, 291, 92, 7842.97, 20788, 20078
1694979540, 0, 5, 96, 0, 0, 8120.31, 2, 0, 0, 0.26, 292, 92, 7842.97, 20788, 20078
1694979545, 0, 5, 96, 0, 0, 8120.31, 2, 0, 0, 0.17, 293, 92, 7842.97, 20788, 20078
1694979552, 0, 5, 96, 0, 0, 8120.31, 2, 0, 0, 0.16, 294, 92, 7842.97, 20788, 20078
1694979557, 0, 5, 96, 0, 0, 8120.31, 2, 0, 0, 0.20, 295, 92, 7842.97, 20788, 20078
1694979563, 0, 5, 96, 0, 0, 8120.31, 2, 0, 0, 0.16, 296, 92, 7842.97, 20788, 20078
1694979568, 0, 5, 97, 0, 0, 8120.31, 2, 0, 0, 0.17, 297, 92, 7842.97, 20788, 20078
1694979574, 0, 5, 97, 0, 0, 8120.31, 2, 0, 0, 0.19, 298, 92, 7842.97, 20788, 20078
1694979580, 0, 5, 97, 0, 0, 8120.31, 2, 0, 0, 0.17, 299, 92, 7842.97, 20788, 20078
1694979585, 0, 5, 97, 0, 0, 8120.31, 2, 0, 0, 0.18, 300, 92, 7842.97, 20788, 20078
1694979591, 0, 5, 97, 0, 0, 8120.31, 2, 0, 0, 0.17, 301, 92, 7842.97, 20788, 20078
1694979597, 0, 5, 97, 0, 0, 8120.31, 2, 0, 0, 0.18, 302, 92, 7842.97, 20788, 20078
1694979604, 0, 5, 98, 0, 0, 8120.31, 2, 0, 0, 0.15, 303, 92, 7842.97, 20788, 20078
1694979611, 0, 5, 98, 0, 0, 8120.31, 2, 0, 0, 0.14, 304, 92, 7842.97, 20788, 20078
1694979617, 0, 5, 98, 0, 0, 8120.31, 2, 0, 0, 0.17, 305, 92, 7842.97, 20788, 20078
1694979624, 0, 5, 99, 0, 0, 8120.31, 2, 0, 0, 0.15, 306, 92, 7842.97, 20788, 20078
1694979631, 0, 5, 100, 0, 0, 8120.31, 2, 0, 0, 0.13, 307, 92, 7842.97, 20788, 20078
1694979637, 0, 5, 101, 0, 0, 8120.31, 2, 0, 0, 0.17, 308, 92, 7842.97, 20788, 20078
1694979644, 0, 5, 102, 0, 0, 8120.31, 2, 0, 0, 0.14, 309, 92, 7842.97, 20788, 20078
1694979649, 0, 5, 102, 0, 0, 8120.31, 2, 0, 0, 0.20, 310, 92, 7842.97, 20788, 20078
1694979655, 0, 5, 102, 0, 0, 8120.31, 2, 0, 0, 0.17, 311, 92, 7842.97, 20788, 20078
1694979661, 0, 5, 102, 0, 0, 8120.31, 2, 0, 0, 0.18, 312, 92, 7842.97, 20788, 20078
1694979667, 0, 5, 102, 0, 0, 8120.31, 2, 0, 0, 0.16, 313, 92, 7842.97, 20788, 20078
1694979672, 0, 5, 102, 0, 0, 8120.31, 2, 0, 0, 0.20, 314, 92, 7842.97, 20788, 20078
1694979677, 0, 5, 102, 0, 0, 8120.31, 2, 0, 0, 0.18, 315, 92, 7842.97, 20788, 20078
1694979682, 0, 5, 102, 0, 0, 8120.31, 2, 0, 0, 0.19, 316, 92, 7842.97, 20788, 20078
1694979689, 0, 5, 102, 0, 0, 8120.31, 2, 0, 0, 0.17, 317, 92, 7842.97, 20788, 20078
1694979694, 0, 5, 102, 0, 0, 8120.31, 2, 0, 0, 0.19, 318, 92, 7842.97, 20788, 20078
1694979699, 0, 5, 102, 0, 0, 8120.31, 2, 0, 0, 0.18, 319, 92, 7842.97, 20788, 20078
1694979705, 0, 5, 102, 0, 0, 8120.31, 2, 0, 0, 0.17, 320, 92, 7842.97, 20788, 20078
1694979710, 0, 5, 102, 0, 0, 8120.31, 2, 0, 0, 0.20, 321, 92, 7842.97, 20788, 20078
1694979716, 0, 5, 102, 0, 0, 8120.31, 2, 0, 0, 0.19, 322, 92, 7842.97, 20788, 20078
1694979721, 0, 5, 102, 0, 0, 8120.31, 2, 0, 0, 0.20, 323, 92, 7842.97, 20788, 20078
1694979726, 0, 5, 102, 0, 0, 8120.31, 2, 0, 0, 0.18, 324, 92, 7842.97, 20788, 20078
1694979732, 0, 5, 102, 0, 0, 8120.31, 2, 0, 0, 0.17, 325, 92, 7842.97, 20788, 20078
1694979739, 0, 5, 102, 0, 0, 8120.31, 2, 0, 0, 0.14, 326, 92, 7842.97, 20788, 20078
1694979745, 0, 5, 102, 0, 0, 8120.31, 2, 0, 0, 0.16, 327, 92, 7842.97, 20788, 20078
1694979751, 0, 5, 102, 0, 0, 8120.31, 2, 0, 0, 0.19, 328, 92, 7842.97, 20788, 20078
1694979757, 0, 5, 102, 0, 0, 8120.31, 2, 0, 0, 0.16, 329, 92, 7842.97, 20788, 20078
1694979763, 0, 5, 102, 0, 0, 8120.31, 2, 0, 0, 0.15, 330, 92, 7842.97, 20788, 20078
1694979769, 0, 5, 102, 0, 0, 8120.31, 2, 0, 0, 0.17, 331, 92, 7842.97, 20788, 20078
1694979775, 0, 5, 102, 0, 0, 8120.31, 2, 0, 0, 0.19, 332, 92, 7842.97, 20788, 20078
1694979780, 0, 5, 102, 0, 0, 8120.31, 2, 0, 0, 0.19, 333, 92, 7842.97, 20788, 20078
1694979785, 0, 5, 102, 0, 0, 8120.31, 2, 0, 0, 0.19, 334, 92, 7842.97, 20788, 20078
1694979790, 0, 5, 102, 0, 0, 8120.31, 2, 0, 0, 0.19, 335, 92, 7842.97, 20788, 20078
1694979797, 0, 5, 102, 0, 0, 8120.31, 2, 0, 0, 0.16, 336, 92, 7842.97, 20788, 20078
1694979802, 0, 5, 102, 0, 0, 8120.31, 2, 0, 0, 0.20, 337, 92, 7842.97, 20788, 20078
1694979809, 0, 5, 102, 0, 0, 8120.31, 2, 0, 0, 0.14, 338, 92, 7842.97, 20788, 20078
1694979814, 0, 5, 102, 0, 0, 8120.31, 2, 0, 0, 0.20, 339, 92, 7842.97, 20788, 20078
1694979819, 0, 5, 102, 0, 0, 8120.31, 2, 0, 0, 0.21, 340, 92, 7842.97, 20788, 20078
1694979822, 0, 5, 102, 0, 0, 8120.31, 2, 0, 0, 0.25, 341, 92, 7842.97, 20788, 20078
1694979828, 0, 5, 102, 0, 0, 8120.31, 2, 0, 0, 0.19, 342, 92, 7842.97, 20788, 20078
1694979833, 0, 5, 103, 0, 0, 8120.31, 2, 0, 0, 0.19, 343, 92, 7842.97, 20788, 20078
1694979839, 0, 5, 103, 0, 0, 8120.31, 2, 0, 0, 0.16, 344, 92, 7842.97, 20788, 20078
1694979846, 0, 5, 103, 0, 0, 8120.31, 2, 0, 0, 0.16, 345, 92, 7842.97, 20788, 20078
1694979851, 0, 5, 103, 0, 0, 8120.31, 2, 0, 0, 0.18, 346, 92, 7842.97, 20788, 20078
1694979857, 0, 5, 104, 0, 0, 8120.31, 2, 0, 0, 0.19, 347, 92, 7842.97, 20788, 20078
1694979863, 0, 5, 104, 0, 0, 8120.31, 2, 0, 0, 0.16, 348, 92, 7842.97, 20788, 20078
1694979867, 0, 5, 104, 0, 0, 8120.31, 2, 0, 0, 0.23, 349, 92, 7842.97, 20788, 20078
1694979873, 0, 5, 105, 0, 0, 8120.31, 2, 0, 0, 0.18, 350, 92, 7842.97, 20788, 20078
1694979878, 0, 5, 106, 0, 0, 8120.31, 2, 0, 0, 0.19, 351, 92, 7842.97, 20788, 20078
1694979883, 0, 5, 107, 0, 0, 8120.31, 2, 0, 0, 0.18, 352, 92, 7842.97, 20788, 20078
1694979888, 0, 5, 107, 0, 0, 8120.31, 2, 0, 0, 0.22, 353, 92, 7842.97, 20788, 20078
1694979894, 0, 5, 107, 0, 0, 8120.31, 2, 0, 0, 0.17, 354, 92, 7842.97, 20788, 20078
1694979900, 0, 5, 107, 0, 0, 8120.31, 2, 0, 0, 0.18, 355, 92, 7842.97, 20788, 20078
1694979906, 0, 5, 107, 0, 0, 8120.31, 2, 0, 0, 0.16, 356, 92, 7842.97, 20788, 20078
1694979911, 0, 5, 107, 0, 0, 8120.31, 2, 0, 0, 0.20, 357, 92, 7842.97, 20788, 20078
1694979916, 0, 5, 107, 0, 0, 8120.31, 2, 0, 0, 0.19, 358, 92, 7842.97, 20788, 20078
1694979922, 0, 5, 107, 0, 0, 8120.31, 2, 0, 0, 0.17, 359, 92, 7842.97, 20788, 20078
1694979927, 0, 5, 107, 0, 0, 8120.31, 2, 0, 0, 0.19, 360, 92, 7842.97, 20788, 20078
1694979933, 0, 5, 107, 0, 0, 8120.31, 2, 0, 0, 0.18, 361, 92, 7842.97, 20788, 20078
1694979938, 0, 5, 107, 0, 0, 8120.31, 2, 0, 0, 0.19, 362, 92, 7842.97, 20788, 20078
1694979944, 0, 5, 107, 0, 0, 8120.31, 2, 0, 0, 0.19, 363, 92, 7842.97, 20788, 20078
1694979949, 0, 5, 107, 0, 0, 8120.31, 2, 0, 0, 0.19, 364, 92, 7842.97, 20788, 20078
1694979954, 0, 5, 107, 0, 0, 8120.31, 2, 0, 0, 0.20, 365, 92, 7842.97, 20788, 20078
1694979959, 0, 5, 107, 0, 0, 8120.31, 2, 0, 0, 0.20, 366, 92, 7842.97, 20788, 20078
1694979965, 0, 5, 107, 0, 0, 8120.31, 2, 0, 0, 0.16, 367, 92, 7842.97, 20788, 20078
1694979971, 0, 5, 107, 0, 0, 8120.31, 2, 0, 0, 0.18, 368, 92, 7842.97, 20788, 20078
1694979976, 0, 5, 107, 0, 0, 8120.31, 2, 0, 0, 0.20, 369, 92, 7842.97, 20788, 20078
1694979982, 0, 5, 107, 0, 0, 8120.31, 2, 0, 0, 0.16, 370, 92, 7842.97, 20788, 20078
1694979988, 0, 5, 107, 0, 0, 8120.31, 2, 0, 0, 0.17, 371, 92, 7842.97, 20788, 20078
1694979995, 0, 5, 107, 0, 0, 8120.31, 2, 0, 0, 0.14, 372, 92, 7842.97, 20788, 20078
1694980001, 0, 5, 107, 0, 0, 8120.31, 2, 0, 0, 0.17, 373, 92, 7842.97, 20788, 20078
1694980006, 0, 5, 108, 0, 0, 8120.31, 2, 0, 0, 0.20, 374, 92, 7842.97, 20788, 20078
1694980013, 0, 5, 108, 0, 0, 8120.31, 2, 0, 0, 0.15, 375, 92, 7842.97, 20788, 20078
1694980018, 0, 5, 108, 0, 0, 8120.31, 2, 0, 0, 0.18, 376, 92, 7842.97, 20788, 20078
1694980023, 0, 5, 108, 0, 0, 8120.31, 2, 0, 0, 0.21, 377, 92, 7842.97, 20788, 20078
1694980029, 0, 5, 108, 0, 0, 8120.31, 2, 0, 0, 0.18, 378, 92, 7842.97, 20788, 20078
1694980034, 0, 5, 108, 0, 0, 8120.31, 2, 0, 0, 0.18, 379, 92, 7842.97, 20788, 20078
1694980042, 0, 5, 108, 0, 0, 8120.31, 2, 0, 0, 0.13, 380, 92, 7842.97, 20788, 20078
1694980047, 0, 5, 108, 0, 0, 8120.31, 2, 0, 0, 0.17, 381, 92, 7842.97, 20788, 20078
1694980053, 0, 5, 108, 0, 0, 8120.31, 2, 0, 0, 0.18, 382, 92, 7842.97, 20788, 20078
1694980059, 0, 5, 108, 0, 0, 8120.31, 2, 0, 0, 0.16, 383, 92, 7842.97, 20788, 20078
1694980064, 0, 5, 108, 0, 0, 8120.31, 2, 0, 0, 0.19, 384, 92, 7842.97, 20788, 20078
1694980071, 0, 5, 108, 0, 0, 8120.31, 2, 0, 0, 0.16, 385, 92, 7842.97, 20788, 20078
1694980077, 0, 5, 108, 0, 0, 8120.31, 2, 0, 0, 0.17, 386, 92, 7842.97, 20788, 20078
1694980083, 0, 5, 108, 0, 0, 8120.31, 2, 0, 0, 0.15, 387, 92, 7842.97, 20788, 20078
1694980090, 0, 5, 108, 0, 0, 8120.31, 2, 0, 0, 0.15, 388, 92, 7842.97, 20788, 20078
1694980097, 0, 5, 108, 0, 0, 8120.31, 2, 0, 0, 0.14, 389, 92, 7842.97, 20788, 20078
1694980101, 0, 5, 108, 0, 0, 8120.31, 2, 0, 0, 0.22, 390, 92, 7842.97, 20788, 20078
1694980107, 0, 5, 108, 0, 0, 8120.31, 2, 0, 0, 0.16, 391, 92, 7842.97, 20788, 20078
1694980114, 0, 5, 109, 0, 0, 8120.31, 2, 0, 0, 0.16, 392, 92, 7842.97, 20788, 20078
1694980120, 0, 5, 109, 0, 0, 8120.31, 2, 0, 0, 0.17, 393, 92, 7842.97, 20788, 20078
1694980128, 0, 5, 110, 0, 0, 8120.31, 2, 0, 0, 0.12, 394, 92, 7842.97, 20788, 20078
1694980134, 0, 5, 111, 0, 0, 8120.31, 2, 0, 0, 0.15, 395, 92, 7842.97, 20788, 20078
1694980139, 0, 5, 112, 0, 0, 8120.31, 2, 0, 0, 0.21, 396, 92, 7842.97, 20788, 20078
1694980146, 0, 5, 112, 0, 0, 8120.31, 2, 0, 0, 0.14, 397, 92, 7842.97, 20788, 20078
1694980154, 0, 5, 112, 0, 0, 8120.31, 2, 0, 0, 0.14, 398, 92, 7842.97, 20788, 20078
1694980160, 0, 5, 112, 0, 0, 8120.31, 2, 0, 0, 0.15, 399, 92, 7842.97, 20788, 20078
1694980165, 0, 5, 112, 0, 0, 8120.31, 2, 0, 0, 0.20, 400, 92, 7842.97, 20788, 20078
1694980171, 0, 5, 113, 0, 0, 8120.31, 2, 0, 0, 0.19, 401, 92, 7842.97, 20788, 20078
1694980177, 0, 5, 114, 0, 0, 8120.31, 2, 0, 0, 0.16, 402, 92, 7842.97, 20788, 20078
1694980184, 0, 5, 114, 0, 0, 8120.31, 2, 0, 0, 0.14, 403, 92, 7842.97, 20788, 20078
1694980191, 0, 5, 115, 0, 0, 8120.31, 2, 0, 0, 0.15, 404, 92, 7842.97, 20788, 20078
1694980197, 0, 5, 115, 0, 0, 8120.31, 2, 0, 0, 0.15, 405, 92, 7842.97, 20788, 20078
1694980204, 0, 5, 115, 0, 0, 8120.31, 2, 0, 0, 0.15, 406, 92, 7842.97, 20788, 20078
1694980209, 0, 5, 115, 0, 0, 8120.31, 2, 0, 0, 0.19, 407, 92, 7842.97, 20788, 20078
1694980215, 0, 5, 115, 0, 0, 8120.31, 2, 0, 0, 0.18, 408, 92, 7842.97, 20788, 20078
1694980220, 0, 5, 115, 0, 0, 8120.31, 2, 0, 0, 0.19, 409, 92, 7842.97, 20788, 20078
1694980227, 0, 5, 115, 0, 0, 8120.31, 2, 0, 0, 0.16, 410, 92, 7842.97, 20788, 20078
1694980234, 0, 5, 115, 0, 0, 8120.31, 2, 0, 0, 0.14, 411, 92, 7842.97, 20788, 20078
1694980241, 0, 5, 115, 0, 0, 8120.31, 2, 0, 0, 0.15, 412, 92, 7842.97, 20788, 20078
1694980245, 0, 5, 115, 0, 0, 8120.31, 2, 0, 0, 0.21, 413, 92, 7842.97, 20788, 20078
1694980250, 0, 5, 115, 0, 0, 8120.31, 2, 0, 0, 0.24, 414, 92, 7842.97, 20788, 20078
1694980258, 0, 5, 115, 0, 0, 8120.31, 2, 0, 0, 0.12, 415, 92, 7842.97, 20788, 20078
1694980263, 0, 5, 115, 0, 0, 8120.31, 2, 0, 0, 0.18, 416, 92, 7842.97, 20788, 20078
1694980268, 0, 5, 115, 0, 0, 8120.31, 2, 0, 0, 0.21, 417, 92, 7842.97, 20788, 20078
1694980276, 0, 5, 115, 0, 0, 8120.31, 2, 0, 0, 0.13, 418, 92, 7842.97, 20788, 20078
1694980282, 0, 5, 115, 0, 0, 8120.31, 2, 0, 0, 0.15, 419, 92, 7842.97, 20788, 20078
1694980289, 0, 5, 116, 0, 0, 8120.31, 2, 0, 0, 0.15, 420, 92, 7842.97, 20788, 20078
1694980296, 0, 5, 116, 0, 0, 8120.31, 2, 0, 0, 0.15, 421, 92, 7842.97, 20788, 20078
1694980302, 0, 5, 116, 0, 0, 8120.31, 2, 0, 0, 0.15, 422, 92, 7842.97, 20788, 20078
1694980309, 0, 5, 116, 0, 0, 8120.31, 2, 0, 0, 0.16, 423, 92, 7842.97, 20788, 20078
1694980315, 0, 5, 116, 0, 0, 8120.31, 2, 0, 0, 0.15, 424, 92, 7842.97, 20788, 20078
1694980323, 0, 5, 117, 0, 0, 8120.31, 2, 0, 0, 0.14, 425, 92, 7842.97, 20788, 20078
1694980330, 0, 5, 117, 0, 0, 8120.31, 2, 0, 0, 0.14, 426, 92, 7842.97, 20788, 20078
1694980338, 0, 5, 117, 0, 0, 8120.31, 2, 0, 0, 0.13, 427, 92, 7842.97, 20788, 20078
1694980344, 0, 5, 117, 0, 0, 8120.31, 2, 0, 0, 0.16, 428, 92, 7842.97, 20788, 20078
1694980351, 0, 5, 117, 0, 0, 8120.31, 2, 0, 0, 0.15, 429, 92, 7842.97, 20788, 20078
1694980357, 0, 5, 117, 0, 0, 8120.31, 2, 0, 0, 0.17, 430, 92, 7842.97, 20788, 20078
1694980362, 0, 5, 118, 0, 0, 8120.31, 2, 0, 0, 0.17, 431, 92, 7842.97, 20788, 20078
1694980369, 0, 5, 118, 0, 0, 8120.31, 2, 0, 0, 0.16, 432, 92, 7842.97, 20788, 20078
1694980376, 0, 5, 118, 0, 0, 8120.31, 2, 0, 0, 0.14, 433, 92, 7842.97, 20788, 20078
1694980382, 0, 5, 119, 0, 0, 8120.31, 2, 0, 0, 0.18, 434, 92, 7842.97, 20788, 20078
1694980386, 0, 5, 120, 0, 0, 8120.31, 2, 0, 0, 0.21, 435, 92, 7842.97, 20788, 20078
1694980393, 0, 5, 121, 0, 0, 8120.31, 2, 0, 0, 0.15, 436, 92, 7842.97, 20788, 20078
1694980398, 0, 5, 122, 0, 0, 8120.31, 2, 0, 0, 0.19, 437, 92, 7842.97, 20788, 20078
1694980404, 0, 5, 122, 0, 0, 8120.31, 2, 0, 0, 0.19, 438, 92, 7842.97, 20788, 20078
1694980410, 0, 5, 122, 0, 0, 8120.31, 2, 0, 0, 0.16, 439, 92, 7842.97, 20788, 20078
1694980416, 0, 5, 122, 0, 0, 8120.31, 2, 0, 0, 0.17, 440, 92, 7842.97, 20788, 20078
1694980422, 0, 5, 122, 0, 0, 8120.31, 2, 0, 0, 0.17, 441, 92, 7842.97, 20788, 20078
1694980428, 0, 5, 122, 0, 0, 8120.31, 2, 0, 0, 0.17, 442, 92, 7842.97, 20788, 20078
1694980434, 0, 5, 122, 0, 0, 8120.31, 2, 0, 0, 0.16, 443, 92, 7842.97, 20788, 20078
1694980441, 0, 5, 122, 0, 0, 8120.31, 2, 0, 0, 0.15, 444, 92, 7842.97, 20788, 20078
1694980447, 0, 5, 122, 0, 0, 8120.31, 2, 0, 0, 0.17, 445, 92, 7842.97, 20788, 20078
1694980453, 0, 5, 122, 0, 0, 8120.31, 2, 0, 0, 0.16, 446, 92, 7842.97, 20788, 20078
1694980460, 0, 5, 122, 0, 0, 8120.31, 2, 0, 0, 0.16, 447, 92, 7842.97, 20788, 20078
1694980466, 0, 5, 122, 0, 0, 8120.31, 2, 0, 0, 0.15, 448, 92, 7842.97, 20788, 20078
1694980473, 0, 5, 122, 0, 0, 8120.31, 2, 0, 0, 0.15, 449, 92, 7842.97, 20788, 20078
1694980480, 0, 5, 122, 0, 0, 8120.31, 2, 0, 0, 0.14, 450, 92, 7842.97, 20788, 20078
1694980487, 0, 5, 122, 0, 0, 8120.31, 2, 0, 0, 0.15, 451, 92, 7842.97, 20788, 20078
1694980494, 0, 5, 122, 0, 0, 8120.31, 2, 0, 0, 0.15, 452, 92, 7842.97, 20788, 20078
1694980500, 0, 5, 122, 0, 0, 8120.31, 2, 0, 0, 0.15, 453, 92, 7842.97, 20788, 20078
1694980506, 0, 5, 122, 0, 0, 8120.31, 2, 0, 0, 0.19, 454, 92, 7842.97, 20788, 20078
1694980512, 0, 5, 122, 0, 0, 8120.31, 2, 0, 0, 0.16, 455, 92, 7842.97, 20788, 20078
1694980517, 0, 5, 122, 0, 0, 8120.31, 2, 0, 0, 0.21, 456, 92, 7842.97, 20788, 20078
1694980522, 0, 5, 122, 0, 0, 8120.31, 2, 0, 0, 0.20, 457, 92, 7842.97, 20788, 20078
1694980528, 0, 5, 122, 0, 0, 8120.31, 2, 0, 0, 0.18, 458, 92, 7842.97, 20788, 20078
1694980533, 0, 5, 122, 0, 0, 8120.31, 2, 0, 0, 0.17, 459, 92, 7842.97, 20788, 20078
1694980540, 0, 5, 122, 0, 0, 8120.31, 2, 0, 0, 0.14, 460, 92, 7842.97, 20788, 20078
1694980546, 0, 5, 122, 0, 0, 8120.31, 2, 0, 0, 0.17, 461, 92, 7842.97, 20788, 20078
1694980551, 0, 5, 122, 0, 0, 8120.31, 2, 0, 0, 0.20, 462, 92, 7842.97, 20788, 20078
1694980557, 0, 5, 122, 0, 0, 8120.31, 2, 0, 0, 0.17, 463, 92, 7842.97, 20788, 20078
1694980565, 0, 5, 122, 0, 0, 8120.31, 2, 0, 0, 0.12, 464, 92, 7842.97, 20788, 20078
1694980570, 0, 5, 122, 0, 0, 8120.31, 2, 0, 0, 0.20, 465, 92, 7842.97, 20788, 20078
1694980576, 0, 5, 122, 0, 0, 8120.31, 2, 0, 0, 0.17, 466, 92, 7842.97, 20788, 20078
1694980582, 0, 5, 122, 0, 0, 8120.31, 2, 0, 0, 0.17, 467, 92, 7842.97, 20788, 20078
1694980589, 0, 5, 122, 0, 0, 8120.31, 2, 0, 0, 0.15, 468, 92, 7842.97, 20788, 20078
1694980594, 0, 5, 122, 0, 0, 8120.31, 2, 0, 0, 0.18, 469, 92, 7842.97, 20788, 20078
1694980600, 0, 5, 122, 0, 0, 8120.31, 2, 0, 0, 0.16, 470, 92, 7842.97, 20788, 20078
1694980607, 0, 5, 122, 0, 0, 8120.31, 2, 0, 0, 0.14, 471, 92, 7842.97, 20788, 20078
1694980614, 0, 5, 122, 0, 0, 8120.31, 2, 0, 0, 0.15, 472, 92, 7842.97, 20788, 20078
1694980620, 0, 5, 123, 0, 0, 8120.31, 2, 0, 0, 0.17, 473, 92, 7842.97, 20788, 20078
1694980626, 0, 5, 123, 0, 0, 8120.31, 2, 0, 0, 0.16, 474, 92, 7842.97, 20788, 20078
1694980632, 0, 5, 123, 0, 0, 8120.31, 2, 0, 0, 0.18, 475, 92, 7842.97, 20788, 20078
1694980638, 0, 5, 123, 0, 0, 8120.31, 2, 0, 0, 0.17, 476, 92, 7842.97, 20788, 20078
1694980643, 0, 5, 123, 0, 0, 8120.31, 2, 0, 0, 0.17, 477, 92, 7842.97, 20788, 20078
1694980649, 0, 5, 123, 0, 0, 8120.31, 2, 0, 0, 0.19, 478, 92, 7842.97, 20788, 20078
1694980656, 0, 5, 123, 0, 0, 8120.31, 2, 0, 0, 0.15, 479, 92, 7842.97, 20788, 20078
1694980661, 0, 5, 123, 0, 0, 8120.31, 2, 0, 0, 0.17, 480, 92, 7842.97, 20788, 20078
1694980668, 0, 5, 123, 0, 0, 8120.31, 2, 0, 0, 0.16, 481, 92, 7842.97, 20788, 20078
1694980674, 0, 5, 123, 0, 0, 8120.31, 2, 0, 0, 0.16, 482, 92, 7842.97, 20788, 20078
1694980681, 0, 5, 123, 0, 0, 8120.31, 2, 0, 0, 0.14, 483, 92, 7842.97, 20788, 20078
1694980687, 0, 5, 123, 0, 0, 8120.31, 2, 0, 0, 0.17, 484, 92, 7842.97, 20788, 20078
1694980693, 0, 5, 124, 0, 0, 8120.31, 2, 0, 0, 0.16, 485, 92, 7842.97, 20788, 20078
1694980698, 0, 5, 124, 0, 0, 8120.31, 2, 0, 0, 0.17, 486, 92, 7842.97, 20788, 20078
1694980706, 0, 5, 124, 0, 0, 8120.31, 2, 0, 0, 0.13, 487, 92, 7842.97, 20788, 20078
1694980712, 0, 5, 125, 0, 0, 8120.31, 2, 0, 0, 0.16, 488, 92, 7842.97, 20788, 20078
1694980718, 0, 5, 125, 0, 0, 8120.31, 2, 0, 0, 0.17, 489, 92, 7842.97, 20788, 20078
1694980724, 0, 5, 125, 0, 0, 8120.31, 2, 0, 0, 0.18, 490, 92, 7842.97, 20788, 20078
1694980730, 0, 5, 125, 0, 0, 8120.31, 2, 0, 0, 0.16, 491, 92, 7842.97, 20788, 20078
1694980736, 0, 5, 125, 0, 0, 8120.31, 2, 0, 0, 0.18, 492, 92, 7842.97, 20788, 20078
1694980741, 0, 5, 125, 0, 0, 8120.31, 2, 0, 0, 0.18, 493, 92, 7842.97, 20788, 20078
1694980748, 0, 5, 125, 0, 0, 8120.31, 2, 0, 0, 0.16, 494, 92, 7842.97, 20788, 20078
1694980754, 0, 5, 125, 0, 0, 8120.31, 2, 0, 0, 0.16, 495, 92, 7842.97, 20788, 20078
1694980761, 0, 5, 125, 0, 0, 8120.31, 2, 0, 0, 0.14, 496, 92, 7842.97, 20788, 20078
1694980767, 0, 5, 125, 0, 0, 8120.31, 2, 0, 0, 0.17, 497, 92, 7842.97, 20788, 20078
1694980773, 0, 5, 125, 0, 0, 8120.31, 2, 0, 0, 0.17, 498, 92, 7842.97, 20788, 20078
1694980779, 0, 5, 125, 0, 0, 8120.31, 2, 0, 0, 0.17, 499, 92, 7842.97, 20788, 20078
1694980784, 0, 5, 125, 0, 0, 8120.31, 2, 0, 0, 0.19, 500, 92, 7842.97, 20788, 20078
1694980789, 0, 5, 125, 0, 0, 8120.31, 2, 0, 0, 0.21, 501, 92, 7842.97, 20788, 20078
1694980795, 0, 5, 125, 0, 0, 8120.31, 2, 0, 0, 0.18, 502, 92, 7842.97, 20788, 20078
1694980801, 0, 5, 125, 0, 0, 8120.31, 2, 0, 0, 0.16, 503, 92, 7842.97, 20788, 20078
1694980808, 0, 5, 125, 0, 0, 8120.31, 2, 0, 0, 0.15, 504, 92, 7842.97, 20788, 20078
1694980815, 0, 5, 126, 0, 0, 8121.09, 2, 0, 0, 0.15, 505, 92, 7843.75, 20790, 20080
1694980821, 0, 5, 126, 0, 0, 8121.09, 2, 0, 0, 0.17, 506, 92, 7843.75, 20790, 20080
1694980827, 0, 5, 126, 0, 0, 8121.09, 2, 0, 0, 0.15, 507, 92, 7843.75, 20790, 20080
1694980833, 0, 5, 126, 0, 0, 8121.09, 2, 0, 0, 0.16, 508, 92, 7843.75, 20790, 20080
1694980838, 0, 5, 126, 0, 0, 8121.09, 2, 0, 0, 0.20, 509, 92, 7843.75, 20790, 20080
1694980843, 0, 5, 126, 0, 0, 8121.09, 2, 0, 0, 0.20, 510, 92, 7843.75, 20790, 20080
1694980849, 0, 5, 126, 0, 0, 8121.09, 2, 0, 0, 0.16, 511, 92, 7843.75, 20790, 20080
1694980855, 0, 5, 126, 0, 0, 8121.09, 2, 0, 0, 0.17, 512, 92, 7843.75, 20790, 20080
1694980862, 0, 5, 126, 0, 0, 8121.09, 2, 0, 0, 0.15, 513, 92, 7843.75, 20790, 20080
1694980868, 0, 5, 127, 0, 0, 8121.09, 2, 0, 0, 0.15, 514, 92, 7843.75, 20790, 20080
1694980875, 0, 5, 127, 0, 0, 8121.09, 2, 0, 0, 0.14, 515, 92, 7843.75, 20790, 20080
1694980882, 0, 5, 127, 0, 0, 8121.09, 2, 0, 0, 0.15, 516, 92, 7843.75, 20790, 20080
1694980889, 0, 5, 127, 0, 0, 8121.09, 2, 0, 0, 0.15, 517, 92, 7843.75, 20790, 20080
1694980894, 0, 5, 128, 0, 0, 8121.09, 2, 0, 0, 0.17, 518, 92, 7843.75, 20790, 20080
1694980900, 0, 5, 128, 0, 0, 8121.09, 2, 0, 0, 0.18, 519, 92, 7843.75, 20790, 20080
1694980908, 0, 5, 128, 0, 0, 8121.09, 2, 0, 0, 0.13, 520, 92, 7843.75, 20790, 20080
1694980913, 0, 5, 129, 0, 0, 8121.09, 2, 0, 0, 0.17, 521, 92, 7843.75, 20790, 20080
1694980918, 0, 5, 129, 0, 0, 8121.09, 2, 0, 0, 0.20, 522, 92, 7843.75, 20790, 20080
1694980925, 0, 5, 130, 0, 0, 8121.09, 2, 0, 0, 0.15, 523, 92, 7843.75, 20790, 20080
1694980932, 0, 5, 130, 0, 0, 8121.09, 2, 0, 0, 0.14, 524, 92, 7843.75, 20790, 20080
1694980938, 0, 5, 130, 0, 0, 8121.09, 2, 0, 0, 0.17, 525, 92, 7843.75, 20790, 20080
1694980944, 0, 5, 130, 0, 0, 8121.09, 2, 0, 0, 0.17, 526, 92, 7843.75, 20790, 20080
1694980951, 0, 5, 130, 0, 0, 8121.09, 2, 0, 0, 0.14, 527, 92, 7843.75, 20790, 20080
1694980957, 0, 5, 130, 0, 0, 8121.09, 2, 0, 0, 0.16, 528, 92, 7843.75, 20790, 20080
1694980965, 0, 5, 130, 0, 0, 8121.09, 2, 0, 0, 0.13, 529, 92, 7843.75, 20790, 20080
1694980971, 0, 5, 130, 0, 0, 8121.09, 2, 0, 0, 0.16, 530, 92, 7843.75, 20790, 20080
1694980979, 0, 5, 130, 0, 0, 8121.09, 2, 0, 0, 0.14, 531, 92, 7843.75, 20790, 20080
1694980986, 0, 5, 130, 0, 0, 8121.09, 2, 0, 0, 0.14, 532, 92, 7843.75, 20790, 20080
1694980992, 0, 5, 130, 0, 0, 8121.09, 2, 0, 0, 0.17, 533, 92, 7843.75, 20790, 20080
1694980997, 0, 5, 130, 0, 0, 8121.09, 2, 0, 0, 0.19, 534, 92, 7843.75, 20790, 20080
1694981003, 0, 5, 130, 0, 0, 8121.09, 2, 0, 0, 0.16, 535, 92, 7843.75, 20790, 20080
1694981009, 0, 5, 130, 0, 0, 8121.09, 2, 0, 0, 0.16, 536, 92, 7843.75, 20790, 20080
1694981016, 0, 5, 130, 0, 0, 8121.09, 2, 0, 0, 0.15, 537, 92, 7843.75, 20790, 20080
1694981021, 0, 5, 130, 0, 0, 8121.09, 2, 0, 0, 0.20, 538, 92, 7843.75, 20790, 20080
1694981028, 0, 5, 130, 0, 0, 8121.09, 2, 0, 0, 0.14, 539, 92, 7843.75, 20790, 20080
1694981034, 0, 5, 130, 0, 0, 8121.09, 2, 0, 0, 0.16, 540, 92, 7843.75, 20790, 20080
1694981041, 0, 5, 130, 0, 0, 8121.09, 2, 0, 0, 0.16, 541, 92, 7843.75, 20790, 20080
1694981046, 0, 5, 130, 0, 0, 8121.09, 2, 0, 0, 0.17, 542, 92, 7843.75, 20790, 20080
1694981052, 0, 5, 130, 0, 0, 8121.09, 2, 0, 0, 0.18, 543, 92, 7843.75, 20790, 20080
1694981058, 0, 5, 130, 0, 0, 8121.09, 2, 0, 0, 0.16, 544, 92, 7843.75, 20790, 20080
1694981063, 0, 5, 130, 0, 0, 8121.09, 2, 0, 0, 0.21, 545, 92, 7843.75, 20790, 20080
1694981069, 0, 5, 130, 0, 0, 8121.09, 2, 0, 0, 0.16, 546, 92, 7843.75, 20790, 20080
1694981075, 0, 5, 130, 0, 0, 8121.09, 2, 0, 0, 0.16, 547, 92, 7843.75, 20790, 20080
1694981082, 0, 5, 130, 0, 0, 8121.09, 2, 0, 0, 0.15, 548, 92, 7843.75, 20790, 20080
1694981088, 0, 5, 130, 0, 0, 8121.09, 2, 0, 0, 0.17, 549, 92, 7843.75, 20790, 20080
1694981093, 0, 5, 130, 0, 0, 8121.09, 2, 0, 0, 0.19, 550, 92, 7843.75, 20790, 20080
1694981100, 0, 5, 130, 0, 0, 8121.09, 2, 0, 0, 0.15, 551, 92, 7843.75, 20790, 20080
1694981108, 0, 5, 130, 0, 0, 8121.09, 2, 0, 0, 0.14, 552, 92, 7843.75, 20790, 20080
1694981114, 0, 5, 130, 0, 0, 8121.09, 2, 0, 0, 0.16, 553, 92, 7843.75, 20790, 20080
1694981119, 0, 5, 130, 0, 0, 8121.09, 2, 0, 0, 0.18, 554, 92, 7843.75, 20790, 20080
1694981126, 0, 5, 130, 0, 0, 8121.09, 2, 0, 0, 0.15, 555, 92, 7843.75, 20790, 20080
1694981132, 0, 5, 130, 0, 0, 8121.09, 2, 0, 0, 0.17, 556, 92, 7843.75, 20790, 20080
1694981137, 0, 5, 130, 0, 0, 8121.09, 2, 0, 0, 0.20, 557, 92, 7843.75, 20790, 20080
1694981142, 0, 5, 130, 0, 0, 8121.09, 2, 0, 0, 0.18, 558, 92, 7843.75, 20790, 20080
1694981149, 0, 5, 130, 0, 0, 8121.09, 2, 0, 0, 0.16, 559, 92, 7843.75, 20790, 20080
1694981155, 0, 5, 130, 0, 0, 8121.09, 2, 0, 0, 0.15, 560, 92, 7843.75, 20790, 20080
1694981162, 0, 5, 130, 0, 0, 8121.09, 2, 0, 0, 0.15, 561, 92, 7843.75, 20790, 20080
1694981168, 0, 5, 130, 0, 0, 8121.09, 2, 0, 0, 0.17, 562, 92, 7843.75, 20790, 20080
1694981175, 0, 5, 130, 0, 0, 8121.09, 2, 0, 0, 0.14, 563, 92, 7843.75, 20790, 20080
1694981181, 0, 5, 130, 0, 0, 8121.09, 2, 0, 0, 0.16, 564, 92, 7843.75, 20790, 20080
1694981186, 0, 5, 130, 0, 0, 8121.09, 2, 0, 0, 0.21, 565, 92, 7843.75, 20790, 20080
1694981192, 0, 5, 130, 0, 0, 8121.09, 2, 0, 0, 0.17, 566, 92, 7843.75, 20790, 20080
1694981199, 0, 5, 130, 0, 0, 8121.09, 2, 0, 0, 0.14, 567, 92, 7843.75, 20790, 20080
1694981204, 0, 5, 130, 0, 0, 8121.09, 2, 0, 0, 0.18, 568, 92, 7843.75, 20790, 20080
1694981211, 0, 5, 130, 0, 0, 8121.09, 2, 0, 0, 0.15, 569, 92, 7843.75, 20790, 20080
1694981218, 0, 5, 130, 0, 0, 8121.09, 2, 0, 0, 0.15, 570, 92, 7843.75, 20790, 20080
1694981224, 0, 5, 130, 0, 0, 8121.09, 2, 0, 0, 0.17, 571, 92, 7843.75, 20790, 20080
1694981230, 0, 5, 130, 0, 0, 8121.09, 2, 0, 0, 0.16, 572, 92, 7843.75, 20790, 20080
1694981236, 0, 5, 130, 0, 0, 8121.09, 2, 0, 0, 0.16, 573, 92, 7843.75, 20790, 20080
1694981242, 0, 5, 130, 0, 0, 8121.09, 2, 0, 0, 0.17, 574, 92, 7843.75, 20790, 20080
1694981249, 0, 5, 130, 0, 0, 8121.09, 2, 0, 0, 0.14, 575, 92, 7843.75, 20790, 20080
1694981255, 0, 5, 130, 0, 0, 8121.09, 2, 0, 0, 0.16, 576, 92, 7843.75, 20790, 20080
1694981261, 0, 5, 130, 0, 0, 8121.09, 2, 0, 0, 0.17, 577, 92, 7843.75, 20790, 20080
1694981266, 0, 5, 130, 0, 0, 8121.09, 2, 0, 0, 0.19, 578, 92, 7843.75, 20790, 20080
1694981274, 0, 5, 130, 0, 0, 8121.09, 2, 0, 0, 0.14, 579, 92, 7843.75, 20790, 20080
1694981280, 0, 5, 131, 0, 0, 8121.88, 2, 0, 0, 0.15, 580, 92, 7844.53, 20792, 20082
1694981287, 0, 5, 131, 0, 0, 8121.88, 2, 0, 0, 0.14, 581, 92, 7844.53, 20792, 20082
1694981293, 0, 5, 131, 0, 0, 8121.88, 2, 0, 0, 0.16, 582, 92, 7844.53, 20792, 20082
1694981300, 0, 5, 131, 0, 0, 8121.88, 2, 0, 0, 0.15, 583, 92, 7844.53, 20792, 20082
1694981305, 0, 5, 131, 0, 0, 8121.88, 2, 0, 0, 0.19, 584, 92, 7844.53, 20792, 20082
1694981310, 0, 5, 131, 0, 0, 8121.88, 2, 0, 0, 0.21, 585, 92, 7844.53, 20792, 20082
1694981316, 0, 5, 131, 0, 0, 8121.88, 2, 0, 0, 0.16, 586, 92, 7844.53, 20792, 20082
1694981324, 0, 5, 131, 0, 0, 8121.88, 2, 0, 0, 0.13, 587, 92, 7844.53, 20792, 20082
1694981329, 0, 5, 131, 0, 0, 8121.88, 2, 0, 0, 0.17, 588, 92, 7844.53, 20792, 20082
1694981335, 0, 5, 131, 0, 0, 8121.88, 2, 0, 0, 0.17, 589, 92, 7844.53, 20792, 20082
1694981341, 0, 5, 131, 0, 0, 8121.88, 2, 0, 0, 0.19, 590, 92, 7844.53, 20792, 20082
1694981349, 0, 5, 131, 0, 0, 8121.88, 2, 0, 0, 0.13, 591, 92, 7844.53, 20792, 20082
1694981355, 0, 5, 131, 0, 0, 8121.88, 2, 0, 0, 0.15, 592, 92, 7844.53, 20792, 20082
1694981363, 0, 5, 131, 0, 0, 8121.88, 2, 0, 0, 0.13, 593, 92, 7844.53, 20792, 20082
1694981371, 0, 5, 131, 0, 0, 8121.88, 2, 0, 0, 0.13, 594, 92, 7844.53, 20792, 20082
1694981378, 0, 5, 131, 0, 0, 8121.88, 2, 0, 0, 0.14, 595, 92, 7844.53, 20792, 20082
1694981384, 0, 5, 131, 0, 0, 8121.88, 2, 0, 0, 0.16, 596, 92, 7844.53, 20792, 20082
1694981389, 0, 5, 131, 0, 0, 8121.88, 2, 0, 0, 0.21, 597, 92, 7844.53, 20792, 20082
1694981395, 0, 5, 131, 0, 0, 8121.88, 2, 0, 0, 0.16, 598, 92, 7844.53, 20792, 20082
1694981402, 0, 5, 131, 0, 0, 8121.88, 2, 0, 0, 0.15, 599, 92, 7844.53, 20792, 20082
1694981409, 0, 5, 131, 0, 0, 8121.88, 2, 0, 0, 0.14, 600, 92, 7844.53, 20792, 20082
1694981415, 0, 5, 131, 0, 0, 8121.88, 2, 0, 0, 0.18, 601, 92, 7844.53, 20792, 20082
1694981420, 0, 5, 131, 0, 0, 8121.88, 2, 0, 0, 0.21, 602, 92, 7844.53, 20792, 20082
1694981427, 0, 5, 131, 0, 0, 8121.88, 2, 0, 0, 0.14, 603, 92, 7844.53, 20792, 20082
1694981433, 0, 5, 131, 0, 0, 8121.88, 2, 0, 0, 0.18, 604, 92, 7844.53, 20792, 20082
1694981440, 0, 5, 131, 0, 0, 8121.88, 2, 0, 0, 0.13, 605, 92, 7844.53, 20792, 20082
1694981447, 0, 5, 131, 0, 0, 8121.88, 2, 0, 0, 0.14, 606, 92, 7844.53, 20792, 20082
1694981455, 0, 5, 131, 0, 0, 8121.88, 2, 0, 0, 0.13, 607, 92, 7844.53, 20792, 20082
1694981461, 0, 5, 131, 0, 0, 8121.88, 2, 0, 0, 0.15, 608, 92, 7844.53, 20792, 20082
1694981468, 0, 5, 131, 0, 0, 8121.88, 2, 0, 0, 0.15, 609, 92, 7844.53, 20792, 20082
1694981475, 0, 5, 131, 0, 0, 8121.88, 2, 0, 0, 0.14, 610, 92, 7844.53, 20792, 20082
1694981482, 0, 5, 131, 0, 0, 8121.88, 2, 0, 0, 0.15, 611, 92, 7844.53, 20792, 20082
1694981490, 0, 5, 131, 0, 0, 8121.88, 2, 0, 0, 0.13, 612, 92, 7844.53, 20792, 20082
1694981495, 0, 5, 131, 0, 0, 8121.88, 2, 0, 0, 0.20, 613, 92, 7844.53, 20792, 20082
1694981503, 0, 5, 132, 0, 0, 8121.88, 2, 0, 0, 0.13, 614, 92, 7844.53, 20792, 20082
1694981511, 0, 5, 132, 0, 0, 8121.88, 2, 0, 0, 0.12, 615, 92, 7844.53, 20792, 20082
1694981516, 0, 5, 132, 0, 0, 8121.88, 2, 0, 0, 0.18, 616, 92, 7844.53, 20792, 20082
1694981522, 0, 5, 132, 0, 0, 8121.88, 2, 0, 0, 0.16, 617, 92, 7844.53, 20792, 20082
1694981530, 0, 5, 132, 0, 0, 8121.88, 2, 0, 0, 0.14, 618, 92, 7844.53, 20792, 20082
1694981537, 0, 5, 132, 0, 0, 8121.88, 2, 0, 0, 0.14, 619, 92, 7844.53, 20792, 20082
1694981543, 0, 5, 132, 0, 0, 8121.88, 2, 0, 0, 0.15, 620, 92, 7844.53, 20792, 20082
1694981550, 0, 5, 133, 0, 0, 8121.88, 2, 0, 0, 0.15, 621, 92, 7844.53, 20792, 20082
1694981558, 0, 5, 133, 0, 0, 8121.88, 2, 0, 0, 0.13, 622, 92, 7844.53, 20792, 20082
1694981566, 0, 5, 133, 0, 0, 8121.88, 2, 0, 0, 0.13, 623, 92, 7844.53, 20792, 20082
1694981574, 0, 5, 133, 0, 0, 8121.88, 2, 0, 0, 0.12, 624, 92, 7844.53, 20792, 20082
1694981581, 0, 5, 133, 0, 0, 8121.88, 2, 0, 0, 0.13, 625, 92, 7844.53, 20792, 20082
1694981588, 0, 5, 133, 0, 0, 8121.88, 2, 0, 0, 0.14, 626, 92, 7844.53, 20792, 20082
1694981597, 0, 5, 133, 0, 0, 8121.88, 2, 0, 0, 0.12, 627, 92, 7844.53, 20792, 20082
1694981605, 0, 5, 133, 0, 0, 8121.88, 2, 0, 0, 0.13, 628, 92, 7844.53, 20792, 20082
1694981613, 0, 5, 133, 0, 0, 8121.88, 2, 0, 0, 0.12, 629, 92, 7844.53, 20792, 20082
1694981621, 0, 5, 133, 0, 0, 8121.88, 2, 0, 0, 0.13, 630, 92, 7844.53, 20792, 20082
1694981628, 0, 5, 133, 0, 0, 8121.88, 2, 0, 0, 0.14, 631, 92, 7844.53, 20792, 20082
1694981635, 0, 5, 133, 0, 0, 8121.88, 2, 0, 0, 0.14, 632, 92, 7844.53, 20792, 20082
1694981640, 0, 5, 133, 0, 0, 8121.88, 2, 0, 0, 0.18, 633, 92, 7844.53, 20792, 20082
1694981649, 0, 5, 133, 0, 0, 8121.88, 2, 0, 0, 0.12, 634, 92, 7844.53, 20792, 20082
1694981656, 0, 5, 133, 0, 0, 8121.88, 2, 0, 0, 0.14, 635, 92, 7844.53, 20792, 20082
1694981663, 0, 5, 133, 0, 0, 8121.88, 2, 0, 0, 0.14, 636, 92, 7844.53, 20792, 20082
1694981671, 0, 5, 133, 0, 0, 8121.88, 2, 0, 0, 0.13, 637, 92, 7844.53, 20792, 20082
1694981677, 0, 5, 133, 0, 0, 8121.88, 2, 0, 0, 0.15, 638, 92, 7844.53, 20792, 20082
1694981683, 0, 5, 133, 0, 0, 8121.88, 2, 0, 0, 0.18, 639, 92, 7844.53, 20792, 20082
1694981688, 0, 5, 133, 0, 0, 8121.88, 2, 0, 0, 0.18, 640, 92, 7844.53, 20792, 20082
1694981695, 0, 5, 133, 0, 0, 8121.88, 2, 0, 0, 0.15, 641, 92, 7844.53, 20792, 20082
1694981702, 0, 5, 133, 0, 0, 8121.88, 2, 0, 0, 0.14, 642, 92, 7844.53, 20792, 20082
1694981709, 0, 5, 133, 0, 0, 8121.88, 2, 0, 0, 0.15, 643, 92, 7844.53, 20792, 20082
1694981714, 0, 5, 133, 0, 0, 8121.88, 2, 0, 0, 0.19, 644, 92, 7844.53, 20792, 20082
1694981720, 0, 5, 133, 0, 0, 8121.88, 2, 0, 0, 0.17, 645, 92, 7844.53, 20792, 20082
1694981727, 0, 5, 133, 0, 0, 8121.88, 2, 0, 0, 0.15, 646, 92, 7844.53, 20792, 20082
1694981734, 0, 5, 133, 0, 0, 8121.88, 2, 0, 0, 0.14, 647, 92, 7844.53, 20792, 20082
1694981740, 0, 5, 134, 0, 0, 8121.88, 2, 0, 0, 0.16, 648, 92, 7844.53, 20792, 20082
1694981747, 0, 5, 134, 0, 0, 8121.88, 2, 0, 0, 0.14, 649, 92, 7844.53, 20792, 20082
1694981755, 0, 5, 135, 0, 0, 8121.88, 2, 0, 0, 0.13, 650, 92, 7844.53, 20792, 20082
1694981761, 0, 5, 136, 0, 0, 8121.88, 2, 0, 0, 0.15, 651, 92, 7844.53, 20792, 20082
1694981769, 0, 5, 137, 0, 0, 8121.88, 2, 0, 0, 0.14, 652, 92, 7844.53, 20792, 20082
1694981774, 0, 5, 137, 0, 0, 8121.88, 2, 0, 0, 0.17, 653, 92, 7844.53, 20792, 20082
1694981782, 0, 5, 137, 0, 0, 8121.88, 2, 0, 0, 0.13, 654, 92, 7844.53, 20792, 20082
1694981789, 0, 5, 137, 0, 0, 8121.88, 2, 0, 0, 0.13, 655, 92, 7844.53, 20792, 20082
1694981796, 0, 5, 137, 0, 0, 8121.88, 2, 0, 0, 0.14, 656, 92, 7844.53, 20792, 20082
1694981804, 0, 5, 138, 0, 0, 8121.88, 2, 0, 0, 0.13, 657, 92, 7844.53, 20792, 20082
1694981811, 0, 5, 139, 0, 0, 8121.88, 2, 0, 0, 0.14, 658, 92, 7844.53, 20792, 20082
1694981818, 0, 5, 139, 0, 0, 8121.88, 2, 0, 0, 0.14, 659, 92, 7844.53, 20792, 20082
1694981824, 0, 5, 140, 0, 0, 8121.88, 2, 0, 0, 0.18, 660, 92, 7844.53, 20792, 20082
1694981831, 0, 5, 140, 0, 0, 8121.88, 2, 0, 0, 0.14, 661, 92, 7844.53, 20792, 20082
1694981837, 0, 5, 140, 0, 0, 8121.88, 2, 0, 0, 0.15, 662, 92, 7844.53, 20792, 20082
1694981844, 0, 5, 140, 0, 0, 8121.88, 2, 0, 0, 0.15, 663, 92, 7844.53, 20792, 20082
1694981848, 0, 5, 140, 0, 0, 8121.88, 2, 0, 0, 0.26, 664, 92, 7844.53, 20792, 20082
1694981854, 0, 5, 140, 0, 0, 8121.88, 2, 0, 0, 0.16, 665, 92, 7844.53, 20792, 20082
1694981860, 0, 5, 140, 0, 0, 8121.88, 2, 0, 0, 0.18, 666, 92, 7844.53, 20792, 20082
1694981867, 0, 5, 140, 0, 0, 8121.88, 2, 0, 0, 0.15, 667, 92, 7844.53, 20792, 20082
1694981873, 0, 5, 140, 0, 0, 8121.88, 2, 0, 0, 0.16, 668, 92, 7844.53, 20792, 20082
1694981880, 0, 5, 141, 0, 0, 8121.88, 2, 0, 0, 0.15, 669, 92, 7844.53, 20792, 20082
1694981886, 0, 5, 141, 0, 0, 8121.88, 2, 0, 0, 0.16, 670, 92, 7844.53, 20792, 20082
1694981892, 0, 5, 141, 0, 0, 8121.88, 2, 0, 0, 0.16, 671, 92, 7844.53, 20792, 20082
1694981899, 0, 5, 141, 0, 0, 8121.88, 2, 0, 0, 0.15, 672, 92, 7844.53, 20792, 20082
1694981906, 0, 5, 141, 0, 0, 8121.88, 2, 0, 0, 0.15, 673, 92, 7844.53, 20792, 20082
1694981913, 0, 5, 141, 0, 0, 8121.88, 2, 0, 0, 0.13, 674, 92, 7844.53, 20792, 20082
1694981918, 0, 5, 141, 0, 0, 8121.88, 2, 0, 0, 0.19, 675, 92, 7844.53, 20792, 20082
1694981925, 0, 5, 142, 0, 0, 8121.88, 2, 0, 0, 0.16, 676, 92, 7844.53, 20792, 20082
1694981932, 0, 5, 142, 0, 0, 8121.88, 2, 0, 0, 0.14, 677, 92, 7844.53, 20792, 20082
1694981938, 0, 5, 142, 0, 0, 8121.88, 2, 0, 0, 0.16, 678, 92, 7844.53, 20792, 20082
1694981944, 0, 5, 142, 0, 0, 8121.88, 2, 0, 0, 0.15, 679, 92, 7844.53, 20792, 20082
1694981951, 0, 5, 142, 0, 0, 8121.88, 2, 0, 0, 0.16, 680, 92, 7844.53, 20792, 20082
1694981956, 0, 5, 143, 0, 0, 8121.88, 2, 0, 0, 0.18, 681, 92, 7844.53, 20792, 20082
1694981962, 0, 5, 143, 0, 0, 8121.88, 2, 0, 0, 0.17, 682, 92, 7844.53, 20792, 20082
1694981970, 0, 5, 143, 0, 0, 8121.88, 2, 0, 0, 0.14, 683, 92, 7844.53, 20792, 20082
1694981976, 0, 5, 143, 0, 0, 8121.88, 2, 0, 0, 0.16, 684, 92, 7844.53, 20792, 20082
1694981982, 0, 5, 143, 0, 0, 8121.88, 2, 0, 0, 0.16, 685, 92, 7844.53, 20792, 20082
1694981988, 0, 5, 143, 0, 0, 8121.88, 2, 0, 0, 0.18, 686, 92, 7844.53, 20792, 20082
1694981995, 0, 5, 144, 0, 0, 8121.88, 2, 0, 0, 0.14, 687, 92, 7844.53, 20792, 20082
1694982002, 0, 5, 144, 0, 0, 8121.88, 2, 0, 0, 0.15, 688, 92, 7844.53, 20792, 20082
1694982008, 0, 5, 144, 0, 0, 8121.88, 2, 0, 0, 0.17, 689, 92, 7844.53, 20792, 20082
1694982015, 0, 5, 145, 0, 0, 8121.88, 2, 0, 0, 0.15, 690, 92, 7844.53, 20792, 20082
1694982021, 0, 5, 146, 0, 0, 8121.88, 2, 0, 0, 0.15, 691, 92, 7844.53, 20792, 20082
1694982030, 0, 5, 147, 0, 0, 8121.88, 2, 0, 0, 0.12, 692, 92, 7844.53, 20792, 20082
1694982038, 0, 5, 148, 0, 0, 8121.88, 2, 0, 0, 0.13, 693, 92, 7844.53, 20792, 20082
1694982044, 0, 5, 148, 0, 0, 8121.88, 2, 0, 0, 0.16, 694, 92, 7844.53, 20792, 20082
1694982051, 0, 5, 148, 0, 0, 8121.88, 2, 0, 0, 0.14, 695, 92, 7844.53, 20792, 20082
1694982056, 0, 5, 148, 0, 0, 8121.88, 2, 0, 0, 0.19, 696, 92, 7844.53, 20792, 20082
1694982063, 0, 5, 148, 0, 0, 8121.88, 2, 0, 0, 0.14, 697, 92, 7844.53, 20792, 20082
1694982071, 0, 5, 148, 0, 0, 8121.88, 2, 0, 0, 0.13, 698, 92, 7844.53, 20792, 20082
1694982078, 0, 5, 148, 0, 0, 8121.88, 2, 0, 0, 0.15, 699, 92, 7844.53, 20792, 20082
1694982084, 0, 5, 148, 0, 0, 8121.88, 2, 0, 0, 0.15, 700, 92, 7844.53, 20792, 20082
1694982091, 0, 5, 148, 0, 0, 8121.88, 2, 0, 0, 0.15, 701, 92, 7844.53, 20792, 20082
1694982099, 0, 5, 148, 0, 0, 8121.88, 2, 0, 0, 0.13, 702, 92, 7844.53, 20792, 20082
1694982106, 0, 5, 148, 0, 0, 8121.88, 2, 0, 0, 0.14, 703, 92, 7844.53, 20792, 20082
1694982114, 0, 5, 148, 0, 0, 8121.88, 2, 0, 0, 0.12, 704, 92, 7844.53, 20792, 20082
1694982121, 0, 5, 148, 0, 0, 8121.88, 2, 0, 0, 0.13, 705, 92, 7844.53, 20792, 20082
1694982129, 0, 5, 148, 0, 0, 8121.88, 2, 0, 0, 0.14, 706, 92, 7844.53, 20792, 20082
1694982134, 0, 5, 148, 0, 0, 8121.88, 2, 0, 0, 0.17, 707, 92, 7844.53, 20792, 20082
1694982141, 0, 5, 148, 0, 0, 8121.88, 2, 0, 0, 0.15, 708, 92, 7844.53, 20792, 20082
1694982150, 0, 5, 148, 0, 0, 8121.88, 2, 0, 0, 0.12, 709, 92, 7844.53, 20792, 20082
1694982157, 0, 5, 148, 0, 0, 8121.88, 2, 0, 0, 0.14, 710, 92, 7844.53, 20792, 20082
1694982162, 0, 5, 148, 0, 0, 8121.88, 2, 0, 0, 0.18, 711, 92, 7844.53, 20792, 20082
1694982168, 0, 5, 148, 0, 0, 8121.88, 2, 0, 0, 0.17, 712, 92, 7844.53, 20792, 20082
1694982175, 0, 5, 148, 0, 0, 8121.88, 2, 0, 0, 0.14, 713, 92, 7844.53, 20792, 20082
1694982183, 0, 5, 148, 0, 0, 8121.88, 2, 0, 0, 0.13, 714, 92, 7844.53, 20792, 20082
1694982190, 0, 5, 148, 0, 0, 8121.88, 2, 0, 0, 0.14, 715, 92, 7844.53, 20792, 20082
1694982197, 0, 5, 148, 0, 0, 8121.88, 2, 0, 0, 0.15, 716, 92, 7844.53, 20792, 20082
1694982205, 0, 5, 148, 0, 0, 8121.88, 2, 0, 0, 0.13, 717, 92, 7844.53, 20792, 20082
1694982212, 0, 5, 148, 0, 0, 8121.88, 2, 0, 0, 0.14, 718, 92, 7844.53, 20792, 20082
1694982220, 0, 5, 148, 0, 0, 8121.88, 2, 0, 0, 0.12, 719, 92, 7844.53, 20792, 20082
1694982227, 0, 5, 148, 0, 0, 8121.88, 2, 0, 0, 0.14, 720, 92, 7844.53, 20792, 20082
1694982234, 0, 5, 148, 0, 0, 8121.88, 2, 0, 0, 0.15, 721, 92, 7844.53, 20792, 20082
1694982240, 0, 5, 148, 0, 0, 8121.88, 2, 0, 0, 0.16, 722, 92, 7844.53, 20792, 20082
1694982246, 0, 5, 148, 0, 0, 8121.88, 2, 0, 0, 0.15, 723, 92, 7844.53, 20792, 20082
1694982254, 0, 5, 148, 0, 0, 8121.88, 2, 0, 0, 0.14, 724, 92, 7844.53, 20792, 20082
1694982259, 0, 5, 148, 0, 0, 8121.88, 2, 0, 0, 0.17, 725, 92, 7844.53, 20792, 20082
1694982268, 0, 5, 148, 0, 0, 8121.88, 2, 0, 0, 0.12, 726, 92, 7844.53, 20792, 20082
1694982276, 0, 5, 148, 0, 0, 8121.88, 2, 0, 0, 0.13, 727, 92, 7844.53, 20792, 20082
1694982282, 0, 5, 148, 0, 0, 8121.88, 2, 0, 0, 0.15, 728, 92, 7844.53, 20792, 20082
1694982289, 0, 5, 148, 0, 0, 8121.88, 2, 0, 0, 0.15, 729, 92, 7844.53, 20792, 20082
1694982296, 0, 5, 148, 0, 0, 8121.88, 2, 0, 0, 0.13, 730, 92, 7844.53, 20792, 20082
1694982302, 0, 5, 148, 0, 0, 8121.88, 2, 0, 0, 0.17, 731, 92, 7844.53, 20792, 20082
1694982309, 0, 5, 148, 0, 0, 8121.88, 2, 0, 0, 0.14, 732, 92, 7844.53, 20792, 20082
1694982316, 0, 5, 148, 0, 0, 8121.88, 2, 0, 0, 0.15, 733, 92, 7844.53, 20792, 20082
1694982322, 0, 5, 148, 0, 0, 8121.88, 2, 0, 0, 0.16, 734, 92, 7844.53, 20792, 20082
1694982330, 0, 5, 148, 0, 0, 8121.88, 2, 0, 0, 0.12, 735, 92, 7844.53, 20792, 20082
1694982338, 0, 5, 148, 0, 0, 8121.88, 2, 0, 0, 0.13, 736, 92, 7844.53, 20792, 20082
1694982344, 0, 5, 148, 0, 0, 8121.88, 2, 0, 0, 0.16, 737, 92, 7844.53, 20792, 20082
1694982350, 0, 5, 148, 0, 0, 8121.88, 2, 0, 0, 0.17, 738, 92, 7844.53, 20792, 20082
1694982350, 0, 5, 148, 0, 0, 8121.88, 2, 0, 0, 0.00, 738, 92, 7844.53, 20792, 20082
