# unix_time, cycles_done, cur_path, paths_total, pending_total, pending_favs, map_size, unique_crashes, unique_hangs, max_depth, execs_per_sec, valid_inputs, invalid_inputs, valid_cov, all_covered_probes, valid_covered_probes
1695261877, 0, 0, 1, 0, 0, 763.67, 0, 0, 0, 0.80, 1, 0, 763.67, 1955, 1955
1695261887, 0, 0, 6, 0, 0, 7568.75, 0, 0, 0, 0.69, 5, 3, 7389.84, 19376, 18918
1695261887, 0, 0, 9, 0, 0, 7685.94, 0, 0, 0, 8.22, 5, 6, 7389.84, 19676, 18918
1695261891, 0, 0, 10, 0, 0, 7689.84, 1, 0, 0, 0.59, 5, 8, 7389.84, 19686, 18918
1695261896, 0, 0, 12, 0, 0, 7894.14, 2, 0, 0, 0.56, 7, 9, 7617.97, 20209, 19502
1695261900, 0, 0, 14, 0, 0, 7974.22, 2, 0, 0, 2.79, 13, 14, 7698.44, 20414, 19708
1695261912, 0, 0, 17, 0, 0, 8056.25, 2, 0, 0, 0.67, 18, 17, 7777.73, 20624, 19911
1695261912, 0, 0, 19, 0, 0, 8057.81, 2, 0, 0, 26.67, 23, 20, 7777.73, 20628, 19911
1695261920, 0, 0, 20, 0, 0, 8064.45, 2, 0, 0, 0.26, 24, 21, 7784.38, 20645, 19928
1695261925, 0, 0, 21, 0, 0, 8192.19, 2, 0, 0, 0.23, 25, 21, 7912.11, 20972, 20255
1695261931, 0, 0, 21, 0, 0, 8192.19, 2, 0, 0, 1.14, 29, 24, 7912.11, 20972, 20255
1695261935, 0, 0, 21, 0, 0, 8192.19, 3, 0, 0, 2.80, 36, 29, 7912.11, 20972, 20255
1695261941, 0, 0, 21, 0, 0, 8192.19, 3, 0, 0, 0.34, 38, 29, 7912.11, 20972, 20255
1695261941, 0, 0, 21, 0, 0, 8192.19, 3, 0, 0, 46.67, 46, 35, 7912.11, 20972, 20255
1695261945, 0, 0, 21, 0, 0, 8192.19, 3, 0, 0, 1.43, 49, 38, 7912.11, 20972, 20255
1695261949, 0, 0, 21, 0, 0, 8192.19, 3, 0, 0, 1.56, 53, 40, 7912.11, 20972, 20255
1695261955, 0, 0, 21, 0, 0, 8192.19, 3, 0, 0, 0.51, 56, 40, 7912.11, 20972, 20255
1695261958, 0, 0, 21, 0, 0, 8192.19, 3, 0, 0, 2.37, 59, 43, 7912.11, 20972, 20255
1695261962, 0, 0, 21, 0, 0, 8192.19, 3, 0, 0, 0.47, 61, 43, 7912.11, 20972, 20255
1695261965, 0, 0, 22, 0, 0, 8230.47, 3, 0, 0, 4.24, 71, 47, 7950.39, 21070, 20353
1695261966, 0, 0, 22, 0, 0, 8230.47, 3, 0, 0, 74.85, 87, 56, 7950.39, 21070, 20353
1695261969, 0, 0, 23, 0, 0, 8233.59, 3, 0, 0, 3.55, 93, 63, 7953.52, 21078, 20361
1695261976, 0, 0, 23, 0, 0, 8233.59, 3, 0, 0, 0.28, 94, 64, 7953.52, 21078, 20361
1695261981, 0, 0, 24, 0, 0, 8260.55, 3, 0, 0, 1.59, 98, 67, 7980.47, 21147, 20430
1695261985, 0, 0, 24, 0, 0, 8260.55, 3, 0, 0, 2.78, 106, 70, 7980.47, 21147, 20430
1695261994, 0, 0, 24, 0, 0, 8260.55, 3, 0, 0, 0.53, 109, 72, 7980.47, 21147, 20430
1695261996, 0, 0, 24, 0, 0, 8260.55, 3, 0, 0, 0.85, 110, 73, 7980.47, 21147, 20430
1695262000, 0, 0, 25, 0, 0, 8267.19, 3, 0, 0, 4.14, 116, 81, 7987.11, 21164, 20447
1695262020, 0, 0, 26, 0, 0, 8269.14, 3, 0, 0, 0.15, 118, 82, 7989.06, 21169, 20452
1695262024, 0, 0, 26, 0, 0, 8269.14, 3, 0, 0, 0.63, 120, 83, 7989.06, 21169, 20452
1695262027, 0, 0, 27, 0, 0, 8269.53, 3, 0, 0, 0.35, 121, 83, 7989.45, 21170, 20453
1695262029, 0, 0, 27, 0, 0, 8269.53, 3, 0, 0, 2.87, 126, 84, 7989.45, 21170, 20453
1695262036, 0, 0, 27, 0, 0, 8269.53, 3, 0, 0, 0.15, 127, 84, 7989.45, 21170, 20453
1695262039, 0, 0, 27, 0, 0, 8269.53, 3, 0, 0, 1.77, 132, 85, 7989.45, 21170, 20453
1695262042, 0, 0, 27, 0, 0, 8269.53, 3, 0, 0, 1.98, 136, 87, 7989.45, 21170, 20453
1695262046, 0, 0, 27, 0, 0, 8269.53, 3, 0, 0, 4.58, 144, 94, 7989.45, 21170, 20453
1695262049, 0, 0, 27, 0, 0, 8269.53, 3, 0, 0, 0.36, 145, 94, 7989.45, 21170, 20453
1695262051, 0, 0, 27, 0, 0, 8269.53, 3, 0, 0, 4.01, 148, 99, 7989.45, 21170, 20453
1695262053, 0, 0, 27, 0, 0, 8269.53, 3, 0, 0, 8.65, 161, 107, 7989.45, 21170, 20453
1695262055, 0, 0, 27, 0, 0, 8269.53, 3, 0, 0, 2.55, 165, 108, 7989.45, 21170, 20453
1695262061, 0, 0, 27, 0, 0, 8269.53, 3, 0, 0, 1.28, 169, 112, 7989.45, 21170, 20453
1695262063, 0, 0, 27, 0, 0, 8269.53, 3, 0, 0, 0.45, 170, 112, 7989.45, 21170, 20453
1695262066, 0, 0, 27, 0, 0, 8269.53, 3, 0, 0, 0.78, 171, 113, 7989.45, 21170, 20453
1695262070, 0, 0, 27, 0, 0, 8269.53, 3, 0, 0, 2.72, 177, 119, 7989.45, 21170, 20453
1695262072, 0, 0, 28, 0, 0, 8275.00, 3, 0, 0, 11.54, 190, 129, 7994.92, 21184, 20467
1695262076, 0, 0, 28, 0, 0, 8275.00, 3, 0, 0, 3.44, 196, 136, 7994.92, 21184, 20467
1695262079, 0, 0, 28, 0, 0, 8275.00, 3, 0, 0, 0.39, 197, 136, 7994.92, 21184, 20467
1695262082, 0, 0, 28, 0, 0, 8275.00, 3, 0, 0, 0.82, 200, 136, 7994.92, 21184, 20467
1695262084, 0, 0, 28, 0, 0, 8275.00, 3, 0, 0, 1.05, 201, 137, 7994.92, 21184, 20467
1695262089, 0, 0, 28, 0, 0, 8275.00, 3, 0, 0, 9.67, 226, 154, 7994.92, 21184, 20467
1695262093, 0, 0, 28, 0, 0, 8275.00, 3, 0, 0, 0.25, 227, 154, 7994.92, 21184, 20467
1695262095, 0, 0, 28, 0, 0, 8275.00, 3, 0, 0, 0.45, 228, 154, 7994.92, 21184, 20467
1695262097, 0, 0, 28, 0, 0, 8275.00, 3, 0, 0, 6.05, 233, 162, 7994.92, 21184, 20467
1695262099, 0, 0, 28, 0, 0, 8275.00, 3, 0, 0, 2.24, 236, 163, 7994.92, 21184, 20467
1695262103, 0, 0, 28, 0, 0, 8275.00, 3, 0, 0, 0.51, 237, 164, 7994.92, 21184, 20467
1695262106, 0, 0, 28, 0, 0, 8275.00, 3, 0, 0, 1.34, 239, 166, 7994.92, 21184, 20467
1695262122, 0, 0, 28, 0, 0, 8275.00, 3, 0, 0, 0.25, 241, 168, 7994.92, 21184, 20467
1695262124, 0, 0, 28, 0, 0, 8275.00, 3, 0, 0, 9.10, 254, 173, 7994.92, 21184, 20467
1695262126, 0, 0, 29, 0, 0, 8275.78, 3, 0, 0, 1.37, 256, 174, 7994.92, 21186, 20467
1695262128, 0, 0, 29, 0, 0, 8275.78, 3, 0, 0, 3.51, 260, 177, 7994.92, 21186, 20467
1695262130, 0, 0, 29, 0, 0, 8275.78, 3, 0, 0, 0.38, 261, 177, 7994.92, 21186, 20467
1695262135, 0, 0, 29, 0, 0, 8275.78, 3, 0, 0, 1.22, 265, 178, 7994.92, 21186, 20467
1695262137, 0, 0, 29, 0, 0, 8275.78, 3, 0, 0, 1.56, 266, 180, 7994.92, 21186, 20467
1695262141, 0, 0, 29, 0, 0, 8275.78, 3, 0, 0, 0.85, 268, 182, 7994.92, 21186, 20467
1695262147, 0, 0, 29, 0, 0, 8275.78, 3, 0, 0, 2.67, 278, 188, 7994.92, 21186, 20467
1695262150, 0, 0, 29, 0, 0, 8275.78, 3, 0, 0, 2.57, 282, 190, 7994.92, 21186, 20467
1695262152, 0, 0, 29, 0, 0, 8275.78, 3, 0, 0, 3.10, 288, 193, 7994.92, 21186, 20467
1695262154, 0, 0, 29, 0, 0, 8275.78, 3, 0, 0, 3.08, 293, 194, 7994.92, 21186, 20467
1695262157, 0, 0, 29, 0, 0, 8275.78, 3, 0, 0, 3.46, 299, 197, 7994.92, 21186, 20467
1695262161, 0, 0, 29, 0, 0, 8275.78, 3, 0, 0, 2.43, 306, 199, 7994.92, 21186, 20467
1695262163, 0, 0, 29, 0, 0, 8275.78, 3, 0, 0, 6.10, 313, 204, 7994.92, 21186, 20467
1695262165, 0, 0, 29, 0, 0, 8275.78, 3, 0, 0, 0.93, 315, 204, 7994.92, 21186, 20467
1695262170, 0, 0, 29, 0, 0, 8275.78, 3, 0, 0, 6.19, 339, 211, 7994.92, 21186, 20467
1695262173, 0, 0, 29, 0, 0, 8275.78, 3, 0, 0, 3.96, 346, 217, 7994.92, 21186, 20467
1695262175, 0, 0, 29, 0, 0, 8275.78, 3, 0, 0, 5.17, 352, 221, 7994.92, 21186, 20467
1695262177, 0, 0, 29, 0, 0, 8275.78, 3, 0, 0, 10.40, 367, 227, 7994.92, 21186, 20467
1695262179, 0, 0, 29, 0, 0, 8275.78, 3, 0, 0, 0.46, 368, 227, 7994.92, 21186, 20467
1695262182, 0, 0, 29, 0, 0, 8275.78, 3, 0, 0, 7.55, 377, 238, 7994.92, 21186, 20467
1695262188, 0, 0, 29, 0, 0, 8275.78, 3, 0, 0, 1.37, 380, 244, 7994.92, 21186, 20467
1695262210, 0, 0, 30, 0, 0, 8292.19, 3, 0, 0, 0.09, 381, 245, 8011.33, 21228, 20509
1695262212, 0, 0, 30, 0, 0, 8292.19, 3, 0, 0, 0.50, 382, 245, 8011.33, 21228, 20509
1695262216, 0, 0, 30, 0, 0, 8292.19, 3, 0, 0, 2.36, 389, 247, 8011.33, 21228, 20509
1695262221, 0, 0, 30, 0, 0, 8292.19, 3, 0, 0, 1.81, 393, 252, 8011.33, 21228, 20509
1695262223, 0, 0, 30, 0, 0, 8292.19, 3, 0, 0, 1.57, 396, 252, 8011.33, 21228, 20509
1695262231, 0, 0, 30, 0, 0, 8292.19, 3, 0, 0, 0.25, 397, 253, 8011.33, 21228, 20509
1695262234, 0, 0, 30, 0, 0, 8292.19, 3, 0, 0, 1.60, 400, 254, 8011.33, 21228, 20509
1695262235, 0, 0, 30, 0, 0, 8292.19, 3, 0, 0, 3.14, 403, 257, 8011.33, 21228, 20509
1695262241, 0, 0, 30, 0, 0, 8292.19, 3, 0, 0, 2.73, 410, 264, 8011.33, 21228, 20509
1695262243, 0, 0, 30, 0, 0, 8292.19, 3, 0, 0, 0.72, 411, 265, 8011.33, 21228, 20509
1695262245, 0, 0, 30, 0, 0, 8292.19, 3, 0, 0, 1.47, 414, 265, 8011.33, 21228, 20509
1695262248, 0, 0, 30, 0, 0, 8292.19, 3, 0, 0, 6.69, 421, 272, 8011.33, 21228, 20509
1695262250, 0, 0, 30, 0, 0, 8292.19, 3, 0, 0, 5.62, 430, 275, 8011.33, 21228, 20509
1695262253, 0, 0, 30, 0, 0, 8292.19, 3, 0, 0, 3.81, 437, 279, 8011.33, 21228, 20509
1695262256, 0, 0, 30, 0, 0, 8292.19, 3, 0, 0, 1.98, 442, 281, 8011.33, 21228, 20509
1695262276, 0, 0, 30, 0, 0, 8292.19, 3, 0, 0, 0.05, 443, 281, 8011.33, 21228, 20509
1695262278, 0, 0, 30, 0, 0, 8292.19, 3, 0, 0, 4.68, 452, 283, 8011.33, 21228, 20509
1695262281, 0, 0, 30, 0, 0, 8292.19, 3, 0, 0, 1.67, 455, 284, 8011.33, 21228, 20509
1695262292, 0, 0, 30, 0, 0, 8292.19, 3, 0, 0, 0.45, 458, 286, 8011.33, 21228, 20509
1695262294, 0, 0, 30, 0, 0, 8292.19, 3, 0, 0, 6.30, 470, 287, 8011.33, 21228, 20509
1695262297, 0, 0, 30, 0, 0, 8292.19, 3, 0, 0, 0.72, 472, 287, 8011.33, 21228, 20509
1695262307, 0, 0, 30, 0, 0, 8292.19, 3, 0, 0, 0.10, 473, 287, 8011.33, 21228, 20509
1695262310, 0, 0, 30, 0, 0, 8292.19, 3, 0, 0, 1.77, 477, 288, 8011.33, 21228, 20509
1695262313, 0, 0, 30, 0, 0, 8292.19, 3, 0, 0, 5.52, 487, 297, 8011.33, 21228, 20509
1695262317, 0, 0, 30, 0, 0, 8292.19, 3, 0, 0, 1.05, 491, 297, 8011.33, 21228, 20509
1695262319, 0, 0, 30, 0, 0, 8292.19, 3, 0, 0, 1.91, 494, 298, 8011.33, 21228, 20509
1695262327, 0, 0, 30, 0, 0, 8292.19, 3, 0, 0, 0.68, 496, 301, 8011.33, 21228, 20509
1695262331, 0, 0, 30, 0, 0, 8292.19, 3, 0, 0, 3.52, 502, 310, 8011.33, 21228, 20509
1695262333, 0, 0, 30, 0, 0, 8292.19, 3, 0, 0, 1.45, 505, 310, 8011.33, 21228, 20509
1695262335, 0, 0, 30, 0, 0, 8292.19, 3, 0, 0, 1.60, 508, 310, 8011.33, 21228, 20509
1695262343, 0, 0, 30, 0, 0, 8292.19, 3, 0, 0, 1.73, 519, 314, 8011.33, 21228, 20509
1695262346, 0, 0, 30, 0, 0, 8292.19, 3, 0, 0, 0.73, 521, 314, 8011.33, 21228, 20509
1695262348, 0, 0, 30, 0, 0, 8292.19, 3, 0, 0, 3.31, 523, 318, 8011.33, 21228, 20509
1695262356, 0, 0, 30, 0, 0, 8292.19, 3, 0, 0, 0.26, 524, 319, 8011.33, 21228, 20509
1695262358, 0, 0, 30, 0, 0, 8292.19, 3, 0, 0, 1.06, 525, 320, 8011.33, 21228, 20509
1695262360, 0, 0, 30, 0, 0, 8292.19, 3, 0, 0, 3.14, 530, 321, 8011.33, 21228, 20509
1695262368, 0, 0, 30, 0, 0, 8292.19, 3, 0, 0, 0.12, 531, 321, 8011.33, 21228, 20509
1695262371, 0, 0, 30, 0, 0, 8292.19, 3, 0, 0, 0.34, 532, 321, 8011.33, 21228, 20509
1695262382, 0, 0, 30, 0, 0, 8292.19, 3, 0, 0, 0.81, 536, 326, 8011.33, 21228, 20509
1695262387, 0, 0, 30, 0, 0, 8292.19, 3, 0, 0, 8.48, 555, 344, 8011.33, 21228, 20509
1695262391, 0, 0, 30, 0, 0, 8292.19, 3, 0, 0, 9.33, 573, 365, 8011.33, 21228, 20509
1695262395, 0, 0, 30, 0, 0, 8292.19, 3, 0, 0, 4.12, 584, 370, 8011.33, 21228, 20509
1695262398, 0, 0, 30, 0, 0, 8292.19, 3, 0, 0, 0.70, 586, 370, 8011.33, 21228, 20509
1695262404, 0, 0, 30, 0, 0, 8292.19, 3, 0, 0, 1.43, 591, 374, 8011.33, 21228, 20509
1695262408, 0, 0, 30, 0, 0, 8292.19, 3, 0, 0, 1.89, 595, 378, 8011.33, 21228, 20509
1695262410, 0, 0, 30, 0, 0, 8292.19, 3, 0, 0, 4.05, 602, 380, 8011.33, 21228, 20509
1695262412, 0, 0, 30, 0, 0, 8292.19, 4, 0, 0, 1.61, 602, 383, 8011.33, 21228, 20509
1695262415, 0, 0, 30, 0, 0, 8292.19, 4, 0, 0, 3.24, 607, 386, 8011.33, 21228, 20509
1695262418, 0, 0, 30, 0, 0, 8292.19, 4, 0, 0, 0.27, 608, 386, 8011.33, 21228, 20509
1695262423, 0, 0, 30, 0, 0, 8292.19, 4, 0, 0, 0.21, 609, 386, 8011.33, 21228, 20509
1695262425, 0, 0, 30, 0, 0, 8292.19, 4, 0, 0, 7.19, 619, 394, 8011.33, 21228, 20509
1695262429, 0, 0, 30, 0, 0, 8292.19, 4, 0, 0, 1.29, 624, 394, 8011.33, 21228, 20509
1695262433, 0, 0, 30, 0, 0, 8292.19, 4, 0, 0, 1.07, 626, 396, 8011.33, 21228, 20509
1695262441, 0, 0, 30, 0, 0, 8292.19, 4, 0, 0, 0.12, 627, 396, 8011.33, 21228, 20509
1695262443, 0, 0, 30, 0, 0, 8292.19, 4, 0, 0, 1.30, 629, 397, 8011.33, 21228, 20509
1695262447, 0, 0, 30, 0, 0, 8292.19, 4, 0, 0, 0.28, 630, 397, 8011.33, 21228, 20509
1695262447, 0, 0, 30, 0, 0, 8292.19, 4, 0, 0, 33.61, 637, 402, 8011.33, 21228, 20509
1695262448, 0, 0, 30, 0, 0, 8292.19, 4, 0, 0, 63.69, 647, 412, 8011.33, 21228, 20509
1695262483, 0, 0, 30, 0, 0, 8292.19, 4, 0, 0, 0.37, 653, 419, 8011.33, 21228, 20509
1695262490, 0, 0, 30, 0, 0, 8292.19, 4, 0, 0, 0.61, 656, 420, 8011.33, 21228, 20509
1695262492, 0, 0, 30, 0, 0, 8292.19, 4, 0, 0, 0.46, 657, 420, 8011.33, 21228, 20509
1695262494, 0, 0, 30, 0, 0, 8292.19, 4, 0, 0, 1.13, 660, 420, 8011.33, 21228, 20509
1695262497, 0, 0, 30, 0, 0, 8292.19, 4, 0, 0, 4.98, 669, 425, 8011.33, 21228, 20509
1695262502, 0, 0, 30, 0, 0, 8292.19, 4, 0, 0, 0.23, 670, 425, 8011.33, 21228, 20509
1695262505, 0, 0, 31, 0, 0, 8292.97, 4, 0, 0, 0.29, 671, 425, 8012.11, 21230, 20511
1695262510, 0, 0, 31, 0, 0, 8292.97, 4, 0, 0, 1.38, 676, 427, 8012.11, 21230, 20511
1695262514, 0, 0, 31, 0, 0, 8292.97, 4, 0, 0, 1.04, 677, 430, 8012.11, 21230, 20511
1695262517, 0, 0, 31, 0, 0, 8292.97, 4, 0, 0, 2.46, 682, 432, 8012.11, 21230, 20511
1695262525, 0, 0, 31, 0, 0, 8292.97, 4, 0, 0, 0.88, 687, 434, 8012.11, 21230, 20511
1695262531, 0, 0, 31, 0, 0, 8292.97, 4, 0, 0, 0.30, 689, 434, 8012.11, 21230, 20511
1695262534, 0, 0, 31, 0, 0, 8292.97, 4, 0, 0, 0.98, 691, 434, 8012.11, 21230, 20511
1695262536, 0, 0, 31, 0, 0, 8292.97, 4, 0, 0, 3.95, 694, 439, 8012.11, 21230, 20511
1695262542, 0, 0, 31, 0, 0, 8292.97, 4, 0, 0, 1.15, 700, 440, 8012.11, 21230, 20511
1695262545, 0, 0, 31, 0, 0, 8292.97, 4, 0, 0, 1.31, 702, 442, 8012.11, 21230, 20511
1695262547, 0, 0, 31, 0, 0, 8292.97, 4, 0, 0, 6.64, 710, 448, 8012.11, 21230, 20511
1695262554, 0, 0, 31, 0, 0, 8292.97, 4, 0, 0, 0.14, 711, 448, 8012.11, 21230, 20511
1695262558, 0, 0, 31, 0, 0, 8292.97, 4, 0, 0, 0.54, 713, 448, 8012.11, 21230, 20511
1695262560, 0, 0, 31, 0, 0, 8292.97, 4, 0, 0, 7.49, 719, 457, 8012.11, 21230, 20511
1695262586, 0, 0, 31, 0, 0, 8292.97, 4, 0, 0, 0.15, 721, 459, 8012.11, 21230, 20511
1695262586, 0, 0, 31, 0, 0, 8292.97, 4, 0, 0, 60.42, 732, 468, 8012.11, 21230, 20511
1695262606, 0, 0, 31, 0, 0, 8292.97, 4, 0, 0, 0.05, 733, 468, 8012.11, 21230, 20511
1695262610, 0, 0, 31, 0, 0, 8292.97, 4, 0, 0, 2.82, 740, 474, 8012.11, 21230, 20511
1695262612, 0, 0, 31, 0, 0, 8292.97, 4, 0, 0, 1.45, 743, 474, 8012.11, 21230, 20511
1695262615, 0, 0, 31, 0, 0, 8292.97, 4, 0, 0, 2.58, 744, 479, 8012.11, 21230, 20511
1695262617, 0, 0, 31, 0, 0, 8292.97, 4, 0, 0, 3.00, 749, 482, 8012.11, 21230, 20511
1695262626, 0, 0, 31, 0, 0, 8292.97, 4, 0, 0, 0.12, 750, 482, 8012.11, 21230, 20511
1695262628, 0, 0, 31, 0, 0, 8292.97, 4, 0, 0, 0.44, 751, 482, 8012.11, 21230, 20511
1695262634, 0, 0, 31, 0, 0, 8292.97, 4, 0, 0, 1.93, 757, 487, 8012.11, 21230, 20511
1695262640, 0, 0, 31, 0, 0, 8292.97, 4, 0, 0, 1.49, 764, 489, 8012.11, 21230, 20511
1695262642, 0, 0, 31, 0, 0, 8292.97, 4, 0, 0, 0.44, 765, 489, 8012.11, 21230, 20511
1695262644, 0, 0, 31, 0, 0, 8292.97, 4, 0, 0, 3.64, 769, 493, 8012.11, 21230, 20511
1695262648, 0, 0, 31, 0, 0, 8292.97, 4, 0, 0, 0.30, 770, 493, 8012.11, 21230, 20511
1695262657, 0, 0, 31, 0, 0, 8292.97, 4, 0, 0, 0.32, 772, 494, 8012.11, 21230, 20511
1695262661, 0, 0, 31, 0, 0, 8292.97, 4, 0, 0, 3.15, 778, 500, 8012.11, 21230, 20511
1695262673, 0, 0, 31, 0, 0, 8292.97, 4, 0, 0, 0.17, 780, 500, 8012.11, 21230, 20511
1695262673, 0, 0, 31, 0, 0, 8292.97, 4, 0, 0, 74.07, 796, 508, 8012.11, 21230, 20511
1695262679, 0, 0, 31, 0, 0, 8292.97, 4, 0, 0, 0.98, 802, 508, 8012.11, 21230, 20511
1695262759, 0, 0, 32, 0, 0, 8339.06, 4, 0, 0, 0.01, 803, 508, 8058.20, 21348, 20629
1695262761, 0, 0, 32, 0, 0, 8339.06, 4, 0, 0, 8.50, 817, 515, 8058.20, 21348, 20629
1695262765, 0, 0, 32, 0, 0, 8339.06, 4, 0, 0, 0.25, 818, 515, 8058.20, 21348, 20629
1695262772, 0, 0, 32, 0, 0, 8339.06, 4, 0, 0, 1.08, 822, 518, 8058.20, 21348, 20629
1695262772, 0, 0, 32, 0, 0, 8339.06, 4, 0, 0, 58.82, 835, 528, 8058.20, 21348, 20629
1695262774, 0, 0, 32, 0, 0, 8339.06, 4, 0, 0, 0.55, 836, 528, 8058.20, 21348, 20629
1695262776, 0, 0, 32, 0, 0, 8339.06, 4, 0, 0, 6.95, 843, 537, 8058.20, 21348, 20629
1695262780, 0, 0, 32, 0, 0, 8339.06, 4, 0, 0, 1.38, 847, 538, 8058.20, 21348, 20629
1695262784, 0, 0, 32, 0, 0, 8339.06, 4, 0, 0, 3.59, 855, 544, 8058.20, 21348, 20629
1695262786, 0, 0, 32, 0, 0, 8339.06, 4, 0, 0, 3.59, 860, 547, 8058.20, 21348, 20629
1695262788, 0, 0, 32, 0, 0, 8339.06, 4, 0, 0, 3.71, 863, 552, 8058.20, 21348, 20629
1695262791, 0, 0, 32, 0, 0, 8339.06, 4, 0, 0, 0.43, 864, 552, 8058.20, 21348, 20629
1695262794, 0, 0, 32, 0, 0, 8339.06, 4, 0, 0, 4.02, 870, 558, 8058.20, 21348, 20629
1695262798, 0, 0, 32, 0, 0, 8339.06, 4, 0, 0, 1.09, 874, 559, 8058.20, 21348, 20629
1695262801, 0, 0, 32, 0, 0, 8339.06, 4, 0, 0, 3.61, 879, 563, 8058.20, 21348, 20629
1695262803, 0, 0, 32, 0, 0, 8339.06, 4, 0, 0, 3.79, 884, 567, 8058.20, 21348, 20629
1695262806, 0, 0, 32, 0, 0, 8339.06, 4, 0, 0, 6.87, 892, 578, 8058.20, 21348, 20629
1695262810, 0, 0, 32, 0, 0, 8339.06, 4, 0, 0, 2.47, 897, 583, 8058.20, 21348, 20629
1695262810, 0, 0, 32, 0, 0, 8339.06, 4, 0, 0, 35.83, 904, 587, 8058.20, 21348, 20629
1695262810, 0, 0, 32, 0, 0, 8339.06, 4, 0, 0, 53.89, 912, 597, 8058.20, 21348, 20629
1695262813, 0, 0, 32, 0, 0, 8339.06, 4, 0, 0, 0.77, 913, 598, 8058.20, 21348, 20629
1695262816, 0, 0, 32, 0, 0, 8339.06, 4, 0, 0, 3.43, 917, 604, 8058.20, 21348, 20629
1695262818, 0, 0, 32, 0, 0, 8339.06, 4, 0, 0, 1.14, 917, 606, 8058.20, 21348, 20629
1695262820, 0, 0, 32, 0, 0, 8339.06, 4, 0, 0, 2.26, 921, 607, 8058.20, 21348, 20629
1695262827, 0, 0, 33, 0, 0, 8339.84, 4, 0, 0, 0.88, 925, 609, 8058.98, 21350, 20631
1695262833, 0, 0, 33, 0, 0, 8339.84, 4, 0, 0, 0.30, 926, 610, 8058.98, 21350, 20631
1695262837, 0, 0, 33, 0, 0, 8339.84, 4, 0, 0, 3.87, 934, 616, 8058.98, 21350, 20631
1695262841, 0, 0, 33, 0, 0, 8339.84, 4, 0, 0, 1.26, 936, 619, 8058.98, 21350, 20631
1695262843, 0, 0, 33, 0, 0, 8339.84, 4, 0, 0, 0.55, 936, 620, 8058.98, 21350, 20631
1695262845, 0, 0, 33, 0, 0, 8339.84, 4, 0, 0, 4.79, 943, 623, 8058.98, 21350, 20631
1695262847, 0, 0, 33, 0, 0, 8339.84, 4, 0, 0, 7.68, 953, 629, 8058.98, 21350, 20631
1695262847, 0, 0, 33, 0, 0, 8339.84, 4, 0, 0, 84.69, 969, 639, 8058.98, 21350, 20631
1695262862, 0, 0, 33, 0, 0, 8339.84, 4, 0, 0, 0.33, 970, 643, 8058.98, 21350, 20631
1695262865, 0, 0, 33, 0, 0, 8339.84, 4, 0, 0, 0.85, 971, 644, 8058.98, 21350, 20631
1695262868, 0, 0, 33, 0, 0, 8339.84, 4, 0, 0, 1.58, 973, 647, 8058.98, 21350, 20631
1695262872, 0, 0, 33, 0, 0, 8339.84, 4, 0, 0, 2.14, 977, 651, 8058.98, 21350, 20631
1695262882, 0, 0, 33, 0, 0, 8339.84, 4, 0, 0, 0.20, 978, 652, 8058.98, 21350, 20631
1695262886, 0, 0, 33, 0, 0, 8339.84, 4, 0, 0, 0.25, 979, 652, 8058.98, 21350, 20631
1695262888, 0, 0, 33, 0, 0, 8339.84, 4, 0, 0, 3.28, 985, 654, 8058.98, 21350, 20631
1695262890, 0, 0, 33, 0, 0, 8339.84, 4, 0, 0, 1.48, 986, 656, 8058.98, 21350, 20631
1695262901, 0, 0, 33, 0, 0, 8339.84, 4, 0, 0, 0.85, 990, 661, 8058.98, 21350, 20631
1695262903, 0, 0, 33, 0, 0, 8339.84, 4, 0, 0, 1.66, 992, 663, 8058.98, 21350, 20631
1695262905, 0, 0, 33, 0, 0, 8339.84, 4, 0, 0, 0.89, 993, 664, 8058.98, 21350, 20631
1695262936, 0, 0, 33, 0, 0, 8339.84, 4, 0, 0, 0.39, 999, 670, 8058.98, 21350, 20631
1695262951, 0, 0, 33, 0, 0, 8339.84, 4, 0, 0, 0.34, 1003, 671, 8058.98, 21350, 20631
1695262990, 0, 0, 33, 0, 0, 8339.84, 4, 0, 0, 0.23, 1008, 675, 8058.98, 21350, 20631
1695262992, 0, 0, 33, 0, 0, 8339.84, 4, 0, 0, 4.41, 1011, 680, 8058.98, 21350, 20631
1695262994, 0, 0, 33, 0, 0, 8339.84, 4, 0, 0, 0.52, 1012, 680, 8058.98, 21350, 20631
1695262998, 0, 0, 33, 0, 0, 8339.84, 4, 0, 0, 2.17, 1017, 685, 8058.98, 21350, 20631
1695263002, 0, 0, 33, 0, 0, 8339.84, 4, 0, 0, 0.24, 1018, 685, 8058.98, 21350, 20631
1695263023, 0, 0, 33, 0, 0, 8339.84, 4, 0, 0, 0.34, 1021, 689, 8058.98, 21350, 20631
1695263026, 0, 0, 33, 0, 0, 8339.84, 4, 0, 0, 2.24, 1025, 692, 8058.98, 21350, 20631
1695263031, 0, 0, 33, 0, 0, 8339.84, 4, 0, 0, 0.84, 1027, 694, 8058.98, 21350, 20631
1695263036, 0, 0, 33, 0, 0, 8339.84, 4, 0, 0, 1.01, 1029, 697, 8058.98, 21350, 20631
1695263038, 0, 0, 33, 0, 0, 8339.84, 4, 0, 0, 0.49, 1030, 697, 8058.98, 21350, 20631
1695263042, 0, 0, 33, 0, 0, 8339.84, 4, 0, 0, 5.01, 1038, 707, 8058.98, 21350, 20631
1695263046, 0, 0, 33, 0, 0, 8339.84, 4, 0, 0, 0.21, 1039, 707, 8058.98, 21350, 20631
1695263056, 0, 0, 33, 0, 0, 8339.84, 4, 0, 0, 0.31, 1042, 707, 8058.98, 21350, 20631
1695263061, 0, 0, 33, 0, 0, 8339.84, 4, 0, 0, 1.41, 1046, 710, 8058.98, 21350, 20631
1695263061, 0, 0, 33, 0, 0, 8339.84, 4, 0, 0, 43.33, 1053, 716, 8058.98, 21350, 20631
1695263064, 0, 0, 33, 0, 0, 8339.84, 4, 0, 0, 1.94, 1057, 717, 8058.98, 21350, 20631
1695263066, 0, 0, 33, 0, 0, 8339.84, 4, 0, 0, 3.26, 1062, 719, 8058.98, 21350, 20631
1695263068, 0, 0, 33, 0, 0, 8339.84, 4, 0, 0, 2.72, 1067, 720, 8058.98, 21350, 20631
1695263071, 0, 0, 33, 0, 0, 8339.84, 4, 0, 0, 1.48, 1070, 721, 8058.98, 21350, 20631
1695263076, 0, 0, 33, 0, 0, 8339.84, 4, 0, 0, 1.67, 1076, 723, 8058.98, 21350, 20631
1695263078, 0, 0, 33, 0, 0, 8339.84, 4, 0, 0, 1.66, 1078, 725, 8058.98, 21350, 20631
1695263078, 0, 0, 33, 0, 0, 8339.84, 4, 0, 0, 61.89, 1092, 730, 8058.98, 21350, 20631
1695263079, 0, 0, 33, 0, 0, 8339.84, 4, 0, 0, 65.57, 1103, 739, 8058.98, 21350, 20631
1695263081, 0, 0, 33, 0, 0, 8339.84, 4, 0, 0, 2.13, 1105, 741, 8058.98, 21350, 20631
1695263082, 0, 0, 33, 0, 0, 8339.84, 4, 0, 0, 2.69, 1108, 743, 8058.98, 21350, 20631
1695263087, 0, 0, 33, 0, 0, 8339.84, 4, 0, 0, 0.45, 1109, 744, 8058.98, 21350, 20631
1695263089, 0, 0, 33, 0, 0, 8339.84, 4, 0, 0, 3.00, 1116, 745, 8058.98, 21350, 20631
1695263094, 0, 0, 33, 0, 0, 8339.84, 4, 0, 0, 1.30, 1120, 747, 8058.98, 21350, 20631
1695263094, 0, 0, 33, 0, 0, 8339.84, 4, 0, 0, 64.22, 1132, 756, 8058.98, 21350, 20631
1695263096, 0, 0, 33, 0, 0, 8339.84, 4, 0, 0, 1.55, 1134, 757, 8058.98, 21350, 20631
1695263101, 0, 0, 33, 0, 0, 8339.84, 4, 0, 0, 0.65, 1137, 757, 8058.98, 21350, 20631
1695263103, 0, 0, 33, 0, 0, 8339.84, 4, 0, 0, 4.01, 1144, 760, 8058.98, 21350, 20631
1695263104, 0, 0, 33, 0, 0, 8339.84, 4, 0, 0, 26.86, 1152, 765, 8058.98, 21350, 20631
1695263107, 0, 0, 33, 0, 0, 8339.84, 4, 0, 0, 1.29, 1155, 766, 8058.98, 21350, 20631
1695263109, 0, 0, 33, 0, 0, 8339.84, 4, 0, 0, 0.52, 1156, 766, 8058.98, 21350, 20631
1695263121, 0, 0, 33, 0, 0, 8339.84, 4, 0, 0, 0.41, 1158, 769, 8058.98, 21350, 20631
1695263124, 0, 0, 33, 0, 0, 8339.84, 4, 0, 0, 1.09, 1160, 770, 8058.98, 21350, 20631
1695263126, 0, 0, 33, 0, 0, 8339.84, 4, 0, 0, 3.09, 1163, 774, 8058.98, 21350, 20631
1695263127, 0, 0, 33, 0, 0, 8339.84, 4, 0, 0, 29.32, 1169, 777, 8058.98, 21350, 20631
1695263127, 0, 0, 33, 0, 0, 8339.84, 4, 0, 0, 53.16, 1175, 787, 8058.98, 21350, 20631
1695263132, 0, 0, 33, 0, 0, 8339.84, 4, 0, 0, 0.83, 1177, 789, 8058.98, 21350, 20631
1695263135, 0, 0, 33, 0, 0, 8339.84, 4, 0, 0, 3.12, 1183, 792, 8058.98, 21350, 20631
1695263137, 0, 0, 33, 0, 0, 8339.84, 4, 0, 0, 3.01, 1187, 795, 8058.98, 21350, 20631
1695263139, 0, 0, 33, 0, 0, 8339.84, 4, 0, 0, 0.50, 1188, 795, 8058.98, 21350, 20631
1695263139, 0, 0, 33, 0, 0, 8339.84, 4, 0, 0, 51.67, 1199, 801, 8058.98, 21350, 20631
1695263140, 0, 0, 33, 0, 0, 8339.84, 4, 0, 0, 67.09, 1209, 812, 8058.98, 21350, 20631
1695263143, 0, 0, 33, 0, 0, 8339.84, 4, 0, 0, 2.11, 1212, 816, 8058.98, 21350, 20631
1695263147, 0, 0, 33, 0, 0, 8339.84, 4, 0, 0, 2.25, 1218, 820, 8058.98, 21350, 20631
1695263150, 0, 0, 33, 0, 0, 8339.84, 4, 0, 0, 0.43, 1219, 820, 8058.98, 21350, 20631
1695263150, 0, 0, 33, 0, 0, 8339.84, 4, 0, 0, 50.00, 1225, 829, 8058.98, 21350, 20631
1695263152, 0, 0, 33, 0, 0, 8339.84, 4, 0, 0, 0.98, 1226, 830, 8058.98, 21350, 20631
1695263158, 0, 0, 33, 0, 0, 8339.84, 4, 0, 0, 1.94, 1233, 834, 8058.98, 21350, 20631
1695263158, 0, 0, 33, 0, 0, 8339.84, 4, 0, 0, 34.06, 1237, 841, 8058.98, 21350, 20631
1695263163, 0, 0, 33, 0, 0, 8339.84, 4, 0, 0, 0.19, 1238, 841, 8058.98, 21350, 20631
1695263165, 0, 0, 33, 0, 0, 8339.84, 4, 0, 0, 2.86, 1243, 842, 8058.98, 21350, 20631
1695263177, 0, 0, 33, 0, 0, 8339.84, 4, 0, 0, 0.52, 1247, 844, 8058.98, 21350, 20631
1695263179, 0, 0, 33, 0, 0, 8339.84, 4, 0, 0, 3.37, 1253, 845, 8058.98, 21350, 20631
1695263181, 0, 0, 33, 0, 0, 8339.84, 4, 0, 0, 5.73, 1263, 848, 8058.98, 21350, 20631
1695263184, 0, 0, 33, 0, 0, 8339.84, 4, 0, 0, 3.38, 1270, 852, 8058.98, 21350, 20631
1695263211, 0, 0, 33, 0, 0, 8339.84, 4, 0, 0, 0.15, 1273, 853, 8058.98, 21350, 20631
1695263213, 0, 0, 33, 0, 0, 8339.84, 4, 0, 0, 0.46, 1274, 853, 8058.98, 21350, 20631
1695263215, 0, 0, 33, 0, 0, 8339.84, 4, 0, 0, 3.72, 1279, 855, 8058.98, 21350, 20631
1695263218, 0, 0, 33, 0, 0, 8339.84, 4, 0, 0, 0.32, 1280, 855, 8058.98, 21350, 20631
1695263222, 0, 0, 33, 0, 0, 8339.84, 4, 0, 0, 1.74, 1284, 859, 8058.98, 21350, 20631
1695263226, 0, 0, 33, 0, 0, 8339.84, 4, 0, 0, 4.36, 1293, 864, 8058.98, 21350, 20631
1695263228, 0, 0, 33, 0, 0, 8339.84, 4, 0, 0, 4.23, 1297, 869, 8058.98, 21350, 20631
1695263230, 0, 0, 33, 0, 0, 8339.84, 4, 0, 0, 2.12, 1300, 871, 8058.98, 21350, 20631
1695263242, 0, 0, 33, 0, 0, 8339.84, 4, 0, 0, 0.25, 1302, 872, 8058.98, 21350, 20631
1695263244, 0, 0, 33, 0, 0, 8339.84, 4, 0, 0, 2.59, 1306, 873, 8058.98, 21350, 20631
1695263255, 0, 0, 33, 0, 0, 8339.84, 4, 0, 0, 0.44, 1310, 874, 8058.98, 21350, 20631
1695263258, 0, 0, 33, 0, 0, 8339.84, 4, 0, 0, 4.07, 1316, 879, 8058.98, 21350, 20631
1695263260, 0, 0, 33, 0, 0, 8339.84, 4, 0, 0, 1.74, 1318, 880, 8058.98, 21350, 20631
1695263275, 0, 0, 33, 0, 0, 8339.84, 4, 0, 0, 0.39, 1320, 884, 8058.98, 21350, 20631
1695263275, 0, 0, 33, 0, 0, 8339.84, 4, 0, 0, 42.62, 1327, 890, 8058.98, 21350, 20631
1695263303, 0, 0, 33, 0, 0, 8339.84, 4, 0, 0, 0.22, 1331, 892, 8058.98, 21350, 20631
1695263309, 0, 0, 33, 0, 0, 8339.84, 4, 0, 0, 1.31, 1335, 895, 8058.98, 21350, 20631
1695263309, 0, 0, 33, 0, 0, 8339.84, 4, 0, 0, 34.59, 1340, 901, 8058.98, 21350, 20631
1695263309, 0, 0, 33, 0, 0, 8339.84, 4, 0, 0, 32.47, 1347, 904, 8058.98, 21350, 20631
1695263312, 0, 0, 33, 0, 0, 8339.84, 4, 0, 0, 4.59, 1354, 910, 8058.98, 21350, 20631
1695263312, 0, 0, 33, 0, 0, 8339.84, 4, 0, 0, 33.85, 1359, 916, 8058.98, 21350, 20631
1695263315, 0, 0, 33, 0, 0, 8339.84, 4, 0, 0, 3.38, 1366, 919, 8058.98, 21350, 20631
1695263321, 0, 0, 33, 0, 0, 8339.84, 4, 0, 0, 0.38, 1368, 919, 8058.98, 21350, 20631
1695263324, 0, 0, 33, 0, 0, 8339.84, 4, 0, 0, 1.89, 1372, 922, 8058.98, 21350, 20631
1695263327, 0, 0, 33, 0, 0, 8339.84, 4, 0, 0, 1.50, 1375, 923, 8058.98, 21350, 20631
1695263330, 0, 0, 33, 0, 0, 8339.84, 4, 0, 0, 0.38, 1376, 923, 8058.98, 21350, 20631
1695263334, 0, 0, 33, 0, 0, 8339.84, 4, 0, 0, 0.67, 1379, 923, 8058.98, 21350, 20631
1695263334, 0, 0, 33, 0, 0, 8339.84, 4, 0, 0, 21.94, 1384, 925, 8058.98, 21350, 20631
1695263338, 0, 0, 33, 0, 0, 8339.84, 4, 0, 0, 0.55, 1385, 926, 8058.98, 21350, 20631
1695263340, 0, 0, 33, 0, 0, 8339.84, 4, 0, 0, 1.22, 1387, 927, 8058.98, 21350, 20631
1695263343, 0, 0, 33, 0, 0, 8339.84, 4, 0, 0, 0.96, 1388, 928, 8058.98, 21350, 20631
1695263346, 0, 0, 33, 0, 0, 8339.84, 4, 0, 0, 0.30, 1389, 928, 8058.98, 21350, 20631
1695263351, 0, 0, 33, 0, 0, 8339.84, 4, 0, 0, 0.78, 1391, 930, 8058.98, 21350, 20631
1695263355, 0, 0, 33, 0, 0, 8339.84, 4, 0, 0, 1.58, 1395, 932, 8058.98, 21350, 20631
1695263355, 0, 0, 33, 0, 0, 8339.84, 4, 0, 0, 50.00, 1405, 937, 8058.98, 21350, 20631
1695263355, 0, 0, 33, 0, 0, 8339.84, 4, 0, 0, 45.45, 1412, 944, 8058.98, 21350, 20631
1695263360, 0, 0, 33, 0, 0, 8339.84, 4, 0, 0, 0.24, 1413, 944, 8058.98, 21350, 20631
1695263372, 0, 0, 33, 0, 0, 8339.84, 4, 0, 0, 0.33, 1415, 946, 8058.98, 21350, 20631
1695263375, 0, 0, 33, 0, 0, 8339.84, 4, 0, 0, 1.74, 1416, 950, 8058.98, 21350, 20631
1695263375, 0, 0, 33, 0, 0, 8339.84, 4, 0, 0, 37.74, 1424, 954, 8058.98, 21350, 20631
1695263397, 0, 0, 33, 0, 0, 8339.84, 4, 0, 0, 0.18, 1426, 956, 8058.98, 21350, 20631
1695263401, 0, 0, 33, 0, 0, 8339.84, 4, 0, 0, 0.53, 1428, 956, 8058.98, 21350, 20631
1695263404, 0, 0, 33, 0, 0, 8339.84, 4, 0, 0, 2.43, 1432, 960, 8058.98, 21350, 20631
1695263405, 0, 0, 33, 0, 0, 8339.84, 4, 0, 0, 22.65, 1436, 963, 8058.98, 21350, 20631
1695263405, 0, 0, 33, 0, 0, 8339.84, 4, 0, 0, 26.24, 1444, 964, 8058.98, 21350, 20631
1695263405, 0, 0, 33, 0, 0, 8339.84, 4, 0, 0, 25.64, 1447, 969, 8058.98, 21350, 20631
1695263408, 0, 0, 33, 0, 0, 8339.84, 4, 0, 0, 2.48, 1450, 972, 8058.98, 21350, 20631
1695263408, 0, 0, 33, 0, 0, 8339.84, 4, 0, 0, 20.00, 1452, 976, 8058.98, 21350, 20631
1695263430, 0, 0, 33, 0, 0, 8339.84, 4, 0, 0, 0.27, 1457, 977, 8058.98, 21350, 20631
1695263442, 0, 0, 33, 0, 0, 8339.84, 4, 0, 0, 0.53, 1461, 979, 8058.98, 21350, 20631
1695263445, 0, 0, 33, 0, 0, 8339.84, 4, 0, 0, 4.00, 1469, 984, 8058.98, 21350, 20631
1695263449, 0, 0, 33, 0, 0, 8339.84, 4, 0, 0, 1.32, 1472, 987, 8058.98, 21350, 20631
1695263450, 0, 0, 33, 0, 0, 8339.84, 4, 0, 0, 26.32, 1477, 990, 8058.98, 21350, 20631
1695263452, 0, 0, 33, 0, 0, 8339.84, 4, 0, 0, 1.56, 1479, 992, 8058.98, 21350, 20631
1695263462, 0, 0, 33, 0, 0, 8339.84, 4, 0, 0, 0.30, 1481, 993, 8058.98, 21350, 20631
1695263467, 0, 0, 33, 0, 0, 8339.84, 4, 0, 0, 0.23, 1482, 993, 8058.98, 21350, 20631
1695263469, 0, 0, 33, 0, 0, 8339.84, 4, 0, 0, 4.17, 1488, 998, 8058.98, 21350, 20631
1695263470, 0, 0, 33, 0, 0, 8339.84, 4, 0, 0, 36.81, 1495, 1003, 8058.98, 21350, 20631
1695263470, 0, 0, 33, 0, 0, 8339.84, 4, 0, 0, 35.83, 1502, 1007, 8058.98, 21350, 20631
1695263479, 0, 0, 33, 0, 0, 8339.84, 4, 0, 0, 0.35, 1503, 1009, 8058.98, 21350, 20631
1695263484, 0, 0, 33, 0, 0, 8339.84, 4, 0, 0, 0.88, 1506, 1011, 8058.98, 21350, 20631
1695263491, 0, 0, 33, 0, 0, 8339.84, 4, 0, 0, 1.15, 1509, 1016, 8058.98, 21350, 20631
1695263501, 0, 0, 33, 0, 0, 8339.84, 4, 0, 0, 0.21, 1510, 1017, 8058.98, 21350, 20631
1695263501, 0, 0, 33, 0, 0, 8339.84, 4, 0, 0, 26.67, 1514, 1021, 8058.98, 21350, 20631
1695263511, 0, 0, 33, 0, 0, 8339.84, 4, 0, 0, 0.39, 1516, 1023, 8058.98, 21350, 20631
1695263511, 0, 0, 33, 0, 0, 8339.84, 4, 0, 0, 28.48, 1524, 1024, 8058.98, 21350, 20631
1695263514, 0, 0, 33, 0, 0, 8339.84, 4, 0, 0, 1.05, 1526, 1025, 8058.98, 21350, 20631
1695263515, 0, 0, 33, 0, 0, 8339.84, 4, 0, 0, 13.85, 1529, 1027, 8058.98, 21350, 20631
1695263519, 0, 0, 33, 0, 0, 8339.84, 4, 0, 0, 0.23, 1530, 1027, 8058.98, 21350, 20631
1695263522, 0, 0, 33, 0, 0, 8339.84, 4, 0, 0, 0.35, 1531, 1027, 8058.98, 21350, 20631
1695263544, 0, 0, 33, 0, 0, 8339.84, 4, 0, 0, 0.04, 1532, 1027, 8058.98, 21350, 20631
1695263548, 0, 0, 33, 0, 0, 8339.84, 4, 0, 0, 0.58, 1534, 1027, 8058.98, 21350, 20631
1695263553, 0, 0, 33, 0, 0, 8339.84, 4, 0, 0, 1.23, 1538, 1029, 8058.98, 21350, 20631
1695263556, 0, 0, 33, 0, 0, 8339.84, 4, 0, 0, 0.72, 1540, 1029, 8058.98, 21350, 20631
1695263587, 0, 0, 33, 0, 0, 8339.84, 4, 0, 0, 0.13, 1542, 1031, 8058.98, 21350, 20631
1695263590, 0, 0, 33, 0, 0, 8339.84, 4, 0, 0, 1.11, 1545, 1031, 8058.98, 21350, 20631
1695263590, 0, 0, 33, 0, 0, 8339.84, 4, 0, 0, 35.40, 1549, 1039, 8058.98, 21350, 20631
1695263593, 0, 0, 33, 0, 0, 8339.84, 4, 0, 0, 0.44, 1550, 1039, 8058.98, 21350, 20631
1695263595, 0, 0, 33, 0, 0, 8339.84, 4, 0, 0, 1.41, 1552, 1040, 8058.98, 21350, 20631
1695263601, 0, 0, 33, 0, 0, 8339.84, 4, 0, 0, 0.81, 1556, 1041, 8058.98, 21350, 20631
1695263606, 0, 0, 33, 0, 0, 8339.84, 4, 0, 0, 0.20, 1557, 1041, 8058.98, 21350, 20631
1695263608, 0, 0, 33, 0, 0, 8339.84, 4, 0, 0, 2.31, 1560, 1044, 8058.98, 21350, 20631
1695263609, 0, 0, 33, 0, 0, 8339.84, 4, 0, 0, 29.41, 1567, 1046, 8058.98, 21350, 20631
1695263614, 0, 0, 33, 0, 0, 8339.84, 4, 0, 0, 0.19, 1568, 1046, 8058.98, 21350, 20631
1695263616, 0, 0, 33, 0, 0, 8339.84, 4, 0, 0, 1.83, 1570, 1048, 8058.98, 21350, 20631
1695263619, 0, 0, 33, 0, 0, 8339.84, 4, 0, 0, 2.90, 1573, 1052, 8058.98, 21350, 20631
1695263621, 0, 0, 33, 0, 0, 8339.84, 4, 0, 0, 3.96, 1579, 1056, 8058.98, 21350, 20631
1695263627, 0, 0, 33, 0, 0, 8339.84, 4, 0, 0, 0.64, 1580, 1059, 8058.98, 21350, 20631
1695263630, 0, 0, 33, 0, 0, 8339.84, 4, 0, 0, 2.42, 1582, 1063, 8058.98, 21350, 20631
1695263632, 0, 0, 33, 0, 0, 8339.84, 4, 0, 0, 0.39, 1583, 1063, 8058.98, 21350, 20631
1695263633, 0, 0, 33, 0, 0, 8339.84, 4, 0, 0, 32.26, 1590, 1066, 8058.98, 21350, 20631
1695263635, 0, 0, 33, 0, 0, 8339.84, 4, 0, 0, 0.50, 1591, 1066, 8058.98, 21350, 20631
1695263635, 0, 0, 33, 0, 0, 8339.84, 4, 0, 0, 28.94, 1597, 1069, 8058.98, 21350, 20631
1695263635, 0, 0, 33, 0, 0, 8339.84, 4, 0, 0, 31.95, 1601, 1075, 8058.98, 21350, 20631
1695263636, 0, 0, 33, 0, 0, 8339.84, 4, 0, 0, 36.54, 1605, 1082, 8058.98, 21350, 20631
1695263636, 0, 0, 33, 0, 0, 8339.84, 4, 0, 0, 39.47, 1609, 1090, 8058.98, 21350, 20631
1695263640, 0, 0, 33, 0, 0, 8339.84, 4, 0, 0, 1.63, 1612, 1094, 8058.98, 21350, 20631
1695263644, 0, 0, 33, 0, 0, 8339.84, 4, 0, 0, 1.41, 1616, 1096, 8058.98, 21350, 20631
1695263648, 0, 0, 33, 0, 0, 8339.84, 4, 0, 0, 2.15, 1617, 1103, 8058.98, 21350, 20631
1695263649, 0, 0, 33, 0, 0, 8339.84, 4, 0, 0, 8.90, 1619, 1104, 8058.98, 21350, 20631
1695263649, 0, 0, 33, 0, 0, 8339.84, 4, 0, 0, 6.70, 1623, 1104, 8058.98, 21350, 20631
1695263655, 0, 0, 33, 0, 0, 8339.84, 4, 0, 0, 0.35, 1625, 1104, 8058.98, 21350, 20631
1695263655, 0, 0, 33, 0, 0, 8339.84, 4, 0, 0, 7.97, 1627, 1106, 8058.98, 21350, 20631
1695263661, 0, 0, 33, 0, 0, 8339.84, 4, 0, 0, 0.18, 1628, 1106, 8058.98, 21350, 20631
1695263661, 0, 0, 33, 0, 0, 8339.84, 4, 0, 0, 6.58, 1630, 1106, 8058.98, 21350, 20631
1695263666, 0, 0, 33, 0, 0, 8339.84, 4, 0, 0, 1.55, 1636, 1108, 8058.98, 21350, 20631
1695263667, 0, 0, 33, 0, 0, 8339.84, 4, 0, 0, 8.72, 1638, 1109, 8058.98, 21350, 20631
1695263675, 0, 0, 33, 0, 0, 8339.84, 4, 0, 0, 0.37, 1639, 1111, 8058.98, 21350, 20631
1695263675, 0, 0, 33, 0, 0, 8339.84, 4, 0, 0, 23.18, 1643, 1114, 8058.98, 21350, 20631
1695263681, 0, 0, 33, 0, 0, 8339.84, 4, 0, 0, 0.34, 1644, 1115, 8058.98, 21350, 20631
1695263685, 0, 0, 33, 0, 0, 8339.84, 4, 0, 0, 0.25, 1645, 1115, 8058.98, 21350, 20631
1695263687, 0, 0, 33, 0, 0, 8339.84, 4, 0, 0, 1.42, 1647, 1116, 8058.98, 21350, 20631
1695263689, 0, 0, 33, 0, 0, 8339.84, 4, 0, 0, 1.58, 1649, 1117, 8058.98, 21350, 20631
1695263691, 0, 0, 33, 0, 0, 8339.84, 4, 0, 0, 3.51, 1653, 1121, 8058.98, 21350, 20631
1695263695, 0, 0, 33, 0, 0, 8339.84, 4, 0, 0, 1.89, 1657, 1123, 8058.98, 21350, 20631
1695263695, 0, 0, 33, 0, 0, 8339.84, 4, 0, 0, 34.48, 1662, 1129, 8058.98, 21350, 20631
1695263697, 0, 0, 33, 0, 0, 8339.84, 4, 0, 0, 1.12, 1663, 1130, 8058.98, 21350, 20631
1695263699, 0, 0, 33, 0, 0, 8339.84, 4, 0, 0, 2.26, 1667, 1131, 8058.98, 21350, 20631
1695263703, 0, 0, 33, 0, 0, 8339.84, 4, 0, 0, 0.27, 1668, 1131, 8058.98, 21350, 20631
1695263706, 0, 0, 33, 0, 0, 8339.84, 4, 0, 0, 0.55, 1669, 1132, 8058.98, 21350, 20631
1695263707, 0, 0, 33, 0, 0, 8339.84, 4, 0, 0, 29.22, 1670, 1140, 8058.98, 21350, 20631
1695263712, 0, 0, 33, 0, 0, 8339.84, 4, 0, 0, 1.33, 1677, 1140, 8058.98, 21350, 20631
1695263712, 0, 0, 33, 0, 0, 8339.84, 4, 0, 0, 25.32, 1681, 1144, 8058.98, 21350, 20631
1695263718, 0, 0, 33, 0, 0, 8339.84, 4, 0, 0, 0.33, 1683, 1144, 8058.98, 21350, 20631
1695263721, 0, 0, 33, 0, 0, 8339.84, 4, 0, 0, 0.32, 1684, 1144, 8058.98, 21350, 20631
1695263722, 0, 0, 33, 0, 0, 8339.84, 4, 0, 0, 27.27, 1687, 1150, 8058.98, 21350, 20631
1695263726, 0, 0, 33, 0, 0, 8339.84, 4, 0, 0, 0.71, 1689, 1151, 8058.98, 21350, 20631
1695263726, 0, 0, 33, 0, 0, 8339.84, 4, 0, 0, 22.11, 1693, 1156, 8058.98, 21350, 20631
1695263730, 0, 0, 33, 0, 0, 8339.84, 4, 0, 0, 1.02, 1696, 1157, 8058.98, 21350, 20631
1695263734, 0, 0, 33, 0, 0, 8339.84, 4, 0, 0, 0.88, 1698, 1158, 8058.98, 21350, 20631
1695263740, 0, 0, 33, 0, 0, 8339.84, 4, 0, 0, 1.00, 1704, 1158, 8058.98, 21350, 20631
1695263740, 0, 0, 33, 0, 0, 8339.84, 4, 0, 0, 13.16, 1707, 1159, 8058.98, 21350, 20631
1695263745, 0, 0, 33, 0, 0, 8339.84, 4, 0, 0, 0.40, 1709, 1159, 8058.98, 21350, 20631
1695263745, 0, 0, 33, 0, 0, 8339.84, 4, 0, 0, 10.53, 1710, 1162, 8058.98, 21350, 20631
1695263746, 0, 0, 33, 0, 0, 8339.84, 4, 0, 0, 8.43, 1711, 1164, 8058.98, 21350, 20631
1695263771, 0, 0, 33, 0, 0, 8339.84, 4, 0, 0, 0.08, 1712, 1165, 8058.98, 21350, 20631
1695263771, 0, 0, 33, 0, 0, 8339.84, 4, 0, 0, 16.56, 1715, 1167, 8058.98, 21350, 20631
1695263771, 0, 0, 33, 0, 0, 8339.84, 4, 0, 0, 4.88, 1717, 1167, 8058.98, 21350, 20631
1695263772, 0, 0, 33, 0, 0, 8339.84, 4, 0, 0, 6.10, 1718, 1168, 8058.98, 21350, 20631
1695263772, 0, 0, 33, 0, 0, 8339.84, 4, 0, 0, 6.23, 1719, 1169, 8058.98, 21350, 20631
1695263772, 0, 0, 33, 0, 0, 8339.84, 4, 0, 0, 11.20, 1720, 1172, 8058.98, 21350, 20631
1695263773, 0, 0, 33, 0, 0, 8339.84, 4, 0, 0, 9.20, 1723, 1172, 8058.98, 21350, 20631
1695263773, 0, 0, 33, 0, 0, 8339.84, 4, 0, 0, 10.68, 1726, 1174, 8058.98, 21350, 20631
1695263774, 0, 0, 33, 0, 0, 8339.84, 4, 0, 0, 13.33, 1728, 1176, 8058.98, 21350, 20631
1695263774, 0, 0, 33, 0, 0, 8339.84, 4, 0, 0, 14.97, 1732, 1177, 8058.98, 21350, 20631
1695263779, 0, 0, 33, 0, 0, 8339.84, 4, 0, 0, 0.43, 1734, 1177, 8058.98, 21350, 20631
1695263781, 0, 0, 33, 0, 0, 8339.84, 4, 0, 0, 2.14, 1739, 1178, 8058.98, 21350, 20631
1695263783, 0, 0, 33, 0, 0, 8339.84, 4, 0, 0, 0.53, 1740, 1178, 8058.98, 21350, 20631
1695263792, 0, 0, 33, 0, 0, 8339.84, 4, 0, 0, 0.57, 1744, 1179, 8058.98, 21350, 20631
1695263792, 0, 0, 33, 0, 0, 8339.84, 4, 0, 0, 23.03, 1746, 1184, 8058.98, 21350, 20631
1695263797, 0, 0, 33, 0, 0, 8339.84, 4, 0, 0, 0.23, 1747, 1184, 8058.98, 21350, 20631
1695263797, 0, 0, 33, 0, 0, 8339.84, 4, 0, 0, 15.83, 1750, 1187, 8058.98, 21350, 20631
1695263797, 0, 0, 33, 0, 0, 8339.84, 4, 0, 0, 15.72, 1755, 1187, 8058.98, 21350, 20631
1695263798, 0, 0, 33, 0, 0, 8339.84, 4, 0, 0, 14.93, 1759, 1188, 8058.98, 21350, 20631
1695263801, 0, 0, 33, 0, 0, 8339.84, 4, 0, 0, 1.67, 1763, 1190, 8058.98, 21350, 20631
1695263802, 0, 0, 33, 0, 0, 8339.84, 4, 0, 0, 23.74, 1769, 1192, 8058.98, 21350, 20631
1695263802, 0, 0, 33, 0, 0, 8339.84, 4, 0, 0, 29.22, 1774, 1196, 8058.98, 21350, 20631
1695263804, 0, 0, 33, 0, 0, 8339.84, 4, 0, 0, 2.38, 1779, 1197, 8058.98, 21350, 20631
1695263816, 0, 0, 33, 0, 0, 8339.84, 4, 0, 0, 0.42, 1782, 1199, 8058.98, 21350, 20631
1695263817, 0, 0, 33, 0, 0, 8339.84, 4, 0, 0, 27.36, 1788, 1202, 8058.98, 21350, 20631
1695263817, 0, 0, 33, 0, 0, 8339.84, 4, 0, 0, 28.30, 1791, 1208, 8058.98, 21350, 20631
1695263817, 0, 0, 33, 0, 0, 8339.84, 4, 0, 0, 30.67, 1796, 1213, 8058.98, 21350, 20631
1695263820, 0, 0, 33, 0, 0, 8339.84, 4, 0, 0, 1.77, 1800, 1213, 8058.98, 21350, 20631
1695263820, 0, 0, 33, 0, 0, 8339.84, 4, 0, 0, 23.60, 1804, 1217, 8058.98, 21350, 20631
1695263820, 0, 0, 33, 0, 0, 8339.84, 4, 0, 0, 27.11, 1808, 1222, 8058.98, 21350, 20631
1695263824, 0, 0, 33, 0, 0, 8339.84, 4, 0, 0, 0.28, 1809, 1222, 8058.98, 21350, 20631
1695263824, 0, 0, 33, 0, 0, 8339.84, 4, 0, 0, 11.94, 1811, 1224, 8058.98, 21350, 20631
1695263824, 0, 0, 33, 0, 0, 8339.84, 4, 0, 0, 15.63, 1813, 1227, 8058.98, 21350, 20631
1695263825, 0, 0, 33, 0, 0, 8339.84, 4, 0, 0, 12.74, 1814, 1230, 8058.98, 21350, 20631
1695263825, 0, 0, 33, 0, 0, 8339.84, 4, 0, 0, 10.53, 1817, 1231, 8058.98, 21350, 20631
1695263826, 0, 0, 33, 0, 0, 8339.84, 4, 0, 0, 8.70, 1821, 1231, 8058.98, 21350, 20631
1695263826, 0, 0, 33, 0, 0, 8339.84, 4, 0, 0, 5.04, 1821, 1233, 8058.98, 21350, 20631
1695263826, 0, 0, 33, 0, 0, 8339.84, 4, 0, 0, 12.50, 1823, 1235, 8058.98, 21350, 20631
1695263829, 0, 0, 33, 0, 0, 8339.84, 4, 0, 0, 0.70, 1825, 1235, 8058.98, 21350, 20631
1695263831, 0, 0, 33, 0, 0, 8339.84, 4, 0, 0, 1.89, 1829, 1235, 8058.98, 21350, 20631
1695263832, 0, 0, 33, 0, 0, 8339.84, 4, 0, 0, 23.88, 1835, 1237, 8058.98, 21350, 20631
1695263836, 0, 0, 33, 0, 0, 8339.84, 4, 0, 0, 0.97, 1838, 1238, 8058.98, 21350, 20631
1695263836, 0, 0, 33, 0, 0, 8339.84, 4, 0, 0, 12.50, 1840, 1240, 8058.98, 21350, 20631
1695263836, 0, 0, 33, 0, 0, 8339.84, 4, 0, 0, 21.67, 1843, 1244, 8058.98, 21350, 20631
1695263841, 0, 0, 33, 0, 0, 8339.84, 4, 0, 0, 0.43, 1845, 1244, 8058.98, 21350, 20631
1695263843, 0, 0, 33, 0, 0, 8339.84, 4, 0, 0, 2.79, 1850, 1246, 8058.98, 21350, 20631
1695263846, 0, 0, 33, 0, 0, 8339.84, 4, 0, 0, 1.42, 1852, 1247, 8058.98, 21350, 20631
1695263848, 0, 0, 33, 0, 0, 8339.84, 4, 0, 0, 2.52, 1855, 1249, 8058.98, 21350, 20631
1695263853, 0, 0, 33, 0, 0, 8339.84, 4, 0, 0, 0.85, 1858, 1251, 8058.98, 21350, 20631
1695263854, 0, 0, 33, 0, 0, 8339.84, 4, 0, 0, 15.63, 1859, 1255, 8058.98, 21350, 20631
1695263858, 0, 0, 33, 0, 0, 8339.84, 4, 0, 0, 0.25, 1860, 1255, 8058.98, 21350, 20631
1695263858, 0, 0, 33, 0, 0, 8339.84, 4, 0, 0, 18.07, 1864, 1257, 8058.98, 21350, 20631
1695263861, 0, 0, 33, 0, 0, 8339.84, 4, 0, 0, 1.24, 1866, 1258, 8058.98, 21350, 20631
1695263863, 0, 0, 33, 0, 0, 8339.84, 4, 0, 0, 1.33, 1869, 1258, 8058.98, 21350, 20631
1695263863, 0, 0, 33, 0, 0, 8339.84, 4, 0, 0, 18.58, 1872, 1261, 8058.98, 21350, 20631
1695263868, 0, 0, 33, 0, 0, 8339.84, 4, 0, 0, 0.45, 1874, 1261, 8058.98, 21350, 20631
1695263870, 0, 0, 33, 0, 0, 8339.84, 4, 0, 0, 0.36, 1875, 1261, 8058.98, 21350, 20631
1695263873, 0, 0, 33, 0, 0, 8339.84, 4, 0, 0, 2.28, 1877, 1266, 8058.98, 21350, 20631
1695263876, 0, 0, 33, 0, 0, 8339.84, 4, 0, 0, 2.98, 1881, 1269, 8058.98, 21350, 20631
1695263880, 0, 0, 33, 0, 0, 8339.84, 4, 0, 0, 0.23, 1882, 1269, 8058.98, 21350, 20631
1695263884, 0, 0, 33, 0, 0, 8339.84, 4, 0, 0, 0.52, 1884, 1269, 8058.98, 21350, 20631
1695263884, 0, 0, 33, 0, 0, 8339.84, 4, 0, 0, 22.51, 1888, 1272, 8058.98, 21350, 20631
1695263885, 0, 0, 33, 0, 0, 8339.84, 4, 0, 0, 18.87, 1896, 1272, 8058.98, 21350, 20631
1695263887, 0, 0, 33, 0, 0, 8339.84, 4, 0, 0, 1.68, 1899, 1273, 8058.98, 21350, 20631
1695263887, 0, 0, 33, 0, 0, 8339.84, 4, 0, 0, 18.52, 1904, 1275, 8058.98, 21350, 20631
1695263888, 0, 0, 33, 0, 0, 8339.84, 4, 0, 0, 22.95, 1905, 1281, 8058.98, 21350, 20631
1695263890, 0, 0, 33, 0, 0, 8339.84, 4, 0, 0, 1.31, 1907, 1282, 8058.98, 21350, 20631
1695263894, 0, 0, 33, 0, 0, 8339.84, 4, 0, 0, 1.76, 1911, 1285, 8058.98, 21350, 20631
1695263898, 0, 0, 33, 0, 0, 8339.84, 4, 0, 0, 0.47, 1912, 1286, 8058.98, 21350, 20631
1695263899, 0, 0, 33, 0, 0, 8339.84, 4, 0, 0, 18.52, 1916, 1288, 8058.98, 21350, 20631
1695263901, 0, 0, 33, 0, 0, 8339.84, 4, 0, 0, 2.05, 1919, 1291, 8058.98, 21350, 20631
1695263904, 0, 0, 33, 0, 0, 8339.84, 4, 0, 0, 0.97, 1921, 1291, 8058.98, 21350, 20631
1695263904, 0, 0, 33, 0, 0, 8339.84, 4, 0, 0, 18.93, 1923, 1295, 8058.98, 21350, 20631
1695263904, 0, 0, 33, 0, 0, 8339.84, 4, 0, 0, 13.25, 1925, 1297, 8058.98, 21350, 20631
1695263909, 0, 0, 33, 0, 0, 8339.84, 4, 0, 0, 0.39, 1927, 1297, 8058.98, 21350, 20631
1695263910, 0, 0, 33, 0, 0, 8339.84, 4, 0, 0, 14.37, 1928, 1301, 8058.98, 21350, 20631
1695263910, 0, 0, 33, 0, 0, 8339.84, 4, 0, 0, 20.90, 1930, 1306, 8058.98, 21350, 20631
1695263913, 0, 0, 33, 0, 0, 8339.84, 4, 0, 0, 1.87, 1934, 1308, 8058.98, 21350, 20631
1695263913, 0, 0, 33, 0, 0, 8339.84, 4, 0, 0, 17.86, 1939, 1309, 8058.98, 21350, 20631
1695263916, 0, 0, 33, 0, 0, 8339.84, 4, 0, 0, 2.43, 1942, 1312, 8058.98, 21350, 20631
1695263916, 0, 0, 33, 0, 0, 8339.84, 4, 0, 0, 25.56, 1947, 1315, 8058.98, 21350, 20631
1695263917, 0, 0, 33, 0, 0, 8339.84, 4, 0, 0, 24.69, 1949, 1321, 8058.98, 21350, 20631
1695263918, 0, 0, 33, 0, 0, 8339.84, 4, 0, 0, 2.25, 1951, 1323, 8058.98, 21350, 20631
1695263924, 0, 0, 33, 0, 0, 8339.84, 4, 0, 0, 0.35, 1953, 1323, 8058.98, 21350, 20631
1695263926, 0, 0, 33, 0, 0, 8339.84, 4, 0, 0, 1.46, 1954, 1325, 8058.98, 21350, 20631
1695263927, 0, 0, 33, 0, 0, 8339.84, 4, 0, 0, 23.26, 1958, 1329, 8058.98, 21350, 20631
1695263931, 0, 0, 33, 0, 0, 8339.84, 4, 0, 0, 0.64, 1960, 1330, 8058.98, 21350, 20631
1695263935, 0, 0, 33, 0, 0, 8339.84, 4, 0, 0, 0.73, 1962, 1331, 8058.98, 21350, 20631
1695263940, 0, 0, 33, 0, 0, 8339.84, 4, 0, 0, 0.22, 1963, 1331, 8058.98, 21350, 20631
1695263945, 0, 0, 33, 0, 0, 8339.84, 4, 0, 0, 0.20, 1964, 1331, 8058.98, 21350, 20631
1695263945, 0, 0, 33, 0, 0, 8339.84, 4, 0, 0, 21.74, 1969, 1334, 8058.98, 21350, 20631
1695263949, 0, 0, 33, 0, 0, 8339.84, 4, 0, 0, 0.53, 1971, 1334, 8058.98, 21350, 20631
1695263952, 0, 0, 33, 0, 0, 8339.84, 4, 0, 0, 0.92, 1973, 1335, 8058.98, 21350, 20631
1695263955, 0, 0, 33, 0, 0, 8339.84, 4, 0, 0, 2.63, 1978, 1337, 8058.98, 21350, 20631
1695263955, 0, 0, 33, 0, 0, 8339.84, 4, 0, 0, 19.29, 1980, 1341, 8058.98, 21350, 20631
1695263956, 0, 0, 33, 0, 0, 8339.84, 4, 0, 0, 16.13, 1985, 1341, 8058.98, 21350, 20631
1695263956, 0, 0, 33, 0, 0, 8339.84, 4, 0, 0, 22.15, 1989, 1344, 8058.98, 21350, 20631
1695263958, 0, 0, 33, 0, 0, 8339.84, 4, 0, 0, 2.10, 1992, 1346, 8058.98, 21350, 20631
1695263966, 0, 0, 33, 0, 0, 8339.84, 4, 0, 0, 0.39, 1994, 1347, 8058.98, 21350, 20631
1695263966, 0, 0, 33, 0, 0, 8339.84, 4, 0, 0, 22.65, 1998, 1350, 8058.98, 21350, 20631
1695263967, 0, 0, 33, 0, 0, 8339.84, 4, 0, 0, 21.54, 2001, 1354, 8058.98, 21350, 20631
1695263967, 0, 0, 33, 0, 0, 8339.84, 4, 0, 0, 21.94, 2006, 1356, 8058.98, 21350, 20631
1695263967, 0, 0, 33, 0, 0, 8339.84, 4, 0, 0, 11.43, 2010, 1356, 8058.98, 21350, 20631
1695263969, 0, 0, 33, 0, 0, 8339.84, 4, 0, 0, 0.47, 2011, 1356, 8058.98, 21350, 20631
1695263970, 0, 0, 33, 0, 0, 8339.84, 4, 0, 0, 16.45, 2015, 1357, 8058.98, 21350, 20631
1695263979, 0, 0, 33, 0, 0, 8339.84, 4, 0, 0, 0.21, 2016, 1358, 8058.98, 21350, 20631
1695263979, 0, 0, 33, 0, 0, 8339.84, 4, 0, 0, 22.15, 2018, 1363, 8058.98, 21350, 20631
1695263980, 0, 0, 33, 0, 0, 8339.84, 4, 0, 0, 15.42, 2022, 1365, 8058.98, 21350, 20631
1695263980, 0, 0, 33, 0, 0, 8339.84, 4, 0, 0, 17.80, 2027, 1366, 8058.98, 21350, 20631
1695263983, 0, 0, 33, 0, 0, 8339.84, 4, 0, 0, 0.81, 2029, 1366, 8058.98, 21350, 20631
1695263983, 0, 0, 33, 0, 0, 8339.84, 4, 0, 0, 21.02, 2033, 1369, 8058.98, 21350, 20631
1695263993, 0, 0, 33, 0, 0, 8339.84, 4, 0, 0, 0.48, 2036, 1371, 8058.98, 21350, 20631
1695263996, 0, 0, 33, 0, 0, 8339.84, 4, 0, 0, 1.34, 2039, 1371, 8058.98, 21350, 20631
1695263996, 0, 0, 33, 0, 0, 8339.84, 4, 0, 0, 23.03, 2043, 1374, 8058.98, 21350, 20631
1695264036, 0, 0, 33, 0, 0, 8339.84, 4, 0, 0, 0.07, 2046, 1374, 8058.98, 21350, 20631
1695264062, 0, 0, 33, 0, 0, 8339.84, 4, 0, 0, 0.08, 2048, 1374, 8058.98, 21350, 20631
1695264062, 0, 0, 33, 0, 0, 8339.84, 4, 0, 0, 16.18, 2050, 1377, 8058.98, 21350, 20631
1695264068, 0, 0, 33, 0, 0, 8339.84, 4, 0, 0, 0.34, 2052, 1377, 8058.98, 21350, 20631
1695264070, 0, 0, 33, 0, 0, 8339.84, 4, 0, 0, 2.05, 2056, 1378, 8058.98, 21350, 20631
1695264073, 0, 0, 33, 0, 0, 8339.84, 4, 0, 0, 0.83, 2058, 1378, 8058.98, 21350, 20631
1695264081, 0, 0, 33, 0, 0, 8339.84, 4, 0, 0, 0.23, 2060, 1378, 8058.98, 21350, 20631
1695264084, 0, 0, 33, 0, 0, 8339.84, 4, 0, 0, 1.56, 2063, 1379, 8058.98, 21350, 20631
1695264084, 0, 0, 33, 0, 0, 8339.84, 4, 0, 0, 21.67, 2066, 1383, 8058.98, 21350, 20631
1695264087, 0, 0, 33, 0, 0, 8339.84, 4, 0, 0, 1.55, 2068, 1385, 8058.98, 21350, 20631
1695264090, 0, 0, 33, 0, 0, 8339.84, 4, 0, 0, 0.37, 2069, 1385, 8058.98, 21350, 20631
1695264095, 0, 0, 33, 0, 0, 8339.84, 4, 0, 0, 0.58, 2071, 1386, 8058.98, 21350, 20631
1695264095, 0, 0, 33, 0, 0, 8339.84, 4, 0, 0, 18.99, 2075, 1388, 8058.98, 21350, 20631
1695264099, 0, 0, 33, 0, 0, 8339.84, 4, 0, 0, 1.09, 2078, 1389, 8058.98, 21350, 20631
1695264102, 0, 0, 33, 0, 0, 8339.84, 4, 0, 0, 0.27, 2079, 1389, 8058.98, 21350, 20631
1695264109, 0, 0, 33, 0, 0, 8339.84, 4, 0, 0, 0.48, 2080, 1391, 8058.98, 21350, 20631
1695264109, 0, 0, 33, 0, 0, 8339.84, 4, 0, 0, 11.02, 2084, 1391, 8058.98, 21350, 20631
1695264112, 0, 0, 33, 0, 0, 8339.84, 4, 0, 0, 1.80, 2088, 1392, 8058.98, 21350, 20631
1695264114, 0, 0, 33, 0, 0, 8339.84, 4, 0, 0, 0.90, 2090, 1392, 8058.98, 21350, 20631
1695264116, 0, 0, 33, 0, 0, 8339.84, 4, 0, 0, 1.03, 2091, 1393, 8058.98, 21350, 20631
1695264120, 0, 0, 33, 0, 0, 8339.84, 4, 0, 0, 0.75, 2093, 1394, 8058.98, 21350, 20631
1695264120, 0, 0, 33, 0, 0, 8339.84, 4, 0, 0, 7.65, 2096, 1394, 8058.98, 21350, 20631
1695264124, 0, 0, 33, 0, 0, 8339.84, 4, 0, 0, 0.28, 2097, 1394, 8058.98, 21350, 20631
1695264124, 0, 0, 33, 0, 0, 8339.84, 4, 0, 0, 14.41, 2100, 1396, 8058.98, 21350, 20631
1695264125, 0, 0, 33, 0, 0, 8339.84, 4, 0, 0, 18.02, 2104, 1398, 8058.98, 21350, 20631
1695264128, 0, 0, 33, 0, 0, 8339.84, 4, 0, 0, 1.52, 2106, 1401, 8058.98, 21350, 20631
1695264128, 0, 0, 33, 0, 0, 8339.84, 4, 0, 0, 19.93, 2110, 1403, 8058.98, 21350, 20631
1695264129, 0, 0, 33, 0, 0, 8339.84, 4, 0, 0, 15.43, 2113, 1405, 8058.98, 21350, 20631
1695264129, 0, 0, 33, 0, 0, 8339.84, 4, 0, 0, 15.29, 2117, 1406, 8058.98, 21350, 20631
1695264135, 0, 0, 33, 0, 0, 8339.84, 4, 0, 0, 0.52, 2118, 1408, 8058.98, 21350, 20631
1695264138, 0, 0, 33, 0, 0, 8339.84, 4, 0, 0, 1.24, 2121, 1409, 8058.98, 21350, 20631
1695264138, 0, 0, 33, 0, 0, 8339.84, 4, 0, 0, 21.74, 2126, 1411, 8058.98, 21350, 20631
1695264139, 0, 0, 33, 0, 0, 8339.84, 4, 0, 0, 10.87, 2129, 1412, 8058.98, 21350, 20631
1695264139, 0, 0, 33, 0, 0, 8339.84, 4, 0, 0, 17.49, 2133, 1414, 8058.98, 21350, 20631
1695264139, 0, 0, 33, 0, 0, 8339.84, 4, 0, 0, 18.40, 2137, 1416, 8058.98, 21350, 20631
1695264140, 0, 0, 33, 0, 0, 8339.84, 4, 0, 0, 18.69, 2142, 1417, 8058.98, 21350, 20631
1695264142, 0, 0, 33, 0, 0, 8339.84, 4, 0, 0, 1.82, 2145, 1418, 8058.98, 21350, 20631
1695264142, 0, 0, 33, 0, 0, 8339.84, 4, 0, 0, 18.13, 2150, 1419, 8058.98, 21350, 20631
1695264145, 0, 0, 33, 0, 0, 8339.84, 4, 0, 0, 0.32, 2151, 1419, 8058.98, 21350, 20631
1695264146, 0, 0, 33, 0, 0, 8339.84, 4, 0, 0, 6.93, 2153, 1420, 8058.98, 21350, 20631
1695264146, 0, 0, 33, 0, 0, 8339.84, 4, 0, 0, 11.49, 2154, 1423, 8058.98, 21350, 20631
1695264146, 0, 0, 33, 0, 0, 8339.84, 4, 0, 0, 4.83, 2155, 1424, 8058.98, 21350, 20631
1695264147, 0, 0, 33, 0, 0, 8339.84, 4, 0, 0, 13.03, 2156, 1427, 8058.98, 21350, 20631
1695264147, 0, 0, 33, 0, 0, 8339.84, 4, 0, 0, 14.01, 2160, 1428, 8058.98, 21350, 20631
1695264154, 0, 0, 33, 0, 0, 8339.84, 4, 0, 0, 0.30, 2162, 1428, 8058.98, 21350, 20631
1695264157, 0, 0, 33, 0, 0, 8339.84, 4, 0, 0, 1.39, 2166, 1428, 8058.98, 21350, 20631
1695264160, 0, 0, 33, 0, 0, 8339.84, 4, 0, 0, 1.16, 2170, 1428, 8058.98, 21350, 20631
1695264160, 0, 0, 33, 0, 0, 8339.84, 4, 0, 0, 12.82, 2172, 1430, 8058.98, 21350, 20631
1695264161, 0, 0, 33, 0, 0, 8339.84, 4, 0, 0, 7.43, 2175, 1430, 8058.98, 21350, 20631
1695264167, 0, 0, 33, 0, 0, 8339.84, 4, 0, 0, 0.68, 2177, 1432, 8058.98, 21350, 20631
1695264167, 0, 0, 33, 0, 0, 8339.84, 4, 0, 0, 16.23, 2180, 1434, 8058.98, 21350, 20631
1695264167, 0, 0, 33, 0, 0, 8339.84, 4, 0, 0, 19.35, 2182, 1438, 8058.98, 21350, 20631
1695264188, 0, 0, 33, 0, 0, 8339.84, 4, 0, 0, 0.05, 2183, 1438, 8058.98, 21350, 20631
1695264188, 0, 0, 33, 0, 0, 8339.84, 4, 0, 0, 12.38, 2186, 1439, 8058.98, 21350, 20631
1695264191, 0, 0, 33, 0, 0, 8339.84, 4, 0, 0, 0.69, 2187, 1440, 8058.98, 21350, 20631
1695264191, 0, 0, 33, 0, 0, 8339.84, 4, 0, 0, 19.54, 2189, 1444, 8058.98, 21350, 20631
1695264195, 0, 0, 33, 0, 0, 8339.84, 4, 0, 0, 1.02, 2193, 1444, 8058.98, 21350, 20631
1695264203, 0, 0, 33, 0, 0, 8339.84, 4, 0, 0, 0.25, 2194, 1445, 8058.98, 21350, 20631
1695264206, 0, 0, 33, 0, 0, 8339.84, 4, 0, 0, 0.82, 2195, 1446, 8058.98, 21350, 20631
1695264208, 0, 0, 33, 0, 0, 8339.84, 4, 0, 0, 0.85, 2196, 1447, 8058.98, 21350, 20631
1695264208, 0, 0, 33, 0, 0, 8339.84, 4, 0, 0, 2.88, 2197, 1447, 8058.98, 21350, 20631
1695264214, 0, 0, 33, 0, 0, 8339.84, 4, 0, 0, 0.18, 2198, 1447, 8058.98, 21350, 20631
1695264217, 0, 0, 33, 0, 0, 8339.84, 4, 0, 0, 1.52, 2200, 1450, 8058.98, 21350, 20631
1695264218, 0, 0, 33, 0, 0, 8339.84, 4, 0, 0, 18.18, 2201, 1455, 8058.98, 21350, 20631
1695264220, 0, 0, 33, 0, 0, 8339.84, 4, 0, 0, 1.16, 2204, 1455, 8058.98, 21350, 20631
1695264225, 0, 0, 33, 0, 0, 8339.84, 4, 0, 0, 1.14, 2207, 1457, 8058.98, 21350, 20631
1695264225, 0, 0, 33, 0, 0, 8339.84, 4, 0, 0, 7.98, 2207, 1460, 8058.98, 21350, 20631
1695264225, 0, 0, 33, 0, 0, 8339.84, 4, 0, 0, 11.80, 2208, 1463, 8058.98, 21350, 20631
1695264226, 0, 0, 33, 0, 0, 8339.84, 4, 0, 0, 10.78, 2210, 1465, 8058.98, 21350, 20631
1695264226, 0, 0, 33, 0, 0, 8339.84, 4, 0, 0, 9.93, 2213, 1465, 8058.98, 21350, 20631
1695264226, 0, 0, 33, 0, 0, 8339.84, 4, 0, 0, 12.99, 2215, 1467, 8058.98, 21350, 20631
1695264227, 0, 0, 33, 0, 0, 8339.84, 4, 0, 0, 5.38, 2216, 1468, 8058.98, 21350, 20631
1695264230, 0, 0, 33, 0, 0, 8339.84, 4, 0, 0, 0.96, 2218, 1469, 8058.98, 21350, 20631
1695264233, 0, 0, 33, 0, 0, 8339.84, 4, 0, 0, 0.37, 2219, 1469, 8058.98, 21350, 20631
1695264244, 0, 0, 33, 0, 0, 8339.84, 4, 0, 0, 0.09, 2220, 1469, 8058.98, 21350, 20631
1695264244, 0, 0, 33, 0, 0, 8339.84, 4, 0, 0, 6.67, 2221, 1470, 8058.98, 21350, 20631
1695264250, 0, 0, 33, 0, 0, 8339.84, 4, 0, 0, 0.18, 2222, 1470, 8058.98, 21350, 20631
1695264250, 0, 0, 33, 0, 0, 8339.84, 4, 0, 0, 16.90, 2225, 1473, 8058.98, 21350, 20631
1695264251, 0, 0, 33, 0, 0, 8339.84, 4, 0, 0, 18.63, 2230, 1474, 8058.98, 21350, 20631
1695264251, 0, 0, 33, 0, 0, 8339.84, 4, 0, 0, 11.70, 2231, 1477, 8058.98, 21350, 20631
1695264251, 0, 0, 33, 0, 0, 8339.84, 4, 0, 0, 13.07, 2231, 1481, 8058.98, 21350, 20631
1695264256, 0, 0, 33, 0, 0, 8339.84, 4, 0, 0, 0.21, 2232, 1481, 8058.98, 21350, 20631
1695264256, 0, 0, 33, 0, 0, 8339.84, 4, 0, 0, 9.97, 2235, 1481, 8058.98, 21350, 20631
1695264259, 0, 0, 33, 0, 0, 8339.84, 4, 0, 0, 0.64, 2237, 1481, 8058.98, 21350, 20631
1695264260, 0, 0, 33, 0, 0, 8339.84, 4, 0, 0, 9.17, 2239, 1483, 8058.98, 21350, 20631
1695264265, 0, 0, 33, 0, 0, 8339.84, 4, 0, 0, 0.18, 2240, 1483, 8058.98, 21350, 20631
1695264276, 0, 0, 33, 0, 0, 8339.84, 4, 0, 0, 0.09, 2241, 1483, 8058.98, 21350, 20631
1695264276, 0, 0, 33, 0, 0, 8339.84, 4, 0, 0, 14.49, 2243, 1486, 8058.98, 21350, 20631
1695264277, 0, 0, 33, 0, 0, 8339.84, 4, 0, 0, 15.15, 2247, 1487, 8058.98, 21350, 20631
1695264277, 0, 0, 33, 0, 0, 8339.84, 4, 0, 0, 8.82, 2250, 1487, 8058.98, 21350, 20631
1695264281, 0, 0, 33, 0, 0, 8339.84, 4, 0, 0, 1.15, 2252, 1489, 8058.98, 21350, 20631
1695264285, 0, 0, 33, 0, 0, 8339.84, 4, 0, 0, 0.21, 2253, 1489, 8058.98, 21350, 20631
1695264290, 0, 0, 33, 0, 0, 8339.84, 4, 0, 0, 0.70, 2256, 1489, 8058.98, 21350, 20631
1695264290, 0, 0, 33, 0, 0, 8339.84, 4, 0, 0, 9.58, 2257, 1491, 8058.98, 21350, 20631
1695264290, 0, 0, 33, 0, 0, 8339.84, 4, 0, 0, 12.20, 2259, 1493, 8058.98, 21350, 20631
1695264290, 0, 0, 33, 0, 0, 8339.84, 4, 0, 0, 13.29, 2262, 1494, 8058.98, 21350, 20631
1695264291, 0, 0, 33, 0, 0, 8339.84, 4, 0, 0, 10.10, 2266, 1494, 8058.98, 21350, 20631
1695264294, 0, 0, 33, 0, 0, 8339.84, 4, 0, 0, 1.23, 2268, 1496, 8058.98, 21350, 20631
1695264294, 0, 0, 33, 0, 0, 8339.84, 4, 0, 0, 14.45, 2271, 1498, 8058.98, 21350, 20631
1695264299, 0, 0, 33, 0, 0, 8339.84, 4, 0, 0, 0.21, 2272, 1498, 8058.98, 21350, 20631
1695264300, 0, 0, 33, 0, 0, 8339.84, 4, 0, 0, 6.29, 2274, 1498, 8058.98, 21350, 20631
1695264300, 0, 0, 33, 0, 0, 8339.84, 4, 0, 0, 10.03, 2276, 1500, 8058.98, 21350, 20631
1695264300, 0, 0, 33, 0, 0, 8339.84, 4, 0, 0, 12.08, 2278, 1502, 8058.98, 21350, 20631
1695264305, 0, 0, 33, 0, 0, 8339.84, 4, 0, 0, 0.21, 2279, 1502, 8058.98, 21350, 20631
1695264309, 0, 0, 33, 0, 0, 8339.84, 4, 0, 0, 0.24, 2280, 1502, 8058.98, 21350, 20631
1695264310, 0, 0, 33, 0, 0, 8339.84, 4, 0, 0, 11.70, 2284, 1502, 8058.98, 21350, 20631
1695264310, 0, 0, 33, 0, 0, 8339.84, 4, 0, 0, 13.66, 2289, 1502, 8058.98, 21350, 20631
1695264310, 0, 0, 33, 0, 0, 8339.84, 4, 0, 0, 11.70, 2291, 1504, 8058.98, 21350, 20631
1695264314, 0, 0, 33, 0, 0, 8339.84, 4, 0, 0, 0.30, 2292, 1504, 8058.98, 21350, 20631
1695264314, 0, 0, 33, 0, 0, 8339.84, 4, 0, 0, 6.37, 2293, 1505, 8058.98, 21350, 20631
1695264314, 0, 0, 33, 0, 0, 8339.84, 4, 0, 0, 7.98, 2294, 1507, 8058.98, 21350, 20631
1695264320, 0, 0, 33, 0, 0, 8339.84, 4, 0, 0, 0.74, 2297, 1508, 8058.98, 21350, 20631
1695264320, 0, 0, 33, 0, 0, 8339.84, 4, 0, 0, 6.37, 2299, 1508, 8058.98, 21350, 20631
1695264320, 0, 0, 33, 0, 0, 8339.84, 4, 0, 0, 9.58, 2302, 1508, 8058.98, 21350, 20631
1695264323, 0, 0, 33, 0, 0, 8339.84, 4, 0, 0, 0.65, 2304, 1508, 8058.98, 21350, 20631
1695264327, 0, 0, 33, 0, 0, 8339.84, 4, 0, 0, 0.30, 2305, 1508, 8058.98, 21350, 20631
1695264327, 0, 0, 33, 0, 0, 8339.84, 4, 0, 0, 16.61, 2307, 1511, 8058.98, 21350, 20631
1695264331, 0, 0, 33, 0, 0, 8339.84, 4, 0, 0, 0.50, 2309, 1511, 8058.98, 21350, 20631
1695264332, 0, 0, 33, 0, 0, 8339.84, 4, 0, 0, 7.85, 2309, 1514, 8058.98, 21350, 20631
1695264332, 0, 0, 33, 0, 0, 8339.84, 4, 0, 0, 9.52, 2309, 1517, 8058.98, 21350, 20631
1695264336, 0, 0, 33, 0, 0, 8339.84, 4, 0, 0, 0.44, 2311, 1517, 8058.98, 21350, 20631
1695264341, 0, 0, 33, 0, 0, 8339.84, 4, 0, 0, 0.42, 2313, 1517, 8058.98, 21350, 20631
1695264342, 0, 0, 33, 0, 0, 8339.84, 4, 0, 0, 11.30, 2316, 1518, 8058.98, 21350, 20631
1695264342, 0, 0, 33, 0, 0, 8339.84, 4, 0, 0, 12.29, 2319, 1520, 8058.98, 21350, 20631
1695264342, 0, 0, 33, 0, 0, 8339.84, 4, 0, 0, 15.20, 2321, 1523, 8058.98, 21350, 20631
1695264343, 0, 0, 33, 0, 0, 8339.84, 4, 0, 0, 16.03, 2323, 1526, 8058.98, 21350, 20631
1695264343, 0, 0, 33, 0, 0, 8339.84, 4, 0, 0, 13.89, 2327, 1527, 8058.98, 21350, 20631
1695264346, 0, 0, 33, 0, 0, 8339.84, 4, 0, 0, 1.25, 2330, 1528, 8058.98, 21350, 20631
1695264347, 0, 0, 33, 0, 0, 8339.84, 4, 0, 0, 4.63, 2331, 1529, 8058.98, 21350, 20631
1695264347, 0, 0, 33, 0, 0, 8339.84, 4, 0, 0, 6.79, 2333, 1530, 8058.98, 21350, 20631
1695264347, 0, 0, 33, 0, 0, 8339.84, 4, 0, 0, 9.83, 2336, 1531, 8058.98, 21350, 20631
1695264352, 0, 0, 33, 0, 0, 8339.84, 4, 0, 0, 0.20, 2337, 1531, 8058.98, 21350, 20631
1695264356, 0, 0, 33, 0, 0, 8339.84, 4, 0, 0, 0.29, 2338, 1531, 8058.98, 21350, 20631
1695264361, 0, 0, 33, 0, 0, 8339.84, 4, 0, 0, 0.37, 2340, 1531, 8058.98, 21350, 20631
1695264362, 0, 0, 33, 0, 0, 8339.84, 4, 0, 0, 8.26, 2343, 1531, 8058.98, 21350, 20631
1695264362, 0, 0, 33, 0, 0, 8339.84, 4, 0, 0, 13.12, 2347, 1532, 8058.98, 21350, 20631
1695264370, 0, 0, 33, 0, 0, 8339.84, 4, 0, 0, 0.26, 2348, 1533, 8058.98, 21350, 20631
1695264370, 0, 0, 33, 0, 0, 8339.84, 4, 0, 0, 8.80, 2350, 1534, 8058.98, 21350, 20631
1695264370, 0, 0, 33, 0, 0, 8339.84, 4, 0, 0, 11.76, 2351, 1537, 8058.98, 21350, 20631
1695264371, 0, 0, 33, 0, 0, 8339.84, 4, 0, 0, 9.87, 2353, 1538, 8058.98, 21350, 20631
1695264371, 0, 0, 33, 0, 0, 8339.84, 4, 0, 0, 11.27, 2356, 1539, 8058.98, 21350, 20631
1695264374, 0, 0, 33, 0, 0, 8339.84, 4, 0, 0, 0.60, 2357, 1540, 8058.98, 21350, 20631
1695264375, 0, 0, 33, 0, 0, 8339.84, 4, 0, 0, 14.01, 2361, 1541, 8058.98, 21350, 20631
1695264375, 0, 0, 33, 0, 0, 8339.84, 4, 0, 0, 12.01, 2363, 1543, 8058.98, 21350, 20631
1695264375, 0, 0, 33, 0, 0, 8339.84, 4, 0, 0, 11.40, 2367, 1543, 8058.98, 21350, 20631
1695264379, 0, 0, 33, 0, 0, 8339.84, 4, 0, 0, 1.33, 2370, 1545, 8058.98, 21350, 20631
1695264385, 0, 0, 33, 0, 0, 8339.84, 4, 0, 0, 0.18, 2371, 1545, 8058.98, 21350, 20631
1695264388, 0, 0, 33, 0, 0, 8339.84, 4, 0, 0, 0.30, 2372, 1545, 8058.98, 21350, 20631
1695264396, 0, 0, 33, 0, 0, 8339.84, 4, 0, 0, 0.12, 2373, 1545, 8058.98, 21350, 20631
1695264397, 0, 0, 33, 0, 0, 8339.84, 4, 0, 0, 11.27, 2376, 1546, 8058.98, 21350, 20631
1695264397, 0, 0, 33, 0, 0, 8339.84, 4, 0, 0, 6.64, 2379, 1546, 8058.98, 21350, 20631
1695264398, 0, 0, 33, 0, 0, 8339.84, 4, 0, 0, 4.34, 2379, 1548, 8058.98, 21350, 20631
1695264398, 0, 0, 33, 0, 0, 8339.84, 4, 0, 0, 5.22, 2381, 1548, 8058.98, 21350, 20631
1695264402, 0, 0, 33, 0, 0, 8339.84, 4, 0, 0, 0.69, 2384, 1548, 8058.98, 21350, 20631
1695264403, 0, 0, 33, 0, 0, 8339.84, 4, 0, 0, 8.77, 2386, 1549, 8058.98, 21350, 20631
1695264403, 0, 0, 33, 0, 0, 8339.84, 4, 0, 0, 12.08, 2390, 1549, 8058.98, 21350, 20631
1695264404, 0, 0, 33, 0, 0, 8339.84, 4, 0, 0, 11.17, 2392, 1551, 8058.98, 21350, 20631
1695264404, 0, 0, 33, 0, 0, 8339.84, 4, 0, 0, 11.11, 2394, 1553, 8058.98, 21350, 20631
1695264407, 0, 0, 33, 0, 0, 8339.84, 4, 0, 0, 0.28, 2395, 1553, 8058.98, 21350, 20631
1695264408, 0, 0, 33, 0, 0, 8339.84, 4, 0, 0, 13.33, 2399, 1554, 8058.98, 21350, 20631
1695264412, 0, 0, 33, 0, 0, 8339.84, 4, 0, 0, 1.05, 2401, 1556, 8058.98, 21350, 20631
1695264412, 0, 0, 33, 0, 0, 8339.84, 4, 0, 0, 9.23, 2403, 1557, 8058.98, 21350, 20631
1695264412, 0, 0, 33, 0, 0, 8339.84, 4, 0, 0, 6.20, 2405, 1558, 8058.98, 21350, 20631
1695264417, 0, 0, 33, 0, 0, 8339.84, 4, 0, 0, 0.21, 2406, 1558, 8058.98, 21350, 20631
1695264420, 0, 0, 33, 0, 0, 8339.84, 4, 0, 0, 1.22, 2408, 1560, 8058.98, 21350, 20631
1695264421, 0, 0, 33, 0, 0, 8339.84, 4, 0, 0, 11.43, 2408, 1564, 8058.98, 21350, 20631
1695264421, 0, 0, 33, 0, 0, 8339.84, 4, 0, 0, 15.63, 2411, 1566, 8058.98, 21350, 20631
1695264425, 0, 0, 33, 0, 0, 8339.84, 4, 0, 0, 0.74, 2412, 1568, 8058.98, 21350, 20631
1695264431, 0, 0, 33, 0, 0, 8339.84, 4, 0, 0, 0.55, 2415, 1568, 8058.98, 21350, 20631
1695264431, 0, 0, 33, 0, 0, 8339.84, 4, 0, 0, 6.56, 2417, 1568, 8058.98, 21350, 20631
1695264431, 0, 0, 33, 0, 0, 8339.84, 4, 0, 0, 7.16, 2418, 1570, 8058.98, 21350, 20631
1695264432, 0, 0, 33, 0, 0, 8339.84, 4, 0, 0, 6.49, 2420, 1570, 8058.98, 21350, 20631
1695264432, 0, 0, 33, 0, 0, 8339.84, 4, 0, 0, 9.35, 2422, 1571, 8058.98, 21350, 20631
1695264432, 0, 0, 33, 0, 0, 8339.84, 4, 0, 0, 9.20, 2423, 1573, 8058.98, 21350, 20631
1695264433, 0, 0, 33, 0, 0, 8339.84, 4, 0, 0, 11.87, 2423, 1577, 8058.98, 21350, 20631
1695264433, 0, 0, 33, 0, 0, 8339.84, 4, 0, 0, 14.79, 2428, 1577, 8058.98, 21350, 20631
1695264433, 0, 0, 33, 0, 0, 8339.84, 4, 0, 0, 11.27, 2430, 1579, 8058.98, 21350, 20631
1695264437, 0, 0, 33, 0, 0, 8339.84, 4, 0, 0, 0.27, 2431, 1579, 8058.98, 21350, 20631
1695264440, 0, 0, 33, 0, 0, 8339.84, 4, 0, 0, 0.78, 2431, 1581, 8058.98, 21350, 20631
1695264440, 0, 0, 33, 0, 0, 8339.84, 4, 0, 0, 10.47, 2432, 1584, 8058.98, 21350, 20631
1695264444, 0, 0, 33, 0, 0, 8339.84, 4, 0, 0, 0.28, 2433, 1584, 8058.98, 21350, 20631
1695264449, 0, 0, 33, 0, 0, 8339.84, 4, 0, 0, 0.20, 2434, 1584, 8058.98, 21350, 20631
1695264449, 0, 0, 33, 0, 0, 8339.84, 4, 0, 0, 10.84, 2436, 1586, 8058.98, 21350, 20631
1695264449, 0, 0, 33, 0, 0, 8339.84, 4, 0, 0, 12.46, 2439, 1587, 8058.98, 21350, 20631
1695264450, 0, 0, 33, 0, 0, 8339.84, 4, 0, 0, 9.52, 2442, 1587, 8058.98, 21350, 20631
1695264454, 0, 0, 33, 0, 0, 8339.84, 4, 0, 0, 0.23, 2443, 1587, 8058.98, 21350, 20631
1695264457, 0, 0, 33, 0, 0, 8339.84, 4, 0, 0, 0.35, 2444, 1587, 8058.98, 21350, 20631
1695264464, 0, 0, 33, 0, 0, 8339.84, 4, 0, 0, 0.58, 2447, 1588, 8058.98, 21350, 20631
1695264467, 0, 0, 33, 0, 0, 8339.84, 4, 0, 0, 0.32, 2448, 1588, 8058.98, 21350, 20631
1695264467, 0, 0, 33, 0, 0, 8339.84, 4, 0, 0, 8.96, 2451, 1588, 8058.98, 21350, 20631
1695264468, 0, 0, 33, 0, 0, 8339.84, 4, 0, 0, 13.97, 2454, 1590, 8058.98, 21350, 20631
1695264468, 0, 0, 33, 0, 0, 8339.84, 4, 0, 0, 8.47, 2456, 1591, 8058.98, 21350, 20631
1695264471, 0, 0, 33, 0, 0, 8339.84, 4, 0, 0, 1.02, 2457, 1593, 8058.98, 21350, 20631
1695264471, 0, 0, 33, 0, 0, 8339.84, 4, 0, 0, 8.80, 2458, 1595, 8058.98, 21350, 20631
1695264472, 0, 0, 33, 0, 0, 8339.84, 4, 0, 0, 12.58, 2460, 1597, 8058.98, 21350, 20631
1695264472, 0, 0, 33, 0, 0, 8339.84, 4, 0, 0, 14.97, 2462, 1600, 8058.98, 21350, 20631
1695264472, 0, 0, 33, 0, 0, 8339.84, 4, 0, 0, 11.87, 2465, 1601, 8058.98, 21350, 20631
1695264473, 0, 0, 33, 0, 0, 8339.84, 4, 0, 0, 9.09, 2468, 1602, 8058.98, 21350, 20631
1695264473, 0, 0, 33, 0, 0, 8339.84, 4, 0, 0, 9.29, 2471, 1602, 8058.98, 21350, 20631
1695264474, 0, 0, 33, 0, 0, 8339.84, 4, 0, 0, 3.10, 2472, 1603, 8058.98, 21350, 20631
1695264474, 0, 0, 33, 0, 0, 8339.84, 4, 0, 0, 9.64, 2475, 1604, 8058.98, 21350, 20631
1695264474, 0, 0, 33, 0, 0, 8339.84, 4, 0, 0, 8.04, 2477, 1605, 8058.98, 21350, 20631
1695264475, 0, 0, 33, 0, 0, 8339.84, 4, 0, 0, 6.32, 2478, 1607, 8058.98, 21350, 20631
1695264475, 0, 0, 33, 0, 0, 8339.84, 4, 0, 0, 3.09, 2479, 1607, 8058.98, 21350, 20631
1695264479, 0, 0, 33, 0, 0, 8339.84, 5, 0, 0, 0.74, 2480, 1609, 8058.98, 21350, 20631
1695264525, 0, 0, 33, 0, 0, 8339.84, 5, 0, 0, 0.04, 2482, 1609, 8058.98, 21350, 20631
1695264528, 0, 0, 33, 0, 0, 8339.84, 5, 0, 0, 1.16, 2484, 1611, 8058.98, 21350, 20631
1695264531, 0, 0, 33, 0, 0, 8339.84, 5, 0, 0, 0.62, 2486, 1611, 8058.98, 21350, 20631
1695264537, 0, 0, 33, 0, 0, 8339.84, 5, 0, 0, 0.51, 2488, 1612, 8058.98, 21350, 20631
1695264538, 0, 0, 33, 0, 0, 8339.84, 5, 0, 0, 6.27, 2490, 1612, 8058.98, 21350, 20631
1695264538, 0, 0, 33, 0, 0, 8339.84, 5, 0, 0, 9.43, 2491, 1614, 8058.98, 21350, 20631
1695264542, 0, 0, 33, 0, 0, 8339.84, 5, 0, 0, 0.67, 2493, 1615, 8058.98, 21350, 20631
1695264584, 0, 0, 33, 0, 0, 8339.84, 5, 0, 0, 0.02, 2494, 1615, 8058.98, 21350, 20631
1695264584, 0, 0, 33, 0, 0, 8339.84, 5, 0, 0, 6.70, 2496, 1616, 8058.98, 21350, 20631
1695264584, 0, 0, 33, 0, 0, 8339.84, 5, 0, 0, 8.22, 2497, 1618, 8058.98, 21350, 20631
1695264585, 0, 0, 33, 0, 0, 8339.84, 5, 0, 0, 12.99, 2498, 1621, 8058.98, 21350, 20631
1695264588, 0, 0, 33, 0, 0, 8339.84, 5, 0, 0, 0.60, 2500, 1621, 8058.98, 21350, 20631
1695264588, 0, 0, 33, 0, 0, 8339.84, 5, 0, 0, 10.75, 2502, 1623, 8058.98, 21350, 20631
1695264589, 0, 0, 33, 0, 0, 8339.84, 5, 0, 0, 12.12, 2504, 1625, 8058.98, 21350, 20631
1695264589, 0, 0, 33, 0, 0, 8339.84, 5, 0, 0, 12.27, 2507, 1626, 8058.98, 21350, 20631
1695264589, 0, 0, 33, 0, 0, 8339.84, 5, 0, 0, 9.58, 2509, 1627, 8058.98, 21350, 20631
1695264590, 0, 0, 33, 0, 0, 8339.84, 5, 0, 0, 11.83, 2510, 1630, 8058.98, 21350, 20631
1695264593, 0, 0, 33, 0, 0, 8339.84, 5, 0, 0, 1.05, 2513, 1630, 8058.98, 21350, 20631
1695264593, 0, 0, 33, 0, 0, 8339.84, 5, 0, 0, 13.74, 2514, 1634, 8058.98, 21350, 20631
1695264593, 0, 0, 33, 0, 0, 8339.84, 5, 0, 0, 12.20, 2515, 1637, 8058.98, 21350, 20631
1695264628, 0, 0, 33, 0, 0, 8339.84, 5, 0, 0, 0.06, 2516, 1638, 8058.98, 21350, 20631
1695264635, 0, 0, 33, 0, 0, 8339.84, 5, 0, 0, 0.73, 2520, 1639, 8058.98, 21350, 20631
1695264635, 0, 0, 33, 0, 0, 8339.84, 5, 0, 0, 5.60, 2520, 1641, 8058.98, 21350, 20631
1695264641, 0, 0, 33, 0, 0, 8339.84, 5, 0, 0, 0.16, 2521, 1641, 8058.98, 21350, 20631
1695264642, 0, 0, 33, 0, 0, 8339.84, 5, 0, 0, 11.40, 2522, 1644, 8058.98, 21350, 20631
1695264642, 0, 0, 33, 0, 0, 8339.84, 5, 0, 0, 11.14, 2524, 1646, 8058.98, 21350, 20631
1695264647, 0, 0, 33, 0, 0, 8339.84, 5, 0, 0, 0.73, 2528, 1646, 8058.98, 21350, 20631
1695264648, 0, 0, 33, 0, 0, 8339.84, 5, 0, 0, 11.46, 2530, 1648, 8058.98, 21350, 20631
1695264648, 0, 0, 33, 0, 0, 8339.84, 5, 0, 0, 9.43, 2531, 1650, 8058.98, 21350, 20631
1695264648, 0, 0, 33, 0, 0, 8339.84, 5, 0, 0, 12.70, 2533, 1652, 8058.98, 21350, 20631
1695264649, 0, 0, 33, 0, 0, 8339.84, 5, 0, 0, 6.64, 2535, 1652, 8058.98, 21350, 20631
1695264668, 0, 0, 33, 0, 0, 8339.84, 5, 0, 0, 0.21, 2538, 1653, 8058.98, 21350, 20631
1695264669, 0, 0, 33, 0, 0, 8339.84, 5, 0, 0, 13.29, 2541, 1654, 8058.98, 21350, 20631
1695264672, 0, 0, 33, 0, 0, 8339.84, 5, 0, 0, 0.31, 2542, 1654, 8058.98, 21350, 20631
1695264672, 0, 0, 33, 0, 0, 8339.84, 5, 0, 0, 11.90, 2544, 1656, 8058.98, 21350, 20631
1695264672, 0, 0, 33, 0, 0, 8339.84, 5, 0, 0, 11.66, 2547, 1657, 8058.98, 21350, 20631
1695264673, 0, 0, 33, 0, 0, 8339.84, 5, 0, 0, 14.12, 2549, 1660, 8058.98, 21350, 20631
1695264678, 0, 0, 33, 0, 0, 8339.84, 5, 0, 0, 0.61, 2551, 1661, 8058.98, 21350, 20631
1695264678, 0, 0, 33, 0, 0, 8339.84, 5, 0, 0, 5.80, 2551, 1663, 8058.98, 21350, 20631
1695264678, 0, 0, 33, 0, 0, 8339.84, 5, 0, 0, 6.67, 2552, 1664, 8058.98, 21350, 20631
1695264679, 0, 0, 33, 0, 0, 8339.84, 5, 0, 0, 9.80, 2555, 1664, 8058.98, 21350, 20631
1695264679, 0, 0, 33, 0, 0, 8339.84, 5, 0, 0, 7.21, 2557, 1665, 8058.98, 21350, 20631
1695264684, 0, 0, 33, 0, 0, 8339.84, 5, 0, 0, 0.22, 2558, 1665, 8058.98, 21350, 20631
1695264684, 0, 0, 33, 0, 0, 8339.84, 5, 0, 0, 12.74, 2559, 1668, 8058.98, 21350, 20631
1695264684, 0, 0, 33, 0, 0, 8339.84, 5, 0, 0, 5.93, 2560, 1669, 8058.98, 21350, 20631
1695264687, 0, 0, 33, 0, 0, 8339.84, 5, 0, 0, 0.31, 2561, 1669, 8058.98, 21350, 20631
1695264688, 0, 0, 33, 0, 0, 8339.84, 5, 0, 0, 9.46, 2562, 1671, 8058.98, 21350, 20631
1695264688, 0, 0, 33, 0, 0, 8339.84, 5, 0, 0, 12.54, 2563, 1674, 8058.98, 21350, 20631
1695264688, 0, 0, 33, 0, 0, 8339.84, 5, 0, 0, 9.06, 2566, 1674, 8058.98, 21350, 20631
1695264689, 0, 0, 33, 0, 0, 8339.84, 5, 0, 0, 7.48, 2568, 1675, 8058.98, 21350, 20631
1695264689, 0, 0, 33, 0, 0, 8339.84, 5, 0, 0, 4.39, 2569, 1676, 8058.98, 21350, 20631
1695264690, 0, 0, 33, 0, 0, 8339.84, 5, 0, 0, 7.06, 2570, 1678, 8058.98, 21350, 20631
1695264690, 0, 0, 33, 0, 0, 8339.84, 5, 0, 0, 9.01, 2570, 1681, 8058.98, 21350, 20631
1695264696, 0, 0, 33, 0, 0, 8339.84, 5, 0, 0, 0.34, 2572, 1681, 8058.98, 21350, 20631
1695264696, 0, 0, 33, 0, 0, 8339.84, 5, 0, 0, 5.10, 2573, 1682, 8058.98, 21350, 20631
1695264697, 0, 0, 33, 0, 0, 8339.84, 5, 0, 0, 11.66, 2575, 1684, 8058.98, 21350, 20631
1695264697, 0, 0, 33, 0, 0, 8339.84, 5, 0, 0, 8.02, 2578, 1684, 8058.98, 21350, 20631
1695264697, 0, 0, 33, 0, 0, 8339.84, 5, 0, 0, 11.20, 2579, 1687, 8058.98, 21350, 20631
1695264709, 0, 0, 33, 0, 0, 8339.84, 5, 0, 0, 0.26, 2582, 1687, 8058.98, 21350, 20631
1695264709, 0, 0, 33, 0, 0, 8339.84, 5, 0, 0, 5.95, 2583, 1688, 8058.98, 21350, 20631
1695264710, 0, 0, 33, 0, 0, 8339.84, 5, 0, 0, 9.68, 2585, 1689, 8058.98, 21350, 20631
1695264710, 0, 0, 33, 0, 0, 8339.84, 5, 0, 0, 7.26, 2586, 1691, 8058.98, 21350, 20631
1695264711, 0, 0, 33, 0, 0, 8339.84, 5, 0, 0, 9.35, 2588, 1693, 8058.98, 21350, 20631
1695264711, 0, 0, 33, 0, 0, 8339.84, 5, 0, 0, 11.94, 2590, 1695, 8058.98, 21350, 20631
1695264715, 0, 0, 33, 0, 0, 8339.84, 5, 0, 0, 0.27, 2591, 1695, 8058.98, 21350, 20631
1695264715, 0, 0, 33, 0, 0, 8339.84, 5, 0, 0, 7.09, 2594, 1695, 8058.98, 21350, 20631
1695264715, 0, 0, 33, 0, 0, 8339.84, 5, 0, 0, 7.94, 2597, 1695, 8058.98, 21350, 20631
1695264716, 0, 0, 33, 0, 0, 8339.84, 5, 0, 0, 11.08, 2598, 1698, 8058.98, 21350, 20631
1695264716, 0, 0, 33, 0, 0, 8339.84, 5, 0, 0, 12.70, 2601, 1699, 8058.98, 21350, 20631
1695264716, 0, 0, 33, 0, 0, 8339.84, 5, 0, 0, 8.24, 2602, 1701, 8058.98, 21350, 20631
1695264717, 0, 0, 33, 0, 0, 8339.84, 5, 0, 0, 10.72, 2603, 1704, 8058.98, 21350, 20631
1695264720, 0, 0, 33, 0, 0, 8339.84, 5, 0, 0, 1.48, 2605, 1706, 8058.98, 21350, 20631
1695264720, 0, 0, 33, 0, 0, 8339.84, 5, 0, 0, 11.24, 2609, 1706, 8058.98, 21350, 20631
1695264720, 0, 0, 33, 0, 0, 8339.84, 5, 0, 0, 7.87, 2611, 1707, 8058.98, 21350, 20631
1695264721, 0, 0, 33, 0, 0, 8339.84, 5, 0, 0, 10.72, 2613, 1709, 8058.98, 21350, 20631
1695264721, 0, 0, 33, 0, 0, 8339.84, 5, 0, 0, 2.82, 2615, 1709, 8058.98, 21350, 20631
1695264722, 0, 0, 33, 0, 0, 8339.84, 5, 0, 0, 3.25, 2615, 1710, 8058.98, 21350, 20631
1695264722, 0, 0, 33, 0, 0, 8339.84, 5, 0, 0, 7.71, 2618, 1710, 8058.98, 21350, 20631
1695264728, 0, 0, 33, 0, 0, 8339.84, 5, 0, 0, 0.32, 2620, 1710, 8058.98, 21350, 20631
1695264729, 0, 0, 33, 0, 0, 8339.84, 5, 0, 0, 8.33, 2623, 1710, 8058.98, 21350, 20631
1695264729, 0, 0, 33, 0, 0, 8339.84, 5, 0, 0, 11.11, 2626, 1711, 8058.98, 21350, 20631
1695264732, 0, 0, 33, 0, 0, 8339.84, 5, 0, 0, 0.63, 2627, 1712, 8058.98, 21350, 20631
1695264732, 0, 0, 33, 0, 0, 8339.84, 5, 0, 0, 11.49, 2629, 1714, 8058.98, 21350, 20631
1695264733, 0, 0, 33, 0, 0, 8339.84, 5, 0, 0, 9.90, 2632, 1714, 8058.98, 21350, 20631
1695264733, 0, 0, 33, 0, 0, 8339.84, 5, 0, 0, 12.74, 2633, 1717, 8058.98, 21350, 20631
1695264733, 0, 0, 33, 0, 0, 8339.84, 5, 0, 0, 11.70, 2637, 1717, 8058.98, 21350, 20631
1695264734, 0, 0, 33, 0, 0, 8339.84, 5, 0, 0, 10.58, 2638, 1720, 8058.98, 21350, 20631
1695264737, 0, 0, 33, 0, 0, 8339.84, 5, 0, 0, 0.64, 2639, 1721, 8058.98, 21350, 20631
1695264737, 0, 0, 33, 0, 0, 8339.84, 5, 0, 0, 10.10, 2641, 1723, 8058.98, 21350, 20631
1695264738, 0, 0, 33, 0, 0, 8339.84, 5, 0, 0, 5.81, 2641, 1725, 8058.98, 21350, 20631
1695264738, 0, 0, 33, 0, 0, 8339.84, 5, 0, 0, 5.21, 2643, 1725, 8058.98, 21350, 20631
1695264738, 0, 0, 33, 0, 0, 8339.84, 5, 0, 0, 6.43, 2644, 1726, 8058.98, 21350, 20631
1695264744, 0, 0, 33, 0, 0, 8339.84, 5, 0, 0, 0.36, 2645, 1727, 8058.98, 21350, 20631
1695264748, 0, 0, 33, 0, 0, 8339.84, 5, 0, 0, 0.50, 2647, 1727, 8058.98, 21350, 20631
1695264755, 0, 0, 33, 0, 0, 8339.84, 5, 0, 0, 0.29, 2649, 1727, 8058.98, 21350, 20631
1695264755, 0, 0, 33, 0, 0, 8339.84, 5, 0, 0, 9.43, 2650, 1729, 8058.98, 21350, 20631
1695264756, 0, 0, 33, 0, 0, 8339.84, 5, 0, 0, 4.56, 2651, 1730, 8058.98, 21350, 20631
1695264756, 0, 0, 33, 0, 0, 8339.84, 5, 0, 0, 1.65, 2651, 1731, 8058.98, 21350, 20631
1695264787, 0, 0, 33, 0, 0, 8339.84, 5, 0, 0, 0.03, 2652, 1731, 8058.98, 21350, 20631
1695264787, 0, 0, 33, 0, 0, 8339.84, 5, 0, 0, 4.31, 2653, 1732, 8058.98, 21350, 20631
1695264788, 0, 0, 33, 0, 0, 8339.84, 5, 0, 0, 5.09, 2654, 1733, 8058.98, 21350, 20631
1695264788, 0, 0, 33, 0, 0, 8339.84, 5, 0, 0, 6.37, 2656, 1733, 8058.98, 21350, 20631
1695264788, 0, 0, 33, 0, 0, 8339.84, 5, 0, 0, 3.96, 2658, 1733, 8058.98, 21350, 20631
1695264793, 0, 0, 33, 0, 0, 8339.84, 5, 0, 0, 0.19, 2659, 1733, 8058.98, 21350, 20631
1695264794, 0, 0, 33, 0, 0, 8339.84, 5, 0, 0, 10.00, 2660, 1735, 8058.98, 21350, 20631
1695264794, 0, 0, 33, 0, 0, 8339.84, 5, 0, 0, 4.74, 2662, 1735, 8058.98, 21350, 20631
1695264795, 0, 0, 33, 0, 0, 8339.84, 5, 0, 0, 8.88, 2665, 1735, 8058.98, 21350, 20631
1695264795, 0, 0, 33, 0, 0, 8339.84, 5, 0, 0, 10.64, 2666, 1738, 8058.98, 21350, 20631
1695264795, 0, 0, 33, 0, 0, 8339.84, 5, 0, 0, 8.65, 2667, 1740, 8058.98, 21350, 20631
1695264803, 0, 0, 33, 0, 0, 8339.84, 5, 0, 0, 0.14, 2668, 1740, 8058.98, 21350, 20631
1695264803, 0, 0, 33, 0, 0, 8339.84, 5, 0, 0, 3.13, 2668, 1741, 8058.98, 21350, 20631
1695264803, 0, 0, 33, 0, 0, 8339.84, 5, 0, 0, 4.24, 2669, 1742, 8058.98, 21350, 20631
1695264808, 0, 0, 33, 0, 0, 8339.84, 5, 0, 0, 0.70, 2671, 1743, 8058.98, 21350, 20631
1695264813, 0, 0, 33, 0, 0, 8339.84, 5, 0, 0, 0.58, 2673, 1744, 8058.98, 21350, 20631
1695264813, 0, 0, 33, 0, 0, 8339.84, 5, 0, 0, 10.81, 2676, 1745, 8058.98, 21350, 20631
1695264814, 0, 0, 33, 0, 0, 8339.84, 5, 0, 0, 11.46, 2678, 1747, 8058.98, 21350, 20631
1695264814, 0, 0, 33, 0, 0, 8339.84, 5, 0, 0, 9.23, 2680, 1748, 8058.98, 21350, 20631
1695264814, 0, 0, 33, 0, 0, 8339.84, 5, 0, 0, 6.64, 2682, 1749, 8058.98, 21350, 20631
1695264815, 0, 0, 33, 0, 0, 8339.84, 5, 0, 0, 9.68, 2685, 1749, 8058.98, 21350, 20631
1695264815, 0, 0, 33, 0, 0, 8339.84, 5, 0, 0, 11.08, 2687, 1751, 8058.98, 21350, 20631
1695264815, 0, 0, 33, 0, 0, 8339.84, 5, 0, 0, 10.03, 2688, 1754, 8058.98, 21350, 20631
1695264819, 0, 0, 33, 0, 0, 8339.84, 5, 0, 0, 0.30, 2689, 1754, 8058.98, 21350, 20631
1695264819, 0, 0, 33, 0, 0, 8339.84, 5, 0, 0, 8.15, 2691, 1755, 8058.98, 21350, 20631
1695264820, 0, 0, 33, 0, 0, 8339.84, 5, 0, 0, 2.62, 2692, 1755, 8058.98, 21350, 20631
1695264827, 0, 0, 33, 0, 0, 8339.84, 5, 0, 0, 0.13, 2693, 1755, 8058.98, 21350, 20631
1695264831, 0, 0, 33, 0, 0, 8339.84, 5, 0, 0, 0.70, 2696, 1755, 8058.98, 21350, 20631
1695264832, 0, 0, 33, 0, 0, 8339.84, 5, 0, 0, 12.62, 2697, 1758, 8058.98, 21350, 20631
1695264842, 0, 0, 33, 0, 0, 8339.84, 5, 0, 0, 0.09, 2698, 1758, 8058.98, 21350, 20631
1695264843, 0, 0, 33, 0, 0, 8339.84, 5, 0, 0, 2.09, 2699, 1758, 8058.98, 21350, 20631
1695264843, 0, 0, 33, 0, 0, 8339.84, 5, 0, 0, 5.52, 2701, 1758, 8058.98, 21350, 20631
1695264875, 0, 0, 33, 0, 0, 8339.84, 5, 0, 0, 0.09, 2702, 1760, 8058.98, 21350, 20631
1695264876, 0, 0, 33, 0, 0, 8339.84, 5, 0, 0, 5.09, 2704, 1760, 8058.98, 21350, 20631
1695264876, 0, 0, 33, 0, 0, 8339.84, 5, 0, 0, 7.35, 2706, 1761, 8058.98, 21350, 20631
1695264876, 0, 0, 33, 0, 0, 8339.84, 5, 0, 0, 7.54, 2706, 1764, 8058.98, 21350, 20631
1695264881, 0, 0, 33, 0, 0, 8339.84, 5, 0, 0, 0.48, 2707, 1765, 8058.98, 21350, 20631
1695264881, 0, 0, 33, 0, 0, 8339.84, 5, 0, 0, 6.37, 2709, 1766, 8058.98, 21350, 20631
1695264881, 0, 0, 33, 0, 0, 8339.84, 5, 0, 0, 8.04, 2709, 1769, 8058.98, 21350, 20631
1695264882, 0, 0, 33, 0, 0, 8339.84, 5, 0, 0, 8.45, 2710, 1771, 8058.98, 21350, 20631
1695264882, 0, 0, 33, 0, 0, 8339.84, 5, 0, 0, 6.42, 2712, 1772, 8058.98, 21350, 20631
1695264883, 0, 0, 33, 0, 0, 8339.84, 5, 0, 0, 10.42, 2715, 1773, 8058.98, 21350, 20631
1695264883, 0, 0, 33, 0, 0, 8339.84, 5, 0, 0, 11.56, 2716, 1776, 8058.98, 21350, 20631
1695264883, 0, 0, 33, 0, 0, 8339.84, 5, 0, 0, 12.82, 2716, 1780, 8058.98, 21350, 20631
1695264905, 0, 0, 33, 0, 0, 8339.84, 5, 0, 0, 0.05, 2717, 1780, 8058.98, 21350, 20631
1695264911, 0, 0, 33, 0, 0, 8339.84, 5, 0, 0, 0.51, 2719, 1781, 8058.98, 21350, 20631
1695264911, 0, 0, 33, 0, 0, 8339.84, 5, 0, 0, 4.11, 2720, 1782, 8058.98, 21350, 20631
1695264916, 0, 0, 33, 0, 0, 8339.84, 5, 0, 0, 0.20, 2721, 1782, 8058.98, 21350, 20631
1695264917, 0, 0, 33, 0, 0, 8339.84, 5, 0, 0, 10.39, 2721, 1786, 8058.98, 21350, 20631
1695264917, 0, 0, 33, 0, 0, 8339.84, 5, 0, 0, 9.62, 2723, 1788, 8058.98, 21350, 20631
1695264917, 0, 0, 33, 0, 0, 8339.84, 5, 0, 0, 9.97, 2726, 1788, 8058.98, 21350, 20631
1695264918, 0, 0, 33, 0, 0, 8339.84, 5, 0, 0, 5.76, 2727, 1789, 8058.98, 21350, 20631
1695264918, 0, 0, 33, 0, 0, 8339.84, 5, 0, 0, 8.72, 2729, 1790, 8058.98, 21350, 20631
1695264922, 0, 0, 33, 0, 0, 8339.84, 5, 0, 0, 0.52, 2731, 1790, 8058.98, 21350, 20631
1695264922, 0, 0, 33, 0, 0, 8339.84, 5, 0, 0, 9.43, 2733, 1791, 8058.98, 21350, 20631
1695264923, 0, 0, 33, 0, 0, 8339.84, 5, 0, 0, 9.12, 2733, 1794, 8058.98, 21350, 20631
1695264923, 0, 0, 33, 0, 0, 8339.84, 5, 0, 0, 10.75, 2735, 1796, 8058.98, 21350, 20631
1695264923, 0, 0, 33, 0, 0, 8339.84, 5, 0, 0, 12.23, 2737, 1798, 8058.98, 21350, 20631
1695264928, 0, 0, 33, 0, 0, 8339.84, 5, 0, 0, 0.39, 2739, 1798, 8058.98, 21350, 20631
1695264929, 0, 0, 33, 0, 0, 8339.84, 5, 0, 0, 5.22, 2739, 1800, 8058.98, 21350, 20631
1695264933, 0, 0, 33, 0, 0, 8339.84, 5, 0, 0, 0.46, 2740, 1801, 8058.98, 21350, 20631
1695264934, 0, 0, 33, 0, 0, 8339.84, 5, 0, 0, 7.50, 2741, 1803, 8058.98, 21350, 20631
1695264934, 0, 0, 33, 0, 0, 8339.84, 5, 0, 0, 12.05, 2743, 1805, 8058.98, 21350, 20631
1695264937, 0, 0, 33, 0, 0, 8339.84, 5, 0, 0, 0.30, 2744, 1805, 8058.98, 21350, 20631
1695264943, 0, 0, 33, 0, 0, 8339.84, 5, 0, 0, 0.64, 2748, 1805, 8058.98, 21350, 20631
1695264948, 0, 0, 33, 0, 0, 8339.84, 5, 0, 0, 0.21, 2749, 1805, 8058.98, 21350, 20631
1695264951, 0, 0, 33, 0, 0, 8339.84, 5, 0, 0, 0.31, 2750, 1805, 8058.98, 21350, 20631
1695264952, 0, 0, 33, 0, 0, 8339.84, 5, 0, 0, 8.85, 2752, 1806, 8058.98, 21350, 20631
1695264961, 0, 0, 33, 0, 0, 8339.84, 5, 0, 0, 0.11, 2753, 1806, 8058.98, 21350, 20631
1695264966, 0, 0, 33, 0, 0, 8339.84, 5, 0, 0, 0.22, 2754, 1806, 8058.98, 21350, 20631
1695264987, 0, 0, 33, 0, 0, 8339.84, 5, 0, 0, 0.14, 2756, 1807, 8058.98, 21350, 20631
1695264987, 0, 0, 33, 0, 0, 8339.84, 5, 0, 0, 5.05, 2758, 1807, 8058.98, 21350, 20631
1695264987, 0, 0, 33, 0, 0, 8339.84, 5, 0, 0, 10.84, 2761, 1808, 8058.98, 21350, 20631
1695264988, 0, 0, 33, 0, 0, 8339.84, 5, 0, 0, 9.46, 2764, 1808, 8058.98, 21350, 20631
1695264991, 0, 0, 33, 0, 0, 8339.84, 5, 0, 0, 1.00, 2765, 1810, 8058.98, 21350, 20631
1695264995, 0, 0, 33, 0, 0, 8339.84, 5, 0, 0, 0.65, 2766, 1812, 8058.98, 21350, 20631
1695264996, 0, 0, 33, 0, 0, 8339.84, 5, 0, 0, 1.92, 2767, 1812, 8058.98, 21350, 20631
1695264996, 0, 0, 33, 0, 0, 8339.84, 5, 0, 0, 9.52, 2769, 1813, 8058.98, 21350, 20631
1695264997, 0, 0, 33, 0, 0, 8339.84, 5, 0, 0, 9.15, 2769, 1816, 8058.98, 21350, 20631
1695264997, 0, 0, 33, 0, 0, 8339.84, 5, 0, 0, 5.87, 2769, 1818, 8058.98, 21350, 20631
1695264997, 0, 0, 33, 0, 0, 8339.84, 5, 0, 0, 2.82, 2770, 1818, 8058.98, 21350, 20631
1695264998, 0, 0, 33, 0, 0, 8339.84, 5, 0, 0, 8.33, 2772, 1819, 8058.98, 21350, 20631
1695265001, 0, 0, 33, 0, 0, 8339.84, 5, 0, 0, 0.92, 2773, 1821, 8058.98, 21350, 20631
1695265001, 0, 0, 33, 0, 0, 8339.84, 5, 0, 0, 6.41, 2775, 1821, 8058.98, 21350, 20631
1695265002, 0, 0, 33, 0, 0, 8339.84, 5, 0, 0, 8.57, 2776, 1823, 8058.98, 21350, 20631
1695265002, 0, 0, 33, 0, 0, 8339.84, 5, 0, 0, 8.62, 2778, 1824, 8058.98, 21350, 20631
1695265002, 0, 0, 33, 0, 0, 8339.84, 5, 0, 0, 6.62, 2779, 1825, 8058.98, 21350, 20631
1695265003, 0, 0, 33, 0, 0, 8339.84, 5, 0, 0, 5.56, 2781, 1826, 8058.98, 21350, 20631
1695265006, 0, 0, 33, 0, 0, 8339.84, 5, 0, 0, 0.69, 2782, 1827, 8058.98, 21350, 20631
1695265006, 0, 0, 33, 0, 0, 8339.84, 5, 0, 0, 8.40, 2784, 1828, 8058.98, 21350, 20631
1695265006, 0, 0, 33, 0, 0, 8339.84, 5, 0, 0, 8.90, 2785, 1830, 8058.98, 21350, 20631
1695265011, 0, 0, 33, 0, 0, 8339.84, 5, 0, 0, 0.22, 2786, 1830, 8058.98, 21350, 20631
1695265011, 0, 0, 33, 0, 0, 8339.84, 5, 0, 0, 4.48, 2788, 1830, 8058.98, 21350, 20631
1695265012, 0, 0, 33, 0, 0, 8339.84, 5, 0, 0, 8.60, 2788, 1833, 8058.98, 21350, 20631
1695265016, 0, 0, 33, 0, 0, 8339.84, 5, 0, 0, 0.23, 2789, 1833, 8058.98, 21350, 20631
1695265021, 0, 0, 33, 0, 0, 8339.84, 5, 0, 0, 0.61, 2792, 1833, 8058.98, 21350, 20631
1695265024, 0, 0, 33, 0, 0, 8339.84, 5, 0, 0, 0.85, 2795, 1833, 8058.98, 21350, 20631
1695265029, 0, 0, 33, 0, 0, 8339.84, 5, 0, 0, 0.20, 2796, 1833, 8058.98, 21350, 20631
1695265034, 0, 0, 33, 0, 0, 8339.84, 5, 0, 0, 0.22, 2797, 1833, 8058.98, 21350, 20631
1695265034, 0, 0, 33, 0, 0, 8339.84, 5, 0, 0, 9.68, 2797, 1836, 8058.98, 21350, 20631
1695265035, 0, 0, 33, 0, 0, 8339.84, 5, 0, 0, 7.46, 2798, 1838, 8058.98, 21350, 20631
1695265035, 0, 0, 33, 0, 0, 8339.84, 5, 0, 0, 5.62, 2799, 1839, 8058.98, 21350, 20631
1695265036, 0, 0, 33, 0, 0, 8339.84, 5, 0, 0, 7.96, 2801, 1840, 8058.98, 21350, 20631
1695265036, 0, 0, 33, 0, 0, 8339.84, 5, 0, 0, 9.62, 2802, 1843, 8058.98, 21350, 20631
1695265036, 0, 0, 33, 0, 0, 8339.84, 5, 0, 0, 7.54, 2804, 1844, 8058.98, 21350, 20631
1695265040, 0, 0, 33, 0, 0, 8339.84, 5, 0, 0, 0.26, 2805, 1844, 8058.98, 21350, 20631
1695265046, 0, 0, 33, 0, 0, 8339.84, 5, 0, 0, 0.36, 2807, 1844, 8058.98, 21350, 20631
1695265046, 0, 0, 33, 0, 0, 8339.84, 5, 0, 0, 5.70, 2809, 1844, 8058.98, 21350, 20631
1695265046, 0, 0, 33, 0, 0, 8339.84, 5, 0, 0, 6.41, 2810, 1845, 8058.98, 21350, 20631
1695265047, 0, 0, 33, 0, 0, 8339.84, 5, 0, 0, 9.20, 2811, 1847, 8058.98, 21350, 20631
1695265047, 0, 0, 33, 0, 0, 8339.84, 5, 0, 0, 7.89, 2811, 1850, 8058.98, 21350, 20631
1695265048, 0, 0, 33, 0, 0, 8339.84, 5, 0, 0, 7.58, 2814, 1850, 8058.98, 21350, 20631
1695265048, 0, 0, 33, 0, 0, 8339.84, 5, 0, 0, 9.26, 2817, 1850, 8058.98, 21350, 20631
1695265048, 0, 0, 33, 0, 0, 8339.84, 5, 0, 0, 9.52, 2818, 1852, 8058.98, 21350, 20631
1695265052, 0, 0, 33, 0, 0, 8339.84, 5, 0, 0, 0.71, 2819, 1854, 8058.98, 21350, 20631
1695265056, 0, 0, 33, 0, 0, 8339.84, 5, 0, 0, 0.59, 2821, 1854, 8058.98, 21350, 20631
1695265056, 0, 0, 33, 0, 0, 8339.84, 5, 0, 0, 7.96, 2822, 1856, 8058.98, 21350, 20631
1695265057, 0, 0, 33, 0, 0, 8339.84, 5, 0, 0, 9.95, 2825, 1857, 8058.98, 21350, 20631
1695265057, 0, 0, 33, 0, 0, 8339.84, 5, 0, 0, 6.80, 2828, 1857, 8058.98, 21350, 20631
1695265057, 0, 0, 33, 0, 0, 8339.84, 5, 0, 0, 8.88, 2829, 1859, 8058.98, 21350, 20631
1695265064, 0, 0, 33, 0, 0, 8339.84, 5, 0, 0, 0.16, 2830, 1859, 8058.98, 21350, 20631
1695265064, 0, 0, 33, 0, 0, 8339.84, 5, 0, 0, 8.55, 2831, 1861, 8058.98, 21350, 20631
1695265068, 0, 0, 33, 0, 0, 8339.84, 5, 0, 0, 0.54, 2833, 1861, 8058.98, 21350, 20631
1695265071, 0, 0, 33, 0, 0, 8339.84, 5, 0, 0, 0.57, 2835, 1861, 8058.98, 21350, 20631
1695265072, 0, 0, 33, 0, 0, 8339.84, 5, 0, 0, 6.74, 2838, 1861, 8058.98, 21350, 20631
1695265072, 0, 0, 33, 0, 0, 8339.84, 5, 0, 0, 10.03, 2840, 1863, 8058.98, 21350, 20631
1695265079, 0, 0, 33, 0, 0, 8339.84, 5, 0, 0, 0.15, 2841, 1863, 8058.98, 21350, 20631
1695265079, 0, 0, 33, 0, 0, 8339.84, 5, 0, 0, 8.47, 2842, 1865, 8058.98, 21350, 20631
1695265115, 0, 0, 33, 0, 0, 8339.84, 5, 0, 0, 0.03, 2843, 1865, 8058.98, 21350, 20631
1695265115, 0, 0, 33, 0, 0, 8339.84, 5, 0, 0, 7.46, 2844, 1867, 8058.98, 21350, 20631
1695265116, 0, 0, 33, 0, 0, 8339.84, 5, 0, 0, 7.25, 2844, 1870, 8058.98, 21350, 20631
1695265122, 0, 0, 33, 0, 0, 8339.84, 5, 0, 0, 0.46, 2845, 1872, 8058.98, 21350, 20631
1695265126, 0, 0, 33, 0, 0, 8339.84, 5, 0, 0, 0.54, 2847, 1872, 8058.98, 21350, 20631
1695265126, 0, 0, 33, 0, 0, 8339.84, 5, 0, 0, 3.29, 2848, 1872, 8058.98, 21350, 20631
1695265126, 0, 0, 33, 0, 0, 8339.84, 5, 0, 0, 3.30, 2849, 1872, 8058.98, 21350, 20631
1695265127, 0, 0, 33, 0, 0, 8339.84, 5, 0, 0, 5.00, 2851, 1872, 8058.98, 21350, 20631
1695265127, 0, 0, 33, 0, 0, 8339.84, 5, 0, 0, 7.46, 2852, 1874, 8058.98, 21350, 20631
1695265131, 0, 0, 33, 0, 0, 8339.84, 5, 0, 0, 0.77, 2854, 1875, 8058.98, 21350, 20631
1695265131, 0, 0, 33, 0, 0, 8339.84, 5, 0, 0, 3.28, 2855, 1875, 8058.98, 21350, 20631
1695265136, 0, 0, 33, 0, 0, 8339.84, 5, 0, 0, 0.41, 2856, 1876, 8058.98, 21350, 20631
1695265148, 0, 0, 33, 0, 0, 8339.84, 5, 0, 0, 0.16, 2858, 1876, 8058.98, 21350, 20631
1695265149, 0, 0, 33, 0, 0, 8339.84, 5, 0, 0, 8.04, 2858, 1879, 8058.98, 21350, 20631
1695265149, 0, 0, 33, 0, 0, 8339.84, 5, 0, 0, 7.67, 2861, 1879, 8058.98, 21350, 20631
1695265150, 0, 0, 33, 0, 0, 8339.84, 5, 0, 0, 4.26, 2863, 1879, 8058.98, 21350, 20631
1695265150, 0, 0, 33, 0, 0, 8339.84, 5, 0, 0, 4.37, 2865, 1879, 8058.98, 21350, 20631
1695265151, 0, 0, 33, 0, 0, 8339.84, 5, 0, 0, 4.62, 2866, 1880, 8058.98, 21350, 20631
1695265151, 0, 0, 33, 0, 0, 8339.84, 5, 0, 0, 2.86, 2868, 1880, 8058.98, 21350, 20631
1695265158, 0, 0, 33, 0, 0, 8339.84, 5, 0, 0, 0.28, 2870, 1880, 8058.98, 21350, 20631
1695265171, 0, 0, 33, 0, 0, 8339.84, 5, 0, 0, 0.16, 2871, 1881, 8058.98, 21350, 20631
1695265171, 0, 0, 33, 0, 0, 8339.84, 5, 0, 0, 5.85, 2872, 1882, 8058.98, 21350, 20631
1695265171, 0, 0, 33, 0, 0, 8339.84, 5, 0, 0, 4.11, 2873, 1883, 8058.98, 21350, 20631
1695265172, 0, 0, 33, 0, 0, 8339.84, 5, 0, 0, 4.62, 2874, 1884, 8058.98, 21350, 20631
1695265172, 0, 0, 33, 0, 0, 8339.84, 5, 0, 0, 6.01, 2876, 1884, 8058.98, 21350, 20631
1695265172, 0, 0, 33, 0, 0, 8339.84, 5, 0, 0, 11.17, 2879, 1885, 8058.98, 21350, 20631
1695265173, 0, 0, 33, 0, 0, 8339.84, 5, 0, 0, 8.62, 2881, 1886, 8058.98, 21350, 20631
1695265173, 0, 0, 33, 0, 0, 8339.84, 5, 0, 0, 5.93, 2883, 1886, 8058.98, 21350, 20631
1695265177, 0, 0, 33, 0, 0, 8339.84, 5, 0, 0, 0.73, 2886, 1886, 8058.98, 21350, 20631
1695265178, 0, 0, 33, 0, 0, 8339.84, 5, 0, 0, 8.88, 2889, 1886, 8058.98, 21350, 20631
1695265178, 0, 0, 33, 0, 0, 8339.84, 5, 0, 0, 9.40, 2891, 1887, 8058.98, 21350, 20631
1695265178, 0, 0, 33, 0, 0, 8339.84, 5, 0, 0, 8.00, 2893, 1888, 8058.98, 21350, 20631
1695265179, 0, 0, 33, 0, 0, 8339.84, 5, 0, 0, 6.01, 2894, 1889, 8058.98, 21350, 20631
1695265179, 0, 0, 33, 0, 0, 8339.84, 5, 0, 0, 9.32, 2896, 1890, 8058.98, 21350, 20631
1695265179, 0, 0, 33, 0, 0, 8339.84, 5, 0, 0, 7.69, 2897, 1892, 8058.98, 21350, 20631
1695265180, 0, 0, 33, 0, 0, 8339.84, 5, 0, 0, 9.84, 2899, 1893, 8058.98, 21350, 20631
1695265180, 0, 0, 33, 0, 0, 8339.84, 5, 0, 0, 7.94, 2901, 1894, 8058.98, 21350, 20631
1695265180, 0, 0, 33, 0, 0, 8339.84, 5, 0, 0, 10.87, 2904, 1895, 8058.98, 21350, 20631
1695265185, 0, 0, 33, 0, 0, 8339.84, 5, 0, 0, 0.22, 2905, 1895, 8058.98, 21350, 20631
1695265186, 0, 0, 33, 0, 0, 8339.84, 5, 0, 0, 2.75, 2906, 1896, 8058.98, 21350, 20631
1695265186, 0, 0, 33, 0, 0, 8339.84, 5, 0, 0, 4.83, 2906, 1898, 8058.98, 21350, 20631
1695265186, 0, 0, 33, 0, 0, 8339.84, 5, 0, 0, 3.06, 2906, 1899, 8058.98, 21350, 20631
1695265187, 0, 0, 33, 0, 0, 8339.84, 5, 0, 0, 7.28, 2907, 1901, 8058.98, 21350, 20631
1695265187, 0, 0, 33, 0, 0, 8339.84, 5, 0, 0, 8.77, 2908, 1903, 8058.98, 21350, 20631
1695265188, 0, 0, 33, 0, 0, 8339.84, 5, 0, 0, 8.06, 2910, 1904, 8058.98, 21350, 20631
1695265192, 0, 0, 33, 0, 0, 8339.84, 5, 0, 0, 0.67, 2913, 1904, 8058.98, 21350, 20631
1695265192, 0, 0, 33, 0, 0, 8339.84, 5, 0, 0, 2.58, 2913, 1905, 8058.98, 21350, 20631
1695265203, 0, 0, 33, 0, 0, 8339.84, 5, 0, 0, 0.18, 2914, 1906, 8058.98, 21350, 20631
1695265204, 0, 0, 33, 0, 0, 8339.84, 5, 0, 0, 5.78, 2917, 1906, 8058.98, 21350, 20631
1695265204, 0, 0, 33, 0, 0, 8339.84, 5, 0, 0, 5.62, 2919, 1906, 8058.98, 21350, 20631
1695265205, 0, 0, 33, 0, 0, 8339.84, 5, 0, 0, 4.10, 2920, 1907, 8058.98, 21350, 20631
1695265205, 0, 0, 33, 0, 0, 8339.84, 5, 0, 0, 1.67, 2921, 1907, 8058.98, 21350, 20631
1695265206, 0, 0, 33, 0, 0, 8339.84, 5, 0, 0, 3.34, 2922, 1908, 8058.98, 21350, 20631
1695265206, 0, 0, 33, 0, 0, 8339.84, 5, 0, 0, 5.97, 2923, 1909, 8058.98, 21350, 20631
1695265210, 0, 0, 33, 0, 0, 8339.84, 5, 0, 0, 0.31, 2923, 1910, 8058.98, 21350, 20631
1695265210, 0, 0, 33, 0, 0, 8339.84, 5, 0, 0, 8.45, 2925, 1911, 8058.98, 21350, 20631
1695265210, 0, 0, 33, 0, 0, 8339.84, 5, 0, 0, 7.89, 2927, 1912, 8058.98, 21350, 20631
1695265211, 0, 0, 33, 0, 0, 8339.84, 5, 0, 0, 5.48, 2928, 1913, 8058.98, 21350, 20631
1695265214, 0, 0, 33, 0, 0, 8339.84, 5, 0, 0, 0.69, 2929, 1914, 8058.98, 21350, 20631
1695265214, 0, 0, 33, 0, 0, 8339.84, 5, 0, 0, 9.15, 2931, 1915, 8058.98, 21350, 20631
1695265217, 0, 0, 33, 0, 0, 8339.84, 5, 0, 0, 0.30, 2932, 1915, 8058.98, 21350, 20631
1695265218, 0, 0, 33, 0, 0, 8339.84, 5, 0, 0, 7.65, 2934, 1916, 8058.98, 21350, 20631
1695265218, 0, 0, 33, 0, 0, 8339.84, 5, 0, 0, 3.98, 2936, 1916, 8058.98, 21350, 20631
1695265219, 0, 0, 33, 0, 0, 8339.84, 5, 0, 0, 5.21, 2938, 1916, 8058.98, 21350, 20631
1695265219, 0, 0, 33, 0, 0, 8339.84, 5, 0, 0, 5.61, 2940, 1917, 8058.98, 21350, 20631
1695265220, 0, 0, 33, 0, 0, 8339.84, 5, 0, 0, 6.36, 2942, 1918, 8058.98, 21350, 20631
1695265220, 0, 0, 33, 0, 0, 8339.84, 5, 0, 0, 4.04, 2942, 1920, 8058.98, 21350, 20631
1695265220, 0, 0, 33, 0, 0, 8339.84, 5, 0, 0, 2.51, 2943, 1920, 8058.98, 21350, 20631
1695265221, 0, 0, 33, 0, 0, 8339.84, 5, 0, 0, 2.98, 2944, 1920, 8058.98, 21350, 20631
1695265221, 0, 0, 33, 0, 0, 8339.84, 5, 0, 0, 2.85, 2945, 1920, 8058.98, 21350, 20631
1695265221, 0, 0, 33, 0, 0, 8339.84, 5, 0, 0, 2.82, 2946, 1920, 8058.98, 21350, 20631
1695265222, 0, 0, 33, 0, 0, 8339.84, 5, 0, 0, 3.37, 2947, 1921, 8058.98, 21350, 20631
1695265222, 0, 0, 33, 0, 0, 8339.84, 5, 0, 0, 6.49, 2947, 1923, 8058.98, 21350, 20631
1695265223, 0, 0, 33, 0, 0, 8339.84, 5, 0, 0, 4.65, 2947, 1925, 8058.98, 21350, 20631
1695265223, 0, 0, 33, 0, 0, 8339.84, 5, 0, 0, 3.10, 2948, 1925, 8058.98, 21350, 20631
1695265224, 0, 0, 33, 0, 0, 8339.84, 5, 0, 0, 4.99, 2950, 1925, 8058.98, 21350, 20631
1695265224, 0, 0, 33, 0, 0, 8339.84, 5, 0, 0, 8.62, 2952, 1926, 8058.98, 21350, 20631
1695265224, 0, 0, 33, 0, 0, 8339.84, 5, 0, 0, 6.88, 2955, 1926, 8058.98, 21350, 20631
1695265228, 0, 0, 33, 0, 0, 8339.84, 5, 0, 0, 0.48, 2957, 1926, 8058.98, 21350, 20631
1695265243, 0, 0, 33, 0, 0, 8339.84, 5, 0, 0, 0.13, 2959, 1926, 8058.98, 21350, 20631
1695265244, 0, 0, 33, 0, 0, 8339.84, 5, 0, 0, 8.98, 2960, 1928, 8058.98, 21350, 20631
1695265248, 0, 0, 33, 0, 0, 8339.84, 5, 0, 0, 0.48, 2961, 1929, 8058.98, 21350, 20631
1695265248, 0, 0, 33, 0, 0, 8339.84, 5, 0, 0, 6.31, 2961, 1931, 8058.98, 21350, 20631
1695265249, 0, 0, 33, 0, 0, 8339.84, 5, 0, 0, 7.96, 2962, 1933, 8058.98, 21350, 20631
1695265249, 0, 0, 33, 0, 0, 8339.84, 5, 0, 0, 9.97, 2963, 1935, 8058.98, 21350, 20631
1695265249, 0, 0, 33, 0, 0, 8339.84, 5, 0, 0, 6.86, 2966, 1935, 8058.98, 21350, 20631
1695265260, 0, 0, 33, 0, 0, 8339.84, 5, 0, 0, 0.28, 2968, 1936, 8058.98, 21350, 20631
1695265260, 0, 0, 33, 0, 0, 8339.84, 5, 0, 0, 5.78, 2969, 1937, 8058.98, 21350, 20631
1695265261, 0, 0, 33, 0, 0, 8339.84, 5, 0, 0, 8.50, 2970, 1939, 8058.98, 21350, 20631
1695265267, 0, 0, 33, 0, 0, 8339.84, 5, 0, 0, 0.17, 2971, 1939, 8058.98, 21350, 20631
1695265267, 0, 0, 33, 0, 0, 8339.84, 5, 0, 0, 1.36, 2972, 1939, 8058.98, 21350, 20631
1695265268, 0, 0, 33, 0, 0, 8339.84, 5, 0, 0, 5.52, 2973, 1940, 8058.98, 21350, 20631
1695265275, 0, 0, 33, 0, 0, 8339.84, 5, 0, 0, 0.14, 2974, 1940, 8058.98, 21350, 20631
1695265276, 0, 0, 33, 0, 0, 8339.84, 5, 0, 0, 1.97, 2974, 1941, 8058.98, 21350, 20631
1695265276, 0, 0, 33, 0, 0, 8339.84, 5, 0, 0, 5.78, 2975, 1943, 8058.98, 21350, 20631
1695265277, 0, 0, 33, 0, 0, 8339.84, 5, 0, 0, 2.80, 2976, 1943, 8058.98, 21350, 20631
1695265277, 0, 0, 33, 0, 0, 8339.84, 5, 0, 0, 4.50, 2977, 1944, 8058.98, 21350, 20631
1695265277, 0, 0, 33, 0, 0, 8339.84, 5, 0, 0, 4.42, 2978, 1945, 8058.98, 21350, 20631
1695265278, 0, 0, 33, 0, 0, 8339.84, 5, 0, 0, 5.67, 2979, 1946, 8058.98, 21350, 20631
1695265278, 0, 0, 33, 0, 0, 8339.84, 5, 0, 0, 3.23, 2980, 1946, 8058.98, 21350, 20631
1695265279, 0, 0, 33, 0, 0, 8339.84, 5, 0, 0, 3.18, 2981, 1947, 8058.98, 21350, 20631
1695265279, 0, 0, 33, 0, 0, 8339.84, 5, 0, 0, 2.53, 2982, 1947, 8058.98, 21350, 20631
1695265279, 0, 0, 33, 0, 0, 8339.84, 5, 0, 0, 6.54, 2984, 1947, 8058.98, 21350, 20631
1695265280, 0, 0, 33, 0, 0, 8339.84, 5, 0, 0, 4.52, 2985, 1948, 8058.98, 21350, 20631
1695265280, 0, 0, 33, 0, 0, 8339.84, 5, 0, 0, 5.95, 2987, 1948, 8058.98, 21350, 20631
1695265284, 0, 0, 33, 0, 0, 8339.84, 5, 0, 0, 0.53, 2988, 1949, 8058.98, 21350, 20631
1695265293, 0, 0, 33, 0, 0, 8339.84, 5, 0, 0, 0.23, 2990, 1949, 8058.98, 21350, 20631
1695265293, 0, 0, 33, 0, 0, 8339.84, 5, 0, 0, 8.75, 2992, 1950, 8058.98, 21350, 20631
1695265305, 0, 0, 33, 0, 0, 8339.84, 5, 0, 0, 0.08, 2993, 1950, 8058.98, 21350, 20631
1695265305, 0, 0, 33, 0, 0, 8339.84, 5, 0, 0, 9.46, 2994, 1952, 8058.98, 21350, 20631
1695265306, 0, 0, 33, 0, 0, 8339.84, 5, 0, 0, 8.04, 2995, 1954, 8058.98, 21350, 20631
1695265306, 0, 0, 33, 0, 0, 8339.84, 5, 0, 0, 10.87, 2996, 1957, 8058.98, 21350, 20631
1695265310, 0, 0, 33, 0, 0, 8339.84, 5, 0, 0, 0.27, 2997, 1957, 8058.98, 21350, 20631
1695265310, 0, 0, 33, 0, 0, 8339.84, 5, 0, 0, 7.85, 2998, 1959, 8058.98, 21350, 20631
1695265316, 0, 0, 33, 0, 0, 8339.84, 5, 0, 0, 0.16, 2999, 1959, 8058.98, 21350, 20631
1695265320, 0, 0, 33, 0, 0, 8339.84, 5, 0, 0, 0.58, 3001, 1959, 8058.98, 21350, 20631
1695265324, 0, 0, 33, 0, 0, 8339.84, 5, 0, 0, 0.51, 3002, 1960, 8058.98, 21350, 20631
1695265353, 0, 0, 33, 0, 0, 8339.84, 5, 0, 0, 0.03, 3003, 1960, 8058.98, 21350, 20631
1695265353, 0, 0, 33, 0, 0, 8339.84, 5, 0, 0, 4.57, 3004, 1961, 8058.98, 21350, 20631
1695265354, 0, 0, 33, 0, 0, 8339.84, 5, 0, 0, 4.80, 3004, 1963, 8058.98, 21350, 20631
1695265354, 0, 0, 33, 0, 0, 8339.84, 5, 0, 0, 5.70, 3005, 1964, 8058.98, 21350, 20631
1695265357, 0, 0, 33, 0, 0, 8339.84, 5, 0, 0, 0.31, 3006, 1964, 8058.98, 21350, 20631
1695265358, 0, 0, 33, 0, 0, 8339.84, 5, 0, 0, 4.77, 3006, 1966, 8058.98, 21350, 20631
1695265358, 0, 0, 33, 0, 0, 8339.84, 5, 0, 0, 8.65, 3008, 1967, 8058.98, 21350, 20631
1695265359, 0, 0, 33, 0, 0, 8339.84, 5, 0, 0, 8.98, 3009, 1969, 8058.98, 21350, 20631
1695265359, 0, 0, 33, 0, 0, 8339.84, 5, 0, 0, 8.85, 3010, 1971, 8058.98, 21350, 20631
1695265362, 0, 0, 33, 0, 0, 8339.84, 5, 0, 0, 0.88, 3011, 1973, 8058.98, 21350, 20631
1695265363, 0, 0, 33, 0, 0, 8339.84, 5, 0, 0, 9.46, 3011, 1976, 8058.98, 21350, 20631
1695265363, 0, 0, 33, 0, 0, 8339.84, 5, 0, 0, 6.52, 3014, 1976, 8058.98, 21350, 20631
1695265364, 0, 0, 33, 0, 0, 8339.84, 5, 0, 0, 4.49, 3015, 1977, 8058.98, 21350, 20631
1695265364, 0, 0, 33, 0, 0, 8339.84, 5, 0, 0, 5.26, 3017, 1977, 8058.98, 21350, 20631
1695265364, 0, 0, 33, 0, 0, 8339.84, 5, 0, 0, 4.75, 3019, 1977, 8058.98, 21350, 20631
1695265365, 0, 0, 33, 0, 0, 8339.84, 5, 0, 0, 4.87, 3020, 1978, 8058.98, 21350, 20631
1695265371, 0, 0, 33, 0, 0, 8339.84, 5, 0, 0, 0.32, 3021, 1979, 8058.98, 21350, 20631
1695265371, 0, 0, 33, 0, 0, 8339.84, 5, 0, 0, 6.02, 3022, 1980, 8058.98, 21350, 20631
1695265372, 0, 0, 33, 0, 0, 8339.84, 5, 0, 0, 7.16, 3025, 1980, 8058.98, 21350, 20631
1695265372, 0, 0, 33, 0, 0, 8339.84, 5, 0, 0, 6.62, 3027, 1980, 8058.98, 21350, 20631
1695265373, 0, 0, 33, 0, 0, 8339.84, 5, 0, 0, 7.33, 3029, 1981, 8058.98, 21350, 20631
1695265373, 0, 0, 33, 0, 0, 8339.84, 5, 0, 0, 9.74, 3029, 1984, 8058.98, 21350, 20631
1695265373, 0, 0, 33, 0, 0, 8339.84, 5, 0, 0, 7.50, 3031, 1985, 8058.98, 21350, 20631
1695265374, 0, 0, 33, 0, 0, 8339.84, 5, 0, 0, 6.54, 3031, 1987, 8058.98, 21350, 20631
1695265376, 0, 0, 33, 0, 0, 8339.84, 5, 0, 0, 0.35, 3032, 1987, 8058.98, 21350, 20631
1695265377, 0, 0, 33, 0, 0, 8339.84, 5, 0, 0, 6.04, 3034, 1987, 8058.98, 21350, 20631
1695265377, 0, 0, 33, 0, 0, 8339.84, 5, 0, 0, 5.65, 3035, 1988, 8058.98, 21350, 20631
1695265377, 0, 0, 33, 0, 0, 8339.84, 5, 0, 0, 9.87, 3036, 1990, 8058.98, 21350, 20631
1695265409, 0, 0, 33, 0, 0, 8339.84, 5, 0, 0, 0.03, 3037, 1990, 8058.98, 21350, 20631
1695265410, 0, 0, 33, 0, 0, 8339.84, 5, 0, 0, 5.81, 3038, 1991, 8058.98, 21350, 20631
1695265418, 0, 0, 33, 0, 0, 8339.84, 5, 0, 0, 0.12, 3039, 1991, 8058.98, 21350, 20631
1695265424, 0, 0, 33, 0, 0, 8339.84, 5, 0, 0, 0.36, 3041, 1991, 8058.98, 21350, 20631
1695265428, 0, 0, 33, 0, 0, 8339.84, 5, 0, 0, 0.45, 3043, 1991, 8058.98, 21350, 20631
1695265432, 0, 0, 33, 0, 0, 8339.84, 5, 0, 0, 0.26, 3044, 1991, 8058.98, 21350, 20631
1695265436, 0, 0, 33, 0, 0, 8339.84, 5, 0, 0, 0.27, 3044, 1992, 8058.98, 21350, 20631
1695265436, 0, 0, 33, 0, 0, 8339.84, 5, 0, 0, 5.09, 3046, 1992, 8058.98, 21350, 20631
1695265440, 0, 0, 33, 0, 0, 8339.84, 5, 0, 0, 0.25, 3047, 1992, 8058.98, 21350, 20631
1695265441, 0, 0, 33, 0, 0, 8339.84, 5, 0, 0, 5.66, 3048, 1994, 8058.98, 21350, 20631
1695265441, 0, 0, 33, 0, 0, 8339.84, 5, 0, 0, 5.63, 3049, 1995, 8058.98, 21350, 20631
1695265445, 0, 0, 33, 0, 0, 8339.84, 5, 0, 0, 0.26, 3050, 1995, 8058.98, 21350, 20631
1695265445, 0, 0, 33, 0, 0, 8339.84, 5, 0, 0, 4.35, 3050, 1997, 8058.98, 21350, 20631
1695265449, 0, 0, 33, 0, 0, 8339.84, 5, 0, 0, 0.83, 3052, 1998, 8058.98, 21350, 20631
1695265449, 0, 0, 33, 0, 0, 8339.84, 5, 0, 0, 5.57, 3054, 1998, 8058.98, 21350, 20631
1695265450, 0, 0, 33, 0, 0, 8339.84, 5, 0, 0, 2.40, 3055, 1998, 8058.98, 21350, 20631
1695265450, 0, 0, 33, 0, 0, 8339.84, 5, 0, 0, 2.70, 3056, 1998, 8058.98, 21350, 20631
1695265451, 0, 0, 33, 0, 0, 8339.84, 5, 0, 0, 7.14, 3057, 2000, 8058.98, 21350, 20631
1695265459, 0, 0, 33, 0, 0, 8339.84, 5, 0, 0, 0.24, 3059, 2000, 8058.98, 21350, 20631
1695265463, 0, 0, 33, 0, 0, 8339.84, 5, 0, 0, 0.26, 3060, 2000, 8058.98, 21350, 20631
1695265463, 0, 0, 33, 0, 0, 8339.84, 5, 0, 0, 7.94, 3060, 2003, 8058.98, 21350, 20631
1695265464, 0, 0, 33, 0, 0, 8339.84, 5, 0, 0, 7.08, 3062, 2004, 8058.98, 21350, 20631
1695265467, 0, 0, 33, 0, 0, 8339.84, 5, 0, 0, 0.31, 3063, 2004, 8058.98, 21350, 20631
1695265467, 0, 0, 33, 0, 0, 8339.84, 5, 0, 0, 3.25, 3064, 2004, 8058.98, 21350, 20631
1695265468, 0, 0, 33, 0, 0, 8339.84, 5, 0, 0, 4.59, 3065, 2005, 8058.98, 21350, 20631
1695265468, 0, 0, 33, 0, 0, 8339.84, 5, 0, 0, 6.06, 3066, 2006, 8058.98, 21350, 20631
1695265468, 0, 0, 33, 0, 0, 8339.84, 5, 0, 0, 4.11, 3066, 2008, 8058.98, 21350, 20631
1695265469, 0, 0, 33, 0, 0, 8339.84, 5, 0, 0, 2.40, 3067, 2008, 8058.98, 21350, 20631
1695265469, 0, 0, 33, 0, 0, 8339.84, 5, 0, 0, 5.90, 3067, 2010, 8058.98, 21350, 20631
1695265470, 0, 0, 33, 0, 0, 8339.84, 5, 0, 0, 4.07, 3068, 2011, 8058.98, 21350, 20631
1695265470, 0, 0, 33, 0, 0, 8339.84, 5, 0, 0, 2.63, 3070, 2011, 8058.98, 21350, 20631
1695265471, 0, 0, 33, 0, 0, 8339.84, 5, 0, 0, 4.30, 3071, 2012, 8058.98, 21350, 20631
1695265481, 0, 0, 33, 0, 0, 8339.84, 5, 0, 0, 0.10, 3072, 2012, 8058.98, 21350, 20631
1695265481, 0, 0, 33, 0, 0, 8339.84, 5, 0, 0, 0.00, 3072, 2012, 8058.98, 21350, 20631
