# unix_time, cycles_done, cur_path, paths_total, pending_total, pending_favs, map_size, unique_crashes, unique_hangs, max_depth, execs_per_sec, valid_inputs, invalid_inputs, valid_cov, all_covered_probes, valid_covered_probes
1693844452, 0, 0, 1, 0, 0, 807.81, 0, 0, 0, 0.35, 1, 0, 807.81, 2068, 2068
1693844453, 0, 0, 3, 0, 0, 1043.36, 0, 0, 0, 6.60, 2, 1, 835.94, 2671, 2140
1693844453, 0, 0, 6, 0, 0, 1267.97, 0, 0, 0, 12.70, 2, 5, 835.94, 3246, 2140
1693844453, 0, 0, 9, 0, 0, 1270.70, 0, 0, 0, 26.23, 7, 8, 837.11, 3253, 2143
1693844469, 0, 0, 11, 0, 0, 1295.31, 1, 0, 0, 0.45, 10, 12, 858.98, 3316, 2199
1693844469, 0, 0, 12, 0, 0, 1409.38, 1, 0, 0, 2.83, 11, 12, 973.05, 3608, 2491
1693844477, 0, 0, 16, 0, 0, 6429.30, 1, 0, 0, 1.20, 20, 13, 6083.59, 16459, 15574
1693844483, 0, 0, 18, 0, 0, 6557.42, 1, 0, 0, 0.34, 22, 13, 6211.72, 16787, 15902
1693844488, 0, 0, 22, 0, 0, 6756.64, 1, 0, 0, 2.36, 31, 15, 6428.13, 17297, 16456
1693844492, 0, 0, 24, 0, 0, 6756.64, 1, 0, 0, 0.82, 34, 15, 6428.13, 17297, 16456
1693844497, 0, 0, 28, 0, 0, 6763.67, 1, 0, 0, 3.18, 50, 17, 6435.16, 17315, 16474
1693844501, 0, 0, 32, 0, 0, 6769.92, 1, 0, 0, 2.46, 56, 20, 6435.16, 17331, 16474
1693844505, 0, 0, 34, 0, 0, 6811.33, 1, 0, 0, 2.33, 60, 25, 6476.56, 17437, 16580
1693844507, 0, 0, 38, 0, 0, 6811.33, 1, 0, 0, 5.92, 70, 27, 6476.56, 17437, 16580
1693844510, 0, 1, 43, 0, 0, 6814.45, 1, 0, 0, 3.76, 77, 33, 6476.56, 17445, 16580
1693844515, 0, 1, 46, 0, 0, 6814.45, 1, 0, 0, 3.54, 79, 46, 6476.56, 17445, 16580
1693844517, 0, 1, 48, 0, 0, 6821.09, 1, 0, 0, 6.05, 82, 58, 6483.20, 17462, 16597
1693844519, 0, 1, 53, 0, 0, 6821.09, 1, 0, 0, 8.31, 90, 68, 6483.20, 17462, 16597
1693844529, 0, 1, 55, 0, 0, 6851.95, 1, 0, 0, 0.52, 92, 71, 6514.06, 17541, 16676
1693844534, 0, 1, 56, 0, 0, 6851.95, 1, 0, 0, 3.23, 95, 84, 6514.06, 17541, 16676
1693844537, 0, 2, 57, 0, 0, 6851.95, 1, 0, 0, 1.30, 97, 86, 6514.06, 17541, 16676
1693844542, 0, 2, 58, 0, 0, 6851.95, 1, 0, 0, 0.19, 98, 86, 6514.06, 17541, 16676
1693844546, 0, 2, 62, 0, 0, 6851.95, 1, 0, 0, 1.16, 101, 87, 6514.06, 17541, 16676
1693844549, 0, 2, 64, 0, 0, 6851.95, 1, 0, 0, 9.91, 126, 94, 6514.06, 17541, 16676
1693844552, 0, 3, 66, 0, 0, 6858.59, 1, 0, 0, 1.46, 130, 95, 6520.70, 17558, 16693
1693844555, 0, 3, 68, 0, 0, 6858.59, 1, 0, 0, 1.30, 132, 96, 6520.70, 17558, 16693
1693844555, 0, 3, 71, 0, 0, 6858.59, 1, 0, 0, 66.83, 156, 100, 6520.70, 17558, 16693
1693844557, 0, 3, 72, 0, 0, 6858.59, 1, 0, 0, 2.08, 160, 101, 6520.70, 17558, 16693
1693844560, 0, 3, 73, 0, 0, 6858.59, 1, 0, 0, 5.77, 170, 106, 6520.70, 17558, 16693
1693844564, 0, 3, 75, 0, 0, 6858.59, 1, 0, 0, 1.11, 174, 107, 6520.70, 17558, 16693
1693844570, 0, 4, 76, 0, 0, 6858.59, 1, 0, 0, 0.17, 175, 107, 6520.70, 17558, 16693
1693844573, 0, 4, 78, 0, 0, 6858.59, 1, 0, 0, 2.37, 178, 110, 6520.70, 17558, 16693
1693844577, 0, 4, 81, 0, 0, 6858.59, 1, 0, 0, 2.66, 179, 119, 6520.70, 17558, 16693
1693844579, 0, 4, 82, 0, 0, 6858.59, 1, 0, 0, 0.74, 180, 120, 6520.70, 17558, 16693
1693844583, 0, 5, 84, 0, 0, 6858.59, 1, 0, 0, 20.46, 192, 177, 6520.70, 17558, 16693
1693844585, 0, 5, 85, 0, 0, 6858.59, 1, 0, 0, 1.96, 195, 179, 6520.70, 17558, 16693
1693844589, 0, 5, 87, 0, 0, 6858.59, 1, 0, 0, 1.83, 199, 182, 6520.70, 17558, 16693
1693844600, 0, 5, 88, 0, 0, 6858.59, 1, 0, 0, 0.09, 200, 182, 6520.70, 17558, 16693
1693844600, 0, 5, 91, 0, 0, 6858.59, 1, 0, 0, 81.17, 211, 196, 6520.70, 17558, 16693
1693844603, 0, 5, 92, 0, 0, 6858.59, 1, 0, 0, 3.13, 217, 199, 6520.70, 17558, 16693
1693844607, 0, 5, 92, 0, 0, 6858.59, 1, 0, 0, 1.44, 219, 202, 6520.70, 17558, 16693
1693844610, 0, 5, 94, 0, 0, 6858.59, 1, 0, 0, 2.38, 222, 208, 6520.70, 17558, 16693
1693844613, 0, 6, 96, 0, 0, 6858.59, 1, 0, 0, 7.92, 236, 217, 6520.70, 17558, 16693
1693844616, 0, 6, 96, 0, 0, 6858.59, 1, 0, 0, 0.40, 237, 217, 6520.70, 17558, 16693
1693844619, 0, 6, 97, 0, 0, 6858.59, 1, 0, 0, 5.92, 251, 223, 6520.70, 17558, 16693
1693844622, 0, 6, 98, 0, 0, 6858.59, 1, 0, 0, 4.74, 260, 227, 6520.70, 17558, 16693
1693844622, 0, 7, 98, 0, 0, 6858.59, 1, 0, 0, 215.43, 282, 272, 6520.70, 17558, 16693
1693844630, 0, 7, 99, 0, 0, 6858.98, 1, 0, 0, 0.14, 283, 272, 6521.09, 17559, 16694
1693844633, 0, 7, 99, 0, 0, 6858.98, 1, 0, 0, 1.38, 286, 273, 6521.09, 17559, 16694
1693844636, 0, 8, 100, 0, 0, 6858.98, 1, 0, 0, 6.46, 289, 294, 6521.09, 17559, 16694
1693844639, 0, 8, 101, 0, 0, 6858.98, 1, 0, 0, 1.58, 290, 297, 6521.09, 17559, 16694
1693844642, 0, 8, 102, 0, 0, 6858.98, 1, 0, 0, 0.27, 291, 297, 6521.09, 17559, 16694
1693844645, 0, 8, 103, 0, 0, 6858.98, 1, 0, 0, 17.11, 305, 327, 6521.09, 17559, 16694
1693844647, 0, 8, 104, 0, 0, 6858.98, 1, 0, 0, 2.69, 307, 331, 6521.09, 17559, 16694
1693844648, 0, 8, 105, 0, 0, 6864.45, 1, 0, 0, 23.12, 309, 337, 6526.56, 17573, 16708
1693844651, 0, 8, 106, 0, 0, 6864.45, 1, 0, 0, 2.81, 312, 343, 6526.56, 17573, 16708
1693844654, 0, 9, 108, 0, 0, 6864.84, 1, 0, 0, 10.45, 332, 357, 6526.95, 17574, 16709
1693844658, 0, 10, 108, 0, 0, 6864.84, 1, 0, 0, 9.54, 357, 365, 6526.95, 17574, 16709
1693844661, 0, 10, 109, 0, 0, 6864.84, 1, 0, 0, 4.27, 365, 370, 6526.95, 17574, 16709
1693844664, 0, 10, 110, 0, 0, 6864.84, 1, 0, 0, 0.27, 366, 370, 6526.95, 17574, 16709
1693844668, 0, 10, 111, 0, 0, 6864.84, 1, 0, 0, 1.57, 367, 375, 6526.95, 17574, 16709
1693844671, 0, 10, 112, 0, 0, 6864.84, 1, 0, 0, 7.07, 376, 387, 6526.95, 17574, 16709
1693844674, 0, 10, 113, 0, 0, 6864.84, 1, 0, 0, 0.33, 377, 387, 6526.95, 17574, 16709
1693844677, 0, 10, 113, 0, 0, 6864.84, 1, 0, 0, 0.90, 379, 388, 6526.95, 17574, 16709
1693844680, 0, 10, 113, 0, 0, 6864.84, 1, 0, 0, 3.71, 381, 397, 6526.95, 17574, 16709
1693844685, 0, 11, 114, 0, 0, 6864.84, 1, 0, 0, 3.25, 390, 404, 6526.95, 17574, 16709
1693844686, 0, 11, 115, 0, 0, 6864.84, 1, 0, 0, 133.33, 422, 412, 6526.95, 17574, 16709
1693844689, 0, 11, 116, 0, 0, 6864.84, 1, 0, 0, 0.94, 425, 412, 6526.95, 17574, 16709
1693844695, 0, 11, 117, 0, 0, 6865.63, 1, 0, 0, 1.38, 432, 414, 6527.73, 17576, 16711
1693844698, 0, 11, 117, 0, 0, 6865.63, 1, 0, 0, 1.00, 434, 415, 6527.73, 17576, 16711
1693844701, 0, 11, 118, 0, 0, 6865.63, 1, 0, 0, 1.10, 436, 416, 6527.73, 17576, 16711
1693844705, 0, 12, 119, 0, 0, 6865.63, 1, 0, 0, 9.92, 464, 424, 6527.73, 17576, 16711
1693844710, 0, 12, 120, 0, 0, 6865.63, 1, 0, 0, 2.64, 473, 428, 6527.73, 17576, 16711
1693844721, 0, 12, 121, 0, 0, 6865.63, 1, 0, 0, 0.09, 474, 428, 6527.73, 17576, 16711
1693844723, 0, 12, 123, 0, 0, 6865.63, 1, 0, 0, 2.13, 475, 432, 6527.73, 17576, 16711
1693844731, 0, 13, 125, 0, 0, 6865.63, 1, 0, 0, 1.84, 488, 434, 6527.73, 17576, 16711
1693844736, 0, 13, 125, 0, 0, 6865.63, 1, 0, 0, 1.40, 490, 438, 6527.73, 17576, 16711
1693844739, 0, 13, 125, 0, 0, 6865.63, 1, 0, 0, 4.28, 494, 446, 6527.73, 17576, 16711
1693844742, 0, 13, 125, 0, 0, 6865.63, 1, 0, 0, 3.66, 497, 454, 6527.73, 17576, 16711
1693844745, 0, 13, 127, 0, 0, 6865.63, 1, 0, 0, 1.01, 498, 456, 6527.73, 17576, 16711
1693844748, 0, 13, 128, 0, 0, 6865.63, 1, 0, 0, 0.29, 499, 456, 6527.73, 17576, 16711
1693844751, 0, 13, 129, 0, 0, 6865.63, 1, 0, 0, 1.41, 501, 459, 6527.73, 17576, 16711
1693844755, 0, 13, 130, 0, 0, 6865.63, 1, 0, 0, 5.40, 507, 474, 6527.73, 17576, 16711
1693844758, 0, 13, 130, 0, 0, 6865.63, 1, 0, 0, 3.53, 511, 479, 6527.73, 17576, 16711
1693844761, 0, 13, 130, 0, 0, 6865.63, 1, 0, 0, 0.33, 512, 479, 6527.73, 17576, 16711
1693844764, 0, 13, 130, 0, 0, 6865.63, 1, 0, 0, 0.89, 515, 479, 6527.73, 17576, 16711
1693844767, 0, 13, 130, 0, 0, 6865.63, 2, 0, 0, 1.98, 517, 483, 6527.73, 17576, 16711
1693844770, 0, 14, 130, 0, 0, 6865.63, 2, 0, 0, 3.48, 521, 489, 6527.73, 17576, 16711
1693844774, 0, 14, 131, 0, 0, 6865.63, 2, 0, 0, 1.95, 526, 492, 6527.73, 17576, 16711
1693844777, 0, 14, 133, 0, 0, 6865.63, 2, 0, 0, 8.29, 544, 498, 6527.73, 17576, 16711
1693844780, 0, 14, 135, 0, 0, 6865.63, 2, 0, 0, 4.58, 557, 499, 6527.73, 17576, 16711
1693844785, 0, 14, 136, 0, 0, 6865.63, 2, 0, 0, 2.69, 566, 502, 6527.73, 17576, 16711
1693844788, 0, 14, 138, 0, 0, 6865.63, 2, 0, 0, 3.50, 575, 505, 6527.73, 17576, 16711
1693844793, 0, 15, 138, 0, 0, 6865.63, 2, 0, 0, 0.39, 577, 505, 6527.73, 17576, 16711
1693844799, 0, 15, 138, 0, 0, 6865.63, 2, 0, 0, 0.18, 578, 505, 6527.73, 17576, 16711
1693844806, 0, 15, 139, 0, 0, 6865.63, 2, 0, 0, 0.15, 579, 505, 6527.73, 17576, 16711
1693844811, 0, 15, 139, 0, 0, 6865.63, 2, 0, 0, 0.18, 580, 505, 6527.73, 17576, 16711
1693844816, 0, 15, 139, 0, 0, 6865.63, 2, 0, 0, 0.20, 581, 505, 6527.73, 17576, 16711
1693844819, 0, 15, 139, 0, 0, 6865.63, 2, 0, 0, 0.42, 582, 505, 6527.73, 17576, 16711
1693844821, 0, 15, 139, 0, 0, 6865.63, 2, 0, 0, 0.42, 583, 505, 6527.73, 17576, 16711
1693844827, 0, 15, 139, 0, 0, 6865.63, 2, 0, 0, 0.17, 584, 505, 6527.73, 17576, 16711
1693844833, 0, 15, 139, 0, 0, 6865.63, 2, 0, 0, 0.17, 585, 505, 6527.73, 17576, 16711
1693844838, 0, 15, 139, 0, 0, 6865.63, 2, 0, 0, 0.18, 586, 505, 6527.73, 17576, 16711
1693844844, 0, 15, 139, 0, 0, 6865.63, 2, 0, 0, 0.18, 587, 505, 6527.73, 17576, 16711
1693844849, 0, 15, 139, 0, 0, 6865.63, 2, 0, 0, 0.18, 588, 505, 6527.73, 17576, 16711
1693844855, 0, 15, 139, 0, 0, 6865.63, 2, 0, 0, 0.19, 589, 505, 6527.73, 17576, 16711
1693844860, 0, 15, 139, 0, 0, 6865.63, 2, 0, 0, 0.17, 590, 505, 6527.73, 17576, 16711
1693844866, 0, 15, 139, 0, 0, 6865.63, 2, 0, 0, 0.19, 591, 505, 6527.73, 17576, 16711
1693844871, 0, 15, 140, 0, 0, 6865.63, 2, 0, 0, 0.18, 592, 505, 6527.73, 17576, 16711
1693844877, 0, 15, 140, 0, 0, 6865.63, 2, 0, 0, 0.19, 593, 505, 6527.73, 17576, 16711
1693844882, 0, 15, 141, 0, 0, 6865.63, 2, 0, 0, 0.19, 594, 505, 6527.73, 17576, 16711
1693844887, 0, 15, 141, 0, 0, 6865.63, 2, 0, 0, 0.18, 595, 505, 6527.73, 17576, 16711
1693844893, 0, 15, 141, 0, 0, 6865.63, 2, 0, 0, 0.18, 596, 505, 6527.73, 17576, 16711
1693844899, 0, 15, 141, 0, 0, 6865.63, 2, 0, 0, 0.16, 597, 505, 6527.73, 17576, 16711
1693844904, 0, 15, 141, 0, 0, 6865.63, 2, 0, 0, 0.20, 598, 505, 6527.73, 17576, 16711
1693844909, 0, 15, 141, 0, 0, 6865.63, 2, 0, 0, 0.19, 599, 505, 6527.73, 17576, 16711
1693844915, 0, 15, 141, 0, 0, 6865.63, 2, 0, 0, 0.19, 600, 505, 6527.73, 17576, 16711
1693844920, 0, 15, 141, 0, 0, 6865.63, 2, 0, 0, 0.19, 601, 505, 6527.73, 17576, 16711
1693844925, 0, 15, 141, 0, 0, 6865.63, 2, 0, 0, 0.19, 602, 505, 6527.73, 17576, 16711
1693844931, 0, 15, 141, 0, 0, 6865.63, 2, 0, 0, 0.18, 603, 505, 6527.73, 17576, 16711
1693844936, 0, 15, 141, 0, 0, 6865.63, 2, 0, 0, 0.19, 604, 505, 6527.73, 17576, 16711
1693844939, 0, 15, 141, 0, 0, 6865.63, 2, 0, 0, 0.37, 605, 505, 6527.73, 17576, 16711
1693844944, 0, 15, 141, 0, 0, 6865.63, 2, 0, 0, 0.18, 606, 505, 6527.73, 17576, 16711
1693844949, 0, 15, 141, 0, 0, 6865.63, 2, 0, 0, 0.21, 607, 505, 6527.73, 17576, 16711
1693844955, 0, 15, 142, 0, 0, 6865.63, 2, 0, 0, 0.17, 608, 505, 6527.73, 17576, 16711
1693844961, 0, 15, 143, 0, 0, 6865.63, 2, 0, 0, 0.18, 609, 505, 6527.73, 17576, 16711
1693844966, 0, 15, 143, 0, 0, 6865.63, 2, 0, 0, 0.18, 610, 505, 6527.73, 17576, 16711
1693844972, 0, 15, 143, 0, 0, 6865.63, 2, 0, 0, 0.18, 611, 505, 6527.73, 17576, 16711
1693844977, 0, 15, 143, 0, 0, 6865.63, 2, 0, 0, 0.18, 612, 505, 6527.73, 17576, 16711
1693844982, 0, 15, 143, 0, 0, 6865.63, 2, 0, 0, 0.19, 613, 505, 6527.73, 17576, 16711
1693844988, 0, 15, 143, 0, 0, 6865.63, 2, 0, 0, 0.18, 614, 505, 6527.73, 17576, 16711
1693844993, 0, 15, 143, 0, 0, 6865.63, 2, 0, 0, 0.18, 615, 505, 6527.73, 17576, 16711
1693844999, 0, 15, 143, 0, 0, 6865.63, 2, 0, 0, 0.19, 616, 505, 6527.73, 17576, 16711
1693845004, 0, 15, 143, 0, 0, 6865.63, 2, 0, 0, 0.19, 617, 505, 6527.73, 17576, 16711
1693845009, 0, 15, 143, 0, 0, 6865.63, 2, 0, 0, 0.19, 618, 505, 6527.73, 17576, 16711
1693845015, 0, 15, 143, 0, 0, 6865.63, 2, 0, 0, 0.19, 619, 505, 6527.73, 17576, 16711
1693845020, 0, 15, 144, 0, 0, 6865.63, 2, 0, 0, 0.18, 620, 505, 6527.73, 17576, 16711
1693845026, 0, 15, 145, 0, 0, 6865.63, 2, 0, 0, 0.18, 621, 505, 6527.73, 17576, 16711
1693845032, 0, 15, 146, 0, 0, 6865.63, 2, 0, 0, 0.17, 622, 505, 6527.73, 17576, 16711
1693845037, 0, 15, 147, 0, 0, 6865.63, 2, 0, 0, 0.18, 623, 505, 6527.73, 17576, 16711
1693845043, 0, 15, 148, 0, 0, 6865.63, 2, 0, 0, 0.18, 624, 505, 6527.73, 17576, 16711
1693845049, 0, 15, 149, 0, 0, 6865.63, 2, 0, 0, 0.17, 625, 505, 6527.73, 17576, 16711
1693845054, 0, 15, 149, 0, 0, 6865.63, 2, 0, 0, 0.20, 626, 505, 6527.73, 17576, 16711
1693845059, 0, 15, 149, 0, 0, 6865.63, 2, 0, 0, 0.19, 627, 505, 6527.73, 17576, 16711
1693845064, 0, 15, 149, 0, 0, 6865.63, 2, 0, 0, 0.18, 628, 505, 6527.73, 17576, 16711
1693845070, 0, 15, 150, 0, 0, 6882.03, 2, 0, 0, 0.18, 629, 505, 6544.14, 17618, 16753
1693845076, 0, 15, 151, 0, 0, 6882.03, 2, 0, 0, 0.18, 630, 505, 6544.14, 17618, 16753
1693845082, 0, 15, 152, 0, 0, 6882.03, 2, 0, 0, 0.15, 631, 505, 6544.14, 17618, 16753
1693845088, 0, 15, 152, 0, 0, 6882.03, 2, 0, 0, 0.18, 632, 505, 6544.14, 17618, 16753
1693845093, 0, 15, 152, 0, 0, 6882.03, 2, 0, 0, 0.19, 633, 505, 6544.14, 17618, 16753
1693845098, 0, 15, 152, 0, 0, 6882.03, 2, 0, 0, 0.20, 634, 505, 6544.14, 17618, 16753
1693845106, 0, 15, 153, 0, 0, 6882.03, 2, 0, 0, 0.14, 635, 505, 6544.14, 17618, 16753
1693845112, 0, 15, 153, 0, 0, 6882.03, 2, 0, 0, 0.16, 636, 505, 6544.14, 17618, 16753
1693845117, 0, 15, 153, 0, 0, 6882.03, 2, 0, 0, 0.18, 637, 505, 6544.14, 17618, 16753
1693845123, 0, 15, 153, 0, 0, 6882.03, 2, 0, 0, 0.18, 638, 505, 6544.14, 17618, 16753
1693845128, 0, 15, 153, 0, 0, 6882.03, 2, 0, 0, 0.19, 639, 505, 6544.14, 17618, 16753
1693845133, 0, 15, 153, 0, 0, 6882.03, 2, 0, 0, 0.18, 640, 505, 6544.14, 17618, 16753
1693845139, 0, 15, 153, 0, 0, 6882.03, 2, 0, 0, 0.18, 641, 505, 6544.14, 17618, 16753
1693845145, 0, 15, 154, 0, 0, 6882.81, 2, 0, 0, 0.18, 642, 505, 6544.92, 17620, 16755
1693845150, 0, 15, 154, 0, 0, 6882.81, 2, 0, 0, 0.18, 643, 505, 6544.92, 17620, 16755
1693845156, 0, 15, 154, 0, 0, 6882.81, 2, 0, 0, 0.18, 644, 505, 6544.92, 17620, 16755
1693845161, 0, 15, 154, 0, 0, 6882.81, 2, 0, 0, 0.19, 645, 505, 6544.92, 17620, 16755
1693845167, 0, 15, 154, 0, 0, 6882.81, 2, 0, 0, 0.18, 646, 505, 6544.92, 17620, 16755
1693845169, 0, 15, 154, 0, 0, 6882.81, 2, 0, 0, 0.40, 647, 505, 6544.92, 17620, 16755
1693845174, 0, 15, 154, 0, 0, 6882.81, 2, 0, 0, 0.19, 648, 505, 6544.92, 17620, 16755
1693845181, 0, 15, 154, 0, 0, 6882.81, 2, 0, 0, 0.17, 649, 505, 6544.92, 17620, 16755
1693845187, 0, 15, 154, 0, 0, 6882.81, 2, 0, 0, 0.15, 650, 505, 6544.92, 17620, 16755
1693845193, 0, 15, 154, 0, 0, 6882.81, 2, 0, 0, 0.18, 651, 505, 6544.92, 17620, 16755
1693845198, 0, 15, 154, 0, 0, 6882.81, 2, 0, 0, 0.18, 652, 505, 6544.92, 17620, 16755
1693845204, 0, 15, 154, 0, 0, 6882.81, 2, 0, 0, 0.17, 653, 505, 6544.92, 17620, 16755
1693845210, 0, 15, 154, 0, 0, 6882.81, 2, 0, 0, 0.18, 654, 505, 6544.92, 17620, 16755
1693845215, 0, 15, 154, 0, 0, 6882.81, 2, 0, 0, 0.19, 655, 505, 6544.92, 17620, 16755
1693845221, 0, 15, 154, 0, 0, 6882.81, 2, 0, 0, 0.18, 656, 505, 6544.92, 17620, 16755
1693845227, 0, 15, 155, 0, 0, 6882.81, 2, 0, 0, 0.15, 657, 505, 6544.92, 17620, 16755
1693845232, 0, 15, 155, 0, 0, 6882.81, 2, 0, 0, 0.19, 658, 505, 6544.92, 17620, 16755
1693845238, 0, 15, 155, 0, 0, 6882.81, 2, 0, 0, 0.18, 659, 505, 6544.92, 17620, 16755
1693845243, 0, 15, 155, 0, 0, 6882.81, 2, 0, 0, 0.18, 660, 505, 6544.92, 17620, 16755
1693845249, 0, 15, 156, 0, 0, 6882.81, 2, 0, 0, 0.16, 661, 505, 6544.92, 17620, 16755
1693845255, 0, 15, 156, 0, 0, 6882.81, 2, 0, 0, 0.17, 662, 505, 6544.92, 17620, 16755
1693845261, 0, 15, 156, 0, 0, 6882.81, 2, 0, 0, 0.17, 663, 505, 6544.92, 17620, 16755
1693845268, 0, 15, 157, 0, 0, 6882.81, 2, 0, 0, 0.15, 664, 505, 6544.92, 17620, 16755
1693845274, 0, 15, 158, 0, 0, 6882.81, 2, 0, 0, 0.17, 665, 505, 6544.92, 17620, 16755
1693845279, 0, 15, 158, 0, 0, 6882.81, 2, 0, 0, 0.17, 666, 505, 6544.92, 17620, 16755
1693845285, 0, 15, 158, 0, 0, 6882.81, 2, 0, 0, 0.17, 667, 505, 6544.92, 17620, 16755
1693845291, 0, 15, 158, 0, 0, 6882.81, 2, 0, 0, 0.17, 668, 505, 6544.92, 17620, 16755
1693845297, 0, 15, 158, 0, 0, 6882.81, 2, 0, 0, 0.17, 669, 505, 6544.92, 17620, 16755
1693845303, 0, 15, 158, 0, 0, 6882.81, 2, 0, 0, 0.17, 670, 505, 6544.92, 17620, 16755
1693845309, 0, 15, 158, 0, 0, 6882.81, 2, 0, 0, 0.17, 671, 505, 6544.92, 17620, 16755
1693845315, 0, 15, 158, 0, 0, 6882.81, 2, 0, 0, 0.15, 672, 505, 6544.92, 17620, 16755
1693845321, 0, 15, 158, 0, 0, 6882.81, 2, 0, 0, 0.18, 673, 505, 6544.92, 17620, 16755
1693845326, 0, 15, 159, 0, 0, 6882.81, 2, 0, 0, 0.18, 674, 505, 6544.92, 17620, 16755
1693845332, 0, 15, 159, 0, 0, 6882.81, 2, 0, 0, 0.18, 675, 505, 6544.92, 17620, 16755
1693845338, 0, 15, 160, 0, 0, 6882.81, 2, 0, 0, 0.17, 676, 505, 6544.92, 17620, 16755
1693845344, 0, 15, 161, 0, 0, 6882.81, 2, 0, 0, 0.17, 677, 505, 6544.92, 17620, 16755
1693845349, 0, 15, 162, 0, 0, 6882.81, 2, 0, 0, 0.18, 678, 505, 6544.92, 17620, 16755
1693845355, 0, 15, 162, 0, 0, 6882.81, 2, 0, 0, 0.19, 679, 505, 6544.92, 17620, 16755
1693845360, 0, 15, 163, 0, 0, 6882.81, 2, 0, 0, 0.17, 680, 505, 6544.92, 17620, 16755
1693845366, 0, 15, 164, 0, 0, 6882.81, 2, 0, 0, 0.18, 681, 505, 6544.92, 17620, 16755
1693845372, 0, 15, 164, 0, 0, 6882.81, 2, 0, 0, 0.17, 682, 505, 6544.92, 17620, 16755
1693845378, 0, 15, 164, 0, 0, 6882.81, 2, 0, 0, 0.17, 683, 505, 6544.92, 17620, 16755
1693845384, 0, 15, 164, 0, 0, 6882.81, 2, 0, 0, 0.17, 684, 505, 6544.92, 17620, 16755
1693845389, 0, 15, 164, 0, 0, 6882.81, 2, 0, 0, 0.19, 685, 505, 6544.92, 17620, 16755
1693845394, 0, 15, 164, 0, 0, 6882.81, 2, 0, 0, 0.18, 686, 505, 6544.92, 17620, 16755
1693845400, 0, 15, 164, 0, 0, 6882.81, 2, 0, 0, 0.18, 687, 505, 6544.92, 17620, 16755
1693845405, 0, 15, 164, 0, 0, 6882.81, 2, 0, 0, 0.18, 688, 505, 6544.92, 17620, 16755
1693845411, 0, 15, 164, 0, 0, 6882.81, 2, 0, 0, 0.18, 689, 505, 6544.92, 17620, 16755
1693845416, 0, 15, 164, 0, 0, 6882.81, 2, 0, 0, 0.19, 690, 505, 6544.92, 17620, 16755
1693845422, 0, 15, 164, 0, 0, 6882.81, 2, 0, 0, 0.17, 691, 505, 6544.92, 17620, 16755
1693845427, 0, 15, 164, 0, 0, 6882.81, 2, 0, 0, 0.18, 692, 505, 6544.92, 17620, 16755
1693845433, 0, 15, 165, 0, 0, 6882.81, 2, 0, 0, 0.18, 693, 505, 6544.92, 17620, 16755
1693845438, 0, 15, 165, 0, 0, 6882.81, 2, 0, 0, 0.18, 694, 505, 6544.92, 17620, 16755
1693845444, 0, 15, 165, 0, 0, 6882.81, 2, 0, 0, 0.17, 695, 505, 6544.92, 17620, 16755
1693845451, 0, 15, 165, 0, 0, 6882.81, 2, 0, 0, 0.16, 696, 505, 6544.92, 17620, 16755
1693845456, 0, 15, 165, 0, 0, 6882.81, 2, 0, 0, 0.18, 697, 505, 6544.92, 17620, 16755
1693845462, 0, 15, 166, 0, 0, 6882.81, 2, 0, 0, 0.17, 698, 505, 6544.92, 17620, 16755
1693845468, 0, 15, 166, 0, 0, 6882.81, 2, 0, 0, 0.18, 699, 505, 6544.92, 17620, 16755
1693845474, 0, 15, 166, 0, 0, 6882.81, 2, 0, 0, 0.17, 700, 505, 6544.92, 17620, 16755
1693845479, 0, 15, 166, 0, 0, 6882.81, 2, 0, 0, 0.18, 701, 505, 6544.92, 17620, 16755
1693845485, 0, 15, 166, 0, 0, 6882.81, 2, 0, 0, 0.18, 702, 505, 6544.92, 17620, 16755
1693845490, 0, 15, 166, 0, 0, 6882.81, 2, 0, 0, 0.18, 703, 505, 6544.92, 17620, 16755
1693845496, 0, 15, 166, 0, 0, 6882.81, 2, 0, 0, 0.17, 704, 505, 6544.92, 17620, 16755
1693845502, 0, 15, 166, 0, 0, 6882.81, 2, 0, 0, 0.18, 705, 505, 6544.92, 17620, 16755
1693845508, 0, 15, 166, 0, 0, 6882.81, 2, 0, 0, 0.17, 706, 505, 6544.92, 17620, 16755
1693845513, 0, 15, 166, 0, 0, 6882.81, 2, 0, 0, 0.18, 707, 505, 6544.92, 17620, 16755
1693845519, 0, 15, 166, 0, 0, 6882.81, 2, 0, 0, 0.18, 708, 505, 6544.92, 17620, 16755
1693845524, 0, 15, 166, 0, 0, 6882.81, 2, 0, 0, 0.17, 709, 505, 6544.92, 17620, 16755
1693845530, 0, 15, 166, 0, 0, 6882.81, 2, 0, 0, 0.18, 710, 505, 6544.92, 17620, 16755
1693845535, 0, 15, 166, 0, 0, 6882.81, 2, 0, 0, 0.19, 711, 505, 6544.92, 17620, 16755
1693845541, 0, 15, 166, 0, 0, 6882.81, 2, 0, 0, 0.18, 712, 505, 6544.92, 17620, 16755
1693845546, 0, 15, 166, 0, 0, 6882.81, 2, 0, 0, 0.18, 713, 505, 6544.92, 17620, 16755
1693845552, 0, 15, 166, 0, 0, 6882.81, 2, 0, 0, 0.17, 714, 505, 6544.92, 17620, 16755
1693845558, 0, 15, 166, 0, 0, 6882.81, 2, 0, 0, 0.18, 715, 505, 6544.92, 17620, 16755
1693845563, 0, 15, 166, 0, 0, 6882.81, 2, 0, 0, 0.19, 716, 505, 6544.92, 17620, 16755
1693845569, 0, 15, 166, 0, 0, 6882.81, 2, 0, 0, 0.18, 717, 505, 6544.92, 17620, 16755
1693845574, 0, 15, 166, 0, 0, 6882.81, 2, 0, 0, 0.19, 718, 505, 6544.92, 17620, 16755
1693845580, 0, 15, 166, 0, 0, 6882.81, 2, 0, 0, 0.18, 719, 505, 6544.92, 17620, 16755
1693845585, 0, 15, 166, 0, 0, 6882.81, 2, 0, 0, 0.19, 720, 505, 6544.92, 17620, 16755
1693845591, 0, 15, 166, 0, 0, 6882.81, 2, 0, 0, 0.18, 721, 505, 6544.92, 17620, 16755
1693845596, 0, 15, 166, 0, 0, 6882.81, 2, 0, 0, 0.18, 722, 505, 6544.92, 17620, 16755
1693845602, 0, 15, 166, 0, 0, 6882.81, 2, 0, 0, 0.18, 723, 505, 6544.92, 17620, 16755
1693845607, 0, 15, 166, 0, 0, 6882.81, 2, 0, 0, 0.17, 724, 505, 6544.92, 17620, 16755
1693845613, 0, 15, 166, 0, 0, 6882.81, 2, 0, 0, 0.18, 725, 505, 6544.92, 17620, 16755
1693845619, 0, 15, 166, 0, 0, 6882.81, 2, 0, 0, 0.17, 726, 505, 6544.92, 17620, 16755
1693845624, 0, 15, 166, 0, 0, 6882.81, 2, 0, 0, 0.17, 727, 505, 6544.92, 17620, 16755
1693845630, 0, 15, 167, 0, 0, 6882.81, 2, 0, 0, 0.17, 728, 505, 6544.92, 17620, 16755
1693845636, 0, 15, 167, 0, 0, 6882.81, 2, 0, 0, 0.18, 729, 505, 6544.92, 17620, 16755
1693845642, 0, 15, 167, 0, 0, 6882.81, 2, 0, 0, 0.17, 730, 505, 6544.92, 17620, 16755
1693845647, 0, 15, 167, 0, 0, 6882.81, 2, 0, 0, 0.18, 731, 505, 6544.92, 17620, 16755
1693845653, 0, 15, 167, 0, 0, 6882.81, 2, 0, 0, 0.17, 732, 505, 6544.92, 17620, 16755
1693845658, 0, 15, 168, 0, 0, 6882.81, 2, 0, 0, 0.18, 733, 505, 6544.92, 17620, 16755
1693845664, 0, 15, 168, 0, 0, 6882.81, 2, 0, 0, 0.19, 734, 505, 6544.92, 17620, 16755
1693845669, 0, 15, 168, 0, 0, 6882.81, 2, 0, 0, 0.19, 735, 505, 6544.92, 17620, 16755
1693845674, 0, 15, 168, 0, 0, 6882.81, 2, 0, 0, 0.18, 736, 505, 6544.92, 17620, 16755
1693845680, 0, 15, 168, 0, 0, 6882.81, 2, 0, 0, 0.19, 737, 505, 6544.92, 17620, 16755
1693845687, 0, 15, 169, 0, 0, 6882.81, 2, 0, 0, 0.14, 738, 505, 6544.92, 17620, 16755
1693845692, 0, 15, 169, 0, 0, 6882.81, 2, 0, 0, 0.18, 739, 505, 6544.92, 17620, 16755
1693845697, 0, 15, 169, 0, 0, 6882.81, 2, 0, 0, 0.19, 740, 505, 6544.92, 17620, 16755
1693845703, 0, 15, 169, 0, 0, 6882.81, 2, 0, 0, 0.18, 741, 505, 6544.92, 17620, 16755
1693845709, 0, 15, 169, 0, 0, 6882.81, 2, 0, 0, 0.17, 742, 505, 6544.92, 17620, 16755
1693845714, 0, 15, 169, 0, 0, 6882.81, 2, 0, 0, 0.18, 743, 505, 6544.92, 17620, 16755
1693845720, 0, 15, 169, 0, 0, 6882.81, 2, 0, 0, 0.17, 744, 505, 6544.92, 17620, 16755
1693845725, 0, 15, 169, 0, 0, 6882.81, 2, 0, 0, 0.19, 745, 505, 6544.92, 17620, 16755
1693845731, 0, 15, 169, 0, 0, 6882.81, 2, 0, 0, 0.17, 746, 505, 6544.92, 17620, 16755
1693845737, 0, 15, 169, 0, 0, 6882.81, 2, 0, 0, 0.18, 747, 505, 6544.92, 17620, 16755
1693845742, 0, 15, 170, 0, 0, 6882.81, 2, 0, 0, 0.18, 748, 505, 6544.92, 17620, 16755
1693845748, 0, 15, 171, 0, 0, 6882.81, 2, 0, 0, 0.18, 749, 505, 6544.92, 17620, 16755
1693845755, 0, 15, 172, 0, 0, 6882.81, 2, 0, 0, 0.15, 750, 505, 6544.92, 17620, 16755
1693845767, 0, 15, 173, 0, 0, 7946.88, 2, 0, 0, 0.08, 751, 505, 7615.23, 20344, 19495
1693845773, 0, 15, 174, 0, 0, 8010.16, 2, 0, 0, 0.17, 752, 505, 7678.52, 20506, 19657
1693845779, 0, 15, 175, 0, 0, 8010.16, 2, 0, 0, 0.17, 753, 505, 7678.52, 20506, 19657
1693845785, 0, 15, 176, 0, 0, 8010.16, 2, 0, 0, 0.17, 754, 505, 7678.52, 20506, 19657
1693845790, 0, 15, 176, 0, 0, 8010.16, 2, 0, 0, 0.20, 755, 505, 7678.52, 20506, 19657
1693845797, 0, 15, 176, 0, 0, 8010.16, 2, 0, 0, 0.14, 756, 505, 7678.52, 20506, 19657
1693845802, 0, 15, 176, 0, 0, 8010.16, 2, 0, 0, 0.18, 757, 505, 7678.52, 20506, 19657
1693845808, 0, 15, 177, 0, 0, 8010.16, 2, 0, 0, 0.17, 758, 505, 7678.52, 20506, 19657
1693845814, 0, 15, 177, 0, 0, 8010.16, 2, 0, 0, 0.18, 759, 505, 7678.52, 20506, 19657
1693845819, 0, 15, 177, 0, 0, 8010.16, 2, 0, 0, 0.17, 760, 505, 7678.52, 20506, 19657
1693845825, 0, 15, 178, 0, 0, 8010.16, 2, 0, 0, 0.17, 761, 505, 7678.52, 20506, 19657
1693845830, 0, 15, 178, 0, 0, 8010.16, 2, 0, 0, 0.19, 762, 505, 7678.52, 20506, 19657
1693845836, 0, 15, 178, 0, 0, 8010.16, 2, 0, 0, 0.18, 763, 505, 7678.52, 20506, 19657
1693845842, 0, 15, 178, 0, 0, 8010.16, 2, 0, 0, 0.18, 764, 505, 7678.52, 20506, 19657
1693845847, 0, 15, 179, 0, 0, 8014.06, 2, 0, 0, 0.20, 765, 505, 7682.42, 20516, 19667
1693845852, 0, 15, 180, 0, 0, 8014.06, 2, 0, 0, 0.18, 766, 505, 7682.42, 20516, 19667
1693845858, 0, 15, 180, 0, 0, 8014.06, 2, 0, 0, 0.19, 767, 505, 7682.42, 20516, 19667
1693845863, 0, 15, 180, 0, 0, 8014.06, 2, 0, 0, 0.19, 768, 505, 7682.42, 20516, 19667
1693845868, 0, 15, 180, 0, 0, 8014.06, 2, 0, 0, 0.18, 769, 505, 7682.42, 20516, 19667
1693845874, 0, 15, 180, 0, 0, 8014.06, 2, 0, 0, 0.18, 770, 505, 7682.42, 20516, 19667
1693845880, 0, 15, 180, 0, 0, 8014.06, 2, 0, 0, 0.17, 771, 505, 7682.42, 20516, 19667
1693845885, 0, 15, 180, 0, 0, 8014.06, 2, 0, 0, 0.19, 772, 505, 7682.42, 20516, 19667
1693845891, 0, 15, 181, 0, 0, 8016.80, 2, 0, 0, 0.18, 773, 505, 7685.16, 20523, 19674
1693845896, 0, 15, 181, 0, 0, 8016.80, 2, 0, 0, 0.18, 774, 505, 7685.16, 20523, 19674
1693845902, 0, 15, 181, 0, 0, 8016.80, 2, 0, 0, 0.18, 775, 505, 7685.16, 20523, 19674
1693845908, 0, 15, 181, 0, 0, 8016.80, 2, 0, 0, 0.18, 776, 505, 7685.16, 20523, 19674
1693845913, 0, 15, 181, 0, 0, 8016.80, 2, 0, 0, 0.18, 777, 505, 7685.16, 20523, 19674
1693845919, 0, 15, 181, 0, 0, 8016.80, 2, 0, 0, 0.16, 778, 505, 7685.16, 20523, 19674
1693845925, 0, 15, 181, 0, 0, 8016.80, 2, 0, 0, 0.18, 779, 505, 7685.16, 20523, 19674
1693845931, 0, 15, 181, 0, 0, 8016.80, 2, 0, 0, 0.18, 780, 505, 7685.16, 20523, 19674
1693845936, 0, 15, 182, 0, 0, 8018.36, 2, 0, 0, 0.18, 781, 505, 7686.72, 20527, 19678
1693845942, 0, 15, 182, 0, 0, 8018.36, 2, 0, 0, 0.17, 782, 505, 7686.72, 20527, 19678
1693845948, 0, 15, 182, 0, 0, 8018.36, 2, 0, 0, 0.18, 783, 505, 7686.72, 20527, 19678
1693845953, 0, 15, 182, 0, 0, 8018.36, 2, 0, 0, 0.19, 784, 505, 7686.72, 20527, 19678
1693845959, 0, 15, 182, 0, 0, 8018.36, 2, 0, 0, 0.17, 785, 505, 7686.72, 20527, 19678
1693845965, 0, 15, 182, 0, 0, 8018.36, 2, 0, 0, 0.17, 786, 505, 7686.72, 20527, 19678
1693845971, 0, 15, 182, 0, 0, 8018.36, 2, 0, 0, 0.16, 787, 505, 7686.72, 20527, 19678
1693845976, 0, 15, 182, 0, 0, 8018.36, 2, 0, 0, 0.19, 788, 505, 7686.72, 20527, 19678
1693845981, 0, 15, 182, 0, 0, 8018.36, 2, 0, 0, 0.19, 789, 505, 7686.72, 20527, 19678
1693845987, 0, 15, 182, 0, 0, 8018.36, 2, 0, 0, 0.17, 790, 505, 7686.72, 20527, 19678
1693845994, 0, 15, 182, 0, 0, 8018.36, 2, 0, 0, 0.15, 791, 505, 7686.72, 20527, 19678
1693846002, 0, 15, 183, 0, 0, 8018.36, 2, 0, 0, 0.12, 792, 505, 7686.72, 20527, 19678
1693846008, 0, 15, 183, 0, 0, 8018.36, 2, 0, 0, 0.17, 793, 505, 7686.72, 20527, 19678
1693846014, 0, 15, 183, 0, 0, 8018.36, 2, 0, 0, 0.17, 794, 505, 7686.72, 20527, 19678
1693846019, 0, 15, 183, 0, 0, 8018.36, 2, 0, 0, 0.18, 795, 505, 7686.72, 20527, 19678
1693846025, 0, 15, 183, 0, 0, 8018.36, 2, 0, 0, 0.17, 796, 505, 7686.72, 20527, 19678
1693846031, 0, 15, 183, 0, 0, 8018.36, 2, 0, 0, 0.18, 797, 505, 7686.72, 20527, 19678
1693846036, 0, 15, 183, 0, 0, 8018.36, 2, 0, 0, 0.18, 798, 505, 7686.72, 20527, 19678
1693846043, 0, 15, 183, 0, 0, 8018.36, 2, 0, 0, 0.15, 799, 505, 7686.72, 20527, 19678
1693846049, 0, 15, 183, 0, 0, 8018.36, 2, 0, 0, 0.17, 800, 505, 7686.72, 20527, 19678
1693846055, 0, 15, 183, 0, 0, 8018.36, 2, 0, 0, 0.17, 801, 505, 7686.72, 20527, 19678
1693846062, 0, 15, 183, 0, 0, 8018.36, 2, 0, 0, 0.14, 802, 505, 7686.72, 20527, 19678
1693846069, 0, 15, 183, 0, 0, 8018.36, 2, 0, 0, 0.16, 803, 505, 7686.72, 20527, 19678
1693846075, 0, 15, 183, 0, 0, 8018.36, 2, 0, 0, 0.16, 804, 505, 7686.72, 20527, 19678
1693846082, 0, 15, 183, 0, 0, 8018.36, 2, 0, 0, 0.15, 805, 505, 7686.72, 20527, 19678
1693846087, 0, 15, 183, 0, 0, 8018.36, 2, 0, 0, 0.17, 806, 505, 7686.72, 20527, 19678
1693846094, 0, 15, 183, 0, 0, 8018.36, 2, 0, 0, 0.15, 807, 505, 7686.72, 20527, 19678
1693846100, 0, 15, 183, 0, 0, 8018.36, 2, 0, 0, 0.16, 808, 505, 7686.72, 20527, 19678
1693846106, 0, 15, 183, 0, 0, 8018.36, 2, 0, 0, 0.17, 809, 505, 7686.72, 20527, 19678
1693846113, 0, 15, 183, 0, 0, 8018.36, 2, 0, 0, 0.14, 810, 505, 7686.72, 20527, 19678
1693846120, 0, 15, 184, 0, 0, 8018.36, 2, 0, 0, 0.14, 811, 505, 7686.72, 20527, 19678
1693846126, 0, 15, 184, 0, 0, 8018.36, 2, 0, 0, 0.16, 812, 505, 7686.72, 20527, 19678
1693846140, 0, 15, 184, 0, 0, 8018.36, 2, 0, 0, 0.08, 813, 505, 7686.72, 20527, 19678
1693846146, 0, 15, 184, 0, 0, 8018.36, 2, 0, 0, 0.14, 814, 505, 7686.72, 20527, 19678
1693846152, 0, 15, 184, 0, 0, 8018.36, 2, 0, 0, 0.17, 815, 505, 7686.72, 20527, 19678
1693846158, 0, 15, 184, 0, 0, 8018.36, 2, 0, 0, 0.16, 816, 505, 7686.72, 20527, 19678
1693846164, 0, 15, 184, 0, 0, 8018.36, 2, 0, 0, 0.17, 817, 505, 7686.72, 20527, 19678
1693846170, 0, 15, 184, 0, 0, 8018.36, 2, 0, 0, 0.16, 818, 505, 7686.72, 20527, 19678
1693846177, 0, 15, 184, 0, 0, 8018.36, 2, 0, 0, 0.15, 819, 505, 7686.72, 20527, 19678
1693846184, 0, 15, 184, 0, 0, 8018.36, 2, 0, 0, 0.15, 820, 505, 7686.72, 20527, 19678
1693846190, 0, 15, 184, 0, 0, 8018.36, 2, 0, 0, 0.16, 821, 505, 7686.72, 20527, 19678
1693846198, 0, 15, 184, 0, 0, 8018.36, 2, 0, 0, 0.14, 822, 505, 7686.72, 20527, 19678
1693846204, 0, 15, 184, 0, 0, 8018.36, 2, 0, 0, 0.15, 823, 505, 7686.72, 20527, 19678
1693846211, 0, 15, 185, 0, 0, 8018.36, 2, 0, 0, 0.15, 824, 505, 7686.72, 20527, 19678
1693846218, 0, 15, 185, 0, 0, 8018.36, 2, 0, 0, 0.15, 825, 505, 7686.72, 20527, 19678
1693846225, 0, 15, 185, 0, 0, 8018.36, 2, 0, 0, 0.14, 826, 505, 7686.72, 20527, 19678
1693846240, 0, 15, 186, 0, 0, 8842.58, 2, 0, 0, 0.07, 827, 505, 8510.94, 22637, 21788
1693846247, 0, 15, 187, 0, 0, 8905.86, 2, 0, 0, 0.14, 828, 505, 8574.22, 22799, 21950
1693846263, 0, 15, 188, 0, 0, 9653.13, 2, 0, 0, 0.06, 829, 505, 9321.48, 24712, 23863
1693846277, 0, 15, 189, 0, 0, 9735.55, 2, 0, 0, 0.07, 830, 505, 9403.91, 24923, 24074
1693846307, 0, 15, 190, 0, 0, 9763.28, 2, 0, 0, 0.03, 831, 505, 9431.64, 24994, 24145
