# unix_time, cycles_done, cur_path, paths_total, pending_total, pending_favs, map_size, unique_crashes, unique_hangs, max_depth, execs_per_sec, valid_inputs, invalid_inputs, valid_cov, all_covered_probes, valid_covered_probes
1693423164, 0, 0, 1, 0, 0, 2527.34, 0, 0, 0, 0.03, 0, 1, 0.00, 6470, 0
1693423187, 0, 0, 2, 0, 0, 2588.67, 0, 0, 0, 0.04, 0, 2, 0.00, 6627, 0
1693423208, 0, 0, 3, 0, 0, 2590.63, 0, 0, 0, 0.05, 0, 3, 0.00, 6632, 0
1693423234, 0, 0, 4, 0, 0, 2591.80, 0, 0, 0, 0.04, 0, 4, 0.00, 6635, 0
1693423256, 0, 0, 4, 0, 0, 2591.80, 0, 0, 0, 0.05, 0, 5, 0.00, 6635, 0
1693423277, 0, 0, 4, 0, 0, 2591.80, 0, 0, 0, 0.05, 0, 6, 0.00, 6635, 0
1693423301, 0, 0, 4, 0, 0, 2591.80, 0, 0, 0, 0.04, 0, 7, 0.00, 6635, 0
1693423318, 0, 0, 4, 0, 0, 2591.80, 0, 0, 0, 0.06, 0, 8, 0.00, 6635, 0
1693423334, 0, 0, 4, 0, 0, 2591.80, 0, 0, 0, 0.07, 0, 9, 0.00, 6635, 0
1693423349, 0, 0, 4, 0, 0, 2591.80, 0, 0, 0, 0.07, 0, 10, 0.00, 6635, 0
1693423368, 0, 0, 4, 0, 0, 2591.80, 0, 0, 0, 0.05, 0, 11, 0.00, 6635, 0
1693423380, 0, 0, 4, 0, 0, 2591.80, 0, 0, 0, 0.09, 0, 12, 0.00, 6635, 0
1693423392, 0, 0, 4, 0, 0, 2591.80, 0, 0, 0, 0.08, 0, 13, 0.00, 6635, 0
1693423404, 0, 0, 4, 0, 0, 2591.80, 0, 0, 0, 0.08, 0, 14, 0.00, 6635, 0
1693423416, 0, 0, 4, 0, 0, 2591.80, 0, 0, 0, 0.08, 0, 15, 0.00, 6635, 0
1693423428, 0, 0, 4, 0, 0, 2591.80, 0, 0, 0, 0.08, 0, 16, 0.00, 6635, 0
1693423440, 0, 0, 4, 0, 0, 2591.80, 0, 0, 0, 0.08, 0, 17, 0.00, 6635, 0
1693423452, 0, 0, 4, 0, 0, 2591.80, 0, 0, 0, 0.08, 0, 18, 0.00, 6635, 0
1693423464, 0, 0, 4, 0, 0, 2591.80, 0, 0, 0, 0.09, 0, 19, 0.00, 6635, 0
1693423476, 0, 0, 4, 0, 0, 2591.80, 0, 0, 0, 0.08, 0, 20, 0.00, 6635, 0
1693423488, 0, 0, 4, 0, 0, 2591.80, 0, 0, 0, 0.09, 0, 21, 0.00, 6635, 0
1693423500, 0, 0, 4, 0, 0, 2591.80, 0, 0, 0, 0.08, 0, 22, 0.00, 6635, 0
1693423512, 0, 0, 4, 0, 0, 2591.80, 0, 0, 0, 0.08, 0, 23, 0.00, 6635, 0
1693423524, 0, 0, 4, 0, 0, 2591.80, 0, 0, 0, 0.08, 0, 24, 0.00, 6635, 0
1693423537, 0, 0, 4, 0, 0, 2591.80, 0, 0, 0, 0.08, 0, 25, 0.00, 6635, 0
1693423549, 0, 0, 4, 0, 0, 2591.80, 0, 0, 0, 0.08, 0, 26, 0.00, 6635, 0
1693423562, 0, 0, 4, 0, 0, 2591.80, 0, 0, 0, 0.08, 0, 27, 0.00, 6635, 0
1693423574, 0, 0, 4, 0, 0, 2591.80, 0, 0, 0, 0.08, 0, 28, 0.00, 6635, 0
1693423586, 0, 0, 4, 0, 0, 2591.80, 0, 0, 0, 0.08, 0, 29, 0.00, 6635, 0
1693423598, 0, 0, 4, 0, 0, 2591.80, 0, 0, 0, 0.08, 0, 30, 0.00, 6635, 0
1693423611, 0, 0, 4, 0, 0, 2591.80, 0, 0, 0, 0.08, 0, 31, 0.00, 6635, 0
1693423624, 0, 0, 4, 0, 0, 2591.80, 0, 0, 0, 0.08, 0, 32, 0.00, 6635, 0
1693423636, 0, 0, 4, 0, 0, 2591.80, 0, 0, 0, 0.08, 0, 33, 0.00, 6635, 0
1693423649, 0, 0, 4, 0, 0, 2591.80, 0, 0, 0, 0.08, 0, 34, 0.00, 6635, 0
1693423662, 0, 0, 4, 0, 0, 2591.80, 0, 0, 0, 0.07, 0, 35, 0.00, 6635, 0
1693423674, 0, 0, 4, 0, 0, 2591.80, 0, 0, 0, 0.08, 0, 36, 0.00, 6635, 0
