# unix_time, cycles_done, cur_path, paths_total, pending_total, pending_favs, map_size, unique_crashes, unique_hangs, max_depth, execs_per_sec, valid_inputs, invalid_inputs, valid_cov, all_covered_probes, valid_covered_probes
1694944689, 0, 0, 0, 0, 0, 0.00, 1, 0, 0, 0.05, 0, 1, 0.00, 0, 0
1694944689, 0, 0, 2, 0, 0, 987.11, 1, 0, 0, 4.48, 1, 2, 822.66, 2527, 2106
1694944701, 0, 0, 8, 0, 0, 6242.58, 1, 0, 0, 0.58, 5, 5, 6083.20, 15981, 15573
1694944701, 0, 0, 10, 0, 0, 6267.19, 1, 0, 0, 29.61, 10, 9, 6083.59, 16044, 15574
1694944708, 0, 0, 11, 0, 0, 6267.97, 1, 0, 0, 0.65, 13, 10, 6084.38, 16046, 15576
1694944723, 0, 0, 15, 0, 0, 6345.70, 1, 0, 0, 0.58, 19, 13, 6094.53, 16245, 15602
1694944731, 0, 0, 18, 0, 0, 6403.91, 1, 0, 0, 0.91, 22, 17, 6151.56, 16394, 15748
1694944737, 0, 0, 19, 0, 0, 6406.64, 1, 0, 0, 0.82, 26, 18, 6151.56, 16401, 15748
1694944742, 0, 0, 20, 0, 0, 6412.11, 1, 0, 0, 1.09, 29, 21, 6151.56, 16415, 15748
1694944743, 0, 0, 20, 0, 0, 6412.11, 1, 0, 0, 77.42, 41, 33, 6151.56, 16415, 15748
1694944754, 0, 0, 21, 0, 0, 6415.23, 1, 0, 0, 0.09, 42, 33, 6154.69, 16423, 15756
1694944759, 0, 0, 22, 0, 0, 6422.66, 1, 0, 0, 0.65, 45, 33, 6162.11, 16442, 15775
1694944763, 0, 0, 22, 0, 0, 6422.66, 1, 0, 0, 0.65, 46, 35, 6162.11, 16442, 15775
1694944768, 0, 0, 22, 0, 0, 6422.66, 1, 0, 0, 2.02, 52, 39, 6162.11, 16442, 15775
1694944772, 0, 0, 22, 0, 0, 6422.66, 1, 0, 0, 2.62, 58, 43, 6162.11, 16442, 15775
1694944776, 0, 0, 23, 0, 0, 6429.30, 1, 0, 0, 0.47, 60, 43, 6168.75, 16459, 15792
1694944777, 0, 0, 23, 0, 0, 6429.30, 1, 0, 0, 80.39, 76, 52, 6168.75, 16459, 15792
1694944781, 0, 0, 23, 0, 0, 6429.30, 1, 0, 0, 0.26, 77, 52, 6168.75, 16459, 15792
1694944784, 0, 0, 23, 0, 0, 6429.30, 1, 0, 0, 0.79, 80, 52, 6168.75, 16459, 15792
1694944789, 0, 0, 23, 0, 0, 6429.30, 1, 0, 0, 0.82, 83, 53, 6168.75, 16459, 15792
1694944793, 0, 0, 23, 0, 0, 6429.30, 1, 0, 0, 1.21, 86, 55, 6168.75, 16459, 15792
1694944799, 0, 0, 23, 0, 0, 6429.30, 1, 0, 0, 3.60, 98, 62, 6168.75, 16459, 15792
1694944805, 0, 0, 23, 0, 0, 6429.30, 1, 0, 0, 3.02, 109, 69, 6168.75, 16459, 15792
1694944810, 0, 0, 24, 0, 0, 6434.77, 1, 0, 0, 1.23, 112, 72, 6174.22, 16473, 15806
1694944813, 0, 0, 25, 0, 0, 6441.41, 1, 0, 0, 1.77, 115, 75, 6180.86, 16490, 15823
1694944851, 0, 0, 25, 0, 0, 6441.41, 1, 0, 0, 0.05, 117, 75, 6180.86, 16490, 15823
1694944856, 0, 0, 25, 0, 0, 6441.41, 1, 0, 0, 1.56, 124, 75, 6180.86, 16490, 15823
1694944860, 0, 0, 25, 0, 0, 6441.41, 1, 0, 0, 1.77, 128, 79, 6180.86, 16490, 15823
1694944865, 0, 0, 25, 0, 0, 6441.41, 1, 0, 0, 3.09, 137, 84, 6180.86, 16490, 15823
1694944869, 0, 0, 25, 0, 0, 6441.41, 1, 0, 0, 3.72, 145, 92, 6180.86, 16490, 15823
1694944873, 0, 0, 25, 0, 0, 6441.41, 1, 0, 0, 2.57, 153, 95, 6180.86, 16490, 15823
1694944876, 0, 0, 25, 0, 0, 6441.41, 1, 0, 0, 3.45, 159, 100, 6180.86, 16490, 15823
1694944883, 0, 0, 25, 0, 0, 6441.41, 1, 0, 0, 3.17, 173, 106, 6180.86, 16490, 15823
1694944888, 0, 0, 25, 0, 0, 6441.41, 1, 0, 0, 2.50, 182, 109, 6180.86, 16490, 15823
1694944891, 0, 0, 25, 0, 0, 6441.41, 1, 0, 0, 4.53, 193, 114, 6180.86, 16490, 15823
1694944896, 0, 0, 25, 0, 0, 6441.41, 1, 0, 0, 0.45, 194, 115, 6180.86, 16490, 15823
1694944917, 0, 0, 25, 0, 0, 6441.41, 1, 0, 0, 0.19, 196, 117, 6180.86, 16490, 15823
1694944923, 0, 0, 25, 0, 0, 6441.41, 1, 0, 0, 1.69, 204, 119, 6180.86, 16490, 15823
1694944945, 0, 0, 25, 0, 0, 6441.41, 1, 0, 0, 0.14, 207, 119, 6180.86, 16490, 15823
1694944945, 0, 0, 25, 0, 0, 6441.41, 1, 0, 0, 23.26, 212, 122, 6180.86, 16490, 15823
1694944950, 0, 0, 25, 0, 0, 6441.41, 1, 0, 0, 0.43, 213, 123, 6180.86, 16490, 15823
1694944955, 0, 0, 25, 0, 0, 6441.41, 1, 0, 0, 2.07, 218, 128, 6180.86, 16490, 15823
1694944958, 0, 0, 25, 0, 0, 6441.41, 1, 0, 0, 0.85, 219, 130, 6180.86, 16490, 15823
1694944958, 0, 0, 25, 0, 0, 6441.41, 1, 0, 0, 25.89, 221, 136, 6180.86, 16490, 15823
1694944963, 0, 0, 25, 0, 0, 6441.41, 1, 0, 0, 1.45, 223, 140, 6180.86, 16490, 15823
1694944967, 0, 0, 25, 0, 0, 6441.41, 1, 0, 0, 0.23, 224, 140, 6180.86, 16490, 15823
1694944989, 0, 0, 25, 0, 0, 6441.41, 1, 0, 0, 0.28, 227, 143, 6180.86, 16490, 15823
1694944994, 0, 0, 25, 0, 0, 6441.41, 1, 0, 0, 3.13, 238, 148, 6180.86, 16490, 15823
1694944999, 0, 0, 25, 0, 0, 6441.41, 1, 0, 0, 1.50, 244, 150, 6180.86, 16490, 15823
1694945003, 0, 0, 25, 0, 0, 6441.41, 1, 0, 0, 0.23, 245, 150, 6180.86, 16490, 15823
1694945009, 0, 0, 25, 0, 0, 6441.41, 1, 0, 0, 0.72, 248, 151, 6180.86, 16490, 15823
1694945029, 0, 0, 25, 0, 0, 6441.41, 1, 0, 0, 0.15, 251, 151, 6180.86, 16490, 15823
1694945034, 0, 0, 25, 0, 0, 6441.41, 1, 0, 0, 0.45, 252, 152, 6180.86, 16490, 15823
1694945042, 0, 0, 25, 0, 0, 6441.41, 1, 0, 0, 0.38, 254, 153, 6180.86, 16490, 15823
1694945050, 0, 0, 25, 0, 0, 6441.41, 1, 0, 0, 1.28, 261, 156, 6180.86, 16490, 15823
1694945055, 0, 0, 25, 0, 0, 6441.41, 1, 0, 0, 2.24, 268, 162, 6180.86, 16490, 15823
1694945060, 0, 0, 25, 0, 0, 6441.41, 1, 0, 0, 0.43, 269, 163, 6180.86, 16490, 15823
1694945065, 0, 0, 25, 0, 0, 6441.41, 1, 0, 0, 3.77, 279, 171, 6180.86, 16490, 15823
1694945077, 0, 0, 25, 0, 0, 6441.41, 1, 0, 0, 0.49, 282, 174, 6180.86, 16490, 15823
1694945081, 0, 0, 25, 0, 0, 6441.41, 2, 0, 0, 0.78, 283, 176, 6180.86, 16490, 15823
1694945097, 0, 0, 25, 0, 0, 6441.41, 2, 0, 0, 0.06, 284, 176, 6180.86, 16490, 15823
1694945101, 0, 0, 25, 0, 0, 6441.41, 2, 0, 0, 2.45, 292, 180, 6180.86, 16490, 15823
1694945109, 0, 0, 25, 0, 0, 6441.41, 2, 0, 0, 0.81, 297, 181, 6180.86, 16490, 15823
1694945120, 0, 0, 25, 0, 0, 6441.41, 2, 0, 0, 0.80, 301, 186, 6180.86, 16490, 15823
1694945120, 0, 0, 25, 0, 0, 6441.41, 2, 0, 0, 85.99, 319, 195, 6180.86, 16490, 15823
1694945121, 0, 0, 25, 0, 0, 6441.41, 2, 0, 0, 45.75, 330, 198, 6180.86, 16490, 15823
1694945126, 0, 0, 25, 0, 0, 6441.41, 2, 0, 0, 0.18, 331, 198, 6180.86, 16490, 15823
1694945130, 0, 0, 25, 0, 0, 6441.41, 3, 0, 0, 0.50, 331, 200, 6180.86, 16490, 15823
1694945136, 0, 0, 25, 0, 0, 6441.41, 3, 0, 0, 1.50, 336, 203, 6180.86, 16490, 15823
1694945140, 0, 0, 25, 0, 0, 6441.41, 3, 0, 0, 1.36, 340, 205, 6180.86, 16490, 15823
1694945147, 0, 0, 25, 0, 0, 6441.41, 3, 0, 0, 0.15, 341, 205, 6180.86, 16490, 15823
1694945151, 0, 0, 25, 0, 0, 6441.41, 3, 0, 0, 3.03, 348, 211, 6180.86, 16490, 15823
1694945156, 0, 0, 25, 0, 0, 6441.41, 3, 0, 0, 1.31, 352, 214, 6180.86, 16490, 15823
1694945161, 0, 0, 25, 0, 0, 6441.41, 3, 0, 0, 1.55, 357, 217, 6180.86, 16490, 15823
1694945166, 0, 0, 25, 0, 0, 6441.41, 3, 0, 0, 0.83, 361, 217, 6180.86, 16490, 15823
1694945170, 0, 0, 25, 0, 0, 6441.41, 3, 0, 0, 1.02, 364, 218, 6180.86, 16490, 15823
1694945173, 0, 0, 25, 0, 0, 6441.41, 3, 0, 0, 6.65, 377, 227, 6180.86, 16490, 15823
1694945178, 0, 0, 25, 0, 0, 6441.41, 3, 0, 0, 1.70, 382, 230, 6180.86, 16490, 15823
1694945188, 0, 0, 25, 0, 0, 6441.41, 3, 0, 0, 0.19, 384, 230, 6180.86, 16490, 15823
1694945195, 0, 0, 25, 0, 0, 6441.41, 3, 0, 0, 2.19, 393, 236, 6180.86, 16490, 15823
1694945205, 0, 0, 25, 0, 0, 6441.41, 3, 0, 0, 0.21, 395, 236, 6180.86, 16490, 15823
1694945210, 0, 0, 25, 0, 0, 6441.41, 3, 0, 0, 1.08, 399, 238, 6180.86, 16490, 15823
1694945211, 0, 0, 25, 0, 0, 6441.41, 3, 0, 0, 40.98, 407, 245, 6180.86, 16490, 15823
1694945215, 0, 0, 25, 0, 0, 6441.41, 3, 0, 0, 2.04, 414, 247, 6180.86, 16490, 15823
1694945219, 0, 0, 25, 0, 0, 6441.41, 3, 0, 0, 4.32, 425, 253, 6180.86, 16490, 15823
1694945232, 0, 0, 25, 0, 0, 6441.41, 3, 0, 0, 0.30, 428, 254, 6180.86, 16490, 15823
1694945238, 0, 0, 25, 0, 0, 6441.41, 3, 0, 0, 1.10, 432, 256, 6180.86, 16490, 15823
1694945242, 0, 0, 25, 0, 0, 6441.41, 3, 0, 0, 0.64, 434, 257, 6180.86, 16490, 15823
1694945248, 0, 0, 25, 0, 0, 6441.41, 3, 0, 0, 1.18, 439, 259, 6180.86, 16490, 15823
1694945249, 0, 0, 25, 0, 0, 6441.41, 3, 0, 0, 72.13, 453, 267, 6180.86, 16490, 15823
1694945252, 0, 0, 25, 0, 0, 6441.41, 3, 0, 0, 3.07, 457, 273, 6180.86, 16490, 15823
1694945252, 0, 0, 26, 0, 0, 6442.19, 3, 0, 0, 52.98, 467, 279, 6180.86, 16492, 15823
1694945262, 0, 0, 26, 0, 0, 6442.19, 3, 0, 0, 0.73, 472, 281, 6180.86, 16492, 15823
1694945262, 0, 0, 26, 0, 0, 6442.19, 3, 0, 0, 12.38, 476, 281, 6180.86, 16492, 15823
1694945268, 0, 0, 26, 0, 0, 6442.19, 3, 0, 0, 0.18, 477, 281, 6180.86, 16492, 15823
1694945268, 0, 0, 26, 0, 0, 6442.19, 3, 0, 0, 70.97, 491, 289, 6180.86, 16492, 15823
1694945273, 0, 0, 26, 0, 0, 6442.19, 3, 0, 0, 0.95, 495, 290, 6180.86, 16492, 15823
1694945280, 0, 0, 26, 0, 0, 6442.19, 3, 0, 0, 0.85, 497, 294, 6180.86, 16492, 15823
1694945284, 0, 0, 26, 0, 0, 6442.19, 3, 0, 0, 0.27, 498, 294, 6180.86, 16492, 15823
1694945289, 0, 0, 26, 0, 0, 6442.19, 3, 0, 0, 0.20, 499, 294, 6180.86, 16492, 15823
1694945295, 0, 0, 27, 0, 0, 6442.58, 3, 0, 0, 2.30, 508, 298, 6181.25, 16493, 15824
1694945300, 0, 0, 27, 0, 0, 6442.58, 3, 0, 0, 0.21, 509, 298, 6181.25, 16493, 15824
1694945300, 0, 0, 27, 0, 0, 6442.58, 3, 0, 0, 49.67, 517, 305, 6181.25, 16493, 15824
1694945303, 0, 0, 27, 0, 0, 6442.58, 3, 0, 0, 5.28, 525, 315, 6181.25, 16493, 15824
1694945308, 0, 0, 28, 0, 0, 6443.36, 3, 0, 0, 0.20, 526, 315, 6182.03, 16495, 15826
1694945313, 0, 0, 28, 0, 0, 6443.36, 3, 0, 0, 0.46, 528, 315, 6182.03, 16495, 15826
1694945318, 0, 0, 28, 0, 0, 6443.36, 3, 0, 0, 0.18, 529, 315, 6182.03, 16495, 15826
1694945322, 0, 0, 28, 0, 0, 6443.36, 3, 0, 0, 0.26, 530, 315, 6182.03, 16495, 15826
1694945327, 0, 0, 28, 0, 0, 6443.36, 3, 0, 0, 1.38, 535, 317, 6182.03, 16495, 15826
1694945328, 0, 0, 28, 0, 0, 6443.36, 3, 0, 0, 39.81, 543, 326, 6182.03, 16495, 15826
1694945333, 0, 0, 28, 0, 0, 6443.36, 3, 0, 0, 1.98, 547, 332, 6182.03, 16495, 15826
1694945333, 0, 0, 28, 0, 0, 6443.36, 3, 0, 0, 66.87, 559, 342, 6182.03, 16495, 15826
1694945337, 0, 0, 28, 0, 0, 6443.36, 3, 0, 0, 0.80, 561, 343, 6182.03, 16495, 15826
1694945341, 0, 0, 28, 0, 0, 6443.36, 3, 0, 0, 1.09, 565, 344, 6182.03, 16495, 15826
1694945345, 0, 0, 28, 0, 0, 6443.36, 3, 0, 0, 2.05, 570, 347, 6182.03, 16495, 15826
1694945357, 0, 0, 28, 0, 0, 6443.36, 3, 0, 0, 0.69, 576, 349, 6182.03, 16495, 15826
1694945363, 0, 0, 28, 0, 0, 6443.36, 3, 0, 0, 0.67, 580, 349, 6182.03, 16495, 15826
1694945368, 0, 0, 28, 0, 0, 6443.36, 3, 0, 0, 2.51, 589, 353, 6182.03, 16495, 15826
1694945373, 0, 0, 28, 0, 0, 6443.36, 3, 0, 0, 0.87, 591, 355, 6182.03, 16495, 15826
1694945377, 0, 0, 28, 0, 0, 6443.36, 3, 0, 0, 0.85, 593, 357, 6182.03, 16495, 15826
1694945382, 0, 0, 28, 0, 0, 6443.36, 3, 0, 0, 0.88, 596, 358, 6182.03, 16495, 15826
1694945388, 0, 0, 28, 0, 0, 6443.36, 3, 0, 0, 2.66, 603, 367, 6182.03, 16495, 15826
1694945392, 0, 0, 28, 0, 0, 6443.36, 3, 0, 0, 0.49, 604, 368, 6182.03, 16495, 15826
1694945392, 0, 0, 28, 0, 0, 6443.36, 3, 0, 0, 28.80, 611, 372, 6182.03, 16495, 15826
1694945399, 0, 0, 28, 0, 0, 6443.36, 3, 0, 0, 0.88, 616, 373, 6182.03, 16495, 15826
1694945405, 0, 0, 28, 0, 0, 6443.36, 3, 0, 0, 3.89, 631, 380, 6182.03, 16495, 15826
1694945412, 0, 0, 28, 0, 0, 6443.36, 3, 0, 0, 1.33, 635, 385, 6182.03, 16495, 15826
1694945412, 0, 0, 28, 0, 0, 6443.36, 3, 0, 0, 27.78, 637, 392, 6182.03, 16495, 15826
1694945417, 0, 0, 28, 0, 0, 6443.36, 3, 0, 0, 0.41, 639, 392, 6182.03, 16495, 15826
1694945417, 0, 0, 28, 0, 0, 6443.36, 3, 0, 0, 46.51, 647, 398, 6182.03, 16495, 15826
1694945422, 0, 0, 28, 0, 0, 6443.36, 3, 0, 0, 0.22, 648, 398, 6182.03, 16495, 15826
1694945426, 0, 0, 28, 0, 0, 6443.36, 3, 0, 0, 0.23, 649, 398, 6182.03, 16495, 15826
1694945431, 0, 0, 28, 0, 0, 6443.36, 3, 0, 0, 3.14, 658, 405, 6182.03, 16495, 15826
1694945438, 0, 0, 28, 0, 0, 6443.36, 3, 0, 0, 0.81, 660, 409, 6182.03, 16495, 15826
1694945447, 0, 0, 28, 0, 0, 6443.36, 3, 0, 0, 0.36, 662, 410, 6182.03, 16495, 15826
1694945452, 0, 0, 28, 0, 0, 6443.36, 3, 0, 0, 1.00, 664, 413, 6182.03, 16495, 15826
1694945457, 0, 0, 28, 0, 0, 6443.36, 3, 0, 0, 2.02, 670, 417, 6182.03, 16495, 15826
1694945462, 0, 0, 28, 0, 0, 6443.36, 3, 0, 0, 0.39, 672, 417, 6182.03, 16495, 15826
1694945467, 0, 0, 28, 0, 0, 6443.36, 3, 0, 0, 1.72, 676, 421, 6182.03, 16495, 15826
1694945470, 0, 0, 28, 0, 0, 6443.36, 3, 0, 0, 3.76, 683, 428, 6182.03, 16495, 15826
1694945471, 0, 0, 28, 0, 0, 6443.36, 3, 0, 0, 23.56, 687, 433, 6182.03, 16495, 15826
1694945475, 0, 0, 28, 0, 0, 6443.36, 3, 0, 0, 0.65, 689, 434, 6182.03, 16495, 15826
1694945480, 0, 0, 28, 0, 0, 6443.36, 3, 0, 0, 1.04, 693, 435, 6182.03, 16495, 15826
1694945486, 0, 0, 28, 0, 0, 6443.36, 3, 0, 0, 0.87, 697, 436, 6182.03, 16495, 15826
1694945496, 0, 0, 28, 0, 0, 6443.36, 3, 0, 0, 0.20, 699, 436, 6182.03, 16495, 15826
1694945496, 0, 0, 28, 0, 0, 6443.36, 3, 0, 0, 50.28, 710, 443, 6182.03, 16495, 15826
1694945500, 0, 0, 28, 0, 0, 6443.36, 3, 0, 0, 0.27, 711, 443, 6182.03, 16495, 15826
1694945504, 0, 0, 28, 0, 0, 6443.36, 3, 0, 0, 1.56, 716, 445, 6182.03, 16495, 15826
1694945512, 0, 0, 29, 0, 0, 6443.75, 3, 0, 0, 0.67, 720, 446, 6182.42, 16496, 15827
1694945512, 0, 0, 29, 0, 0, 6443.75, 3, 0, 0, 59.41, 730, 454, 6182.42, 16496, 15827
1694945512, 0, 0, 29, 0, 0, 6443.75, 3, 0, 0, 44.30, 739, 459, 6182.42, 16496, 15827
1694945517, 0, 0, 29, 0, 0, 6443.75, 3, 0, 0, 2.38, 745, 465, 6182.42, 16496, 15827
1694945522, 0, 0, 29, 0, 0, 6443.75, 3, 0, 0, 1.29, 748, 468, 6182.42, 16496, 15827
1694945527, 0, 0, 29, 0, 0, 6443.75, 3, 0, 0, 2.19, 757, 470, 6182.42, 16496, 15827
1694945532, 0, 0, 29, 0, 0, 6443.75, 3, 0, 0, 1.29, 761, 473, 6182.42, 16496, 15827
1694945533, 0, 0, 29, 0, 0, 6443.75, 3, 0, 0, 31.83, 766, 480, 6182.42, 16496, 15827
1694945537, 0, 0, 29, 0, 0, 6443.75, 3, 0, 0, 1.73, 771, 483, 6182.42, 16496, 15827
1694945543, 0, 0, 29, 0, 0, 6443.75, 3, 0, 0, 0.75, 773, 485, 6182.42, 16496, 15827
1694945548, 0, 0, 29, 0, 0, 6443.75, 3, 0, 0, 0.61, 775, 486, 6182.42, 16496, 15827
1694945553, 0, 0, 29, 0, 0, 6443.75, 3, 0, 0, 1.63, 783, 487, 6182.42, 16496, 15827
1694945558, 0, 0, 29, 0, 0, 6443.75, 3, 0, 0, 0.38, 785, 487, 6182.42, 16496, 15827
1694945564, 0, 0, 29, 0, 0, 6443.75, 3, 0, 0, 2.69, 795, 492, 6182.42, 16496, 15827
1694945564, 0, 0, 29, 0, 0, 6443.75, 3, 0, 0, 16.67, 798, 494, 6182.42, 16496, 15827
1694945569, 0, 0, 29, 0, 0, 6443.75, 3, 0, 0, 3.21, 812, 497, 6182.42, 16496, 15827
1694945575, 0, 0, 29, 0, 0, 6443.75, 3, 0, 0, 0.54, 815, 497, 6182.42, 16496, 15827
1694945575, 0, 0, 29, 0, 0, 6443.75, 3, 0, 0, 39.47, 821, 503, 6182.42, 16496, 15827
1694945582, 0, 0, 29, 0, 0, 6443.75, 3, 0, 0, 1.25, 823, 509, 6182.42, 16496, 15827
1694945589, 0, 0, 29, 0, 0, 6443.75, 3, 0, 0, 1.09, 829, 511, 6182.42, 16496, 15827
1694945594, 0, 0, 29, 0, 0, 6443.75, 3, 0, 0, 0.37, 831, 511, 6182.42, 16496, 15827
1694945599, 0, 0, 29, 0, 0, 6443.75, 3, 0, 0, 3.37, 836, 521, 6182.42, 16496, 15827
1694945603, 0, 0, 29, 0, 0, 6443.75, 3, 0, 0, 0.66, 837, 523, 6182.42, 16496, 15827
1694945611, 0, 0, 29, 0, 0, 6443.75, 3, 0, 0, 0.62, 839, 526, 6182.42, 16496, 15827
1694945618, 0, 0, 29, 0, 0, 6443.75, 3, 0, 0, 1.16, 844, 529, 6182.42, 16496, 15827
1694945619, 0, 0, 29, 0, 0, 6443.75, 3, 0, 0, 42.21, 851, 535, 6182.42, 16496, 15827
1694945635, 0, 0, 29, 0, 0, 6443.75, 3, 0, 0, 0.49, 855, 539, 6182.42, 16496, 15827
1694945640, 0, 0, 29, 0, 0, 6443.75, 3, 0, 0, 0.43, 857, 539, 6182.42, 16496, 15827
1694945640, 0, 0, 29, 0, 0, 6443.75, 3, 0, 0, 31.88, 867, 540, 6182.42, 16496, 15827
1694945646, 0, 0, 29, 0, 0, 6443.75, 3, 0, 0, 1.08, 871, 542, 6182.42, 16496, 15827
1694945650, 0, 0, 29, 0, 0, 6443.75, 3, 0, 0, 0.67, 873, 543, 6182.42, 16496, 15827
1694945655, 0, 0, 29, 0, 0, 6443.75, 3, 0, 0, 0.20, 874, 543, 6182.42, 16496, 15827
1694945655, 0, 0, 29, 0, 0, 6443.75, 3, 0, 0, 50.63, 881, 552, 6182.42, 16496, 15827
1694945659, 0, 0, 29, 0, 0, 6443.75, 3, 0, 0, 0.25, 882, 552, 6182.42, 16496, 15827
1694945660, 0, 0, 29, 0, 0, 6443.75, 3, 0, 0, 52.12, 889, 561, 6182.42, 16496, 15827
1694945664, 0, 0, 29, 0, 0, 6443.75, 3, 0, 0, 0.85, 892, 562, 6182.42, 16496, 15827
1694945668, 0, 0, 29, 0, 0, 6443.75, 3, 0, 0, 2.96, 899, 565, 6182.42, 16496, 15827
1694945673, 0, 0, 29, 0, 0, 6443.75, 3, 0, 0, 0.42, 901, 565, 6182.42, 16496, 15827
1694945673, 0, 0, 29, 0, 0, 6443.75, 3, 0, 0, 29.94, 906, 570, 6182.42, 16496, 15827
1694945680, 0, 0, 29, 0, 0, 6443.75, 3, 0, 0, 0.14, 907, 570, 6182.42, 16496, 15827
1694945685, 0, 0, 29, 0, 0, 6443.75, 3, 0, 0, 1.57, 912, 573, 6182.42, 16496, 15827
1694945690, 0, 0, 29, 0, 0, 6443.75, 3, 0, 0, 1.40, 917, 575, 6182.42, 16496, 15827
1694945694, 0, 0, 29, 0, 0, 6443.75, 3, 0, 0, 0.93, 919, 577, 6182.42, 16496, 15827
1694945699, 0, 0, 29, 0, 0, 6443.75, 3, 0, 0, 0.20, 920, 577, 6182.42, 16496, 15827
1694945705, 0, 0, 29, 0, 0, 6443.75, 3, 0, 0, 0.18, 921, 577, 6182.42, 16496, 15827
1694945709, 0, 0, 29, 0, 0, 6443.75, 3, 0, 0, 0.87, 923, 579, 6182.42, 16496, 15827
1694945710, 0, 0, 29, 0, 0, 6443.75, 3, 0, 0, 30.40, 930, 582, 6182.42, 16496, 15827
1694945717, 0, 0, 29, 0, 0, 6443.75, 3, 0, 0, 2.18, 937, 591, 6182.42, 16496, 15827
1694945717, 0, 0, 29, 0, 0, 6443.75, 3, 0, 0, 37.27, 945, 595, 6182.42, 16496, 15827
1694945722, 0, 0, 29, 0, 0, 6443.75, 3, 0, 0, 1.20, 949, 597, 6182.42, 16496, 15827
1694945723, 0, 0, 29, 0, 0, 6443.75, 3, 0, 0, 45.87, 957, 604, 6182.42, 16496, 15827
1694945728, 0, 0, 29, 0, 0, 6443.75, 3, 0, 0, 0.99, 961, 605, 6182.42, 16496, 15827
1694945733, 0, 0, 29, 0, 0, 6443.75, 3, 0, 0, 1.62, 968, 606, 6182.42, 16496, 15827
1694945738, 0, 0, 29, 0, 0, 6443.75, 3, 0, 0, 1.99, 975, 609, 6182.42, 16496, 15827
1694945743, 0, 0, 29, 0, 0, 6443.75, 3, 0, 0, 0.20, 976, 609, 6182.42, 16496, 15827
1694945751, 0, 0, 29, 0, 0, 6443.75, 3, 0, 0, 0.12, 977, 609, 6182.42, 16496, 15827
1694945756, 0, 0, 29, 0, 0, 6443.75, 3, 0, 0, 1.17, 981, 611, 6182.42, 16496, 15827
1694945760, 0, 0, 29, 0, 0, 6443.75, 3, 0, 0, 1.05, 985, 611, 6182.42, 16496, 15827
1694945760, 0, 0, 29, 0, 0, 6443.75, 3, 0, 0, 31.07, 992, 615, 6182.42, 16496, 15827
1694945761, 0, 0, 29, 0, 0, 6443.75, 3, 0, 0, 18.52, 996, 617, 6182.42, 16496, 15827
1694945766, 0, 0, 29, 0, 0, 6443.75, 3, 0, 0, 1.56, 1002, 619, 6182.42, 16496, 15827
1694945772, 0, 0, 29, 0, 0, 6443.75, 3, 0, 0, 0.81, 1004, 622, 6182.42, 16496, 15827
1694945777, 0, 0, 29, 0, 0, 6443.75, 3, 0, 0, 0.21, 1005, 622, 6182.42, 16496, 15827
1694945777, 0, 0, 29, 0, 0, 6443.75, 3, 0, 0, 42.17, 1011, 630, 6182.42, 16496, 15827
1694945783, 0, 0, 29, 0, 0, 6443.75, 3, 0, 0, 2.00, 1017, 636, 6182.42, 16496, 15827
1694945783, 0, 0, 29, 0, 0, 6443.75, 3, 0, 0, 15.92, 1020, 638, 6182.42, 16496, 15827
1694945794, 0, 0, 29, 0, 0, 6443.75, 3, 0, 0, 0.36, 1022, 640, 6182.42, 16496, 15827
1694945795, 0, 0, 29, 0, 0, 6443.75, 3, 0, 0, 22.60, 1029, 641, 6182.42, 16496, 15827
1694945799, 0, 0, 29, 0, 0, 6443.75, 3, 0, 0, 1.57, 1033, 644, 6182.42, 16496, 15827
1694945800, 0, 0, 29, 0, 0, 6443.75, 3, 0, 0, 28.57, 1038, 648, 6182.42, 16496, 15827
1694945806, 0, 0, 29, 0, 0, 6443.75, 3, 0, 0, 0.47, 1039, 650, 6182.42, 16496, 15827
1694945812, 0, 0, 29, 0, 0, 6443.75, 3, 0, 0, 0.50, 1041, 651, 6182.42, 16496, 15827
1694945823, 0, 0, 29, 0, 0, 6443.75, 3, 0, 0, 0.26, 1043, 652, 6182.42, 16496, 15827
1694945829, 0, 0, 29, 0, 0, 6443.75, 3, 0, 0, 0.75, 1046, 653, 6182.42, 16496, 15827
1694945841, 0, 0, 29, 0, 0, 6443.75, 3, 0, 0, 0.08, 1047, 653, 6182.42, 16496, 15827
1694945851, 0, 0, 29, 0, 0, 6443.75, 3, 0, 0, 0.31, 1049, 654, 6182.42, 16496, 15827
1694945869, 0, 0, 29, 0, 0, 6443.75, 3, 0, 0, 0.06, 1050, 654, 6182.42, 16496, 15827
1694945869, 0, 0, 29, 0, 0, 6443.75, 3, 0, 0, 19.05, 1053, 657, 6182.42, 16496, 15827
1694945869, 0, 0, 29, 0, 0, 6443.75, 3, 0, 0, 22.88, 1057, 660, 6182.42, 16496, 15827
1694945874, 0, 0, 29, 0, 0, 6443.75, 3, 0, 0, 0.70, 1059, 661, 6182.42, 16496, 15827
1694945880, 0, 0, 29, 0, 0, 6443.75, 3, 0, 0, 0.30, 1061, 661, 6182.42, 16496, 15827
1694945888, 0, 0, 29, 0, 0, 6443.75, 3, 0, 0, 0.38, 1063, 662, 6182.42, 16496, 15827
1694945894, 0, 0, 29, 0, 0, 6443.75, 3, 0, 0, 1.16, 1067, 665, 6182.42, 16496, 15827
1694945899, 0, 0, 29, 0, 0, 6443.75, 3, 0, 0, 1.26, 1071, 667, 6182.42, 16496, 15827
1694945903, 0, 0, 29, 0, 0, 6443.75, 3, 0, 0, 0.45, 1073, 667, 6182.42, 16496, 15827
1694945904, 0, 0, 29, 0, 0, 6443.75, 3, 0, 0, 19.29, 1077, 669, 6182.42, 16496, 15827
1694945904, 0, 0, 29, 0, 0, 6443.75, 3, 0, 0, 17.58, 1081, 674, 6182.42, 16496, 15827
1694945909, 0, 0, 29, 0, 0, 6443.75, 3, 0, 0, 1.56, 1084, 678, 6182.42, 16496, 15827
1694945909, 0, 0, 29, 0, 0, 6443.75, 3, 0, 0, 41.01, 1090, 685, 6182.42, 16496, 15827
1694945914, 0, 0, 29, 0, 0, 6443.75, 3, 0, 0, 0.20, 1091, 685, 6182.42, 16496, 15827
1694945929, 0, 0, 29, 0, 0, 6443.75, 3, 0, 0, 0.39, 1093, 689, 6182.42, 16496, 15827
1694945930, 0, 0, 29, 0, 0, 6443.75, 3, 0, 0, 18.58, 1096, 692, 6182.42, 16496, 15827
1694945938, 0, 0, 29, 0, 0, 6443.75, 3, 0, 0, 0.75, 1101, 693, 6182.42, 16496, 15827
1694945942, 0, 0, 29, 0, 0, 6443.75, 3, 0, 0, 1.27, 1105, 694, 6182.42, 16496, 15827
1694945947, 0, 0, 29, 0, 0, 6443.75, 3, 0, 0, 2.46, 1112, 700, 6182.42, 16496, 15827
1694945947, 0, 0, 29, 0, 0, 6443.75, 3, 0, 0, 36.67, 1120, 703, 6182.42, 16496, 15827
1694945948, 0, 0, 29, 0, 0, 6443.75, 3, 0, 0, 62.31, 1127, 716, 6182.42, 16496, 15827
1694945956, 0, 0, 29, 0, 0, 6443.75, 3, 0, 0, 0.12, 1128, 716, 6182.42, 16496, 15827
1694945962, 0, 0, 29, 0, 0, 6443.75, 3, 0, 0, 0.50, 1130, 717, 6182.42, 16496, 15827
1694945966, 0, 0, 29, 0, 0, 6443.75, 3, 0, 0, 0.21, 1131, 717, 6182.42, 16496, 15827
1694945967, 0, 0, 29, 0, 0, 6443.75, 3, 0, 0, 7.54, 1134, 717, 6182.42, 16496, 15827
1694945972, 0, 0, 29, 0, 0, 6443.75, 3, 0, 0, 1.28, 1138, 719, 6182.42, 16496, 15827
1694945977, 0, 0, 29, 0, 0, 6443.75, 3, 0, 0, 0.18, 1139, 719, 6182.42, 16496, 15827
1694945982, 0, 0, 30, 0, 0, 6444.53, 3, 0, 0, 0.87, 1142, 720, 6183.20, 16498, 15829
1694945987, 0, 0, 30, 0, 0, 6444.53, 3, 0, 0, 1.69, 1147, 723, 6183.20, 16498, 15829
1694945987, 0, 0, 30, 0, 0, 6444.53, 3, 0, 0, 29.15, 1153, 727, 6183.20, 16498, 15829
1694945994, 0, 0, 30, 0, 0, 6444.53, 3, 0, 0, 0.15, 1154, 727, 6183.20, 16498, 15829
1694945998, 0, 0, 30, 0, 0, 6444.53, 4, 0, 0, 0.78, 1156, 728, 6183.20, 16498, 15829
1694946005, 0, 0, 30, 0, 0, 6444.53, 4, 0, 0, 0.26, 1158, 728, 6183.20, 16498, 15829
1694946010, 0, 0, 30, 0, 0, 6444.53, 4, 0, 0, 2.17, 1164, 733, 6183.20, 16498, 15829
1694946016, 0, 0, 30, 0, 0, 6444.53, 4, 0, 0, 1.11, 1167, 736, 6183.20, 16498, 15829
1694946022, 0, 0, 30, 0, 0, 6444.53, 4, 0, 0, 0.64, 1171, 736, 6183.20, 16498, 15829
1694946027, 0, 0, 30, 0, 0, 6444.53, 4, 0, 0, 0.80, 1173, 738, 6183.20, 16498, 15829
1694946032, 0, 0, 30, 0, 0, 6444.53, 4, 0, 0, 1.51, 1176, 743, 6183.20, 16498, 15829
1694946032, 0, 0, 30, 0, 0, 6444.53, 4, 0, 0, 21.34, 1181, 745, 6183.20, 16498, 15829
1694946046, 0, 0, 30, 0, 0, 6444.53, 4, 0, 0, 0.60, 1187, 747, 6183.20, 16498, 15829
1694946046, 0, 0, 30, 0, 0, 6444.53, 4, 0, 0, 19.89, 1190, 751, 6183.20, 16498, 15829
1694946053, 0, 0, 30, 0, 0, 6444.53, 4, 0, 0, 0.55, 1192, 753, 6183.20, 16498, 15829
1694946058, 0, 0, 30, 0, 0, 6444.53, 4, 0, 0, 1.80, 1197, 756, 6183.20, 16498, 15829
1694946064, 0, 0, 30, 0, 0, 6444.53, 4, 0, 0, 0.33, 1199, 756, 6183.20, 16498, 15829
1694946064, 0, 0, 30, 0, 0, 6444.53, 4, 0, 0, 19.29, 1202, 759, 6183.20, 16498, 15829
1694946070, 0, 0, 30, 0, 0, 6444.53, 4, 0, 0, 0.73, 1205, 760, 6183.20, 16498, 15829
1694946076, 0, 0, 30, 0, 0, 6444.53, 4, 0, 0, 0.81, 1210, 760, 6183.20, 16498, 15829
1694946076, 0, 0, 30, 0, 0, 6444.53, 4, 0, 0, 7.01, 1212, 761, 6183.20, 16498, 15829
1694946077, 0, 0, 30, 0, 0, 6444.53, 4, 0, 0, 24.69, 1216, 765, 6183.20, 16498, 15829
1694946081, 0, 0, 30, 0, 0, 6444.53, 4, 0, 0, 1.09, 1219, 767, 6183.20, 16498, 15829
1694946087, 0, 0, 30, 0, 0, 6444.53, 4, 0, 0, 1.71, 1223, 772, 6183.20, 16498, 15829
1694946092, 0, 0, 30, 0, 0, 6444.53, 4, 0, 0, 0.50, 1226, 772, 6183.20, 16498, 15829
1694946097, 0, 0, 30, 0, 0, 6444.53, 4, 0, 0, 0.74, 1229, 772, 6183.20, 16498, 15829
1694946103, 0, 0, 30, 0, 0, 6444.53, 4, 0, 0, 0.46, 1231, 773, 6183.20, 16498, 15829
1694946108, 0, 0, 30, 0, 0, 6444.53, 4, 0, 0, 0.38, 1233, 773, 6183.20, 16498, 15829
1694946114, 0, 0, 30, 0, 0, 6444.53, 4, 0, 0, 0.37, 1234, 774, 6183.20, 16498, 15829
1694946124, 0, 0, 30, 0, 0, 6444.53, 4, 0, 0, 0.28, 1236, 775, 6183.20, 16498, 15829
1694946132, 0, 0, 30, 0, 0, 6444.53, 4, 0, 0, 0.62, 1240, 776, 6183.20, 16498, 15829
1694946139, 0, 0, 30, 0, 0, 6444.53, 4, 0, 0, 0.32, 1241, 777, 6183.20, 16498, 15829
1694946143, 0, 0, 30, 0, 0, 6444.53, 4, 0, 0, 0.23, 1242, 777, 6183.20, 16498, 15829
1694946143, 0, 0, 30, 0, 0, 6444.53, 4, 0, 0, 13.93, 1246, 778, 6183.20, 16498, 15829
1694946153, 0, 0, 30, 0, 0, 6444.53, 4, 0, 0, 0.76, 1251, 780, 6183.20, 16498, 15829
1694946153, 0, 0, 30, 0, 0, 6444.53, 4, 0, 0, 16.53, 1255, 782, 6183.20, 16498, 15829
1694946153, 0, 0, 30, 0, 0, 6444.53, 4, 0, 0, 18.96, 1258, 787, 6183.20, 16498, 15829
1694946154, 0, 0, 30, 0, 0, 6444.53, 4, 0, 0, 9.06, 1259, 791, 6183.20, 16498, 15829
1694946154, 0, 0, 30, 0, 0, 6444.53, 4, 0, 0, 13.16, 1262, 792, 6183.20, 16498, 15829
1694946164, 0, 0, 30, 0, 0, 6444.53, 4, 0, 0, 0.62, 1266, 794, 6183.20, 16498, 15829
1694946164, 0, 0, 30, 0, 0, 6444.53, 4, 0, 0, 30.30, 1271, 800, 6183.20, 16498, 15829
1694946165, 0, 0, 30, 0, 0, 6444.53, 4, 0, 0, 41.27, 1279, 805, 6183.20, 16498, 15829
1694946169, 0, 0, 30, 0, 0, 6444.53, 4, 0, 0, 0.66, 1281, 806, 6183.20, 16498, 15829
1694946169, 0, 0, 30, 0, 0, 6444.53, 4, 0, 0, 12.82, 1285, 806, 6183.20, 16498, 15829
1694946170, 0, 0, 30, 0, 0, 6444.53, 4, 0, 0, 25.89, 1290, 809, 6183.20, 16498, 15829
1694946177, 0, 0, 30, 0, 0, 6444.53, 4, 0, 0, 0.27, 1292, 809, 6183.20, 16498, 15829
1694946184, 0, 0, 30, 0, 0, 6444.53, 4, 0, 0, 0.31, 1294, 809, 6183.20, 16498, 15829
1694946184, 0, 0, 30, 0, 0, 6444.53, 4, 0, 0, 32.89, 1299, 814, 6183.20, 16498, 15829
1694946189, 0, 0, 30, 0, 0, 6444.53, 4, 0, 0, 1.30, 1302, 818, 6183.20, 16498, 15829
1694946194, 0, 0, 30, 0, 0, 6444.53, 4, 0, 0, 0.86, 1305, 819, 6183.20, 16498, 15829
1694946194, 0, 0, 30, 0, 0, 6444.53, 4, 0, 0, 20.20, 1311, 821, 6183.20, 16498, 15829
1694946200, 0, 0, 30, 0, 0, 6444.53, 4, 0, 0, 0.50, 1314, 821, 6183.20, 16498, 15829
1694946205, 0, 0, 30, 0, 0, 6444.53, 4, 0, 0, 0.21, 1315, 821, 6183.20, 16498, 15829
1694946217, 0, 0, 30, 0, 0, 6444.53, 4, 0, 0, 0.41, 1318, 823, 6183.20, 16498, 15829
1694946217, 0, 0, 30, 0, 0, 6444.53, 4, 0, 0, 18.24, 1321, 826, 6183.20, 16498, 15829
1694946222, 0, 0, 30, 0, 0, 6444.53, 4, 0, 0, 1.82, 1327, 829, 6183.20, 16498, 15829
1694946223, 0, 0, 30, 0, 0, 6444.53, 4, 0, 0, 26.14, 1331, 833, 6183.20, 16498, 15829
1694946223, 0, 0, 30, 0, 0, 6444.53, 4, 0, 0, 29.51, 1332, 841, 6183.20, 16498, 15829
1694946229, 0, 0, 30, 0, 0, 6444.53, 4, 0, 0, 0.61, 1335, 842, 6183.20, 16498, 15829
1694946230, 0, 0, 30, 0, 0, 6444.53, 4, 0, 0, 26.06, 1338, 847, 6183.20, 16498, 15829
1694946240, 0, 0, 30, 0, 0, 6444.53, 4, 0, 0, 0.19, 1340, 847, 6183.20, 16498, 15829
1694946245, 0, 0, 30, 0, 0, 6444.53, 4, 0, 0, 0.22, 1341, 847, 6183.20, 16498, 15829
1694946250, 0, 0, 30, 0, 0, 6444.53, 4, 0, 0, 0.36, 1343, 847, 6183.20, 16498, 15829
1694946255, 0, 0, 30, 0, 0, 6444.53, 4, 0, 0, 0.68, 1345, 848, 6183.20, 16498, 15829
1694946260, 0, 0, 30, 0, 0, 6444.53, 4, 0, 0, 0.80, 1349, 848, 6183.20, 16498, 15829
1694946266, 0, 0, 30, 0, 0, 6444.53, 4, 0, 0, 0.34, 1351, 848, 6183.20, 16498, 15829
1694946271, 0, 0, 30, 0, 0, 6444.53, 4, 0, 0, 0.19, 1352, 848, 6183.20, 16498, 15829
1694946276, 0, 0, 30, 0, 0, 6444.53, 4, 0, 0, 0.36, 1354, 848, 6183.20, 16498, 15829
1694946277, 0, 0, 30, 0, 0, 6444.53, 4, 0, 0, 22.80, 1357, 852, 6183.20, 16498, 15829
1694946277, 0, 0, 30, 0, 0, 6444.53, 4, 0, 0, 19.48, 1362, 853, 6183.20, 16498, 15829
1694946283, 0, 0, 30, 0, 0, 6444.53, 4, 0, 0, 0.35, 1364, 853, 6183.20, 16498, 15829
1694946290, 0, 0, 30, 0, 0, 6444.53, 4, 0, 0, 0.28, 1365, 854, 6183.20, 16498, 15829
1694946295, 0, 0, 30, 0, 0, 6444.53, 4, 0, 0, 1.25, 1367, 859, 6183.20, 16498, 15829
1694946303, 0, 0, 30, 0, 0, 6444.53, 4, 0, 0, 0.13, 1368, 859, 6183.20, 16498, 15829
1694946309, 0, 0, 30, 0, 0, 6444.53, 4, 0, 0, 1.13, 1370, 863, 6183.20, 16498, 15829
1694946312, 0, 0, 30, 0, 0, 6444.53, 4, 0, 0, 0.27, 1370, 864, 6183.20, 16498, 15829
1694946322, 0, 0, 30, 0, 0, 6444.53, 4, 0, 0, 0.51, 1372, 867, 6183.20, 16498, 15829
1694946327, 0, 0, 30, 0, 0, 6444.53, 4, 0, 0, 0.21, 1373, 867, 6183.20, 16498, 15829
1694946328, 0, 0, 30, 0, 0, 6444.53, 4, 0, 0, 14.62, 1375, 870, 6183.20, 16498, 15829
1694946336, 0, 0, 30, 0, 0, 6444.53, 4, 0, 0, 0.62, 1377, 873, 6183.20, 16498, 15829
1694946336, 0, 0, 30, 0, 0, 6444.53, 4, 0, 0, 22.95, 1381, 876, 6183.20, 16498, 15829
1694946336, 0, 0, 30, 0, 0, 6444.53, 4, 0, 0, 20.27, 1388, 878, 6183.20, 16498, 15829
1694946337, 0, 0, 30, 0, 0, 6444.53, 4, 0, 0, 36.30, 1397, 880, 6183.20, 16498, 15829
1694946344, 0, 0, 30, 0, 0, 6444.53, 4, 0, 0, 1.03, 1405, 880, 6183.20, 16498, 15829
1694946350, 0, 0, 30, 0, 0, 6444.53, 4, 0, 0, 0.18, 1406, 880, 6183.20, 16498, 15829
1694946354, 0, 0, 30, 0, 0, 6444.53, 4, 0, 0, 1.28, 1409, 883, 6183.20, 16498, 15829
1694946359, 0, 0, 30, 0, 0, 6444.53, 4, 0, 0, 0.21, 1410, 883, 6183.20, 16498, 15829
1694946360, 0, 0, 30, 0, 0, 6444.53, 4, 0, 0, 20.47, 1413, 887, 6183.20, 16498, 15829
1694946364, 0, 0, 30, 0, 0, 6444.53, 4, 0, 0, 0.66, 1414, 889, 6183.20, 16498, 15829
1694946364, 0, 0, 30, 0, 0, 6444.53, 4, 0, 0, 5.71, 1416, 889, 6183.20, 16498, 15829
1694946373, 0, 0, 30, 0, 0, 6444.53, 4, 0, 0, 0.12, 1417, 889, 6183.20, 16498, 15829
1694946380, 0, 0, 30, 0, 0, 6444.53, 4, 0, 0, 0.30, 1418, 890, 6183.20, 16498, 15829
1694946386, 0, 0, 30, 0, 0, 6444.53, 4, 0, 0, 0.16, 1419, 890, 6183.20, 16498, 15829
1694946386, 0, 0, 30, 0, 0, 6444.53, 4, 0, 0, 13.20, 1422, 891, 6183.20, 16498, 15829
1694946386, 0, 0, 30, 0, 0, 6444.53, 4, 0, 0, 13.03, 1423, 894, 6183.20, 16498, 15829
1694946391, 0, 0, 30, 0, 0, 6444.53, 4, 0, 0, 0.63, 1425, 895, 6183.20, 16498, 15829
1694946395, 0, 0, 30, 0, 0, 6444.53, 4, 0, 0, 0.51, 1427, 895, 6183.20, 16498, 15829
1694946395, 0, 0, 30, 0, 0, 6444.53, 4, 0, 0, 14.97, 1430, 897, 6183.20, 16498, 15829
1694946401, 0, 0, 30, 0, 0, 6444.53, 4, 0, 0, 1.15, 1435, 898, 6183.20, 16498, 15829
1694946401, 0, 0, 30, 0, 0, 6444.53, 4, 0, 0, 19.11, 1436, 903, 6183.20, 16498, 15829
1694946401, 0, 0, 30, 0, 0, 6444.53, 4, 0, 0, 26.24, 1443, 905, 6183.20, 16498, 15829
1694946406, 0, 0, 30, 0, 0, 6444.53, 4, 0, 0, 0.88, 1445, 907, 6183.20, 16498, 15829
1694946412, 0, 0, 30, 0, 0, 6444.53, 4, 0, 0, 0.15, 1446, 907, 6183.20, 16498, 15829
1694946422, 0, 0, 30, 0, 0, 6444.53, 4, 0, 0, 0.40, 1449, 908, 6183.20, 16498, 15829
1694946423, 0, 0, 30, 0, 0, 6444.53, 4, 0, 0, 15.58, 1454, 909, 6183.20, 16498, 15829
1694946423, 0, 0, 30, 0, 0, 6444.53, 4, 0, 0, 9.87, 1456, 910, 6183.20, 16498, 15829
1694946431, 0, 0, 30, 0, 0, 6444.53, 4, 0, 0, 0.27, 1458, 910, 6183.20, 16498, 15829
1694946431, 0, 0, 30, 0, 0, 6444.53, 4, 0, 0, 21.74, 1462, 913, 6183.20, 16498, 15829
1694946431, 0, 0, 30, 0, 0, 6444.53, 4, 0, 0, 16.39, 1466, 915, 6183.20, 16498, 15829
1694946432, 0, 0, 30, 0, 0, 6444.53, 4, 0, 0, 17.75, 1469, 918, 6183.20, 16498, 15829
1694946432, 0, 0, 30, 0, 0, 6444.53, 4, 0, 0, 18.99, 1474, 919, 6183.20, 16498, 15829
1694946432, 0, 0, 30, 0, 0, 6444.53, 4, 0, 0, 14.79, 1476, 922, 6183.20, 16498, 15829
1694946433, 0, 0, 30, 0, 0, 6444.53, 4, 0, 0, 15.92, 1479, 924, 6183.20, 16498, 15829
1694946445, 0, 0, 30, 0, 0, 6444.53, 4, 0, 0, 0.08, 1480, 924, 6183.20, 16498, 15829
1694946445, 0, 0, 30, 0, 0, 6444.53, 4, 0, 0, 9.48, 1482, 926, 6183.20, 16498, 15829
1694946452, 0, 0, 30, 0, 0, 6444.53, 4, 0, 0, 0.77, 1486, 927, 6183.20, 16498, 15829
1694946459, 0, 0, 30, 0, 0, 6444.53, 4, 0, 0, 0.14, 1487, 927, 6183.20, 16498, 15829
1694946465, 0, 0, 30, 0, 0, 6444.53, 4, 0, 0, 0.30, 1488, 928, 6183.20, 16498, 15829
1694946474, 0, 0, 30, 0, 0, 6444.53, 4, 0, 0, 0.12, 1489, 928, 6183.20, 16498, 15829
1694946474, 0, 0, 30, 0, 0, 6444.53, 4, 0, 0, 9.80, 1491, 929, 6183.20, 16498, 15829
1694946475, 0, 0, 30, 0, 0, 6444.53, 4, 0, 0, 16.34, 1492, 933, 6183.20, 16498, 15829
1694946481, 0, 0, 30, 0, 0, 6444.53, 4, 0, 0, 1.15, 1497, 935, 6183.20, 16498, 15829
1694946486, 0, 0, 30, 0, 0, 6444.53, 4, 0, 0, 0.20, 1498, 935, 6183.20, 16498, 15829
1694946492, 0, 0, 30, 0, 0, 6444.53, 4, 0, 0, 0.75, 1503, 935, 6183.20, 16498, 15829
1694946497, 0, 0, 30, 0, 0, 6444.53, 4, 0, 0, 0.44, 1505, 935, 6183.20, 16498, 15829
1694946504, 0, 0, 30, 0, 0, 6444.53, 4, 0, 0, 0.54, 1509, 935, 6183.20, 16498, 15829
1694946504, 0, 0, 30, 0, 0, 6444.53, 4, 0, 0, 22.73, 1512, 939, 6183.20, 16498, 15829
1694946516, 0, 0, 30, 0, 0, 6444.53, 4, 0, 0, 0.09, 1513, 939, 6183.20, 16498, 15829
1694946516, 0, 0, 30, 0, 0, 6444.53, 4, 0, 0, 15.67, 1518, 939, 6183.20, 16498, 15829
1694946516, 0, 0, 30, 0, 0, 6444.53, 4, 0, 0, 12.78, 1518, 943, 6183.20, 16498, 15829
1694946521, 0, 0, 30, 0, 0, 6444.53, 4, 0, 0, 0.20, 1519, 943, 6183.20, 16498, 15829
1694946526, 0, 0, 30, 0, 0, 6444.53, 4, 0, 0, 1.16, 1522, 945, 6183.20, 16498, 15829
1694946530, 0, 0, 30, 0, 0, 6444.53, 4, 0, 0, 0.67, 1524, 946, 6183.20, 16498, 15829
1694946536, 0, 0, 30, 0, 0, 6444.53, 4, 0, 0, 0.81, 1527, 948, 6183.20, 16498, 15829
1694946541, 0, 0, 30, 0, 0, 6444.53, 4, 0, 0, 0.40, 1528, 949, 6183.20, 16498, 15829
1694946547, 0, 0, 30, 0, 0, 6444.53, 4, 0, 0, 0.19, 1529, 949, 6183.20, 16498, 15829
1694946553, 0, 0, 30, 0, 0, 6444.53, 4, 0, 0, 0.81, 1533, 950, 6183.20, 16498, 15829
1694946553, 0, 0, 30, 0, 0, 6444.53, 4, 0, 0, 14.75, 1537, 951, 6183.20, 16498, 15829
1694946558, 0, 0, 30, 0, 0, 6444.53, 4, 0, 0, 0.21, 1538, 951, 6183.20, 16498, 15829
1694946582, 0, 0, 30, 0, 0, 6444.53, 4, 0, 0, 0.30, 1545, 951, 6183.20, 16498, 15829
1694946588, 0, 0, 30, 0, 0, 6444.53, 4, 0, 0, 0.86, 1549, 952, 6183.20, 16498, 15829
1694946588, 0, 0, 30, 0, 0, 6444.53, 4, 0, 0, 15.87, 1551, 956, 6183.20, 16498, 15829
1694946588, 0, 0, 30, 0, 0, 6444.53, 4, 0, 0, 9.62, 1554, 956, 6183.20, 16498, 15829
1694946589, 0, 0, 30, 0, 0, 6444.53, 4, 0, 0, 22.01, 1556, 961, 6183.20, 16498, 15829
1694946589, 0, 0, 30, 0, 0, 6444.53, 4, 0, 0, 15.43, 1559, 963, 6183.20, 16498, 15829
1694946589, 0, 0, 30, 0, 0, 6444.53, 4, 0, 0, 28.99, 1561, 971, 6183.20, 16498, 15829
1694946590, 0, 0, 30, 0, 0, 6444.53, 4, 0, 0, 16.03, 1565, 972, 6183.20, 16498, 15829
1694946595, 0, 0, 30, 0, 0, 6444.53, 4, 0, 0, 0.59, 1567, 973, 6183.20, 16498, 15829
1694946599, 0, 0, 30, 0, 0, 6444.53, 4, 0, 0, 0.44, 1569, 973, 6183.20, 16498, 15829
1694946607, 0, 0, 30, 0, 0, 6444.53, 4, 0, 0, 0.79, 1574, 974, 6183.20, 16498, 15829
1694946613, 0, 0, 30, 0, 0, 6444.53, 4, 0, 0, 0.34, 1576, 974, 6183.20, 16498, 15829
1694946618, 0, 0, 30, 0, 0, 6444.53, 4, 0, 0, 1.06, 1580, 976, 6183.20, 16498, 15829
1694946624, 0, 0, 30, 0, 0, 6444.53, 4, 0, 0, 0.36, 1581, 977, 6183.20, 16498, 15829
1694946624, 0, 0, 30, 0, 0, 6444.53, 4, 0, 0, 14.79, 1581, 982, 6183.20, 16498, 15829
1694946630, 0, 0, 30, 0, 0, 6444.53, 4, 0, 0, 0.36, 1583, 982, 6183.20, 16498, 15829
1694946630, 0, 0, 30, 0, 0, 6444.53, 4, 0, 0, 13.02, 1587, 983, 6183.20, 16498, 15829
1694946636, 0, 0, 30, 0, 0, 6444.53, 4, 0, 0, 0.19, 1588, 983, 6183.20, 16498, 15829
1694946639, 0, 0, 30, 0, 0, 6444.53, 4, 0, 0, 0.55, 1588, 985, 6183.20, 16498, 15829
1694946645, 0, 0, 30, 0, 0, 6444.53, 4, 0, 0, 1.05, 1594, 985, 6183.20, 16498, 15829
1694946645, 0, 0, 30, 0, 0, 6444.53, 4, 0, 0, 9.24, 1597, 986, 6183.20, 16498, 15829
1694946651, 0, 0, 30, 0, 0, 6444.53, 4, 0, 0, 0.50, 1599, 987, 6183.20, 16498, 15829
1694946652, 0, 0, 30, 0, 0, 6444.53, 4, 0, 0, 13.03, 1601, 989, 6183.20, 16498, 15829
1694946652, 0, 0, 30, 0, 0, 6444.53, 4, 0, 0, 11.88, 1604, 991, 6183.20, 16498, 15829
1694946652, 0, 0, 30, 0, 0, 6444.53, 4, 0, 0, 12.74, 1606, 993, 6183.20, 16498, 15829
1694946659, 0, 0, 30, 0, 0, 6444.53, 4, 0, 0, 1.39, 1611, 997, 6183.20, 16498, 15829
1694946664, 0, 0, 30, 0, 0, 6444.53, 4, 0, 0, 0.84, 1613, 999, 6183.20, 16498, 15829
1694946670, 0, 0, 30, 0, 0, 6444.53, 4, 0, 0, 0.82, 1617, 1000, 6183.20, 16498, 15829
1694946670, 0, 0, 30, 0, 0, 6444.53, 4, 0, 0, 11.46, 1617, 1004, 6183.20, 16498, 15829
1694946670, 0, 0, 30, 0, 0, 6444.53, 4, 0, 0, 13.16, 1620, 1006, 6183.20, 16498, 15829
1694946676, 0, 0, 30, 0, 0, 6444.53, 4, 0, 0, 0.38, 1622, 1006, 6183.20, 16498, 15829
1694946676, 0, 0, 30, 0, 0, 6444.53, 4, 0, 0, 14.04, 1625, 1008, 6183.20, 16498, 15829
1694946676, 0, 0, 30, 0, 0, 6444.53, 4, 0, 0, 12.38, 1629, 1008, 6183.20, 16498, 15829
1694946677, 0, 0, 30, 0, 0, 6444.53, 4, 0, 0, 21.62, 1635, 1010, 6183.20, 16498, 15829
1694946685, 0, 0, 30, 0, 0, 6444.53, 4, 0, 0, 0.34, 1636, 1012, 6183.20, 16498, 15829
1694946689, 0, 0, 30, 0, 0, 6444.53, 4, 0, 0, 0.54, 1637, 1013, 6183.20, 16498, 15829
1694946695, 0, 0, 30, 0, 0, 6444.53, 4, 0, 0, 0.50, 1640, 1013, 6183.20, 16498, 15829
1694946701, 0, 0, 30, 0, 0, 6444.53, 4, 0, 0, 0.64, 1643, 1014, 6183.20, 16498, 15829
1694946708, 0, 0, 30, 0, 0, 6444.53, 4, 0, 0, 0.57, 1646, 1015, 6183.20, 16498, 15829
1694946713, 0, 0, 30, 0, 0, 6444.53, 4, 0, 0, 0.64, 1648, 1016, 6183.20, 16498, 15829
1694946713, 0, 0, 30, 0, 0, 6444.53, 4, 0, 0, 9.62, 1651, 1017, 6183.20, 16498, 15829
1694946714, 0, 0, 30, 0, 0, 6444.53, 4, 0, 0, 18.35, 1656, 1018, 6183.20, 16498, 15829
1694946714, 0, 0, 30, 0, 0, 6444.53, 4, 0, 0, 8.82, 1658, 1019, 6183.20, 16498, 15829
1694946715, 0, 0, 30, 0, 0, 6444.53, 4, 0, 0, 18.04, 1660, 1024, 6183.20, 16498, 15829
1694946720, 0, 0, 30, 0, 0, 6444.53, 4, 0, 0, 0.86, 1663, 1026, 6183.20, 16498, 15829
1694946731, 0, 0, 30, 0, 0, 6444.53, 4, 0, 0, 0.47, 1666, 1028, 6183.20, 16498, 15829
1694946731, 0, 0, 30, 0, 0, 6444.53, 4, 0, 0, 12.99, 1668, 1030, 6183.20, 16498, 15829
1694946732, 0, 0, 30, 0, 0, 6444.53, 4, 0, 0, 9.28, 1671, 1031, 6183.20, 16498, 15829
1694946732, 0, 0, 30, 0, 0, 6444.53, 4, 0, 0, 6.82, 1674, 1031, 6183.20, 16498, 15829
1694946744, 0, 0, 30, 0, 0, 6444.53, 4, 0, 0, 0.09, 1675, 1031, 6183.20, 16498, 15829
1694946748, 0, 0, 30, 0, 0, 6444.53, 4, 0, 0, 0.66, 1678, 1031, 6183.20, 16498, 15829
1694946748, 0, 0, 30, 0, 0, 6444.53, 4, 0, 0, 18.69, 1683, 1034, 6183.20, 16498, 15829
1694946758, 0, 0, 30, 0, 0, 6444.53, 4, 0, 0, 0.43, 1685, 1036, 6183.20, 16498, 15829
1694946758, 0, 0, 30, 0, 0, 6444.53, 4, 0, 0, 10.87, 1688, 1038, 6183.20, 16498, 15829
1694946759, 0, 0, 30, 0, 0, 6444.53, 4, 0, 0, 24.77, 1690, 1044, 6183.20, 16498, 15829
1694946763, 0, 0, 30, 0, 0, 6444.53, 4, 0, 0, 0.42, 1691, 1045, 6183.20, 16498, 15829
1694946764, 0, 0, 30, 0, 0, 6444.53, 4, 0, 0, 14.93, 1692, 1049, 6183.20, 16498, 15829
1694946769, 0, 0, 30, 0, 0, 6444.53, 4, 0, 0, 1.12, 1696, 1051, 6183.20, 16498, 15829
1694946776, 0, 0, 30, 0, 0, 6444.53, 4, 0, 0, 0.43, 1699, 1051, 6183.20, 16498, 15829
1694946781, 0, 0, 30, 0, 0, 6444.53, 4, 0, 0, 0.75, 1701, 1053, 6183.20, 16498, 15829
1694946791, 0, 0, 30, 0, 0, 6444.53, 4, 0, 0, 0.22, 1703, 1053, 6183.20, 16498, 15829
1694946791, 0, 0, 30, 0, 0, 6444.53, 4, 0, 0, 8.38, 1704, 1055, 6183.20, 16498, 15829
1694946792, 0, 0, 30, 0, 0, 6444.53, 4, 0, 0, 9.66, 1707, 1058, 6183.20, 16498, 15829
1694946792, 0, 0, 30, 0, 0, 6444.53, 4, 0, 0, 18.69, 1711, 1060, 6183.20, 16498, 15829
1694946797, 0, 0, 30, 0, 0, 6444.53, 4, 0, 0, 0.83, 1714, 1061, 6183.20, 16498, 15829
1694946797, 0, 0, 30, 0, 0, 6444.53, 4, 0, 0, 15.43, 1719, 1061, 6183.20, 16498, 15829
1694946801, 0, 0, 30, 0, 0, 6444.53, 4, 0, 0, 0.27, 1719, 1062, 6183.20, 16498, 15829
1694946801, 0, 0, 30, 0, 0, 6444.53, 4, 0, 0, 15.11, 1723, 1063, 6183.20, 16498, 15829
1694946801, 0, 0, 30, 0, 0, 6444.53, 4, 0, 0, 18.81, 1725, 1067, 6183.20, 16498, 15829
1694946810, 0, 0, 30, 0, 0, 6444.53, 4, 0, 0, 0.48, 1727, 1069, 6183.20, 16498, 15829
1694946810, 0, 0, 30, 0, 0, 6444.53, 4, 0, 0, 15.72, 1731, 1070, 6183.20, 16498, 15829
1694946814, 0, 0, 30, 0, 0, 6444.53, 4, 0, 0, 0.22, 1732, 1070, 6183.20, 16498, 15829
1694946821, 0, 0, 30, 0, 0, 6444.53, 4, 0, 0, 0.78, 1735, 1072, 6183.20, 16498, 15829
1694946821, 0, 0, 30, 0, 0, 6444.53, 4, 0, 0, 12.94, 1739, 1072, 6183.20, 16498, 15829
1694946827, 0, 0, 30, 0, 0, 6444.53, 4, 0, 0, 1.27, 1743, 1075, 6183.20, 16498, 15829
1694946827, 0, 0, 30, 0, 0, 6444.53, 4, 0, 0, 10.39, 1744, 1078, 6183.20, 16498, 15829
1694946827, 0, 0, 30, 0, 0, 6444.53, 4, 0, 0, 10.78, 1746, 1080, 6183.20, 16498, 15829
1694946828, 0, 0, 30, 0, 0, 6444.53, 4, 0, 0, 10.20, 1749, 1081, 6183.20, 16498, 15829
1694946832, 0, 0, 30, 0, 0, 6444.53, 4, 0, 0, 0.23, 1749, 1082, 6183.20, 16498, 15829
1694946833, 0, 0, 30, 0, 0, 6444.53, 4, 0, 0, 10.42, 1751, 1084, 6183.20, 16498, 15829
1694946838, 0, 0, 30, 0, 0, 6444.53, 4, 0, 0, 0.69, 1753, 1086, 6183.20, 16498, 15829
1694946839, 0, 0, 30, 0, 0, 6444.53, 4, 0, 0, 11.59, 1756, 1087, 6183.20, 16498, 15829
1694946839, 0, 0, 30, 0, 0, 6444.53, 4, 0, 0, 16.61, 1758, 1090, 6183.20, 16498, 15829
1694946844, 0, 0, 30, 0, 0, 6444.53, 4, 0, 0, 0.65, 1758, 1093, 6183.20, 16498, 15829
1694946844, 0, 0, 30, 0, 0, 6444.53, 4, 0, 0, 9.93, 1759, 1095, 6183.20, 16498, 15829
1694946850, 0, 0, 30, 0, 0, 6444.53, 4, 0, 0, 0.16, 1760, 1095, 6183.20, 16498, 15829
1694946851, 0, 0, 30, 0, 0, 6444.53, 4, 0, 0, 11.16, 1762, 1098, 6183.20, 16498, 15829
1694946857, 0, 0, 30, 0, 0, 6444.53, 4, 0, 0, 0.67, 1766, 1098, 6183.20, 16498, 15829
1694946857, 0, 0, 30, 0, 0, 6444.53, 4, 0, 0, 22.51, 1769, 1102, 6183.20, 16498, 15829
1694946863, 0, 0, 30, 0, 0, 6444.53, 4, 0, 0, 0.61, 1772, 1103, 6183.20, 16498, 15829
1694946864, 0, 0, 30, 0, 0, 6444.53, 4, 0, 0, 6.23, 1774, 1103, 6183.20, 16498, 15829
1694946868, 0, 0, 30, 0, 0, 6444.53, 4, 0, 0, 0.43, 1776, 1103, 6183.20, 16498, 15829
1694946873, 0, 0, 30, 0, 0, 6444.53, 4, 0, 0, 0.43, 1777, 1104, 6183.20, 16498, 15829
1694946878, 0, 0, 30, 0, 0, 6444.53, 4, 0, 0, 0.39, 1778, 1105, 6183.20, 16498, 15829
1694946879, 0, 0, 30, 0, 0, 6444.53, 4, 0, 0, 11.33, 1782, 1105, 6183.20, 16498, 15829
1694946879, 0, 0, 30, 0, 0, 6444.53, 4, 0, 0, 5.97, 1783, 1106, 6183.20, 16498, 15829
1694946879, 0, 0, 30, 0, 0, 6444.53, 4, 0, 0, 5.29, 1784, 1107, 6183.20, 16498, 15829
1694946880, 0, 0, 30, 0, 0, 6444.53, 4, 0, 0, 12.78, 1786, 1109, 6183.20, 16498, 15829
1694946880, 0, 0, 30, 0, 0, 6444.53, 4, 0, 0, 12.50, 1788, 1111, 6183.20, 16498, 15829
1694946888, 0, 0, 30, 0, 0, 6444.53, 4, 0, 0, 0.26, 1790, 1111, 6183.20, 16498, 15829
1694946888, 0, 0, 30, 0, 0, 6444.53, 4, 0, 0, 11.98, 1792, 1113, 6183.20, 16498, 15829
1694946888, 0, 0, 30, 0, 0, 6444.53, 4, 0, 0, 8.22, 1794, 1114, 6183.20, 16498, 15829
1694946897, 0, 0, 30, 0, 0, 6444.53, 4, 0, 0, 0.37, 1797, 1114, 6183.20, 16498, 15829
1694946897, 0, 0, 30, 0, 0, 6444.53, 4, 0, 0, 7.97, 1801, 1114, 6183.20, 16498, 15829
1694946897, 0, 0, 30, 0, 0, 6444.53, 4, 0, 0, 11.63, 1804, 1115, 6183.20, 16498, 15829
1694946898, 0, 0, 30, 0, 0, 6444.53, 4, 0, 0, 9.97, 1807, 1115, 6183.20, 16498, 15829
1694946898, 0, 0, 30, 0, 0, 6444.53, 4, 0, 0, 9.29, 1809, 1116, 6183.20, 16498, 15829
1694946903, 0, 0, 30, 0, 0, 6444.53, 4, 0, 0, 0.19, 1810, 1116, 6183.20, 16498, 15829
1694946904, 0, 0, 30, 0, 0, 6444.53, 4, 0, 0, 7.11, 1812, 1117, 6183.20, 16498, 15829
1694946909, 0, 0, 30, 0, 0, 6444.53, 4, 0, 0, 0.56, 1815, 1117, 6183.20, 16498, 15829
1694946910, 0, 0, 30, 0, 0, 6444.53, 4, 0, 0, 9.90, 1817, 1119, 6183.20, 16498, 15829
1694946916, 0, 0, 30, 0, 0, 6444.53, 4, 0, 0, 0.48, 1820, 1119, 6183.20, 16498, 15829
1694946922, 0, 0, 30, 0, 0, 6444.53, 4, 0, 0, 0.17, 1821, 1119, 6183.20, 16498, 15829
1694946926, 0, 0, 30, 0, 0, 6444.53, 4, 0, 0, 0.20, 1822, 1119, 6183.20, 16498, 15829
1694946939, 0, 0, 30, 0, 0, 6444.53, 4, 0, 0, 0.16, 1824, 1119, 6183.20, 16498, 15829
1694946939, 0, 0, 30, 0, 0, 6444.53, 4, 0, 0, 8.43, 1826, 1120, 6183.20, 16498, 15829
1694946940, 0, 0, 30, 0, 0, 6444.53, 4, 0, 0, 18.97, 1830, 1123, 6183.20, 16498, 15829
1694946945, 0, 0, 30, 0, 0, 6444.53, 4, 0, 0, 0.81, 1832, 1125, 6183.20, 16498, 15829
1694946955, 0, 0, 30, 0, 0, 6444.53, 4, 0, 0, 0.38, 1835, 1126, 6183.20, 16498, 15829
1694946955, 0, 0, 30, 0, 0, 6444.53, 4, 0, 0, 3.01, 1836, 1126, 6183.20, 16498, 15829
1694946956, 0, 0, 30, 0, 0, 6444.53, 4, 0, 0, 9.87, 1836, 1129, 6183.20, 16498, 15829
1694946956, 0, 0, 30, 0, 0, 6444.53, 4, 0, 0, 15.77, 1839, 1131, 6183.20, 16498, 15829
1694946965, 0, 0, 30, 0, 0, 6444.53, 4, 0, 0, 0.11, 1840, 1131, 6183.20, 16498, 15829
1694946966, 0, 0, 30, 0, 0, 6444.53, 4, 0, 0, 7.71, 1840, 1134, 6183.20, 16498, 15829
1694946973, 0, 0, 30, 0, 0, 6444.53, 4, 0, 0, 0.44, 1843, 1134, 6183.20, 16498, 15829
1694946973, 0, 0, 30, 0, 0, 6444.53, 4, 0, 0, 5.99, 1844, 1135, 6183.20, 16498, 15829
1694946973, 0, 0, 30, 0, 0, 6444.53, 4, 0, 0, 9.07, 1848, 1135, 6183.20, 16498, 15829
1694946974, 0, 0, 30, 0, 0, 6444.53, 4, 0, 0, 5.04, 1848, 1137, 6183.20, 16498, 15829
1694946974, 0, 0, 30, 0, 0, 6444.53, 4, 0, 0, 17.49, 1852, 1139, 6183.20, 16498, 15829
1694946974, 0, 0, 30, 0, 0, 6444.53, 4, 0, 0, 15.67, 1856, 1140, 6183.20, 16498, 15829
1694947006, 0, 0, 30, 0, 0, 6444.53, 4, 0, 0, 0.06, 1858, 1140, 6183.20, 16498, 15829
1694947011, 0, 0, 30, 0, 0, 6444.53, 4, 0, 0, 0.35, 1860, 1140, 6183.20, 16498, 15829
1694947012, 0, 0, 30, 0, 0, 6444.53, 4, 0, 0, 8.02, 1862, 1141, 6183.20, 16498, 15829
1694947012, 0, 0, 30, 0, 0, 6444.53, 4, 0, 0, 8.24, 1862, 1144, 6183.20, 16498, 15829
1694947018, 0, 0, 30, 0, 0, 6444.53, 4, 0, 0, 0.18, 1863, 1144, 6183.20, 16498, 15829
1694947018, 0, 0, 30, 0, 0, 6444.53, 4, 0, 0, 14.25, 1865, 1147, 6183.20, 16498, 15829
1694947018, 0, 0, 30, 0, 0, 6444.53, 4, 0, 0, 12.99, 1865, 1151, 6183.20, 16498, 15829
1694947019, 0, 0, 30, 0, 0, 6444.53, 4, 0, 0, 3.58, 1866, 1152, 6183.20, 16498, 15829
1694947019, 0, 0, 30, 0, 0, 6444.53, 4, 0, 0, 9.15, 1868, 1153, 6183.20, 16498, 15829
1694947025, 0, 0, 30, 0, 0, 6444.53, 4, 0, 0, 0.35, 1870, 1153, 6183.20, 16498, 15829
1694947025, 0, 0, 30, 0, 0, 6444.53, 4, 0, 0, 5.81, 1871, 1154, 6183.20, 16498, 15829
1694947025, 0, 0, 30, 0, 0, 6444.53, 4, 0, 0, 12.01, 1872, 1157, 6183.20, 16498, 15829
1694947026, 0, 0, 30, 0, 0, 6444.53, 4, 0, 0, 12.94, 1874, 1159, 6183.20, 16498, 15829
1694947026, 0, 0, 30, 0, 0, 6444.53, 4, 0, 0, 15.43, 1877, 1161, 6183.20, 16498, 15829
1694947033, 0, 0, 30, 0, 0, 6444.53, 4, 0, 0, 0.30, 1879, 1161, 6183.20, 16498, 15829
1694947033, 0, 0, 30, 0, 0, 6444.53, 4, 0, 0, 11.94, 1881, 1163, 6183.20, 16498, 15829
1694947034, 0, 0, 30, 0, 0, 6444.53, 4, 0, 0, 15.29, 1883, 1166, 6183.20, 16498, 15829
1694947034, 0, 0, 30, 0, 0, 6444.53, 4, 0, 0, 8.17, 1885, 1167, 6183.20, 16498, 15829
1694947034, 0, 0, 30, 0, 0, 6444.53, 4, 0, 0, 11.66, 1888, 1169, 6183.20, 16498, 15829
1694947039, 0, 0, 30, 0, 0, 6444.53, 4, 0, 0, 0.77, 1891, 1170, 6183.20, 16498, 15829
1694947047, 0, 0, 30, 0, 0, 6444.53, 4, 0, 0, 0.41, 1894, 1170, 6183.20, 16498, 15829
1694947052, 0, 0, 30, 0, 0, 6444.53, 4, 0, 0, 0.39, 1895, 1171, 6183.20, 16498, 15829
1694947057, 0, 0, 30, 0, 0, 6444.53, 4, 0, 0, 0.19, 1896, 1171, 6183.20, 16498, 15829
1694947062, 0, 0, 30, 0, 0, 6444.53, 4, 0, 0, 0.22, 1897, 1171, 6183.20, 16498, 15829
1694947062, 0, 0, 30, 0, 0, 6444.53, 4, 0, 0, 15.72, 1900, 1173, 6183.20, 16498, 15829
1694947068, 0, 0, 30, 0, 0, 6444.53, 4, 0, 0, 0.66, 1903, 1174, 6183.20, 16498, 15829
1694947075, 0, 0, 30, 0, 0, 6444.53, 4, 0, 0, 0.14, 1904, 1174, 6183.20, 16498, 15829
1694947076, 0, 0, 30, 0, 0, 6444.53, 4, 0, 0, 12.86, 1907, 1175, 6183.20, 16498, 15829
1694947076, 0, 0, 30, 0, 0, 6444.53, 4, 0, 0, 8.87, 1910, 1176, 6183.20, 16498, 15829
1694947082, 0, 0, 30, 0, 0, 6444.53, 4, 0, 0, 0.33, 1912, 1176, 6183.20, 16498, 15829
1694947088, 0, 0, 30, 0, 0, 6444.53, 4, 0, 0, 0.17, 1913, 1176, 6183.20, 16498, 15829
1694947089, 0, 0, 30, 0, 0, 6444.53, 4, 0, 0, 9.17, 1915, 1177, 6183.20, 16498, 15829
1694947094, 0, 0, 30, 0, 0, 6444.53, 4, 0, 0, 0.19, 1916, 1177, 6183.20, 16498, 15829
1694947098, 0, 0, 30, 0, 0, 6444.53, 4, 0, 0, 0.54, 1916, 1179, 6183.20, 16498, 15829
1694947098, 0, 0, 30, 0, 0, 6444.53, 4, 0, 0, 8.98, 1919, 1179, 6183.20, 16498, 15829
1694947098, 0, 0, 30, 0, 0, 6444.53, 4, 0, 0, 8.31, 1921, 1180, 6183.20, 16498, 15829
1694947099, 0, 0, 30, 0, 0, 6444.53, 4, 0, 0, 12.25, 1925, 1181, 6183.20, 16498, 15829
1694947099, 0, 0, 30, 0, 0, 6444.53, 4, 0, 0, 16.45, 1929, 1182, 6183.20, 16498, 15829
1694947099, 0, 0, 30, 0, 0, 6444.53, 4, 0, 0, 22.08, 1930, 1188, 6183.20, 16498, 15829
1694947105, 0, 0, 30, 0, 0, 6444.53, 4, 0, 0, 0.71, 1934, 1188, 6183.20, 16498, 15829
1694947105, 0, 0, 30, 0, 0, 6444.53, 4, 0, 0, 11.83, 1937, 1189, 6183.20, 16498, 15829
1694947106, 0, 0, 30, 0, 0, 6444.53, 4, 0, 0, 11.57, 1940, 1191, 6183.20, 16498, 15829
1694947106, 0, 0, 30, 0, 0, 6444.53, 4, 0, 0, 9.20, 1940, 1194, 6183.20, 16498, 15829
1694947112, 0, 0, 30, 0, 0, 6444.53, 4, 0, 0, 0.16, 1941, 1194, 6183.20, 16498, 15829
1694947123, 0, 0, 30, 0, 0, 6444.53, 4, 0, 0, 0.29, 1942, 1196, 6183.20, 16498, 15829
1694947123, 0, 0, 30, 0, 0, 6444.53, 4, 0, 0, 11.16, 1945, 1198, 6183.20, 16498, 15829
1694947123, 0, 0, 30, 0, 0, 6444.53, 4, 0, 0, 6.31, 1947, 1198, 6183.20, 16498, 15829
1694947128, 0, 0, 30, 0, 0, 6444.53, 4, 0, 0, 0.24, 1948, 1198, 6183.20, 16498, 15829
1694947128, 0, 0, 30, 0, 0, 6444.53, 4, 0, 0, 11.49, 1949, 1201, 6183.20, 16498, 15829
1694947128, 0, 0, 30, 0, 0, 6444.53, 4, 0, 0, 8.22, 1951, 1202, 6183.20, 16498, 15829
1694947133, 0, 0, 30, 0, 0, 6444.53, 4, 0, 0, 0.78, 1953, 1204, 6183.20, 16498, 15829
1694947139, 0, 0, 30, 0, 0, 6444.53, 4, 0, 0, 0.17, 1954, 1204, 6183.20, 16498, 15829
1694947140, 0, 0, 30, 0, 0, 6444.53, 4, 0, 0, 8.57, 1956, 1205, 6183.20, 16498, 15829
1694947146, 0, 0, 30, 0, 0, 6444.53, 4, 0, 0, 0.77, 1958, 1208, 6183.20, 16498, 15829
1694947147, 0, 0, 30, 0, 0, 6444.53, 4, 0, 0, 9.55, 1959, 1210, 6183.20, 16498, 15829
1694947147, 0, 0, 30, 0, 0, 6444.53, 4, 0, 0, 11.80, 1961, 1212, 6183.20, 16498, 15829
1694947147, 0, 0, 30, 0, 0, 6444.53, 4, 0, 0, 2.97, 1962, 1212, 6183.20, 16498, 15829
1694947148, 0, 0, 30, 0, 0, 6444.53, 4, 0, 0, 6.51, 1964, 1213, 6183.20, 16498, 15829
1694947155, 0, 0, 30, 0, 0, 6444.53, 4, 0, 0, 0.43, 1966, 1214, 6183.20, 16498, 15829
1694947155, 0, 0, 30, 0, 0, 6444.53, 4, 0, 0, 9.87, 1968, 1215, 6183.20, 16498, 15829
1694947155, 0, 0, 30, 0, 0, 6444.53, 4, 0, 0, 13.20, 1970, 1217, 6183.20, 16498, 15829
1694947156, 0, 0, 30, 0, 0, 6444.53, 4, 0, 0, 12.50, 1972, 1219, 6183.20, 16498, 15829
1694947156, 0, 0, 30, 0, 0, 6444.53, 4, 0, 0, 9.06, 1973, 1221, 6183.20, 16498, 15829
1694947156, 0, 0, 30, 0, 0, 6444.53, 4, 0, 0, 11.59, 1975, 1223, 6183.20, 16498, 15829
1694947157, 0, 0, 30, 0, 0, 6444.53, 4, 0, 0, 12.27, 1977, 1225, 6183.20, 16498, 15829
1694947163, 0, 0, 30, 0, 0, 6444.53, 4, 0, 0, 0.16, 1978, 1225, 6183.20, 16498, 15829
1694947163, 0, 0, 30, 0, 0, 6444.53, 4, 0, 0, 8.29, 1980, 1226, 6183.20, 16498, 15829
1694947164, 0, 0, 30, 0, 0, 6444.53, 4, 0, 0, 9.76, 1982, 1228, 6183.20, 16498, 15829
1694947164, 0, 0, 30, 0, 0, 6444.53, 4, 0, 0, 11.40, 1984, 1230, 6183.20, 16498, 15829
1694947164, 0, 0, 30, 0, 0, 6444.53, 4, 0, 0, 13.25, 1987, 1231, 6183.20, 16498, 15829
1694947170, 0, 0, 30, 0, 0, 6444.53, 4, 0, 0, 0.50, 1989, 1232, 6183.20, 16498, 15829
1694947171, 0, 0, 30, 0, 0, 6444.53, 4, 0, 0, 11.24, 1993, 1232, 6183.20, 16498, 15829
1694947171, 0, 0, 30, 0, 0, 6444.53, 4, 0, 0, 7.65, 1994, 1234, 6183.20, 16498, 15829
1694947176, 0, 0, 30, 0, 0, 6444.53, 4, 0, 0, 0.19, 1995, 1234, 6183.20, 16498, 15829
1694947183, 0, 0, 30, 0, 0, 6444.53, 4, 0, 0, 0.15, 1996, 1234, 6183.20, 16498, 15829
1694947191, 0, 0, 30, 0, 0, 6444.53, 4, 0, 0, 0.26, 1997, 1235, 6183.20, 16498, 15829
1694947191, 0, 0, 30, 0, 0, 6444.53, 4, 0, 0, 10.72, 2000, 1236, 6183.20, 16498, 15829
1694947202, 0, 0, 30, 0, 0, 6444.53, 4, 0, 0, 0.29, 2002, 1237, 6183.20, 16498, 15829
1694947208, 0, 0, 30, 0, 0, 6444.53, 4, 0, 0, 0.15, 2003, 1237, 6183.20, 16498, 15829
1694947209, 0, 0, 30, 0, 0, 6444.53, 4, 0, 0, 9.06, 2004, 1239, 6183.20, 16498, 15829
1694947209, 0, 0, 30, 0, 0, 6444.53, 4, 0, 0, 15.15, 2006, 1242, 6183.20, 16498, 15829
1694947209, 0, 0, 30, 0, 0, 6444.53, 4, 0, 0, 17.29, 2010, 1244, 6183.20, 16498, 15829
1694947210, 0, 0, 30, 0, 0, 6444.53, 4, 0, 0, 10.18, 2012, 1246, 6183.20, 16498, 15829
1694947216, 0, 0, 30, 0, 0, 6444.53, 4, 0, 0, 0.67, 2015, 1247, 6183.20, 16498, 15829
1694947222, 0, 0, 30, 0, 0, 6444.53, 4, 0, 0, 0.50, 2017, 1248, 6183.20, 16498, 15829
1694947222, 0, 0, 30, 0, 0, 6444.53, 4, 0, 0, 9.26, 2018, 1250, 6183.20, 16498, 15829
1694947222, 0, 0, 30, 0, 0, 6444.53, 4, 0, 0, 15.58, 2021, 1252, 6183.20, 16498, 15829
1694947227, 0, 0, 30, 0, 0, 6444.53, 4, 0, 0, 0.68, 2023, 1253, 6183.20, 16498, 15829
1694947240, 0, 0, 30, 0, 0, 6444.53, 4, 0, 0, 0.15, 2025, 1253, 6183.20, 16498, 15829
1694947246, 0, 0, 30, 0, 0, 6444.53, 4, 0, 0, 0.16, 2026, 1253, 6183.20, 16498, 15829
1694947252, 0, 0, 30, 0, 0, 6444.53, 4, 0, 0, 0.19, 2027, 1253, 6183.20, 16498, 15829
1694947252, 0, 0, 30, 0, 0, 6444.53, 4, 0, 0, 6.19, 2029, 1253, 6183.20, 16498, 15829
1694947259, 0, 0, 30, 0, 0, 6444.53, 4, 0, 0, 0.28, 2031, 1253, 6183.20, 16498, 15829
1694947260, 0, 0, 30, 0, 0, 6444.53, 4, 0, 0, 7.73, 2033, 1254, 6183.20, 16498, 15829
1694947260, 0, 0, 30, 0, 0, 6444.53, 4, 0, 0, 8.79, 2034, 1257, 6183.20, 16498, 15829
1694947267, 0, 0, 30, 0, 0, 6444.53, 4, 0, 0, 0.30, 2035, 1258, 6183.20, 16498, 15829
1694947267, 0, 0, 30, 0, 0, 6444.53, 4, 0, 0, 6.56, 2038, 1258, 6183.20, 16498, 15829
1694947268, 0, 0, 30, 0, 0, 6444.53, 4, 0, 0, 8.15, 2040, 1259, 6183.20, 16498, 15829
1694947273, 0, 0, 30, 0, 0, 6444.53, 4, 0, 0, 0.37, 2041, 1260, 6183.20, 16498, 15829
1694947273, 0, 0, 30, 0, 0, 6444.53, 4, 0, 0, 6.04, 2043, 1260, 6183.20, 16498, 15829
1694947274, 0, 0, 30, 0, 0, 6444.53, 4, 0, 0, 5.71, 2045, 1260, 6183.20, 16498, 15829
1694947278, 0, 0, 30, 0, 0, 6444.53, 4, 0, 0, 0.67, 2047, 1261, 6183.20, 16498, 15829
1694947286, 0, 0, 30, 0, 0, 6444.53, 4, 0, 0, 0.27, 2049, 1261, 6183.20, 16498, 15829
1694947286, 0, 0, 30, 0, 0, 6444.53, 4, 0, 0, 8.52, 2051, 1262, 6183.20, 16498, 15829
1694947292, 0, 0, 30, 0, 0, 6444.53, 4, 0, 0, 0.16, 2052, 1262, 6183.20, 16498, 15829
1694947293, 0, 0, 30, 0, 0, 6444.53, 4, 0, 0, 10.61, 2054, 1264, 6183.20, 16498, 15829
1694947293, 0, 0, 30, 0, 0, 6444.53, 4, 0, 0, 8.33, 2057, 1264, 6183.20, 16498, 15829
1694947293, 0, 0, 30, 0, 0, 6444.53, 4, 0, 0, 8.93, 2058, 1266, 6183.20, 16498, 15829
1694947294, 0, 0, 30, 0, 0, 6444.53, 4, 0, 0, 9.38, 2059, 1268, 6183.20, 16498, 15829
1694947294, 0, 0, 30, 0, 0, 6444.53, 4, 0, 0, 6.33, 2061, 1268, 6183.20, 16498, 15829
1694947294, 0, 0, 30, 0, 0, 6444.53, 4, 0, 0, 6.41, 2062, 1270, 6183.20, 16498, 15829
1694947302, 0, 0, 30, 0, 0, 6444.53, 4, 0, 0, 0.28, 2064, 1270, 6183.20, 16498, 15829
1694947302, 0, 0, 30, 0, 0, 6444.53, 4, 0, 0, 5.88, 2066, 1270, 6183.20, 16498, 15829
1694947302, 0, 0, 30, 0, 0, 6444.53, 4, 0, 0, 9.29, 2067, 1272, 6183.20, 16498, 15829
1694947303, 0, 0, 30, 0, 0, 6444.53, 4, 0, 0, 9.35, 2070, 1272, 6183.20, 16498, 15829
1694947308, 0, 0, 30, 0, 0, 6444.53, 4, 0, 0, 0.20, 2071, 1272, 6183.20, 16498, 15829
1694947313, 0, 0, 30, 0, 0, 6444.53, 4, 0, 0, 0.35, 2072, 1273, 6183.20, 16498, 15829
1694947319, 0, 0, 30, 0, 0, 6444.53, 4, 0, 0, 0.52, 2073, 1275, 6183.20, 16498, 15829
1694947328, 0, 0, 30, 0, 0, 6444.53, 4, 0, 0, 0.24, 2075, 1275, 6183.20, 16498, 15829
1694947328, 0, 0, 30, 0, 0, 6444.53, 4, 0, 0, 13.03, 2075, 1279, 6183.20, 16498, 15829
1694947328, 0, 0, 30, 0, 0, 6444.53, 4, 0, 0, 9.97, 2077, 1280, 6183.20, 16498, 15829
1694947338, 0, 0, 30, 0, 0, 6444.53, 4, 0, 0, 0.10, 2078, 1280, 6183.20, 16498, 15829
1694947344, 0, 0, 30, 0, 0, 6444.53, 4, 0, 0, 0.31, 2080, 1280, 6183.20, 16498, 15829
1694947345, 0, 0, 30, 0, 0, 6444.53, 4, 0, 0, 5.80, 2082, 1280, 6183.20, 16498, 15829
1694947351, 0, 0, 30, 0, 0, 6444.53, 4, 0, 0, 1.01, 2085, 1283, 6183.20, 16498, 15829
1694947351, 0, 0, 30, 0, 0, 6444.53, 4, 0, 0, 9.80, 2088, 1283, 6183.20, 16498, 15829
1694947351, 0, 0, 30, 0, 0, 6444.53, 4, 0, 0, 6.01, 2089, 1284, 6183.20, 16498, 15829
1694947352, 0, 0, 30, 0, 0, 6444.53, 4, 0, 0, 6.23, 2090, 1285, 6183.20, 16498, 15829
1694947352, 0, 0, 30, 0, 0, 6444.53, 4, 0, 0, 8.09, 2092, 1286, 6183.20, 16498, 15829
1694947352, 0, 0, 30, 0, 0, 6444.53, 4, 0, 0, 9.68, 2092, 1289, 6183.20, 16498, 15829
1694947363, 0, 0, 30, 0, 0, 6444.53, 4, 0, 0, 0.19, 2094, 1289, 6183.20, 16498, 15829
1694947363, 0, 0, 30, 0, 0, 6444.53, 4, 0, 0, 10.00, 2096, 1290, 6183.20, 16498, 15829
1694947363, 0, 0, 30, 0, 0, 6444.53, 4, 0, 0, 9.90, 2098, 1291, 6183.20, 16498, 15829
1694947370, 0, 0, 30, 0, 0, 6444.53, 4, 0, 0, 0.29, 2100, 1291, 6183.20, 16498, 15829
1694947371, 0, 0, 30, 0, 0, 6444.53, 4, 0, 0, 7.75, 2103, 1291, 6183.20, 16498, 15829
1694947371, 0, 0, 30, 0, 0, 6444.53, 4, 0, 0, 6.19, 2105, 1292, 6183.20, 16498, 15829
1694947372, 0, 0, 30, 0, 0, 6444.53, 4, 0, 0, 6.10, 2105, 1294, 6183.20, 16498, 15829
1694947378, 0, 0, 30, 0, 0, 6444.53, 4, 0, 0, 0.33, 2107, 1294, 6183.20, 16498, 15829
1694947384, 0, 0, 30, 0, 0, 6444.53, 4, 0, 0, 0.51, 2108, 1296, 6183.20, 16498, 15829
1694947390, 0, 0, 30, 0, 0, 6444.53, 4, 0, 0, 0.44, 2109, 1298, 6183.20, 16498, 15829
1694947391, 0, 0, 30, 0, 0, 6444.53, 4, 0, 0, 8.11, 2111, 1299, 6183.20, 16498, 15829
1694947399, 0, 0, 30, 0, 0, 6444.53, 4, 0, 0, 0.12, 2112, 1299, 6183.20, 16498, 15829
1694947400, 0, 0, 30, 0, 0, 6444.53, 4, 0, 0, 6.93, 2115, 1299, 6183.20, 16498, 15829
1694947406, 0, 0, 30, 0, 0, 6444.53, 4, 0, 0, 0.31, 2117, 1299, 6183.20, 16498, 15829
1694947406, 0, 0, 30, 0, 0, 6444.53, 4, 0, 0, 9.58, 2120, 1299, 6183.20, 16498, 15829
1694947412, 0, 0, 30, 0, 0, 6444.53, 4, 0, 0, 0.54, 2122, 1300, 6183.20, 16498, 15829
1694947418, 0, 0, 30, 0, 0, 6444.53, 4, 0, 0, 0.48, 2125, 1300, 6183.20, 16498, 15829
1694947419, 0, 0, 30, 0, 0, 6444.53, 4, 0, 0, 12.11, 2128, 1302, 6183.20, 16498, 15829
1694947419, 0, 0, 30, 0, 0, 6444.53, 4, 0, 0, 9.20, 2128, 1306, 6183.20, 16498, 15829
1694947419, 0, 0, 30, 0, 0, 6444.53, 4, 0, 0, 9.43, 2131, 1306, 6183.20, 16498, 15829
1694947420, 0, 0, 30, 0, 0, 6444.53, 4, 0, 0, 10.34, 2132, 1309, 6183.20, 16498, 15829
1694947426, 0, 0, 30, 0, 0, 6444.53, 4, 0, 0, 0.17, 2133, 1309, 6183.20, 16498, 15829
1694947436, 0, 0, 30, 0, 0, 6444.53, 4, 0, 0, 0.20, 2135, 1309, 6183.20, 16498, 15829
1694947442, 0, 0, 30, 0, 0, 6444.53, 4, 0, 0, 0.65, 2138, 1310, 6183.20, 16498, 15829
1694947442, 0, 0, 30, 0, 0, 6444.53, 4, 0, 0, 7.58, 2139, 1312, 6183.20, 16498, 15829
1694947449, 0, 0, 30, 0, 0, 6444.53, 4, 0, 0, 0.31, 2141, 1312, 6183.20, 16498, 15829
1694947449, 0, 0, 30, 0, 0, 6444.53, 4, 0, 0, 7.23, 2143, 1313, 6183.20, 16498, 15829
1694947449, 0, 0, 30, 0, 0, 6444.53, 4, 0, 0, 11.73, 2146, 1314, 6183.20, 16498, 15829
1694947450, 0, 0, 30, 0, 0, 6444.53, 4, 0, 0, 11.87, 2150, 1314, 6183.20, 16498, 15829
1694947450, 0, 0, 30, 0, 0, 6444.53, 4, 0, 0, 9.20, 2153, 1314, 6183.20, 16498, 15829
1694947457, 0, 0, 30, 0, 0, 6444.53, 4, 0, 0, 0.41, 2155, 1315, 6183.20, 16498, 15829
1694947458, 0, 0, 30, 0, 0, 6444.53, 4, 0, 0, 12.23, 2157, 1317, 6183.20, 16498, 15829
1694947465, 0, 0, 30, 0, 0, 6444.53, 4, 0, 0, 0.14, 2158, 1317, 6183.20, 16498, 15829
1694947470, 0, 0, 30, 0, 0, 6444.53, 4, 0, 0, 0.38, 2160, 1317, 6183.20, 16498, 15829
1694947470, 0, 0, 30, 0, 0, 6444.53, 4, 0, 0, 9.88, 2163, 1318, 6183.20, 16498, 15829
1694947471, 0, 0, 30, 0, 0, 6444.53, 4, 0, 0, 4.30, 2165, 1319, 6183.20, 16498, 15829
1694947479, 0, 0, 30, 0, 0, 6444.53, 4, 0, 0, 0.25, 2167, 1319, 6183.20, 16498, 15829
1694947480, 0, 0, 30, 0, 0, 6444.53, 4, 0, 0, 11.33, 2168, 1322, 6183.20, 16498, 15829
1694947485, 0, 0, 30, 0, 0, 6444.53, 4, 0, 0, 0.41, 2170, 1322, 6183.20, 16498, 15829
1694947485, 0, 0, 30, 0, 0, 6444.53, 4, 0, 0, 3.25, 2171, 1322, 6183.20, 16498, 15829
1694947485, 0, 0, 30, 0, 0, 6444.53, 4, 0, 0, 2.95, 2172, 1322, 6183.20, 16498, 15829
1694947486, 0, 0, 30, 0, 0, 6444.53, 4, 0, 0, 5.35, 2174, 1322, 6183.20, 16498, 15829
1694947493, 0, 0, 30, 0, 0, 6444.53, 4, 0, 0, 0.28, 2176, 1322, 6183.20, 16498, 15829
1694947493, 0, 0, 30, 0, 0, 6444.53, 4, 0, 0, 5.38, 2177, 1323, 6183.20, 16498, 15829
1694947494, 0, 0, 30, 0, 0, 6444.53, 4, 0, 0, 6.91, 2178, 1325, 6183.20, 16498, 15829
1694947494, 0, 0, 30, 0, 0, 6444.53, 4, 0, 0, 9.17, 2179, 1327, 6183.20, 16498, 15829
1694947494, 0, 0, 30, 0, 0, 6444.53, 4, 0, 0, 6.67, 2180, 1328, 6183.20, 16498, 15829
1694947501, 0, 0, 30, 0, 0, 6444.53, 4, 0, 0, 0.42, 2182, 1329, 6183.20, 16498, 15829
1694947502, 0, 0, 30, 0, 0, 6444.53, 4, 0, 0, 5.88, 2183, 1330, 6183.20, 16498, 15829
1694947502, 0, 0, 30, 0, 0, 6444.53, 4, 0, 0, 5.76, 2184, 1331, 6183.20, 16498, 15829
1694947509, 0, 0, 30, 0, 0, 6444.53, 4, 0, 0, 0.30, 2185, 1332, 6183.20, 16498, 15829
1694947509, 0, 0, 30, 0, 0, 6444.53, 4, 0, 0, 3.20, 2187, 1332, 6183.20, 16498, 15829
1694947510, 0, 0, 30, 0, 0, 6444.53, 4, 0, 0, 9.52, 2188, 1334, 6183.20, 16498, 15829
1694947516, 0, 0, 30, 0, 0, 6444.53, 4, 0, 0, 0.17, 2189, 1334, 6183.20, 16498, 15829
1694947516, 0, 0, 30, 0, 0, 6444.53, 4, 0, 0, 4.88, 2189, 1336, 6183.20, 16498, 15829
1694947516, 0, 0, 30, 0, 0, 6444.53, 4, 0, 0, 2.64, 2190, 1336, 6183.20, 16498, 15829
1694947517, 0, 0, 30, 0, 0, 6444.53, 4, 0, 0, 9.01, 2191, 1338, 6183.20, 16498, 15829
1694947517, 0, 0, 30, 0, 0, 6444.53, 4, 0, 0, 5.21, 2192, 1339, 6183.20, 16498, 15829
1694947518, 0, 0, 30, 0, 0, 6444.53, 4, 0, 0, 7.44, 2194, 1340, 6183.20, 16498, 15829
1694947524, 0, 0, 30, 0, 0, 6444.53, 4, 0, 0, 0.49, 2195, 1342, 6183.20, 16498, 15829
1694947524, 0, 0, 30, 0, 0, 6444.53, 4, 0, 0, 9.32, 2197, 1343, 6183.20, 16498, 15829
1694947524, 0, 0, 30, 0, 0, 6444.53, 4, 0, 0, 15.06, 2199, 1346, 6183.20, 16498, 15829
1694947525, 0, 0, 30, 0, 0, 6444.53, 4, 0, 0, 12.70, 2201, 1348, 6183.20, 16498, 15829
1694947533, 0, 0, 30, 0, 0, 6444.53, 4, 0, 0, 0.12, 2202, 1348, 6183.20, 16498, 15829
1694947534, 0, 0, 30, 0, 0, 6444.53, 4, 0, 0, 5.24, 2203, 1349, 6183.20, 16498, 15829
1694947534, 0, 0, 30, 0, 0, 6444.53, 4, 0, 0, 6.62, 2205, 1349, 6183.20, 16498, 15829
1694947543, 0, 0, 30, 0, 0, 6444.53, 4, 0, 0, 0.11, 2206, 1349, 6183.20, 16498, 15829
1694947548, 0, 0, 30, 0, 0, 6444.53, 4, 0, 0, 0.18, 2207, 1349, 6183.20, 16498, 15829
1694947549, 0, 0, 30, 0, 0, 6444.53, 4, 0, 0, 2.89, 2208, 1349, 6183.20, 16498, 15829
1694947549, 0, 0, 30, 0, 0, 6444.53, 4, 0, 0, 6.04, 2210, 1349, 6183.20, 16498, 15829
1694947549, 0, 0, 30, 0, 0, 6444.53, 4, 0, 0, 4.98, 2211, 1350, 6183.20, 16498, 15829
1694947593, 0, 0, 30, 0, 0, 6444.53, 4, 0, 0, 0.07, 2214, 1350, 6183.20, 16498, 15829
1694947593, 0, 0, 30, 0, 0, 6444.53, 4, 0, 0, 6.56, 2215, 1351, 6183.20, 16498, 15829
1694947600, 0, 0, 30, 0, 0, 6444.53, 4, 0, 0, 0.16, 2216, 1351, 6183.20, 16498, 15829
1694947600, 0, 0, 30, 0, 0, 6444.53, 4, 0, 0, 11.70, 2219, 1352, 6183.20, 16498, 15829
1694947601, 0, 0, 30, 0, 0, 6444.53, 4, 0, 0, 8.60, 2220, 1354, 6183.20, 16498, 15829
1694947601, 0, 0, 30, 0, 0, 6444.53, 4, 0, 0, 7.79, 2223, 1354, 6183.20, 16498, 15829
1694947601, 0, 0, 30, 0, 0, 6444.53, 4, 0, 0, 9.03, 2226, 1355, 6183.20, 16498, 15829
1694947602, 0, 0, 30, 0, 0, 6444.53, 4, 0, 0, 4.26, 2228, 1355, 6183.20, 16498, 15829
1694947602, 0, 0, 30, 0, 0, 6444.53, 4, 0, 0, 6.12, 2230, 1355, 6183.20, 16498, 15829
1694947603, 0, 0, 30, 0, 0, 6444.53, 4, 0, 0, 9.71, 2233, 1356, 6183.20, 16498, 15829
1694947609, 0, 0, 30, 0, 0, 6444.53, 4, 0, 0, 0.62, 2235, 1358, 6183.20, 16498, 15829
1694947609, 0, 0, 30, 0, 0, 6444.53, 4, 0, 0, 8.80, 2238, 1358, 6183.20, 16498, 15829
1694947614, 0, 0, 30, 0, 0, 6444.53, 4, 0, 0, 0.48, 2238, 1360, 6183.20, 16498, 15829
1694947614, 0, 0, 30, 0, 0, 6444.53, 4, 0, 0, 3.24, 2239, 1360, 6183.20, 16498, 15829
1694947614, 0, 0, 30, 0, 0, 6444.53, 4, 0, 0, 5.17, 2240, 1361, 6183.20, 16498, 15829
1694947615, 0, 0, 30, 0, 0, 6444.53, 4, 0, 0, 8.11, 2240, 1364, 6183.20, 16498, 15829
1694947615, 0, 0, 30, 0, 0, 6444.53, 4, 0, 0, 6.13, 2242, 1365, 6183.20, 16498, 15829
1694947615, 0, 0, 30, 0, 0, 6444.53, 4, 0, 0, 6.45, 2244, 1365, 6183.20, 16498, 15829
1694947622, 0, 0, 30, 0, 0, 6444.53, 4, 0, 0, 0.16, 2245, 1365, 6183.20, 16498, 15829
1694947622, 0, 0, 30, 0, 0, 6444.53, 4, 0, 0, 12.01, 2247, 1367, 6183.20, 16498, 15829
1694947627, 0, 0, 30, 0, 0, 6444.53, 4, 0, 0, 0.18, 2248, 1367, 6183.20, 16498, 15829
1694947628, 0, 0, 30, 0, 0, 6444.53, 4, 0, 0, 6.91, 2249, 1369, 6183.20, 16498, 15829
1694947636, 0, 0, 30, 0, 0, 6444.53, 4, 0, 0, 0.25, 2250, 1370, 6183.20, 16498, 15829
1694947642, 0, 0, 30, 0, 0, 6444.53, 4, 0, 0, 0.33, 2252, 1370, 6183.20, 16498, 15829
1694947642, 0, 0, 30, 0, 0, 6444.53, 4, 0, 0, 5.60, 2254, 1370, 6183.20, 16498, 15829
1694947642, 0, 0, 30, 0, 0, 6444.53, 4, 0, 0, 6.19, 2256, 1370, 6183.20, 16498, 15829
1694947643, 0, 0, 30, 0, 0, 6444.53, 4, 0, 0, 6.43, 2257, 1371, 6183.20, 16498, 15829
1694947643, 0, 0, 30, 0, 0, 6444.53, 4, 0, 0, 5.43, 2260, 1371, 6183.20, 16498, 15829
1694947649, 0, 0, 30, 0, 0, 6444.53, 4, 0, 0, 0.57, 2263, 1371, 6183.20, 16498, 15829
1694947656, 0, 0, 30, 0, 0, 6444.53, 4, 0, 0, 0.43, 2265, 1372, 6183.20, 16498, 15829
1694947656, 0, 0, 30, 0, 0, 6444.53, 4, 0, 0, 6.25, 2266, 1373, 6183.20, 16498, 15829
1694947656, 0, 0, 30, 0, 0, 6444.53, 4, 0, 0, 8.06, 2267, 1375, 6183.20, 16498, 15829
1694947663, 0, 0, 30, 0, 0, 6444.53, 4, 0, 0, 0.15, 2268, 1375, 6183.20, 16498, 15829
1694947663, 0, 0, 30, 0, 0, 6444.53, 4, 0, 0, 7.23, 2269, 1377, 6183.20, 16498, 15829
1694947664, 0, 0, 30, 0, 0, 6444.53, 4, 0, 0, 4.42, 2270, 1378, 6183.20, 16498, 15829
1694947664, 0, 0, 30, 0, 0, 6444.53, 4, 0, 0, 10.33, 2272, 1381, 6183.20, 16498, 15829
1694947665, 0, 0, 30, 0, 0, 6444.53, 4, 0, 0, 11.36, 2275, 1382, 6183.20, 16498, 15829
1694947665, 0, 0, 30, 0, 0, 6444.53, 4, 0, 0, 9.43, 2276, 1385, 6183.20, 16498, 15829
1694947665, 0, 0, 30, 0, 0, 6444.53, 4, 0, 0, 9.55, 2277, 1387, 6183.20, 16498, 15829
1694947666, 0, 0, 30, 0, 0, 6444.53, 4, 0, 0, 8.43, 2280, 1387, 6183.20, 16498, 15829
1694947671, 0, 0, 30, 0, 0, 6444.53, 4, 0, 0, 0.58, 2283, 1387, 6183.20, 16498, 15829
1694947677, 0, 0, 30, 0, 0, 6444.53, 4, 0, 0, 0.17, 2284, 1387, 6183.20, 16498, 15829
1694947683, 0, 0, 30, 0, 0, 6444.53, 4, 0, 0, 0.16, 2285, 1387, 6183.20, 16498, 15829
1694947683, 0, 0, 30, 0, 0, 6444.53, 4, 0, 0, 9.38, 2287, 1388, 6183.20, 16498, 15829
1694947684, 0, 0, 30, 0, 0, 6444.53, 4, 0, 0, 12.90, 2289, 1390, 6183.20, 16498, 15829
1694947688, 0, 0, 30, 0, 0, 6444.53, 4, 0, 0, 0.63, 2291, 1391, 6183.20, 16498, 15829
1694947689, 0, 0, 30, 0, 0, 6444.53, 4, 0, 0, 4.96, 2293, 1391, 6183.20, 16498, 15829
1694947689, 0, 0, 30, 0, 0, 6444.53, 4, 0, 0, 5.62, 2293, 1393, 6183.20, 16498, 15829
1694947694, 0, 0, 30, 0, 0, 6444.53, 4, 0, 0, 0.37, 2294, 1394, 6183.20, 16498, 15829
1694947700, 0, 0, 30, 0, 0, 6444.53, 4, 0, 0, 0.18, 2295, 1394, 6183.20, 16498, 15829
1694947701, 0, 0, 30, 0, 0, 6444.53, 4, 0, 0, 4.99, 2298, 1394, 6183.20, 16498, 15829
1694947701, 0, 0, 30, 0, 0, 6444.53, 4, 0, 0, 8.70, 2300, 1395, 6183.20, 16498, 15829
1694947707, 0, 0, 30, 0, 0, 6444.53, 4, 0, 0, 0.18, 2301, 1395, 6183.20, 16498, 15829
1694947707, 0, 0, 30, 0, 0, 6444.53, 4, 0, 0, 5.87, 2302, 1396, 6183.20, 16498, 15829
1694947707, 0, 0, 30, 0, 0, 6444.53, 4, 0, 0, 8.62, 2303, 1398, 6183.20, 16498, 15829
1694947712, 0, 0, 30, 0, 0, 6444.53, 4, 0, 0, 0.19, 2304, 1398, 6183.20, 16498, 15829
1694947713, 0, 0, 30, 0, 0, 6444.53, 4, 0, 0, 6.56, 2304, 1400, 6183.20, 16498, 15829
1694947713, 0, 0, 30, 0, 0, 6444.53, 4, 0, 0, 5.18, 2304, 1402, 6183.20, 16498, 15829
1694947713, 0, 0, 30, 0, 0, 6444.53, 4, 0, 0, 6.31, 2305, 1403, 6183.20, 16498, 15829
1694947714, 0, 0, 30, 0, 0, 6444.53, 4, 0, 0, 6.43, 2305, 1405, 6183.20, 16498, 15829
1694947724, 0, 0, 30, 0, 0, 6444.53, 4, 0, 0, 0.10, 2306, 1405, 6183.20, 16498, 15829
1694947730, 0, 0, 30, 0, 0, 6444.53, 4, 0, 0, 0.35, 2307, 1406, 6183.20, 16498, 15829
1694947730, 0, 0, 30, 0, 0, 6444.53, 4, 0, 0, 6.60, 2309, 1406, 6183.20, 16498, 15829
1694947730, 0, 0, 30, 0, 0, 6444.53, 4, 0, 0, 8.70, 2311, 1407, 6183.20, 16498, 15829
1694947737, 0, 0, 30, 0, 0, 6444.53, 4, 0, 0, 0.15, 2312, 1407, 6183.20, 16498, 15829
1694947738, 0, 0, 30, 0, 0, 6444.53, 4, 0, 0, 4.14, 2314, 1407, 6183.20, 16498, 15829
1694947738, 0, 0, 30, 0, 0, 6444.53, 4, 0, 0, 8.67, 2315, 1409, 6183.20, 16498, 15829
1694947747, 0, 0, 30, 0, 0, 6444.53, 4, 0, 0, 0.11, 2316, 1409, 6183.20, 16498, 15829
1694947754, 0, 0, 30, 0, 0, 6444.53, 4, 0, 0, 0.58, 2319, 1410, 6183.20, 16498, 15829
1694947761, 0, 0, 30, 0, 0, 6444.53, 4, 0, 0, 0.15, 2320, 1410, 6183.20, 16498, 15829
1694947762, 0, 0, 30, 0, 0, 6444.53, 4, 0, 0, 4.75, 2322, 1411, 6183.20, 16498, 15829
1694947762, 0, 0, 30, 0, 0, 6444.53, 4, 0, 0, 6.02, 2322, 1413, 6183.20, 16498, 15829
1694947762, 0, 0, 30, 0, 0, 6444.53, 4, 0, 0, 6.02, 2323, 1414, 6183.20, 16498, 15829
1694947763, 0, 0, 30, 0, 0, 6444.53, 4, 0, 0, 10.67, 2326, 1415, 6183.20, 16498, 15829
1694947763, 0, 0, 30, 0, 0, 6444.53, 4, 0, 0, 9.43, 2327, 1417, 6183.20, 16498, 15829
1694947763, 0, 0, 30, 0, 0, 6444.53, 4, 0, 0, 6.29, 2328, 1418, 6183.20, 16498, 15829
1694947764, 0, 0, 30, 0, 0, 6444.53, 4, 0, 0, 5.01, 2328, 1420, 6183.20, 16498, 15829
1694947764, 0, 0, 30, 0, 0, 6444.53, 4, 0, 0, 5.18, 2329, 1421, 6183.20, 16498, 15829
1694947764, 0, 0, 30, 0, 0, 6444.53, 4, 0, 0, 2.66, 2329, 1422, 6183.20, 16498, 15829
1694947765, 0, 0, 30, 0, 0, 6444.53, 4, 0, 0, 6.42, 2329, 1425, 6183.20, 16498, 15829
1694947765, 0, 0, 30, 0, 0, 6444.53, 4, 0, 0, 6.13, 2329, 1427, 6183.20, 16498, 15829
1694947766, 0, 0, 30, 0, 0, 6444.53, 4, 0, 0, 7.94, 2330, 1429, 6183.20, 16498, 15829
1694947766, 0, 0, 30, 0, 0, 6444.53, 4, 0, 0, 11.98, 2333, 1430, 6183.20, 16498, 15829
1694947771, 0, 0, 30, 0, 0, 6444.53, 4, 0, 0, 0.19, 2334, 1430, 6183.20, 16498, 15829
1694947772, 0, 0, 30, 0, 0, 6444.53, 4, 0, 0, 4.30, 2335, 1431, 6183.20, 16498, 15829
1694947772, 0, 0, 30, 0, 0, 6444.53, 4, 0, 0, 9.93, 2335, 1434, 6183.20, 16498, 15829
1694947772, 0, 0, 30, 0, 0, 6444.53, 4, 0, 0, 8.65, 2337, 1435, 6183.20, 16498, 15829
1694947773, 0, 0, 30, 0, 0, 6444.53, 4, 0, 0, 5.81, 2339, 1435, 6183.20, 16498, 15829
1694947773, 0, 0, 30, 0, 0, 6444.53, 4, 0, 0, 7.44, 2340, 1437, 6183.20, 16498, 15829
1694947773, 0, 0, 30, 0, 0, 6444.53, 4, 0, 0, 5.48, 2341, 1438, 6183.20, 16498, 15829
1694947780, 0, 0, 30, 0, 0, 6444.53, 4, 0, 0, 0.29, 2343, 1438, 6183.20, 16498, 15829
1694947781, 0, 0, 30, 0, 0, 6444.53, 4, 0, 0, 6.47, 2344, 1440, 6183.20, 16498, 15829
1694947781, 0, 0, 30, 0, 0, 6444.53, 4, 0, 0, 4.02, 2345, 1441, 6183.20, 16498, 15829
1694947782, 0, 0, 30, 0, 0, 6444.53, 4, 0, 0, 5.42, 2346, 1442, 6183.20, 16498, 15829
1694947782, 0, 0, 30, 0, 0, 6444.53, 4, 0, 0, 6.61, 2347, 1444, 6183.20, 16498, 15829
1694947782, 0, 0, 30, 0, 0, 6444.53, 4, 0, 0, 5.35, 2348, 1445, 6183.20, 16498, 15829
1694947792, 0, 0, 30, 0, 0, 6444.53, 4, 0, 0, 0.21, 2350, 1445, 6183.20, 16498, 15829
1694947802, 0, 0, 30, 0, 0, 6444.53, 4, 0, 0, 0.29, 2352, 1446, 6183.20, 16498, 15829
1694947823, 0, 0, 30, 0, 0, 6444.53, 4, 0, 0, 0.15, 2354, 1447, 6183.20, 16498, 15829
1694947828, 0, 0, 30, 0, 0, 6444.53, 4, 0, 0, 0.18, 2355, 1447, 6183.20, 16498, 15829
1694947829, 0, 0, 30, 0, 0, 6444.53, 4, 0, 0, 5.80, 2357, 1447, 6183.20, 16498, 15829
1694947829, 0, 0, 30, 0, 0, 6444.53, 4, 0, 0, 4.85, 2359, 1447, 6183.20, 16498, 15829
1694947830, 0, 0, 30, 0, 0, 6444.53, 4, 0, 0, 3.64, 2360, 1448, 6183.20, 16498, 15829
1694947830, 0, 0, 30, 0, 0, 6444.53, 4, 0, 0, 4.93, 2361, 1449, 6183.20, 16498, 15829
1694947830, 0, 0, 30, 0, 0, 6444.53, 4, 0, 0, 6.15, 2361, 1451, 6183.20, 16498, 15829
1694947831, 0, 0, 30, 0, 0, 6444.53, 4, 0, 0, 5.63, 2362, 1452, 6183.20, 16498, 15829
1694947831, 0, 0, 30, 0, 0, 6444.53, 4, 0, 0, 8.75, 2364, 1453, 6183.20, 16498, 15829
1694947831, 0, 0, 30, 0, 0, 6444.53, 4, 0, 0, 7.79, 2366, 1454, 6183.20, 16498, 15829
1694947832, 0, 0, 30, 0, 0, 6444.53, 4, 0, 0, 9.39, 2368, 1456, 6183.20, 16498, 15829
1694947832, 0, 0, 30, 0, 0, 6444.53, 4, 0, 0, 5.34, 2370, 1457, 6183.20, 16498, 15829
1694947833, 0, 0, 30, 0, 0, 6444.53, 4, 0, 0, 4.83, 2371, 1458, 6183.20, 16498, 15829
1694947833, 0, 0, 30, 0, 0, 6444.53, 4, 0, 0, 6.19, 2372, 1459, 6183.20, 16498, 15829
1694947834, 0, 0, 30, 0, 0, 6444.53, 4, 0, 0, 7.96, 2373, 1461, 6183.20, 16498, 15829
1694947834, 0, 0, 30, 0, 0, 6444.53, 4, 0, 0, 6.41, 2374, 1462, 6183.20, 16498, 15829
1694947841, 0, 0, 30, 0, 0, 6444.53, 4, 0, 0, 0.42, 2376, 1463, 6183.20, 16498, 15829
1694947848, 0, 0, 30, 0, 0, 6444.53, 4, 0, 0, 0.45, 2377, 1465, 6183.20, 16498, 15829
1694947848, 0, 0, 30, 0, 0, 6444.53, 4, 0, 0, 5.25, 2379, 1465, 6183.20, 16498, 15829
1694947848, 0, 0, 30, 0, 0, 6444.53, 4, 0, 0, 9.64, 2383, 1465, 6183.20, 16498, 15829
1694947849, 0, 0, 30, 0, 0, 6444.53, 4, 0, 0, 4.13, 2385, 1465, 6183.20, 16498, 15829
1694947849, 0, 0, 30, 0, 0, 6444.53, 4, 0, 0, 9.23, 2388, 1465, 6183.20, 16498, 15829
1694947850, 0, 0, 30, 0, 0, 6444.53, 4, 0, 0, 5.32, 2390, 1465, 6183.20, 16498, 15829
1694947850, 0, 0, 30, 0, 0, 6444.53, 4, 0, 0, 7.37, 2391, 1467, 6183.20, 16498, 15829
1694947850, 0, 0, 30, 0, 0, 6444.53, 4, 0, 0, 7.28, 2394, 1467, 6183.20, 16498, 15829
1694947856, 0, 0, 30, 0, 0, 6444.53, 4, 0, 0, 0.37, 2395, 1468, 6183.20, 16498, 15829
1694947861, 0, 0, 30, 0, 0, 6444.53, 4, 0, 0, 0.18, 2396, 1468, 6183.20, 16498, 15829
1694947862, 0, 0, 30, 0, 0, 6444.53, 4, 0, 0, 4.56, 2397, 1469, 6183.20, 16498, 15829
1694947868, 0, 0, 30, 0, 0, 6444.53, 4, 0, 0, 0.17, 2398, 1469, 6183.20, 16498, 15829
1694947872, 0, 0, 30, 0, 0, 6444.53, 4, 0, 0, 0.21, 2399, 1469, 6183.20, 16498, 15829
1694947873, 0, 0, 30, 0, 0, 6444.53, 4, 0, 0, 7.50, 2401, 1470, 6183.20, 16498, 15829
1694947878, 0, 0, 30, 0, 0, 6444.53, 4, 0, 0, 0.19, 2402, 1470, 6183.20, 16498, 15829
1694947879, 0, 0, 30, 0, 0, 6444.53, 4, 0, 0, 3.88, 2404, 1470, 6183.20, 16498, 15829
1694947879, 0, 0, 30, 0, 0, 6444.53, 4, 0, 0, 5.19, 2405, 1471, 6183.20, 16498, 15829
1694947879, 0, 0, 30, 0, 0, 6444.53, 4, 0, 0, 6.13, 2405, 1473, 6183.20, 16498, 15829
1694947880, 0, 0, 30, 0, 0, 6444.53, 4, 0, 0, 2.92, 2406, 1473, 6183.20, 16498, 15829
1694947880, 0, 0, 30, 0, 0, 6444.53, 4, 0, 0, 8.80, 2408, 1474, 6183.20, 16498, 15829
1694947886, 0, 0, 30, 0, 0, 6444.53, 4, 0, 0, 0.32, 2409, 1475, 6183.20, 16498, 15829
1694947887, 0, 0, 30, 0, 0, 6444.53, 4, 0, 0, 6.91, 2412, 1475, 6183.20, 16498, 15829
1694947887, 0, 0, 30, 0, 0, 6444.53, 4, 0, 0, 4.87, 2413, 1476, 6183.20, 16498, 15829
1694947888, 0, 0, 30, 0, 0, 6444.53, 4, 0, 0, 7.06, 2415, 1477, 6183.20, 16498, 15829
1694947888, 0, 0, 30, 0, 0, 6444.53, 4, 0, 0, 6.25, 2415, 1479, 6183.20, 16498, 15829
1694947898, 0, 0, 30, 0, 0, 6444.53, 4, 0, 0, 0.19, 2416, 1480, 6183.20, 16498, 15829
1694947899, 0, 0, 30, 0, 0, 6444.53, 4, 0, 0, 8.50, 2419, 1480, 6183.20, 16498, 15829
1694947899, 0, 0, 30, 0, 0, 6444.53, 4, 0, 0, 6.33, 2421, 1480, 6183.20, 16498, 15829
1694947899, 0, 0, 30, 0, 0, 6444.53, 4, 0, 0, 4.98, 2423, 1480, 6183.20, 16498, 15829
1694947900, 0, 0, 30, 0, 0, 6444.53, 4, 0, 0, 5.54, 2423, 1482, 6183.20, 16498, 15829
1694947900, 0, 0, 30, 0, 0, 6444.53, 4, 0, 0, 3.35, 2425, 1482, 6183.20, 16498, 15829
1694947901, 0, 0, 30, 0, 0, 6444.53, 4, 0, 0, 5.93, 2426, 1483, 6183.20, 16498, 15829
1694947901, 0, 0, 30, 0, 0, 6444.53, 4, 0, 0, 9.35, 2428, 1484, 6183.20, 16498, 15829
1694947908, 0, 0, 30, 0, 0, 6444.53, 4, 0, 0, 0.30, 2429, 1485, 6183.20, 16498, 15829
1694947908, 0, 0, 30, 0, 0, 6444.53, 4, 0, 0, 6.02, 2430, 1486, 6183.20, 16498, 15829
1694947908, 0, 0, 30, 0, 0, 6444.53, 4, 0, 0, 5.68, 2431, 1487, 6183.20, 16498, 15829
1694947909, 0, 0, 30, 0, 0, 6444.53, 4, 0, 0, 6.82, 2432, 1489, 6183.20, 16498, 15829
1694947914, 0, 0, 30, 0, 0, 6444.53, 4, 0, 0, 0.19, 2433, 1489, 6183.20, 16498, 15829
1694947915, 0, 0, 30, 0, 0, 6444.53, 4, 0, 0, 6.64, 2434, 1490, 6183.20, 16498, 15829
1694947915, 0, 0, 30, 0, 0, 6444.53, 4, 0, 0, 9.88, 2436, 1492, 6183.20, 16498, 15829
1694947935, 0, 0, 30, 0, 0, 6444.53, 4, 0, 0, 0.10, 2438, 1492, 6183.20, 16498, 15829
1694947948, 0, 0, 30, 0, 0, 6444.53, 4, 0, 0, 0.07, 2439, 1492, 6183.20, 16498, 15829
1694947949, 0, 0, 30, 0, 0, 6444.53, 4, 0, 0, 3.90, 2440, 1493, 6183.20, 16498, 15829
1694947949, 0, 0, 30, 0, 0, 6444.53, 4, 0, 0, 7.83, 2443, 1493, 6183.20, 16498, 15829
1694947950, 0, 0, 30, 0, 0, 6444.53, 4, 0, 0, 9.09, 2445, 1494, 6183.20, 16498, 15829
1694947950, 0, 0, 30, 0, 0, 6444.53, 4, 0, 0, 7.92, 2447, 1495, 6183.20, 16498, 15829
1694947950, 0, 0, 30, 0, 0, 6444.53, 4, 0, 0, 3.18, 2448, 1495, 6183.20, 16498, 15829
1694947962, 0, 0, 30, 0, 0, 6444.53, 4, 0, 0, 0.18, 2450, 1495, 6183.20, 16498, 15829
1694947962, 0, 0, 30, 0, 0, 6444.53, 4, 0, 0, 3.22, 2452, 1495, 6183.20, 16498, 15829
1694947963, 0, 0, 30, 0, 0, 6444.53, 4, 0, 0, 5.05, 2453, 1496, 6183.20, 16498, 15829
1694947963, 0, 0, 30, 0, 0, 6444.53, 4, 0, 0, 7.14, 2455, 1497, 6183.20, 16498, 15829
1694948005, 0, 0, 30, 0, 0, 6444.53, 4, 0, 0, 0.02, 2456, 1497, 6183.20, 16498, 15829
1694948005, 0, 0, 30, 0, 0, 6444.53, 4, 0, 0, 6.62, 2458, 1497, 6183.20, 16498, 15829
1694948005, 0, 0, 30, 0, 0, 6444.53, 4, 0, 0, 8.58, 2462, 1497, 6183.20, 16498, 15829
1694948012, 0, 0, 30, 0, 0, 6444.53, 4, 0, 0, 0.48, 2465, 1497, 6183.20, 16498, 15829
1694948012, 0, 0, 30, 0, 0, 6444.53, 4, 0, 0, 4.66, 2467, 1497, 6183.20, 16498, 15829
1694948020, 0, 0, 30, 0, 0, 6444.53, 4, 0, 0, 0.39, 2469, 1498, 6183.20, 16498, 15829
1694948030, 0, 0, 30, 0, 0, 6444.53, 4, 0, 0, 0.10, 2470, 1498, 6183.20, 16498, 15829
1694948030, 0, 0, 30, 0, 0, 6444.53, 4, 0, 0, 5.62, 2472, 1498, 6183.20, 16498, 15829
1694948038, 0, 0, 30, 0, 0, 6444.53, 4, 0, 0, 0.41, 2475, 1498, 6183.20, 16498, 15829
1694948038, 0, 0, 30, 0, 0, 6444.53, 4, 0, 0, 6.08, 2476, 1499, 6183.20, 16498, 15829
1694948043, 0, 0, 30, 0, 0, 6444.53, 4, 0, 0, 0.36, 2477, 1500, 6183.20, 16498, 15829
1694948044, 0, 0, 30, 0, 0, 6444.53, 4, 0, 0, 2.84, 2478, 1500, 6183.20, 16498, 15829
1694948044, 0, 0, 30, 0, 0, 6444.53, 4, 0, 0, 4.71, 2480, 1500, 6183.20, 16498, 15829
1694948051, 0, 0, 30, 0, 0, 6444.53, 4, 0, 0, 0.15, 2481, 1500, 6183.20, 16498, 15829
1694948057, 0, 0, 30, 0, 0, 6444.53, 4, 0, 0, 0.18, 2482, 1500, 6183.20, 16498, 15829
1694948057, 0, 0, 30, 0, 0, 6444.53, 4, 0, 0, 3.53, 2484, 1500, 6183.20, 16498, 15829
1694948058, 0, 0, 30, 0, 0, 6444.53, 4, 0, 0, 7.33, 2485, 1502, 6183.20, 16498, 15829
1694948058, 0, 0, 30, 0, 0, 6444.53, 4, 0, 0, 4.46, 2487, 1502, 6183.20, 16498, 15829
1694948065, 0, 0, 30, 0, 0, 6444.53, 4, 0, 0, 0.29, 2489, 1502, 6183.20, 16498, 15829
1694948066, 0, 0, 30, 0, 0, 6444.53, 4, 0, 0, 3.99, 2491, 1502, 6183.20, 16498, 15829
1694948066, 0, 0, 30, 0, 0, 6444.53, 4, 0, 0, 12.20, 2493, 1504, 6183.20, 16498, 15829
1694948066, 0, 0, 30, 0, 0, 6444.53, 4, 0, 0, 10.47, 2496, 1505, 6183.20, 16498, 15829
1694948067, 0, 0, 30, 0, 0, 6444.53, 4, 0, 0, 5.45, 2499, 1505, 6183.20, 16498, 15829
1694948067, 0, 0, 30, 0, 0, 6444.53, 4, 0, 0, 5.56, 2499, 1507, 6183.20, 16498, 15829
1694948073, 0, 0, 30, 0, 0, 6444.53, 4, 0, 0, 0.34, 2501, 1507, 6183.20, 16498, 15829
1694948079, 0, 0, 30, 0, 0, 6444.53, 4, 0, 0, 0.32, 2503, 1507, 6183.20, 16498, 15829
1694948080, 0, 0, 30, 0, 0, 6444.53, 4, 0, 0, 7.85, 2505, 1508, 6183.20, 16498, 15829
1694948090, 0, 0, 30, 0, 0, 6444.53, 4, 0, 0, 0.20, 2507, 1508, 6183.20, 16498, 15829
1694948090, 0, 0, 30, 0, 0, 6444.53, 4, 0, 0, 12.23, 2510, 1509, 6183.20, 16498, 15829
1694948090, 0, 0, 30, 0, 0, 6444.53, 4, 0, 0, 9.55, 2512, 1510, 6183.20, 16498, 15829
1694948097, 0, 0, 30, 0, 0, 6444.53, 4, 0, 0, 0.14, 2513, 1510, 6183.20, 16498, 15829
1694948105, 0, 0, 30, 0, 0, 6444.53, 4, 0, 0, 0.50, 2515, 1512, 6183.20, 16498, 15829
1694948115, 0, 0, 30, 0, 0, 6444.53, 4, 0, 0, 0.21, 2517, 1512, 6183.20, 16498, 15829
1694948115, 0, 0, 30, 0, 0, 6444.53, 4, 0, 0, 6.77, 2518, 1514, 6183.20, 16498, 15829
1694948116, 0, 0, 30, 0, 0, 6444.53, 4, 0, 0, 5.57, 2519, 1515, 6183.20, 16498, 15829
1694948124, 0, 0, 30, 0, 0, 6444.53, 4, 0, 0, 0.36, 2520, 1517, 6183.20, 16498, 15829
1694948124, 0, 0, 30, 0, 0, 6444.53, 4, 0, 0, 5.51, 2522, 1517, 6183.20, 16498, 15829
1694948125, 0, 0, 30, 0, 0, 6444.53, 4, 0, 0, 8.93, 2525, 1517, 6183.20, 16498, 15829
1694948125, 0, 0, 30, 0, 0, 6444.53, 4, 0, 0, 6.71, 2528, 1517, 6183.20, 16498, 15829
1694948133, 0, 0, 30, 0, 0, 6444.53, 4, 0, 0, 0.26, 2530, 1517, 6183.20, 16498, 15829
1694948133, 0, 0, 30, 0, 0, 6444.53, 4, 0, 0, 4.51, 2530, 1519, 6183.20, 16498, 15829
1694948134, 0, 0, 30, 0, 0, 6444.53, 4, 0, 0, 5.06, 2532, 1519, 6183.20, 16498, 15829
1694948134, 0, 0, 30, 0, 0, 6444.53, 4, 0, 0, 5.78, 2534, 1520, 6183.20, 16498, 15829
1694948134, 0, 0, 30, 0, 0, 6444.53, 4, 0, 0, 6.51, 2535, 1521, 6183.20, 16498, 15829
1694948135, 0, 0, 30, 0, 0, 6444.53, 4, 0, 0, 6.39, 2535, 1523, 6183.20, 16498, 15829
1694948141, 0, 0, 30, 0, 0, 6444.53, 4, 0, 0, 0.31, 2537, 1523, 6183.20, 16498, 15829
1694948142, 0, 0, 30, 0, 0, 6444.53, 4, 0, 0, 4.56, 2538, 1524, 6183.20, 16498, 15829
1694948142, 0, 0, 30, 0, 0, 6444.53, 4, 0, 0, 5.79, 2541, 1524, 6183.20, 16498, 15829
1694948143, 0, 0, 30, 0, 0, 6444.53, 4, 0, 0, 5.31, 2543, 1524, 6183.20, 16498, 15829
1694948150, 0, 0, 30, 0, 0, 6444.53, 4, 0, 0, 0.14, 2544, 1524, 6183.20, 16498, 15829
1694948150, 0, 0, 30, 0, 0, 6444.53, 4, 0, 0, 2.23, 2545, 1524, 6183.20, 16498, 15829
1694948150, 0, 0, 30, 0, 0, 6444.53, 4, 0, 0, 6.51, 2546, 1525, 6183.20, 16498, 15829
1694948151, 0, 0, 30, 0, 0, 6444.53, 4, 0, 0, 6.70, 2548, 1526, 6183.20, 16498, 15829
1694948151, 0, 0, 30, 0, 0, 6444.53, 4, 0, 0, 6.62, 2550, 1527, 6183.20, 16498, 15829
1694948152, 0, 0, 30, 0, 0, 6444.53, 4, 0, 0, 6.25, 2551, 1528, 6183.20, 16498, 15829
1694948152, 0, 0, 30, 0, 0, 6444.53, 4, 0, 0, 4.71, 2552, 1529, 6183.20, 16498, 15829
1694948152, 0, 0, 30, 0, 0, 6444.53, 4, 0, 0, 5.83, 2553, 1530, 6183.20, 16498, 15829
1694948153, 0, 0, 30, 0, 0, 6444.53, 4, 0, 0, 9.17, 2555, 1531, 6183.20, 16498, 15829
1694948163, 0, 0, 30, 0, 0, 6444.53, 4, 0, 0, 0.20, 2557, 1531, 6183.20, 16498, 15829
1694948169, 0, 0, 30, 0, 0, 6444.53, 4, 0, 0, 0.18, 2558, 1531, 6183.20, 16498, 15829
1694948169, 0, 0, 30, 0, 0, 6444.53, 4, 0, 0, 6.25, 2560, 1531, 6183.20, 16498, 15829
1694948175, 0, 0, 30, 0, 0, 6444.53, 4, 0, 0, 0.17, 2561, 1531, 6183.20, 16498, 15829
1694948180, 0, 0, 30, 0, 0, 6444.53, 4, 0, 0, 0.40, 2563, 1531, 6183.20, 16498, 15829
1694948190, 0, 0, 30, 0, 0, 6444.53, 4, 0, 0, 0.19, 2565, 1531, 6183.20, 16498, 15829
1694948198, 0, 0, 30, 0, 0, 6444.53, 4, 0, 0, 0.13, 2566, 1531, 6183.20, 16498, 15829
1694948207, 0, 0, 30, 0, 0, 6444.53, 4, 0, 0, 0.23, 2568, 1531, 6183.20, 16498, 15829
1694948232, 0, 0, 30, 0, 0, 6444.53, 4, 0, 0, 0.08, 2569, 1532, 6183.20, 16498, 15829
1694948239, 0, 0, 30, 0, 0, 6444.53, 4, 0, 0, 0.14, 2570, 1532, 6183.20, 16498, 15829
1694948243, 0, 0, 30, 0, 0, 6444.53, 4, 0, 0, 0.21, 2571, 1532, 6183.20, 16498, 15829
1694948244, 0, 0, 30, 0, 0, 6444.53, 4, 0, 0, 5.12, 2572, 1533, 6183.20, 16498, 15829
1694948244, 0, 0, 30, 0, 0, 6444.53, 4, 0, 0, 7.67, 2573, 1535, 6183.20, 16498, 15829
1694948253, 0, 0, 30, 0, 0, 6444.53, 4, 0, 0, 0.23, 2575, 1535, 6183.20, 16498, 15829
1694948253, 0, 0, 30, 0, 0, 6444.53, 4, 0, 0, 4.59, 2575, 1537, 6183.20, 16498, 15829
1694948254, 0, 0, 30, 0, 0, 6444.53, 4, 0, 0, 8.26, 2577, 1538, 6183.20, 16498, 15829
1694948254, 0, 0, 30, 0, 0, 6444.53, 4, 0, 0, 9.04, 2578, 1540, 6183.20, 16498, 15829
1694948254, 0, 0, 30, 0, 0, 6444.53, 4, 0, 0, 6.47, 2580, 1540, 6183.20, 16498, 15829
1694948254, 0, 0, 30, 0, 0, 6444.53, 4, 0, 0, 6.15, 2582, 1540, 6183.20, 16498, 15829
1694948255, 0, 0, 30, 0, 0, 6444.53, 4, 0, 0, 8.29, 2584, 1541, 6183.20, 16498, 15829
1694948262, 0, 0, 30, 0, 0, 6444.53, 4, 0, 0, 0.14, 2585, 1541, 6183.20, 16498, 15829
1694948263, 0, 0, 30, 0, 0, 6444.53, 4, 0, 0, 4.25, 2586, 1542, 6183.20, 16498, 15829
1694948263, 0, 0, 30, 0, 0, 6444.53, 4, 0, 0, 2.60, 2587, 1542, 6183.20, 16498, 15829
1694948263, 0, 0, 30, 0, 0, 6444.53, 4, 0, 0, 4.64, 2588, 1543, 6183.20, 16498, 15829
1694948264, 0, 0, 30, 0, 0, 6444.53, 4, 0, 0, 3.05, 2589, 1543, 6183.20, 16498, 15829
1694948264, 0, 0, 30, 0, 0, 6444.53, 4, 0, 0, 4.36, 2591, 1543, 6183.20, 16498, 15829
1694948265, 0, 0, 30, 0, 0, 6444.53, 4, 0, 0, 6.93, 2592, 1545, 6183.20, 16498, 15829
1694948274, 0, 0, 30, 0, 0, 6444.53, 4, 0, 0, 0.22, 2593, 1546, 6183.20, 16498, 15829
1694948274, 0, 0, 30, 0, 0, 6444.53, 4, 0, 0, 0.00, 2593, 1546, 6183.20, 16498, 15829
