# unix_time, cycles_done, cur_path, paths_total, pending_total, pending_favs, map_size, unique_crashes, unique_hangs, max_depth, execs_per_sec, valid_inputs, invalid_inputs, valid_cov, all_covered_probes, valid_covered_probes
1693657988, 0, 0, 1, 0, 0, 761.33, 0, 0, 0, 0.60, 0, 1, 0.00, 1949, 0
1693657989, 0, 0, 4, 0, 0, 1107.03, 0, 0, 0, 9.41, 1, 4, 461.33, 2834, 1181
1693657996, 0, 0, 9, 0, 0, 7394.92, 0, 0, 0, 1.40, 6, 10, 6895.31, 18931, 17652
1693658000, 0, 0, 13, 0, 0, 7746.48, 0, 0, 0, 1.35, 10, 11, 7246.88, 19831, 18552
1693658002, 0, 0, 15, 0, 0, 7749.22, 1, 0, 0, 3.23, 10, 18, 7246.88, 19838, 18552
1693658005, 0, 0, 18, 0, 0, 8020.70, 1, 0, 0, 1.08, 12, 19, 7377.34, 20533, 18886
1693658008, 0, 0, 25, 0, 0, 8028.52, 1, 0, 0, 9.41, 22, 33, 7378.52, 20553, 18889
1693658010, 0, 0, 29, 0, 0, 8028.52, 1, 0, 0, 4.93, 25, 41, 7378.52, 20553, 18889
1693658012, 0, 0, 30, 0, 0, 8035.16, 1, 0, 0, 3.90, 29, 47, 7385.16, 20570, 18906
1693658016, 0, 1, 32, 0, 0, 8036.33, 1, 0, 0, 3.24, 33, 53, 7386.33, 20573, 18909
1693658019, 0, 1, 36, 0, 0, 8039.45, 1, 0, 0, 5.25, 38, 65, 7386.33, 20581, 18909
1693658023, 0, 1, 38, 0, 0, 8039.45, 1, 0, 0, 2.14, 43, 70, 7386.33, 20581, 18909
1693658025, 0, 2, 38, 0, 0, 8039.45, 2, 0, 0, 5.49, 48, 74, 7386.33, 20581, 18909
1693658028, 0, 2, 39, 0, 0, 8046.09, 2, 0, 0, 0.40, 49, 74, 7392.97, 20598, 18926
1693658030, 0, 2, 42, 0, 0, 8046.09, 2, 0, 0, 6.42, 56, 83, 7392.97, 20598, 18926
1693658033, 0, 2, 43, 0, 0, 8046.09, 2, 0, 0, 3.48, 66, 84, 7392.97, 20598, 18926
1693658035, 0, 3, 48, 0, 0, 8049.22, 2, 0, 0, 34.23, 89, 136, 7392.97, 20606, 18926
1693658046, 0, 3, 49, 0, 0, 8050.00, 2, 0, 0, 1.44, 92, 148, 7393.75, 20608, 18928
1693658048, 0, 4, 52, 0, 0, 8050.00, 2, 0, 0, 5.34, 95, 159, 7393.75, 20608, 18928
1693658052, 0, 4, 54, 0, 0, 8076.95, 2, 0, 0, 1.01, 97, 161, 7420.70, 20677, 18997
1693658057, 0, 4, 56, 0, 0, 8076.95, 2, 0, 0, 2.16, 101, 166, 7420.70, 20677, 18997
1693658060, 0, 5, 59, 0, 0, 8076.95, 2, 0, 0, 13.47, 119, 193, 7420.70, 20677, 18997
1693658062, 0, 5, 60, 0, 0, 8076.95, 2, 0, 0, 0.47, 120, 193, 7420.70, 20677, 18997
1693658065, 0, 5, 62, 0, 0, 8076.95, 2, 0, 0, 4.21, 129, 196, 7420.70, 20677, 18997
1693658068, 0, 6, 64, 0, 0, 8076.95, 2, 0, 0, 6.26, 141, 202, 7420.70, 20677, 18997
1693658071, 0, 6, 65, 0, 0, 8076.95, 2, 0, 0, 2.47, 146, 205, 7420.70, 20677, 18997
1693658073, 0, 6, 66, 0, 0, 8076.95, 2, 0, 0, 1.21, 149, 205, 7420.70, 20677, 18997
1693658075, 0, 6, 66, 0, 0, 8076.95, 2, 0, 0, 0.53, 149, 206, 7420.70, 20677, 18997
1693658082, 0, 6, 68, 0, 0, 8076.95, 2, 0, 0, 3.53, 168, 210, 7420.70, 20677, 18997
1693658084, 0, 7, 70, 0, 0, 8076.95, 2, 0, 0, 4.18, 176, 213, 7420.70, 20677, 18997
1693658087, 0, 7, 72, 0, 0, 8076.95, 2, 0, 0, 3.87, 182, 216, 7420.70, 20677, 18997
1693658089, 0, 7, 73, 0, 0, 8076.95, 2, 0, 0, 0.75, 184, 216, 7420.70, 20677, 18997
1693658099, 0, 7, 74, 0, 0, 8076.95, 2, 0, 0, 0.10, 185, 216, 7420.70, 20677, 18997
1693658101, 0, 8, 75, 0, 0, 8076.95, 2, 0, 0, 12.28, 200, 222, 7420.70, 20677, 18997
1693658103, 0, 8, 76, 0, 0, 8076.95, 2, 0, 0, 0.55, 201, 222, 7420.70, 20677, 18997
1693658105, 0, 8, 77, 0, 0, 8076.95, 2, 0, 0, 0.47, 202, 222, 7420.70, 20677, 18997
1693658107, 0, 8, 78, 0, 0, 8076.95, 2, 0, 0, 0.51, 203, 222, 7420.70, 20677, 18997
1693658108, 0, 8, 78, 0, 0, 8076.95, 2, 0, 0, 0.53, 204, 222, 7420.70, 20677, 18997
1693658110, 0, 8, 79, 0, 0, 8076.95, 2, 0, 0, 0.57, 205, 222, 7420.70, 20677, 18997
1693658112, 0, 8, 80, 0, 0, 8076.95, 2, 0, 0, 0.54, 206, 222, 7420.70, 20677, 18997
1693658114, 0, 8, 80, 0, 0, 8076.95, 2, 0, 0, 0.66, 207, 222, 7420.70, 20677, 18997
1693658115, 0, 8, 81, 0, 0, 8076.95, 2, 0, 0, 0.56, 208, 222, 7420.70, 20677, 18997
1693658117, 0, 8, 81, 0, 0, 8076.95, 2, 0, 0, 0.68, 209, 222, 7420.70, 20677, 18997
1693658119, 0, 8, 81, 0, 0, 8076.95, 2, 0, 0, 0.58, 210, 222, 7420.70, 20677, 18997
1693658120, 0, 8, 82, 0, 0, 8076.95, 2, 0, 0, 0.58, 211, 222, 7420.70, 20677, 18997
1693658122, 0, 8, 82, 0, 0, 8076.95, 2, 0, 0, 0.57, 212, 222, 7420.70, 20677, 18997
1693658124, 0, 8, 83, 0, 0, 8076.95, 2, 0, 0, 0.55, 213, 222, 7420.70, 20677, 18997
1693658126, 0, 8, 83, 0, 0, 8076.95, 2, 0, 0, 0.56, 214, 222, 7420.70, 20677, 18997
1693658127, 0, 8, 83, 0, 0, 8076.95, 2, 0, 0, 0.60, 215, 222, 7420.70, 20677, 18997
1693658129, 0, 8, 83, 0, 0, 8076.95, 2, 0, 0, 0.61, 216, 222, 7420.70, 20677, 18997
1693658130, 0, 8, 84, 0, 0, 8076.95, 2, 0, 0, 0.67, 217, 222, 7420.70, 20677, 18997
1693658132, 0, 8, 84, 0, 0, 8076.95, 2, 0, 0, 0.60, 218, 222, 7420.70, 20677, 18997
1693658134, 0, 8, 84, 0, 0, 8076.95, 2, 0, 0, 0.61, 219, 222, 7420.70, 20677, 18997
1693658135, 0, 8, 84, 0, 0, 8076.95, 2, 0, 0, 0.59, 220, 222, 7420.70, 20677, 18997
1693658137, 0, 8, 85, 0, 0, 8076.95, 2, 0, 0, 0.58, 221, 222, 7420.70, 20677, 18997
1693658139, 0, 8, 86, 0, 0, 8076.95, 2, 0, 0, 0.56, 222, 222, 7420.70, 20677, 18997
1693658141, 0, 8, 86, 0, 0, 8076.95, 2, 0, 0, 0.57, 223, 222, 7420.70, 20677, 18997
1693658142, 0, 8, 86, 0, 0, 8076.95, 2, 0, 0, 0.60, 224, 222, 7420.70, 20677, 18997
1693658144, 0, 8, 86, 0, 0, 8076.95, 2, 0, 0, 0.55, 225, 222, 7420.70, 20677, 18997
1693658146, 0, 8, 87, 0, 0, 8076.95, 2, 0, 0, 0.56, 226, 222, 7420.70, 20677, 18997
1693658148, 0, 8, 87, 0, 0, 8076.95, 2, 0, 0, 0.53, 227, 222, 7420.70, 20677, 18997
1693658150, 0, 8, 87, 0, 0, 8076.95, 2, 0, 0, 0.56, 228, 222, 7420.70, 20677, 18997
1693658151, 0, 8, 87, 0, 0, 8076.95, 2, 0, 0, 0.60, 229, 222, 7420.70, 20677, 18997
1693658153, 0, 8, 87, 0, 0, 8076.95, 2, 0, 0, 0.66, 230, 222, 7420.70, 20677, 18997
1693658154, 0, 8, 88, 0, 0, 8076.95, 2, 0, 0, 0.60, 231, 222, 7420.70, 20677, 18997
1693658156, 0, 8, 89, 0, 0, 8076.95, 2, 0, 0, 0.65, 232, 222, 7420.70, 20677, 18997
1693658158, 0, 8, 90, 0, 0, 8076.95, 2, 0, 0, 0.54, 233, 222, 7420.70, 20677, 18997
1693658160, 0, 8, 91, 0, 0, 8076.95, 2, 0, 0, 0.60, 234, 222, 7420.70, 20677, 18997
1693658161, 0, 8, 92, 0, 0, 8076.95, 2, 0, 0, 0.56, 235, 222, 7420.70, 20677, 18997
1693658163, 0, 8, 92, 0, 0, 8076.95, 2, 0, 0, 0.61, 236, 222, 7420.70, 20677, 18997
1693658165, 0, 8, 92, 0, 0, 8076.95, 2, 0, 0, 0.61, 237, 222, 7420.70, 20677, 18997
1693658166, 0, 8, 92, 0, 0, 8076.95, 2, 0, 0, 0.56, 238, 222, 7420.70, 20677, 18997
1693658168, 0, 8, 92, 0, 0, 8076.95, 2, 0, 0, 0.55, 239, 222, 7420.70, 20677, 18997
1693658170, 0, 8, 92, 0, 0, 8076.95, 2, 0, 0, 0.66, 240, 222, 7420.70, 20677, 18997
1693658171, 0, 8, 92, 0, 0, 8076.95, 2, 0, 0, 0.60, 241, 222, 7420.70, 20677, 18997
1693658173, 0, 8, 92, 0, 0, 8076.95, 2, 0, 0, 0.54, 242, 222, 7420.70, 20677, 18997
1693658175, 0, 8, 92, 0, 0, 8076.95, 2, 0, 0, 0.59, 243, 222, 7420.70, 20677, 18997
1693658177, 0, 8, 93, 0, 0, 8076.95, 2, 0, 0, 0.56, 244, 222, 7420.70, 20677, 18997
1693658178, 0, 8, 93, 0, 0, 8076.95, 2, 0, 0, 0.57, 245, 222, 7420.70, 20677, 18997
1693658180, 0, 8, 93, 0, 0, 8076.95, 2, 0, 0, 0.57, 246, 222, 7420.70, 20677, 18997
1693658182, 0, 8, 93, 0, 0, 8076.95, 2, 0, 0, 0.56, 247, 222, 7420.70, 20677, 18997
1693658184, 0, 8, 93, 0, 0, 8076.95, 2, 0, 0, 0.53, 248, 222, 7420.70, 20677, 18997
1693658186, 0, 8, 93, 0, 0, 8076.95, 2, 0, 0, 0.57, 249, 222, 7420.70, 20677, 18997
1693658187, 0, 8, 93, 0, 0, 8076.95, 2, 0, 0, 0.58, 250, 222, 7420.70, 20677, 18997
1693658189, 0, 8, 94, 0, 0, 8076.95, 2, 0, 0, 0.55, 251, 222, 7420.70, 20677, 18997
1693658191, 0, 8, 94, 0, 0, 8076.95, 2, 0, 0, 0.52, 252, 222, 7420.70, 20677, 18997
1693658193, 0, 8, 94, 0, 0, 8076.95, 2, 0, 0, 0.57, 253, 222, 7420.70, 20677, 18997
1693658195, 0, 8, 95, 0, 0, 8076.95, 2, 0, 0, 0.55, 254, 222, 7420.70, 20677, 18997
1693658196, 0, 8, 95, 0, 0, 8076.95, 2, 0, 0, 0.57, 255, 222, 7420.70, 20677, 18997
1693658198, 0, 8, 95, 0, 0, 8076.95, 2, 0, 0, 0.66, 256, 222, 7420.70, 20677, 18997
1693658200, 0, 8, 96, 0, 0, 8076.95, 2, 0, 0, 0.60, 257, 222, 7420.70, 20677, 18997
1693658201, 0, 8, 97, 0, 0, 8076.95, 2, 0, 0, 0.53, 258, 222, 7420.70, 20677, 18997
1693658203, 0, 8, 97, 0, 0, 8076.95, 2, 0, 0, 0.58, 259, 222, 7420.70, 20677, 18997
1693658205, 0, 8, 97, 0, 0, 8076.95, 2, 0, 0, 0.56, 260, 222, 7420.70, 20677, 18997
1693658207, 0, 8, 97, 0, 0, 8076.95, 2, 0, 0, 0.55, 261, 222, 7420.70, 20677, 18997
1693658209, 0, 8, 97, 0, 0, 8076.95, 2, 0, 0, 0.57, 262, 222, 7420.70, 20677, 18997
1693658210, 0, 8, 97, 0, 0, 8076.95, 2, 0, 0, 0.56, 263, 222, 7420.70, 20677, 18997
1693658212, 0, 8, 97, 0, 0, 8076.95, 2, 0, 0, 0.56, 264, 222, 7420.70, 20677, 18997
1693658214, 0, 8, 97, 0, 0, 8076.95, 2, 0, 0, 0.61, 265, 222, 7420.70, 20677, 18997
1693658216, 0, 8, 97, 0, 0, 8076.95, 2, 0, 0, 0.55, 266, 222, 7420.70, 20677, 18997
1693658217, 0, 8, 97, 0, 0, 8076.95, 2, 0, 0, 0.57, 267, 222, 7420.70, 20677, 18997
1693658219, 0, 8, 97, 0, 0, 8076.95, 2, 0, 0, 0.61, 268, 222, 7420.70, 20677, 18997
1693658221, 0, 8, 97, 0, 0, 8076.95, 2, 0, 0, 0.63, 269, 222, 7420.70, 20677, 18997
1693658222, 0, 8, 97, 0, 0, 8076.95, 2, 0, 0, 0.55, 270, 222, 7420.70, 20677, 18997
1693658224, 0, 8, 97, 0, 0, 8076.95, 2, 0, 0, 0.58, 271, 222, 7420.70, 20677, 18997
1693658226, 0, 8, 97, 0, 0, 8076.95, 2, 0, 0, 0.55, 272, 222, 7420.70, 20677, 18997
1693658228, 0, 8, 97, 0, 0, 8076.95, 2, 0, 0, 0.55, 273, 222, 7420.70, 20677, 18997
1693658229, 0, 8, 97, 0, 0, 8076.95, 2, 0, 0, 0.61, 274, 222, 7420.70, 20677, 18997
1693658231, 0, 8, 97, 0, 0, 8076.95, 2, 0, 0, 0.55, 275, 222, 7420.70, 20677, 18997
1693658233, 0, 8, 98, 0, 0, 8076.95, 2, 0, 0, 0.55, 276, 222, 7420.70, 20677, 18997
1693658235, 0, 8, 98, 0, 0, 8076.95, 2, 0, 0, 0.59, 277, 222, 7420.70, 20677, 18997
1693658236, 0, 8, 98, 0, 0, 8076.95, 2, 0, 0, 0.62, 278, 222, 7420.70, 20677, 18997
1693658238, 0, 8, 99, 0, 0, 8076.95, 2, 0, 0, 0.61, 279, 222, 7420.70, 20677, 18997
1693658240, 0, 8, 99, 0, 0, 8076.95, 2, 0, 0, 0.57, 280, 222, 7420.70, 20677, 18997
1693658242, 0, 8, 100, 0, 0, 8076.95, 2, 0, 0, 0.51, 281, 222, 7420.70, 20677, 18997
1693658243, 0, 8, 100, 0, 0, 8076.95, 2, 0, 0, 0.55, 282, 222, 7420.70, 20677, 18997
1693658245, 0, 8, 100, 0, 0, 8076.95, 2, 0, 0, 0.59, 283, 222, 7420.70, 20677, 18997
1693658247, 0, 8, 100, 0, 0, 8076.95, 2, 0, 0, 0.53, 284, 222, 7420.70, 20677, 18997
1693658249, 0, 8, 100, 0, 0, 8076.95, 2, 0, 0, 0.57, 285, 222, 7420.70, 20677, 18997
1693658250, 0, 8, 100, 0, 0, 8076.95, 2, 0, 0, 0.60, 286, 222, 7420.70, 20677, 18997
1693658252, 0, 8, 100, 0, 0, 8076.95, 2, 0, 0, 0.55, 287, 222, 7420.70, 20677, 18997
1693658254, 0, 8, 100, 0, 0, 8076.95, 2, 0, 0, 0.56, 288, 222, 7420.70, 20677, 18997
1693658256, 0, 8, 100, 0, 0, 8076.95, 2, 0, 0, 0.56, 289, 222, 7420.70, 20677, 18997
1693658258, 0, 8, 101, 0, 0, 8076.95, 2, 0, 0, 0.54, 290, 222, 7420.70, 20677, 18997
1693658260, 0, 8, 102, 0, 0, 8083.59, 2, 0, 0, 0.53, 291, 222, 7427.34, 20694, 19014
1693658261, 0, 8, 102, 0, 0, 8083.59, 2, 0, 0, 0.66, 292, 222, 7427.34, 20694, 19014
1693658263, 0, 8, 102, 0, 0, 8083.59, 2, 0, 0, 0.56, 293, 222, 7427.34, 20694, 19014
1693658265, 0, 8, 102, 0, 0, 8083.59, 2, 0, 0, 0.57, 294, 222, 7427.34, 20694, 19014
1693658266, 0, 8, 103, 0, 0, 8083.59, 2, 0, 0, 0.56, 295, 222, 7427.34, 20694, 19014
1693658268, 0, 8, 104, 0, 0, 8083.59, 2, 0, 0, 0.51, 296, 222, 7427.34, 20694, 19014
1693658270, 0, 8, 105, 0, 0, 8083.59, 2, 0, 0, 0.55, 297, 222, 7427.34, 20694, 19014
1693658272, 0, 8, 106, 0, 0, 8083.59, 2, 0, 0, 0.54, 298, 222, 7427.34, 20694, 19014
1693658274, 0, 8, 107, 0, 0, 8083.59, 2, 0, 0, 0.55, 299, 222, 7427.34, 20694, 19014
1693658275, 0, 8, 107, 0, 0, 8083.59, 2, 0, 0, 0.63, 300, 222, 7427.34, 20694, 19014
1693658277, 0, 8, 107, 0, 0, 8083.59, 2, 0, 0, 0.59, 301, 222, 7427.34, 20694, 19014
1693658279, 0, 8, 107, 0, 0, 8083.59, 2, 0, 0, 0.56, 302, 222, 7427.34, 20694, 19014
1693658281, 0, 8, 107, 0, 0, 8083.59, 2, 0, 0, 0.55, 303, 222, 7427.34, 20694, 19014
1693658282, 0, 8, 107, 0, 0, 8083.59, 2, 0, 0, 0.58, 304, 222, 7427.34, 20694, 19014
1693658284, 0, 8, 107, 0, 0, 8083.59, 2, 0, 0, 0.63, 305, 222, 7427.34, 20694, 19014
1693658286, 0, 8, 107, 0, 0, 8083.59, 2, 0, 0, 0.56, 306, 222, 7427.34, 20694, 19014
1693658288, 0, 8, 107, 0, 0, 8083.59, 2, 0, 0, 0.59, 307, 222, 7427.34, 20694, 19014
1693658289, 0, 8, 107, 0, 0, 8083.59, 2, 0, 0, 0.55, 308, 222, 7427.34, 20694, 19014
1693658291, 0, 8, 107, 0, 0, 8083.59, 2, 0, 0, 0.55, 309, 222, 7427.34, 20694, 19014
1693658293, 0, 8, 107, 0, 0, 8083.59, 2, 0, 0, 0.66, 310, 222, 7427.34, 20694, 19014
1693658294, 0, 8, 107, 0, 0, 8083.59, 2, 0, 0, 0.59, 311, 222, 7427.34, 20694, 19014
1693658296, 0, 8, 107, 0, 0, 8083.59, 2, 0, 0, 0.56, 312, 222, 7427.34, 20694, 19014
1693658298, 0, 8, 107, 0, 0, 8083.59, 2, 0, 0, 0.58, 313, 222, 7427.34, 20694, 19014
1693658300, 0, 8, 107, 0, 0, 8083.59, 2, 0, 0, 0.60, 314, 222, 7427.34, 20694, 19014
1693658301, 0, 8, 107, 0, 0, 8083.59, 2, 0, 0, 0.56, 315, 222, 7427.34, 20694, 19014
1693658303, 0, 8, 108, 0, 0, 8100.00, 2, 0, 0, 0.54, 316, 222, 7443.75, 20736, 19056
1693658305, 0, 8, 108, 0, 0, 8100.00, 2, 0, 0, 0.59, 317, 222, 7443.75, 20736, 19056
1693658307, 0, 8, 108, 0, 0, 8100.00, 2, 0, 0, 0.56, 318, 222, 7443.75, 20736, 19056
1693658308, 0, 8, 108, 0, 0, 8100.00, 2, 0, 0, 0.57, 319, 222, 7443.75, 20736, 19056
1693658310, 0, 8, 108, 0, 0, 8100.00, 2, 0, 0, 0.67, 320, 222, 7443.75, 20736, 19056
1693658311, 0, 8, 108, 0, 0, 8100.00, 2, 0, 0, 0.66, 321, 222, 7443.75, 20736, 19056
1693658313, 0, 8, 108, 0, 0, 8100.00, 2, 0, 0, 0.54, 322, 222, 7443.75, 20736, 19056
1693658315, 0, 8, 108, 0, 0, 8100.00, 2, 0, 0, 0.57, 323, 222, 7443.75, 20736, 19056
1693658317, 0, 8, 109, 0, 0, 8100.00, 2, 0, 0, 0.66, 324, 222, 7443.75, 20736, 19056
1693658318, 0, 8, 109, 0, 0, 8100.00, 2, 0, 0, 0.57, 325, 222, 7443.75, 20736, 19056
1693658320, 0, 8, 109, 0, 0, 8100.00, 2, 0, 0, 0.55, 326, 222, 7443.75, 20736, 19056
1693658322, 0, 8, 109, 0, 0, 8100.00, 2, 0, 0, 0.59, 327, 222, 7443.75, 20736, 19056
1693658324, 0, 8, 109, 0, 0, 8100.00, 2, 0, 0, 0.59, 328, 222, 7443.75, 20736, 19056
1693658325, 0, 8, 110, 0, 0, 8100.00, 2, 0, 0, 0.52, 329, 222, 7443.75, 20736, 19056
1693658327, 0, 8, 110, 0, 0, 8100.00, 2, 0, 0, 0.57, 330, 222, 7443.75, 20736, 19056
1693658329, 0, 8, 110, 0, 0, 8100.00, 2, 0, 0, 0.60, 331, 222, 7443.75, 20736, 19056
1693658331, 0, 8, 110, 0, 0, 8100.00, 2, 0, 0, 0.56, 332, 222, 7443.75, 20736, 19056
1693658332, 0, 8, 110, 0, 0, 8100.00, 2, 0, 0, 0.62, 333, 222, 7443.75, 20736, 19056
1693658334, 0, 8, 110, 0, 0, 8100.00, 2, 0, 0, 0.58, 334, 222, 7443.75, 20736, 19056
1693658336, 0, 8, 110, 0, 0, 8100.00, 2, 0, 0, 0.53, 335, 222, 7443.75, 20736, 19056
1693658338, 0, 8, 111, 0, 0, 8100.00, 2, 0, 0, 0.51, 336, 222, 7443.75, 20736, 19056
1693658340, 0, 8, 111, 0, 0, 8100.00, 2, 0, 0, 0.56, 337, 222, 7443.75, 20736, 19056
1693658342, 0, 8, 111, 0, 0, 8100.00, 2, 0, 0, 0.54, 338, 222, 7443.75, 20736, 19056
1693658343, 0, 8, 112, 0, 0, 8100.00, 2, 0, 0, 0.52, 339, 222, 7443.75, 20736, 19056
1693658345, 0, 8, 112, 0, 0, 8100.00, 2, 0, 0, 0.59, 340, 222, 7443.75, 20736, 19056
1693658347, 0, 8, 112, 0, 0, 8100.00, 2, 0, 0, 0.55, 341, 222, 7443.75, 20736, 19056
1693658349, 0, 8, 112, 0, 0, 8100.00, 2, 0, 0, 0.55, 342, 222, 7443.75, 20736, 19056
1693658350, 0, 8, 112, 0, 0, 8100.00, 2, 0, 0, 0.59, 343, 222, 7443.75, 20736, 19056
1693658352, 0, 8, 112, 0, 0, 8100.00, 2, 0, 0, 0.59, 344, 222, 7443.75, 20736, 19056
1693658354, 0, 8, 112, 0, 0, 8100.00, 2, 0, 0, 0.56, 345, 222, 7443.75, 20736, 19056
1693658356, 0, 8, 112, 0, 0, 8100.00, 2, 0, 0, 0.58, 346, 222, 7443.75, 20736, 19056
1693658357, 0, 8, 112, 0, 0, 8100.00, 2, 0, 0, 0.64, 347, 222, 7443.75, 20736, 19056
1693658359, 0, 8, 112, 0, 0, 8100.00, 2, 0, 0, 0.53, 348, 222, 7443.75, 20736, 19056
1693658361, 0, 8, 112, 0, 0, 8100.00, 2, 0, 0, 0.55, 349, 222, 7443.75, 20736, 19056
1693658363, 0, 8, 112, 0, 0, 8100.00, 2, 0, 0, 0.61, 350, 222, 7443.75, 20736, 19056
1693658364, 0, 8, 112, 0, 0, 8100.00, 2, 0, 0, 0.52, 351, 222, 7443.75, 20736, 19056
1693658366, 0, 8, 112, 0, 0, 8100.00, 2, 0, 0, 0.56, 352, 222, 7443.75, 20736, 19056
1693658368, 0, 8, 112, 0, 0, 8100.00, 2, 0, 0, 0.55, 353, 222, 7443.75, 20736, 19056
1693658370, 0, 8, 112, 0, 0, 8100.00, 2, 0, 0, 0.56, 354, 222, 7443.75, 20736, 19056
1693658372, 0, 8, 112, 0, 0, 8100.00, 2, 0, 0, 0.54, 355, 222, 7443.75, 20736, 19056
1693658373, 0, 8, 112, 0, 0, 8100.00, 2, 0, 0, 0.59, 356, 222, 7443.75, 20736, 19056
1693658375, 0, 8, 112, 0, 0, 8100.00, 2, 0, 0, 0.54, 357, 222, 7443.75, 20736, 19056
1693658377, 0, 8, 112, 0, 0, 8100.00, 2, 0, 0, 0.55, 358, 222, 7443.75, 20736, 19056
1693658379, 0, 8, 112, 0, 0, 8100.00, 2, 0, 0, 0.49, 359, 222, 7443.75, 20736, 19056
1693658381, 0, 8, 113, 0, 0, 8100.00, 2, 0, 0, 0.53, 360, 222, 7443.75, 20736, 19056
1693658383, 0, 8, 114, 0, 0, 8100.00, 2, 0, 0, 0.50, 361, 222, 7443.75, 20736, 19056
1693658385, 0, 8, 114, 0, 0, 8100.00, 2, 0, 0, 0.58, 362, 222, 7443.75, 20736, 19056
1693658386, 0, 8, 114, 0, 0, 8100.00, 2, 0, 0, 0.61, 363, 222, 7443.75, 20736, 19056
1693658388, 0, 8, 114, 0, 0, 8100.00, 2, 0, 0, 0.55, 364, 222, 7443.75, 20736, 19056
1693658390, 0, 8, 114, 0, 0, 8100.00, 2, 0, 0, 0.55, 365, 222, 7443.75, 20736, 19056
1693658392, 0, 8, 114, 0, 0, 8100.00, 2, 0, 0, 0.58, 366, 222, 7443.75, 20736, 19056
1693658393, 0, 8, 114, 0, 0, 8100.00, 2, 0, 0, 0.56, 367, 222, 7443.75, 20736, 19056
1693658395, 0, 8, 114, 0, 0, 8100.00, 2, 0, 0, 0.56, 368, 222, 7443.75, 20736, 19056
1693658397, 0, 8, 114, 0, 0, 8100.00, 2, 0, 0, 0.55, 369, 222, 7443.75, 20736, 19056
1693658399, 0, 8, 114, 0, 0, 8100.00, 2, 0, 0, 0.60, 370, 222, 7443.75, 20736, 19056
1693658400, 0, 8, 114, 0, 0, 8100.00, 2, 0, 0, 0.60, 371, 222, 7443.75, 20736, 19056
1693658402, 0, 8, 114, 0, 0, 8100.00, 2, 0, 0, 0.54, 372, 222, 7443.75, 20736, 19056
1693658404, 0, 8, 114, 0, 0, 8100.00, 2, 0, 0, 0.55, 373, 222, 7443.75, 20736, 19056
1693658406, 0, 8, 114, 0, 0, 8100.00, 2, 0, 0, 0.64, 374, 222, 7443.75, 20736, 19056
1693658407, 0, 8, 114, 0, 0, 8100.00, 2, 0, 0, 0.55, 375, 222, 7443.75, 20736, 19056
1693658409, 0, 8, 114, 0, 0, 8100.00, 2, 0, 0, 0.56, 376, 222, 7443.75, 20736, 19056
1693658411, 0, 8, 114, 0, 0, 8100.00, 2, 0, 0, 0.60, 377, 222, 7443.75, 20736, 19056
1693658413, 0, 8, 114, 0, 0, 8100.00, 2, 0, 0, 0.55, 378, 222, 7443.75, 20736, 19056
1693658415, 0, 8, 115, 0, 0, 8100.00, 2, 0, 0, 0.54, 379, 222, 7443.75, 20736, 19056
1693658416, 0, 8, 115, 0, 0, 8100.00, 2, 0, 0, 0.55, 380, 222, 7443.75, 20736, 19056
1693658418, 0, 8, 115, 0, 0, 8100.00, 2, 0, 0, 0.60, 381, 222, 7443.75, 20736, 19056
1693658420, 0, 8, 115, 0, 0, 8100.00, 2, 0, 0, 0.55, 382, 222, 7443.75, 20736, 19056
1693658422, 0, 8, 115, 0, 0, 8100.00, 2, 0, 0, 0.56, 383, 222, 7443.75, 20736, 19056
1693658423, 0, 8, 115, 0, 0, 8100.00, 2, 0, 0, 0.59, 384, 222, 7443.75, 20736, 19056
1693658425, 0, 8, 115, 0, 0, 8100.00, 2, 0, 0, 0.57, 385, 222, 7443.75, 20736, 19056
1693658427, 0, 8, 116, 0, 0, 8100.00, 2, 0, 0, 0.53, 386, 222, 7443.75, 20736, 19056
1693658429, 0, 8, 116, 0, 0, 8100.00, 2, 0, 0, 0.55, 387, 222, 7443.75, 20736, 19056
1693658431, 0, 8, 117, 0, 0, 8100.00, 2, 0, 0, 0.57, 388, 222, 7443.75, 20736, 19056
1693658433, 0, 8, 117, 0, 0, 8100.00, 2, 0, 0, 0.53, 389, 222, 7443.75, 20736, 19056
1693658434, 0, 8, 117, 0, 0, 8100.00, 2, 0, 0, 0.54, 390, 222, 7443.75, 20736, 19056
1693658436, 0, 8, 118, 0, 0, 8100.00, 2, 0, 0, 0.56, 391, 222, 7443.75, 20736, 19056
1693658438, 0, 8, 119, 0, 0, 8100.00, 2, 0, 0, 0.52, 392, 222, 7443.75, 20736, 19056
1693658440, 0, 8, 119, 0, 0, 8100.00, 2, 0, 0, 0.54, 393, 222, 7443.75, 20736, 19056
1693658442, 0, 8, 119, 0, 0, 8100.00, 2, 0, 0, 0.57, 394, 222, 7443.75, 20736, 19056
1693658443, 0, 8, 119, 0, 0, 8100.00, 2, 0, 0, 0.59, 395, 222, 7443.75, 20736, 19056
1693658445, 0, 8, 119, 0, 0, 8100.00, 2, 0, 0, 0.55, 396, 222, 7443.75, 20736, 19056
1693658447, 0, 8, 120, 0, 0, 8100.00, 2, 0, 0, 0.54, 397, 222, 7443.75, 20736, 19056
1693658449, 0, 8, 121, 0, 0, 8100.00, 2, 0, 0, 0.57, 398, 222, 7443.75, 20736, 19056
1693658451, 0, 8, 121, 0, 0, 8100.00, 2, 0, 0, 0.59, 399, 222, 7443.75, 20736, 19056
1693658453, 0, 8, 122, 0, 0, 8100.00, 2, 0, 0, 0.51, 400, 222, 7443.75, 20736, 19056
1693658454, 0, 8, 122, 0, 0, 8100.00, 2, 0, 0, 0.57, 401, 222, 7443.75, 20736, 19056
1693658456, 0, 8, 122, 0, 0, 8100.00, 2, 0, 0, 0.59, 402, 222, 7443.75, 20736, 19056
1693658458, 0, 8, 122, 0, 0, 8100.00, 2, 0, 0, 0.59, 403, 222, 7443.75, 20736, 19056
1693658459, 0, 8, 123, 0, 0, 8100.00, 2, 0, 0, 0.58, 404, 222, 7443.75, 20736, 19056
1693658461, 0, 8, 123, 0, 0, 8100.00, 2, 0, 0, 0.56, 405, 222, 7443.75, 20736, 19056
1693658463, 0, 8, 123, 0, 0, 8100.00, 2, 0, 0, 0.57, 406, 222, 7443.75, 20736, 19056
1693658465, 0, 8, 123, 0, 0, 8100.00, 2, 0, 0, 0.57, 407, 222, 7443.75, 20736, 19056
1693658467, 0, 8, 123, 0, 0, 8100.00, 2, 0, 0, 0.54, 408, 222, 7443.75, 20736, 19056
1693658468, 0, 8, 124, 0, 0, 8100.00, 2, 0, 0, 0.55, 409, 222, 7443.75, 20736, 19056
1693658470, 0, 8, 124, 0, 0, 8100.00, 2, 0, 0, 0.57, 410, 222, 7443.75, 20736, 19056
1693658472, 0, 8, 124, 0, 0, 8100.00, 2, 0, 0, 0.57, 411, 222, 7443.75, 20736, 19056
1693658474, 0, 8, 124, 0, 0, 8100.00, 2, 0, 0, 0.49, 412, 222, 7443.75, 20736, 19056
1693658476, 0, 8, 124, 0, 0, 8100.00, 2, 0, 0, 0.56, 413, 222, 7443.75, 20736, 19056
1693658477, 0, 8, 125, 0, 0, 8100.00, 2, 0, 0, 0.56, 414, 222, 7443.75, 20736, 19056
1693658479, 0, 8, 125, 0, 0, 8100.00, 2, 0, 0, 0.54, 415, 222, 7443.75, 20736, 19056
1693658481, 0, 8, 125, 0, 0, 8100.00, 2, 0, 0, 0.55, 416, 222, 7443.75, 20736, 19056
1693658483, 0, 8, 125, 0, 0, 8100.00, 2, 0, 0, 0.58, 417, 222, 7443.75, 20736, 19056
1693658485, 0, 8, 126, 0, 0, 8100.00, 2, 0, 0, 0.57, 418, 222, 7443.75, 20736, 19056
1693658486, 0, 8, 126, 0, 0, 8100.00, 2, 0, 0, 0.54, 419, 222, 7443.75, 20736, 19056
1693658488, 0, 8, 126, 0, 0, 8100.00, 2, 0, 0, 0.54, 420, 222, 7443.75, 20736, 19056
1693658490, 0, 8, 126, 0, 0, 8100.00, 2, 0, 0, 0.57, 421, 222, 7443.75, 20736, 19056
1693658492, 0, 8, 127, 0, 0, 8100.78, 2, 0, 0, 0.64, 422, 222, 7444.53, 20738, 19058
1693658494, 0, 8, 128, 0, 0, 8100.78, 2, 0, 0, 0.48, 423, 222, 7444.53, 20738, 19058
1693658496, 0, 8, 129, 0, 0, 8100.78, 2, 0, 0, 0.54, 424, 222, 7444.53, 20738, 19058
1693658497, 0, 8, 130, 0, 0, 8100.78, 2, 0, 0, 0.54, 425, 222, 7444.53, 20738, 19058
1693658499, 0, 8, 131, 0, 0, 8100.78, 2, 0, 0, 0.55, 426, 222, 7444.53, 20738, 19058
1693658501, 0, 8, 132, 0, 0, 8100.78, 2, 0, 0, 0.54, 427, 222, 7444.53, 20738, 19058
1693658503, 0, 8, 132, 0, 0, 8100.78, 2, 0, 0, 0.53, 428, 222, 7444.53, 20738, 19058
1693658505, 0, 8, 132, 0, 0, 8100.78, 2, 0, 0, 0.58, 429, 222, 7444.53, 20738, 19058
1693658507, 0, 8, 132, 0, 0, 8100.78, 2, 0, 0, 0.51, 430, 222, 7444.53, 20738, 19058
1693658509, 0, 8, 132, 0, 0, 8100.78, 2, 0, 0, 0.53, 431, 222, 7444.53, 20738, 19058
1693658510, 0, 8, 132, 0, 0, 8100.78, 2, 0, 0, 0.57, 432, 222, 7444.53, 20738, 19058
1693658512, 0, 8, 132, 0, 0, 8100.78, 2, 0, 0, 0.58, 433, 222, 7444.53, 20738, 19058
1693658514, 0, 8, 132, 0, 0, 8100.78, 2, 0, 0, 0.50, 434, 222, 7444.53, 20738, 19058
1693658516, 0, 8, 132, 0, 0, 8100.78, 2, 0, 0, 0.51, 435, 222, 7444.53, 20738, 19058
1693658518, 0, 8, 132, 0, 0, 8100.78, 2, 0, 0, 0.58, 436, 222, 7444.53, 20738, 19058
1693658519, 0, 8, 132, 0, 0, 8100.78, 2, 0, 0, 0.57, 437, 222, 7444.53, 20738, 19058
1693658521, 0, 8, 132, 0, 0, 8100.78, 2, 0, 0, 0.50, 438, 222, 7444.53, 20738, 19058
1693658524, 0, 8, 132, 0, 0, 8100.78, 2, 0, 0, 0.47, 439, 222, 7444.53, 20738, 19058
1693658525, 0, 8, 132, 0, 0, 8100.78, 2, 0, 0, 0.55, 440, 222, 7444.53, 20738, 19058
1693658527, 0, 8, 132, 0, 0, 8100.78, 2, 0, 0, 0.55, 441, 222, 7444.53, 20738, 19058
1693658529, 0, 8, 132, 0, 0, 8100.78, 2, 0, 0, 0.54, 442, 222, 7444.53, 20738, 19058
1693658531, 0, 8, 132, 0, 0, 8100.78, 2, 0, 0, 0.54, 443, 222, 7444.53, 20738, 19058
1693658533, 0, 8, 132, 0, 0, 8100.78, 2, 0, 0, 0.58, 444, 222, 7444.53, 20738, 19058
1693658534, 0, 8, 132, 0, 0, 8100.78, 2, 0, 0, 0.58, 445, 222, 7444.53, 20738, 19058
1693658536, 0, 8, 132, 0, 0, 8100.78, 2, 0, 0, 0.60, 446, 222, 7444.53, 20738, 19058
1693658538, 0, 8, 132, 0, 0, 8100.78, 2, 0, 0, 0.55, 447, 222, 7444.53, 20738, 19058
1693658540, 0, 8, 132, 0, 0, 8100.78, 2, 0, 0, 0.58, 448, 222, 7444.53, 20738, 19058
1693658541, 0, 8, 132, 0, 0, 8100.78, 2, 0, 0, 0.58, 449, 222, 7444.53, 20738, 19058
1693658543, 0, 8, 132, 0, 0, 8100.78, 2, 0, 0, 0.54, 450, 222, 7444.53, 20738, 19058
1693658545, 0, 8, 132, 0, 0, 8100.78, 2, 0, 0, 0.54, 451, 222, 7444.53, 20738, 19058
1693658547, 0, 8, 132, 0, 0, 8100.78, 2, 0, 0, 0.57, 452, 222, 7444.53, 20738, 19058
1693658548, 0, 8, 132, 0, 0, 8100.78, 2, 0, 0, 0.65, 453, 222, 7444.53, 20738, 19058
1693658550, 0, 8, 132, 0, 0, 8100.78, 2, 0, 0, 0.52, 454, 222, 7444.53, 20738, 19058
1693658552, 0, 8, 132, 0, 0, 8100.78, 2, 0, 0, 0.54, 455, 222, 7444.53, 20738, 19058
1693658554, 0, 8, 132, 0, 0, 8100.78, 2, 0, 0, 0.52, 456, 222, 7444.53, 20738, 19058
1693658556, 0, 8, 132, 0, 0, 8100.78, 2, 0, 0, 0.58, 457, 222, 7444.53, 20738, 19058
1693658558, 0, 8, 132, 0, 0, 8100.78, 2, 0, 0, 0.52, 458, 222, 7444.53, 20738, 19058
1693658560, 0, 8, 132, 0, 0, 8100.78, 2, 0, 0, 0.50, 459, 222, 7444.53, 20738, 19058
1693658562, 0, 8, 133, 0, 0, 8100.78, 2, 0, 0, 0.54, 460, 222, 7444.53, 20738, 19058
1693658564, 0, 8, 133, 0, 0, 8100.78, 2, 0, 0, 0.50, 461, 222, 7444.53, 20738, 19058
1693658565, 0, 8, 134, 0, 0, 8100.78, 2, 0, 0, 0.57, 462, 222, 7444.53, 20738, 19058
1693658567, 0, 8, 134, 0, 0, 8100.78, 2, 0, 0, 0.55, 463, 222, 7444.53, 20738, 19058
1693658569, 0, 8, 134, 0, 0, 8100.78, 2, 0, 0, 0.59, 464, 222, 7444.53, 20738, 19058
1693658570, 0, 8, 134, 0, 0, 8100.78, 2, 0, 0, 0.64, 465, 222, 7444.53, 20738, 19058
1693658572, 0, 8, 134, 0, 0, 8100.78, 2, 0, 0, 0.54, 466, 222, 7444.53, 20738, 19058
1693658574, 0, 8, 134, 0, 0, 8100.78, 2, 0, 0, 0.60, 467, 222, 7444.53, 20738, 19058
1693658576, 0, 8, 134, 0, 0, 8100.78, 2, 0, 0, 0.57, 468, 222, 7444.53, 20738, 19058
1693658577, 0, 8, 134, 0, 0, 8100.78, 2, 0, 0, 0.58, 469, 222, 7444.53, 20738, 19058
1693658579, 0, 8, 134, 0, 0, 8100.78, 2, 0, 0, 0.50, 470, 222, 7444.53, 20738, 19058
1693658581, 0, 8, 134, 0, 0, 8100.78, 2, 0, 0, 0.54, 471, 222, 7444.53, 20738, 19058
1693658583, 0, 8, 134, 0, 0, 8100.78, 2, 0, 0, 0.44, 472, 222, 7444.53, 20738, 19058
1693658585, 0, 8, 134, 0, 0, 8100.78, 2, 0, 0, 0.53, 473, 222, 7444.53, 20738, 19058
1693658588, 0, 8, 134, 0, 0, 8100.78, 2, 0, 0, 0.45, 474, 222, 7444.53, 20738, 19058
1693658590, 0, 8, 134, 0, 0, 8100.78, 2, 0, 0, 0.47, 475, 222, 7444.53, 20738, 19058
1693658592, 0, 8, 134, 0, 0, 8100.78, 2, 0, 0, 0.48, 476, 222, 7444.53, 20738, 19058
1693658594, 0, 8, 134, 0, 0, 8100.78, 2, 0, 0, 0.53, 477, 222, 7444.53, 20738, 19058
1693658596, 0, 8, 134, 0, 0, 8100.78, 2, 0, 0, 0.49, 478, 222, 7444.53, 20738, 19058
1693658598, 0, 8, 134, 0, 0, 8100.78, 2, 0, 0, 0.45, 479, 222, 7444.53, 20738, 19058
1693658600, 0, 8, 134, 0, 0, 8100.78, 2, 0, 0, 0.56, 480, 222, 7444.53, 20738, 19058
1693658602, 0, 8, 134, 0, 0, 8100.78, 2, 0, 0, 0.56, 481, 222, 7444.53, 20738, 19058
1693658604, 0, 8, 135, 0, 0, 8100.78, 2, 0, 0, 0.48, 482, 222, 7444.53, 20738, 19058
1693658606, 0, 8, 135, 0, 0, 8100.78, 2, 0, 0, 0.47, 483, 222, 7444.53, 20738, 19058
1693658607, 0, 8, 136, 0, 0, 8100.78, 2, 0, 0, 0.56, 484, 222, 7444.53, 20738, 19058
1693658609, 0, 8, 136, 0, 0, 8100.78, 2, 0, 0, 0.55, 485, 222, 7444.53, 20738, 19058
1693658611, 0, 8, 136, 0, 0, 8100.78, 2, 0, 0, 0.53, 486, 222, 7444.53, 20738, 19058
1693658613, 0, 8, 136, 0, 0, 8100.78, 2, 0, 0, 0.57, 487, 222, 7444.53, 20738, 19058
1693658615, 0, 8, 136, 0, 0, 8100.78, 2, 0, 0, 0.58, 488, 222, 7444.53, 20738, 19058
1693658616, 0, 8, 136, 0, 0, 8100.78, 2, 0, 0, 0.56, 489, 222, 7444.53, 20738, 19058
1693658618, 0, 8, 136, 0, 0, 8100.78, 2, 0, 0, 0.54, 490, 222, 7444.53, 20738, 19058
1693658620, 0, 8, 136, 0, 0, 8100.78, 2, 0, 0, 0.53, 491, 222, 7444.53, 20738, 19058
1693658622, 0, 8, 136, 0, 0, 8100.78, 2, 0, 0, 0.57, 492, 222, 7444.53, 20738, 19058
1693658624, 0, 8, 136, 0, 0, 8100.78, 2, 0, 0, 0.56, 493, 222, 7444.53, 20738, 19058
1693658626, 0, 8, 136, 0, 0, 8100.78, 2, 0, 0, 0.54, 494, 222, 7444.53, 20738, 19058
1693658627, 0, 8, 136, 0, 0, 8100.78, 2, 0, 0, 0.58, 495, 222, 7444.53, 20738, 19058
1693658629, 0, 8, 136, 0, 0, 8100.78, 2, 0, 0, 0.58, 496, 222, 7444.53, 20738, 19058
1693658631, 0, 8, 136, 0, 0, 8100.78, 2, 0, 0, 0.57, 497, 222, 7444.53, 20738, 19058
1693658633, 0, 8, 136, 0, 0, 8100.78, 2, 0, 0, 0.55, 498, 222, 7444.53, 20738, 19058
1693658634, 0, 8, 136, 0, 0, 8100.78, 2, 0, 0, 0.56, 499, 222, 7444.53, 20738, 19058
1693658636, 0, 8, 137, 0, 0, 8100.78, 2, 0, 0, 0.56, 500, 222, 7444.53, 20738, 19058
1693658638, 0, 8, 137, 0, 0, 8100.78, 2, 0, 0, 0.57, 501, 222, 7444.53, 20738, 19058
1693658640, 0, 8, 137, 0, 0, 8100.78, 2, 0, 0, 0.59, 502, 222, 7444.53, 20738, 19058
1693658641, 0, 8, 137, 0, 0, 8100.78, 2, 0, 0, 0.52, 503, 222, 7444.53, 20738, 19058
1693658643, 0, 8, 137, 0, 0, 8100.78, 2, 0, 0, 0.49, 504, 222, 7444.53, 20738, 19058
1693658645, 0, 8, 137, 0, 0, 8100.78, 2, 0, 0, 0.61, 505, 222, 7444.53, 20738, 19058
1693658647, 0, 8, 137, 0, 0, 8100.78, 2, 0, 0, 0.53, 506, 222, 7444.53, 20738, 19058
1693658649, 0, 8, 138, 0, 0, 8100.78, 2, 0, 0, 0.53, 507, 222, 7444.53, 20738, 19058
1693658651, 0, 8, 138, 0, 0, 8100.78, 2, 0, 0, 0.56, 508, 222, 7444.53, 20738, 19058
1693658652, 0, 8, 138, 0, 0, 8100.78, 2, 0, 0, 0.58, 509, 222, 7444.53, 20738, 19058
1693658654, 0, 8, 139, 0, 0, 8100.78, 2, 0, 0, 0.53, 510, 222, 7444.53, 20738, 19058
1693658656, 0, 8, 139, 0, 0, 8100.78, 2, 0, 0, 0.52, 511, 222, 7444.53, 20738, 19058
1693658658, 0, 8, 139, 0, 0, 8100.78, 2, 0, 0, 0.56, 512, 222, 7444.53, 20738, 19058
1693658660, 0, 8, 139, 0, 0, 8100.78, 2, 0, 0, 0.58, 513, 222, 7444.53, 20738, 19058
1693658662, 0, 8, 139, 0, 0, 8100.78, 2, 0, 0, 0.52, 514, 222, 7444.53, 20738, 19058
1693658663, 0, 8, 139, 0, 0, 8100.78, 2, 0, 0, 0.54, 515, 222, 7444.53, 20738, 19058
1693658665, 0, 8, 139, 0, 0, 8100.78, 2, 0, 0, 0.58, 516, 222, 7444.53, 20738, 19058
1693658667, 0, 8, 139, 0, 0, 8100.78, 2, 0, 0, 0.57, 517, 222, 7444.53, 20738, 19058
1693658669, 0, 8, 139, 0, 0, 8100.78, 2, 0, 0, 0.54, 518, 222, 7444.53, 20738, 19058
1693658671, 0, 8, 139, 0, 0, 8100.78, 2, 0, 0, 0.53, 519, 222, 7444.53, 20738, 19058
1693658672, 0, 8, 139, 0, 0, 8100.78, 2, 0, 0, 0.55, 520, 222, 7444.53, 20738, 19058
1693658674, 0, 8, 139, 0, 0, 8100.78, 2, 0, 0, 0.57, 521, 222, 7444.53, 20738, 19058
1693658676, 0, 8, 139, 0, 0, 8100.78, 2, 0, 0, 0.53, 522, 222, 7444.53, 20738, 19058
1693658678, 0, 8, 139, 0, 0, 8100.78, 2, 0, 0, 0.55, 523, 222, 7444.53, 20738, 19058
1693658680, 0, 8, 139, 0, 0, 8100.78, 2, 0, 0, 0.56, 524, 222, 7444.53, 20738, 19058
1693658681, 0, 8, 139, 0, 0, 8100.78, 2, 0, 0, 0.57, 525, 222, 7444.53, 20738, 19058
1693658683, 0, 8, 139, 0, 0, 8100.78, 2, 0, 0, 0.52, 526, 222, 7444.53, 20738, 19058
1693658685, 0, 8, 139, 0, 0, 8100.78, 2, 0, 0, 0.54, 527, 222, 7444.53, 20738, 19058
1693658687, 0, 8, 139, 0, 0, 8100.78, 2, 0, 0, 0.57, 528, 222, 7444.53, 20738, 19058
1693658689, 0, 8, 139, 0, 0, 8100.78, 2, 0, 0, 0.58, 529, 222, 7444.53, 20738, 19058
1693658691, 0, 8, 139, 0, 0, 8100.78, 2, 0, 0, 0.54, 530, 222, 7444.53, 20738, 19058
1693658692, 0, 8, 139, 0, 0, 8100.78, 2, 0, 0, 0.53, 531, 222, 7444.53, 20738, 19058
1693658694, 0, 8, 139, 0, 0, 8100.78, 2, 0, 0, 0.57, 532, 222, 7444.53, 20738, 19058
1693658696, 0, 8, 139, 0, 0, 8100.78, 2, 0, 0, 0.57, 533, 222, 7444.53, 20738, 19058
1693658698, 0, 8, 139, 0, 0, 8100.78, 2, 0, 0, 0.53, 534, 222, 7444.53, 20738, 19058
1693658700, 0, 8, 139, 0, 0, 8100.78, 2, 0, 0, 0.53, 535, 222, 7444.53, 20738, 19058
1693658702, 0, 8, 139, 0, 0, 8100.78, 2, 0, 0, 0.57, 536, 222, 7444.53, 20738, 19058
1693658703, 0, 8, 139, 0, 0, 8100.78, 2, 0, 0, 0.53, 537, 222, 7444.53, 20738, 19058
1693658705, 0, 8, 139, 0, 0, 8100.78, 2, 0, 0, 0.51, 538, 222, 7444.53, 20738, 19058
1693658707, 0, 8, 139, 0, 0, 8100.78, 2, 0, 0, 0.53, 539, 222, 7444.53, 20738, 19058
1693658709, 0, 8, 139, 0, 0, 8100.78, 2, 0, 0, 0.56, 540, 222, 7444.53, 20738, 19058
1693658711, 0, 8, 139, 0, 0, 8100.78, 2, 0, 0, 0.58, 541, 222, 7444.53, 20738, 19058
1693658713, 0, 8, 139, 0, 0, 8100.78, 2, 0, 0, 0.53, 542, 222, 7444.53, 20738, 19058
1693658715, 0, 8, 139, 0, 0, 8100.78, 2, 0, 0, 0.52, 543, 222, 7444.53, 20738, 19058
1693658716, 0, 8, 139, 0, 0, 8100.78, 2, 0, 0, 0.56, 544, 222, 7444.53, 20738, 19058
1693658718, 0, 8, 139, 0, 0, 8100.78, 2, 0, 0, 0.55, 545, 222, 7444.53, 20738, 19058
1693658720, 0, 8, 139, 0, 0, 8100.78, 2, 0, 0, 0.53, 546, 222, 7444.53, 20738, 19058
1693658722, 0, 8, 139, 0, 0, 8100.78, 2, 0, 0, 0.52, 547, 222, 7444.53, 20738, 19058
1693658724, 0, 8, 139, 0, 0, 8100.78, 2, 0, 0, 0.56, 548, 222, 7444.53, 20738, 19058
1693658726, 0, 8, 139, 0, 0, 8100.78, 2, 0, 0, 0.56, 549, 222, 7444.53, 20738, 19058
1693658728, 0, 8, 139, 0, 0, 8100.78, 2, 0, 0, 0.53, 550, 222, 7444.53, 20738, 19058
1693658729, 0, 8, 139, 0, 0, 8100.78, 2, 0, 0, 0.52, 551, 222, 7444.53, 20738, 19058
1693658731, 0, 8, 139, 0, 0, 8100.78, 2, 0, 0, 0.56, 552, 222, 7444.53, 20738, 19058
1693658733, 0, 8, 139, 0, 0, 8100.78, 2, 0, 0, 0.56, 553, 222, 7444.53, 20738, 19058
1693658735, 0, 8, 139, 0, 0, 8100.78, 2, 0, 0, 0.52, 554, 222, 7444.53, 20738, 19058
1693658737, 0, 8, 139, 0, 0, 8100.78, 2, 0, 0, 0.51, 555, 222, 7444.53, 20738, 19058
1693658739, 0, 8, 139, 0, 0, 8100.78, 2, 0, 0, 0.61, 556, 222, 7444.53, 20738, 19058
1693658740, 0, 8, 139, 0, 0, 8100.78, 2, 0, 0, 0.57, 557, 222, 7444.53, 20738, 19058
1693658742, 0, 8, 139, 0, 0, 8100.78, 2, 0, 0, 0.53, 558, 222, 7444.53, 20738, 19058
1693658744, 0, 8, 139, 0, 0, 8100.78, 2, 0, 0, 0.58, 559, 222, 7444.53, 20738, 19058
1693658746, 0, 8, 139, 0, 0, 8100.78, 2, 0, 0, 0.56, 560, 222, 7444.53, 20738, 19058
1693658748, 0, 8, 139, 0, 0, 8100.78, 2, 0, 0, 0.56, 561, 222, 7444.53, 20738, 19058
1693658750, 0, 8, 139, 0, 0, 8100.78, 2, 0, 0, 0.49, 562, 222, 7444.53, 20738, 19058
1693658751, 0, 8, 139, 0, 0, 8100.78, 2, 0, 0, 0.52, 563, 222, 7444.53, 20738, 19058
1693658753, 0, 8, 139, 0, 0, 8100.78, 2, 0, 0, 0.54, 564, 222, 7444.53, 20738, 19058
1693658755, 0, 8, 139, 0, 0, 8100.78, 2, 0, 0, 0.56, 565, 222, 7444.53, 20738, 19058
1693658757, 0, 8, 140, 0, 0, 8100.78, 2, 0, 0, 0.46, 566, 222, 7444.53, 20738, 19058
1693658759, 0, 8, 140, 0, 0, 8100.78, 2, 0, 0, 0.53, 567, 222, 7444.53, 20738, 19058
1693658761, 0, 8, 140, 0, 0, 8100.78, 2, 0, 0, 0.51, 568, 222, 7444.53, 20738, 19058
1693658763, 0, 8, 140, 0, 0, 8100.78, 2, 0, 0, 0.53, 569, 222, 7444.53, 20738, 19058
1693658765, 0, 8, 140, 0, 0, 8100.78, 2, 0, 0, 0.49, 570, 222, 7444.53, 20738, 19058
1693658767, 0, 8, 140, 0, 0, 8100.78, 2, 0, 0, 0.41, 571, 222, 7444.53, 20738, 19058
1693658769, 0, 8, 140, 0, 0, 8100.78, 2, 0, 0, 0.49, 572, 222, 7444.53, 20738, 19058
1693658771, 0, 8, 140, 0, 0, 8100.78, 2, 0, 0, 0.57, 573, 222, 7444.53, 20738, 19058
1693658773, 0, 8, 140, 0, 0, 8100.78, 2, 0, 0, 0.45, 574, 222, 7444.53, 20738, 19058
1693658775, 0, 8, 140, 0, 0, 8100.78, 2, 0, 0, 0.52, 575, 222, 7444.53, 20738, 19058
1693658777, 0, 8, 140, 0, 0, 8100.78, 2, 0, 0, 0.56, 576, 222, 7444.53, 20738, 19058
1693658779, 0, 8, 140, 0, 0, 8100.78, 2, 0, 0, 0.57, 577, 222, 7444.53, 20738, 19058
1693658781, 0, 8, 140, 0, 0, 8100.78, 2, 0, 0, 0.50, 578, 222, 7444.53, 20738, 19058
1693658783, 0, 8, 140, 0, 0, 8100.78, 2, 0, 0, 0.42, 579, 222, 7444.53, 20738, 19058
1693658785, 0, 8, 140, 0, 0, 8100.78, 2, 0, 0, 0.53, 580, 222, 7444.53, 20738, 19058
1693658787, 0, 8, 140, 0, 0, 8100.78, 2, 0, 0, 0.54, 581, 222, 7444.53, 20738, 19058
1693658789, 0, 8, 140, 0, 0, 8100.78, 2, 0, 0, 0.52, 582, 222, 7444.53, 20738, 19058
1693658791, 0, 8, 140, 0, 0, 8100.78, 2, 0, 0, 0.49, 583, 222, 7444.53, 20738, 19058
1693658793, 0, 8, 141, 0, 0, 8100.78, 2, 0, 0, 0.53, 584, 222, 7444.53, 20738, 19058
1693658795, 0, 8, 142, 0, 0, 8100.78, 2, 0, 0, 0.53, 585, 222, 7444.53, 20738, 19058
1693658797, 0, 8, 142, 0, 0, 8100.78, 2, 0, 0, 0.51, 586, 222, 7444.53, 20738, 19058
1693658799, 0, 8, 142, 0, 0, 8100.78, 2, 0, 0, 0.52, 587, 222, 7444.53, 20738, 19058
1693658801, 0, 8, 142, 0, 0, 8100.78, 2, 0, 0, 0.53, 588, 222, 7444.53, 20738, 19058
1693658802, 0, 8, 142, 0, 0, 8100.78, 2, 0, 0, 0.58, 589, 222, 7444.53, 20738, 19058
1693658804, 0, 8, 142, 0, 0, 8100.78, 2, 0, 0, 0.51, 590, 222, 7444.53, 20738, 19058
1693658806, 0, 8, 142, 0, 0, 8100.78, 2, 0, 0, 0.50, 591, 222, 7444.53, 20738, 19058
1693658808, 0, 8, 142, 0, 0, 8100.78, 2, 0, 0, 0.56, 592, 222, 7444.53, 20738, 19058
1693658810, 0, 8, 142, 0, 0, 8100.78, 2, 0, 0, 0.55, 593, 222, 7444.53, 20738, 19058
1693658812, 0, 8, 142, 0, 0, 8100.78, 2, 0, 0, 0.50, 594, 222, 7444.53, 20738, 19058
1693658814, 0, 8, 142, 0, 0, 8100.78, 2, 0, 0, 0.49, 595, 222, 7444.53, 20738, 19058
1693658816, 0, 8, 142, 0, 0, 8100.78, 2, 0, 0, 0.56, 596, 222, 7444.53, 20738, 19058
1693658817, 0, 8, 142, 0, 0, 8100.78, 2, 0, 0, 0.55, 597, 222, 7444.53, 20738, 19058
1693658819, 0, 8, 142, 0, 0, 8100.78, 2, 0, 0, 0.52, 598, 222, 7444.53, 20738, 19058
1693658821, 0, 8, 142, 0, 0, 8100.78, 2, 0, 0, 0.51, 599, 222, 7444.53, 20738, 19058
1693658823, 0, 8, 142, 0, 0, 8100.78, 2, 0, 0, 0.52, 600, 222, 7444.53, 20738, 19058
1693658825, 0, 8, 142, 0, 0, 8100.78, 2, 0, 0, 0.52, 601, 222, 7444.53, 20738, 19058
1693658827, 0, 8, 142, 0, 0, 8100.78, 2, 0, 0, 0.52, 602, 222, 7444.53, 20738, 19058
1693658829, 0, 8, 142, 0, 0, 8100.78, 2, 0, 0, 0.53, 603, 222, 7444.53, 20738, 19058
1693658831, 0, 8, 142, 0, 0, 8100.78, 2, 0, 0, 0.56, 604, 222, 7444.53, 20738, 19058
1693658833, 0, 8, 142, 0, 0, 8100.78, 2, 0, 0, 0.55, 605, 222, 7444.53, 20738, 19058
1693658835, 0, 8, 142, 0, 0, 8100.78, 2, 0, 0, 0.51, 606, 222, 7444.53, 20738, 19058
1693658836, 0, 8, 142, 0, 0, 8100.78, 2, 0, 0, 0.53, 607, 222, 7444.53, 20738, 19058
1693658838, 0, 8, 142, 0, 0, 8100.78, 2, 0, 0, 0.56, 608, 222, 7444.53, 20738, 19058
1693658840, 0, 8, 142, 0, 0, 8100.78, 2, 0, 0, 0.56, 609, 222, 7444.53, 20738, 19058
1693658842, 0, 8, 142, 0, 0, 8100.78, 2, 0, 0, 0.50, 610, 222, 7444.53, 20738, 19058
1693658844, 0, 8, 142, 0, 0, 8100.78, 2, 0, 0, 0.51, 611, 222, 7444.53, 20738, 19058
1693658846, 0, 8, 142, 0, 0, 8100.78, 2, 0, 0, 0.55, 612, 222, 7444.53, 20738, 19058
1693658848, 0, 8, 142, 0, 0, 8100.78, 2, 0, 0, 0.56, 613, 222, 7444.53, 20738, 19058
1693658850, 0, 8, 142, 0, 0, 8100.78, 2, 0, 0, 0.51, 614, 222, 7444.53, 20738, 19058
1693658851, 0, 8, 142, 0, 0, 8100.78, 2, 0, 0, 0.53, 615, 222, 7444.53, 20738, 19058
1693658853, 0, 8, 142, 0, 0, 8100.78, 2, 0, 0, 0.53, 616, 222, 7444.53, 20738, 19058
1693658855, 0, 8, 142, 0, 0, 8100.78, 2, 0, 0, 0.55, 617, 222, 7444.53, 20738, 19058
1693658857, 0, 8, 142, 0, 0, 8100.78, 2, 0, 0, 0.53, 618, 222, 7444.53, 20738, 19058
1693658859, 0, 8, 142, 0, 0, 8100.78, 2, 0, 0, 0.50, 619, 222, 7444.53, 20738, 19058
1693658861, 0, 8, 142, 0, 0, 8100.78, 2, 0, 0, 0.55, 620, 222, 7444.53, 20738, 19058
1693658863, 0, 8, 142, 0, 0, 8100.78, 2, 0, 0, 0.55, 621, 222, 7444.53, 20738, 19058
1693658865, 0, 8, 142, 0, 0, 8100.78, 2, 0, 0, 0.49, 622, 222, 7444.53, 20738, 19058
1693658867, 0, 8, 143, 0, 0, 8100.78, 2, 0, 0, 0.49, 623, 222, 7444.53, 20738, 19058
1693658869, 0, 8, 143, 0, 0, 8100.78, 2, 0, 0, 0.54, 624, 222, 7444.53, 20738, 19058
1693658870, 0, 8, 143, 0, 0, 8100.78, 2, 0, 0, 0.57, 625, 222, 7444.53, 20738, 19058
1693658872, 0, 8, 143, 0, 0, 8100.78, 2, 0, 0, 0.52, 626, 222, 7444.53, 20738, 19058
1693658874, 0, 8, 143, 0, 0, 8100.78, 2, 0, 0, 0.52, 627, 222, 7444.53, 20738, 19058
1693658876, 0, 8, 143, 0, 0, 8100.78, 2, 0, 0, 0.55, 628, 222, 7444.53, 20738, 19058
1693658878, 0, 8, 143, 0, 0, 8100.78, 2, 0, 0, 0.54, 629, 222, 7444.53, 20738, 19058
1693658880, 0, 8, 143, 0, 0, 8100.78, 2, 0, 0, 0.52, 630, 222, 7444.53, 20738, 19058
1693658882, 0, 8, 143, 0, 0, 8100.78, 2, 0, 0, 0.52, 631, 222, 7444.53, 20738, 19058
1693658883, 0, 8, 143, 0, 0, 8100.78, 2, 0, 0, 0.60, 632, 222, 7444.53, 20738, 19058
1693658885, 0, 8, 143, 0, 0, 8100.78, 2, 0, 0, 0.54, 633, 222, 7444.53, 20738, 19058
1693658887, 0, 8, 143, 0, 0, 8100.78, 2, 0, 0, 0.51, 634, 222, 7444.53, 20738, 19058
1693658889, 0, 8, 143, 0, 0, 8100.78, 2, 0, 0, 0.51, 635, 222, 7444.53, 20738, 19058
1693658891, 0, 8, 143, 0, 0, 8100.78, 2, 0, 0, 0.55, 636, 222, 7444.53, 20738, 19058
1693658893, 0, 8, 143, 0, 0, 8100.78, 2, 0, 0, 0.54, 637, 222, 7444.53, 20738, 19058
1693658895, 0, 8, 143, 0, 0, 8100.78, 2, 0, 0, 0.50, 638, 222, 7444.53, 20738, 19058
1693658897, 0, 8, 143, 0, 0, 8100.78, 2, 0, 0, 0.52, 639, 222, 7444.53, 20738, 19058
1693658899, 0, 8, 143, 0, 0, 8100.78, 2, 0, 0, 0.54, 640, 222, 7444.53, 20738, 19058
1693658901, 0, 8, 143, 0, 0, 8100.78, 2, 0, 0, 0.54, 641, 222, 7444.53, 20738, 19058
1693658903, 0, 8, 143, 0, 0, 8100.78, 2, 0, 0, 0.46, 642, 222, 7444.53, 20738, 19058
1693658905, 0, 8, 143, 0, 0, 8100.78, 2, 0, 0, 0.51, 643, 222, 7444.53, 20738, 19058
1693658907, 0, 8, 144, 0, 0, 8100.78, 2, 0, 0, 0.52, 644, 222, 7444.53, 20738, 19058
1693658909, 0, 8, 144, 0, 0, 8100.78, 2, 0, 0, 0.51, 645, 222, 7444.53, 20738, 19058
1693658910, 0, 8, 144, 0, 0, 8100.78, 2, 0, 0, 0.51, 646, 222, 7444.53, 20738, 19058
1693658912, 0, 8, 145, 0, 0, 8100.78, 2, 0, 0, 0.51, 647, 222, 7444.53, 20738, 19058
1693658914, 0, 8, 146, 0, 0, 8100.78, 2, 0, 0, 0.53, 648, 222, 7444.53, 20738, 19058
1693658916, 0, 8, 147, 0, 0, 8100.78, 2, 0, 0, 0.51, 649, 222, 7444.53, 20738, 19058
1693658918, 0, 8, 148, 0, 0, 8100.78, 2, 0, 0, 0.50, 650, 222, 7444.53, 20738, 19058
1693658920, 0, 8, 149, 0, 0, 8100.78, 2, 0, 0, 0.52, 651, 222, 7444.53, 20738, 19058
1693658922, 0, 8, 149, 0, 0, 8100.78, 2, 0, 0, 0.54, 652, 222, 7444.53, 20738, 19058
1693658924, 0, 8, 150, 0, 0, 8100.78, 2, 0, 0, 0.53, 653, 222, 7444.53, 20738, 19058
1693658926, 0, 8, 151, 0, 0, 8100.78, 2, 0, 0, 0.48, 654, 222, 7444.53, 20738, 19058
1693658928, 0, 8, 151, 0, 0, 8100.78, 2, 0, 0, 0.51, 655, 222, 7444.53, 20738, 19058
1693658930, 0, 8, 152, 0, 0, 8100.78, 2, 0, 0, 0.53, 656, 222, 7444.53, 20738, 19058
1693658932, 0, 8, 152, 0, 0, 8100.78, 2, 0, 0, 0.55, 657, 222, 7444.53, 20738, 19058
1693658934, 0, 8, 152, 0, 0, 8100.78, 2, 0, 0, 0.50, 658, 222, 7444.53, 20738, 19058
1693658936, 0, 8, 152, 0, 0, 8100.78, 2, 0, 0, 0.50, 659, 222, 7444.53, 20738, 19058
1693658938, 0, 8, 153, 0, 0, 8100.78, 2, 0, 0, 0.54, 660, 222, 7444.53, 20738, 19058
1693658939, 0, 8, 153, 0, 0, 8100.78, 2, 0, 0, 0.55, 661, 222, 7444.53, 20738, 19058
1693658942, 0, 8, 153, 0, 0, 8100.78, 2, 0, 0, 0.48, 662, 222, 7444.53, 20738, 19058
1693658943, 0, 8, 153, 0, 0, 8100.78, 2, 0, 0, 0.51, 663, 222, 7444.53, 20738, 19058
1693658945, 0, 8, 153, 0, 0, 8100.78, 2, 0, 0, 0.53, 664, 222, 7444.53, 20738, 19058
1693658947, 0, 8, 154, 0, 0, 8100.78, 2, 0, 0, 0.52, 665, 222, 7444.53, 20738, 19058
1693658949, 0, 8, 154, 0, 0, 8100.78, 2, 0, 0, 0.52, 666, 222, 7444.53, 20738, 19058
1693658951, 0, 8, 154, 0, 0, 8100.78, 2, 0, 0, 0.52, 667, 222, 7444.53, 20738, 19058
1693658953, 0, 8, 155, 0, 0, 8100.78, 2, 0, 0, 0.51, 668, 222, 7444.53, 20738, 19058
1693658955, 0, 8, 155, 0, 0, 8100.78, 2, 0, 0, 0.54, 669, 222, 7444.53, 20738, 19058
1693658957, 0, 8, 155, 0, 0, 8100.78, 2, 0, 0, 0.50, 670, 222, 7444.53, 20738, 19058
1693658959, 0, 8, 155, 0, 0, 8100.78, 2, 0, 0, 0.52, 671, 222, 7444.53, 20738, 19058
1693658961, 0, 8, 155, 0, 0, 8100.78, 2, 0, 0, 0.55, 672, 222, 7444.53, 20738, 19058
1693658963, 0, 8, 155, 0, 0, 8100.78, 2, 0, 0, 0.54, 673, 222, 7444.53, 20738, 19058
1693658965, 0, 8, 156, 0, 0, 8100.78, 2, 0, 0, 0.49, 674, 222, 7444.53, 20738, 19058
1693658967, 0, 8, 157, 0, 0, 8100.78, 2, 0, 0, 0.48, 675, 222, 7444.53, 20738, 19058
1693658969, 0, 8, 157, 0, 0, 8100.78, 2, 0, 0, 0.50, 676, 222, 7444.53, 20738, 19058
1693658971, 0, 8, 157, 0, 0, 8100.78, 2, 0, 0, 0.52, 677, 222, 7444.53, 20738, 19058
1693658973, 0, 8, 157, 0, 0, 8100.78, 2, 0, 0, 0.49, 678, 222, 7444.53, 20738, 19058
1693658975, 0, 8, 158, 0, 0, 8100.78, 2, 0, 0, 0.47, 679, 222, 7444.53, 20738, 19058
1693658977, 0, 8, 159, 0, 0, 8100.78, 2, 0, 0, 0.49, 680, 222, 7444.53, 20738, 19058
1693658979, 0, 8, 160, 0, 0, 8100.78, 2, 0, 0, 0.46, 681, 222, 7444.53, 20738, 19058
1693658981, 0, 8, 161, 0, 0, 8100.78, 2, 0, 0, 0.43, 682, 222, 7444.53, 20738, 19058
1693658984, 0, 8, 162, 0, 0, 8100.78, 2, 0, 0, 0.46, 683, 222, 7444.53, 20738, 19058
1693658986, 0, 8, 162, 0, 0, 8100.78, 2, 0, 0, 0.50, 684, 222, 7444.53, 20738, 19058
1693658987, 0, 8, 162, 0, 0, 8100.78, 2, 0, 0, 0.52, 685, 222, 7444.53, 20738, 19058
1693658990, 0, 8, 162, 0, 0, 8100.78, 2, 0, 0, 0.48, 686, 222, 7444.53, 20738, 19058
1693658992, 0, 8, 162, 0, 0, 8100.78, 2, 0, 0, 0.47, 687, 222, 7444.53, 20738, 19058
1693658994, 0, 8, 162, 0, 0, 8100.78, 2, 0, 0, 0.44, 688, 222, 7444.53, 20738, 19058
1693658996, 0, 8, 162, 0, 0, 8100.78, 2, 0, 0, 0.53, 689, 222, 7444.53, 20738, 19058
1693658998, 0, 8, 162, 0, 0, 8100.78, 2, 0, 0, 0.52, 690, 222, 7444.53, 20738, 19058
1693659000, 0, 8, 162, 0, 0, 8100.78, 2, 0, 0, 0.49, 691, 222, 7444.53, 20738, 19058
1693659002, 0, 8, 162, 0, 0, 8100.78, 2, 0, 0, 0.50, 692, 222, 7444.53, 20738, 19058
1693659004, 0, 8, 162, 0, 0, 8100.78, 2, 0, 0, 0.51, 693, 222, 7444.53, 20738, 19058
1693659006, 0, 8, 162, 0, 0, 8100.78, 2, 0, 0, 0.52, 694, 222, 7444.53, 20738, 19058
1693659008, 0, 8, 162, 0, 0, 8100.78, 2, 0, 0, 0.48, 695, 222, 7444.53, 20738, 19058
1693659010, 0, 8, 162, 0, 0, 8100.78, 2, 0, 0, 0.49, 696, 222, 7444.53, 20738, 19058
1693659012, 0, 8, 162, 0, 0, 8100.78, 2, 0, 0, 0.49, 697, 222, 7444.53, 20738, 19058
1693659014, 0, 8, 162, 0, 0, 8100.78, 2, 0, 0, 0.50, 698, 222, 7444.53, 20738, 19058
1693659016, 0, 8, 162, 0, 0, 8100.78, 2, 0, 0, 0.45, 699, 222, 7444.53, 20738, 19058
1693659018, 0, 8, 162, 0, 0, 8100.78, 2, 0, 0, 0.50, 700, 222, 7444.53, 20738, 19058
1693659020, 0, 8, 162, 0, 0, 8100.78, 2, 0, 0, 0.53, 701, 222, 7444.53, 20738, 19058
1693659022, 0, 8, 162, 0, 0, 8100.78, 2, 0, 0, 0.50, 702, 222, 7444.53, 20738, 19058
1693659024, 0, 8, 162, 0, 0, 8100.78, 2, 0, 0, 0.49, 703, 222, 7444.53, 20738, 19058
1693659026, 0, 8, 162, 0, 0, 8100.78, 2, 0, 0, 0.45, 704, 222, 7444.53, 20738, 19058
1693659028, 0, 8, 162, 0, 0, 8100.78, 2, 0, 0, 0.50, 705, 222, 7444.53, 20738, 19058
1693659030, 0, 8, 162, 0, 0, 8100.78, 2, 0, 0, 0.51, 706, 222, 7444.53, 20738, 19058
1693659032, 0, 8, 162, 0, 0, 8100.78, 2, 0, 0, 0.47, 707, 222, 7444.53, 20738, 19058
1693659035, 0, 8, 162, 0, 0, 8100.78, 2, 0, 0, 0.46, 708, 222, 7444.53, 20738, 19058
1693659036, 0, 8, 162, 0, 0, 8100.78, 2, 0, 0, 0.51, 709, 222, 7444.53, 20738, 19058
1693659038, 0, 8, 162, 0, 0, 8100.78, 2, 0, 0, 0.50, 710, 222, 7444.53, 20738, 19058
1693659040, 0, 8, 162, 0, 0, 8100.78, 2, 0, 0, 0.50, 711, 222, 7444.53, 20738, 19058
1693659043, 0, 8, 162, 0, 0, 8100.78, 2, 0, 0, 0.43, 712, 222, 7444.53, 20738, 19058
1693659045, 0, 8, 162, 0, 0, 8100.78, 2, 0, 0, 0.49, 713, 222, 7444.53, 20738, 19058
1693659047, 0, 8, 162, 0, 0, 8100.78, 2, 0, 0, 0.49, 714, 222, 7444.53, 20738, 19058
1693659049, 0, 8, 162, 0, 0, 8100.78, 2, 0, 0, 0.48, 715, 222, 7444.53, 20738, 19058
1693659051, 0, 8, 162, 0, 0, 8100.78, 2, 0, 0, 0.44, 716, 222, 7444.53, 20738, 19058
1693659053, 0, 8, 162, 0, 0, 8100.78, 2, 0, 0, 0.50, 717, 222, 7444.53, 20738, 19058
1693659055, 0, 8, 162, 0, 0, 8100.78, 2, 0, 0, 0.51, 718, 222, 7444.53, 20738, 19058
1693659057, 0, 8, 162, 0, 0, 8100.78, 2, 0, 0, 0.53, 719, 222, 7444.53, 20738, 19058
1693659059, 0, 8, 162, 0, 0, 8100.78, 2, 0, 0, 0.48, 720, 222, 7444.53, 20738, 19058
1693659061, 0, 8, 162, 0, 0, 8100.78, 2, 0, 0, 0.47, 721, 222, 7444.53, 20738, 19058
1693659063, 0, 8, 162, 0, 0, 8100.78, 2, 0, 0, 0.53, 722, 222, 7444.53, 20738, 19058
1693659065, 0, 8, 162, 0, 0, 8100.78, 2, 0, 0, 0.51, 723, 222, 7444.53, 20738, 19058
1693659067, 0, 8, 162, 0, 0, 8100.78, 2, 0, 0, 0.46, 724, 222, 7444.53, 20738, 19058
1693659069, 0, 8, 162, 0, 0, 8100.78, 2, 0, 0, 0.47, 725, 222, 7444.53, 20738, 19058
1693659072, 0, 8, 162, 0, 0, 8100.78, 2, 0, 0, 0.48, 726, 222, 7444.53, 20738, 19058
1693659074, 0, 8, 162, 0, 0, 8100.78, 2, 0, 0, 0.49, 727, 222, 7444.53, 20738, 19058
1693659076, 0, 8, 162, 0, 0, 8100.78, 2, 0, 0, 0.44, 728, 222, 7444.53, 20738, 19058
1693659078, 0, 8, 162, 0, 0, 8100.78, 2, 0, 0, 0.44, 729, 222, 7444.53, 20738, 19058
1693659080, 0, 8, 162, 0, 0, 8100.78, 2, 0, 0, 0.51, 730, 222, 7444.53, 20738, 19058
1693659082, 0, 8, 162, 0, 0, 8100.78, 2, 0, 0, 0.50, 731, 222, 7444.53, 20738, 19058
1693659084, 0, 8, 162, 0, 0, 8100.78, 2, 0, 0, 0.49, 732, 222, 7444.53, 20738, 19058
1693659086, 0, 8, 162, 0, 0, 8100.78, 2, 0, 0, 0.47, 733, 222, 7444.53, 20738, 19058
1693659088, 0, 8, 162, 0, 0, 8100.78, 2, 0, 0, 0.47, 734, 222, 7444.53, 20738, 19058
1693659090, 0, 8, 162, 0, 0, 8100.78, 2, 0, 0, 0.49, 735, 222, 7444.53, 20738, 19058
1693659092, 0, 8, 162, 0, 0, 8100.78, 2, 0, 0, 0.51, 736, 222, 7444.53, 20738, 19058
1693659094, 0, 8, 162, 0, 0, 8100.78, 2, 0, 0, 0.46, 737, 222, 7444.53, 20738, 19058
1693659097, 0, 8, 162, 0, 0, 8100.78, 2, 0, 0, 0.47, 738, 222, 7444.53, 20738, 19058
1693659099, 0, 8, 162, 0, 0, 8100.78, 2, 0, 0, 0.49, 739, 222, 7444.53, 20738, 19058
1693659101, 0, 8, 162, 0, 0, 8100.78, 2, 0, 0, 0.49, 740, 222, 7444.53, 20738, 19058
1693659103, 0, 8, 162, 0, 0, 8100.78, 2, 0, 0, 0.49, 741, 222, 7444.53, 20738, 19058
1693659105, 0, 8, 162, 0, 0, 8100.78, 2, 0, 0, 0.43, 742, 222, 7444.53, 20738, 19058
1693659107, 0, 8, 162, 0, 0, 8100.78, 2, 0, 0, 0.50, 743, 222, 7444.53, 20738, 19058
1693659109, 0, 8, 162, 0, 0, 8100.78, 2, 0, 0, 0.48, 744, 222, 7444.53, 20738, 19058
1693659111, 0, 8, 162, 0, 0, 8100.78, 2, 0, 0, 0.46, 745, 222, 7444.53, 20738, 19058
1693659113, 0, 8, 162, 0, 0, 8100.78, 2, 0, 0, 0.47, 746, 222, 7444.53, 20738, 19058
1693659115, 0, 8, 162, 0, 0, 8100.78, 2, 0, 0, 0.51, 747, 222, 7444.53, 20738, 19058
1693659117, 0, 8, 162, 0, 0, 8100.78, 2, 0, 0, 0.51, 748, 222, 7444.53, 20738, 19058
1693659119, 0, 8, 162, 0, 0, 8100.78, 2, 0, 0, 0.47, 749, 222, 7444.53, 20738, 19058
1693659122, 0, 8, 162, 0, 0, 8100.78, 2, 0, 0, 0.41, 750, 222, 7444.53, 20738, 19058
1693659124, 0, 8, 162, 0, 0, 8100.78, 2, 0, 0, 0.50, 751, 222, 7444.53, 20738, 19058
1693659126, 0, 8, 162, 0, 0, 8100.78, 2, 0, 0, 0.50, 752, 222, 7444.53, 20738, 19058
1693659128, 0, 8, 162, 0, 0, 8100.78, 2, 0, 0, 0.49, 753, 222, 7444.53, 20738, 19058
1693659130, 0, 8, 162, 0, 0, 8100.78, 2, 0, 0, 0.46, 754, 222, 7444.53, 20738, 19058
1693659132, 0, 8, 162, 0, 0, 8100.78, 2, 0, 0, 0.48, 755, 222, 7444.53, 20738, 19058
1693659134, 0, 8, 162, 0, 0, 8100.78, 2, 0, 0, 0.47, 756, 222, 7444.53, 20738, 19058
1693659136, 0, 8, 162, 0, 0, 8100.78, 2, 0, 0, 0.47, 757, 222, 7444.53, 20738, 19058
1693659139, 0, 8, 162, 0, 0, 8100.78, 2, 0, 0, 0.45, 758, 222, 7444.53, 20738, 19058
1693659141, 0, 8, 162, 0, 0, 8100.78, 2, 0, 0, 0.47, 759, 222, 7444.53, 20738, 19058
1693659143, 0, 8, 162, 0, 0, 8100.78, 2, 0, 0, 0.50, 760, 222, 7444.53, 20738, 19058
1693659145, 0, 8, 162, 0, 0, 8100.78, 2, 0, 0, 0.49, 761, 222, 7444.53, 20738, 19058
1693659147, 0, 8, 162, 0, 0, 8100.78, 2, 0, 0, 0.47, 762, 222, 7444.53, 20738, 19058
1693659149, 0, 8, 162, 0, 0, 8100.78, 2, 0, 0, 0.46, 763, 222, 7444.53, 20738, 19058
1693659151, 0, 8, 162, 0, 0, 8100.78, 2, 0, 0, 0.48, 764, 222, 7444.53, 20738, 19058
1693659153, 0, 8, 162, 0, 0, 8100.78, 2, 0, 0, 0.50, 765, 222, 7444.53, 20738, 19058
1693659155, 0, 8, 162, 0, 0, 8100.78, 2, 0, 0, 0.46, 766, 222, 7444.53, 20738, 19058
1693659158, 0, 8, 162, 0, 0, 8100.78, 2, 0, 0, 0.47, 767, 222, 7444.53, 20738, 19058
1693659160, 0, 8, 162, 0, 0, 8100.78, 2, 0, 0, 0.50, 768, 222, 7444.53, 20738, 19058
1693659162, 0, 8, 162, 0, 0, 8100.78, 2, 0, 0, 0.51, 769, 222, 7444.53, 20738, 19058
1693659164, 0, 8, 162, 0, 0, 8100.78, 2, 0, 0, 0.44, 770, 222, 7444.53, 20738, 19058
1693659166, 0, 8, 162, 0, 0, 8100.78, 2, 0, 0, 0.46, 771, 222, 7444.53, 20738, 19058
1693659168, 0, 8, 162, 0, 0, 8100.78, 2, 0, 0, 0.51, 772, 222, 7444.53, 20738, 19058
1693659170, 0, 8, 162, 0, 0, 8100.78, 2, 0, 0, 0.49, 773, 222, 7444.53, 20738, 19058
1693659172, 0, 8, 162, 0, 0, 8100.78, 2, 0, 0, 0.47, 774, 222, 7444.53, 20738, 19058
1693659174, 0, 8, 163, 0, 0, 8100.78, 2, 0, 0, 0.45, 775, 222, 7444.53, 20738, 19058
1693659176, 0, 8, 163, 0, 0, 8100.78, 2, 0, 0, 0.48, 776, 222, 7444.53, 20738, 19058
1693659179, 0, 8, 163, 0, 0, 8100.78, 2, 0, 0, 0.45, 777, 222, 7444.53, 20738, 19058
1693659181, 0, 8, 163, 0, 0, 8100.78, 2, 0, 0, 0.46, 778, 222, 7444.53, 20738, 19058
1693659183, 0, 8, 163, 0, 0, 8100.78, 2, 0, 0, 0.45, 779, 222, 7444.53, 20738, 19058
1693659185, 0, 8, 163, 0, 0, 8100.78, 2, 0, 0, 0.46, 780, 222, 7444.53, 20738, 19058
1693659187, 0, 8, 163, 0, 0, 8100.78, 2, 0, 0, 0.51, 781, 222, 7444.53, 20738, 19058
1693659189, 0, 8, 163, 0, 0, 8100.78, 2, 0, 0, 0.46, 782, 222, 7444.53, 20738, 19058
1693659191, 0, 8, 163, 0, 0, 8100.78, 2, 0, 0, 0.46, 783, 222, 7444.53, 20738, 19058
1693659193, 0, 8, 163, 0, 0, 8100.78, 2, 0, 0, 0.50, 784, 222, 7444.53, 20738, 19058
1693659196, 0, 8, 163, 0, 0, 8100.78, 2, 0, 0, 0.48, 785, 222, 7444.53, 20738, 19058
1693659198, 0, 8, 163, 0, 0, 8100.78, 2, 0, 0, 0.45, 786, 222, 7444.53, 20738, 19058
1693659200, 0, 8, 163, 0, 0, 8100.78, 2, 0, 0, 0.44, 787, 222, 7444.53, 20738, 19058
1693659202, 0, 8, 163, 0, 0, 8100.78, 2, 0, 0, 0.49, 788, 222, 7444.53, 20738, 19058
1693659204, 0, 8, 163, 0, 0, 8100.78, 2, 0, 0, 0.52, 789, 222, 7444.53, 20738, 19058
1693659206, 0, 8, 163, 0, 0, 8100.78, 2, 0, 0, 0.47, 790, 222, 7444.53, 20738, 19058
1693659208, 0, 8, 163, 0, 0, 8100.78, 2, 0, 0, 0.47, 791, 222, 7444.53, 20738, 19058
1693659210, 0, 8, 163, 0, 0, 8100.78, 2, 0, 0, 0.47, 792, 222, 7444.53, 20738, 19058
1693659212, 0, 8, 163, 0, 0, 8100.78, 2, 0, 0, 0.49, 793, 222, 7444.53, 20738, 19058
1693659215, 0, 8, 163, 0, 0, 8100.78, 2, 0, 0, 0.48, 794, 222, 7444.53, 20738, 19058
1693659217, 0, 8, 163, 0, 0, 8100.78, 2, 0, 0, 0.47, 795, 222, 7444.53, 20738, 19058
1693659219, 0, 8, 163, 0, 0, 8100.78, 2, 0, 0, 0.50, 796, 222, 7444.53, 20738, 19058
1693659221, 0, 8, 163, 0, 0, 8100.78, 2, 0, 0, 0.47, 797, 222, 7444.53, 20738, 19058
1693659223, 0, 8, 163, 0, 0, 8100.78, 2, 0, 0, 0.45, 798, 222, 7444.53, 20738, 19058
1693659225, 0, 8, 163, 0, 0, 8100.78, 2, 0, 0, 0.47, 799, 222, 7444.53, 20738, 19058
1693659227, 0, 8, 163, 0, 0, 8100.78, 2, 0, 0, 0.47, 800, 222, 7444.53, 20738, 19058
1693659229, 0, 8, 163, 0, 0, 8100.78, 2, 0, 0, 0.50, 801, 222, 7444.53, 20738, 19058
1693659231, 0, 8, 163, 0, 0, 8100.78, 2, 0, 0, 0.46, 802, 222, 7444.53, 20738, 19058
1693659234, 0, 8, 163, 0, 0, 8100.78, 2, 0, 0, 0.41, 803, 222, 7444.53, 20738, 19058
1693659236, 0, 8, 163, 0, 0, 8100.78, 2, 0, 0, 0.50, 804, 222, 7444.53, 20738, 19058
1693659238, 0, 8, 163, 0, 0, 8100.78, 2, 0, 0, 0.50, 805, 222, 7444.53, 20738, 19058
1693659240, 0, 8, 163, 0, 0, 8100.78, 2, 0, 0, 0.47, 806, 222, 7444.53, 20738, 19058
1693659242, 0, 8, 163, 0, 0, 8100.78, 2, 0, 0, 0.44, 807, 222, 7444.53, 20738, 19058
1693659245, 0, 8, 163, 0, 0, 8100.78, 2, 0, 0, 0.45, 808, 222, 7444.53, 20738, 19058
1693659247, 0, 8, 163, 0, 0, 8100.78, 2, 0, 0, 0.49, 809, 222, 7444.53, 20738, 19058
1693659249, 0, 8, 163, 0, 0, 8100.78, 2, 0, 0, 0.47, 810, 222, 7444.53, 20738, 19058
1693659251, 0, 8, 163, 0, 0, 8100.78, 2, 0, 0, 0.47, 811, 222, 7444.53, 20738, 19058
1693659253, 0, 8, 163, 0, 0, 8100.78, 2, 0, 0, 0.47, 812, 222, 7444.53, 20738, 19058
1693659255, 0, 8, 163, 0, 0, 8100.78, 2, 0, 0, 0.51, 813, 222, 7444.53, 20738, 19058
1693659257, 0, 8, 163, 0, 0, 8100.78, 2, 0, 0, 0.51, 814, 222, 7444.53, 20738, 19058
1693659259, 0, 8, 163, 0, 0, 8100.78, 2, 0, 0, 0.47, 815, 222, 7444.53, 20738, 19058
1693659261, 0, 8, 163, 0, 0, 8100.78, 2, 0, 0, 0.42, 816, 222, 7444.53, 20738, 19058
1693659263, 0, 8, 163, 0, 0, 8100.78, 2, 0, 0, 0.50, 817, 222, 7444.53, 20738, 19058
1693659266, 0, 8, 163, 0, 0, 8100.78, 2, 0, 0, 0.45, 818, 222, 7444.53, 20738, 19058
1693659268, 0, 8, 163, 0, 0, 8100.78, 2, 0, 0, 0.44, 819, 222, 7444.53, 20738, 19058
1693659270, 0, 8, 163, 0, 0, 8100.78, 2, 0, 0, 0.46, 820, 222, 7444.53, 20738, 19058
1693659272, 0, 8, 163, 0, 0, 8100.78, 2, 0, 0, 0.46, 821, 222, 7444.53, 20738, 19058
1693659274, 0, 8, 163, 0, 0, 8100.78, 2, 0, 0, 0.48, 822, 222, 7444.53, 20738, 19058
1693659277, 0, 8, 164, 0, 0, 8100.78, 2, 0, 0, 0.42, 823, 222, 7444.53, 20738, 19058
1693659280, 0, 8, 165, 0, 0, 8100.78, 2, 0, 0, 0.35, 824, 222, 7444.53, 20738, 19058
1693659282, 0, 8, 165, 0, 0, 8100.78, 2, 0, 0, 0.47, 825, 222, 7444.53, 20738, 19058
1693659284, 0, 8, 165, 0, 0, 8100.78, 2, 0, 0, 0.46, 826, 222, 7444.53, 20738, 19058
1693659286, 0, 8, 165, 0, 0, 8100.78, 2, 0, 0, 0.44, 827, 222, 7444.53, 20738, 19058
1693659288, 0, 8, 165, 0, 0, 8100.78, 2, 0, 0, 0.42, 828, 222, 7444.53, 20738, 19058
1693659291, 0, 8, 165, 0, 0, 8100.78, 2, 0, 0, 0.48, 829, 222, 7444.53, 20738, 19058
1693659293, 0, 8, 165, 0, 0, 8100.78, 2, 0, 0, 0.47, 830, 222, 7444.53, 20738, 19058
1693659295, 0, 8, 165, 0, 0, 8100.78, 2, 0, 0, 0.45, 831, 222, 7444.53, 20738, 19058
1693659297, 0, 8, 165, 0, 0, 8100.78, 2, 0, 0, 0.45, 832, 222, 7444.53, 20738, 19058
1693659299, 0, 8, 165, 0, 0, 8100.78, 2, 0, 0, 0.46, 833, 222, 7444.53, 20738, 19058
1693659301, 0, 8, 165, 0, 0, 8100.78, 2, 0, 0, 0.50, 834, 222, 7444.53, 20738, 19058
1693659303, 0, 8, 165, 0, 0, 8100.78, 2, 0, 0, 0.44, 835, 222, 7444.53, 20738, 19058
1693659306, 0, 8, 165, 0, 0, 8100.78, 2, 0, 0, 0.45, 836, 222, 7444.53, 20738, 19058
1693659308, 0, 8, 165, 0, 0, 8100.78, 2, 0, 0, 0.48, 837, 222, 7444.53, 20738, 19058
1693659310, 0, 8, 165, 0, 0, 8100.78, 2, 0, 0, 0.45, 838, 222, 7444.53, 20738, 19058
1693659312, 0, 8, 165, 0, 0, 8100.78, 2, 0, 0, 0.44, 839, 222, 7444.53, 20738, 19058
1693659315, 0, 8, 165, 0, 0, 8100.78, 2, 0, 0, 0.43, 840, 222, 7444.53, 20738, 19058
1693659317, 0, 8, 166, 0, 0, 8100.78, 2, 0, 0, 0.44, 841, 222, 7444.53, 20738, 19058
1693659319, 0, 8, 166, 0, 0, 8100.78, 2, 0, 0, 0.47, 842, 222, 7444.53, 20738, 19058
1693659321, 0, 8, 166, 0, 0, 8100.78, 2, 0, 0, 0.44, 843, 222, 7444.53, 20738, 19058
1693659324, 0, 8, 166, 0, 0, 8100.78, 2, 0, 0, 0.42, 844, 222, 7444.53, 20738, 19058
1693659326, 0, 8, 166, 0, 0, 8100.78, 2, 0, 0, 0.46, 845, 222, 7444.53, 20738, 19058
1693659328, 0, 8, 166, 0, 0, 8100.78, 2, 0, 0, 0.46, 846, 222, 7444.53, 20738, 19058
1693659330, 0, 8, 166, 0, 0, 8100.78, 2, 0, 0, 0.48, 847, 222, 7444.53, 20738, 19058
1693659333, 0, 8, 167, 0, 0, 8100.78, 2, 0, 0, 0.41, 848, 222, 7444.53, 20738, 19058
1693659335, 0, 8, 167, 0, 0, 8100.78, 2, 0, 0, 0.45, 849, 222, 7444.53, 20738, 19058
1693659337, 0, 8, 167, 0, 0, 8100.78, 2, 0, 0, 0.47, 850, 222, 7444.53, 20738, 19058
1693659339, 0, 8, 168, 0, 0, 8100.78, 2, 0, 0, 0.42, 851, 222, 7444.53, 20738, 19058
1693659342, 0, 8, 168, 0, 0, 8100.78, 2, 0, 0, 0.40, 852, 222, 7444.53, 20738, 19058
1693659344, 0, 8, 168, 0, 0, 8100.78, 2, 0, 0, 0.39, 853, 222, 7444.53, 20738, 19058
1693659347, 0, 8, 168, 0, 0, 8100.78, 2, 0, 0, 0.45, 854, 222, 7444.53, 20738, 19058
1693659349, 0, 8, 168, 0, 0, 8100.78, 2, 0, 0, 0.47, 855, 222, 7444.53, 20738, 19058
1693659351, 0, 8, 168, 0, 0, 8100.78, 2, 0, 0, 0.40, 856, 222, 7444.53, 20738, 19058
1693659354, 0, 8, 168, 0, 0, 8100.78, 2, 0, 0, 0.39, 857, 222, 7444.53, 20738, 19058
1693659356, 0, 8, 168, 0, 0, 8100.78, 2, 0, 0, 0.47, 858, 222, 7444.53, 20738, 19058
1693659358, 0, 8, 168, 0, 0, 8100.78, 2, 0, 0, 0.47, 859, 222, 7444.53, 20738, 19058
1693659360, 0, 8, 168, 0, 0, 8100.78, 2, 0, 0, 0.44, 860, 222, 7444.53, 20738, 19058
1693659363, 0, 8, 168, 0, 0, 8100.78, 2, 0, 0, 0.44, 861, 222, 7444.53, 20738, 19058
1693659365, 0, 8, 168, 0, 0, 8100.78, 2, 0, 0, 0.49, 862, 222, 7444.53, 20738, 19058
1693659367, 0, 8, 168, 0, 0, 8100.78, 2, 0, 0, 0.43, 863, 222, 7444.53, 20738, 19058
1693659369, 0, 8, 168, 0, 0, 8100.78, 2, 0, 0, 0.43, 864, 222, 7444.53, 20738, 19058
1693659372, 0, 8, 168, 0, 0, 8100.78, 2, 0, 0, 0.43, 865, 222, 7444.53, 20738, 19058
1693659374, 0, 8, 168, 0, 0, 8100.78, 2, 0, 0, 0.44, 866, 222, 7444.53, 20738, 19058
1693659376, 0, 8, 168, 0, 0, 8100.78, 2, 0, 0, 0.42, 867, 222, 7444.53, 20738, 19058
1693659378, 0, 8, 168, 0, 0, 8100.78, 2, 0, 0, 0.44, 868, 222, 7444.53, 20738, 19058
1693659381, 0, 8, 168, 0, 0, 8100.78, 2, 0, 0, 0.42, 869, 222, 7444.53, 20738, 19058
1693659383, 0, 8, 168, 0, 0, 8100.78, 2, 0, 0, 0.48, 870, 222, 7444.53, 20738, 19058
1693659385, 0, 8, 168, 0, 0, 8100.78, 2, 0, 0, 0.47, 871, 222, 7444.53, 20738, 19058
1693659387, 0, 8, 168, 0, 0, 8100.78, 2, 0, 0, 0.44, 872, 222, 7444.53, 20738, 19058
1693659390, 0, 8, 168, 0, 0, 8100.78, 2, 0, 0, 0.41, 873, 222, 7444.53, 20738, 19058
1693659392, 0, 8, 168, 0, 0, 8100.78, 2, 0, 0, 0.45, 874, 222, 7444.53, 20738, 19058
1693659394, 0, 8, 168, 0, 0, 8100.78, 2, 0, 0, 0.44, 875, 222, 7444.53, 20738, 19058
1693659397, 0, 8, 168, 0, 0, 8100.78, 2, 0, 0, 0.44, 876, 222, 7444.53, 20738, 19058
1693659399, 0, 8, 168, 0, 0, 8100.78, 2, 0, 0, 0.40, 877, 222, 7444.53, 20738, 19058
1693659401, 0, 8, 168, 0, 0, 8100.78, 2, 0, 0, 0.46, 878, 222, 7444.53, 20738, 19058
1693659403, 0, 8, 168, 0, 0, 8100.78, 2, 0, 0, 0.47, 879, 222, 7444.53, 20738, 19058
1693659406, 0, 8, 168, 0, 0, 8100.78, 2, 0, 0, 0.42, 880, 222, 7444.53, 20738, 19058
1693659408, 0, 8, 168, 0, 0, 8100.78, 2, 0, 0, 0.42, 881, 222, 7444.53, 20738, 19058
1693659410, 0, 8, 168, 0, 0, 8100.78, 2, 0, 0, 0.44, 882, 222, 7444.53, 20738, 19058
1693659413, 0, 8, 168, 0, 0, 8100.78, 2, 0, 0, 0.45, 883, 222, 7444.53, 20738, 19058
1693659415, 0, 8, 168, 0, 0, 8100.78, 2, 0, 0, 0.45, 884, 222, 7444.53, 20738, 19058
1693659417, 0, 8, 168, 0, 0, 8100.78, 2, 0, 0, 0.42, 885, 222, 7444.53, 20738, 19058
1693659420, 0, 8, 168, 0, 0, 8100.78, 2, 0, 0, 0.40, 886, 222, 7444.53, 20738, 19058
1693659422, 0, 8, 168, 0, 0, 8100.78, 2, 0, 0, 0.44, 887, 222, 7444.53, 20738, 19058
1693659424, 0, 8, 168, 0, 0, 8100.78, 2, 0, 0, 0.44, 888, 222, 7444.53, 20738, 19058
1693659427, 0, 8, 168, 0, 0, 8100.78, 2, 0, 0, 0.41, 889, 222, 7444.53, 20738, 19058
1693659429, 0, 8, 168, 0, 0, 8100.78, 2, 0, 0, 0.44, 890, 222, 7444.53, 20738, 19058
1693659431, 0, 8, 168, 0, 0, 8100.78, 2, 0, 0, 0.47, 891, 222, 7444.53, 20738, 19058
1693659433, 0, 8, 168, 0, 0, 8100.78, 2, 0, 0, 0.44, 892, 222, 7444.53, 20738, 19058
1693659436, 0, 8, 168, 0, 0, 8100.78, 2, 0, 0, 0.37, 893, 222, 7444.53, 20738, 19058
1693659438, 0, 8, 168, 0, 0, 8100.78, 2, 0, 0, 0.47, 894, 222, 7444.53, 20738, 19058
1693659440, 0, 8, 168, 0, 0, 8100.78, 2, 0, 0, 0.47, 895, 222, 7444.53, 20738, 19058
1693659443, 0, 8, 168, 0, 0, 8100.78, 2, 0, 0, 0.37, 896, 222, 7444.53, 20738, 19058
1693659445, 0, 8, 168, 0, 0, 8100.78, 2, 0, 0, 0.43, 897, 222, 7444.53, 20738, 19058
1693659448, 0, 8, 168, 0, 0, 8100.78, 2, 0, 0, 0.41, 898, 222, 7444.53, 20738, 19058
1693659450, 0, 8, 168, 0, 0, 8100.78, 2, 0, 0, 0.42, 899, 222, 7444.53, 20738, 19058
1693659453, 0, 8, 168, 0, 0, 8100.78, 2, 0, 0, 0.38, 900, 222, 7444.53, 20738, 19058
1693659455, 0, 8, 168, 0, 0, 8100.78, 2, 0, 0, 0.42, 901, 222, 7444.53, 20738, 19058
1693659458, 0, 8, 168, 0, 0, 8100.78, 2, 0, 0, 0.45, 902, 222, 7444.53, 20738, 19058
1693659460, 0, 8, 168, 0, 0, 8100.78, 2, 0, 0, 0.42, 903, 222, 7444.53, 20738, 19058
1693659462, 0, 8, 168, 0, 0, 8100.78, 2, 0, 0, 0.45, 904, 222, 7444.53, 20738, 19058
1693659464, 0, 8, 168, 0, 0, 8100.78, 2, 0, 0, 0.44, 905, 222, 7444.53, 20738, 19058
1693659467, 0, 8, 168, 0, 0, 8100.78, 2, 0, 0, 0.44, 906, 222, 7444.53, 20738, 19058
1693659469, 0, 8, 168, 0, 0, 8100.78, 2, 0, 0, 0.42, 907, 222, 7444.53, 20738, 19058
1693659471, 0, 8, 168, 0, 0, 8100.78, 2, 0, 0, 0.45, 908, 222, 7444.53, 20738, 19058
1693659473, 0, 8, 168, 0, 0, 8100.78, 2, 0, 0, 0.44, 909, 222, 7444.53, 20738, 19058
1693659476, 0, 8, 168, 0, 0, 8100.78, 2, 0, 0, 0.43, 910, 222, 7444.53, 20738, 19058
1693659478, 0, 8, 168, 0, 0, 8100.78, 2, 0, 0, 0.43, 911, 222, 7444.53, 20738, 19058
1693659480, 0, 8, 168, 0, 0, 8100.78, 2, 0, 0, 0.46, 912, 222, 7444.53, 20738, 19058
1693659483, 0, 8, 168, 0, 0, 8100.78, 2, 0, 0, 0.43, 913, 222, 7444.53, 20738, 19058
1693659485, 0, 8, 168, 0, 0, 8100.78, 2, 0, 0, 0.44, 914, 222, 7444.53, 20738, 19058
1693659487, 0, 8, 168, 0, 0, 8100.78, 2, 0, 0, 0.41, 915, 222, 7444.53, 20738, 19058
1693659490, 0, 8, 168, 0, 0, 8100.78, 2, 0, 0, 0.41, 916, 222, 7444.53, 20738, 19058
1693659492, 0, 8, 168, 0, 0, 8100.78, 2, 0, 0, 0.42, 917, 222, 7444.53, 20738, 19058
1693659495, 0, 8, 169, 0, 0, 8100.78, 2, 0, 0, 0.43, 918, 222, 7444.53, 20738, 19058
1693659497, 0, 8, 170, 0, 0, 8100.78, 2, 0, 0, 0.39, 919, 222, 7444.53, 20738, 19058
1693659500, 0, 8, 170, 0, 0, 8100.78, 2, 0, 0, 0.40, 920, 222, 7444.53, 20738, 19058
1693659502, 0, 8, 170, 0, 0, 8100.78, 2, 0, 0, 0.43, 921, 222, 7444.53, 20738, 19058
1693659504, 0, 8, 170, 0, 0, 8100.78, 2, 0, 0, 0.47, 922, 222, 7444.53, 20738, 19058
1693659506, 0, 8, 170, 0, 0, 8100.78, 2, 0, 0, 0.46, 923, 222, 7444.53, 20738, 19058
1693659509, 0, 8, 170, 0, 0, 8100.78, 2, 0, 0, 0.41, 924, 222, 7444.53, 20738, 19058
1693659511, 0, 8, 170, 0, 0, 8100.78, 2, 0, 0, 0.43, 925, 222, 7444.53, 20738, 19058
1693659513, 0, 8, 170, 0, 0, 8100.78, 2, 0, 0, 0.43, 926, 222, 7444.53, 20738, 19058
1693659516, 0, 8, 170, 0, 0, 8100.78, 2, 0, 0, 0.38, 927, 222, 7444.53, 20738, 19058
1693659518, 0, 8, 170, 0, 0, 8100.78, 2, 0, 0, 0.43, 928, 222, 7444.53, 20738, 19058
1693659521, 0, 8, 170, 0, 0, 8100.78, 2, 0, 0, 0.42, 929, 222, 7444.53, 20738, 19058
1693659523, 0, 8, 170, 0, 0, 8100.78, 2, 0, 0, 0.43, 930, 222, 7444.53, 20738, 19058
1693659525, 0, 8, 170, 0, 0, 8100.78, 2, 0, 0, 0.45, 931, 222, 7444.53, 20738, 19058
1693659527, 0, 8, 170, 0, 0, 8100.78, 2, 0, 0, 0.45, 932, 222, 7444.53, 20738, 19058
1693659530, 0, 8, 170, 0, 0, 8100.78, 2, 0, 0, 0.38, 933, 222, 7444.53, 20738, 19058
1693659533, 0, 8, 170, 0, 0, 8100.78, 2, 0, 0, 0.36, 934, 222, 7444.53, 20738, 19058
1693659535, 0, 8, 170, 0, 0, 8100.78, 2, 0, 0, 0.39, 935, 222, 7444.53, 20738, 19058
1693659538, 0, 8, 170, 0, 0, 8100.78, 2, 0, 0, 0.42, 936, 222, 7444.53, 20738, 19058
1693659541, 0, 8, 170, 0, 0, 8100.78, 2, 0, 0, 0.35, 937, 222, 7444.53, 20738, 19058
1693659543, 0, 8, 170, 0, 0, 8100.78, 2, 0, 0, 0.34, 938, 222, 7444.53, 20738, 19058
1693659546, 0, 8, 170, 0, 0, 8100.78, 2, 0, 0, 0.39, 939, 222, 7444.53, 20738, 19058
1693659548, 0, 8, 170, 0, 0, 8100.78, 2, 0, 0, 0.43, 940, 222, 7444.53, 20738, 19058
1693659551, 0, 8, 170, 0, 0, 8100.78, 2, 0, 0, 0.37, 941, 222, 7444.53, 20738, 19058
1693659554, 0, 8, 170, 0, 0, 8100.78, 2, 0, 0, 0.39, 942, 222, 7444.53, 20738, 19058
1693659556, 0, 8, 170, 0, 0, 8100.78, 2, 0, 0, 0.41, 943, 222, 7444.53, 20738, 19058
1693659558, 0, 8, 170, 0, 0, 8100.78, 2, 0, 0, 0.43, 944, 222, 7444.53, 20738, 19058
1693659561, 0, 8, 170, 0, 0, 8100.78, 2, 0, 0, 0.37, 945, 222, 7444.53, 20738, 19058
1693659564, 0, 8, 170, 0, 0, 8100.78, 2, 0, 0, 0.38, 946, 222, 7444.53, 20738, 19058
1693659566, 0, 8, 170, 0, 0, 8100.78, 2, 0, 0, 0.42, 947, 222, 7444.53, 20738, 19058
1693659569, 0, 8, 170, 0, 0, 8100.78, 2, 0, 0, 0.39, 948, 222, 7444.53, 20738, 19058
1693659572, 0, 8, 170, 0, 0, 8100.78, 2, 0, 0, 0.34, 949, 222, 7444.53, 20738, 19058
1693659574, 0, 8, 170, 0, 0, 8100.78, 2, 0, 0, 0.37, 950, 222, 7444.53, 20738, 19058
1693659577, 0, 8, 170, 0, 0, 8100.78, 2, 0, 0, 0.39, 951, 222, 7444.53, 20738, 19058
1693659580, 0, 8, 170, 0, 0, 8100.78, 2, 0, 0, 0.36, 952, 222, 7444.53, 20738, 19058
1693659582, 0, 8, 170, 0, 0, 8100.78, 2, 0, 0, 0.39, 953, 222, 7444.53, 20738, 19058
1693659585, 0, 8, 170, 0, 0, 8100.78, 2, 0, 0, 0.38, 954, 222, 7444.53, 20738, 19058
1693659588, 0, 8, 170, 0, 0, 8100.78, 2, 0, 0, 0.36, 955, 222, 7444.53, 20738, 19058
1693659590, 0, 8, 170, 0, 0, 8100.78, 2, 0, 0, 0.37, 956, 222, 7444.53, 20738, 19058
1693659593, 0, 8, 170, 0, 0, 8100.78, 2, 0, 0, 0.41, 957, 222, 7444.53, 20738, 19058
1693659595, 0, 8, 170, 0, 0, 8100.78, 2, 0, 0, 0.38, 958, 222, 7444.53, 20738, 19058
1693659598, 0, 8, 170, 0, 0, 8100.78, 2, 0, 0, 0.41, 959, 222, 7444.53, 20738, 19058
1693659601, 0, 8, 170, 0, 0, 8100.78, 2, 0, 0, 0.36, 960, 222, 7444.53, 20738, 19058
1693659604, 0, 8, 170, 0, 0, 8100.78, 2, 0, 0, 0.34, 961, 222, 7444.53, 20738, 19058
1693659606, 0, 8, 170, 0, 0, 8100.78, 2, 0, 0, 0.37, 962, 222, 7444.53, 20738, 19058
1693659609, 0, 8, 170, 0, 0, 8100.78, 2, 0, 0, 0.41, 963, 222, 7444.53, 20738, 19058
1693659611, 0, 8, 170, 0, 0, 8100.78, 2, 0, 0, 0.41, 964, 222, 7444.53, 20738, 19058
1693659614, 0, 8, 170, 0, 0, 8100.78, 2, 0, 0, 0.37, 965, 222, 7444.53, 20738, 19058
1693659617, 0, 8, 170, 0, 0, 8100.78, 2, 0, 0, 0.37, 966, 222, 7444.53, 20738, 19058
1693659619, 0, 8, 170, 0, 0, 8100.78, 2, 0, 0, 0.39, 967, 222, 7444.53, 20738, 19058
1693659622, 0, 8, 170, 0, 0, 8100.78, 2, 0, 0, 0.41, 968, 222, 7444.53, 20738, 19058
1693659625, 0, 8, 170, 0, 0, 8100.78, 2, 0, 0, 0.32, 969, 222, 7444.53, 20738, 19058
1693659627, 0, 8, 170, 0, 0, 8100.78, 2, 0, 0, 0.37, 970, 222, 7444.53, 20738, 19058
1693659630, 0, 8, 170, 0, 0, 8100.78, 2, 0, 0, 0.42, 971, 222, 7444.53, 20738, 19058
1693659632, 0, 8, 170, 0, 0, 8100.78, 2, 0, 0, 0.40, 972, 222, 7444.53, 20738, 19058
1693659635, 0, 8, 170, 0, 0, 8100.78, 2, 0, 0, 0.39, 973, 222, 7444.53, 20738, 19058
1693659638, 0, 8, 170, 0, 0, 8100.78, 2, 0, 0, 0.35, 974, 222, 7444.53, 20738, 19058
1693659640, 0, 8, 170, 0, 0, 8100.78, 2, 0, 0, 0.40, 975, 222, 7444.53, 20738, 19058
1693659643, 0, 8, 170, 0, 0, 8100.78, 2, 0, 0, 0.36, 976, 222, 7444.53, 20738, 19058
1693659646, 0, 8, 170, 0, 0, 8100.78, 2, 0, 0, 0.35, 977, 222, 7444.53, 20738, 19058
1693659648, 0, 8, 170, 0, 0, 8100.78, 2, 0, 0, 0.38, 978, 222, 7444.53, 20738, 19058
1693659651, 0, 8, 170, 0, 0, 8100.78, 2, 0, 0, 0.38, 979, 222, 7444.53, 20738, 19058
1693659653, 0, 8, 170, 0, 0, 8100.78, 2, 0, 0, 0.41, 980, 222, 7444.53, 20738, 19058
1693659656, 0, 8, 170, 0, 0, 8100.78, 2, 0, 0, 0.37, 981, 222, 7444.53, 20738, 19058
1693659659, 0, 8, 170, 0, 0, 8100.78, 2, 0, 0, 0.39, 982, 222, 7444.53, 20738, 19058
1693659661, 0, 8, 170, 0, 0, 8100.78, 2, 0, 0, 0.41, 983, 222, 7444.53, 20738, 19058
1693659664, 0, 8, 170, 0, 0, 8100.78, 2, 0, 0, 0.38, 984, 222, 7444.53, 20738, 19058
1693659667, 0, 8, 170, 0, 0, 8100.78, 2, 0, 0, 0.35, 985, 222, 7444.53, 20738, 19058
1693659669, 0, 8, 170, 0, 0, 8100.78, 2, 0, 0, 0.38, 986, 222, 7444.53, 20738, 19058
1693659672, 0, 8, 170, 0, 0, 8100.78, 2, 0, 0, 0.39, 987, 222, 7444.53, 20738, 19058
1693659674, 0, 8, 170, 0, 0, 8100.78, 2, 0, 0, 0.38, 988, 222, 7444.53, 20738, 19058
1693659678, 0, 8, 170, 0, 0, 8100.78, 2, 0, 0, 0.33, 989, 222, 7444.53, 20738, 19058
1693659680, 0, 8, 170, 0, 0, 8100.78, 2, 0, 0, 0.35, 990, 222, 7444.53, 20738, 19058
1693659683, 0, 8, 170, 0, 0, 8100.78, 2, 0, 0, 0.35, 991, 222, 7444.53, 20738, 19058
1693659686, 0, 8, 170, 0, 0, 8100.78, 2, 0, 0, 0.40, 992, 222, 7444.53, 20738, 19058
1693659688, 0, 8, 170, 0, 0, 8100.78, 2, 0, 0, 0.36, 993, 222, 7444.53, 20738, 19058
1693659691, 0, 8, 170, 0, 0, 8100.78, 2, 0, 0, 0.39, 994, 222, 7444.53, 20738, 19058
1693659694, 0, 8, 170, 0, 0, 8100.78, 2, 0, 0, 0.39, 995, 222, 7444.53, 20738, 19058
1693659696, 0, 8, 170, 0, 0, 8100.78, 2, 0, 0, 0.37, 996, 222, 7444.53, 20738, 19058
1693659699, 0, 8, 170, 0, 0, 8100.78, 2, 0, 0, 0.34, 997, 222, 7444.53, 20738, 19058
1693659702, 0, 8, 170, 0, 0, 8100.78, 2, 0, 0, 0.33, 998, 222, 7444.53, 20738, 19058
1693659705, 0, 8, 170, 0, 0, 8100.78, 2, 0, 0, 0.39, 999, 222, 7444.53, 20738, 19058
1693659708, 0, 8, 170, 0, 0, 8100.78, 2, 0, 0, 0.39, 1000, 222, 7444.53, 20738, 19058
1693659710, 0, 8, 170, 0, 0, 8100.78, 2, 0, 0, 0.36, 1001, 222, 7444.53, 20738, 19058
1693659713, 0, 8, 170, 0, 0, 8100.78, 2, 0, 0, 0.35, 1002, 222, 7444.53, 20738, 19058
1693659716, 0, 8, 170, 0, 0, 8100.78, 2, 0, 0, 0.35, 1003, 222, 7444.53, 20738, 19058
1693659719, 0, 8, 170, 0, 0, 8100.78, 2, 0, 0, 0.39, 1004, 222, 7444.53, 20738, 19058
1693659722, 0, 8, 170, 0, 0, 8100.78, 2, 0, 0, 0.34, 1005, 222, 7444.53, 20738, 19058
1693659725, 0, 8, 170, 0, 0, 8100.78, 2, 0, 0, 0.33, 1006, 222, 7444.53, 20738, 19058
1693659727, 0, 8, 170, 0, 0, 8100.78, 2, 0, 0, 0.36, 1007, 222, 7444.53, 20738, 19058
1693659730, 0, 8, 170, 0, 0, 8100.78, 2, 0, 0, 0.40, 1008, 222, 7444.53, 20738, 19058
1693659733, 0, 8, 170, 0, 0, 8100.78, 2, 0, 0, 0.32, 1009, 222, 7444.53, 20738, 19058
1693659736, 0, 8, 170, 0, 0, 8100.78, 2, 0, 0, 0.34, 1010, 222, 7444.53, 20738, 19058
1693659739, 0, 8, 170, 0, 0, 8100.78, 2, 0, 0, 0.35, 1011, 222, 7444.53, 20738, 19058
1693659741, 0, 8, 170, 0, 0, 8100.78, 2, 0, 0, 0.41, 1012, 222, 7444.53, 20738, 19058
1693659744, 0, 8, 170, 0, 0, 8100.78, 2, 0, 0, 0.33, 1013, 222, 7444.53, 20738, 19058
1693659747, 0, 8, 170, 0, 0, 8100.78, 2, 0, 0, 0.39, 1014, 222, 7444.53, 20738, 19058
1693659749, 0, 8, 170, 0, 0, 8100.78, 2, 0, 0, 0.39, 1015, 222, 7444.53, 20738, 19058
1693659752, 0, 8, 170, 0, 0, 8100.78, 2, 0, 0, 0.33, 1016, 222, 7444.53, 20738, 19058
1693659755, 0, 8, 170, 0, 0, 8100.78, 2, 0, 0, 0.32, 1017, 222, 7444.53, 20738, 19058
1693659758, 0, 8, 170, 0, 0, 8100.78, 2, 0, 0, 0.37, 1018, 222, 7444.53, 20738, 19058
1693659761, 0, 8, 170, 0, 0, 8100.78, 2, 0, 0, 0.35, 1019, 222, 7444.53, 20738, 19058
1693659761, 0, 9, 170, 0, 0, 8100.78, 2, 0, 0, 5.95, 1019, 224, 7444.53, 20738, 19058
1693659762, 0, 9, 172, 0, 0, 8101.56, 2, 0, 0, 6.27, 1020, 225, 7445.31, 20740, 19060
1693659762, 0, 9, 172, 0, 0, 8101.56, 2, 0, 0, 7.50, 1021, 227, 7445.31, 20740, 19060
1693659766, 0, 9, 172, 0, 0, 8101.56, 2, 0, 0, 0.28, 1022, 227, 7445.31, 20740, 19060
1693659766, 0, 9, 173, 0, 0, 8102.34, 2, 0, 0, 5.21, 1022, 229, 7445.31, 20742, 19060
1693659766, 0, 9, 173, 0, 0, 8102.34, 2, 0, 0, 3.08, 1022, 230, 7445.31, 20742, 19060
1693659767, 0, 9, 174, 0, 0, 8113.67, 2, 0, 0, 1.41, 1023, 230, 7456.64, 20771, 19089
1693659768, 0, 9, 174, 0, 0, 8113.67, 2, 0, 0, 2.92, 1024, 230, 7456.64, 20771, 19089
1693659768, 0, 9, 174, 0, 0, 8113.67, 2, 0, 0, 5.26, 1024, 232, 7456.64, 20771, 19089
1693659768, 0, 9, 174, 0, 0, 8113.67, 2, 0, 0, 5.36, 1025, 233, 7456.64, 20771, 19089
1693659769, 0, 9, 174, 0, 0, 8113.67, 2, 0, 0, 5.52, 1025, 235, 7456.64, 20771, 19089
1693659769, 0, 9, 174, 0, 0, 8113.67, 2, 0, 0, 7.28, 1025, 238, 7456.64, 20771, 19089
1693659769, 0, 9, 174, 0, 0, 8113.67, 2, 0, 0, 7.26, 1026, 240, 7456.64, 20771, 19089
1693659770, 0, 9, 175, 0, 0, 8114.45, 2, 0, 0, 6.10, 1027, 241, 7456.64, 20773, 19089
1693659770, 0, 9, 175, 0, 0, 8114.45, 2, 0, 0, 2.87, 1028, 241, 7456.64, 20773, 19089
1693659770, 0, 9, 175, 0, 0, 8114.45, 2, 0, 0, 6.02, 1028, 243, 7456.64, 20773, 19089
1693659771, 0, 9, 175, 0, 0, 8114.45, 2, 0, 0, 6.37, 1028, 245, 7456.64, 20773, 19089
1693659771, 0, 9, 175, 0, 0, 8114.45, 2, 0, 0, 6.77, 1028, 248, 7456.64, 20773, 19089
1693659772, 0, 9, 175, 0, 0, 8114.45, 2, 0, 0, 6.31, 1028, 250, 7456.64, 20773, 19089
1693659772, 0, 9, 175, 0, 0, 8114.45, 2, 0, 0, 6.35, 1029, 251, 7456.64, 20773, 19089
1693659772, 0, 9, 175, 0, 0, 8114.45, 2, 0, 0, 5.56, 1029, 253, 7456.64, 20773, 19089
1693659777, 0, 9, 176, 0, 0, 8114.45, 2, 0, 0, 0.21, 1030, 253, 7456.64, 20773, 19089
1693659777, 0, 9, 176, 0, 0, 8114.45, 2, 0, 0, 3.23, 1031, 254, 7456.64, 20773, 19089
1693659778, 0, 9, 176, 0, 0, 8114.45, 2, 0, 0, 5.49, 1031, 256, 7456.64, 20773, 19089
1693659778, 0, 9, 176, 0, 0, 8114.45, 2, 0, 0, 5.18, 1032, 257, 7456.64, 20773, 19089
1693659779, 0, 9, 176, 0, 0, 8114.45, 2, 0, 0, 5.17, 1032, 259, 7456.64, 20773, 19089
1693659779, 0, 9, 176, 0, 0, 8114.45, 2, 0, 0, 4.98, 1033, 260, 7456.64, 20773, 19089
1693659780, 0, 9, 176, 0, 0, 8114.45, 2, 0, 0, 4.11, 1033, 262, 7456.64, 20773, 19089
1693659780, 0, 9, 176, 0, 0, 8114.45, 2, 0, 0, 5.81, 1033, 264, 7456.64, 20773, 19089
1693659780, 0, 9, 176, 0, 0, 8114.45, 2, 0, 0, 6.27, 1034, 265, 7456.64, 20773, 19089
1693659781, 0, 9, 177, 0, 0, 8114.84, 2, 0, 0, 5.73, 1035, 266, 7457.03, 20774, 19090
1693659785, 0, 10, 177, 0, 0, 8114.84, 2, 0, 0, 0.22, 1036, 266, 7457.03, 20774, 19090
1693659788, 0, 10, 177, 0, 0, 8114.84, 2, 0, 0, 0.32, 1036, 267, 7457.03, 20774, 19090
1693659792, 0, 10, 178, 0, 0, 8114.84, 2, 0, 0, 0.28, 1037, 267, 7457.03, 20774, 19090
1693659792, 0, 10, 178, 0, 0, 8114.84, 2, 0, 0, 2.49, 1038, 267, 7457.03, 20774, 19090
1693659793, 0, 10, 178, 0, 0, 8114.84, 2, 0, 0, 2.49, 1039, 267, 7457.03, 20774, 19090
1693659793, 0, 10, 178, 0, 0, 8114.84, 2, 0, 0, 2.84, 1041, 267, 7457.03, 20774, 19090
1693659794, 0, 10, 178, 0, 0, 8114.84, 2, 0, 0, 3.14, 1042, 267, 7457.03, 20774, 19090
1693659794, 0, 10, 178, 0, 0, 8114.84, 2, 0, 0, 5.21, 1043, 268, 7457.03, 20774, 19090
1693659794, 0, 10, 178, 0, 0, 8114.84, 2, 0, 0, 4.78, 1045, 268, 7457.03, 20774, 19090
1693659795, 0, 10, 178, 0, 0, 8114.84, 2, 0, 0, 4.12, 1046, 269, 7457.03, 20774, 19090
1693659799, 0, 10, 178, 0, 0, 8114.84, 2, 0, 0, 0.52, 1048, 269, 7457.03, 20774, 19090
1693659799, 0, 10, 178, 0, 0, 8114.84, 2, 0, 0, 3.57, 1050, 269, 7457.03, 20774, 19090
1693659803, 0, 10, 178, 0, 0, 8114.84, 2, 0, 0, 0.26, 1051, 269, 7457.03, 20774, 19090
1693659804, 0, 10, 178, 0, 0, 8114.84, 2, 0, 0, 2.50, 1052, 269, 7457.03, 20774, 19090
1693659804, 0, 10, 179, 0, 0, 8114.84, 2, 0, 0, 2.35, 1053, 269, 7457.03, 20774, 19090
1693659805, 0, 10, 179, 0, 0, 8114.84, 2, 0, 0, 3.59, 1054, 270, 7457.03, 20774, 19090
1693659811, 0, 10, 180, 0, 0, 8114.84, 2, 0, 0, 0.15, 1055, 270, 7457.03, 20774, 19090
1693659812, 0, 10, 180, 0, 0, 8114.84, 2, 0, 0, 4.56, 1056, 271, 7457.03, 20774, 19090
1693659812, 0, 10, 180, 0, 0, 8114.84, 2, 0, 0, 3.00, 1057, 271, 7457.03, 20774, 19090
1693659812, 0, 10, 180, 0, 0, 8114.84, 2, 0, 0, 4.21, 1059, 271, 7457.03, 20774, 19090
1693659819, 0, 10, 180, 0, 0, 8114.84, 2, 0, 0, 0.16, 1060, 271, 7457.03, 20774, 19090
1693659819, 0, 10, 180, 0, 0, 8114.84, 2, 0, 0, 5.36, 1061, 272, 7457.03, 20774, 19090
1693659819, 0, 10, 180, 0, 0, 8114.84, 2, 0, 0, 6.25, 1063, 272, 7457.03, 20774, 19090
1693659820, 0, 10, 180, 0, 0, 8114.84, 2, 0, 0, 4.19, 1065, 272, 7457.03, 20774, 19090
1693659820, 0, 10, 180, 0, 0, 8114.84, 2, 0, 0, 5.52, 1067, 272, 7457.03, 20774, 19090
1693659821, 0, 10, 180, 0, 0, 8114.84, 2, 0, 0, 6.02, 1067, 274, 7457.03, 20774, 19090
1693659821, 0, 10, 180, 0, 0, 8114.84, 2, 0, 0, 6.13, 1069, 274, 7457.03, 20774, 19090
1693659821, 0, 10, 180, 0, 0, 8114.84, 2, 0, 0, 4.07, 1071, 274, 7457.03, 20774, 19090
1693659822, 0, 10, 180, 0, 0, 8114.84, 2, 0, 0, 5.21, 1073, 274, 7457.03, 20774, 19090
1693659822, 0, 10, 180, 0, 0, 8114.84, 2, 0, 0, 4.71, 1074, 275, 7457.03, 20774, 19090
1693659822, 0, 10, 180, 0, 0, 8114.84, 2, 0, 0, 6.12, 1075, 276, 7457.03, 20774, 19090
1693659823, 0, 10, 180, 0, 0, 8114.84, 2, 0, 0, 3.72, 1077, 276, 7457.03, 20774, 19090
1693659823, 0, 10, 180, 0, 0, 8114.84, 2, 0, 0, 7.06, 1080, 276, 7457.03, 20774, 19090
1693659824, 0, 10, 180, 0, 0, 8114.84, 2, 0, 0, 5.67, 1081, 277, 7457.03, 20774, 19090
1693659824, 0, 10, 180, 0, 0, 8114.84, 2, 0, 0, 4.73, 1082, 278, 7457.03, 20774, 19090
1693659825, 0, 10, 180, 0, 0, 8114.84, 2, 0, 0, 5.13, 1084, 278, 7457.03, 20774, 19090
1693659825, 0, 10, 180, 0, 0, 8114.84, 2, 0, 0, 5.29, 1085, 279, 7457.03, 20774, 19090
1693659825, 0, 10, 180, 0, 0, 8114.84, 2, 0, 0, 5.78, 1086, 280, 7457.03, 20774, 19090
1693659829, 0, 10, 180, 0, 0, 8114.84, 2, 0, 0, 0.60, 1086, 282, 7457.03, 20774, 19090
1693659829, 0, 10, 180, 0, 0, 8114.84, 2, 0, 0, 4.88, 1087, 283, 7457.03, 20774, 19090
1693659829, 0, 10, 180, 0, 0, 8114.84, 2, 0, 0, 3.29, 1088, 283, 7457.03, 20774, 19090
1693659834, 0, 10, 181, 0, 0, 8153.52, 2, 0, 0, 0.21, 1089, 283, 7495.70, 20873, 19189
1693659835, 0, 10, 181, 0, 0, 8153.52, 2, 0, 0, 5.26, 1091, 284, 7495.70, 20873, 19189
1693659835, 0, 10, 181, 0, 0, 8153.52, 2, 0, 0, 5.92, 1093, 284, 7495.70, 20873, 19189
1693659835, 0, 10, 181, 0, 0, 8153.52, 2, 0, 0, 6.21, 1094, 285, 7495.70, 20873, 19189
1693659836, 0, 10, 181, 0, 0, 8153.52, 2, 0, 0, 3.72, 1096, 285, 7495.70, 20873, 19189
1693659836, 0, 10, 181, 0, 0, 8153.52, 2, 0, 0, 4.04, 1098, 285, 7495.70, 20873, 19189
1693659840, 0, 10, 182, 0, 0, 8153.52, 2, 0, 0, 0.55, 1100, 285, 7495.70, 20873, 19189
1693659841, 0, 10, 182, 0, 0, 8153.52, 2, 0, 0, 3.28, 1101, 286, 7495.70, 20873, 19189
1693659841, 0, 10, 182, 0, 0, 8153.52, 2, 0, 0, 3.51, 1102, 287, 7495.70, 20873, 19189
1693659851, 0, 10, 183, 0, 0, 8942.97, 2, 0, 0, 0.21, 1104, 287, 8312.50, 22894, 21280
1693659851, 0, 11, 184, 0, 0, 8962.50, 2, 0, 0, 1.71, 1105, 287, 8332.03, 22944, 21330
1693659852, 0, 11, 185, 0, 0, 8966.02, 2, 0, 0, 4.71, 1107, 287, 8335.55, 22953, 21339
1693659852, 0, 11, 185, 0, 0, 8966.02, 2, 0, 0, 4.93, 1109, 287, 8335.55, 22953, 21339
1693659853, 0, 11, 185, 0, 0, 8966.02, 2, 0, 0, 2.82, 1110, 287, 8335.55, 22953, 21339
1693659853, 0, 11, 185, 0, 0, 8966.02, 2, 0, 0, 4.23, 1112, 287, 8335.55, 22953, 21339
1693659853, 0, 11, 185, 0, 0, 8966.02, 2, 0, 0, 4.26, 1113, 288, 8335.55, 22953, 21339
1693659854, 0, 11, 185, 0, 0, 8966.02, 2, 0, 0, 4.62, 1115, 288, 8335.55, 22953, 21339
1693659854, 0, 11, 185, 0, 0, 8966.02, 2, 0, 0, 4.52, 1117, 288, 8335.55, 22953, 21339
1693659855, 0, 11, 185, 0, 0, 8966.02, 2, 0, 0, 6.12, 1118, 289, 8335.55, 22953, 21339
1693659859, 0, 11, 186, 0, 0, 9027.34, 2, 0, 0, 0.64, 1120, 290, 8396.88, 23110, 21496
1693659860, 0, 11, 186, 0, 0, 9027.34, 2, 0, 0, 3.66, 1122, 290, 8396.88, 23110, 21496
1693659860, 0, 11, 186, 0, 0, 9027.34, 2, 0, 0, 3.64, 1123, 291, 8396.88, 23110, 21496
1693659861, 0, 11, 186, 0, 0, 9027.34, 2, 0, 0, 4.80, 1123, 293, 8396.88, 23110, 21496
1693659861, 0, 11, 186, 0, 0, 9027.34, 2, 0, 0, 2.71, 1124, 293, 8396.88, 23110, 21496
1693659862, 0, 11, 186, 0, 0, 9027.34, 2, 0, 0, 3.24, 1124, 294, 8396.88, 23110, 21496
1693659862, 0, 11, 186, 0, 0, 9027.34, 2, 0, 0, 4.95, 1125, 295, 8396.88, 23110, 21496
1693659862, 0, 11, 186, 0, 0, 9027.34, 2, 0, 0, 5.38, 1127, 295, 8396.88, 23110, 21496
1693659863, 0, 11, 186, 0, 0, 9027.34, 2, 0, 0, 5.12, 1129, 295, 8396.88, 23110, 21496
1693659863, 0, 11, 186, 0, 0, 9027.34, 2, 0, 0, 5.45, 1130, 296, 8396.88, 23110, 21496
1693659864, 0, 11, 186, 0, 0, 9027.34, 2, 0, 0, 4.68, 1131, 297, 8396.88, 23110, 21496
1693659864, 0, 11, 186, 0, 0, 9027.34, 2, 0, 0, 2.58, 1132, 297, 8396.88, 23110, 21496
1693659864, 0, 11, 186, 0, 0, 9027.34, 2, 0, 0, 3.85, 1134, 297, 8396.88, 23110, 21496
1693659865, 0, 11, 186, 0, 0, 9027.34, 2, 0, 0, 2.05, 1135, 297, 8396.88, 23110, 21496
1693659865, 0, 11, 186, 0, 0, 9027.34, 2, 0, 0, 5.12, 1137, 297, 8396.88, 23110, 21496
1693659866, 0, 11, 186, 0, 0, 9027.34, 2, 0, 0, 6.06, 1139, 297, 8396.88, 23110, 21496
1693659866, 0, 11, 186, 0, 0, 9027.34, 2, 0, 0, 3.88, 1141, 297, 8396.88, 23110, 21496
1693659866, 0, 11, 186, 0, 0, 9027.34, 2, 0, 0, 6.67, 1143, 297, 8396.88, 23110, 21496
1693659867, 0, 11, 186, 0, 0, 9027.34, 2, 0, 0, 4.85, 1144, 298, 8396.88, 23110, 21496
1693659867, 0, 11, 186, 0, 0, 9027.34, 2, 0, 0, 4.85, 1145, 299, 8396.88, 23110, 21496
1693659868, 0, 11, 186, 0, 0, 9027.34, 2, 0, 0, 5.01, 1146, 300, 8396.88, 23110, 21496
1693659868, 0, 11, 186, 0, 0, 9027.34, 2, 0, 0, 4.00, 1148, 300, 8396.88, 23110, 21496
1693659868, 0, 11, 186, 0, 0, 9027.34, 2, 0, 0, 6.45, 1150, 300, 8396.88, 23110, 21496
1693659873, 0, 11, 187, 0, 0, 9027.34, 2, 0, 0, 0.25, 1151, 300, 8396.88, 23110, 21496
1693659873, 0, 11, 187, 0, 0, 9027.34, 2, 0, 0, 4.81, 1153, 300, 8396.88, 23110, 21496
1693659873, 0, 11, 187, 0, 0, 9027.34, 2, 0, 0, 3.94, 1155, 300, 8396.88, 23110, 21496
1693659878, 0, 11, 188, 0, 0, 9027.34, 2, 0, 0, 0.24, 1156, 300, 8396.88, 23110, 21496
1693659878, 0, 11, 188, 0, 0, 9027.34, 2, 0, 0, 6.15, 1157, 301, 8396.88, 23110, 21496
1693659881, 0, 11, 188, 0, 0, 9027.34, 3, 0, 0, 0.68, 1158, 302, 8396.88, 23110, 21496
1693659881, 0, 11, 188, 0, 0, 9027.34, 3, 0, 0, 4.58, 1160, 302, 8396.88, 23110, 21496
1693659882, 0, 11, 188, 0, 0, 9027.34, 3, 0, 0, 4.82, 1162, 302, 8396.88, 23110, 21496
1693659893, 0, 11, 189, 0, 0, 9787.89, 3, 0, 0, 0.09, 1163, 302, 9157.42, 25057, 23443
1693659898, 0, 12, 190, 0, 0, 9807.42, 3, 0, 0, 0.22, 1164, 302, 9176.95, 25107, 23493
1693659902, 0, 12, 191, 0, 0, 9807.42, 3, 0, 0, 0.26, 1165, 302, 9176.95, 25107, 23493
1693659905, 0, 12, 191, 0, 0, 9807.42, 3, 0, 0, 0.26, 1166, 302, 9176.95, 25107, 23493
1693659909, 0, 12, 191, 0, 0, 9807.42, 3, 0, 0, 0.27, 1167, 302, 9176.95, 25107, 23493
1693659913, 0, 12, 191, 0, 0, 9807.42, 3, 0, 0, 0.26, 1168, 302, 9176.95, 25107, 23493
1693659917, 0, 12, 191, 0, 0, 9807.42, 3, 0, 0, 0.28, 1169, 302, 9176.95, 25107, 23493
1693659921, 0, 12, 191, 0, 0, 9807.42, 3, 0, 0, 0.24, 1170, 302, 9176.95, 25107, 23493
1693659924, 0, 12, 191, 0, 0, 9807.42, 3, 0, 0, 0.34, 1171, 302, 9176.95, 25107, 23493
1693659928, 0, 12, 191, 0, 0, 9807.42, 3, 0, 0, 0.26, 1172, 302, 9176.95, 25107, 23493
1693659932, 0, 12, 191, 0, 0, 9807.42, 3, 0, 0, 0.24, 1173, 302, 9176.95, 25107, 23493
1693659935, 0, 12, 191, 0, 0, 9807.42, 3, 0, 0, 0.29, 1174, 302, 9176.95, 25107, 23493
1693659939, 0, 12, 191, 0, 0, 9807.42, 3, 0, 0, 0.28, 1175, 302, 9176.95, 25107, 23493
1693659942, 0, 12, 191, 0, 0, 9807.42, 3, 0, 0, 0.28, 1176, 302, 9176.95, 25107, 23493
1693659945, 0, 12, 192, 0, 0, 9807.42, 3, 0, 0, 0.31, 1177, 302, 9176.95, 25107, 23493
1693659949, 0, 12, 192, 0, 0, 9807.42, 3, 0, 0, 0.25, 1178, 302, 9176.95, 25107, 23493
1693659953, 0, 12, 192, 0, 0, 9807.42, 3, 0, 0, 0.26, 1179, 302, 9176.95, 25107, 23493
1693659957, 0, 12, 192, 0, 0, 9807.42, 3, 0, 0, 0.26, 1180, 302, 9176.95, 25107, 23493
1693659961, 0, 12, 192, 0, 0, 9807.42, 3, 0, 0, 0.28, 1181, 302, 9176.95, 25107, 23493
1693659965, 0, 12, 192, 0, 0, 9807.42, 3, 0, 0, 0.24, 1182, 302, 9176.95, 25107, 23493
1693659969, 0, 12, 192, 0, 0, 9807.42, 3, 0, 0, 0.25, 1183, 302, 9176.95, 25107, 23493
1693659973, 0, 12, 192, 0, 0, 9807.42, 3, 0, 0, 0.26, 1184, 302, 9176.95, 25107, 23493
1693659976, 0, 12, 192, 0, 0, 9807.42, 3, 0, 0, 0.27, 1185, 302, 9176.95, 25107, 23493
1693659980, 0, 12, 192, 0, 0, 9807.42, 3, 0, 0, 0.25, 1186, 302, 9176.95, 25107, 23493
1693659984, 0, 12, 192, 0, 0, 9807.42, 3, 0, 0, 0.25, 1187, 302, 9176.95, 25107, 23493
1693659988, 0, 12, 192, 0, 0, 9807.42, 3, 0, 0, 0.28, 1188, 302, 9176.95, 25107, 23493
1693659992, 0, 12, 192, 0, 0, 9807.42, 3, 0, 0, 0.25, 1189, 302, 9176.95, 25107, 23493
1693659996, 0, 12, 192, 0, 0, 9807.42, 3, 0, 0, 0.24, 1190, 302, 9176.95, 25107, 23493
1693660000, 0, 12, 192, 0, 0, 9807.42, 3, 0, 0, 0.27, 1191, 302, 9176.95, 25107, 23493
1693660003, 0, 12, 192, 0, 0, 9807.42, 3, 0, 0, 0.26, 1192, 302, 9176.95, 25107, 23493
1693660007, 0, 12, 192, 0, 0, 9807.42, 3, 0, 0, 0.25, 1193, 302, 9176.95, 25107, 23493
1693660011, 0, 12, 192, 0, 0, 9807.42, 3, 0, 0, 0.28, 1194, 302, 9176.95, 25107, 23493
1693660015, 0, 12, 192, 0, 0, 9807.42, 3, 0, 0, 0.26, 1195, 302, 9176.95, 25107, 23493
1693660019, 0, 12, 192, 0, 0, 9807.42, 3, 0, 0, 0.25, 1196, 302, 9176.95, 25107, 23493
1693660022, 0, 12, 192, 0, 0, 9807.42, 3, 0, 0, 0.28, 1197, 302, 9176.95, 25107, 23493
1693660026, 0, 12, 193, 0, 0, 9807.42, 3, 0, 0, 0.28, 1198, 302, 9176.95, 25107, 23493
1693660030, 0, 12, 193, 0, 0, 9807.42, 3, 0, 0, 0.24, 1199, 302, 9176.95, 25107, 23493
1693660034, 0, 12, 193, 0, 0, 9807.42, 3, 0, 0, 0.26, 1200, 302, 9176.95, 25107, 23493
1693660038, 0, 12, 193, 0, 0, 9807.42, 3, 0, 0, 0.26, 1201, 302, 9176.95, 25107, 23493
1693660042, 0, 12, 193, 0, 0, 9807.42, 3, 0, 0, 0.25, 1202, 302, 9176.95, 25107, 23493
1693660046, 0, 12, 193, 0, 0, 9807.42, 3, 0, 0, 0.27, 1203, 302, 9176.95, 25107, 23493
1693660049, 0, 12, 193, 0, 0, 9807.42, 3, 0, 0, 0.28, 1204, 302, 9176.95, 25107, 23493
1693660053, 0, 12, 193, 0, 0, 9807.42, 3, 0, 0, 0.25, 1205, 302, 9176.95, 25107, 23493
1693660057, 0, 12, 193, 0, 0, 9807.42, 3, 0, 0, 0.24, 1206, 302, 9176.95, 25107, 23493
1693660061, 0, 12, 193, 0, 0, 9807.42, 3, 0, 0, 0.27, 1207, 302, 9176.95, 25107, 23493
1693660065, 0, 12, 193, 0, 0, 9807.42, 3, 0, 0, 0.26, 1208, 302, 9176.95, 25107, 23493
1693660069, 0, 12, 193, 0, 0, 9807.42, 3, 0, 0, 0.25, 1209, 302, 9176.95, 25107, 23493
1693660072, 0, 12, 193, 0, 0, 9807.42, 3, 0, 0, 0.27, 1210, 302, 9176.95, 25107, 23493
1693660076, 0, 12, 193, 0, 0, 9807.42, 3, 0, 0, 0.26, 1211, 302, 9176.95, 25107, 23493
1693660081, 0, 12, 193, 0, 0, 9807.42, 3, 0, 0, 0.24, 1212, 302, 9176.95, 25107, 23493
1693660085, 0, 12, 193, 0, 0, 9807.42, 3, 0, 0, 0.25, 1213, 302, 9176.95, 25107, 23493
1693660088, 0, 12, 193, 0, 0, 9807.42, 3, 0, 0, 0.27, 1214, 302, 9176.95, 25107, 23493
1693660092, 0, 12, 193, 0, 0, 9807.42, 3, 0, 0, 0.25, 1215, 302, 9176.95, 25107, 23493
1693660096, 0, 12, 193, 0, 0, 9807.42, 3, 0, 0, 0.24, 1216, 302, 9176.95, 25107, 23493
1693660100, 0, 12, 193, 0, 0, 9807.42, 3, 0, 0, 0.26, 1217, 302, 9176.95, 25107, 23493
1693660104, 0, 12, 193, 0, 0, 9807.42, 3, 0, 0, 0.26, 1218, 302, 9176.95, 25107, 23493
1693660108, 0, 12, 193, 0, 0, 9807.42, 3, 0, 0, 0.26, 1219, 302, 9176.95, 25107, 23493
1693660111, 0, 12, 194, 0, 0, 9807.42, 3, 0, 0, 0.32, 1220, 302, 9176.95, 25107, 23493
1693660115, 0, 12, 194, 0, 0, 9807.42, 3, 0, 0, 0.27, 1221, 302, 9176.95, 25107, 23493
1693660119, 0, 12, 194, 0, 0, 9807.42, 3, 0, 0, 0.25, 1222, 302, 9176.95, 25107, 23493
1693660122, 0, 12, 194, 0, 0, 9807.42, 3, 0, 0, 0.28, 1223, 302, 9176.95, 25107, 23493
1693660126, 0, 12, 194, 0, 0, 9807.42, 3, 0, 0, 0.27, 1224, 302, 9176.95, 25107, 23493
1693660130, 0, 12, 194, 0, 0, 9807.42, 3, 0, 0, 0.25, 1225, 302, 9176.95, 25107, 23493
1693660134, 0, 12, 194, 0, 0, 9807.42, 3, 0, 0, 0.25, 1226, 302, 9176.95, 25107, 23493
1693660138, 0, 12, 194, 0, 0, 9807.42, 3, 0, 0, 0.27, 1227, 302, 9176.95, 25107, 23493
1693660141, 0, 12, 194, 0, 0, 9807.42, 3, 0, 0, 0.27, 1228, 302, 9176.95, 25107, 23493
1693660146, 0, 12, 194, 0, 0, 9807.42, 3, 0, 0, 0.25, 1229, 302, 9176.95, 25107, 23493
1693660149, 0, 12, 194, 0, 0, 9807.42, 3, 0, 0, 0.27, 1230, 302, 9176.95, 25107, 23493
1693660153, 0, 12, 194, 0, 0, 9807.42, 3, 0, 0, 0.26, 1231, 302, 9176.95, 25107, 23493
1693660158, 0, 12, 194, 0, 0, 9807.42, 3, 0, 0, 0.22, 1232, 302, 9176.95, 25107, 23493
1693660161, 0, 12, 194, 0, 0, 9807.42, 3, 0, 0, 0.26, 1233, 302, 9176.95, 25107, 23493
1693660165, 0, 12, 194, 0, 0, 9807.42, 3, 0, 0, 0.26, 1234, 302, 9176.95, 25107, 23493
1693660169, 0, 12, 194, 0, 0, 9807.42, 3, 0, 0, 0.24, 1235, 302, 9176.95, 25107, 23493
1693660173, 0, 12, 194, 0, 0, 9807.42, 3, 0, 0, 0.26, 1236, 302, 9176.95, 25107, 23493
1693660177, 0, 12, 194, 0, 0, 9807.42, 3, 0, 0, 0.27, 1237, 302, 9176.95, 25107, 23493
1693660181, 0, 12, 194, 0, 0, 9807.42, 3, 0, 0, 0.24, 1238, 302, 9176.95, 25107, 23493
1693660185, 0, 12, 194, 0, 0, 9807.42, 3, 0, 0, 0.25, 1239, 302, 9176.95, 25107, 23493
1693660189, 0, 12, 194, 0, 0, 9807.42, 3, 0, 0, 0.27, 1240, 302, 9176.95, 25107, 23493
1693660193, 0, 12, 194, 0, 0, 9807.42, 3, 0, 0, 0.26, 1241, 302, 9176.95, 25107, 23493
1693660196, 0, 12, 194, 0, 0, 9807.42, 3, 0, 0, 0.27, 1242, 302, 9176.95, 25107, 23493
1693660200, 0, 12, 194, 0, 0, 9807.42, 3, 0, 0, 0.27, 1243, 302, 9176.95, 25107, 23493
1693660204, 0, 12, 194, 0, 0, 9807.42, 3, 0, 0, 0.26, 1244, 302, 9176.95, 25107, 23493
1693660208, 0, 12, 194, 0, 0, 9807.42, 3, 0, 0, 0.23, 1245, 302, 9176.95, 25107, 23493
1693660212, 0, 12, 194, 0, 0, 9807.42, 3, 0, 0, 0.25, 1246, 302, 9176.95, 25107, 23493
1693660216, 0, 12, 194, 0, 0, 9807.42, 3, 0, 0, 0.27, 1247, 302, 9176.95, 25107, 23493
1693660220, 0, 12, 194, 0, 0, 9807.42, 3, 0, 0, 0.25, 1248, 302, 9176.95, 25107, 23493
1693660224, 0, 12, 194, 0, 0, 9807.42, 3, 0, 0, 0.25, 1249, 302, 9176.95, 25107, 23493
1693660228, 0, 12, 194, 0, 0, 9807.42, 3, 0, 0, 0.25, 1250, 302, 9176.95, 25107, 23493
1693660232, 0, 12, 194, 0, 0, 9807.42, 3, 0, 0, 0.25, 1251, 302, 9176.95, 25107, 23493
1693660236, 0, 12, 194, 0, 0, 9807.42, 3, 0, 0, 0.25, 1252, 302, 9176.95, 25107, 23493
1693660240, 0, 12, 194, 0, 0, 9807.42, 3, 0, 0, 0.26, 1253, 302, 9176.95, 25107, 23493
1693660243, 0, 12, 194, 0, 0, 9807.42, 3, 0, 0, 0.25, 1254, 302, 9176.95, 25107, 23493
1693660248, 0, 12, 194, 0, 0, 9807.42, 3, 0, 0, 0.25, 1255, 302, 9176.95, 25107, 23493
1693660251, 0, 12, 194, 0, 0, 9807.42, 3, 0, 0, 0.26, 1256, 302, 9176.95, 25107, 23493
1693660255, 0, 12, 194, 0, 0, 9807.42, 3, 0, 0, 0.28, 1257, 302, 9176.95, 25107, 23493
1693660259, 0, 12, 194, 0, 0, 9807.42, 3, 0, 0, 0.26, 1258, 302, 9176.95, 25107, 23493
1693660263, 0, 12, 194, 0, 0, 9807.42, 3, 0, 0, 0.26, 1259, 302, 9176.95, 25107, 23493
1693660266, 0, 12, 194, 0, 0, 9807.42, 3, 0, 0, 0.27, 1260, 302, 9176.95, 25107, 23493
1693660270, 0, 12, 194, 0, 0, 9807.42, 3, 0, 0, 0.27, 1261, 302, 9176.95, 25107, 23493
1693660274, 0, 12, 194, 0, 0, 9807.42, 3, 0, 0, 0.27, 1262, 302, 9176.95, 25107, 23493
1693660278, 0, 12, 194, 0, 0, 9807.42, 3, 0, 0, 0.27, 1263, 302, 9176.95, 25107, 23493
1693660281, 0, 12, 194, 0, 0, 9807.42, 3, 0, 0, 0.26, 1264, 302, 9176.95, 25107, 23493
1693660286, 0, 12, 194, 0, 0, 9807.42, 3, 0, 0, 0.24, 1265, 302, 9176.95, 25107, 23493
1693660289, 0, 12, 194, 0, 0, 9807.42, 3, 0, 0, 0.26, 1266, 302, 9176.95, 25107, 23493
1693660293, 0, 12, 194, 0, 0, 9807.42, 3, 0, 0, 0.26, 1267, 302, 9176.95, 25107, 23493
1693660297, 0, 12, 194, 0, 0, 9807.42, 3, 0, 0, 0.26, 1268, 302, 9176.95, 25107, 23493
1693660301, 0, 12, 194, 0, 0, 9807.42, 3, 0, 0, 0.25, 1269, 302, 9176.95, 25107, 23493
1693660305, 0, 12, 194, 0, 0, 9807.42, 3, 0, 0, 0.27, 1270, 302, 9176.95, 25107, 23493
1693660308, 0, 12, 195, 0, 0, 9807.42, 3, 0, 0, 0.33, 1271, 302, 9176.95, 25107, 23493
1693660312, 0, 12, 195, 0, 0, 9807.42, 3, 0, 0, 0.24, 1272, 302, 9176.95, 25107, 23493
1693660316, 0, 12, 195, 0, 0, 9807.42, 3, 0, 0, 0.26, 1273, 302, 9176.95, 25107, 23493
1693660319, 0, 12, 195, 0, 0, 9807.42, 3, 0, 0, 0.28, 1274, 302, 9176.95, 25107, 23493
1693660323, 0, 12, 195, 0, 0, 9807.42, 3, 0, 0, 0.25, 1275, 302, 9176.95, 25107, 23493
1693660333, 0, 12, 195, 0, 0, 9807.42, 3, 0, 0, 0.10, 1276, 302, 9176.95, 25107, 23493
1693660337, 0, 12, 195, 0, 0, 9807.42, 3, 0, 0, 0.25, 1277, 302, 9176.95, 25107, 23493
1693660341, 0, 12, 195, 0, 0, 9807.42, 3, 0, 0, 0.27, 1278, 302, 9176.95, 25107, 23493
1693660345, 0, 12, 195, 0, 0, 9807.42, 3, 0, 0, 0.27, 1279, 302, 9176.95, 25107, 23493
1693660349, 0, 12, 195, 0, 0, 9807.42, 3, 0, 0, 0.24, 1280, 302, 9176.95, 25107, 23493
1693660353, 0, 12, 196, 0, 0, 9807.42, 3, 0, 0, 0.25, 1281, 302, 9176.95, 25107, 23493
1693660357, 0, 12, 197, 0, 0, 9807.42, 3, 0, 0, 0.26, 1282, 302, 9176.95, 25107, 23493
1693660367, 0, 12, 197, 0, 0, 9807.42, 3, 0, 0, 0.10, 1283, 302, 9176.95, 25107, 23493
1693660371, 0, 12, 198, 0, 0, 9807.42, 3, 0, 0, 0.26, 1284, 302, 9176.95, 25107, 23493
1693660380, 0, 12, 198, 0, 0, 9807.42, 3, 0, 0, 0.11, 1285, 302, 9176.95, 25107, 23493
1693660384, 0, 12, 198, 0, 0, 9807.42, 3, 0, 0, 0.25, 1286, 302, 9176.95, 25107, 23493
1693660388, 0, 12, 198, 0, 0, 9807.42, 3, 0, 0, 0.29, 1287, 302, 9176.95, 25107, 23493
1693660397, 0, 12, 199, 0, 0, 9807.42, 3, 0, 0, 0.10, 1288, 302, 9176.95, 25107, 23493
1693660407, 0, 12, 199, 0, 0, 9807.42, 3, 0, 0, 0.11, 1289, 302, 9176.95, 25107, 23493
1693660411, 0, 12, 199, 0, 0, 9807.42, 3, 0, 0, 0.25, 1290, 302, 9176.95, 25107, 23493
1693660420, 0, 12, 199, 0, 0, 9807.42, 3, 0, 0, 0.11, 1291, 302, 9176.95, 25107, 23493
1693660424, 0, 12, 200, 0, 0, 9807.42, 3, 0, 0, 0.24, 1292, 302, 9176.95, 25107, 23493
1693660434, 0, 12, 200, 0, 0, 9807.42, 3, 0, 0, 0.10, 1293, 302, 9176.95, 25107, 23493
1693660443, 0, 12, 200, 0, 0, 9807.42, 3, 0, 0, 0.11, 1294, 302, 9176.95, 25107, 23493
1693660453, 0, 12, 201, 0, 0, 9807.42, 3, 0, 0, 0.10, 1295, 302, 9176.95, 25107, 23493
1693660474, 0, 12, 202, 0, 0, 10618.75, 3, 0, 0, 0.05, 1296, 302, 9988.28, 27184, 25570
1693660496, 0, 12, 203, 0, 0, 11482.03, 3, 0, 0, 0.05, 1297, 302, 10851.56, 29394, 27780
1693660523, 0, 12, 204, 0, 0, 12302.73, 3, 0, 0, 0.04, 1298, 302, 11672.27, 31495, 29881
1693660549, 0, 12, 205, 0, 0, 13079.30, 3, 0, 0, 0.04, 1299, 302, 12448.83, 33483, 31869
1693660589, 0, 12, 206, 0, 0, 13848.83, 3, 0, 0, 0.03, 1300, 302, 13218.36, 35453, 33839
1693660628, 0, 12, 207, 0, 0, 14651.95, 3, 0, 0, 0.03, 1301, 302, 14021.48, 37509, 35895
1693660677, 0, 12, 208, 0, 0, 15403.13, 3, 0, 0, 0.02, 1302, 302, 14772.66, 39432, 37818
1693660741, 0, 12, 209, 0, 0, 16246.48, 3, 0, 0, 0.02, 1303, 302, 15616.02, 41591, 39977
