# unix_time, cycles_done, cur_path, paths_total, pending_total, pending_favs, map_size, unique_crashes, unique_hangs, max_depth, execs_per_sec, valid_inputs, invalid_inputs, valid_cov, all_covered_probes, valid_covered_probes
1694934932, 0, 0, 1, 0, 0, 763.67, 0, 0, 0, 0.43, 1, 0, 763.67, 1955, 1955
1694934932, 0, 0, 3, 0, 0, 1018.75, 0, 0, 0, 6.90, 3, 1, 779.30, 2608, 1995
1694934932, 0, 0, 6, 0, 0, 1272.27, 0, 0, 0, 21.02, 9, 2, 846.48, 3257, 2167
1694934951, 0, 0, 7, 0, 0, 7525.78, 0, 0, 0, 0.22, 13, 2, 7220.70, 19266, 18485
1694934951, 0, 0, 9, 0, 0, 7760.55, 0, 0, 0, 5.28, 14, 3, 7445.70, 19867, 19061
1694934952, 0, 0, 12, 0, 0, 7768.36, 0, 0, 0, 26.23, 20, 5, 7446.09, 19887, 19062
1694934952, 0, 0, 14, 0, 0, 7778.52, 0, 0, 0, 16.51, 23, 9, 7448.83, 19913, 19069
1694934959, 0, 0, 15, 0, 0, 7778.91, 1, 0, 0, 0.42, 24, 11, 7448.83, 19914, 19069
1694934967, 0, 0, 16, 0, 0, 7998.83, 1, 0, 0, 0.13, 25, 11, 7668.75, 20477, 19632
1694934974, 0, 0, 20, 0, 0, 7998.83, 1, 0, 0, 1.89, 35, 15, 7668.75, 20477, 19632
1694934980, 0, 0, 22, 0, 0, 8005.47, 1, 0, 0, 0.33, 37, 15, 7675.39, 20494, 19649
1694934987, 0, 0, 25, 0, 0, 8008.98, 1, 0, 0, 0.65, 40, 16, 7675.78, 20503, 19650
1694934993, 0, 0, 26, 0, 0, 8008.98, 1, 0, 0, 0.16, 41, 16, 7675.78, 20503, 19650
1694934993, 0, 0, 28, 0, 0, 8008.98, 1, 0, 0, 52.29, 53, 20, 7675.78, 20503, 19650
1694934998, 0, 1, 31, 0, 0, 8015.63, 1, 0, 0, 7.94, 80, 31, 7682.42, 20520, 19667
1694935002, 0, 1, 32, 0, 0, 8015.63, 2, 0, 0, 2.13, 86, 33, 7682.42, 20520, 19667
1694935002, 0, 2, 36, 0, 0, 8015.63, 2, 0, 0, 86.09, 98, 47, 7682.42, 20520, 19667
1694935009, 0, 2, 37, 0, 0, 8026.56, 2, 0, 0, 0.40, 100, 48, 7693.36, 20548, 19695
1694935014, 0, 2, 39, 0, 0, 8026.56, 2, 0, 0, 2.41, 105, 54, 7693.36, 20548, 19695
1694935019, 0, 2, 42, 0, 0, 8026.56, 2, 0, 0, 2.07, 109, 60, 7693.36, 20548, 19695
1694935023, 0, 2, 45, 0, 0, 8027.34, 2, 0, 0, 1.74, 114, 63, 7694.14, 20550, 19697
1694935027, 0, 3, 46, 0, 0, 8027.34, 2, 0, 0, 1.61, 118, 65, 7694.14, 20550, 19697
1694935031, 0, 3, 47, 0, 0, 8027.34, 2, 0, 0, 0.24, 119, 65, 7694.14, 20550, 19697
1694935031, 0, 3, 47, 0, 0, 8027.34, 2, 0, 0, 16.56, 122, 67, 7694.14, 20550, 19697
1694935038, 0, 3, 48, 0, 0, 8027.34, 2, 0, 0, 2.81, 137, 69, 7694.14, 20550, 19697
1694935042, 0, 3, 50, 0, 0, 8027.34, 2, 0, 0, 1.24, 140, 72, 7694.14, 20550, 19697
1694935049, 0, 3, 51, 0, 0, 8027.34, 2, 0, 0, 0.60, 143, 73, 7694.14, 20550, 19697
1694935055, 0, 3, 52, 0, 0, 8027.34, 2, 0, 0, 0.16, 144, 73, 7694.14, 20550, 19697
1694935056, 0, 4, 54, 0, 0, 8032.81, 2, 0, 0, 114.01, 165, 87, 7699.61, 20564, 19711
1694935061, 0, 5, 55, 0, 0, 8032.81, 2, 0, 0, 4.33, 174, 100, 7699.61, 20564, 19711
1694935061, 0, 5, 56, 0, 0, 8032.81, 2, 0, 0, 200.00, 188, 146, 7699.61, 20564, 19711
1694935065, 0, 6, 56, 0, 0, 8032.81, 2, 0, 0, 1.80, 192, 150, 7699.61, 20564, 19711
1694935070, 0, 6, 57, 0, 0, 8032.81, 2, 0, 0, 0.24, 193, 150, 7699.61, 20564, 19711
1694935074, 0, 6, 58, 0, 0, 8032.81, 2, 0, 0, 0.20, 194, 150, 7699.61, 20564, 19711
1694935078, 0, 6, 59, 0, 0, 8032.81, 2, 0, 0, 0.31, 195, 150, 7699.61, 20564, 19711
1694935081, 0, 6, 59, 0, 0, 8032.81, 2, 0, 0, 0.27, 196, 150, 7699.61, 20564, 19711
1694935086, 0, 6, 59, 0, 0, 8032.81, 2, 0, 0, 0.24, 197, 150, 7699.61, 20564, 19711
1694935089, 0, 6, 59, 0, 0, 8032.81, 2, 0, 0, 0.32, 198, 150, 7699.61, 20564, 19711
1694935092, 0, 6, 60, 0, 0, 8071.09, 2, 0, 0, 0.27, 199, 150, 7737.89, 20662, 19809
1694935094, 0, 6, 60, 0, 0, 8071.09, 2, 0, 0, 0.53, 199, 151, 7737.89, 20662, 19809
1694935098, 0, 6, 61, 0, 0, 8071.09, 2, 0, 0, 0.28, 200, 151, 7737.89, 20662, 19809
1694935101, 0, 6, 62, 0, 0, 8074.22, 2, 0, 0, 0.31, 201, 151, 7741.02, 20670, 19817
1694935104, 0, 6, 63, 0, 0, 8074.22, 2, 0, 0, 0.31, 202, 151, 7741.02, 20670, 19817
1694935108, 0, 6, 64, 0, 0, 8074.22, 2, 0, 0, 0.29, 203, 151, 7741.02, 20670, 19817
1694935111, 0, 6, 65, 0, 0, 8074.22, 2, 0, 0, 0.34, 204, 151, 7741.02, 20670, 19817
1694935114, 0, 6, 66, 0, 0, 8074.22, 2, 0, 0, 0.31, 205, 151, 7741.02, 20670, 19817
1694935117, 0, 6, 66, 0, 0, 8074.22, 2, 0, 0, 0.32, 206, 151, 7741.02, 20670, 19817
1694935121, 0, 6, 66, 0, 0, 8074.22, 2, 0, 0, 0.29, 207, 151, 7741.02, 20670, 19817
1694935124, 0, 6, 66, 0, 0, 8074.22, 2, 0, 0, 0.31, 208, 151, 7741.02, 20670, 19817
1694935127, 0, 6, 66, 0, 0, 8074.22, 2, 0, 0, 0.30, 209, 151, 7741.02, 20670, 19817
1694935130, 0, 6, 67, 0, 0, 8074.22, 2, 0, 0, 0.30, 210, 151, 7741.02, 20670, 19817
1694935134, 0, 6, 67, 0, 0, 8074.22, 2, 0, 0, 0.32, 211, 151, 7741.02, 20670, 19817
1694935137, 0, 6, 68, 0, 0, 8074.22, 2, 0, 0, 0.31, 212, 151, 7741.02, 20670, 19817
1694935140, 0, 6, 69, 0, 0, 8074.22, 2, 0, 0, 0.30, 213, 151, 7741.02, 20670, 19817
1694935144, 0, 6, 70, 0, 0, 8074.22, 2, 0, 0, 0.29, 214, 151, 7741.02, 20670, 19817
1694935147, 0, 6, 71, 0, 0, 8074.22, 2, 0, 0, 0.31, 215, 151, 7741.02, 20670, 19817
1694935151, 0, 6, 71, 0, 0, 8074.22, 2, 0, 0, 0.26, 216, 151, 7741.02, 20670, 19817
1694935154, 0, 6, 71, 0, 0, 8074.22, 2, 0, 0, 0.33, 217, 151, 7741.02, 20670, 19817
1694935157, 0, 6, 71, 0, 0, 8074.22, 2, 0, 0, 0.33, 218, 151, 7741.02, 20670, 19817
1694935159, 0, 6, 71, 0, 0, 8074.22, 2, 0, 0, 0.37, 219, 151, 7741.02, 20670, 19817
1694935162, 0, 6, 71, 0, 0, 8074.22, 2, 0, 0, 0.34, 220, 151, 7741.02, 20670, 19817
1694935166, 0, 6, 72, 0, 0, 8074.22, 2, 0, 0, 0.25, 221, 151, 7741.02, 20670, 19817
1694935170, 0, 6, 72, 0, 0, 8074.22, 2, 0, 0, 0.32, 222, 151, 7741.02, 20670, 19817
1694935173, 0, 6, 72, 0, 0, 8074.22, 2, 0, 0, 0.33, 223, 151, 7741.02, 20670, 19817
1694935176, 0, 6, 72, 0, 0, 8074.22, 2, 0, 0, 0.28, 224, 151, 7741.02, 20670, 19817
1694935179, 0, 6, 72, 0, 0, 8074.22, 2, 0, 0, 0.34, 225, 151, 7741.02, 20670, 19817
1694935183, 0, 6, 72, 0, 0, 8074.22, 2, 0, 0, 0.28, 226, 151, 7741.02, 20670, 19817
1694935187, 0, 6, 73, 0, 0, 8074.22, 2, 0, 0, 0.25, 227, 151, 7741.02, 20670, 19817
1694935190, 0, 6, 73, 0, 0, 8074.22, 2, 0, 0, 0.33, 228, 151, 7741.02, 20670, 19817
1694935193, 0, 6, 73, 0, 0, 8074.22, 2, 0, 0, 0.33, 229, 151, 7741.02, 20670, 19817
1694935195, 0, 6, 73, 0, 0, 8074.22, 2, 0, 0, 0.43, 230, 151, 7741.02, 20670, 19817
1694935198, 0, 6, 73, 0, 0, 8074.22, 2, 0, 0, 0.33, 231, 151, 7741.02, 20670, 19817
1694935201, 0, 6, 74, 0, 0, 8074.22, 2, 0, 0, 0.33, 232, 151, 7741.02, 20670, 19817
1694935205, 0, 6, 75, 0, 0, 8074.22, 2, 0, 0, 0.25, 233, 151, 7741.02, 20670, 19817
1694935208, 0, 6, 76, 0, 0, 8074.22, 2, 0, 0, 0.30, 234, 151, 7741.02, 20670, 19817
1694935212, 0, 6, 77, 0, 0, 8074.22, 2, 0, 0, 0.28, 235, 151, 7741.02, 20670, 19817
1694935215, 0, 6, 78, 0, 0, 8074.22, 2, 0, 0, 0.30, 236, 151, 7741.02, 20670, 19817
1694935219, 0, 6, 79, 0, 0, 8074.22, 2, 0, 0, 0.25, 237, 151, 7741.02, 20670, 19817
1694935223, 0, 6, 79, 0, 0, 8074.22, 2, 0, 0, 0.30, 238, 151, 7741.02, 20670, 19817
1694935227, 0, 6, 80, 0, 0, 8074.22, 2, 0, 0, 0.23, 239, 151, 7741.02, 20670, 19817
1694935230, 0, 6, 80, 0, 0, 8074.22, 2, 0, 0, 0.37, 240, 151, 7741.02, 20670, 19817
1694935233, 0, 6, 81, 0, 0, 8074.22, 2, 0, 0, 0.29, 241, 151, 7741.02, 20670, 19817
1694935236, 0, 6, 82, 0, 0, 8074.22, 2, 0, 0, 0.36, 242, 151, 7741.02, 20670, 19817
1694935239, 0, 6, 82, 0, 0, 8074.22, 2, 0, 0, 0.29, 243, 151, 7741.02, 20670, 19817
1694935243, 0, 6, 83, 0, 0, 8074.22, 2, 0, 0, 0.29, 244, 151, 7741.02, 20670, 19817
1694935246, 0, 6, 83, 0, 0, 8074.22, 2, 0, 0, 0.30, 245, 151, 7741.02, 20670, 19817
1694935249, 0, 6, 83, 0, 0, 8074.22, 2, 0, 0, 0.32, 246, 151, 7741.02, 20670, 19817
1694935253, 0, 6, 83, 0, 0, 8074.22, 2, 0, 0, 0.26, 247, 151, 7741.02, 20670, 19817
1694935256, 0, 6, 83, 0, 0, 8074.22, 2, 0, 0, 0.32, 248, 151, 7741.02, 20670, 19817
1694935260, 0, 6, 84, 0, 0, 8089.84, 2, 0, 0, 0.30, 249, 151, 7756.64, 20710, 19857
1694935263, 0, 6, 84, 0, 0, 8089.84, 2, 0, 0, 0.28, 250, 151, 7756.64, 20710, 19857
1694935267, 0, 6, 85, 0, 0, 8089.84, 2, 0, 0, 0.29, 251, 151, 7756.64, 20710, 19857
1694935270, 0, 6, 85, 0, 0, 8089.84, 2, 0, 0, 0.31, 252, 151, 7756.64, 20710, 19857
1694935273, 0, 6, 86, 0, 0, 8089.84, 2, 0, 0, 0.32, 253, 151, 7756.64, 20710, 19857
1694935276, 0, 6, 87, 0, 0, 8089.84, 2, 0, 0, 0.29, 254, 151, 7756.64, 20710, 19857
1694935280, 0, 6, 88, 0, 0, 8089.84, 2, 0, 0, 0.27, 255, 151, 7756.64, 20710, 19857
1694935284, 0, 6, 89, 0, 0, 8089.84, 2, 0, 0, 0.28, 256, 151, 7756.64, 20710, 19857
1694935287, 0, 6, 90, 0, 0, 8089.84, 2, 0, 0, 0.29, 257, 151, 7756.64, 20710, 19857
1694935291, 0, 6, 90, 0, 0, 8089.84, 2, 0, 0, 0.25, 258, 151, 7756.64, 20710, 19857
1694935295, 0, 6, 90, 0, 0, 8089.84, 2, 0, 0, 0.28, 259, 151, 7756.64, 20710, 19857
1694935298, 0, 6, 90, 0, 0, 8089.84, 2, 0, 0, 0.30, 260, 151, 7756.64, 20710, 19857
1694935301, 0, 6, 90, 0, 0, 8089.84, 2, 0, 0, 0.37, 261, 151, 7756.64, 20710, 19857
1694935304, 0, 6, 90, 0, 0, 8089.84, 2, 0, 0, 0.31, 262, 151, 7756.64, 20710, 19857
1694935307, 0, 6, 90, 0, 0, 8089.84, 2, 0, 0, 0.33, 263, 151, 7756.64, 20710, 19857
1694935310, 0, 6, 90, 0, 0, 8089.84, 2, 0, 0, 0.30, 264, 151, 7756.64, 20710, 19857
1694935314, 0, 6, 90, 0, 0, 8089.84, 2, 0, 0, 0.30, 265, 151, 7756.64, 20710, 19857
1694935317, 0, 6, 90, 0, 0, 8089.84, 2, 0, 0, 0.31, 266, 151, 7756.64, 20710, 19857
1694935322, 0, 6, 91, 0, 0, 8089.84, 2, 0, 0, 0.21, 267, 151, 7756.64, 20710, 19857
1694935325, 0, 6, 91, 0, 0, 8089.84, 2, 0, 0, 0.28, 268, 151, 7756.64, 20710, 19857
1694935329, 0, 6, 91, 0, 0, 8089.84, 2, 0, 0, 0.29, 269, 151, 7756.64, 20710, 19857
1694935332, 0, 6, 91, 0, 0, 8089.84, 2, 0, 0, 0.29, 270, 151, 7756.64, 20710, 19857
1694935335, 0, 6, 91, 0, 0, 8089.84, 2, 0, 0, 0.29, 271, 151, 7756.64, 20710, 19857
1694935339, 0, 6, 91, 0, 0, 8089.84, 2, 0, 0, 0.25, 272, 151, 7756.64, 20710, 19857
1694935343, 0, 6, 91, 0, 0, 8089.84, 2, 0, 0, 0.27, 273, 151, 7756.64, 20710, 19857
1694935346, 0, 6, 91, 0, 0, 8089.84, 2, 0, 0, 0.34, 274, 151, 7756.64, 20710, 19857
1694935349, 0, 6, 91, 0, 0, 8089.84, 2, 0, 0, 0.33, 275, 151, 7756.64, 20710, 19857
1694935352, 0, 6, 91, 0, 0, 8089.84, 2, 0, 0, 0.38, 276, 151, 7756.64, 20710, 19857
1694935355, 0, 6, 91, 0, 0, 8089.84, 2, 0, 0, 0.33, 277, 151, 7756.64, 20710, 19857
1694935358, 0, 6, 92, 0, 0, 8089.84, 2, 0, 0, 0.34, 278, 151, 7756.64, 20710, 19857
1694935361, 0, 6, 92, 0, 0, 8089.84, 2, 0, 0, 0.28, 279, 151, 7756.64, 20710, 19857
1694935364, 0, 6, 92, 0, 0, 8089.84, 2, 0, 0, 0.31, 280, 151, 7756.64, 20710, 19857
1694935367, 0, 6, 93, 0, 0, 8089.84, 2, 0, 0, 0.36, 281, 151, 7756.64, 20710, 19857
1694935371, 0, 6, 93, 0, 0, 8089.84, 2, 0, 0, 0.29, 282, 151, 7756.64, 20710, 19857
1694935374, 0, 6, 93, 0, 0, 8089.84, 2, 0, 0, 0.31, 283, 151, 7756.64, 20710, 19857
1694935377, 0, 6, 93, 0, 0, 8089.84, 2, 0, 0, 0.34, 284, 151, 7756.64, 20710, 19857
1694935380, 0, 6, 94, 0, 0, 8089.84, 2, 0, 0, 0.31, 285, 151, 7756.64, 20710, 19857
1694935383, 0, 6, 95, 0, 0, 8096.48, 2, 0, 0, 0.29, 286, 151, 7763.28, 20727, 19874
1694935387, 0, 6, 95, 0, 0, 8096.48, 2, 0, 0, 0.29, 287, 151, 7763.28, 20727, 19874
1694935389, 0, 6, 95, 0, 0, 8096.48, 2, 0, 0, 0.39, 288, 151, 7763.28, 20727, 19874
1694935393, 0, 6, 95, 0, 0, 8096.48, 2, 0, 0, 0.27, 289, 151, 7763.28, 20727, 19874
1694935398, 0, 6, 95, 0, 0, 8096.48, 2, 0, 0, 0.22, 290, 151, 7763.28, 20727, 19874
1694935402, 0, 6, 96, 0, 0, 8096.48, 2, 0, 0, 0.25, 291, 151, 7763.28, 20727, 19874
1694935405, 0, 6, 96, 0, 0, 8096.48, 2, 0, 0, 0.32, 292, 151, 7763.28, 20727, 19874
1694935408, 0, 6, 96, 0, 0, 8096.48, 2, 0, 0, 0.32, 293, 151, 7763.28, 20727, 19874
1694935411, 0, 6, 96, 0, 0, 8096.48, 2, 0, 0, 0.32, 294, 151, 7763.28, 20727, 19874
1694935414, 0, 6, 97, 0, 0, 8097.27, 2, 0, 0, 0.30, 295, 151, 7764.06, 20729, 19876
1694935418, 0, 6, 98, 0, 0, 8097.27, 2, 0, 0, 0.31, 296, 151, 7764.06, 20729, 19876
1694935420, 0, 6, 99, 0, 0, 8097.27, 2, 0, 0, 0.36, 297, 151, 7764.06, 20729, 19876
1694935423, 0, 6, 100, 0, 0, 8097.27, 2, 0, 0, 0.38, 298, 151, 7764.06, 20729, 19876
1694935426, 0, 6, 101, 0, 0, 8097.27, 2, 0, 0, 0.34, 299, 151, 7764.06, 20729, 19876
1694935429, 0, 6, 102, 0, 0, 8097.27, 2, 0, 0, 0.33, 300, 151, 7764.06, 20729, 19876
1694935432, 0, 6, 103, 0, 0, 8097.27, 2, 0, 0, 0.31, 301, 151, 7764.06, 20729, 19876
1694935435, 0, 6, 103, 0, 0, 8097.27, 2, 0, 0, 0.37, 302, 151, 7764.06, 20729, 19876
1694935438, 0, 6, 103, 0, 0, 8097.27, 2, 0, 0, 0.34, 303, 151, 7764.06, 20729, 19876
1694935441, 0, 6, 103, 0, 0, 8097.27, 2, 0, 0, 0.32, 304, 151, 7764.06, 20729, 19876
1694935444, 0, 6, 103, 0, 0, 8097.27, 2, 0, 0, 0.33, 305, 151, 7764.06, 20729, 19876
1694935447, 0, 6, 103, 0, 0, 8097.27, 2, 0, 0, 0.29, 306, 151, 7764.06, 20729, 19876
1694935451, 0, 6, 103, 0, 0, 8097.27, 2, 0, 0, 0.32, 307, 151, 7764.06, 20729, 19876
1694935453, 0, 6, 103, 0, 0, 8097.27, 2, 0, 0, 0.35, 308, 151, 7764.06, 20729, 19876
1694935457, 0, 6, 104, 0, 0, 8097.27, 2, 0, 0, 0.31, 309, 151, 7764.06, 20729, 19876
1694935460, 0, 6, 104, 0, 0, 8097.27, 2, 0, 0, 0.33, 310, 151, 7764.06, 20729, 19876
1694935464, 0, 6, 104, 0, 0, 8097.27, 2, 0, 0, 0.25, 311, 151, 7764.06, 20729, 19876
1694935467, 0, 6, 104, 0, 0, 8097.27, 2, 0, 0, 0.27, 312, 151, 7764.06, 20729, 19876
1694935470, 0, 6, 104, 0, 0, 8097.27, 2, 0, 0, 0.34, 313, 151, 7764.06, 20729, 19876
1694935474, 0, 6, 104, 0, 0, 8097.27, 2, 0, 0, 0.31, 314, 151, 7764.06, 20729, 19876
1694935477, 0, 6, 104, 0, 0, 8097.27, 2, 0, 0, 0.30, 315, 151, 7764.06, 20729, 19876
1694935481, 0, 6, 104, 0, 0, 8097.27, 2, 0, 0, 0.27, 316, 151, 7764.06, 20729, 19876
1694935487, 0, 6, 105, 0, 0, 8097.27, 2, 0, 0, 0.16, 317, 151, 7764.06, 20729, 19876
1694935490, 0, 6, 105, 0, 0, 8097.27, 2, 0, 0, 0.31, 318, 151, 7764.06, 20729, 19876
1694935493, 0, 6, 105, 0, 0, 8097.27, 2, 0, 0, 0.34, 319, 151, 7764.06, 20729, 19876
1694935497, 0, 6, 105, 0, 0, 8097.27, 2, 0, 0, 0.28, 320, 151, 7764.06, 20729, 19876
1694935500, 0, 6, 105, 0, 0, 8097.27, 2, 0, 0, 0.33, 321, 151, 7764.06, 20729, 19876
1694935503, 0, 6, 105, 0, 0, 8097.27, 2, 0, 0, 0.28, 322, 151, 7764.06, 20729, 19876
1694935507, 0, 6, 105, 0, 0, 8097.27, 2, 0, 0, 0.29, 323, 151, 7764.06, 20729, 19876
1694935510, 0, 6, 105, 0, 0, 8097.27, 2, 0, 0, 0.33, 324, 151, 7764.06, 20729, 19876
1694935513, 0, 6, 105, 0, 0, 8097.27, 2, 0, 0, 0.30, 325, 151, 7764.06, 20729, 19876
1694935516, 0, 6, 105, 0, 0, 8097.27, 2, 0, 0, 0.31, 326, 151, 7764.06, 20729, 19876
1694935519, 0, 6, 105, 0, 0, 8097.27, 2, 0, 0, 0.33, 327, 151, 7764.06, 20729, 19876
1694935522, 0, 6, 106, 0, 0, 8097.27, 2, 0, 0, 0.32, 328, 151, 7764.06, 20729, 19876
1694935525, 0, 6, 106, 0, 0, 8097.27, 2, 0, 0, 0.33, 329, 151, 7764.06, 20729, 19876
1694935529, 0, 6, 106, 0, 0, 8097.27, 2, 0, 0, 0.32, 330, 151, 7764.06, 20729, 19876
1694935532, 0, 6, 106, 0, 0, 8097.27, 2, 0, 0, 0.29, 331, 151, 7764.06, 20729, 19876
1694935535, 0, 6, 106, 0, 0, 8097.27, 2, 0, 0, 0.29, 332, 151, 7764.06, 20729, 19876
1694935539, 0, 6, 106, 0, 0, 8097.27, 2, 0, 0, 0.29, 333, 151, 7764.06, 20729, 19876
1694935542, 0, 6, 107, 0, 0, 8097.27, 2, 0, 0, 0.31, 334, 151, 7764.06, 20729, 19876
1694935547, 0, 6, 107, 0, 0, 8097.27, 2, 0, 0, 0.19, 335, 151, 7764.06, 20729, 19876
1694935551, 0, 6, 107, 0, 0, 8097.27, 2, 0, 0, 0.27, 336, 151, 7764.06, 20729, 19876
1694935555, 0, 6, 107, 0, 0, 8097.27, 2, 0, 0, 0.29, 337, 151, 7764.06, 20729, 19876
1694935558, 0, 6, 108, 0, 0, 8097.27, 2, 0, 0, 0.27, 338, 151, 7764.06, 20729, 19876
1694935562, 0, 6, 108, 0, 0, 8097.27, 2, 0, 0, 0.29, 339, 151, 7764.06, 20729, 19876
1694935565, 0, 6, 109, 0, 0, 8097.27, 2, 0, 0, 0.30, 340, 151, 7764.06, 20729, 19876
1694935568, 0, 6, 110, 0, 0, 8097.27, 2, 0, 0, 0.30, 341, 151, 7764.06, 20729, 19876
1694935572, 0, 6, 111, 0, 0, 8097.27, 2, 0, 0, 0.30, 342, 151, 7764.06, 20729, 19876
1694935575, 0, 6, 112, 0, 0, 8097.27, 2, 0, 0, 0.30, 343, 151, 7764.06, 20729, 19876
1694935578, 0, 6, 112, 0, 0, 8097.27, 2, 0, 0, 0.31, 344, 151, 7764.06, 20729, 19876
1694935581, 0, 6, 112, 0, 0, 8097.27, 2, 0, 0, 0.33, 345, 151, 7764.06, 20729, 19876
1694935585, 0, 6, 112, 0, 0, 8097.27, 2, 0, 0, 0.30, 346, 151, 7764.06, 20729, 19876
1694935588, 0, 6, 112, 0, 0, 8097.27, 2, 0, 0, 0.35, 347, 151, 7764.06, 20729, 19876
1694935591, 0, 6, 112, 0, 0, 8097.27, 2, 0, 0, 0.30, 348, 151, 7764.06, 20729, 19876
1694935595, 0, 6, 112, 0, 0, 8097.27, 2, 0, 0, 0.24, 349, 151, 7764.06, 20729, 19876
1694935599, 0, 6, 113, 0, 0, 8097.27, 2, 0, 0, 0.25, 350, 151, 7764.06, 20729, 19876
1694935603, 0, 6, 114, 0, 0, 8097.27, 2, 0, 0, 0.28, 351, 151, 7764.06, 20729, 19876
1694935606, 0, 6, 115, 0, 0, 8097.27, 2, 0, 0, 0.32, 352, 151, 7764.06, 20729, 19876
1694935609, 0, 6, 115, 0, 0, 8097.27, 2, 0, 0, 0.36, 353, 151, 7764.06, 20729, 19876
1694935612, 0, 6, 115, 0, 0, 8097.27, 2, 0, 0, 0.31, 354, 151, 7764.06, 20729, 19876
1694935615, 0, 6, 115, 0, 0, 8097.27, 2, 0, 0, 0.30, 355, 151, 7764.06, 20729, 19876
1694935618, 0, 6, 115, 0, 0, 8097.27, 2, 0, 0, 0.33, 356, 151, 7764.06, 20729, 19876
1694935621, 0, 6, 115, 0, 0, 8097.27, 2, 0, 0, 0.39, 357, 151, 7764.06, 20729, 19876
1694935624, 0, 6, 115, 0, 0, 8097.27, 2, 0, 0, 0.31, 358, 151, 7764.06, 20729, 19876
1694935627, 0, 6, 115, 0, 0, 8097.27, 2, 0, 0, 0.29, 359, 151, 7764.06, 20729, 19876
1694935630, 0, 6, 115, 0, 0, 8097.27, 2, 0, 0, 0.39, 360, 151, 7764.06, 20729, 19876
1694935633, 0, 6, 115, 0, 0, 8097.27, 2, 0, 0, 0.32, 361, 151, 7764.06, 20729, 19876
1694935636, 0, 6, 115, 0, 0, 8097.27, 2, 0, 0, 0.33, 362, 151, 7764.06, 20729, 19876
1694935639, 0, 6, 115, 0, 0, 8097.27, 2, 0, 0, 0.36, 363, 151, 7764.06, 20729, 19876
1694935643, 0, 6, 115, 0, 0, 8097.27, 2, 0, 0, 0.23, 364, 151, 7764.06, 20729, 19876
1694935647, 0, 6, 115, 0, 0, 8097.27, 2, 0, 0, 0.30, 365, 151, 7764.06, 20729, 19876
1694935650, 0, 6, 115, 0, 0, 8097.27, 2, 0, 0, 0.30, 366, 151, 7764.06, 20729, 19876
1694935653, 0, 6, 115, 0, 0, 8097.27, 2, 0, 0, 0.32, 367, 151, 7764.06, 20729, 19876
1694935656, 0, 6, 115, 0, 0, 8097.27, 2, 0, 0, 0.34, 368, 151, 7764.06, 20729, 19876
1694935659, 0, 6, 116, 0, 0, 8097.27, 2, 0, 0, 0.32, 369, 151, 7764.06, 20729, 19876
1694935663, 0, 6, 117, 0, 0, 8097.27, 2, 0, 0, 0.28, 370, 151, 7764.06, 20729, 19876
1694935667, 0, 6, 117, 0, 0, 8097.27, 2, 0, 0, 0.23, 371, 151, 7764.06, 20729, 19876
1694935670, 0, 6, 118, 0, 0, 8097.27, 2, 0, 0, 0.33, 372, 151, 7764.06, 20729, 19876
1694935673, 0, 6, 118, 0, 0, 8097.27, 2, 0, 0, 0.30, 373, 151, 7764.06, 20729, 19876
1694935676, 0, 6, 118, 0, 0, 8097.27, 2, 0, 0, 0.32, 374, 151, 7764.06, 20729, 19876
1694935681, 0, 6, 118, 0, 0, 8097.27, 2, 0, 0, 0.23, 375, 151, 7764.06, 20729, 19876
1694935685, 0, 6, 118, 0, 0, 8097.27, 2, 0, 0, 0.23, 376, 151, 7764.06, 20729, 19876
1694935690, 0, 6, 118, 0, 0, 8097.27, 2, 0, 0, 0.22, 377, 151, 7764.06, 20729, 19876
1694935693, 0, 6, 118, 0, 0, 8097.27, 2, 0, 0, 0.33, 378, 151, 7764.06, 20729, 19876
1694935696, 0, 6, 119, 0, 0, 8097.27, 2, 0, 0, 0.30, 379, 151, 7764.06, 20729, 19876
1694935699, 0, 6, 119, 0, 0, 8097.27, 2, 0, 0, 0.34, 380, 151, 7764.06, 20729, 19876
1694935702, 0, 6, 119, 0, 0, 8097.27, 2, 0, 0, 0.33, 381, 151, 7764.06, 20729, 19876
1694935705, 0, 6, 120, 0, 0, 8097.27, 2, 0, 0, 0.33, 382, 151, 7764.06, 20729, 19876
1694935708, 0, 6, 121, 0, 0, 8097.27, 2, 0, 0, 0.32, 383, 151, 7764.06, 20729, 19876
1694935712, 0, 6, 121, 0, 0, 8097.27, 2, 0, 0, 0.27, 384, 151, 7764.06, 20729, 19876
1694935716, 0, 6, 121, 0, 0, 8097.27, 2, 0, 0, 0.26, 385, 151, 7764.06, 20729, 19876
1694935720, 0, 6, 121, 0, 0, 8097.27, 2, 0, 0, 0.24, 386, 151, 7764.06, 20729, 19876
1694935723, 0, 6, 121, 0, 0, 8097.27, 2, 0, 0, 0.32, 387, 151, 7764.06, 20729, 19876
1694935726, 0, 6, 121, 0, 0, 8097.27, 2, 0, 0, 0.37, 388, 151, 7764.06, 20729, 19876
1694935729, 0, 6, 122, 0, 0, 8097.27, 2, 0, 0, 0.32, 389, 151, 7764.06, 20729, 19876
1694935732, 0, 6, 122, 0, 0, 8097.27, 2, 0, 0, 0.30, 390, 151, 7764.06, 20729, 19876
1694935737, 0, 6, 122, 0, 0, 8097.27, 2, 0, 0, 0.23, 391, 151, 7764.06, 20729, 19876
1694935740, 0, 6, 122, 0, 0, 8097.27, 2, 0, 0, 0.26, 392, 151, 7764.06, 20729, 19876
1694935744, 0, 6, 122, 0, 0, 8097.27, 2, 0, 0, 0.27, 393, 151, 7764.06, 20729, 19876
1694935747, 0, 6, 122, 0, 0, 8097.27, 2, 0, 0, 0.32, 394, 151, 7764.06, 20729, 19876
1694935751, 0, 6, 122, 0, 0, 8097.27, 2, 0, 0, 0.27, 395, 151, 7764.06, 20729, 19876
1694935755, 0, 6, 122, 0, 0, 8097.27, 2, 0, 0, 0.26, 396, 151, 7764.06, 20729, 19876
1694935758, 0, 6, 122, 0, 0, 8097.27, 2, 0, 0, 0.35, 397, 151, 7764.06, 20729, 19876
1694935761, 0, 6, 123, 0, 0, 8097.27, 2, 0, 0, 0.31, 398, 151, 7764.06, 20729, 19876
1694935765, 0, 6, 123, 0, 0, 8097.27, 2, 0, 0, 0.24, 399, 151, 7764.06, 20729, 19876
1694935769, 0, 6, 123, 0, 0, 8097.27, 2, 0, 0, 0.23, 400, 151, 7764.06, 20729, 19876
1694935774, 0, 6, 123, 0, 0, 8097.27, 2, 0, 0, 0.20, 401, 151, 7764.06, 20729, 19876
1694935777, 0, 6, 123, 0, 0, 8097.27, 2, 0, 0, 0.33, 402, 151, 7764.06, 20729, 19876
1694935780, 0, 6, 123, 0, 0, 8097.27, 2, 0, 0, 0.31, 403, 151, 7764.06, 20729, 19876
1694935784, 0, 6, 123, 0, 0, 8097.27, 2, 0, 0, 0.29, 404, 151, 7764.06, 20729, 19876
1694935786, 0, 6, 123, 0, 0, 8097.27, 2, 0, 0, 0.38, 405, 151, 7764.06, 20729, 19876
1694935790, 0, 6, 123, 0, 0, 8097.27, 2, 0, 0, 0.26, 406, 151, 7764.06, 20729, 19876
1694935794, 0, 6, 123, 0, 0, 8097.27, 2, 0, 0, 0.24, 407, 151, 7764.06, 20729, 19876
1694935798, 0, 6, 123, 0, 0, 8097.27, 2, 0, 0, 0.27, 408, 151, 7764.06, 20729, 19876
1694935801, 0, 6, 123, 0, 0, 8097.27, 2, 0, 0, 0.36, 409, 151, 7764.06, 20729, 19876
1694935805, 0, 6, 123, 0, 0, 8097.27, 2, 0, 0, 0.26, 410, 151, 7764.06, 20729, 19876
1694935808, 0, 6, 123, 0, 0, 8097.27, 2, 0, 0, 0.28, 411, 151, 7764.06, 20729, 19876
1694935812, 0, 6, 123, 0, 0, 8097.27, 2, 0, 0, 0.32, 412, 151, 7764.06, 20729, 19876
1694935815, 0, 6, 123, 0, 0, 8097.27, 2, 0, 0, 0.26, 413, 151, 7764.06, 20729, 19876
1694935820, 0, 6, 123, 0, 0, 8097.27, 2, 0, 0, 0.23, 414, 151, 7764.06, 20729, 19876
1694935825, 0, 6, 123, 0, 0, 8097.27, 2, 0, 0, 0.20, 415, 151, 7764.06, 20729, 19876
1694935828, 0, 6, 123, 0, 0, 8097.27, 2, 0, 0, 0.33, 416, 151, 7764.06, 20729, 19876
1694935831, 0, 6, 123, 0, 0, 8097.27, 2, 0, 0, 0.29, 417, 151, 7764.06, 20729, 19876
1694935834, 0, 6, 123, 0, 0, 8097.27, 2, 0, 0, 0.31, 418, 151, 7764.06, 20729, 19876
1694935839, 0, 6, 124, 0, 0, 8097.27, 2, 0, 0, 0.23, 419, 151, 7764.06, 20729, 19876
1694935844, 0, 6, 124, 0, 0, 8097.27, 2, 0, 0, 0.21, 420, 151, 7764.06, 20729, 19876
1694935847, 0, 6, 124, 0, 0, 8097.27, 2, 0, 0, 0.26, 421, 151, 7764.06, 20729, 19876
1694935852, 0, 6, 124, 0, 0, 8097.27, 2, 0, 0, 0.23, 422, 151, 7764.06, 20729, 19876
1694935855, 0, 6, 124, 0, 0, 8097.27, 2, 0, 0, 0.30, 423, 151, 7764.06, 20729, 19876
1694935858, 0, 6, 125, 0, 0, 8097.27, 2, 0, 0, 0.33, 424, 151, 7764.06, 20729, 19876
1694935863, 0, 6, 126, 0, 0, 8097.27, 2, 0, 0, 0.23, 425, 151, 7764.06, 20729, 19876
1694935868, 0, 6, 127, 0, 0, 8097.27, 2, 0, 0, 0.19, 426, 151, 7764.06, 20729, 19876
1694935871, 0, 6, 128, 0, 0, 8097.27, 2, 0, 0, 0.28, 427, 151, 7764.06, 20729, 19876
1694935876, 0, 6, 129, 0, 0, 8097.27, 2, 0, 0, 0.24, 428, 151, 7764.06, 20729, 19876
1694935880, 0, 6, 130, 0, 0, 8097.27, 2, 0, 0, 0.25, 429, 151, 7764.06, 20729, 19876
1694935883, 0, 6, 130, 0, 0, 8097.27, 2, 0, 0, 0.26, 430, 151, 7764.06, 20729, 19876
1694935889, 0, 6, 130, 0, 0, 8097.27, 2, 0, 0, 0.18, 431, 151, 7764.06, 20729, 19876
1694935894, 0, 6, 130, 0, 0, 8097.27, 2, 0, 0, 0.22, 432, 151, 7764.06, 20729, 19876
1694935897, 0, 6, 130, 0, 0, 8097.27, 2, 0, 0, 0.26, 433, 151, 7764.06, 20729, 19876
1694935902, 0, 6, 130, 0, 0, 8097.27, 2, 0, 0, 0.24, 434, 151, 7764.06, 20729, 19876
1694935906, 0, 6, 130, 0, 0, 8097.27, 2, 0, 0, 0.24, 435, 151, 7764.06, 20729, 19876
1694935909, 0, 6, 130, 0, 0, 8097.27, 2, 0, 0, 0.32, 436, 151, 7764.06, 20729, 19876
1694935913, 0, 6, 130, 0, 0, 8097.27, 2, 0, 0, 0.22, 437, 151, 7764.06, 20729, 19876
1694935918, 0, 6, 130, 0, 0, 8097.27, 2, 0, 0, 0.23, 438, 151, 7764.06, 20729, 19876
1694935921, 0, 6, 130, 0, 0, 8097.27, 2, 0, 0, 0.29, 439, 151, 7764.06, 20729, 19876
1694935926, 0, 6, 130, 0, 0, 8097.27, 2, 0, 0, 0.22, 440, 151, 7764.06, 20729, 19876
1694935930, 0, 6, 130, 0, 0, 8097.27, 2, 0, 0, 0.25, 441, 151, 7764.06, 20729, 19876
1694935934, 0, 6, 131, 0, 0, 8097.27, 2, 0, 0, 0.25, 442, 151, 7764.06, 20729, 19876
1694935938, 0, 6, 131, 0, 0, 8097.27, 2, 0, 0, 0.22, 443, 151, 7764.06, 20729, 19876
1694935942, 0, 6, 131, 0, 0, 8097.27, 2, 0, 0, 0.25, 444, 151, 7764.06, 20729, 19876
1694935946, 0, 6, 131, 0, 0, 8097.27, 2, 0, 0, 0.25, 445, 151, 7764.06, 20729, 19876
1694935951, 0, 6, 131, 0, 0, 8097.27, 2, 0, 0, 0.20, 446, 151, 7764.06, 20729, 19876
1694935955, 0, 6, 131, 0, 0, 8097.27, 2, 0, 0, 0.28, 447, 151, 7764.06, 20729, 19876
1694935959, 0, 6, 131, 0, 0, 8097.27, 2, 0, 0, 0.24, 448, 151, 7764.06, 20729, 19876
1694935963, 0, 6, 132, 0, 0, 8097.27, 2, 0, 0, 0.23, 449, 151, 7764.06, 20729, 19876
1694935967, 0, 6, 132, 0, 0, 8097.27, 2, 0, 0, 0.29, 450, 151, 7764.06, 20729, 19876
1694935971, 0, 6, 132, 0, 0, 8097.27, 2, 0, 0, 0.25, 451, 151, 7764.06, 20729, 19876
1694935975, 0, 6, 132, 0, 0, 8097.27, 2, 0, 0, 0.22, 452, 151, 7764.06, 20729, 19876
1694935980, 0, 6, 132, 0, 0, 8097.27, 2, 0, 0, 0.21, 453, 151, 7764.06, 20729, 19876
1694935984, 0, 6, 132, 0, 0, 8097.27, 2, 0, 0, 0.29, 454, 151, 7764.06, 20729, 19876
1694935988, 0, 6, 132, 0, 0, 8097.27, 2, 0, 0, 0.25, 455, 151, 7764.06, 20729, 19876
1694935992, 0, 6, 133, 0, 0, 8097.27, 2, 0, 0, 0.26, 456, 151, 7764.06, 20729, 19876
1694935995, 0, 6, 133, 0, 0, 8097.27, 2, 0, 0, 0.28, 457, 151, 7764.06, 20729, 19876
1694935999, 0, 6, 133, 0, 0, 8097.27, 2, 0, 0, 0.24, 458, 151, 7764.06, 20729, 19876
1694936003, 0, 6, 133, 0, 0, 8097.27, 2, 0, 0, 0.28, 459, 151, 7764.06, 20729, 19876
1694936007, 0, 6, 133, 0, 0, 8097.27, 2, 0, 0, 0.27, 460, 151, 7764.06, 20729, 19876
1694936011, 0, 6, 133, 0, 0, 8097.27, 2, 0, 0, 0.24, 461, 151, 7764.06, 20729, 19876
1694936017, 0, 6, 134, 0, 0, 8097.27, 2, 0, 0, 0.15, 462, 151, 7764.06, 20729, 19876
1694936021, 0, 6, 134, 0, 0, 8097.27, 2, 0, 0, 0.29, 463, 151, 7764.06, 20729, 19876
1694936025, 0, 6, 134, 0, 0, 8097.27, 2, 0, 0, 0.24, 464, 151, 7764.06, 20729, 19876
1694936030, 0, 6, 134, 0, 0, 8097.27, 2, 0, 0, 0.20, 465, 151, 7764.06, 20729, 19876
1694936034, 0, 6, 134, 0, 0, 8097.27, 2, 0, 0, 0.27, 466, 151, 7764.06, 20729, 19876
1694936038, 0, 6, 134, 0, 0, 8097.27, 2, 0, 0, 0.25, 467, 151, 7764.06, 20729, 19876
1694936043, 0, 6, 134, 0, 0, 8097.27, 2, 0, 0, 0.18, 468, 151, 7764.06, 20729, 19876
1694936047, 0, 6, 134, 0, 0, 8097.27, 2, 0, 0, 0.29, 469, 151, 7764.06, 20729, 19876
1694936051, 0, 6, 134, 0, 0, 8097.27, 2, 0, 0, 0.26, 470, 151, 7764.06, 20729, 19876
1694936055, 0, 6, 134, 0, 0, 8097.27, 2, 0, 0, 0.25, 471, 151, 7764.06, 20729, 19876
1694936058, 0, 6, 134, 0, 0, 8097.27, 2, 0, 0, 0.27, 472, 151, 7764.06, 20729, 19876
1694936062, 0, 6, 134, 0, 0, 8097.27, 2, 0, 0, 0.28, 473, 151, 7764.06, 20729, 19876
1694936067, 0, 6, 134, 0, 0, 8097.27, 2, 0, 0, 0.21, 474, 151, 7764.06, 20729, 19876
1694936071, 0, 6, 134, 0, 0, 8097.27, 2, 0, 0, 0.25, 475, 151, 7764.06, 20729, 19876
1694936074, 0, 6, 134, 0, 0, 8097.27, 2, 0, 0, 0.28, 476, 151, 7764.06, 20729, 19876
1694936079, 0, 6, 134, 0, 0, 8097.27, 2, 0, 0, 0.22, 477, 151, 7764.06, 20729, 19876
1694936083, 0, 6, 134, 0, 0, 8097.27, 2, 0, 0, 0.22, 478, 151, 7764.06, 20729, 19876
1694936087, 0, 6, 134, 0, 0, 8097.27, 2, 0, 0, 0.25, 479, 151, 7764.06, 20729, 19876
1694936091, 0, 6, 134, 0, 0, 8097.27, 2, 0, 0, 0.27, 480, 151, 7764.06, 20729, 19876
1694936095, 0, 6, 134, 0, 0, 8097.27, 2, 0, 0, 0.24, 481, 151, 7764.06, 20729, 19876
1694936099, 0, 6, 134, 0, 0, 8097.27, 2, 0, 0, 0.27, 482, 151, 7764.06, 20729, 19876
1694936104, 0, 6, 134, 0, 0, 8097.27, 2, 0, 0, 0.21, 483, 151, 7764.06, 20729, 19876
1694936108, 0, 6, 134, 0, 0, 8097.27, 2, 0, 0, 0.22, 484, 151, 7764.06, 20729, 19876
1694936112, 0, 6, 134, 0, 0, 8097.27, 2, 0, 0, 0.31, 485, 151, 7764.06, 20729, 19876
1694936116, 0, 6, 134, 0, 0, 8097.27, 2, 0, 0, 0.24, 486, 151, 7764.06, 20729, 19876
1694936120, 0, 6, 134, 0, 0, 8097.27, 2, 0, 0, 0.24, 487, 151, 7764.06, 20729, 19876
1694936124, 0, 6, 134, 0, 0, 8097.27, 2, 0, 0, 0.23, 488, 151, 7764.06, 20729, 19876
1694936129, 0, 6, 134, 0, 0, 8097.27, 2, 0, 0, 0.23, 489, 151, 7764.06, 20729, 19876
1694936133, 0, 6, 134, 0, 0, 8097.27, 2, 0, 0, 0.23, 490, 151, 7764.06, 20729, 19876
1694936137, 0, 6, 134, 0, 0, 8097.27, 2, 0, 0, 0.26, 491, 151, 7764.06, 20729, 19876
1694936141, 0, 6, 134, 0, 0, 8097.27, 2, 0, 0, 0.22, 492, 151, 7764.06, 20729, 19876
1694936146, 0, 6, 134, 0, 0, 8097.27, 2, 0, 0, 0.24, 493, 151, 7764.06, 20729, 19876
1694936149, 0, 6, 134, 0, 0, 8097.27, 2, 0, 0, 0.26, 494, 151, 7764.06, 20729, 19876
1694936154, 0, 6, 134, 0, 0, 8097.27, 2, 0, 0, 0.24, 495, 151, 7764.06, 20729, 19876
1694936159, 0, 6, 134, 0, 0, 8097.27, 2, 0, 0, 0.20, 496, 151, 7764.06, 20729, 19876
1694936163, 0, 6, 134, 0, 0, 8097.27, 2, 0, 0, 0.22, 497, 151, 7764.06, 20729, 19876
1694936168, 0, 6, 134, 0, 0, 8097.27, 2, 0, 0, 0.22, 498, 151, 7764.06, 20729, 19876
1694936171, 0, 6, 134, 0, 0, 8097.27, 2, 0, 0, 0.27, 499, 151, 7764.06, 20729, 19876
1694936175, 0, 6, 134, 0, 0, 8097.27, 2, 0, 0, 0.26, 500, 151, 7764.06, 20729, 19876
1694936178, 0, 6, 134, 0, 0, 8097.27, 2, 0, 0, 0.32, 501, 151, 7764.06, 20729, 19876
1694936183, 0, 6, 134, 0, 0, 8097.27, 2, 0, 0, 0.21, 502, 151, 7764.06, 20729, 19876
1694936187, 0, 6, 134, 0, 0, 8097.27, 2, 0, 0, 0.23, 503, 151, 7764.06, 20729, 19876
1694936191, 0, 6, 134, 0, 0, 8097.27, 2, 0, 0, 0.28, 504, 151, 7764.06, 20729, 19876
1694936195, 0, 6, 134, 0, 0, 8097.27, 2, 0, 0, 0.23, 505, 151, 7764.06, 20729, 19876
1694936200, 0, 6, 134, 0, 0, 8097.27, 2, 0, 0, 0.20, 506, 151, 7764.06, 20729, 19876
1694936204, 0, 6, 134, 0, 0, 8097.27, 2, 0, 0, 0.25, 507, 151, 7764.06, 20729, 19876
1694936209, 0, 6, 134, 0, 0, 8097.27, 2, 0, 0, 0.20, 508, 151, 7764.06, 20729, 19876
1694936214, 0, 6, 135, 0, 0, 8097.27, 2, 0, 0, 0.23, 509, 151, 7764.06, 20729, 19876
1694936218, 0, 6, 135, 0, 0, 8097.27, 2, 0, 0, 0.25, 510, 151, 7764.06, 20729, 19876
1694936223, 0, 6, 136, 0, 0, 8097.27, 2, 0, 0, 0.20, 511, 151, 7764.06, 20729, 19876
1694936227, 0, 6, 137, 0, 0, 8097.27, 2, 0, 0, 0.25, 512, 151, 7764.06, 20729, 19876
1694936231, 0, 6, 138, 0, 0, 8097.27, 2, 0, 0, 0.23, 513, 151, 7764.06, 20729, 19876
1694936235, 0, 6, 138, 0, 0, 8097.27, 2, 0, 0, 0.23, 514, 151, 7764.06, 20729, 19876
1694936240, 0, 6, 138, 0, 0, 8097.27, 2, 0, 0, 0.21, 515, 151, 7764.06, 20729, 19876
1694936244, 0, 6, 138, 0, 0, 8097.27, 2, 0, 0, 0.28, 516, 151, 7764.06, 20729, 19876
1694936248, 0, 6, 138, 0, 0, 8097.27, 2, 0, 0, 0.23, 517, 151, 7764.06, 20729, 19876
1694936253, 0, 6, 138, 0, 0, 8097.27, 2, 0, 0, 0.23, 518, 151, 7764.06, 20729, 19876
1694936257, 0, 6, 138, 0, 0, 8097.27, 2, 0, 0, 0.24, 519, 151, 7764.06, 20729, 19876
1694936262, 0, 6, 138, 0, 0, 8097.27, 2, 0, 0, 0.19, 520, 151, 7764.06, 20729, 19876
1694936266, 0, 6, 138, 0, 0, 8097.27, 2, 0, 0, 0.27, 521, 151, 7764.06, 20729, 19876
1694936269, 0, 6, 138, 0, 0, 8097.27, 2, 0, 0, 0.31, 522, 151, 7764.06, 20729, 19876
1694936273, 0, 6, 138, 0, 0, 8097.27, 2, 0, 0, 0.22, 523, 151, 7764.06, 20729, 19876
1694936278, 0, 6, 138, 0, 0, 8097.27, 2, 0, 0, 0.24, 524, 151, 7764.06, 20729, 19876
1694936282, 0, 6, 138, 0, 0, 8097.27, 2, 0, 0, 0.23, 525, 151, 7764.06, 20729, 19876
1694936288, 0, 6, 138, 0, 0, 8097.27, 2, 0, 0, 0.17, 526, 151, 7764.06, 20729, 19876
1694936292, 0, 6, 138, 0, 0, 8097.27, 2, 0, 0, 0.23, 527, 151, 7764.06, 20729, 19876
1694936295, 0, 6, 138, 0, 0, 8097.27, 2, 0, 0, 0.30, 528, 151, 7764.06, 20729, 19876
1694936300, 0, 6, 139, 0, 0, 8098.05, 2, 0, 0, 0.22, 529, 151, 7764.84, 20731, 19878
1694936304, 0, 6, 139, 0, 0, 8098.05, 2, 0, 0, 0.28, 530, 151, 7764.84, 20731, 19878
1694936307, 0, 6, 139, 0, 0, 8098.05, 2, 0, 0, 0.29, 531, 151, 7764.84, 20731, 19878
1694936311, 0, 6, 139, 0, 0, 8098.05, 2, 0, 0, 0.24, 532, 151, 7764.84, 20731, 19878
1694936315, 0, 6, 139, 0, 0, 8098.05, 2, 0, 0, 0.23, 533, 151, 7764.84, 20731, 19878
1694936319, 0, 6, 139, 0, 0, 8098.05, 2, 0, 0, 0.25, 534, 151, 7764.84, 20731, 19878
1694936323, 0, 6, 139, 0, 0, 8098.05, 2, 0, 0, 0.24, 535, 151, 7764.84, 20731, 19878
1694936328, 0, 6, 139, 0, 0, 8098.05, 2, 0, 0, 0.23, 536, 151, 7764.84, 20731, 19878
1694936332, 0, 6, 139, 0, 0, 8098.05, 2, 0, 0, 0.27, 537, 151, 7764.84, 20731, 19878
1694936336, 0, 6, 139, 0, 0, 8098.05, 2, 0, 0, 0.22, 538, 151, 7764.84, 20731, 19878
1694936341, 0, 6, 139, 0, 0, 8098.05, 2, 0, 0, 0.21, 539, 151, 7764.84, 20731, 19878
1694936345, 0, 6, 139, 0, 0, 8098.05, 2, 0, 0, 0.22, 540, 151, 7764.84, 20731, 19878
1694936350, 0, 6, 139, 0, 0, 8098.05, 2, 0, 0, 0.22, 541, 151, 7764.84, 20731, 19878
1694936354, 0, 6, 139, 0, 0, 8098.05, 2, 0, 0, 0.22, 542, 151, 7764.84, 20731, 19878
1694936358, 0, 6, 139, 0, 0, 8098.05, 2, 0, 0, 0.28, 543, 151, 7764.84, 20731, 19878
1694936363, 0, 6, 139, 0, 0, 8098.05, 2, 0, 0, 0.20, 544, 151, 7764.84, 20731, 19878
1694936367, 0, 6, 139, 0, 0, 8098.05, 2, 0, 0, 0.27, 545, 151, 7764.84, 20731, 19878
1694936371, 0, 6, 139, 0, 0, 8098.05, 2, 0, 0, 0.28, 546, 151, 7764.84, 20731, 19878
1694936375, 0, 6, 139, 0, 0, 8098.05, 2, 0, 0, 0.23, 547, 151, 7764.84, 20731, 19878
1694936379, 0, 6, 139, 0, 0, 8098.05, 2, 0, 0, 0.22, 548, 151, 7764.84, 20731, 19878
1694936384, 0, 6, 139, 0, 0, 8098.05, 2, 0, 0, 0.23, 549, 151, 7764.84, 20731, 19878
1694936389, 0, 6, 139, 0, 0, 8098.05, 2, 0, 0, 0.20, 550, 151, 7764.84, 20731, 19878
1694936393, 0, 6, 139, 0, 0, 8098.05, 2, 0, 0, 0.24, 551, 151, 7764.84, 20731, 19878
1694936396, 0, 6, 139, 0, 0, 8098.05, 2, 0, 0, 0.33, 552, 151, 7764.84, 20731, 19878
1694936400, 0, 6, 139, 0, 0, 8098.05, 2, 0, 0, 0.25, 553, 151, 7764.84, 20731, 19878
1694936404, 0, 6, 139, 0, 0, 8098.05, 2, 0, 0, 0.25, 554, 151, 7764.84, 20731, 19878
1694936408, 0, 6, 139, 0, 0, 8098.05, 2, 0, 0, 0.27, 555, 151, 7764.84, 20731, 19878
1694936411, 0, 6, 139, 0, 0, 8098.05, 2, 0, 0, 0.26, 556, 151, 7764.84, 20731, 19878
1694936416, 0, 6, 139, 0, 0, 8098.05, 2, 0, 0, 0.24, 557, 151, 7764.84, 20731, 19878
1694936420, 0, 6, 139, 0, 0, 8098.05, 2, 0, 0, 0.26, 558, 151, 7764.84, 20731, 19878
1694936424, 0, 6, 139, 0, 0, 8098.05, 2, 0, 0, 0.21, 559, 151, 7764.84, 20731, 19878
1694936429, 0, 6, 139, 0, 0, 8098.05, 2, 0, 0, 0.23, 560, 151, 7764.84, 20731, 19878
1694936433, 0, 6, 139, 0, 0, 8098.05, 2, 0, 0, 0.23, 561, 151, 7764.84, 20731, 19878
1694936438, 0, 6, 139, 0, 0, 8098.05, 2, 0, 0, 0.21, 562, 151, 7764.84, 20731, 19878
1694936442, 0, 6, 139, 0, 0, 8098.05, 2, 0, 0, 0.23, 563, 151, 7764.84, 20731, 19878
1694936446, 0, 6, 139, 0, 0, 8098.05, 2, 0, 0, 0.26, 564, 151, 7764.84, 20731, 19878
1694936451, 0, 6, 139, 0, 0, 8098.05, 2, 0, 0, 0.19, 565, 151, 7764.84, 20731, 19878
1694936455, 0, 6, 139, 0, 0, 8098.05, 2, 0, 0, 0.25, 566, 151, 7764.84, 20731, 19878
1694936460, 0, 6, 139, 0, 0, 8098.05, 2, 0, 0, 0.23, 567, 151, 7764.84, 20731, 19878
1694936465, 0, 6, 139, 0, 0, 8098.05, 2, 0, 0, 0.19, 568, 151, 7764.84, 20731, 19878
1694936469, 0, 6, 139, 0, 0, 8098.05, 2, 0, 0, 0.24, 569, 151, 7764.84, 20731, 19878
1694936473, 0, 6, 139, 0, 0, 8098.05, 2, 0, 0, 0.27, 570, 151, 7764.84, 20731, 19878
1694936477, 0, 6, 139, 0, 0, 8098.05, 2, 0, 0, 0.21, 571, 151, 7764.84, 20731, 19878
1694936482, 0, 6, 139, 0, 0, 8098.05, 2, 0, 0, 0.23, 572, 151, 7764.84, 20731, 19878
1694936485, 0, 6, 139, 0, 0, 8098.05, 2, 0, 0, 0.29, 573, 151, 7764.84, 20731, 19878
1694936490, 0, 6, 139, 0, 0, 8098.05, 2, 0, 0, 0.20, 574, 151, 7764.84, 20731, 19878
1694936494, 0, 6, 139, 0, 0, 8098.05, 2, 0, 0, 0.25, 575, 151, 7764.84, 20731, 19878
1694936498, 0, 6, 139, 0, 0, 8098.05, 2, 0, 0, 0.26, 576, 151, 7764.84, 20731, 19878
1694936503, 0, 6, 139, 0, 0, 8098.05, 2, 0, 0, 0.20, 577, 151, 7764.84, 20731, 19878
1694936508, 0, 6, 139, 0, 0, 8098.05, 2, 0, 0, 0.22, 578, 151, 7764.84, 20731, 19878
1694936512, 0, 6, 139, 0, 0, 8098.05, 2, 0, 0, 0.26, 579, 151, 7764.84, 20731, 19878
1694936517, 0, 6, 139, 0, 0, 8098.05, 2, 0, 0, 0.17, 580, 151, 7764.84, 20731, 19878
1694936522, 0, 6, 139, 0, 0, 8098.05, 2, 0, 0, 0.24, 581, 151, 7764.84, 20731, 19878
1694936525, 0, 6, 139, 0, 0, 8098.05, 2, 0, 0, 0.27, 582, 151, 7764.84, 20731, 19878
1694936531, 0, 6, 139, 0, 0, 8098.05, 2, 0, 0, 0.18, 583, 151, 7764.84, 20731, 19878
1694936535, 0, 6, 140, 0, 0, 8098.05, 2, 0, 0, 0.22, 584, 151, 7764.84, 20731, 19878
1694936539, 0, 6, 140, 0, 0, 8098.05, 2, 0, 0, 0.25, 585, 151, 7764.84, 20731, 19878
1694936545, 0, 6, 140, 0, 0, 8098.05, 2, 0, 0, 0.18, 586, 151, 7764.84, 20731, 19878
1694936550, 0, 6, 140, 0, 0, 8098.05, 2, 0, 0, 0.19, 587, 151, 7764.84, 20731, 19878
1694936554, 0, 6, 140, 0, 0, 8098.05, 2, 0, 0, 0.26, 588, 151, 7764.84, 20731, 19878
1694936558, 0, 6, 140, 0, 0, 8098.05, 2, 0, 0, 0.24, 589, 151, 7764.84, 20731, 19878
1694936563, 0, 6, 140, 0, 0, 8098.05, 2, 0, 0, 0.22, 590, 151, 7764.84, 20731, 19878
1694936567, 0, 6, 140, 0, 0, 8098.05, 2, 0, 0, 0.26, 591, 151, 7764.84, 20731, 19878
1694936571, 0, 6, 140, 0, 0, 8098.05, 2, 0, 0, 0.25, 592, 151, 7764.84, 20731, 19878
1694936576, 0, 6, 140, 0, 0, 8098.05, 2, 0, 0, 0.20, 593, 151, 7764.84, 20731, 19878
1694936579, 0, 6, 140, 0, 0, 8098.05, 2, 0, 0, 0.28, 594, 151, 7764.84, 20731, 19878
1694936584, 0, 6, 140, 0, 0, 8098.05, 2, 0, 0, 0.19, 595, 151, 7764.84, 20731, 19878
1694936589, 0, 6, 140, 0, 0, 8098.05, 2, 0, 0, 0.22, 596, 151, 7764.84, 20731, 19878
1694936593, 0, 6, 140, 0, 0, 8098.05, 2, 0, 0, 0.26, 597, 151, 7764.84, 20731, 19878
1694936598, 0, 6, 140, 0, 0, 8098.05, 2, 0, 0, 0.19, 598, 151, 7764.84, 20731, 19878
1694936602, 0, 6, 140, 0, 0, 8098.05, 2, 0, 0, 0.23, 599, 151, 7764.84, 20731, 19878
1694936606, 0, 6, 140, 0, 0, 8098.05, 2, 0, 0, 0.25, 600, 151, 7764.84, 20731, 19878
1694936611, 0, 6, 140, 0, 0, 8098.05, 2, 0, 0, 0.21, 601, 151, 7764.84, 20731, 19878
1694936616, 0, 6, 140, 0, 0, 8098.05, 2, 0, 0, 0.23, 602, 151, 7764.84, 20731, 19878
1694936620, 0, 6, 140, 0, 0, 8098.05, 2, 0, 0, 0.25, 603, 151, 7764.84, 20731, 19878
1694936624, 0, 6, 140, 0, 0, 8098.05, 2, 0, 0, 0.21, 604, 151, 7764.84, 20731, 19878
1694936629, 0, 6, 140, 0, 0, 8098.05, 2, 0, 0, 0.23, 605, 151, 7764.84, 20731, 19878
1694936633, 0, 6, 141, 0, 0, 8098.05, 2, 0, 0, 0.25, 606, 151, 7764.84, 20731, 19878
1694936638, 0, 6, 142, 0, 0, 8098.05, 2, 0, 0, 0.19, 607, 151, 7764.84, 20731, 19878
1694936642, 0, 6, 143, 0, 0, 8098.05, 2, 0, 0, 0.24, 608, 151, 7764.84, 20731, 19878
1694936646, 0, 6, 143, 0, 0, 8098.05, 2, 0, 0, 0.24, 609, 151, 7764.84, 20731, 19878
1694936651, 0, 6, 143, 0, 0, 8098.05, 2, 0, 0, 0.20, 610, 151, 7764.84, 20731, 19878
1694936656, 0, 6, 143, 0, 0, 8098.05, 2, 0, 0, 0.19, 611, 151, 7764.84, 20731, 19878
1694936661, 0, 6, 143, 0, 0, 8098.05, 2, 0, 0, 0.23, 612, 151, 7764.84, 20731, 19878
1694936665, 0, 6, 143, 0, 0, 8098.05, 2, 0, 0, 0.22, 613, 151, 7764.84, 20731, 19878
1694936671, 0, 6, 143, 0, 0, 8098.05, 2, 0, 0, 0.18, 614, 151, 7764.84, 20731, 19878
1694936677, 0, 6, 143, 0, 0, 8098.05, 2, 0, 0, 0.16, 615, 151, 7764.84, 20731, 19878
1694936682, 0, 6, 143, 0, 0, 8098.05, 2, 0, 0, 0.20, 616, 151, 7764.84, 20731, 19878
1694936688, 0, 6, 143, 0, 0, 8098.05, 2, 0, 0, 0.18, 617, 151, 7764.84, 20731, 19878
1694936692, 0, 6, 143, 0, 0, 8098.05, 2, 0, 0, 0.22, 618, 151, 7764.84, 20731, 19878
1694936697, 0, 6, 143, 0, 0, 8098.05, 2, 0, 0, 0.20, 619, 151, 7764.84, 20731, 19878
1694936703, 0, 6, 143, 0, 0, 8098.05, 2, 0, 0, 0.18, 620, 151, 7764.84, 20731, 19878
1694936707, 0, 6, 143, 0, 0, 8098.05, 2, 0, 0, 0.24, 621, 151, 7764.84, 20731, 19878
1694936711, 0, 6, 143, 0, 0, 8098.05, 2, 0, 0, 0.23, 622, 151, 7764.84, 20731, 19878
1694936716, 0, 6, 143, 0, 0, 8098.05, 2, 0, 0, 0.20, 623, 151, 7764.84, 20731, 19878
1694936720, 0, 6, 143, 0, 0, 8098.05, 2, 0, 0, 0.27, 624, 151, 7764.84, 20731, 19878
1694936726, 0, 6, 144, 0, 0, 8098.05, 2, 0, 0, 0.19, 625, 151, 7764.84, 20731, 19878
1694936731, 0, 6, 145, 0, 0, 8098.05, 2, 0, 0, 0.20, 626, 151, 7764.84, 20731, 19878
1694936734, 0, 6, 145, 0, 0, 8098.05, 2, 0, 0, 0.26, 627, 151, 7764.84, 20731, 19878
1694936739, 0, 6, 146, 0, 0, 8098.05, 2, 0, 0, 0.22, 628, 151, 7764.84, 20731, 19878
1694936743, 0, 6, 146, 0, 0, 8098.05, 2, 0, 0, 0.24, 629, 151, 7764.84, 20731, 19878
1694936748, 0, 6, 147, 0, 0, 8098.05, 2, 0, 0, 0.21, 630, 151, 7764.84, 20731, 19878
1694936752, 0, 6, 147, 0, 0, 8098.05, 2, 0, 0, 0.22, 631, 151, 7764.84, 20731, 19878
1694936756, 0, 6, 147, 0, 0, 8098.05, 2, 0, 0, 0.25, 632, 151, 7764.84, 20731, 19878
1694936760, 0, 6, 147, 0, 0, 8098.05, 2, 0, 0, 0.27, 633, 151, 7764.84, 20731, 19878
1694936765, 0, 6, 147, 0, 0, 8098.05, 2, 0, 0, 0.21, 634, 151, 7764.84, 20731, 19878
1694936769, 0, 6, 148, 0, 0, 8098.05, 2, 0, 0, 0.24, 635, 151, 7764.84, 20731, 19878
1694936773, 0, 6, 148, 0, 0, 8098.05, 2, 0, 0, 0.23, 636, 151, 7764.84, 20731, 19878
1694936778, 0, 6, 149, 0, 0, 8098.05, 2, 0, 0, 0.20, 637, 151, 7764.84, 20731, 19878
1694936783, 0, 6, 150, 0, 0, 8098.05, 2, 0, 0, 0.22, 638, 151, 7764.84, 20731, 19878
1694936787, 0, 6, 151, 0, 0, 8098.05, 2, 0, 0, 0.25, 639, 151, 7764.84, 20731, 19878
1694936792, 0, 6, 151, 0, 0, 8098.05, 2, 0, 0, 0.21, 640, 151, 7764.84, 20731, 19878
1694936796, 0, 6, 151, 0, 0, 8098.05, 2, 0, 0, 0.21, 641, 151, 7764.84, 20731, 19878
1694936800, 0, 6, 151, 0, 0, 8098.05, 2, 0, 0, 0.25, 642, 151, 7764.84, 20731, 19878
1694936806, 0, 6, 151, 0, 0, 8098.05, 2, 0, 0, 0.19, 643, 151, 7764.84, 20731, 19878
1694936811, 0, 6, 151, 0, 0, 8098.05, 2, 0, 0, 0.21, 644, 151, 7764.84, 20731, 19878
1694936815, 0, 6, 151, 0, 0, 8098.05, 2, 0, 0, 0.22, 645, 151, 7764.84, 20731, 19878
1694936820, 0, 6, 151, 0, 0, 8098.05, 2, 0, 0, 0.23, 646, 151, 7764.84, 20731, 19878
1694936824, 0, 6, 151, 0, 0, 8098.05, 2, 0, 0, 0.21, 647, 151, 7764.84, 20731, 19878
1694936830, 0, 6, 151, 0, 0, 8098.05, 2, 0, 0, 0.17, 648, 151, 7764.84, 20731, 19878
1694936834, 0, 6, 151, 0, 0, 8098.05, 2, 0, 0, 0.26, 649, 151, 7764.84, 20731, 19878
1694936838, 0, 6, 151, 0, 0, 8098.05, 2, 0, 0, 0.24, 650, 151, 7764.84, 20731, 19878
1694936843, 0, 6, 152, 0, 0, 8098.05, 2, 0, 0, 0.24, 651, 151, 7764.84, 20731, 19878
1694936846, 0, 6, 152, 0, 0, 8098.05, 2, 0, 0, 0.27, 652, 151, 7764.84, 20731, 19878
1694936850, 0, 6, 152, 0, 0, 8098.05, 2, 0, 0, 0.27, 653, 151, 7764.84, 20731, 19878
1694936855, 0, 6, 152, 0, 0, 8098.05, 2, 0, 0, 0.20, 654, 151, 7764.84, 20731, 19878
1694936859, 0, 6, 152, 0, 0, 8098.05, 2, 0, 0, 0.22, 655, 151, 7764.84, 20731, 19878
1694936865, 0, 6, 152, 0, 0, 8098.05, 2, 0, 0, 0.20, 656, 151, 7764.84, 20731, 19878
1694936870, 0, 6, 152, 0, 0, 8098.05, 2, 0, 0, 0.20, 657, 151, 7764.84, 20731, 19878
1694936874, 0, 6, 152, 0, 0, 8098.05, 2, 0, 0, 0.21, 658, 151, 7764.84, 20731, 19878
1694936879, 0, 6, 152, 0, 0, 8098.05, 2, 0, 0, 0.23, 659, 151, 7764.84, 20731, 19878
1694936884, 0, 6, 152, 0, 0, 8098.05, 2, 0, 0, 0.18, 660, 151, 7764.84, 20731, 19878
1694936890, 0, 6, 152, 0, 0, 8098.05, 2, 0, 0, 0.19, 661, 151, 7764.84, 20731, 19878
1694936894, 0, 6, 152, 0, 0, 8098.05, 2, 0, 0, 0.24, 662, 151, 7764.84, 20731, 19878
1694936898, 0, 6, 152, 0, 0, 8098.05, 2, 0, 0, 0.21, 663, 151, 7764.84, 20731, 19878
1694936903, 0, 6, 152, 0, 0, 8098.05, 2, 0, 0, 0.23, 664, 151, 7764.84, 20731, 19878
1694936907, 0, 6, 152, 0, 0, 8098.05, 2, 0, 0, 0.26, 665, 151, 7764.84, 20731, 19878
1694936912, 0, 6, 152, 0, 0, 8098.05, 2, 0, 0, 0.20, 666, 151, 7764.84, 20731, 19878
1694936917, 0, 6, 152, 0, 0, 8098.05, 2, 0, 0, 0.20, 667, 151, 7764.84, 20731, 19878
1694936920, 0, 6, 152, 0, 0, 8098.05, 2, 0, 0, 0.27, 668, 151, 7764.84, 20731, 19878
1694936926, 0, 6, 152, 0, 0, 8098.05, 2, 0, 0, 0.19, 669, 151, 7764.84, 20731, 19878
1694936931, 0, 6, 152, 0, 0, 8098.05, 2, 0, 0, 0.20, 670, 151, 7764.84, 20731, 19878
1694936935, 0, 6, 152, 0, 0, 8098.05, 2, 0, 0, 0.22, 671, 151, 7764.84, 20731, 19878
1694936940, 0, 6, 152, 0, 0, 8098.05, 2, 0, 0, 0.20, 672, 151, 7764.84, 20731, 19878
1694936945, 0, 6, 152, 0, 0, 8098.05, 2, 0, 0, 0.21, 673, 151, 7764.84, 20731, 19878
1694936949, 0, 6, 152, 0, 0, 8098.05, 2, 0, 0, 0.25, 674, 151, 7764.84, 20731, 19878
1694936953, 0, 6, 153, 0, 0, 8098.05, 2, 0, 0, 0.25, 675, 151, 7764.84, 20731, 19878
1694936958, 0, 6, 153, 0, 0, 8098.05, 2, 0, 0, 0.19, 676, 151, 7764.84, 20731, 19878
1694936963, 0, 6, 153, 0, 0, 8098.05, 2, 0, 0, 0.21, 677, 151, 7764.84, 20731, 19878
1694936967, 0, 6, 153, 0, 0, 8098.05, 2, 0, 0, 0.23, 678, 151, 7764.84, 20731, 19878
1694936972, 0, 6, 153, 0, 0, 8098.05, 2, 0, 0, 0.22, 679, 151, 7764.84, 20731, 19878
1694936977, 0, 6, 154, 0, 0, 8098.05, 2, 0, 0, 0.20, 680, 151, 7764.84, 20731, 19878
1694936981, 0, 6, 155, 0, 0, 8098.05, 2, 0, 0, 0.23, 681, 151, 7764.84, 20731, 19878
1694936987, 0, 6, 156, 0, 0, 8098.05, 2, 0, 0, 0.17, 682, 151, 7764.84, 20731, 19878
1694936991, 0, 6, 157, 0, 0, 8098.05, 2, 0, 0, 0.22, 683, 151, 7764.84, 20731, 19878
1694936996, 0, 6, 158, 0, 0, 8098.05, 2, 0, 0, 0.21, 684, 151, 7764.84, 20731, 19878
1694937002, 0, 6, 159, 0, 0, 8098.05, 2, 0, 0, 0.18, 685, 151, 7764.84, 20731, 19878
1694937008, 0, 6, 159, 0, 0, 8098.05, 2, 0, 0, 0.17, 686, 151, 7764.84, 20731, 19878
1694937013, 0, 6, 159, 0, 0, 8098.05, 2, 0, 0, 0.20, 687, 151, 7764.84, 20731, 19878
1694937018, 0, 6, 159, 0, 0, 8098.05, 2, 0, 0, 0.20, 688, 151, 7764.84, 20731, 19878
1694937023, 0, 6, 159, 0, 0, 8098.05, 2, 0, 0, 0.20, 689, 151, 7764.84, 20731, 19878
1694937028, 0, 6, 159, 0, 0, 8098.05, 2, 0, 0, 0.19, 690, 151, 7764.84, 20731, 19878
1694937033, 0, 6, 159, 0, 0, 8098.05, 2, 0, 0, 0.19, 691, 151, 7764.84, 20731, 19878
1694937038, 0, 6, 159, 0, 0, 8098.05, 2, 0, 0, 0.19, 692, 151, 7764.84, 20731, 19878
1694937044, 0, 6, 159, 0, 0, 8098.05, 2, 0, 0, 0.19, 693, 151, 7764.84, 20731, 19878
1694937048, 0, 6, 159, 0, 0, 8098.05, 2, 0, 0, 0.21, 694, 151, 7764.84, 20731, 19878
1694937054, 0, 6, 159, 0, 0, 8098.05, 2, 0, 0, 0.16, 695, 151, 7764.84, 20731, 19878
1694937059, 0, 6, 159, 0, 0, 8098.05, 2, 0, 0, 0.21, 696, 151, 7764.84, 20731, 19878
1694937065, 0, 6, 159, 0, 0, 8098.05, 2, 0, 0, 0.17, 697, 151, 7764.84, 20731, 19878
1694937070, 0, 6, 159, 0, 0, 8098.05, 2, 0, 0, 0.19, 698, 151, 7764.84, 20731, 19878
1694937075, 0, 6, 159, 0, 0, 8098.05, 2, 0, 0, 0.23, 699, 151, 7764.84, 20731, 19878
1694937080, 0, 6, 159, 0, 0, 8098.05, 2, 0, 0, 0.20, 700, 151, 7764.84, 20731, 19878
1694937084, 0, 6, 159, 0, 0, 8098.05, 2, 0, 0, 0.22, 701, 151, 7764.84, 20731, 19878
1694937088, 0, 6, 159, 0, 0, 8098.05, 2, 0, 0, 0.24, 702, 151, 7764.84, 20731, 19878
1694937093, 0, 6, 159, 0, 0, 8098.05, 2, 0, 0, 0.21, 703, 151, 7764.84, 20731, 19878
1694937098, 0, 6, 159, 0, 0, 8098.05, 2, 0, 0, 0.20, 704, 151, 7764.84, 20731, 19878
1694937103, 0, 6, 159, 0, 0, 8098.05, 2, 0, 0, 0.20, 705, 151, 7764.84, 20731, 19878
1694937108, 0, 6, 159, 0, 0, 8098.05, 2, 0, 0, 0.22, 706, 151, 7764.84, 20731, 19878
1694937114, 0, 6, 159, 0, 0, 8098.05, 2, 0, 0, 0.17, 707, 151, 7764.84, 20731, 19878
1694937118, 0, 6, 159, 0, 0, 8098.05, 2, 0, 0, 0.21, 708, 151, 7764.84, 20731, 19878
1694937123, 0, 6, 159, 0, 0, 8098.05, 2, 0, 0, 0.23, 709, 151, 7764.84, 20731, 19878
1694937128, 0, 6, 159, 0, 0, 8098.05, 2, 0, 0, 0.21, 710, 151, 7764.84, 20731, 19878
1694937132, 0, 6, 159, 0, 0, 8098.05, 2, 0, 0, 0.22, 711, 151, 7764.84, 20731, 19878
1694937137, 0, 6, 160, 0, 0, 8098.05, 2, 0, 0, 0.20, 712, 151, 7764.84, 20731, 19878
1694937141, 0, 6, 160, 0, 0, 8098.05, 2, 0, 0, 0.23, 713, 151, 7764.84, 20731, 19878
1694937146, 0, 6, 160, 0, 0, 8098.05, 2, 0, 0, 0.21, 714, 151, 7764.84, 20731, 19878
1694937151, 0, 6, 160, 0, 0, 8098.05, 2, 0, 0, 0.22, 715, 151, 7764.84, 20731, 19878
1694937154, 0, 6, 160, 0, 0, 8098.05, 2, 0, 0, 0.28, 716, 151, 7764.84, 20731, 19878
1694937159, 0, 6, 160, 0, 0, 8098.05, 2, 0, 0, 0.21, 717, 151, 7764.84, 20731, 19878
1694937163, 0, 6, 161, 0, 0, 8098.05, 2, 0, 0, 0.22, 718, 151, 7764.84, 20731, 19878
1694937168, 0, 6, 161, 0, 0, 8098.05, 2, 0, 0, 0.22, 719, 151, 7764.84, 20731, 19878
1694937172, 0, 6, 161, 0, 0, 8098.05, 2, 0, 0, 0.27, 720, 151, 7764.84, 20731, 19878
1694937178, 0, 6, 162, 0, 0, 8098.05, 2, 0, 0, 0.15, 721, 151, 7764.84, 20731, 19878
1694937183, 0, 6, 162, 0, 0, 8098.05, 2, 0, 0, 0.21, 722, 151, 7764.84, 20731, 19878
1694937187, 0, 6, 162, 0, 0, 8098.05, 2, 0, 0, 0.23, 723, 151, 7764.84, 20731, 19878
1694937192, 0, 6, 162, 0, 0, 8098.05, 2, 0, 0, 0.21, 724, 151, 7764.84, 20731, 19878
1694937197, 0, 6, 162, 0, 0, 8098.05, 2, 0, 0, 0.22, 725, 151, 7764.84, 20731, 19878
1694937201, 0, 6, 162, 0, 0, 8098.05, 2, 0, 0, 0.23, 726, 151, 7764.84, 20731, 19878
1694937205, 0, 6, 162, 0, 0, 8098.05, 2, 0, 0, 0.25, 727, 151, 7764.84, 20731, 19878
1694937211, 0, 6, 162, 0, 0, 8098.05, 2, 0, 0, 0.18, 728, 151, 7764.84, 20731, 19878
1694937216, 0, 6, 162, 0, 0, 8098.05, 2, 0, 0, 0.20, 729, 151, 7764.84, 20731, 19878
1694937219, 0, 6, 162, 0, 0, 8098.05, 2, 0, 0, 0.27, 730, 151, 7764.84, 20731, 19878
1694937224, 0, 6, 162, 0, 0, 8098.05, 2, 0, 0, 0.22, 731, 151, 7764.84, 20731, 19878
1694937228, 0, 6, 162, 0, 0, 8098.05, 2, 0, 0, 0.23, 732, 151, 7764.84, 20731, 19878
1694937233, 0, 6, 162, 0, 0, 8098.05, 2, 0, 0, 0.20, 733, 151, 7764.84, 20731, 19878
1694937238, 0, 6, 162, 0, 0, 8098.05, 2, 0, 0, 0.19, 734, 151, 7764.84, 20731, 19878
1694937243, 0, 6, 162, 0, 0, 8098.05, 2, 0, 0, 0.24, 735, 151, 7764.84, 20731, 19878
1694937247, 0, 6, 162, 0, 0, 8098.05, 2, 0, 0, 0.24, 736, 151, 7764.84, 20731, 19878
1694937252, 0, 6, 162, 0, 0, 8098.05, 2, 0, 0, 0.19, 737, 151, 7764.84, 20731, 19878
1694937257, 0, 6, 162, 0, 0, 8098.05, 2, 0, 0, 0.20, 738, 151, 7764.84, 20731, 19878
1694937262, 0, 6, 162, 0, 0, 8098.05, 2, 0, 0, 0.20, 739, 151, 7764.84, 20731, 19878
1694937267, 0, 6, 162, 0, 0, 8098.05, 2, 0, 0, 0.21, 740, 151, 7764.84, 20731, 19878
1694937271, 0, 6, 162, 0, 0, 8098.05, 2, 0, 0, 0.21, 741, 151, 7764.84, 20731, 19878
1694937276, 0, 6, 162, 0, 0, 8098.05, 2, 0, 0, 0.24, 742, 151, 7764.84, 20731, 19878
1694937281, 0, 6, 162, 0, 0, 8098.05, 2, 0, 0, 0.20, 743, 151, 7764.84, 20731, 19878
1694937285, 0, 6, 162, 0, 0, 8098.05, 2, 0, 0, 0.24, 744, 151, 7764.84, 20731, 19878
1694937289, 0, 6, 162, 0, 0, 8098.05, 2, 0, 0, 0.23, 745, 151, 7764.84, 20731, 19878
1694937293, 0, 6, 162, 0, 0, 8098.05, 2, 0, 0, 0.25, 746, 151, 7764.84, 20731, 19878
1694937298, 0, 6, 162, 0, 0, 8098.05, 2, 0, 0, 0.21, 747, 151, 7764.84, 20731, 19878
1694937303, 0, 6, 162, 0, 0, 8098.05, 2, 0, 0, 0.21, 748, 151, 7764.84, 20731, 19878
1694937308, 0, 6, 162, 0, 0, 8098.05, 2, 0, 0, 0.20, 749, 151, 7764.84, 20731, 19878
1694937312, 0, 6, 162, 0, 0, 8098.05, 2, 0, 0, 0.21, 750, 151, 7764.84, 20731, 19878
1694937318, 0, 6, 162, 0, 0, 8098.05, 2, 0, 0, 0.19, 751, 151, 7764.84, 20731, 19878
1694937322, 0, 6, 162, 0, 0, 8098.05, 2, 0, 0, 0.23, 752, 151, 7764.84, 20731, 19878
1694937327, 0, 6, 162, 0, 0, 8098.05, 2, 0, 0, 0.20, 753, 151, 7764.84, 20731, 19878
1694937333, 0, 6, 162, 0, 0, 8098.05, 2, 0, 0, 0.18, 754, 151, 7764.84, 20731, 19878
1694937338, 0, 6, 162, 0, 0, 8098.05, 2, 0, 0, 0.17, 755, 151, 7764.84, 20731, 19878
1694937344, 0, 6, 162, 0, 0, 8098.05, 2, 0, 0, 0.19, 756, 151, 7764.84, 20731, 19878
1694937349, 0, 6, 162, 0, 0, 8098.05, 2, 0, 0, 0.19, 757, 151, 7764.84, 20731, 19878
1694937354, 0, 6, 162, 0, 0, 8098.05, 2, 0, 0, 0.18, 758, 151, 7764.84, 20731, 19878
1694937359, 0, 6, 162, 0, 0, 8098.05, 2, 0, 0, 0.20, 759, 151, 7764.84, 20731, 19878
1694937365, 0, 6, 162, 0, 0, 8098.05, 2, 0, 0, 0.18, 760, 151, 7764.84, 20731, 19878
1694937370, 0, 6, 162, 0, 0, 8098.05, 2, 0, 0, 0.20, 761, 151, 7764.84, 20731, 19878
1694937374, 0, 6, 162, 0, 0, 8098.05, 2, 0, 0, 0.23, 762, 151, 7764.84, 20731, 19878
1694937379, 0, 6, 162, 0, 0, 8098.05, 2, 0, 0, 0.19, 763, 151, 7764.84, 20731, 19878
1694937386, 0, 6, 162, 0, 0, 8098.05, 2, 0, 0, 0.15, 764, 151, 7764.84, 20731, 19878
1694937391, 0, 6, 162, 0, 0, 8098.05, 2, 0, 0, 0.20, 765, 151, 7764.84, 20731, 19878
1694937396, 0, 6, 162, 0, 0, 8098.05, 2, 0, 0, 0.20, 766, 151, 7764.84, 20731, 19878
1694937401, 0, 6, 162, 0, 0, 8098.05, 2, 0, 0, 0.19, 767, 151, 7764.84, 20731, 19878
1694937407, 0, 6, 162, 0, 0, 8098.05, 2, 0, 0, 0.19, 768, 151, 7764.84, 20731, 19878
1694937411, 0, 6, 162, 0, 0, 8098.05, 2, 0, 0, 0.21, 769, 151, 7764.84, 20731, 19878
1694937416, 0, 6, 162, 0, 0, 8098.05, 2, 0, 0, 0.21, 770, 151, 7764.84, 20731, 19878
1694937421, 0, 6, 162, 0, 0, 8098.05, 2, 0, 0, 0.21, 771, 151, 7764.84, 20731, 19878
1694937427, 0, 6, 162, 0, 0, 8098.05, 2, 0, 0, 0.17, 772, 151, 7764.84, 20731, 19878
1694937433, 0, 6, 162, 0, 0, 8098.05, 2, 0, 0, 0.16, 773, 151, 7764.84, 20731, 19878
1694937438, 0, 6, 162, 0, 0, 8098.05, 2, 0, 0, 0.19, 774, 151, 7764.84, 20731, 19878
1694937443, 0, 6, 162, 0, 0, 8098.05, 2, 0, 0, 0.20, 775, 151, 7764.84, 20731, 19878
1694937449, 0, 6, 162, 0, 0, 8098.05, 2, 0, 0, 0.18, 776, 151, 7764.84, 20731, 19878
1694937453, 0, 6, 162, 0, 0, 8098.05, 2, 0, 0, 0.22, 777, 151, 7764.84, 20731, 19878
1694937458, 0, 6, 162, 0, 0, 8098.05, 2, 0, 0, 0.23, 778, 151, 7764.84, 20731, 19878
1694937464, 0, 6, 162, 0, 0, 8098.05, 2, 0, 0, 0.17, 779, 151, 7764.84, 20731, 19878
1694937469, 0, 6, 162, 0, 0, 8098.05, 2, 0, 0, 0.19, 780, 151, 7764.84, 20731, 19878
1694937473, 0, 6, 162, 0, 0, 8098.05, 2, 0, 0, 0.22, 781, 151, 7764.84, 20731, 19878
1694937478, 0, 6, 162, 0, 0, 8098.05, 2, 0, 0, 0.24, 782, 151, 7764.84, 20731, 19878
1694937484, 0, 6, 162, 0, 0, 8098.05, 2, 0, 0, 0.16, 783, 151, 7764.84, 20731, 19878
1694937490, 0, 6, 162, 0, 0, 8098.05, 2, 0, 0, 0.17, 784, 151, 7764.84, 20731, 19878
1694937494, 0, 6, 162, 0, 0, 8098.05, 2, 0, 0, 0.21, 785, 151, 7764.84, 20731, 19878
1694937500, 0, 6, 162, 0, 0, 8098.05, 2, 0, 0, 0.18, 786, 151, 7764.84, 20731, 19878
1694937505, 0, 6, 162, 0, 0, 8098.05, 2, 0, 0, 0.20, 787, 151, 7764.84, 20731, 19878
1694937510, 0, 6, 162, 0, 0, 8098.05, 2, 0, 0, 0.18, 788, 151, 7764.84, 20731, 19878
1694937516, 0, 6, 162, 0, 0, 8098.05, 2, 0, 0, 0.17, 789, 151, 7764.84, 20731, 19878
1694937521, 0, 6, 163, 0, 0, 8098.05, 2, 0, 0, 0.19, 790, 151, 7764.84, 20731, 19878
1694937528, 0, 6, 163, 0, 0, 8098.05, 2, 0, 0, 0.15, 791, 151, 7764.84, 20731, 19878
1694937533, 0, 6, 163, 0, 0, 8098.05, 2, 0, 0, 0.20, 792, 151, 7764.84, 20731, 19878
1694937538, 0, 6, 163, 0, 0, 8098.05, 2, 0, 0, 0.24, 792, 152, 7764.84, 20731, 19878
1694937544, 0, 6, 164, 0, 0, 8098.05, 2, 0, 0, 0.17, 793, 152, 7764.84, 20731, 19878
1694937548, 0, 6, 164, 0, 0, 8098.05, 2, 0, 0, 0.20, 794, 152, 7764.84, 20731, 19878
1694937554, 0, 6, 164, 0, 0, 8098.05, 2, 0, 0, 0.17, 795, 152, 7764.84, 20731, 19878
1694937559, 0, 6, 164, 0, 0, 8098.05, 2, 0, 0, 0.21, 796, 152, 7764.84, 20731, 19878
1694937564, 0, 6, 165, 0, 0, 8098.05, 2, 0, 0, 0.22, 797, 152, 7764.84, 20731, 19878
1694937569, 0, 6, 165, 0, 0, 8098.05, 2, 0, 0, 0.21, 798, 152, 7764.84, 20731, 19878
1694937574, 0, 6, 165, 0, 0, 8098.05, 2, 0, 0, 0.19, 799, 152, 7764.84, 20731, 19878
1694937580, 0, 6, 165, 0, 0, 8098.05, 2, 0, 0, 0.17, 800, 152, 7764.84, 20731, 19878
1694937585, 0, 6, 165, 0, 0, 8098.05, 2, 0, 0, 0.20, 801, 152, 7764.84, 20731, 19878
1694937591, 0, 6, 165, 0, 0, 8098.05, 2, 0, 0, 0.16, 802, 152, 7764.84, 20731, 19878
1694937598, 0, 6, 165, 0, 0, 8098.05, 2, 0, 0, 0.16, 803, 152, 7764.84, 20731, 19878
1694937604, 0, 6, 165, 0, 0, 8098.05, 2, 0, 0, 0.16, 804, 152, 7764.84, 20731, 19878
1694937610, 0, 6, 165, 0, 0, 8098.05, 2, 0, 0, 0.17, 805, 152, 7764.84, 20731, 19878
1694937616, 0, 6, 165, 0, 0, 8098.05, 2, 0, 0, 0.17, 806, 152, 7764.84, 20731, 19878
1694937621, 0, 6, 165, 0, 0, 8098.05, 2, 0, 0, 0.18, 807, 152, 7764.84, 20731, 19878
1694937626, 0, 6, 165, 0, 0, 8098.05, 2, 0, 0, 0.22, 808, 152, 7764.84, 20731, 19878
1694937632, 0, 6, 165, 0, 0, 8098.05, 2, 0, 0, 0.15, 809, 152, 7764.84, 20731, 19878
1694937638, 0, 6, 165, 0, 0, 8098.05, 2, 0, 0, 0.18, 810, 152, 7764.84, 20731, 19878
1694937644, 0, 6, 165, 0, 0, 8098.05, 2, 0, 0, 0.16, 811, 152, 7764.84, 20731, 19878
1694937649, 0, 6, 165, 0, 0, 8098.05, 2, 0, 0, 0.22, 812, 152, 7764.84, 20731, 19878
1694937654, 0, 6, 165, 0, 0, 8098.05, 2, 0, 0, 0.18, 813, 152, 7764.84, 20731, 19878
1694937661, 0, 6, 165, 0, 0, 8098.05, 2, 0, 0, 0.15, 814, 152, 7764.84, 20731, 19878
1694937667, 0, 6, 165, 0, 0, 8098.05, 2, 0, 0, 0.17, 815, 152, 7764.84, 20731, 19878
1694937671, 0, 6, 165, 0, 0, 8098.05, 2, 0, 0, 0.22, 816, 152, 7764.84, 20731, 19878
1694937677, 0, 6, 165, 0, 0, 8098.05, 2, 0, 0, 0.19, 817, 152, 7764.84, 20731, 19878
1694937684, 0, 6, 165, 0, 0, 8098.05, 2, 0, 0, 0.14, 818, 152, 7764.84, 20731, 19878
1694937690, 0, 6, 165, 0, 0, 8098.05, 2, 0, 0, 0.17, 819, 152, 7764.84, 20731, 19878
1694937695, 0, 6, 165, 0, 0, 8098.05, 2, 0, 0, 0.19, 820, 152, 7764.84, 20731, 19878
1694937701, 0, 6, 165, 0, 0, 8098.05, 2, 0, 0, 0.18, 821, 152, 7764.84, 20731, 19878
1694937706, 0, 6, 165, 0, 0, 8098.05, 2, 0, 0, 0.20, 822, 152, 7764.84, 20731, 19878
1694937710, 0, 6, 165, 0, 0, 8098.05, 2, 0, 0, 0.24, 823, 152, 7764.84, 20731, 19878
1694937715, 0, 6, 165, 0, 0, 8098.05, 2, 0, 0, 0.17, 824, 152, 7764.84, 20731, 19878
1694937722, 0, 6, 165, 0, 0, 8098.05, 2, 0, 0, 0.16, 825, 152, 7764.84, 20731, 19878
1694937728, 0, 6, 165, 0, 0, 8098.05, 2, 0, 0, 0.17, 826, 152, 7764.84, 20731, 19878
1694937734, 0, 6, 165, 0, 0, 8098.05, 2, 0, 0, 0.16, 827, 152, 7764.84, 20731, 19878
1694937739, 0, 6, 165, 0, 0, 8098.05, 2, 0, 0, 0.19, 828, 152, 7764.84, 20731, 19878
1694937744, 0, 6, 165, 0, 0, 8098.05, 2, 0, 0, 0.20, 829, 152, 7764.84, 20731, 19878
1694937749, 0, 6, 165, 0, 0, 8098.05, 2, 0, 0, 0.22, 830, 152, 7764.84, 20731, 19878
1694937754, 0, 6, 165, 0, 0, 8098.05, 2, 0, 0, 0.18, 831, 152, 7764.84, 20731, 19878
1694937761, 0, 6, 165, 0, 0, 8098.05, 2, 0, 0, 0.15, 832, 152, 7764.84, 20731, 19878
1694937767, 0, 6, 165, 0, 0, 8098.05, 2, 0, 0, 0.17, 833, 152, 7764.84, 20731, 19878
1694937773, 0, 6, 165, 0, 0, 8098.05, 2, 0, 0, 0.17, 834, 152, 7764.84, 20731, 19878
1694937779, 0, 6, 165, 0, 0, 8098.05, 2, 0, 0, 0.18, 835, 152, 7764.84, 20731, 19878
1694937784, 0, 6, 165, 0, 0, 8098.05, 2, 0, 0, 0.19, 836, 152, 7764.84, 20731, 19878
1694937789, 0, 6, 165, 0, 0, 8098.05, 2, 0, 0, 0.21, 837, 152, 7764.84, 20731, 19878
1694937794, 0, 6, 165, 0, 0, 8098.05, 2, 0, 0, 0.17, 838, 152, 7764.84, 20731, 19878
1694937799, 0, 6, 165, 0, 0, 8098.05, 2, 0, 0, 0.21, 839, 152, 7764.84, 20731, 19878
1694937804, 0, 6, 165, 0, 0, 8098.05, 2, 0, 0, 0.19, 840, 152, 7764.84, 20731, 19878
1694937811, 0, 6, 165, 0, 0, 8098.05, 2, 0, 0, 0.16, 841, 152, 7764.84, 20731, 19878
1694937816, 0, 6, 165, 0, 0, 8098.05, 2, 0, 0, 0.19, 842, 152, 7764.84, 20731, 19878
1694937821, 0, 6, 165, 0, 0, 8098.05, 2, 0, 0, 0.19, 843, 152, 7764.84, 20731, 19878
1694937827, 0, 6, 165, 0, 0, 8098.05, 2, 0, 0, 0.17, 844, 152, 7764.84, 20731, 19878
1694937833, 0, 6, 165, 0, 0, 8098.05, 2, 0, 0, 0.16, 845, 152, 7764.84, 20731, 19878
1694937839, 0, 6, 165, 0, 0, 8098.05, 2, 0, 0, 0.18, 846, 152, 7764.84, 20731, 19878
1694937844, 0, 6, 165, 0, 0, 8098.05, 2, 0, 0, 0.18, 847, 152, 7764.84, 20731, 19878
1694937850, 0, 6, 165, 0, 0, 8098.05, 2, 0, 0, 0.19, 848, 152, 7764.84, 20731, 19878
1694937855, 0, 6, 166, 0, 0, 8098.05, 2, 0, 0, 0.20, 849, 152, 7764.84, 20731, 19878
1694937861, 0, 6, 166, 0, 0, 8098.05, 2, 0, 0, 0.16, 850, 152, 7764.84, 20731, 19878
1694937866, 0, 6, 166, 0, 0, 8098.05, 2, 0, 0, 0.19, 851, 152, 7764.84, 20731, 19878
1694937871, 0, 6, 167, 0, 0, 8098.05, 2, 0, 0, 0.20, 852, 152, 7764.84, 20731, 19878
1694937877, 0, 6, 167, 0, 0, 8098.05, 2, 0, 0, 0.19, 853, 152, 7764.84, 20731, 19878
1694937884, 0, 6, 168, 0, 0, 8098.05, 2, 0, 0, 0.14, 854, 152, 7764.84, 20731, 19878
1694937889, 0, 6, 169, 0, 0, 8098.05, 2, 0, 0, 0.18, 855, 152, 7764.84, 20731, 19878
1694937894, 0, 6, 169, 0, 0, 8098.05, 2, 0, 0, 0.19, 856, 152, 7764.84, 20731, 19878
1694937899, 0, 6, 169, 0, 0, 8098.05, 2, 0, 0, 0.19, 857, 152, 7764.84, 20731, 19878
1694937905, 0, 6, 169, 0, 0, 8098.05, 2, 0, 0, 0.18, 858, 152, 7764.84, 20731, 19878
1694937909, 0, 6, 169, 0, 0, 8098.05, 2, 0, 0, 0.24, 859, 152, 7764.84, 20731, 19878
1694937914, 0, 6, 169, 0, 0, 8098.05, 2, 0, 0, 0.22, 860, 152, 7764.84, 20731, 19878
1694937919, 0, 6, 169, 0, 0, 8098.05, 2, 0, 0, 0.18, 861, 152, 7764.84, 20731, 19878
1694937925, 0, 6, 169, 0, 0, 8098.05, 2, 0, 0, 0.19, 862, 152, 7764.84, 20731, 19878
1694937930, 0, 6, 169, 0, 0, 8098.05, 2, 0, 0, 0.18, 863, 152, 7764.84, 20731, 19878
1694937935, 0, 6, 169, 0, 0, 8098.05, 2, 0, 0, 0.20, 864, 152, 7764.84, 20731, 19878
1694937941, 0, 6, 169, 0, 0, 8098.05, 2, 0, 0, 0.17, 865, 152, 7764.84, 20731, 19878
1694937946, 0, 6, 169, 0, 0, 8098.05, 2, 0, 0, 0.19, 866, 152, 7764.84, 20731, 19878
1694937951, 0, 6, 169, 0, 0, 8098.05, 2, 0, 0, 0.20, 867, 152, 7764.84, 20731, 19878
1694937956, 0, 6, 169, 0, 0, 8098.05, 2, 0, 0, 0.21, 868, 152, 7764.84, 20731, 19878
1694937962, 0, 6, 169, 0, 0, 8098.05, 2, 0, 0, 0.16, 869, 152, 7764.84, 20731, 19878
1694937967, 0, 6, 169, 0, 0, 8098.05, 2, 0, 0, 0.19, 870, 152, 7764.84, 20731, 19878
1694937972, 0, 6, 169, 0, 0, 8098.05, 2, 0, 0, 0.20, 871, 152, 7764.84, 20731, 19878
1694937978, 0, 6, 169, 0, 0, 8098.05, 2, 0, 0, 0.18, 872, 152, 7764.84, 20731, 19878
1694937983, 0, 6, 169, 0, 0, 8098.05, 2, 0, 0, 0.18, 873, 152, 7764.84, 20731, 19878
1694937989, 0, 6, 169, 0, 0, 8098.05, 2, 0, 0, 0.18, 874, 152, 7764.84, 20731, 19878
1694937994, 0, 6, 169, 0, 0, 8098.05, 2, 0, 0, 0.21, 875, 152, 7764.84, 20731, 19878
1694937999, 0, 6, 169, 0, 0, 8098.05, 2, 0, 0, 0.20, 876, 152, 7764.84, 20731, 19878
1694938004, 0, 6, 169, 0, 0, 8098.05, 2, 0, 0, 0.18, 877, 152, 7764.84, 20731, 19878
1694938010, 0, 6, 169, 0, 0, 8098.05, 2, 0, 0, 0.18, 878, 152, 7764.84, 20731, 19878
1694938017, 0, 6, 170, 0, 0, 8098.05, 2, 0, 0, 0.13, 879, 152, 7764.84, 20731, 19878
1694938023, 0, 6, 170, 0, 0, 8098.05, 2, 0, 0, 0.19, 880, 152, 7764.84, 20731, 19878
1694938029, 0, 6, 170, 0, 0, 8098.05, 2, 0, 0, 0.17, 881, 152, 7764.84, 20731, 19878
1694938035, 0, 6, 170, 0, 0, 8098.05, 2, 0, 0, 0.17, 882, 152, 7764.84, 20731, 19878
1694938040, 0, 6, 170, 0, 0, 8098.05, 2, 0, 0, 0.19, 883, 152, 7764.84, 20731, 19878
1694938044, 0, 6, 170, 0, 0, 8098.05, 2, 0, 0, 0.21, 884, 152, 7764.84, 20731, 19878
1694938050, 0, 6, 170, 0, 0, 8098.05, 2, 0, 0, 0.18, 885, 152, 7764.84, 20731, 19878
1694938055, 0, 6, 170, 0, 0, 8098.05, 2, 0, 0, 0.20, 886, 152, 7764.84, 20731, 19878
1694938061, 0, 6, 170, 0, 0, 8098.05, 2, 0, 0, 0.18, 887, 152, 7764.84, 20731, 19878
1694938066, 0, 6, 170, 0, 0, 8098.05, 2, 0, 0, 0.19, 888, 152, 7764.84, 20731, 19878
1694938071, 0, 6, 170, 0, 0, 8098.05, 2, 0, 0, 0.20, 889, 152, 7764.84, 20731, 19878
1694938077, 0, 6, 170, 0, 0, 8098.05, 2, 0, 0, 0.16, 890, 152, 7764.84, 20731, 19878
1694938084, 0, 6, 170, 0, 0, 8098.05, 2, 0, 0, 0.15, 891, 152, 7764.84, 20731, 19878
1694938089, 0, 6, 170, 0, 0, 8098.05, 2, 0, 0, 0.22, 892, 152, 7764.84, 20731, 19878
1694938094, 0, 6, 170, 0, 0, 8098.05, 2, 0, 0, 0.19, 893, 152, 7764.84, 20731, 19878
1694938099, 0, 6, 170, 0, 0, 8098.05, 2, 0, 0, 0.21, 894, 152, 7764.84, 20731, 19878
1694938104, 0, 6, 170, 0, 0, 8098.05, 2, 0, 0, 0.20, 895, 152, 7764.84, 20731, 19878
1694938108, 0, 6, 170, 0, 0, 8098.05, 2, 0, 0, 0.21, 896, 152, 7764.84, 20731, 19878
1694938113, 0, 6, 170, 0, 0, 8098.05, 2, 0, 0, 0.20, 897, 152, 7764.84, 20731, 19878
1694938119, 0, 6, 170, 0, 0, 8098.05, 2, 0, 0, 0.18, 898, 152, 7764.84, 20731, 19878
1694938124, 0, 6, 170, 0, 0, 8098.05, 2, 0, 0, 0.20, 899, 152, 7764.84, 20731, 19878
1694938129, 0, 6, 170, 0, 0, 8098.05, 2, 0, 0, 0.20, 900, 152, 7764.84, 20731, 19878
1694938134, 0, 6, 170, 0, 0, 8098.05, 2, 0, 0, 0.20, 901, 152, 7764.84, 20731, 19878
1694938139, 0, 6, 170, 0, 0, 8098.05, 2, 0, 0, 0.19, 902, 152, 7764.84, 20731, 19878
1694938144, 0, 6, 170, 0, 0, 8098.05, 2, 0, 0, 0.21, 903, 152, 7764.84, 20731, 19878
1694938148, 0, 6, 170, 0, 0, 8098.05, 2, 0, 0, 0.21, 904, 152, 7764.84, 20731, 19878
1694938154, 0, 6, 170, 0, 0, 8098.05, 2, 0, 0, 0.19, 905, 152, 7764.84, 20731, 19878
1694938160, 0, 6, 170, 0, 0, 8098.05, 2, 0, 0, 0.17, 906, 152, 7764.84, 20731, 19878
1694938166, 0, 6, 170, 0, 0, 8098.05, 2, 0, 0, 0.17, 907, 152, 7764.84, 20731, 19878
1694938171, 0, 6, 170, 0, 0, 8098.05, 2, 0, 0, 0.19, 908, 152, 7764.84, 20731, 19878
1694938177, 0, 6, 170, 0, 0, 8098.05, 2, 0, 0, 0.16, 909, 152, 7764.84, 20731, 19878
1694938183, 0, 6, 170, 0, 0, 8098.05, 2, 0, 0, 0.17, 910, 152, 7764.84, 20731, 19878
1694938187, 0, 6, 170, 0, 0, 8098.05, 2, 0, 0, 0.22, 911, 152, 7764.84, 20731, 19878
1694938193, 0, 6, 170, 0, 0, 8098.05, 2, 0, 0, 0.19, 912, 152, 7764.84, 20731, 19878
1694938198, 0, 6, 171, 0, 0, 8098.05, 2, 0, 0, 0.19, 913, 152, 7764.84, 20731, 19878
1694938204, 0, 6, 171, 0, 0, 8098.05, 2, 0, 0, 0.17, 914, 152, 7764.84, 20731, 19878
1694938209, 0, 6, 171, 0, 0, 8098.05, 2, 0, 0, 0.19, 915, 152, 7764.84, 20731, 19878
1694938214, 0, 6, 171, 0, 0, 8098.05, 2, 0, 0, 0.22, 916, 152, 7764.84, 20731, 19878
1694938219, 0, 6, 171, 0, 0, 8098.05, 2, 0, 0, 0.19, 917, 152, 7764.84, 20731, 19878
1694938224, 0, 6, 171, 0, 0, 8098.05, 2, 0, 0, 0.22, 918, 152, 7764.84, 20731, 19878
1694938229, 0, 6, 171, 0, 0, 8098.05, 2, 0, 0, 0.20, 919, 152, 7764.84, 20731, 19878
1694938234, 0, 6, 171, 0, 0, 8098.05, 2, 0, 0, 0.18, 920, 152, 7764.84, 20731, 19878
1694938241, 0, 6, 171, 0, 0, 8098.05, 2, 0, 0, 0.16, 921, 152, 7764.84, 20731, 19878
1694938246, 0, 6, 171, 0, 0, 8098.05, 2, 0, 0, 0.19, 922, 152, 7764.84, 20731, 19878
1694938251, 0, 6, 171, 0, 0, 8098.05, 2, 0, 0, 0.18, 923, 152, 7764.84, 20731, 19878
1694938258, 0, 6, 171, 0, 0, 8098.05, 2, 0, 0, 0.16, 924, 152, 7764.84, 20731, 19878
1694938264, 0, 6, 171, 0, 0, 8098.05, 2, 0, 0, 0.17, 925, 152, 7764.84, 20731, 19878
1694938270, 0, 6, 171, 0, 0, 8098.05, 2, 0, 0, 0.16, 926, 152, 7764.84, 20731, 19878
1694938275, 0, 6, 171, 0, 0, 8098.05, 2, 0, 0, 0.18, 927, 152, 7764.84, 20731, 19878
1694938279, 0, 6, 171, 0, 0, 8098.05, 2, 0, 0, 0.25, 928, 152, 7764.84, 20731, 19878
1694938285, 0, 6, 171, 0, 0, 8098.05, 2, 0, 0, 0.18, 929, 152, 7764.84, 20731, 19878
1694938290, 0, 6, 171, 0, 0, 8098.05, 2, 0, 0, 0.19, 930, 152, 7764.84, 20731, 19878
1694938296, 0, 6, 171, 0, 0, 8098.05, 2, 0, 0, 0.18, 931, 152, 7764.84, 20731, 19878
1694938302, 0, 6, 171, 0, 0, 8098.05, 2, 0, 0, 0.17, 932, 152, 7764.84, 20731, 19878
1694938307, 0, 6, 171, 0, 0, 8098.05, 2, 0, 0, 0.18, 933, 152, 7764.84, 20731, 19878
1694938312, 0, 6, 171, 0, 0, 8098.05, 2, 0, 0, 0.20, 934, 152, 7764.84, 20731, 19878
1694938317, 0, 6, 171, 0, 0, 8098.05, 2, 0, 0, 0.22, 935, 152, 7764.84, 20731, 19878
1694938322, 0, 6, 171, 0, 0, 8098.05, 2, 0, 0, 0.19, 936, 152, 7764.84, 20731, 19878
1694938328, 0, 6, 171, 0, 0, 8098.05, 2, 0, 0, 0.16, 937, 152, 7764.84, 20731, 19878
1694938333, 0, 6, 171, 0, 0, 8098.05, 2, 0, 0, 0.21, 938, 152, 7764.84, 20731, 19878
1694938337, 0, 6, 171, 0, 0, 8098.05, 2, 0, 0, 0.22, 939, 152, 7764.84, 20731, 19878
1694938344, 0, 6, 171, 0, 0, 8098.05, 2, 0, 0, 0.16, 940, 152, 7764.84, 20731, 19878
1694938349, 0, 6, 171, 0, 0, 8098.05, 2, 0, 0, 0.17, 941, 152, 7764.84, 20731, 19878
1694938354, 0, 6, 171, 0, 0, 8098.05, 2, 0, 0, 0.20, 942, 152, 7764.84, 20731, 19878
1694938361, 0, 6, 171, 0, 0, 8098.05, 2, 0, 0, 0.16, 943, 152, 7764.84, 20731, 19878
1694938366, 0, 6, 171, 0, 0, 8098.05, 2, 0, 0, 0.20, 944, 152, 7764.84, 20731, 19878
1694938371, 0, 6, 171, 0, 0, 8098.05, 2, 0, 0, 0.19, 945, 152, 7764.84, 20731, 19878
1694938376, 0, 6, 171, 0, 0, 8098.05, 2, 0, 0, 0.22, 946, 152, 7764.84, 20731, 19878
1694938382, 0, 6, 171, 0, 0, 8098.05, 2, 0, 0, 0.17, 947, 152, 7764.84, 20731, 19878
1694938388, 0, 6, 171, 0, 0, 8098.05, 2, 0, 0, 0.15, 948, 152, 7764.84, 20731, 19878
1694938393, 0, 6, 171, 0, 0, 8098.05, 2, 0, 0, 0.20, 949, 152, 7764.84, 20731, 19878
1694938398, 0, 6, 171, 0, 0, 8098.05, 2, 0, 0, 0.21, 950, 152, 7764.84, 20731, 19878
1694938405, 0, 6, 171, 0, 0, 8098.05, 2, 0, 0, 0.16, 951, 152, 7764.84, 20731, 19878
1694938410, 0, 6, 171, 0, 0, 8098.05, 2, 0, 0, 0.18, 952, 152, 7764.84, 20731, 19878
1694938416, 0, 6, 171, 0, 0, 8098.05, 2, 0, 0, 0.17, 953, 152, 7764.84, 20731, 19878
1694938422, 0, 6, 171, 0, 0, 8098.05, 2, 0, 0, 0.16, 954, 152, 7764.84, 20731, 19878
1694938428, 0, 6, 171, 0, 0, 8098.05, 2, 0, 0, 0.17, 955, 152, 7764.84, 20731, 19878
1694938434, 0, 6, 171, 0, 0, 8098.05, 2, 0, 0, 0.18, 956, 152, 7764.84, 20731, 19878
1694938440, 0, 6, 171, 0, 0, 8098.05, 2, 0, 0, 0.16, 957, 152, 7764.84, 20731, 19878
1694938446, 0, 6, 171, 0, 0, 8098.05, 2, 0, 0, 0.18, 958, 152, 7764.84, 20731, 19878
1694938451, 0, 6, 171, 0, 0, 8098.05, 2, 0, 0, 0.20, 959, 152, 7764.84, 20731, 19878
1694938456, 0, 6, 171, 0, 0, 8098.05, 2, 0, 0, 0.18, 960, 152, 7764.84, 20731, 19878
1694938462, 0, 6, 171, 0, 0, 8098.05, 2, 0, 0, 0.19, 961, 152, 7764.84, 20731, 19878
1694938466, 0, 6, 171, 0, 0, 8098.05, 2, 0, 0, 0.21, 962, 152, 7764.84, 20731, 19878
1694938471, 0, 6, 171, 0, 0, 8098.05, 2, 0, 0, 0.20, 963, 152, 7764.84, 20731, 19878
1694938477, 0, 6, 171, 0, 0, 8098.05, 2, 0, 0, 0.17, 964, 152, 7764.84, 20731, 19878
1694938483, 0, 6, 171, 0, 0, 8098.05, 2, 0, 0, 0.17, 965, 152, 7764.84, 20731, 19878
1694938489, 0, 6, 171, 0, 0, 8098.05, 2, 0, 0, 0.18, 966, 152, 7764.84, 20731, 19878
1694938495, 0, 6, 171, 0, 0, 8098.05, 2, 0, 0, 0.15, 967, 152, 7764.84, 20731, 19878
1694938502, 0, 6, 171, 0, 0, 8098.05, 2, 0, 0, 0.16, 968, 152, 7764.84, 20731, 19878
1694938506, 0, 6, 171, 0, 0, 8098.05, 2, 0, 0, 0.21, 969, 152, 7764.84, 20731, 19878
1694938512, 0, 6, 171, 0, 0, 8098.05, 2, 0, 0, 0.17, 970, 152, 7764.84, 20731, 19878
1694938519, 0, 6, 171, 0, 0, 8098.05, 2, 0, 0, 0.15, 971, 152, 7764.84, 20731, 19878
1694938524, 0, 6, 171, 0, 0, 8098.05, 2, 0, 0, 0.19, 972, 152, 7764.84, 20731, 19878
1694938529, 0, 6, 171, 0, 0, 8098.05, 2, 0, 0, 0.19, 973, 152, 7764.84, 20731, 19878
1694938535, 0, 6, 171, 0, 0, 8098.05, 2, 0, 0, 0.17, 974, 152, 7764.84, 20731, 19878
1694938535, 0, 6, 171, 0, 0, 8098.05, 2, 0, 0, 0.00, 974, 152, 7764.84, 20731, 19878
