# unix_time, cycles_done, cur_path, paths_total, pending_total, pending_favs, map_size, unique_crashes, unique_hangs, max_depth, execs_per_sec, valid_inputs, invalid_inputs, valid_cov, all_covered_probes, valid_covered_probes
1695403739, 0, 0, 1, 0, 0, 4446.48, 0, 0, 0, 0.37, 0, 1, 0.00, 11383, 0
1695403760, 0, 0, 3, 0, 0, 25059.38, 0, 0, 0, 0.10, 2, 1, 24262.89, 64152, 62113
1695403773, 0, 0, 5, 0, 0, 25084.77, 1, 0, 0, 0.23, 3, 3, 24313.28, 64217, 62242
1695403773, 0, 0, 9, 0, 0, 25128.52, 1, 0, 0, 33.00, 10, 6, 24330.86, 64329, 62287
1695403773, 0, 0, 12, 0, 0, 25384.77, 1, 0, 0, 59.70, 26, 10, 24605.08, 64985, 62989
1695403803, 0, 0, 17, 0, 0, 25732.81, 1, 0, 0, 0.50, 37, 14, 24818.75, 65876, 63536
1695403816, 0, 0, 20, 0, 0, 25765.23, 1, 0, 0, 0.57, 39, 19, 24850.78, 65959, 63618
1695403831, 0, 0, 21, 0, 0, 26044.14, 1, 0, 0, 0.13, 41, 19, 25131.25, 66673, 64336
1695403843, 0, 0, 22, 0, 0, 26045.70, 1, 0, 0, 0.49, 45, 21, 25132.81, 66677, 64340
1695403856, 0, 0, 25, 0, 0, 26061.33, 1, 0, 0, 0.93, 53, 25, 25146.09, 66717, 64374
1695403868, 0, 0, 25, 0, 0, 26061.33, 2, 0, 0, 0.85, 57, 31, 25146.09, 66717, 64374
1695403881, 0, 0, 26, 0, 0, 26068.36, 2, 0, 0, 0.40, 60, 33, 25153.13, 66735, 64392
1695403896, 0, 0, 27, 0, 0, 26069.53, 2, 0, 0, 0.06, 61, 33, 25154.30, 66738, 64395
1695403915, 0, 0, 29, 0, 0, 26076.17, 2, 0, 0, 0.11, 62, 34, 25155.86, 66755, 64399
1695403941, 0, 0, 30, 0, 0, 26083.59, 2, 0, 0, 0.38, 68, 38, 25163.28, 66774, 64418
1695403953, 0, 0, 32, 0, 0, 26084.38, 2, 0, 0, 0.81, 74, 42, 25163.67, 66776, 64419
1695403972, 0, 0, 33, 0, 0, 26091.02, 2, 0, 0, 0.21, 78, 42, 25170.31, 66793, 64436
1695403985, 0, 0, 34, 0, 0, 26091.41, 2, 0, 0, 0.94, 87, 45, 25170.70, 66794, 64437
1695403996, 0, 0, 34, 0, 0, 26091.41, 2, 0, 0, 0.78, 92, 49, 25170.70, 66794, 64437
1695404009, 0, 0, 35, 0, 0, 26464.84, 2, 0, 0, 0.71, 97, 53, 25544.14, 67750, 65393
1695404021, 0, 0, 35, 0, 0, 26464.84, 2, 0, 0, 0.69, 104, 54, 25544.14, 67750, 65393
1695404033, 0, 0, 36, 0, 0, 26465.63, 2, 0, 0, 0.40, 107, 56, 25544.92, 67752, 65395
1695404045, 0, 0, 36, 0, 0, 26465.63, 3, 0, 0, 1.20, 114, 63, 25544.92, 67752, 65395
1695404057, 0, 0, 37, 0, 0, 26466.41, 3, 0, 0, 0.98, 123, 66, 25544.92, 67754, 65395
1695404070, 0, 0, 38, 0, 0, 26468.36, 3, 0, 0, 0.83, 130, 70, 25546.88, 67759, 65400
1695404082, 0, 0, 39, 0, 0, 26485.16, 3, 0, 0, 0.26, 132, 71, 25563.67, 67802, 65443
1695404082, 0, 0, 39, 0, 0, 26485.16, 3, 0, 0, 13.07, 135, 72, 25563.67, 67802, 65443
1695404094, 0, 0, 40, 0, 0, 26485.55, 3, 0, 0, 0.34, 138, 73, 25564.06, 67803, 65444
1695404110, 0, 0, 40, 0, 0, 26485.55, 3, 0, 0, 0.75, 145, 78, 25564.06, 67803, 65444
1695404126, 0, 0, 40, 0, 0, 26485.55, 3, 0, 0, 0.62, 150, 83, 25564.06, 67803, 65444
1695404139, 0, 0, 41, 0, 0, 26487.50, 3, 0, 0, 1.78, 166, 90, 25566.02, 67808, 65449
1695404153, 0, 0, 42, 0, 0, 26487.89, 3, 0, 0, 0.15, 167, 91, 25566.41, 67809, 65450
1695404166, 0, 0, 42, 0, 0, 26487.89, 3, 0, 0, 0.08, 168, 91, 25566.41, 67809, 65450
1695404191, 0, 0, 43, 0, 0, 26494.92, 3, 0, 0, 0.32, 173, 94, 25573.44, 67827, 65468
1695404206, 0, 0, 43, 0, 0, 26494.92, 3, 0, 0, 0.13, 174, 95, 25573.44, 67827, 65468
1695404238, 0, 0, 43, 0, 0, 26494.92, 3, 0, 0, 0.06, 176, 95, 25573.44, 67827, 65468
1695404249, 0, 0, 44, 0, 0, 26502.73, 3, 0, 0, 0.44, 180, 96, 25581.25, 67847, 65488
1695404261, 0, 0, 44, 0, 0, 26502.73, 3, 0, 0, 0.61, 183, 100, 25581.25, 67847, 65488
1695404275, 0, 0, 44, 0, 0, 26502.73, 3, 0, 0, 1.12, 194, 105, 25581.25, 67847, 65488
1695404289, 0, 0, 44, 0, 0, 26502.73, 3, 0, 0, 0.48, 199, 107, 25581.25, 67847, 65488
1695404302, 0, 0, 45, 0, 0, 26503.13, 3, 0, 0, 0.47, 205, 107, 25581.64, 67848, 65489
1695404331, 0, 0, 45, 0, 0, 26503.13, 3, 0, 0, 0.46, 214, 111, 25581.64, 67848, 65489
1695404342, 0, 0, 45, 0, 0, 26503.13, 3, 0, 0, 0.90, 221, 114, 25581.64, 67848, 65489
1695404354, 0, 0, 46, 0, 0, 26503.52, 3, 0, 0, 0.33, 224, 115, 25582.03, 67849, 65490
1695404367, 0, 0, 46, 0, 0, 26503.52, 3, 0, 0, 0.32, 226, 117, 25582.03, 67849, 65490
1695404378, 0, 0, 47, 0, 0, 26504.30, 3, 0, 0, 1.44, 232, 128, 25582.81, 67851, 65492
1695404390, 0, 0, 47, 0, 0, 26504.30, 3, 0, 0, 0.60, 236, 131, 25582.81, 67851, 65492
1695404403, 0, 0, 47, 0, 0, 26504.30, 3, 0, 0, 0.08, 237, 131, 25582.81, 67851, 65492
1695404415, 0, 0, 47, 0, 0, 26504.30, 3, 0, 0, 0.16, 239, 131, 25582.81, 67851, 65492
1695404446, 0, 0, 47, 0, 0, 26504.30, 3, 0, 0, 0.35, 246, 135, 25582.81, 67851, 65492
1695404459, 0, 0, 47, 0, 0, 26504.30, 3, 0, 0, 0.41, 250, 136, 25582.81, 67851, 65492
1695404476, 0, 0, 47, 0, 0, 26504.30, 3, 0, 0, 0.06, 251, 136, 25582.81, 67851, 65492
1695404489, 0, 0, 47, 0, 0, 26504.30, 3, 0, 0, 0.23, 254, 136, 25582.81, 67851, 65492
1695404502, 0, 0, 48, 0, 0, 26504.69, 3, 0, 0, 0.77, 260, 140, 25583.20, 67852, 65493
1695404515, 0, 0, 48, 0, 0, 26504.69, 3, 0, 0, 0.24, 263, 140, 25583.20, 67852, 65493
1695404527, 0, 0, 49, 0, 0, 26505.47, 3, 0, 0, 0.51, 266, 143, 25583.98, 67854, 65495
1695404541, 0, 0, 50, 0, 0, 26505.86, 3, 0, 0, 0.48, 269, 147, 25584.38, 67855, 65496
1695404553, 0, 0, 50, 0, 0, 26505.86, 3, 0, 0, 0.58, 274, 149, 25584.38, 67855, 65496
1695404567, 0, 0, 50, 0, 0, 26505.86, 3, 0, 0, 0.15, 275, 150, 25584.38, 67855, 65496
1695404579, 0, 0, 50, 0, 0, 26505.86, 3, 0, 0, 0.65, 279, 154, 25584.38, 67855, 65496
1695404591, 0, 0, 50, 0, 0, 26505.86, 3, 0, 0, 0.34, 283, 154, 25584.38, 67855, 65496
1695404615, 0, 0, 50, 0, 0, 26505.86, 3, 0, 0, 0.17, 285, 156, 25584.38, 67855, 65496
1695404627, 0, 0, 50, 0, 0, 26505.86, 3, 0, 0, 0.25, 287, 157, 25584.38, 67855, 65496
1695404638, 0, 0, 51, 0, 0, 26506.25, 3, 0, 0, 0.43, 289, 160, 25584.77, 67856, 65497
1695404639, 0, 0, 52, 0, 0, 26506.64, 3, 0, 0, 35.99, 295, 168, 25585.16, 67857, 65498
1695404639, 0, 0, 52, 0, 0, 26506.64, 3, 0, 0, 56.67, 303, 177, 25585.16, 67857, 65498
1695404653, 0, 0, 52, 0, 0, 26506.64, 3, 0, 0, 0.37, 307, 178, 25585.16, 67857, 65498
1695404664, 0, 0, 52, 0, 0, 26506.64, 3, 0, 0, 0.17, 308, 179, 25585.16, 67857, 65498
1695404676, 0, 0, 52, 0, 0, 26506.64, 3, 0, 0, 0.94, 314, 184, 25585.16, 67857, 65498
1695404693, 0, 0, 52, 0, 0, 26506.64, 3, 0, 0, 0.54, 319, 188, 25585.16, 67857, 65498
1695404705, 0, 0, 52, 0, 0, 26506.64, 3, 0, 0, 0.08, 320, 188, 25585.16, 67857, 65498
1695404717, 0, 0, 52, 0, 0, 26506.64, 3, 0, 0, 0.60, 324, 191, 25585.16, 67857, 65498
1695404729, 0, 0, 52, 0, 0, 26506.64, 3, 0, 0, 1.02, 332, 195, 25585.16, 67857, 65498
1695404742, 0, 0, 53, 0, 0, 26507.03, 3, 0, 0, 0.16, 333, 196, 25585.55, 67858, 65499
1695404742, 0, 0, 53, 0, 0, 26507.03, 3, 0, 0, 58.44, 341, 206, 25585.55, 67858, 65499
1695404754, 0, 0, 53, 0, 0, 26507.03, 3, 0, 0, 0.51, 344, 209, 25585.55, 67858, 65499
1695404766, 0, 0, 53, 0, 0, 26507.03, 3, 0, 0, 0.64, 350, 211, 25585.55, 67858, 65499
1695404778, 0, 0, 53, 0, 0, 26507.03, 3, 0, 0, 0.09, 351, 211, 25585.55, 67858, 65499
1695404778, 0, 0, 53, 0, 0, 26507.03, 3, 0, 0, 72.85, 360, 224, 25585.55, 67858, 65499
1695404790, 0, 0, 53, 0, 0, 26507.03, 3, 0, 0, 0.25, 362, 225, 25585.55, 67858, 65499
1695404802, 0, 0, 53, 0, 0, 26507.03, 3, 0, 0, 0.33, 363, 228, 25585.55, 67858, 65499
1695404815, 0, 0, 53, 0, 0, 26507.03, 3, 0, 0, 0.08, 364, 228, 25585.55, 67858, 65499
1695404827, 0, 0, 53, 0, 0, 26507.03, 3, 0, 0, 0.65, 369, 231, 25585.55, 67858, 65499
1695404842, 0, 0, 53, 0, 0, 26507.03, 3, 0, 0, 0.14, 371, 231, 25585.55, 67858, 65499
1695404854, 0, 0, 53, 0, 0, 26507.03, 3, 0, 0, 0.33, 374, 232, 25585.55, 67858, 65499
1695404866, 0, 0, 54, 0, 0, 26508.20, 3, 0, 0, 0.25, 375, 234, 25586.72, 67861, 65502
1695404878, 0, 0, 54, 0, 0, 26508.20, 3, 0, 0, 1.18, 385, 238, 25586.72, 67861, 65502
1695404892, 0, 0, 54, 0, 0, 26508.20, 3, 0, 0, 0.07, 386, 238, 25586.72, 67861, 65502
1695404892, 0, 0, 54, 0, 0, 26508.20, 3, 0, 0, 46.05, 393, 245, 25586.72, 67861, 65502
1695404904, 0, 0, 54, 0, 0, 26508.20, 3, 0, 0, 0.57, 396, 249, 25586.72, 67861, 65502
1695404916, 0, 0, 54, 0, 0, 26508.20, 3, 0, 0, 0.17, 398, 249, 25586.72, 67861, 65502
1695404928, 0, 0, 54, 0, 0, 26508.20, 3, 0, 0, 0.32, 400, 251, 25586.72, 67861, 65502
1695404944, 0, 0, 55, 0, 0, 26509.77, 3, 0, 0, 0.19, 403, 251, 25588.28, 67865, 65506
1695404957, 0, 0, 55, 0, 0, 26509.77, 3, 0, 0, 0.37, 407, 252, 25588.28, 67865, 65506
1695404970, 0, 0, 55, 0, 0, 26509.77, 3, 0, 0, 0.47, 411, 254, 25588.28, 67865, 65506
1695404970, 0, 0, 55, 0, 0, 26509.77, 3, 0, 0, 42.76, 419, 259, 25588.28, 67865, 65506
1695404971, 0, 0, 55, 0, 0, 26509.77, 3, 0, 0, 44.59, 427, 265, 25588.28, 67865, 65506
1695404985, 0, 0, 55, 0, 0, 26509.77, 3, 0, 0, 0.70, 432, 270, 25588.28, 67865, 65506
1695404997, 0, 0, 55, 0, 0, 26509.77, 3, 0, 0, 0.09, 433, 270, 25588.28, 67865, 65506
1695405010, 0, 0, 55, 0, 0, 26509.77, 3, 0, 0, 0.23, 434, 272, 25588.28, 67865, 65506
1695405023, 0, 0, 55, 0, 0, 26509.77, 3, 0, 0, 0.23, 435, 274, 25588.28, 67865, 65506
1695405035, 0, 0, 55, 0, 0, 26509.77, 3, 0, 0, 0.41, 437, 277, 25588.28, 67865, 65506
1695405051, 0, 0, 55, 0, 0, 26509.77, 3, 0, 0, 0.12, 438, 278, 25588.28, 67865, 65506
1695405063, 0, 0, 55, 0, 0, 26509.77, 3, 0, 0, 0.34, 441, 279, 25588.28, 67865, 65506
1695405076, 0, 0, 55, 0, 0, 26509.77, 3, 0, 0, 0.88, 447, 284, 25588.28, 67865, 65506
1695405076, 0, 0, 55, 0, 0, 26509.77, 3, 0, 0, 58.25, 455, 294, 25588.28, 67865, 65506
1695405089, 0, 0, 55, 0, 0, 26509.77, 3, 0, 0, 0.30, 458, 295, 25588.28, 67865, 65506
1695405104, 0, 0, 55, 0, 0, 26509.77, 3, 0, 0, 0.42, 463, 296, 25588.28, 67865, 65506
1695405116, 0, 0, 55, 0, 0, 26509.77, 3, 0, 0, 0.41, 465, 299, 25588.28, 67865, 65506
1695405116, 0, 0, 55, 0, 0, 26509.77, 3, 0, 0, 27.19, 470, 303, 25588.28, 67865, 65506
1695405116, 0, 0, 55, 0, 0, 26509.77, 3, 0, 0, 25.08, 476, 305, 25588.28, 67865, 65506
1695405117, 0, 0, 55, 0, 0, 26509.77, 3, 0, 0, 38.01, 483, 311, 25588.28, 67865, 65506
1695405130, 0, 0, 56, 0, 0, 26510.16, 3, 0, 0, 0.23, 485, 312, 25588.67, 67866, 65507
1695405142, 0, 0, 56, 0, 0, 26510.16, 3, 0, 0, 0.24, 487, 313, 25588.67, 67866, 65507
1695405143, 0, 0, 56, 0, 0, 26510.16, 3, 0, 0, 31.88, 495, 316, 25588.67, 67866, 65507
1695405156, 0, 0, 56, 0, 0, 26510.16, 3, 0, 0, 0.08, 496, 316, 25588.67, 67866, 65507
1695405168, 0, 0, 56, 0, 0, 26510.16, 3, 0, 0, 0.49, 500, 318, 25588.67, 67866, 65507
1695405169, 0, 0, 56, 0, 0, 26510.16, 3, 0, 0, 40.70, 508, 324, 25588.67, 67866, 65507
1695405192, 0, 0, 56, 0, 0, 26510.16, 3, 0, 0, 0.22, 512, 325, 25588.67, 67866, 65507
1695405206, 0, 0, 56, 0, 0, 26510.16, 3, 0, 0, 0.63, 519, 327, 25588.67, 67866, 65507
1695405224, 0, 0, 56, 0, 0, 26510.16, 3, 0, 0, 0.23, 522, 328, 25588.67, 67866, 65507
1695405237, 0, 0, 56, 0, 0, 26510.16, 3, 0, 0, 0.15, 524, 328, 25588.67, 67866, 65507
1695405251, 0, 0, 56, 0, 0, 26510.16, 3, 0, 0, 0.22, 526, 329, 25588.67, 67866, 65507
1695405265, 0, 0, 56, 0, 0, 26510.16, 3, 0, 0, 0.29, 529, 330, 25588.67, 67866, 65507
1695405276, 0, 0, 56, 0, 0, 26510.16, 3, 0, 0, 0.51, 532, 333, 25588.67, 67866, 65507
1695405277, 0, 0, 56, 0, 0, 26510.16, 3, 0, 0, 25.48, 539, 334, 25588.67, 67866, 65507
1695405289, 0, 0, 56, 0, 0, 26510.16, 3, 0, 0, 0.73, 544, 338, 25588.67, 67866, 65507
1695405303, 0, 0, 56, 0, 0, 26510.16, 3, 0, 0, 0.22, 546, 339, 25588.67, 67866, 65507
1695405321, 0, 0, 56, 0, 0, 26510.16, 3, 0, 0, 0.22, 548, 341, 25588.67, 67866, 65507
1695405334, 0, 0, 56, 0, 0, 26510.16, 3, 0, 0, 0.23, 550, 342, 25588.67, 67866, 65507
1695405351, 0, 0, 56, 0, 0, 26510.16, 3, 0, 0, 0.11, 551, 343, 25588.67, 67866, 65507
1695405365, 0, 0, 56, 0, 0, 26510.16, 3, 0, 0, 0.29, 554, 344, 25588.67, 67866, 65507
1695405378, 0, 0, 56, 0, 0, 26510.16, 3, 0, 0, 0.65, 561, 345, 25588.67, 67866, 65507
1695405391, 0, 0, 56, 0, 0, 26510.16, 3, 0, 0, 0.15, 563, 345, 25588.67, 67866, 65507
1695405391, 0, 0, 56, 0, 0, 26510.16, 3, 0, 0, 8.15, 565, 346, 25588.67, 67866, 65507
1695405391, 0, 0, 56, 0, 0, 26510.16, 3, 0, 0, 39.22, 571, 352, 25588.67, 67866, 65507
1695405405, 0, 0, 57, 0, 0, 26510.55, 3, 0, 0, 0.08, 572, 352, 25589.06, 67867, 65508
1695405405, 0, 0, 57, 0, 0, 26510.55, 3, 0, 0, 16.22, 575, 355, 25589.06, 67867, 65508
1695405405, 0, 0, 57, 0, 0, 26510.55, 3, 0, 0, 28.90, 579, 361, 25589.06, 67867, 65508
1695405406, 0, 0, 57, 0, 0, 26510.55, 3, 0, 0, 28.39, 583, 366, 25589.06, 67867, 65508
1695405406, 0, 0, 57, 0, 0, 26510.55, 3, 0, 0, 29.70, 587, 371, 25589.06, 67867, 65508
1695405406, 0, 0, 57, 0, 0, 26510.55, 3, 0, 0, 22.88, 591, 374, 25589.06, 67867, 65508
1695405419, 0, 0, 57, 0, 0, 26510.55, 3, 0, 0, 0.15, 593, 374, 25589.06, 67867, 65508
1695405419, 0, 0, 57, 0, 0, 26510.55, 3, 0, 0, 30.96, 599, 378, 25589.06, 67867, 65508
1695405434, 0, 0, 57, 0, 0, 26510.55, 3, 0, 0, 0.27, 601, 380, 25589.06, 67867, 65508
1695405447, 0, 0, 57, 0, 0, 26510.55, 3, 0, 0, 0.46, 606, 381, 25589.06, 67867, 65508
1695405448, 0, 0, 57, 0, 0, 26510.55, 3, 0, 0, 31.75, 611, 386, 25589.06, 67867, 65508
1695405448, 0, 0, 57, 0, 0, 26510.55, 3, 0, 0, 32.15, 618, 389, 25589.06, 67867, 65508
1695405461, 0, 0, 57, 0, 0, 26510.55, 3, 0, 0, 0.60, 623, 392, 25589.06, 67867, 65508
1695405475, 0, 0, 57, 0, 0, 26510.55, 3, 0, 0, 0.37, 627, 393, 25589.06, 67867, 65508
1695405475, 0, 0, 57, 0, 0, 26510.55, 3, 0, 0, 29.15, 633, 397, 25589.06, 67867, 65508
1695405487, 0, 0, 57, 0, 0, 26510.55, 3, 0, 0, 0.58, 635, 402, 25589.06, 67867, 65508
1695405500, 0, 0, 57, 0, 0, 26510.55, 3, 0, 0, 0.38, 639, 403, 25589.06, 67867, 65508
1695405501, 0, 0, 57, 0, 0, 26510.55, 3, 0, 0, 38.04, 649, 407, 25589.06, 67867, 65508
1695405516, 0, 0, 57, 0, 0, 26510.55, 3, 0, 0, 0.20, 651, 408, 25589.06, 67867, 65508
1695405528, 0, 0, 57, 0, 0, 26510.55, 3, 0, 0, 0.24, 653, 409, 25589.06, 67867, 65508
1695405542, 0, 0, 57, 0, 0, 26510.55, 3, 0, 0, 0.07, 654, 409, 25589.06, 67867, 65508
1695405542, 0, 0, 57, 0, 0, 26510.55, 3, 0, 0, 23.32, 660, 411, 25589.06, 67867, 65508
1695405571, 0, 0, 57, 0, 0, 26510.55, 3, 0, 0, 0.10, 663, 411, 25589.06, 67867, 65508
1695405583, 0, 0, 57, 0, 0, 26510.55, 3, 0, 0, 0.17, 665, 411, 25589.06, 67867, 65508
1695405614, 0, 0, 57, 0, 0, 26510.55, 3, 0, 0, 0.19, 668, 414, 25589.06, 67867, 65508
1695405615, 0, 0, 57, 0, 0, 26510.55, 3, 0, 0, 21.60, 671, 418, 25589.06, 67867, 65508
1695405615, 0, 0, 57, 0, 0, 26510.55, 3, 0, 0, 23.26, 676, 420, 25589.06, 67867, 65508
1695405628, 0, 0, 57, 0, 0, 26510.55, 3, 0, 0, 0.32, 679, 421, 25589.06, 67867, 65508
1695405640, 0, 0, 57, 0, 0, 26510.55, 3, 0, 0, 0.41, 682, 423, 25589.06, 67867, 65508
1695405640, 0, 0, 57, 0, 0, 26510.55, 3, 0, 0, 23.33, 686, 426, 25589.06, 67867, 65508
1695405640, 0, 0, 57, 0, 0, 26510.55, 3, 0, 0, 25.32, 691, 429, 25589.06, 67867, 65508
1695405653, 0, 0, 57, 0, 0, 26510.55, 3, 0, 0, 0.72, 697, 432, 25589.06, 67867, 65508
1695405666, 0, 0, 57, 0, 0, 26510.55, 3, 0, 0, 0.67, 700, 438, 25589.06, 67867, 65508
1695405679, 0, 0, 58, 0, 0, 26510.94, 3, 0, 0, 0.15, 701, 439, 25589.45, 67868, 65509
1695405692, 0, 0, 58, 0, 0, 26510.94, 3, 0, 0, 0.32, 703, 441, 25589.45, 67868, 65509
1695405704, 0, 0, 58, 0, 0, 26510.94, 3, 0, 0, 0.08, 704, 441, 25589.45, 67868, 65509
1695405704, 0, 0, 58, 0, 0, 26510.94, 3, 0, 0, 33.22, 707, 448, 25589.45, 67868, 65509
1695405718, 0, 0, 58, 0, 0, 26510.94, 3, 0, 0, 0.15, 708, 449, 25589.45, 67868, 65509
1695405730, 0, 0, 59, 0, 0, 26511.33, 3, 0, 0, 0.33, 712, 449, 25589.84, 67869, 65510
1695405742, 0, 0, 59, 0, 0, 26511.33, 3, 0, 0, 0.16, 714, 449, 25589.84, 67869, 65510
1695405754, 0, 0, 59, 0, 0, 26511.33, 3, 0, 0, 0.16, 715, 450, 25589.84, 67869, 65510
1695405768, 0, 0, 59, 0, 0, 26511.33, 3, 0, 0, 0.07, 716, 450, 25589.84, 67869, 65510
1695405781, 0, 0, 59, 0, 0, 26511.33, 3, 0, 0, 0.25, 719, 450, 25589.84, 67869, 65510
1695405794, 0, 0, 59, 0, 0, 26511.33, 3, 0, 0, 0.22, 722, 450, 25589.84, 67869, 65510
1695405807, 0, 0, 59, 0, 0, 26511.33, 3, 0, 0, 0.76, 728, 454, 25589.84, 67869, 65510
1695405820, 0, 0, 59, 0, 0, 26511.33, 3, 0, 0, 0.08, 729, 454, 25589.84, 67869, 65510
1695405833, 0, 0, 59, 0, 0, 26511.33, 3, 0, 0, 0.37, 733, 455, 25589.84, 67869, 65510
1695405846, 0, 0, 59, 0, 0, 26511.33, 3, 0, 0, 0.23, 736, 455, 25589.84, 67869, 65510
1695405858, 0, 0, 59, 0, 0, 26511.33, 3, 0, 0, 0.16, 737, 456, 25589.84, 67869, 65510
1695405870, 0, 0, 59, 0, 0, 26511.33, 3, 0, 0, 0.33, 740, 457, 25589.84, 67869, 65510
1695405871, 0, 0, 59, 0, 0, 26511.33, 3, 0, 0, 18.46, 745, 458, 25589.84, 67869, 65510
1695405883, 0, 0, 59, 0, 0, 26511.33, 3, 0, 0, 0.49, 747, 462, 25589.84, 67869, 65510
1695405901, 0, 0, 59, 0, 0, 26511.33, 3, 0, 0, 0.11, 748, 463, 25589.84, 67869, 65510
1695405913, 0, 0, 59, 0, 0, 26511.33, 3, 0, 0, 0.24, 749, 465, 25589.84, 67869, 65510
1695405926, 0, 0, 59, 0, 0, 26511.33, 3, 0, 0, 0.38, 751, 468, 25589.84, 67869, 65510
1695405939, 0, 0, 59, 0, 0, 26511.33, 3, 0, 0, 0.16, 752, 469, 25589.84, 67869, 65510
1695405951, 0, 0, 59, 0, 0, 26511.33, 3, 0, 0, 0.25, 754, 470, 25589.84, 67869, 65510
1695405951, 0, 0, 59, 0, 0, 26511.33, 3, 0, 0, 21.92, 760, 472, 25589.84, 67869, 65510
1695405965, 0, 0, 59, 0, 0, 26511.33, 3, 0, 0, 0.07, 761, 472, 25589.84, 67869, 65510
1695405979, 0, 0, 59, 0, 0, 26511.33, 3, 0, 0, 0.29, 765, 472, 25589.84, 67869, 65510
1695405994, 0, 0, 59, 0, 0, 26511.33, 3, 0, 0, 0.40, 771, 472, 25589.84, 67869, 65510
1695406006, 0, 0, 59, 0, 0, 26511.33, 3, 0, 0, 0.08, 772, 472, 25589.84, 67869, 65510
1695406020, 0, 0, 59, 0, 0, 26511.33, 3, 0, 0, 0.15, 774, 472, 25589.84, 67869, 65510
1695406035, 0, 0, 59, 0, 0, 26511.33, 3, 0, 0, 0.32, 777, 474, 25589.84, 67869, 65510
1695406036, 0, 0, 59, 0, 0, 26511.33, 3, 0, 0, 16.03, 780, 476, 25589.84, 67869, 65510
1695406036, 0, 0, 59, 0, 0, 26511.33, 3, 0, 0, 18.99, 785, 477, 25589.84, 67869, 65510
1695406049, 0, 0, 59, 0, 0, 26511.33, 3, 0, 0, 0.39, 789, 478, 25589.84, 67869, 65510
1695406063, 0, 0, 59, 0, 0, 26511.33, 3, 0, 0, 0.48, 794, 480, 25589.84, 67869, 65510
1695406078, 0, 0, 59, 0, 0, 26511.33, 3, 0, 0, 0.07, 795, 480, 25589.84, 67869, 65510
1695406078, 0, 0, 59, 0, 0, 26511.33, 3, 0, 0, 18.42, 801, 481, 25589.84, 67869, 65510
1695406091, 0, 0, 59, 0, 0, 26511.33, 3, 0, 0, 0.72, 806, 485, 25589.84, 67869, 65510
1695406103, 0, 0, 59, 0, 0, 26511.33, 3, 0, 0, 0.08, 807, 485, 25589.84, 67869, 65510
1695406129, 0, 0, 59, 0, 0, 26511.33, 3, 0, 0, 0.26, 811, 488, 25589.84, 67869, 65510
1695406130, 0, 0, 59, 0, 0, 26511.33, 3, 0, 0, 11.73, 814, 489, 25589.84, 67869, 65510
1695406141, 0, 0, 59, 0, 0, 26511.33, 3, 0, 0, 0.09, 814, 490, 25589.84, 67869, 65510
1695406153, 0, 0, 59, 0, 0, 26511.33, 3, 0, 0, 0.34, 817, 491, 25589.84, 67869, 65510
1695406153, 0, 0, 59, 0, 0, 26511.33, 3, 0, 0, 17.86, 819, 495, 25589.84, 67869, 65510
1695406153, 0, 0, 59, 0, 0, 26511.33, 3, 0, 0, 18.81, 823, 497, 25589.84, 67869, 65510
1695406166, 0, 0, 59, 0, 0, 26511.33, 3, 0, 0, 0.54, 826, 501, 25589.84, 67869, 65510
1695406178, 0, 0, 59, 0, 0, 26511.33, 3, 0, 0, 0.26, 829, 501, 25589.84, 67869, 65510
1695406190, 0, 0, 59, 0, 0, 26511.33, 3, 0, 0, 0.08, 830, 501, 25589.84, 67869, 65510
1695406190, 0, 0, 59, 0, 0, 26511.33, 3, 0, 0, 21.54, 837, 501, 25589.84, 67869, 65510
1695406203, 0, 0, 59, 0, 0, 26511.33, 3, 0, 0, 0.24, 840, 501, 25589.84, 67869, 65510
1695406203, 0, 0, 59, 0, 0, 26511.33, 3, 0, 0, 19.61, 845, 504, 25589.84, 67869, 65510
1695406216, 0, 0, 59, 0, 0, 26511.33, 3, 0, 0, 0.55, 849, 507, 25589.84, 67869, 65510
1695406228, 0, 0, 59, 0, 0, 26511.33, 3, 0, 0, 0.33, 853, 507, 25589.84, 67869, 65510
1695406229, 0, 0, 59, 0, 0, 26511.33, 3, 0, 0, 28.13, 857, 512, 25589.84, 67869, 65510
1695406241, 0, 0, 60, 0, 0, 26512.11, 3, 0, 0, 0.08, 858, 512, 25590.63, 67871, 65512
1695406253, 0, 0, 60, 0, 0, 26512.11, 3, 0, 0, 0.17, 859, 513, 25590.63, 67871, 65512
1695406267, 0, 0, 60, 0, 0, 26512.11, 3, 0, 0, 0.15, 861, 513, 25590.63, 67871, 65512
1695406279, 0, 0, 60, 0, 0, 26512.11, 3, 0, 0, 0.16, 863, 513, 25590.63, 67871, 65512
1695406293, 0, 0, 60, 0, 0, 26512.11, 3, 0, 0, 0.15, 865, 513, 25590.63, 67871, 65512
1695406306, 0, 0, 60, 0, 0, 26512.11, 3, 0, 0, 0.53, 867, 518, 25590.63, 67871, 65512
1695406325, 0, 0, 60, 0, 0, 26512.11, 3, 0, 0, 0.05, 868, 518, 25590.63, 67871, 65512
1695406325, 0, 0, 60, 0, 0, 26512.11, 3, 0, 0, 18.63, 870, 522, 25590.63, 67871, 65512
1695406338, 0, 0, 60, 0, 0, 26512.11, 3, 0, 0, 0.24, 872, 523, 25590.63, 67871, 65512
1695406338, 0, 0, 60, 0, 0, 26512.11, 3, 0, 0, 16.95, 877, 524, 25590.63, 67871, 65512
1695406355, 0, 0, 61, 0, 0, 26512.89, 3, 0, 0, 0.24, 879, 526, 25591.41, 67873, 65514
1695406367, 0, 0, 61, 0, 0, 26512.89, 3, 0, 0, 0.33, 880, 529, 25591.41, 67873, 65514
1695406367, 0, 0, 61, 0, 0, 26512.89, 3, 0, 0, 21.08, 885, 531, 25591.41, 67873, 65514
1695406368, 0, 0, 61, 0, 0, 26512.89, 3, 0, 0, 26.87, 889, 536, 25591.41, 67873, 65514
1695406386, 0, 0, 61, 0, 0, 26512.89, 3, 0, 0, 0.05, 890, 536, 25591.41, 67873, 65514
1695406386, 0, 0, 61, 0, 0, 26512.89, 3, 0, 0, 23.26, 896, 538, 25591.41, 67873, 65514
1695406387, 0, 0, 61, 0, 0, 26512.89, 3, 0, 0, 24.69, 899, 543, 25591.41, 67873, 65514
1695406399, 0, 0, 61, 0, 0, 26512.89, 3, 0, 0, 0.16, 900, 544, 25591.41, 67873, 65514
1695406412, 0, 0, 61, 0, 0, 26512.89, 3, 0, 0, 0.16, 902, 544, 25591.41, 67873, 65514
1695406424, 0, 0, 62, 0, 0, 26513.28, 3, 0, 0, 0.40, 904, 547, 25591.80, 67874, 65515
1695406424, 0, 0, 62, 0, 0, 26513.28, 3, 0, 0, 19.35, 905, 552, 25591.80, 67874, 65515
1695406436, 0, 0, 62, 0, 0, 26513.28, 3, 0, 0, 0.25, 907, 553, 25591.80, 67874, 65515
1695406437, 0, 0, 62, 0, 0, 26513.28, 3, 0, 0, 13.33, 910, 554, 25591.80, 67874, 65515
1695406451, 0, 0, 62, 0, 0, 26513.28, 3, 0, 0, 0.14, 912, 554, 25591.80, 67874, 65515
1695406464, 0, 0, 62, 0, 0, 26513.28, 3, 0, 0, 0.08, 913, 554, 25591.80, 67874, 65515
1695406464, 0, 0, 62, 0, 0, 26513.28, 3, 0, 0, 25.40, 917, 558, 25591.80, 67874, 65515
1695406465, 0, 0, 62, 0, 0, 26513.28, 3, 0, 0, 26.14, 923, 560, 25591.80, 67874, 65515
1695406478, 0, 0, 63, 0, 0, 26513.67, 3, 0, 0, 0.38, 925, 563, 25592.19, 67875, 65516
1695406478, 0, 0, 63, 0, 0, 26513.67, 3, 0, 0, 3.05, 926, 563, 25592.19, 67875, 65516
1695406490, 0, 0, 63, 0, 0, 26513.67, 3, 0, 0, 0.25, 929, 563, 25592.19, 67875, 65516
1695406503, 0, 0, 64, 0, 0, 26514.06, 3, 0, 0, 0.24, 932, 563, 25592.58, 67876, 65517
1695406503, 0, 0, 64, 0, 0, 26514.06, 3, 0, 0, 5.13, 933, 565, 25592.58, 67876, 65517
1695406517, 0, 0, 64, 0, 0, 26514.06, 3, 0, 0, 0.36, 937, 566, 25592.58, 67876, 65517
1695406533, 0, 0, 64, 0, 0, 26514.06, 3, 0, 0, 0.19, 940, 566, 25592.58, 67876, 65517
1695406533, 0, 0, 64, 0, 0, 26514.06, 3, 0, 0, 18.29, 946, 566, 25592.58, 67876, 65517
1695406533, 0, 0, 64, 0, 0, 26514.06, 3, 0, 0, 14.01, 949, 568, 25592.58, 67876, 65517
1695406572, 0, 0, 64, 0, 0, 26514.06, 3, 0, 0, 0.05, 951, 568, 25592.58, 67876, 65517
1695406586, 0, 0, 64, 0, 0, 26514.06, 3, 0, 0, 0.36, 955, 569, 25592.58, 67876, 65517
1695406598, 0, 0, 64, 0, 0, 26514.06, 3, 0, 0, 0.08, 956, 569, 25592.58, 67876, 65517
1695406599, 0, 0, 64, 0, 0, 26514.06, 3, 0, 0, 11.66, 960, 569, 25592.58, 67876, 65517
1695406599, 0, 0, 64, 0, 0, 26514.06, 3, 0, 0, 17.70, 965, 570, 25592.58, 67876, 65517
1695406637, 0, 0, 64, 0, 0, 26514.06, 3, 0, 0, 0.03, 966, 570, 25592.58, 67876, 65517
1695406638, 0, 0, 64, 0, 0, 26514.06, 3, 0, 0, 9.32, 969, 570, 25592.58, 67876, 65517
1695406651, 0, 0, 64, 0, 0, 26514.06, 3, 0, 0, 0.08, 970, 570, 25592.58, 67876, 65517
1695406664, 0, 0, 64, 0, 0, 26514.06, 3, 0, 0, 0.23, 972, 571, 25592.58, 67876, 65517
1695406682, 0, 0, 64, 0, 0, 26514.06, 3, 0, 0, 0.11, 974, 571, 25592.58, 67876, 65517
1695406696, 0, 0, 64, 0, 0, 26514.06, 3, 0, 0, 0.21, 976, 572, 25592.58, 67876, 65517
1695406709, 0, 0, 64, 0, 0, 26514.06, 3, 0, 0, 0.23, 979, 572, 25592.58, 67876, 65517
1695406727, 0, 0, 65, 0, 0, 26514.84, 3, 0, 0, 0.05, 980, 572, 25593.36, 67878, 65519
1695406728, 0, 0, 65, 0, 0, 26514.84, 3, 0, 0, 9.24, 983, 574, 25593.36, 67878, 65519
1695406741, 0, 0, 66, 0, 0, 26515.23, 3, 0, 0, 0.15, 984, 575, 25593.75, 67879, 65520
1695406741, 0, 0, 66, 0, 0, 26515.23, 3, 0, 0, 7.74, 988, 575, 25593.75, 67879, 65520
1695406755, 0, 0, 66, 0, 0, 26515.23, 3, 0, 0, 0.44, 993, 576, 25593.75, 67879, 65520
1695406755, 0, 0, 66, 0, 0, 26515.23, 3, 0, 0, 15.43, 995, 579, 25593.75, 67879, 65520
1695406771, 0, 0, 66, 0, 0, 26515.23, 3, 0, 0, 0.13, 997, 579, 25593.75, 67879, 65520
1695406783, 0, 0, 66, 0, 0, 26515.23, 3, 0, 0, 0.24, 1000, 579, 25593.75, 67879, 65520
1695406795, 0, 0, 66, 0, 0, 26515.23, 3, 0, 0, 0.08, 1001, 579, 25593.75, 67879, 65520
1695406796, 0, 0, 66, 0, 0, 26515.23, 3, 0, 0, 12.72, 1005, 580, 25593.75, 67879, 65520
1695406809, 0, 0, 66, 0, 0, 26515.23, 3, 0, 0, 0.22, 1007, 581, 25593.75, 67879, 65520
1695406821, 0, 0, 66, 0, 0, 26515.23, 3, 0, 0, 0.16, 1008, 582, 25593.75, 67879, 65520
1695406834, 0, 0, 66, 0, 0, 26515.23, 3, 0, 0, 0.08, 1009, 582, 25593.75, 67879, 65520
1695406834, 0, 0, 66, 0, 0, 26515.23, 3, 0, 0, 15.15, 1011, 585, 25593.75, 67879, 65520
1695406835, 0, 0, 66, 0, 0, 26515.23, 3, 0, 0, 19.67, 1014, 588, 25593.75, 67879, 65520
1695406849, 0, 0, 66, 0, 0, 26515.23, 3, 0, 0, 0.22, 1015, 590, 25593.75, 67879, 65520
1695406864, 0, 0, 66, 0, 0, 26515.23, 3, 0, 0, 0.25, 1017, 592, 25593.75, 67879, 65520
1695406865, 0, 0, 66, 0, 0, 26515.23, 3, 0, 0, 12.05, 1021, 592, 25593.75, 67879, 65520
1695406865, 0, 0, 66, 0, 0, 26515.23, 3, 0, 0, 8.77, 1024, 592, 25593.75, 67879, 65520
1695406878, 0, 0, 66, 0, 0, 26515.23, 3, 0, 0, 0.32, 1025, 595, 25593.75, 67879, 65520
1695406891, 0, 0, 66, 0, 0, 26515.23, 3, 0, 0, 0.15, 1027, 595, 25593.75, 67879, 65520
1695406904, 0, 0, 66, 0, 0, 26515.23, 3, 0, 0, 0.08, 1028, 595, 25593.75, 67879, 65520
1695406917, 0, 0, 66, 0, 0, 26515.23, 3, 0, 0, 0.23, 1030, 596, 25593.75, 67879, 65520
1695406918, 0, 0, 66, 0, 0, 26515.23, 3, 0, 0, 17.34, 1033, 599, 25593.75, 67879, 65520
1695406918, 0, 0, 66, 0, 0, 26515.23, 3, 0, 0, 19.87, 1037, 601, 25593.75, 67879, 65520
1695406919, 0, 0, 66, 0, 0, 26515.23, 3, 0, 0, 10.73, 1039, 604, 25593.75, 67879, 65520
1695406919, 0, 0, 66, 0, 0, 26515.23, 3, 0, 0, 19.48, 1044, 605, 25593.75, 67879, 65520
1695406919, 0, 0, 66, 0, 0, 26515.23, 3, 0, 0, 14.79, 1046, 608, 25593.75, 67879, 65520
1695406920, 0, 0, 66, 0, 0, 26515.23, 3, 0, 0, 13.20, 1048, 610, 25593.75, 67879, 65520
1695406933, 0, 0, 66, 0, 0, 26515.23, 3, 0, 0, 0.30, 1051, 611, 25593.75, 67879, 65520
1695406946, 0, 0, 66, 0, 0, 26515.23, 3, 0, 0, 0.08, 1052, 611, 25593.75, 67879, 65520
1695406960, 0, 0, 66, 0, 0, 26515.23, 3, 0, 0, 0.28, 1055, 612, 25593.75, 67879, 65520
1695406960, 0, 0, 66, 0, 0, 26515.23, 3, 0, 0, 14.53, 1059, 613, 25593.75, 67879, 65520
1695406974, 0, 0, 66, 0, 0, 26515.23, 3, 0, 0, 0.38, 1063, 614, 25593.75, 67879, 65520
1695406986, 0, 0, 66, 0, 0, 26515.23, 3, 0, 0, 0.16, 1065, 614, 25593.75, 67879, 65520
1695406987, 0, 0, 66, 0, 0, 26515.23, 3, 0, 0, 14.71, 1065, 619, 25593.75, 67879, 65520
1695406999, 0, 0, 66, 0, 0, 26515.23, 3, 0, 0, 0.23, 1067, 620, 25593.75, 67879, 65520
1695407000, 0, 0, 66, 0, 0, 26515.23, 3, 0, 0, 17.39, 1070, 623, 25593.75, 67879, 65520
1695407042, 0, 0, 66, 0, 0, 26515.23, 3, 0, 0, 0.02, 1071, 623, 25593.75, 67879, 65520
1695407042, 0, 0, 66, 0, 0, 26515.23, 3, 0, 0, 17.91, 1075, 625, 25593.75, 67879, 65520
1695407061, 0, 0, 66, 0, 0, 26515.23, 3, 0, 0, 0.26, 1078, 627, 25593.75, 67879, 65520
1695407062, 0, 0, 66, 0, 0, 26515.23, 3, 0, 0, 13.03, 1080, 629, 25593.75, 67879, 65520
1695407075, 0, 0, 66, 0, 0, 26515.23, 3, 0, 0, 0.08, 1081, 629, 25593.75, 67879, 65520
1695407075, 0, 0, 66, 0, 0, 26515.23, 3, 0, 0, 8.57, 1084, 629, 25593.75, 67879, 65520
1695407075, 0, 0, 66, 0, 0, 26515.23, 3, 0, 0, 6.43, 1086, 629, 25593.75, 67879, 65520
1695407075, 0, 0, 66, 0, 0, 26515.23, 3, 0, 0, 15.53, 1089, 631, 25593.75, 67879, 65520
1695407076, 0, 0, 66, 0, 0, 26515.23, 3, 0, 0, 8.90, 1091, 632, 25593.75, 67879, 65520
1695407089, 0, 0, 66, 0, 0, 26515.23, 3, 0, 0, 0.31, 1095, 632, 25593.75, 67879, 65520
1695407102, 0, 0, 66, 0, 0, 26515.23, 3, 0, 0, 0.23, 1097, 633, 25593.75, 67879, 65520
1695407102, 0, 0, 66, 0, 0, 26515.23, 3, 0, 0, 15.92, 1101, 634, 25593.75, 67879, 65520
1695407117, 0, 0, 66, 0, 0, 26515.23, 3, 0, 0, 0.13, 1102, 635, 25593.75, 67879, 65520
1695407117, 0, 0, 66, 0, 0, 26515.23, 3, 0, 0, 16.13, 1106, 636, 25593.75, 67879, 65520
1695407130, 0, 0, 66, 0, 0, 26515.23, 3, 0, 0, 0.16, 1107, 637, 25593.75, 67879, 65520
1695407143, 0, 0, 66, 0, 0, 26515.23, 3, 0, 0, 0.30, 1111, 637, 25593.75, 67879, 65520
1695407144, 0, 0, 66, 0, 0, 26515.23, 3, 0, 0, 11.94, 1113, 639, 25593.75, 67879, 65520
1695407157, 0, 0, 66, 0, 0, 26515.23, 3, 0, 0, 0.07, 1114, 639, 25593.75, 67879, 65520
1695407171, 0, 0, 66, 0, 0, 26515.23, 3, 0, 0, 0.07, 1115, 639, 25593.75, 67879, 65520
1695407171, 0, 0, 66, 0, 0, 26515.23, 3, 0, 0, 9.95, 1118, 640, 25593.75, 67879, 65520
1695407171, 0, 0, 66, 0, 0, 26515.23, 3, 0, 0, 8.77, 1120, 641, 25593.75, 67879, 65520
1695407189, 0, 0, 66, 0, 0, 26515.23, 3, 0, 0, 0.06, 1121, 641, 25593.75, 67879, 65520
1695407189, 0, 0, 66, 0, 0, 26515.23, 3, 0, 0, 12.23, 1124, 642, 25593.75, 67879, 65520
1695407202, 0, 0, 66, 0, 0, 26515.23, 3, 0, 0, 0.15, 1126, 642, 25593.75, 67879, 65520
1695407203, 0, 0, 66, 0, 0, 26515.23, 3, 0, 0, 16.23, 1129, 644, 25593.75, 67879, 65520
1695407217, 0, 0, 66, 0, 0, 26515.23, 3, 0, 0, 0.27, 1131, 646, 25593.75, 67879, 65520
1695407218, 0, 0, 66, 0, 0, 26515.23, 3, 0, 0, 15.87, 1132, 650, 25593.75, 67879, 65520
1695407218, 0, 0, 66, 0, 0, 26515.23, 3, 0, 0, 12.69, 1134, 653, 25593.75, 67879, 65520
1695407219, 0, 0, 66, 0, 0, 26515.23, 3, 0, 0, 11.90, 1136, 655, 25593.75, 67879, 65520
1695407231, 0, 0, 66, 0, 0, 26515.23, 3, 0, 0, 0.16, 1136, 657, 25593.75, 67879, 65520
1695407244, 0, 0, 66, 0, 0, 26515.23, 3, 0, 0, 0.30, 1139, 658, 25593.75, 67879, 65520
1695407258, 0, 0, 66, 0, 0, 26515.23, 3, 0, 0, 0.22, 1141, 659, 25593.75, 67879, 65520
1695407258, 0, 0, 66, 0, 0, 26515.23, 3, 0, 0, 13.16, 1142, 662, 25593.75, 67879, 65520
1695407258, 0, 0, 66, 0, 0, 26515.23, 3, 0, 0, 9.12, 1144, 663, 25593.75, 67879, 65520
1695407259, 0, 0, 66, 0, 0, 26515.23, 3, 0, 0, 11.17, 1145, 666, 25593.75, 67879, 65520
1695407273, 0, 0, 66, 0, 0, 26515.23, 3, 0, 0, 0.14, 1146, 667, 25593.75, 67879, 65520
1695407273, 0, 0, 66, 0, 0, 26515.23, 3, 0, 0, 9.97, 1147, 669, 25593.75, 67879, 65520
1695407286, 0, 0, 66, 0, 0, 26515.23, 3, 0, 0, 0.08, 1148, 669, 25593.75, 67879, 65520
1695407287, 0, 0, 66, 0, 0, 26515.23, 3, 0, 0, 14.58, 1149, 673, 25593.75, 67879, 65520
1695407287, 0, 0, 66, 0, 0, 26515.23, 3, 0, 0, 16.08, 1150, 677, 25593.75, 67879, 65520
1695407287, 0, 0, 66, 0, 0, 26515.23, 3, 0, 0, 12.58, 1152, 679, 25593.75, 67879, 65520
1695407303, 0, 0, 66, 0, 0, 26515.23, 3, 0, 0, 0.25, 1153, 682, 25593.75, 67879, 65520
1695407304, 0, 0, 66, 0, 0, 26515.23, 3, 0, 0, 13.93, 1157, 683, 25593.75, 67879, 65520
1695407316, 0, 0, 66, 0, 0, 26515.23, 3, 0, 0, 0.31, 1159, 685, 25593.75, 67879, 65520
1695407329, 0, 0, 66, 0, 0, 26515.23, 3, 0, 0, 0.08, 1160, 685, 25593.75, 67879, 65520
1695407329, 0, 0, 66, 0, 0, 26515.23, 3, 0, 0, 15.92, 1163, 687, 25593.75, 67879, 65520
1695407342, 0, 0, 66, 0, 0, 26515.23, 3, 0, 0, 0.08, 1164, 687, 25593.75, 67879, 65520
1695407342, 0, 0, 66, 0, 0, 26515.23, 3, 0, 0, 0.00, 1164, 687, 25593.75, 67879, 65520
