# unix_time, cycles_done, cur_path, paths_total, pending_total, pending_favs, map_size, unique_crashes, unique_hangs, max_depth, execs_per_sec, valid_inputs, invalid_inputs, valid_cov, all_covered_probes, valid_covered_probes
1693855280, 0, 0, 1, 0, 0, 755.47, 0, 0, 0, 0.54, 1, 0, 755.47, 1934, 1934
1693855281, 0, 0, 3, 0, 0, 855.08, 0, 0, 0, 6.15, 2, 1, 835.94, 2189, 2140
1693855281, 0, 0, 6, 0, 0, 1258.98, 0, 0, 0, 10.05, 4, 3, 837.11, 3223, 2143
1693855293, 0, 0, 9, 0, 0, 7561.72, 0, 0, 0, 1.81, 21, 7, 7247.27, 19358, 18553
1693855297, 0, 0, 18, 0, 0, 7876.56, 0, 0, 0, 3.89, 31, 12, 7563.67, 20164, 19363
1693855300, 0, 0, 20, 0, 0, 7876.56, 1, 0, 0, 3.48, 40, 15, 7563.67, 20164, 19363
1693855309, 0, 0, 23, 0, 0, 7918.36, 1, 0, 0, 1.66, 53, 16, 7605.47, 20271, 19470
1693855311, 0, 0, 27, 0, 0, 8048.83, 1, 0, 0, 2.71, 59, 18, 7728.52, 20605, 19785
1693855328, 0, 0, 30, 0, 0, 8064.84, 1, 0, 0, 0.19, 62, 18, 7744.53, 20646, 19826
1693855328, 0, 1, 35, 0, 0, 8068.36, 1, 0, 0, 38.85, 73, 26, 7744.53, 20655, 19826
1693855334, 0, 1, 37, 0, 0, 8095.31, 1, 0, 0, 0.97, 77, 28, 7771.48, 20724, 19895
1693855340, 0, 1, 40, 0, 0, 8104.69, 1, 0, 0, 2.94, 88, 33, 7778.13, 20748, 19912
1693855343, 0, 2, 44, 0, 0, 8110.16, 1, 0, 0, 8.94, 102, 51, 7778.13, 20762, 19912
1693855346, 0, 2, 45, 0, 0, 8116.80, 1, 0, 0, 0.39, 103, 51, 7784.77, 20779, 19929
1693855349, 0, 3, 49, 0, 0, 8121.48, 1, 0, 0, 14.30, 130, 61, 7789.45, 20791, 19941
1693855354, 0, 3, 50, 0, 0, 8121.48, 1, 0, 0, 1.38, 138, 61, 7789.45, 20791, 19941
1693855357, 0, 4, 53, 0, 0, 8121.48, 1, 0, 0, 12.44, 145, 88, 7789.45, 20791, 19941
1693855360, 0, 4, 55, 0, 0, 8121.48, 1, 0, 0, 14.98, 151, 127, 7789.45, 20791, 19941
1693855363, 0, 5, 57, 0, 0, 8121.48, 1, 0, 0, 4.77, 155, 136, 7789.45, 20791, 19941
1693855365, 0, 5, 59, 0, 0, 8121.48, 1, 0, 0, 8.15, 166, 147, 7789.45, 20791, 19941
1693855369, 0, 5, 61, 0, 0, 8121.48, 1, 0, 0, 0.52, 168, 147, 7789.45, 20791, 19941
1693855372, 0, 5, 62, 0, 0, 8128.13, 1, 0, 0, 2.88, 170, 153, 7796.09, 20808, 19958
1693855375, 0, 5, 63, 0, 0, 8128.13, 1, 0, 0, 1.59, 172, 156, 7796.09, 20808, 19958
1693855378, 0, 5, 66, 0, 0, 8128.13, 1, 0, 0, 1.20, 173, 158, 7796.09, 20808, 19958
1693855381, 0, 6, 68, 0, 0, 8128.13, 1, 0, 0, 4.57, 179, 167, 7796.09, 20808, 19958
1693855384, 0, 6, 72, 0, 0, 8128.13, 1, 0, 0, 3.35, 187, 169, 7796.09, 20808, 19958
1693855388, 0, 6, 73, 0, 0, 8128.13, 1, 0, 0, 0.84, 190, 169, 7796.09, 20808, 19958
1693855395, 0, 6, 75, 0, 0, 8128.13, 1, 0, 0, 1.40, 199, 171, 7796.09, 20808, 19958
1693855398, 0, 6, 76, 0, 0, 8128.13, 1, 0, 0, 1.11, 202, 171, 7796.09, 20808, 19958
1693855403, 0, 6, 78, 0, 0, 8128.13, 1, 0, 0, 0.81, 204, 173, 7796.09, 20808, 19958
1693855406, 0, 7, 80, 0, 0, 8128.13, 1, 0, 0, 2.56, 211, 174, 7796.09, 20808, 19958
1693855409, 0, 7, 81, 0, 0, 8128.13, 1, 0, 0, 0.41, 212, 174, 7796.09, 20808, 19958
1693855411, 0, 7, 82, 0, 0, 8128.13, 1, 0, 0, 0.40, 213, 174, 7796.09, 20808, 19958
1693855414, 0, 7, 83, 0, 0, 8128.13, 2, 0, 0, 0.99, 215, 175, 7796.09, 20808, 19958
1693855417, 0, 8, 84, 0, 0, 8128.13, 2, 0, 0, 10.62, 239, 183, 7796.09, 20808, 19958
1693855420, 0, 8, 85, 0, 0, 8128.13, 2, 0, 0, 0.37, 240, 183, 7796.09, 20808, 19958
1693855422, 0, 8, 86, 0, 0, 8128.13, 2, 0, 0, 0.40, 241, 183, 7796.09, 20808, 19958
1693855425, 0, 8, 87, 0, 0, 8128.13, 2, 0, 0, 0.37, 242, 183, 7796.09, 20808, 19958
1693855427, 0, 8, 87, 0, 0, 8128.13, 2, 0, 0, 0.46, 243, 183, 7796.09, 20808, 19958
1693855430, 0, 8, 87, 0, 0, 8128.13, 2, 0, 0, 0.43, 244, 183, 7796.09, 20808, 19958
1693855432, 0, 8, 88, 0, 0, 8128.13, 2, 0, 0, 0.37, 245, 183, 7796.09, 20808, 19958
1693855435, 0, 8, 88, 0, 0, 8128.13, 2, 0, 0, 0.44, 246, 183, 7796.09, 20808, 19958
1693855437, 0, 8, 88, 0, 0, 8128.13, 2, 0, 0, 0.37, 247, 183, 7796.09, 20808, 19958
1693855440, 0, 8, 89, 0, 0, 8128.13, 2, 0, 0, 0.41, 248, 183, 7796.09, 20808, 19958
1693855443, 0, 8, 90, 0, 0, 8128.13, 2, 0, 0, 0.32, 249, 183, 7796.09, 20808, 19958
1693855445, 0, 8, 91, 0, 0, 8128.13, 2, 0, 0, 0.47, 250, 183, 7796.09, 20808, 19958
1693855448, 0, 8, 92, 0, 0, 8128.13, 2, 0, 0, 0.37, 251, 183, 7796.09, 20808, 19958
1693855450, 0, 8, 92, 0, 0, 8128.13, 2, 0, 0, 0.47, 252, 183, 7796.09, 20808, 19958
1693855452, 0, 8, 92, 0, 0, 8128.13, 2, 0, 0, 0.42, 253, 183, 7796.09, 20808, 19958
1693855455, 0, 8, 92, 0, 0, 8128.13, 2, 0, 0, 0.42, 254, 183, 7796.09, 20808, 19958
1693855457, 0, 8, 92, 0, 0, 8128.13, 2, 0, 0, 0.41, 255, 183, 7796.09, 20808, 19958
1693855459, 0, 8, 93, 0, 0, 8128.13, 2, 0, 0, 0.53, 256, 183, 7796.09, 20808, 19958
1693855462, 0, 8, 94, 0, 0, 8128.13, 2, 0, 0, 0.37, 257, 183, 7796.09, 20808, 19958
1693855464, 0, 8, 95, 0, 0, 8128.13, 2, 0, 0, 0.35, 258, 183, 7796.09, 20808, 19958
1693855467, 0, 8, 95, 0, 0, 8128.13, 2, 0, 0, 0.39, 259, 183, 7796.09, 20808, 19958
1693855470, 0, 8, 95, 0, 0, 8128.13, 2, 0, 0, 0.39, 260, 183, 7796.09, 20808, 19958
1693855472, 0, 8, 95, 0, 0, 8128.13, 2, 0, 0, 0.46, 261, 183, 7796.09, 20808, 19958
1693855475, 0, 8, 95, 0, 0, 8128.13, 2, 0, 0, 0.35, 262, 183, 7796.09, 20808, 19958
1693855477, 0, 8, 95, 0, 0, 8128.13, 2, 0, 0, 0.46, 263, 183, 7796.09, 20808, 19958
1693855479, 0, 8, 95, 0, 0, 8128.13, 2, 0, 0, 0.54, 264, 183, 7796.09, 20808, 19958
1693855481, 0, 8, 95, 0, 0, 8128.13, 2, 0, 0, 0.52, 265, 183, 7796.09, 20808, 19958
1693855483, 0, 8, 95, 0, 0, 8128.13, 2, 0, 0, 0.41, 266, 183, 7796.09, 20808, 19958
1693855486, 0, 8, 96, 0, 0, 8128.13, 2, 0, 0, 0.39, 267, 183, 7796.09, 20808, 19958
1693855488, 0, 8, 96, 0, 0, 8128.13, 2, 0, 0, 0.35, 268, 183, 7796.09, 20808, 19958
1693855491, 0, 8, 96, 0, 0, 8128.13, 2, 0, 0, 0.41, 269, 183, 7796.09, 20808, 19958
1693855493, 0, 8, 96, 0, 0, 8128.13, 2, 0, 0, 0.43, 270, 183, 7796.09, 20808, 19958
1693855495, 0, 8, 97, 0, 0, 8128.13, 2, 0, 0, 0.53, 271, 183, 7796.09, 20808, 19958
1693855497, 0, 8, 98, 0, 0, 8128.13, 2, 0, 0, 0.44, 272, 183, 7796.09, 20808, 19958
1693855499, 0, 8, 99, 0, 0, 8128.13, 2, 0, 0, 0.54, 273, 183, 7796.09, 20808, 19958
1693855502, 0, 8, 100, 0, 0, 8128.13, 2, 0, 0, 0.36, 274, 183, 7796.09, 20808, 19958
1693855505, 0, 8, 100, 0, 0, 8128.13, 2, 0, 0, 0.39, 275, 183, 7796.09, 20808, 19958
1693855507, 0, 8, 100, 0, 0, 8128.13, 2, 0, 0, 0.39, 276, 183, 7796.09, 20808, 19958
1693855510, 0, 8, 101, 0, 0, 8128.13, 2, 0, 0, 0.38, 277, 183, 7796.09, 20808, 19958
1693855513, 0, 8, 102, 0, 0, 8128.13, 2, 0, 0, 0.32, 278, 183, 7796.09, 20808, 19958
1693855516, 0, 8, 102, 0, 0, 8128.13, 2, 0, 0, 0.33, 279, 183, 7796.09, 20808, 19958
1693855518, 0, 8, 102, 0, 0, 8128.13, 2, 0, 0, 0.42, 280, 183, 7796.09, 20808, 19958
1693855521, 0, 8, 102, 0, 0, 8128.13, 2, 0, 0, 0.42, 281, 183, 7796.09, 20808, 19958
1693855523, 0, 8, 103, 0, 0, 8128.13, 2, 0, 0, 0.38, 282, 183, 7796.09, 20808, 19958
1693855526, 0, 8, 103, 0, 0, 8128.13, 2, 0, 0, 0.36, 283, 183, 7796.09, 20808, 19958
1693855529, 0, 8, 103, 0, 0, 8128.13, 2, 0, 0, 0.34, 284, 183, 7796.09, 20808, 19958
1693855532, 0, 8, 103, 0, 0, 8128.13, 2, 0, 0, 0.39, 285, 183, 7796.09, 20808, 19958
1693855534, 0, 8, 103, 0, 0, 8128.13, 2, 0, 0, 0.39, 286, 183, 7796.09, 20808, 19958
1693855537, 0, 8, 103, 0, 0, 8128.13, 2, 0, 0, 0.32, 287, 183, 7796.09, 20808, 19958
1693855540, 0, 8, 103, 0, 0, 8128.13, 2, 0, 0, 0.42, 288, 183, 7796.09, 20808, 19958
1693855542, 0, 8, 103, 0, 0, 8128.13, 2, 0, 0, 0.40, 289, 183, 7796.09, 20808, 19958
1693855546, 0, 8, 103, 0, 0, 8128.13, 2, 0, 0, 0.25, 290, 183, 7796.09, 20808, 19958
1693855549, 0, 8, 104, 0, 0, 8128.13, 2, 0, 0, 0.37, 291, 183, 7796.09, 20808, 19958
1693855552, 0, 8, 104, 0, 0, 8128.13, 2, 0, 0, 0.31, 292, 183, 7796.09, 20808, 19958
1693855555, 0, 8, 104, 0, 0, 8128.13, 2, 0, 0, 0.35, 293, 183, 7796.09, 20808, 19958
1693855558, 0, 8, 105, 0, 0, 8128.13, 2, 0, 0, 0.39, 294, 183, 7796.09, 20808, 19958
1693855560, 0, 8, 105, 0, 0, 8128.13, 2, 0, 0, 0.36, 295, 183, 7796.09, 20808, 19958
1693855563, 0, 8, 105, 0, 0, 8128.13, 2, 0, 0, 0.41, 296, 183, 7796.09, 20808, 19958
1693855565, 0, 8, 105, 0, 0, 8128.13, 2, 0, 0, 0.48, 297, 183, 7796.09, 20808, 19958
1693855568, 0, 8, 105, 0, 0, 8128.13, 2, 0, 0, 0.36, 298, 183, 7796.09, 20808, 19958
1693855571, 0, 8, 105, 0, 0, 8128.13, 2, 0, 0, 0.27, 299, 183, 7796.09, 20808, 19958
1693855575, 0, 8, 106, 0, 0, 8128.13, 2, 0, 0, 0.31, 300, 183, 7796.09, 20808, 19958
1693855577, 0, 8, 107, 0, 0, 8128.13, 2, 0, 0, 0.35, 301, 183, 7796.09, 20808, 19958
1693855580, 0, 8, 107, 0, 0, 8128.13, 2, 0, 0, 0.38, 302, 183, 7796.09, 20808, 19958
1693855583, 0, 8, 107, 0, 0, 8128.13, 2, 0, 0, 0.34, 303, 183, 7796.09, 20808, 19958
1693855586, 0, 8, 107, 0, 0, 8128.13, 2, 0, 0, 0.33, 304, 183, 7796.09, 20808, 19958
1693855589, 0, 8, 107, 0, 0, 8128.13, 2, 0, 0, 0.31, 305, 183, 7796.09, 20808, 19958
1693855592, 0, 8, 107, 0, 0, 8128.13, 2, 0, 0, 0.33, 306, 183, 7796.09, 20808, 19958
1693855595, 0, 8, 107, 0, 0, 8128.13, 2, 0, 0, 0.41, 307, 183, 7796.09, 20808, 19958
1693855597, 0, 8, 107, 0, 0, 8128.13, 2, 0, 0, 0.41, 308, 183, 7796.09, 20808, 19958
1693855601, 0, 8, 108, 0, 0, 8144.53, 2, 0, 0, 0.29, 309, 183, 7812.50, 20850, 20000
1693855604, 0, 8, 108, 0, 0, 8144.53, 2, 0, 0, 0.34, 310, 183, 7812.50, 20850, 20000
1693855606, 0, 8, 108, 0, 0, 8144.53, 2, 0, 0, 0.45, 311, 183, 7812.50, 20850, 20000
1693855609, 0, 8, 108, 0, 0, 8144.53, 2, 0, 0, 0.36, 312, 183, 7812.50, 20850, 20000
1693855611, 0, 8, 108, 0, 0, 8144.53, 2, 0, 0, 0.34, 313, 183, 7812.50, 20850, 20000
1693855614, 0, 8, 108, 0, 0, 8144.53, 2, 0, 0, 0.40, 314, 183, 7812.50, 20850, 20000
1693855617, 0, 8, 108, 0, 0, 8144.53, 2, 0, 0, 0.32, 315, 183, 7812.50, 20850, 20000
1693855621, 0, 8, 108, 0, 0, 8144.53, 2, 0, 0, 0.28, 316, 183, 7812.50, 20850, 20000
1693855624, 0, 8, 108, 0, 0, 8144.53, 2, 0, 0, 0.29, 317, 183, 7812.50, 20850, 20000
1693855627, 0, 8, 109, 0, 0, 8144.53, 2, 0, 0, 0.38, 318, 183, 7812.50, 20850, 20000
1693855630, 0, 8, 109, 0, 0, 8144.53, 2, 0, 0, 0.33, 319, 183, 7812.50, 20850, 20000
1693855633, 0, 8, 109, 0, 0, 8144.53, 2, 0, 0, 0.31, 320, 183, 7812.50, 20850, 20000
1693855635, 0, 8, 109, 0, 0, 8144.53, 2, 0, 0, 0.47, 321, 183, 7812.50, 20850, 20000
1693855638, 0, 8, 109, 0, 0, 8144.53, 2, 0, 0, 0.37, 322, 183, 7812.50, 20850, 20000
1693855641, 0, 8, 109, 0, 0, 8144.53, 2, 0, 0, 0.37, 323, 183, 7812.50, 20850, 20000
1693855643, 0, 8, 109, 0, 0, 8144.53, 2, 0, 0, 0.37, 324, 183, 7812.50, 20850, 20000
1693855647, 0, 8, 110, 0, 0, 8144.53, 2, 0, 0, 0.27, 325, 183, 7812.50, 20850, 20000
1693855650, 0, 8, 110, 0, 0, 8144.53, 2, 0, 0, 0.37, 326, 183, 7812.50, 20850, 20000
1693855653, 0, 8, 111, 0, 0, 8144.53, 2, 0, 0, 0.30, 327, 183, 7812.50, 20850, 20000
1693855656, 0, 8, 111, 0, 0, 8144.53, 2, 0, 0, 0.38, 328, 183, 7812.50, 20850, 20000
1693855658, 0, 8, 111, 0, 0, 8144.53, 2, 0, 0, 0.48, 329, 183, 7812.50, 20850, 20000
1693855661, 0, 8, 111, 0, 0, 8144.53, 2, 0, 0, 0.36, 330, 183, 7812.50, 20850, 20000
1693855664, 0, 8, 111, 0, 0, 8144.53, 2, 0, 0, 0.33, 331, 183, 7812.50, 20850, 20000
1693855667, 0, 8, 111, 0, 0, 8144.53, 2, 0, 0, 0.33, 332, 183, 7812.50, 20850, 20000
1693855670, 0, 8, 111, 0, 0, 8144.53, 2, 0, 0, 0.31, 333, 183, 7812.50, 20850, 20000
1693855673, 0, 8, 111, 0, 0, 8144.53, 2, 0, 0, 0.33, 334, 183, 7812.50, 20850, 20000
1693855675, 0, 8, 112, 0, 0, 8144.53, 2, 0, 0, 0.43, 335, 183, 7812.50, 20850, 20000
1693855679, 0, 8, 113, 0, 0, 8144.53, 2, 0, 0, 0.26, 336, 183, 7812.50, 20850, 20000
1693855683, 0, 8, 114, 0, 0, 8144.53, 2, 0, 0, 0.28, 337, 183, 7812.50, 20850, 20000
1693855685, 0, 8, 115, 0, 0, 8144.53, 2, 0, 0, 0.36, 338, 183, 7812.50, 20850, 20000
1693855688, 0, 8, 115, 0, 0, 8144.53, 2, 0, 0, 0.36, 339, 183, 7812.50, 20850, 20000
1693855691, 0, 8, 115, 0, 0, 8144.53, 2, 0, 0, 0.32, 340, 183, 7812.50, 20850, 20000
1693855694, 0, 8, 116, 0, 0, 8144.53, 2, 0, 0, 0.31, 341, 183, 7812.50, 20850, 20000
1693855698, 0, 8, 116, 0, 0, 8144.53, 2, 0, 0, 0.29, 342, 183, 7812.50, 20850, 20000
1693855701, 0, 8, 116, 0, 0, 8144.53, 2, 0, 0, 0.30, 343, 183, 7812.50, 20850, 20000
1693855704, 0, 8, 116, 0, 0, 8144.53, 2, 0, 0, 0.41, 344, 183, 7812.50, 20850, 20000
1693855707, 0, 8, 116, 0, 0, 8144.53, 2, 0, 0, 0.32, 345, 183, 7812.50, 20850, 20000
1693855711, 0, 8, 117, 0, 0, 8144.53, 2, 0, 0, 0.23, 346, 183, 7812.50, 20850, 20000
1693855713, 0, 8, 117, 0, 0, 8144.53, 2, 0, 0, 0.43, 347, 183, 7812.50, 20850, 20000
1693855717, 0, 8, 117, 0, 0, 8144.53, 2, 0, 0, 0.31, 348, 183, 7812.50, 20850, 20000
1693855719, 0, 8, 117, 0, 0, 8144.53, 2, 0, 0, 0.35, 349, 183, 7812.50, 20850, 20000
1693855722, 0, 8, 117, 0, 0, 8144.53, 2, 0, 0, 0.35, 350, 183, 7812.50, 20850, 20000
1693855725, 0, 8, 117, 0, 0, 8144.53, 2, 0, 0, 0.33, 351, 183, 7812.50, 20850, 20000
1693855729, 0, 8, 117, 0, 0, 8144.53, 2, 0, 0, 0.31, 352, 183, 7812.50, 20850, 20000
1693855731, 0, 8, 118, 0, 0, 8145.31, 2, 0, 0, 0.37, 353, 183, 7813.28, 20852, 20002
1693855735, 0, 8, 118, 0, 0, 8145.31, 2, 0, 0, 0.29, 354, 183, 7813.28, 20852, 20002
1693855737, 0, 8, 118, 0, 0, 8145.31, 2, 0, 0, 0.36, 355, 183, 7813.28, 20852, 20002
1693855740, 0, 8, 118, 0, 0, 8145.31, 2, 0, 0, 0.42, 356, 183, 7813.28, 20852, 20002
1693855743, 0, 8, 118, 0, 0, 8145.31, 2, 0, 0, 0.33, 357, 183, 7813.28, 20852, 20002
1693855746, 0, 8, 118, 0, 0, 8145.31, 2, 0, 0, 0.33, 358, 183, 7813.28, 20852, 20002
1693855748, 0, 8, 118, 0, 0, 8145.31, 2, 0, 0, 0.38, 359, 183, 7813.28, 20852, 20002
1693855751, 0, 8, 118, 0, 0, 8145.31, 2, 0, 0, 0.33, 360, 183, 7813.28, 20852, 20002
1693855754, 0, 8, 118, 0, 0, 8145.31, 2, 0, 0, 0.33, 361, 183, 7813.28, 20852, 20002
1693855757, 0, 8, 118, 0, 0, 8145.31, 2, 0, 0, 0.42, 362, 183, 7813.28, 20852, 20002
1693855760, 0, 8, 118, 0, 0, 8145.31, 2, 0, 0, 0.34, 363, 183, 7813.28, 20852, 20002
1693855763, 0, 8, 118, 0, 0, 8145.31, 2, 0, 0, 0.34, 364, 183, 7813.28, 20852, 20002
1693855765, 0, 8, 118, 0, 0, 8145.31, 2, 0, 0, 0.38, 365, 183, 7813.28, 20852, 20002
1693855769, 0, 8, 118, 0, 0, 8145.31, 2, 0, 0, 0.24, 366, 183, 7813.28, 20852, 20002
1693855773, 0, 8, 118, 0, 0, 8145.31, 2, 0, 0, 0.32, 367, 183, 7813.28, 20852, 20002
1693855775, 0, 8, 118, 0, 0, 8145.31, 2, 0, 0, 0.39, 368, 183, 7813.28, 20852, 20002
1693855778, 0, 8, 118, 0, 0, 8145.31, 2, 0, 0, 0.36, 369, 183, 7813.28, 20852, 20002
1693855781, 0, 8, 118, 0, 0, 8145.31, 2, 0, 0, 0.36, 370, 183, 7813.28, 20852, 20002
1693855783, 0, 8, 118, 0, 0, 8145.31, 2, 0, 0, 0.40, 371, 183, 7813.28, 20852, 20002
1693855787, 0, 8, 118, 0, 0, 8145.31, 2, 0, 0, 0.27, 372, 183, 7813.28, 20852, 20002
1693855790, 0, 8, 118, 0, 0, 8145.31, 2, 0, 0, 0.33, 373, 183, 7813.28, 20852, 20002
1693855793, 0, 8, 118, 0, 0, 8145.31, 2, 0, 0, 0.40, 374, 183, 7813.28, 20852, 20002
1693855796, 0, 8, 118, 0, 0, 8145.31, 2, 0, 0, 0.32, 375, 183, 7813.28, 20852, 20002
1693855799, 0, 8, 119, 0, 0, 8145.31, 2, 0, 0, 0.33, 376, 183, 7813.28, 20852, 20002
1693855801, 0, 8, 119, 0, 0, 8145.31, 2, 0, 0, 0.38, 377, 183, 7813.28, 20852, 20002
1693855805, 0, 8, 119, 0, 0, 8145.31, 2, 0, 0, 0.28, 378, 183, 7813.28, 20852, 20002
1693855808, 0, 8, 120, 0, 0, 8145.31, 2, 0, 0, 0.36, 379, 183, 7813.28, 20852, 20002
1693855810, 0, 8, 120, 0, 0, 8145.31, 2, 0, 0, 0.44, 380, 183, 7813.28, 20852, 20002
1693855813, 0, 8, 120, 0, 0, 8145.31, 2, 0, 0, 0.32, 381, 183, 7813.28, 20852, 20002
1693855816, 0, 8, 120, 0, 0, 8145.31, 2, 0, 0, 0.36, 382, 183, 7813.28, 20852, 20002
1693855819, 0, 8, 120, 0, 0, 8145.31, 2, 0, 0, 0.36, 383, 183, 7813.28, 20852, 20002
1693855821, 0, 8, 121, 0, 0, 8145.31, 2, 0, 0, 0.39, 384, 183, 7813.28, 20852, 20002
1693855824, 0, 8, 121, 0, 0, 8145.31, 2, 0, 0, 0.31, 385, 183, 7813.28, 20852, 20002
1693855827, 0, 8, 122, 0, 0, 8145.31, 2, 0, 0, 0.34, 386, 183, 7813.28, 20852, 20002
1693855831, 0, 8, 122, 0, 0, 8145.31, 2, 0, 0, 0.30, 387, 183, 7813.28, 20852, 20002
1693855834, 0, 8, 123, 0, 0, 8145.31, 2, 0, 0, 0.31, 388, 183, 7813.28, 20852, 20002
1693855836, 0, 8, 124, 0, 0, 8145.31, 2, 0, 0, 0.39, 389, 183, 7813.28, 20852, 20002
1693855840, 0, 8, 124, 0, 0, 8145.31, 2, 0, 0, 0.29, 390, 183, 7813.28, 20852, 20002
1693855843, 0, 8, 124, 0, 0, 8145.31, 2, 0, 0, 0.33, 391, 183, 7813.28, 20852, 20002
1693855846, 0, 8, 124, 0, 0, 8145.31, 2, 0, 0, 0.38, 392, 183, 7813.28, 20852, 20002
1693855849, 0, 8, 124, 0, 0, 8145.31, 2, 0, 0, 0.32, 393, 183, 7813.28, 20852, 20002
1693855852, 0, 8, 124, 0, 0, 8145.31, 2, 0, 0, 0.30, 394, 183, 7813.28, 20852, 20002
1693855855, 0, 8, 124, 0, 0, 8145.31, 2, 0, 0, 0.38, 395, 183, 7813.28, 20852, 20002
1693855858, 0, 8, 124, 0, 0, 8145.31, 2, 0, 0, 0.33, 396, 183, 7813.28, 20852, 20002
1693855861, 0, 8, 124, 0, 0, 8145.31, 2, 0, 0, 0.33, 397, 183, 7813.28, 20852, 20002
1693855863, 0, 8, 124, 0, 0, 8145.31, 2, 0, 0, 0.37, 398, 183, 7813.28, 20852, 20002
1693855866, 0, 8, 124, 0, 0, 8145.31, 2, 0, 0, 0.34, 399, 183, 7813.28, 20852, 20002
1693855869, 0, 8, 124, 0, 0, 8145.31, 2, 0, 0, 0.35, 400, 183, 7813.28, 20852, 20002
1693855872, 0, 8, 124, 0, 0, 8145.31, 2, 0, 0, 0.37, 401, 183, 7813.28, 20852, 20002
1693855875, 0, 8, 124, 0, 0, 8145.31, 2, 0, 0, 0.32, 402, 183, 7813.28, 20852, 20002
1693855878, 0, 8, 124, 0, 0, 8145.31, 2, 0, 0, 0.36, 403, 183, 7813.28, 20852, 20002
1693855880, 0, 8, 124, 0, 0, 8145.31, 2, 0, 0, 0.37, 404, 183, 7813.28, 20852, 20002
1693855883, 0, 8, 124, 0, 0, 8145.31, 2, 0, 0, 0.34, 405, 183, 7813.28, 20852, 20002
1693855886, 0, 8, 124, 0, 0, 8145.31, 2, 0, 0, 0.33, 406, 183, 7813.28, 20852, 20002
1693855889, 0, 8, 124, 0, 0, 8145.31, 2, 0, 0, 0.36, 407, 183, 7813.28, 20852, 20002
1693855892, 0, 8, 124, 0, 0, 8145.31, 2, 0, 0, 0.41, 408, 183, 7813.28, 20852, 20002
1693855895, 0, 8, 124, 0, 0, 8145.31, 2, 0, 0, 0.27, 409, 183, 7813.28, 20852, 20002
1693855898, 0, 8, 124, 0, 0, 8145.31, 2, 0, 0, 0.41, 410, 183, 7813.28, 20852, 20002
1693855901, 0, 8, 124, 0, 0, 8145.31, 2, 0, 0, 0.34, 411, 183, 7813.28, 20852, 20002
1693855903, 0, 8, 124, 0, 0, 8145.31, 2, 0, 0, 0.39, 412, 183, 7813.28, 20852, 20002
1693855906, 0, 8, 124, 0, 0, 8145.31, 2, 0, 0, 0.35, 413, 183, 7813.28, 20852, 20002
1693855909, 0, 8, 124, 0, 0, 8145.31, 2, 0, 0, 0.32, 414, 183, 7813.28, 20852, 20002
1693855913, 0, 8, 124, 0, 0, 8145.31, 2, 0, 0, 0.29, 415, 183, 7813.28, 20852, 20002
1693855916, 0, 8, 124, 0, 0, 8145.31, 2, 0, 0, 0.32, 416, 183, 7813.28, 20852, 20002
1693855920, 0, 8, 125, 0, 0, 8145.31, 2, 0, 0, 0.25, 417, 183, 7813.28, 20852, 20002
1693855923, 0, 8, 125, 0, 0, 8145.31, 2, 0, 0, 0.28, 418, 183, 7813.28, 20852, 20002
1693855927, 0, 8, 126, 0, 0, 8145.31, 2, 0, 0, 0.28, 419, 183, 7813.28, 20852, 20002
1693855930, 0, 8, 126, 0, 0, 8145.31, 2, 0, 0, 0.29, 420, 183, 7813.28, 20852, 20002
1693855933, 0, 8, 127, 0, 0, 8145.31, 2, 0, 0, 0.34, 421, 183, 7813.28, 20852, 20002
1693855936, 0, 8, 128, 0, 0, 8145.31, 2, 0, 0, 0.34, 422, 183, 7813.28, 20852, 20002
1693855940, 0, 8, 129, 0, 0, 8145.31, 2, 0, 0, 0.30, 423, 183, 7813.28, 20852, 20002
1693855942, 0, 8, 129, 0, 0, 8145.31, 2, 0, 0, 0.45, 424, 183, 7813.28, 20852, 20002
1693855945, 0, 8, 129, 0, 0, 8145.31, 2, 0, 0, 0.34, 425, 183, 7813.28, 20852, 20002
1693855948, 0, 8, 129, 0, 0, 8145.31, 2, 0, 0, 0.34, 426, 183, 7813.28, 20852, 20002
1693855951, 0, 8, 129, 0, 0, 8145.31, 2, 0, 0, 0.34, 427, 183, 7813.28, 20852, 20002
1693855954, 0, 8, 129, 0, 0, 8145.31, 2, 0, 0, 0.33, 428, 183, 7813.28, 20852, 20002
1693855957, 0, 8, 130, 0, 0, 8145.31, 2, 0, 0, 0.31, 429, 183, 7813.28, 20852, 20002
1693855960, 0, 8, 131, 0, 0, 8145.31, 2, 0, 0, 0.37, 430, 183, 7813.28, 20852, 20002
1693855962, 0, 8, 131, 0, 0, 8145.31, 2, 0, 0, 0.47, 431, 183, 7813.28, 20852, 20002
1693855966, 0, 8, 132, 0, 0, 8145.31, 2, 0, 0, 0.27, 432, 183, 7813.28, 20852, 20002
1693855969, 0, 8, 132, 0, 0, 8145.31, 2, 0, 0, 0.35, 433, 183, 7813.28, 20852, 20002
1693855972, 0, 8, 133, 0, 0, 8145.31, 2, 0, 0, 0.29, 434, 183, 7813.28, 20852, 20002
1693855975, 0, 8, 133, 0, 0, 8145.31, 2, 0, 0, 0.34, 435, 183, 7813.28, 20852, 20002
1693855978, 0, 8, 133, 0, 0, 8145.31, 2, 0, 0, 0.37, 436, 183, 7813.28, 20852, 20002
1693855980, 0, 8, 133, 0, 0, 8145.31, 2, 0, 0, 0.37, 437, 183, 7813.28, 20852, 20002
1693855983, 0, 8, 133, 0, 0, 8145.31, 2, 0, 0, 0.32, 438, 183, 7813.28, 20852, 20002
1693855986, 0, 8, 133, 0, 0, 8145.31, 2, 0, 0, 0.38, 439, 183, 7813.28, 20852, 20002
1693855989, 0, 8, 133, 0, 0, 8145.31, 2, 0, 0, 0.35, 440, 183, 7813.28, 20852, 20002
1693855992, 0, 8, 133, 0, 0, 8145.31, 2, 0, 0, 0.32, 441, 183, 7813.28, 20852, 20002
1693855995, 0, 8, 134, 0, 0, 8145.31, 2, 0, 0, 0.31, 442, 183, 7813.28, 20852, 20002
1693855998, 0, 8, 134, 0, 0, 8145.31, 2, 0, 0, 0.37, 443, 183, 7813.28, 20852, 20002
1693856001, 0, 8, 134, 0, 0, 8145.31, 2, 0, 0, 0.31, 444, 183, 7813.28, 20852, 20002
1693856005, 0, 8, 134, 0, 0, 8145.31, 2, 0, 0, 0.30, 445, 183, 7813.28, 20852, 20002
1693856007, 0, 8, 134, 0, 0, 8145.31, 2, 0, 0, 0.36, 446, 183, 7813.28, 20852, 20002
1693856011, 0, 8, 134, 0, 0, 8145.31, 2, 0, 0, 0.30, 447, 183, 7813.28, 20852, 20002
1693856014, 0, 8, 134, 0, 0, 8145.31, 2, 0, 0, 0.32, 448, 183, 7813.28, 20852, 20002
1693856016, 0, 8, 134, 0, 0, 8145.31, 2, 0, 0, 0.36, 449, 183, 7813.28, 20852, 20002
1693856019, 0, 8, 134, 0, 0, 8145.31, 2, 0, 0, 0.36, 450, 183, 7813.28, 20852, 20002
1693856022, 0, 8, 134, 0, 0, 8145.31, 2, 0, 0, 0.36, 451, 183, 7813.28, 20852, 20002
1693856025, 0, 8, 134, 0, 0, 8145.31, 2, 0, 0, 0.38, 452, 183, 7813.28, 20852, 20002
1693856028, 0, 8, 134, 0, 0, 8145.31, 2, 0, 0, 0.32, 453, 183, 7813.28, 20852, 20002
1693856031, 0, 8, 134, 0, 0, 8145.31, 2, 0, 0, 0.33, 454, 183, 7813.28, 20852, 20002
1693856033, 0, 8, 134, 0, 0, 8145.31, 2, 0, 0, 0.37, 455, 183, 7813.28, 20852, 20002
1693856036, 0, 8, 134, 0, 0, 8145.31, 2, 0, 0, 0.33, 456, 183, 7813.28, 20852, 20002
1693856039, 0, 8, 135, 0, 0, 8145.31, 2, 0, 0, 0.35, 457, 183, 7813.28, 20852, 20002
1693856042, 0, 8, 135, 0, 0, 8145.31, 2, 0, 0, 0.38, 458, 183, 7813.28, 20852, 20002
1693856045, 0, 8, 135, 0, 0, 8145.31, 2, 0, 0, 0.30, 459, 183, 7813.28, 20852, 20002
1693856048, 0, 8, 135, 0, 0, 8145.31, 2, 0, 0, 0.32, 460, 183, 7813.28, 20852, 20002
1693856051, 0, 8, 135, 0, 0, 8145.31, 2, 0, 0, 0.40, 461, 183, 7813.28, 20852, 20002
1693856054, 0, 8, 135, 0, 0, 8145.31, 2, 0, 0, 0.32, 462, 183, 7813.28, 20852, 20002
1693856057, 0, 8, 136, 0, 0, 8145.31, 2, 0, 0, 0.35, 463, 183, 7813.28, 20852, 20002
1693856060, 0, 8, 137, 0, 0, 8145.31, 2, 0, 0, 0.32, 464, 183, 7813.28, 20852, 20002
1693856064, 0, 8, 138, 0, 0, 8145.31, 2, 0, 0, 0.26, 465, 183, 7813.28, 20852, 20002
1693856067, 0, 8, 139, 0, 0, 8145.31, 2, 0, 0, 0.30, 466, 183, 7813.28, 20852, 20002
1693856070, 0, 8, 139, 0, 0, 8145.31, 2, 0, 0, 0.34, 467, 183, 7813.28, 20852, 20002
1693856073, 0, 8, 139, 0, 0, 8145.31, 2, 0, 0, 0.30, 468, 183, 7813.28, 20852, 20002
1693856077, 0, 8, 140, 0, 0, 8145.31, 2, 0, 0, 0.30, 469, 183, 7813.28, 20852, 20002
1693856080, 0, 8, 140, 0, 0, 8145.31, 2, 0, 0, 0.32, 470, 183, 7813.28, 20852, 20002
1693856083, 0, 8, 140, 0, 0, 8145.31, 2, 0, 0, 0.28, 471, 183, 7813.28, 20852, 20002
1693856087, 0, 8, 140, 0, 0, 8145.31, 2, 0, 0, 0.32, 472, 183, 7813.28, 20852, 20002
1693856090, 0, 8, 140, 0, 0, 8145.31, 2, 0, 0, 0.33, 473, 183, 7813.28, 20852, 20002
1693856093, 0, 8, 141, 0, 0, 8145.31, 2, 0, 0, 0.27, 474, 183, 7813.28, 20852, 20002
1693856097, 0, 8, 141, 0, 0, 8145.31, 2, 0, 0, 0.28, 475, 183, 7813.28, 20852, 20002
1693856101, 0, 8, 141, 0, 0, 8145.31, 2, 0, 0, 0.24, 476, 183, 7813.28, 20852, 20002
1693856105, 0, 8, 141, 0, 0, 8145.31, 2, 0, 0, 0.27, 477, 183, 7813.28, 20852, 20002
1693856108, 0, 8, 141, 0, 0, 8145.31, 2, 0, 0, 0.29, 478, 183, 7813.28, 20852, 20002
1693856111, 0, 8, 141, 0, 0, 8145.31, 2, 0, 0, 0.33, 479, 183, 7813.28, 20852, 20002
1693856115, 0, 8, 141, 0, 0, 8145.31, 2, 0, 0, 0.31, 480, 183, 7813.28, 20852, 20002
1693856118, 0, 8, 141, 0, 0, 8145.31, 2, 0, 0, 0.31, 481, 183, 7813.28, 20852, 20002
1693856121, 0, 8, 141, 0, 0, 8145.31, 2, 0, 0, 0.30, 482, 183, 7813.28, 20852, 20002
1693856125, 0, 8, 141, 0, 0, 8145.31, 2, 0, 0, 0.26, 483, 183, 7813.28, 20852, 20002
1693856129, 0, 8, 141, 0, 0, 8145.31, 2, 0, 0, 0.28, 484, 183, 7813.28, 20852, 20002
1693856132, 0, 8, 141, 0, 0, 8145.31, 2, 0, 0, 0.33, 485, 183, 7813.28, 20852, 20002
1693856135, 0, 8, 141, 0, 0, 8145.31, 2, 0, 0, 0.30, 486, 183, 7813.28, 20852, 20002
1693856138, 0, 8, 141, 0, 0, 8145.31, 2, 0, 0, 0.29, 487, 183, 7813.28, 20852, 20002
1693856141, 0, 8, 141, 0, 0, 8145.31, 2, 0, 0, 0.36, 488, 183, 7813.28, 20852, 20002
1693856146, 0, 8, 142, 0, 0, 8145.31, 2, 0, 0, 0.19, 489, 183, 7813.28, 20852, 20002
1693856150, 0, 8, 142, 0, 0, 8145.31, 2, 0, 0, 0.28, 490, 183, 7813.28, 20852, 20002
1693856153, 0, 8, 142, 0, 0, 8145.31, 2, 0, 0, 0.34, 491, 183, 7813.28, 20852, 20002
1693856156, 0, 8, 142, 0, 0, 8145.31, 2, 0, 0, 0.30, 492, 183, 7813.28, 20852, 20002
1693856160, 0, 8, 142, 0, 0, 8145.31, 2, 0, 0, 0.30, 493, 183, 7813.28, 20852, 20002
1693856163, 0, 8, 142, 0, 0, 8145.31, 2, 0, 0, 0.32, 494, 183, 7813.28, 20852, 20002
1693856166, 0, 8, 142, 0, 0, 8145.31, 2, 0, 0, 0.30, 495, 183, 7813.28, 20852, 20002
1693856169, 0, 8, 142, 0, 0, 8145.31, 2, 0, 0, 0.32, 496, 183, 7813.28, 20852, 20002
1693856172, 0, 8, 142, 0, 0, 8145.31, 2, 0, 0, 0.31, 497, 183, 7813.28, 20852, 20002
1693856175, 0, 8, 142, 0, 0, 8145.31, 2, 0, 0, 0.33, 498, 183, 7813.28, 20852, 20002
1693856178, 0, 8, 142, 0, 0, 8145.31, 2, 0, 0, 0.32, 499, 183, 7813.28, 20852, 20002
1693856181, 0, 8, 142, 0, 0, 8145.31, 2, 0, 0, 0.40, 500, 183, 7813.28, 20852, 20002
1693856185, 0, 8, 142, 0, 0, 8145.31, 2, 0, 0, 0.22, 501, 183, 7813.28, 20852, 20002
1693856189, 0, 8, 142, 0, 0, 8145.31, 2, 0, 0, 0.31, 502, 183, 7813.28, 20852, 20002
1693856191, 0, 8, 142, 0, 0, 8145.31, 2, 0, 0, 0.37, 503, 183, 7813.28, 20852, 20002
1693856195, 0, 8, 142, 0, 0, 8145.31, 2, 0, 0, 0.28, 504, 183, 7813.28, 20852, 20002
1693856198, 0, 8, 142, 0, 0, 8145.31, 2, 0, 0, 0.29, 505, 183, 7813.28, 20852, 20002
1693856201, 0, 8, 142, 0, 0, 8145.31, 2, 0, 0, 0.32, 506, 183, 7813.28, 20852, 20002
1693856205, 0, 8, 142, 0, 0, 8145.31, 2, 0, 0, 0.31, 507, 183, 7813.28, 20852, 20002
1693856208, 0, 8, 142, 0, 0, 8145.31, 2, 0, 0, 0.29, 508, 183, 7813.28, 20852, 20002
1693856212, 0, 8, 142, 0, 0, 8145.31, 2, 0, 0, 0.25, 509, 183, 7813.28, 20852, 20002
1693856217, 0, 8, 142, 0, 0, 8145.31, 2, 0, 0, 0.22, 510, 183, 7813.28, 20852, 20002
1693856219, 0, 8, 142, 0, 0, 8145.31, 2, 0, 0, 0.42, 511, 183, 7813.28, 20852, 20002
1693856222, 0, 8, 142, 0, 0, 8145.31, 2, 0, 0, 0.33, 512, 183, 7813.28, 20852, 20002
1693856225, 0, 8, 143, 0, 0, 8145.31, 2, 0, 0, 0.28, 513, 183, 7813.28, 20852, 20002
1693856229, 0, 8, 143, 0, 0, 8145.31, 2, 0, 0, 0.33, 514, 183, 7813.28, 20852, 20002
1693856232, 0, 8, 143, 0, 0, 8145.31, 2, 0, 0, 0.26, 515, 183, 7813.28, 20852, 20002
1693856235, 0, 8, 144, 0, 0, 8145.31, 2, 0, 0, 0.32, 516, 183, 7813.28, 20852, 20002
1693856239, 0, 8, 144, 0, 0, 8145.31, 2, 0, 0, 0.33, 517, 183, 7813.28, 20852, 20002
1693856242, 0, 8, 144, 0, 0, 8145.31, 2, 0, 0, 0.32, 518, 183, 7813.28, 20852, 20002
1693856245, 0, 8, 144, 0, 0, 8145.31, 2, 0, 0, 0.33, 519, 183, 7813.28, 20852, 20002
1693856248, 0, 8, 144, 0, 0, 8145.31, 2, 0, 0, 0.32, 520, 183, 7813.28, 20852, 20002
1693856250, 0, 8, 144, 0, 0, 8145.31, 2, 0, 0, 0.39, 521, 183, 7813.28, 20852, 20002
1693856254, 0, 8, 144, 0, 0, 8145.31, 2, 0, 0, 0.27, 522, 183, 7813.28, 20852, 20002
1693856257, 0, 8, 144, 0, 0, 8145.31, 2, 0, 0, 0.30, 523, 183, 7813.28, 20852, 20002
1693856260, 0, 8, 144, 0, 0, 8145.31, 2, 0, 0, 0.33, 524, 183, 7813.28, 20852, 20002
1693856264, 0, 8, 144, 0, 0, 8145.31, 2, 0, 0, 0.27, 525, 183, 7813.28, 20852, 20002
1693856267, 0, 8, 144, 0, 0, 8145.31, 2, 0, 0, 0.30, 526, 183, 7813.28, 20852, 20002
1693856271, 0, 8, 144, 0, 0, 8145.31, 2, 0, 0, 0.31, 527, 183, 7813.28, 20852, 20002
1693856273, 0, 8, 144, 0, 0, 8145.31, 2, 0, 0, 0.40, 528, 183, 7813.28, 20852, 20002
1693856276, 0, 8, 144, 0, 0, 8145.31, 2, 0, 0, 0.30, 529, 183, 7813.28, 20852, 20002
1693856280, 0, 8, 144, 0, 0, 8145.31, 2, 0, 0, 0.30, 530, 183, 7813.28, 20852, 20002
1693856283, 0, 8, 144, 0, 0, 8145.31, 2, 0, 0, 0.32, 531, 183, 7813.28, 20852, 20002
1693856286, 0, 8, 144, 0, 0, 8145.31, 2, 0, 0, 0.31, 532, 183, 7813.28, 20852, 20002
1693856289, 0, 8, 144, 0, 0, 8145.31, 2, 0, 0, 0.30, 533, 183, 7813.28, 20852, 20002
1693856292, 0, 8, 144, 0, 0, 8145.31, 2, 0, 0, 0.32, 534, 183, 7813.28, 20852, 20002
1693856296, 0, 8, 144, 0, 0, 8145.31, 2, 0, 0, 0.30, 535, 183, 7813.28, 20852, 20002
1693856299, 0, 8, 144, 0, 0, 8145.31, 2, 0, 0, 0.30, 536, 183, 7813.28, 20852, 20002
1693856303, 0, 8, 144, 0, 0, 8145.31, 2, 0, 0, 0.28, 537, 183, 7813.28, 20852, 20002
1693856306, 0, 8, 144, 0, 0, 8145.31, 2, 0, 0, 0.30, 538, 183, 7813.28, 20852, 20002
1693856311, 0, 8, 145, 0, 0, 8145.31, 2, 0, 0, 0.23, 539, 183, 7813.28, 20852, 20002
1693856314, 0, 8, 145, 0, 0, 8145.31, 2, 0, 0, 0.28, 540, 183, 7813.28, 20852, 20002
1693856318, 0, 8, 145, 0, 0, 8145.31, 2, 0, 0, 0.24, 541, 183, 7813.28, 20852, 20002
1693856322, 0, 8, 145, 0, 0, 8145.31, 2, 0, 0, 0.28, 542, 183, 7813.28, 20852, 20002
1693856325, 0, 8, 145, 0, 0, 8145.31, 2, 0, 0, 0.30, 543, 183, 7813.28, 20852, 20002
1693856330, 0, 8, 145, 0, 0, 8145.31, 2, 0, 0, 0.23, 544, 183, 7813.28, 20852, 20002
1693856334, 0, 8, 145, 0, 0, 8145.31, 2, 0, 0, 0.24, 545, 183, 7813.28, 20852, 20002
1693856337, 0, 8, 145, 0, 0, 8145.31, 2, 0, 0, 0.29, 546, 183, 7813.28, 20852, 20002
1693856341, 0, 8, 146, 0, 0, 8145.31, 2, 0, 0, 0.25, 547, 183, 7813.28, 20852, 20002
1693856345, 0, 8, 146, 0, 0, 8145.31, 2, 0, 0, 0.29, 548, 183, 7813.28, 20852, 20002
1693856348, 0, 8, 146, 0, 0, 8145.31, 2, 0, 0, 0.31, 549, 183, 7813.28, 20852, 20002
1693856352, 0, 8, 147, 0, 0, 8145.31, 2, 0, 0, 0.26, 550, 183, 7813.28, 20852, 20002
1693856355, 0, 8, 147, 0, 0, 8145.31, 2, 0, 0, 0.33, 551, 183, 7813.28, 20852, 20002
1693856359, 0, 8, 147, 0, 0, 8145.31, 2, 0, 0, 0.26, 552, 183, 7813.28, 20852, 20002
1693856362, 0, 8, 147, 0, 0, 8145.31, 2, 0, 0, 0.27, 553, 183, 7813.28, 20852, 20002
1693856366, 0, 8, 147, 0, 0, 8145.31, 2, 0, 0, 0.24, 554, 183, 7813.28, 20852, 20002
1693856370, 0, 8, 147, 0, 0, 8145.31, 2, 0, 0, 0.27, 555, 183, 7813.28, 20852, 20002
1693856375, 0, 8, 148, 0, 0, 8145.31, 2, 0, 0, 0.21, 556, 183, 7813.28, 20852, 20002
1693856378, 0, 8, 148, 0, 0, 8145.31, 2, 0, 0, 0.28, 557, 183, 7813.28, 20852, 20002
1693856381, 0, 8, 148, 0, 0, 8145.31, 2, 0, 0, 0.33, 558, 183, 7813.28, 20852, 20002
1693856385, 0, 8, 148, 0, 0, 8145.31, 2, 0, 0, 0.33, 559, 183, 7813.28, 20852, 20002
1693856388, 0, 8, 149, 0, 0, 8145.31, 2, 0, 0, 0.32, 560, 183, 7813.28, 20852, 20002
1693856391, 0, 8, 149, 0, 0, 8145.31, 2, 0, 0, 0.31, 561, 183, 7813.28, 20852, 20002
1693856394, 0, 8, 149, 0, 0, 8145.31, 2, 0, 0, 0.31, 562, 183, 7813.28, 20852, 20002
1693856398, 0, 8, 149, 0, 0, 8145.31, 2, 0, 0, 0.28, 563, 183, 7813.28, 20852, 20002
1693856401, 0, 8, 149, 0, 0, 8145.31, 2, 0, 0, 0.31, 564, 183, 7813.28, 20852, 20002
1693856405, 0, 8, 149, 0, 0, 8145.31, 2, 0, 0, 0.25, 565, 183, 7813.28, 20852, 20002
1693856408, 0, 8, 149, 0, 0, 8145.31, 2, 0, 0, 0.30, 566, 183, 7813.28, 20852, 20002
1693856411, 0, 8, 149, 0, 0, 8145.31, 2, 0, 0, 0.31, 567, 183, 7813.28, 20852, 20002
1693856415, 0, 8, 149, 0, 0, 8145.31, 2, 0, 0, 0.27, 568, 183, 7813.28, 20852, 20002
1693856418, 0, 8, 149, 0, 0, 8145.31, 2, 0, 0, 0.33, 569, 183, 7813.28, 20852, 20002
1693856422, 0, 8, 149, 0, 0, 8145.31, 2, 0, 0, 0.28, 570, 183, 7813.28, 20852, 20002
1693856425, 0, 8, 149, 0, 0, 8145.31, 2, 0, 0, 0.27, 571, 183, 7813.28, 20852, 20002
1693856429, 0, 8, 149, 0, 0, 8145.31, 2, 0, 0, 0.30, 572, 183, 7813.28, 20852, 20002
1693856432, 0, 8, 149, 0, 0, 8145.31, 2, 0, 0, 0.30, 573, 183, 7813.28, 20852, 20002
1693856436, 0, 8, 149, 0, 0, 8145.31, 2, 0, 0, 0.26, 574, 183, 7813.28, 20852, 20002
1693856440, 0, 8, 149, 0, 0, 8145.31, 2, 0, 0, 0.25, 575, 183, 7813.28, 20852, 20002
1693856444, 0, 8, 149, 0, 0, 8145.31, 2, 0, 0, 0.26, 576, 183, 7813.28, 20852, 20002
1693856447, 0, 8, 149, 0, 0, 8145.31, 2, 0, 0, 0.28, 577, 183, 7813.28, 20852, 20002
1693856451, 0, 8, 149, 0, 0, 8145.31, 2, 0, 0, 0.28, 578, 183, 7813.28, 20852, 20002
1693856454, 0, 8, 149, 0, 0, 8145.31, 2, 0, 0, 0.31, 579, 183, 7813.28, 20852, 20002
1693856458, 0, 8, 149, 0, 0, 8145.31, 2, 0, 0, 0.29, 580, 183, 7813.28, 20852, 20002
1693856461, 0, 8, 149, 0, 0, 8145.31, 2, 0, 0, 0.27, 581, 183, 7813.28, 20852, 20002
1693856465, 0, 8, 149, 0, 0, 8145.31, 2, 0, 0, 0.26, 582, 183, 7813.28, 20852, 20002
1693856468, 0, 8, 149, 0, 0, 8145.31, 2, 0, 0, 0.31, 583, 183, 7813.28, 20852, 20002
1693856472, 0, 8, 149, 0, 0, 8145.31, 2, 0, 0, 0.25, 584, 183, 7813.28, 20852, 20002
1693856476, 0, 8, 149, 0, 0, 8145.31, 2, 0, 0, 0.27, 585, 183, 7813.28, 20852, 20002
1693856479, 0, 8, 149, 0, 0, 8145.31, 2, 0, 0, 0.34, 586, 183, 7813.28, 20852, 20002
1693856483, 0, 8, 149, 0, 0, 8145.31, 2, 0, 0, 0.29, 587, 183, 7813.28, 20852, 20002
1693856486, 0, 8, 149, 0, 0, 8145.31, 2, 0, 0, 0.34, 588, 183, 7813.28, 20852, 20002
1693856488, 0, 8, 149, 0, 0, 8145.31, 2, 0, 0, 0.37, 589, 183, 7813.28, 20852, 20002
1693856491, 0, 8, 149, 0, 0, 8145.31, 2, 0, 0, 0.33, 590, 183, 7813.28, 20852, 20002
1693856494, 0, 8, 149, 0, 0, 8145.31, 2, 0, 0, 0.31, 591, 183, 7813.28, 20852, 20002
1693856497, 0, 8, 149, 0, 0, 8145.31, 2, 0, 0, 0.34, 592, 183, 7813.28, 20852, 20002
1693856502, 0, 8, 149, 0, 0, 8145.31, 2, 0, 0, 0.23, 593, 183, 7813.28, 20852, 20002
1693856505, 0, 8, 149, 0, 0, 8145.31, 2, 0, 0, 0.29, 594, 183, 7813.28, 20852, 20002
1693856508, 0, 8, 149, 0, 0, 8145.31, 2, 0, 0, 0.31, 595, 183, 7813.28, 20852, 20002
1693856512, 0, 8, 149, 0, 0, 8145.31, 2, 0, 0, 0.31, 596, 183, 7813.28, 20852, 20002
1693856515, 0, 8, 149, 0, 0, 8145.31, 2, 0, 0, 0.29, 597, 183, 7813.28, 20852, 20002
1693856518, 0, 8, 149, 0, 0, 8145.31, 2, 0, 0, 0.32, 598, 183, 7813.28, 20852, 20002
1693856521, 0, 8, 149, 0, 0, 8145.31, 2, 0, 0, 0.39, 599, 183, 7813.28, 20852, 20002
1693856525, 0, 8, 149, 0, 0, 8145.31, 2, 0, 0, 0.25, 600, 183, 7813.28, 20852, 20002
1693856528, 0, 8, 149, 0, 0, 8145.31, 2, 0, 0, 0.32, 601, 183, 7813.28, 20852, 20002
1693856531, 0, 8, 149, 0, 0, 8145.31, 2, 0, 0, 0.32, 602, 183, 7813.28, 20852, 20002
1693856534, 0, 8, 149, 0, 0, 8145.31, 2, 0, 0, 0.31, 603, 183, 7813.28, 20852, 20002
1693856538, 0, 8, 149, 0, 0, 8145.31, 2, 0, 0, 0.30, 604, 183, 7813.28, 20852, 20002
1693856541, 0, 8, 149, 0, 0, 8145.31, 2, 0, 0, 0.31, 605, 183, 7813.28, 20852, 20002
1693856545, 0, 8, 149, 0, 0, 8145.31, 2, 0, 0, 0.27, 606, 183, 7813.28, 20852, 20002
1693856548, 0, 8, 149, 0, 0, 8145.31, 2, 0, 0, 0.28, 607, 183, 7813.28, 20852, 20002
1693856552, 0, 8, 149, 0, 0, 8145.31, 2, 0, 0, 0.27, 608, 183, 7813.28, 20852, 20002
1693856556, 0, 8, 149, 0, 0, 8145.31, 2, 0, 0, 0.25, 609, 183, 7813.28, 20852, 20002
1693856559, 0, 8, 149, 0, 0, 8145.31, 2, 0, 0, 0.28, 610, 183, 7813.28, 20852, 20002
1693856563, 0, 8, 149, 0, 0, 8145.31, 2, 0, 0, 0.30, 611, 183, 7813.28, 20852, 20002
1693856569, 0, 8, 150, 0, 0, 8145.31, 2, 0, 0, 0.16, 612, 183, 7813.28, 20852, 20002
1693856573, 0, 8, 150, 0, 0, 8145.31, 2, 0, 0, 0.27, 613, 183, 7813.28, 20852, 20002
1693856577, 0, 8, 150, 0, 0, 8145.31, 2, 0, 0, 0.23, 614, 183, 7813.28, 20852, 20002
1693856581, 0, 8, 150, 0, 0, 8145.31, 2, 0, 0, 0.27, 615, 183, 7813.28, 20852, 20002
1693856584, 0, 8, 150, 0, 0, 8145.31, 2, 0, 0, 0.36, 616, 183, 7813.28, 20852, 20002
1693856587, 0, 8, 150, 0, 0, 8145.31, 2, 0, 0, 0.27, 617, 183, 7813.28, 20852, 20002
1693856591, 0, 8, 150, 0, 0, 8145.31, 2, 0, 0, 0.26, 618, 183, 7813.28, 20852, 20002
1693856595, 0, 8, 150, 0, 0, 8145.31, 2, 0, 0, 0.27, 619, 183, 7813.28, 20852, 20002
1693856600, 0, 8, 151, 0, 0, 8145.31, 2, 0, 0, 0.21, 620, 183, 7813.28, 20852, 20002
1693856603, 0, 8, 151, 0, 0, 8145.31, 2, 0, 0, 0.27, 621, 183, 7813.28, 20852, 20002
1693856607, 0, 8, 152, 0, 0, 8145.31, 2, 0, 0, 0.29, 622, 183, 7813.28, 20852, 20002
1693856611, 0, 8, 152, 0, 0, 8145.31, 2, 0, 0, 0.24, 623, 183, 7813.28, 20852, 20002
1693856615, 0, 8, 152, 0, 0, 8145.31, 2, 0, 0, 0.25, 624, 183, 7813.28, 20852, 20002
1693856619, 0, 8, 152, 0, 0, 8145.31, 2, 0, 0, 0.28, 625, 183, 7813.28, 20852, 20002
1693856622, 0, 8, 153, 0, 0, 8145.31, 2, 0, 0, 0.26, 626, 183, 7813.28, 20852, 20002
1693856626, 0, 8, 153, 0, 0, 8145.31, 2, 0, 0, 0.26, 627, 183, 7813.28, 20852, 20002
1693856630, 0, 8, 153, 0, 0, 8145.31, 2, 0, 0, 0.25, 628, 183, 7813.28, 20852, 20002
1693856634, 0, 8, 153, 0, 0, 8145.31, 2, 0, 0, 0.28, 629, 183, 7813.28, 20852, 20002
1693856638, 0, 8, 153, 0, 0, 8145.31, 2, 0, 0, 0.25, 630, 183, 7813.28, 20852, 20002
1693856641, 0, 8, 153, 0, 0, 8145.31, 2, 0, 0, 0.30, 631, 183, 7813.28, 20852, 20002
1693856645, 0, 8, 153, 0, 0, 8145.31, 2, 0, 0, 0.24, 632, 183, 7813.28, 20852, 20002
1693856649, 0, 8, 153, 0, 0, 8145.31, 2, 0, 0, 0.28, 633, 183, 7813.28, 20852, 20002
1693856652, 0, 8, 153, 0, 0, 8145.31, 2, 0, 0, 0.30, 634, 183, 7813.28, 20852, 20002
1693856656, 0, 8, 153, 0, 0, 8145.31, 2, 0, 0, 0.29, 635, 183, 7813.28, 20852, 20002
1693856660, 0, 8, 153, 0, 0, 8145.31, 2, 0, 0, 0.26, 636, 183, 7813.28, 20852, 20002
1693856664, 0, 8, 153, 0, 0, 8145.31, 2, 0, 0, 0.23, 637, 183, 7813.28, 20852, 20002
1693856668, 0, 8, 153, 0, 0, 8145.31, 2, 0, 0, 0.26, 638, 183, 7813.28, 20852, 20002
1693856672, 0, 8, 153, 0, 0, 8145.31, 2, 0, 0, 0.26, 639, 183, 7813.28, 20852, 20002
1693856675, 0, 8, 153, 0, 0, 8145.31, 2, 0, 0, 0.27, 640, 183, 7813.28, 20852, 20002
1693856679, 0, 8, 153, 0, 0, 8145.31, 2, 0, 0, 0.28, 641, 183, 7813.28, 20852, 20002
1693856683, 0, 8, 153, 0, 0, 8145.31, 2, 0, 0, 0.25, 642, 183, 7813.28, 20852, 20002
1693856687, 0, 8, 153, 0, 0, 8145.31, 2, 0, 0, 0.27, 643, 183, 7813.28, 20852, 20002
1693856690, 0, 8, 153, 0, 0, 8145.31, 2, 0, 0, 0.30, 644, 183, 7813.28, 20852, 20002
1693856695, 0, 8, 153, 0, 0, 8145.31, 2, 0, 0, 0.19, 645, 183, 7813.28, 20852, 20002
1693856698, 0, 8, 153, 0, 0, 8145.31, 2, 0, 0, 0.32, 646, 183, 7813.28, 20852, 20002
1693856701, 0, 8, 153, 0, 0, 8145.31, 2, 0, 0, 0.37, 647, 183, 7813.28, 20852, 20002
1693856705, 0, 8, 153, 0, 0, 8145.31, 2, 0, 0, 0.28, 648, 183, 7813.28, 20852, 20002
1693856708, 0, 8, 153, 0, 0, 8145.31, 2, 0, 0, 0.31, 649, 183, 7813.28, 20852, 20002
1693856711, 0, 8, 153, 0, 0, 8145.31, 2, 0, 0, 0.31, 650, 183, 7813.28, 20852, 20002
1693856715, 0, 8, 153, 0, 0, 8145.31, 2, 0, 0, 0.31, 651, 183, 7813.28, 20852, 20002
1693856718, 0, 8, 153, 0, 0, 8145.31, 2, 0, 0, 0.31, 652, 183, 7813.28, 20852, 20002
1693856722, 0, 8, 153, 0, 0, 8145.31, 2, 0, 0, 0.26, 653, 183, 7813.28, 20852, 20002
1693856725, 0, 8, 153, 0, 0, 8145.31, 2, 0, 0, 0.27, 654, 183, 7813.28, 20852, 20002
1693856728, 0, 8, 153, 0, 0, 8145.31, 2, 0, 0, 0.34, 655, 183, 7813.28, 20852, 20002
1693856732, 0, 8, 153, 0, 0, 8145.31, 2, 0, 0, 0.26, 656, 183, 7813.28, 20852, 20002
1693856736, 0, 8, 153, 0, 0, 8145.31, 2, 0, 0, 0.29, 657, 183, 7813.28, 20852, 20002
1693856738, 0, 8, 153, 0, 0, 8145.31, 2, 0, 0, 0.35, 658, 183, 7813.28, 20852, 20002
1693856742, 0, 8, 153, 0, 0, 8145.31, 2, 0, 0, 0.30, 659, 183, 7813.28, 20852, 20002
1693856745, 0, 8, 153, 0, 0, 8145.31, 2, 0, 0, 0.30, 660, 183, 7813.28, 20852, 20002
1693856748, 0, 8, 153, 0, 0, 8145.31, 2, 0, 0, 0.35, 661, 183, 7813.28, 20852, 20002
1693856751, 0, 8, 153, 0, 0, 8145.31, 2, 0, 0, 0.31, 662, 183, 7813.28, 20852, 20002
1693856755, 0, 8, 153, 0, 0, 8145.31, 2, 0, 0, 0.30, 663, 183, 7813.28, 20852, 20002
1693856758, 0, 8, 153, 0, 0, 8145.31, 2, 0, 0, 0.34, 664, 183, 7813.28, 20852, 20002
1693856761, 0, 8, 153, 0, 0, 8145.31, 2, 0, 0, 0.28, 665, 183, 7813.28, 20852, 20002
1693856765, 0, 8, 153, 0, 0, 8145.31, 2, 0, 0, 0.24, 666, 183, 7813.28, 20852, 20002
1693856770, 0, 8, 153, 0, 0, 8145.31, 2, 0, 0, 0.20, 667, 183, 7813.28, 20852, 20002
1693856774, 0, 8, 153, 0, 0, 8145.31, 2, 0, 0, 0.30, 668, 183, 7813.28, 20852, 20002
1693856778, 0, 8, 153, 0, 0, 8145.31, 2, 0, 0, 0.25, 669, 183, 7813.28, 20852, 20002
1693856781, 0, 8, 153, 0, 0, 8145.31, 2, 0, 0, 0.26, 670, 183, 7813.28, 20852, 20002
1693856786, 0, 8, 153, 0, 0, 8145.31, 2, 0, 0, 0.24, 671, 183, 7813.28, 20852, 20002
1693856789, 0, 8, 153, 0, 0, 8145.31, 2, 0, 0, 0.25, 672, 183, 7813.28, 20852, 20002
1693856793, 0, 8, 153, 0, 0, 8145.31, 2, 0, 0, 0.26, 673, 183, 7813.28, 20852, 20002
1693856797, 0, 8, 153, 0, 0, 8145.31, 2, 0, 0, 0.27, 674, 183, 7813.28, 20852, 20002
1693856801, 0, 8, 154, 0, 0, 8145.31, 2, 0, 0, 0.24, 675, 183, 7813.28, 20852, 20002
1693856805, 0, 8, 154, 0, 0, 8145.31, 2, 0, 0, 0.23, 676, 183, 7813.28, 20852, 20002
1693856809, 0, 8, 154, 0, 0, 8145.31, 2, 0, 0, 0.25, 677, 183, 7813.28, 20852, 20002
1693856814, 0, 8, 155, 0, 0, 8145.31, 2, 0, 0, 0.24, 678, 183, 7813.28, 20852, 20002
1693856818, 0, 8, 156, 0, 0, 8145.31, 2, 0, 0, 0.23, 679, 183, 7813.28, 20852, 20002
1693856822, 0, 8, 156, 0, 0, 8145.31, 2, 0, 0, 0.24, 680, 183, 7813.28, 20852, 20002
1693856826, 0, 8, 156, 0, 0, 8145.31, 2, 0, 0, 0.24, 681, 183, 7813.28, 20852, 20002
1693856830, 0, 8, 156, 0, 0, 8145.31, 2, 0, 0, 0.27, 682, 183, 7813.28, 20852, 20002
1693856834, 0, 8, 156, 0, 0, 8145.31, 2, 0, 0, 0.25, 683, 183, 7813.28, 20852, 20002
1693856838, 0, 8, 156, 0, 0, 8145.31, 2, 0, 0, 0.26, 684, 183, 7813.28, 20852, 20002
1693856841, 0, 8, 156, 0, 0, 8145.31, 2, 0, 0, 0.27, 685, 183, 7813.28, 20852, 20002
1693856846, 0, 8, 156, 0, 0, 8145.31, 2, 0, 0, 0.23, 686, 183, 7813.28, 20852, 20002
1693856850, 0, 8, 156, 0, 0, 8145.31, 2, 0, 0, 0.24, 687, 183, 7813.28, 20852, 20002
1693856854, 0, 8, 156, 0, 0, 8145.31, 2, 0, 0, 0.26, 688, 183, 7813.28, 20852, 20002
1693856858, 0, 8, 156, 0, 0, 8145.31, 2, 0, 0, 0.22, 689, 183, 7813.28, 20852, 20002
1693856862, 0, 8, 156, 0, 0, 8145.31, 2, 0, 0, 0.26, 690, 183, 7813.28, 20852, 20002
1693856866, 0, 8, 156, 0, 0, 8145.31, 2, 0, 0, 0.27, 691, 183, 7813.28, 20852, 20002
1693856870, 0, 8, 156, 0, 0, 8145.31, 2, 0, 0, 0.24, 692, 183, 7813.28, 20852, 20002
1693856874, 0, 8, 156, 0, 0, 8145.31, 2, 0, 0, 0.26, 693, 183, 7813.28, 20852, 20002
1693856877, 0, 8, 156, 0, 0, 8145.31, 2, 0, 0, 0.28, 694, 183, 7813.28, 20852, 20002
1693856881, 0, 8, 156, 0, 0, 8145.31, 2, 0, 0, 0.26, 695, 183, 7813.28, 20852, 20002
1693856885, 0, 8, 157, 0, 0, 8145.31, 2, 0, 0, 0.26, 696, 183, 7813.28, 20852, 20002
1693856889, 0, 8, 157, 0, 0, 8145.31, 2, 0, 0, 0.26, 697, 183, 7813.28, 20852, 20002
1693856893, 0, 8, 157, 0, 0, 8145.31, 2, 0, 0, 0.22, 698, 183, 7813.28, 20852, 20002
1693856898, 0, 8, 157, 0, 0, 8145.31, 2, 0, 0, 0.23, 699, 183, 7813.28, 20852, 20002
1693856903, 0, 8, 157, 0, 0, 8145.31, 2, 0, 0, 0.18, 700, 183, 7813.28, 20852, 20002
1693856907, 0, 8, 157, 0, 0, 8145.31, 2, 0, 0, 0.25, 701, 183, 7813.28, 20852, 20002
1693856910, 0, 8, 157, 0, 0, 8145.31, 2, 0, 0, 0.31, 702, 183, 7813.28, 20852, 20002
1693856914, 0, 8, 157, 0, 0, 8145.31, 2, 0, 0, 0.27, 703, 183, 7813.28, 20852, 20002
1693856918, 0, 8, 157, 0, 0, 8145.31, 2, 0, 0, 0.23, 704, 183, 7813.28, 20852, 20002
1693856922, 0, 8, 157, 0, 0, 8145.31, 2, 0, 0, 0.27, 705, 183, 7813.28, 20852, 20002
1693856925, 0, 8, 157, 0, 0, 8145.31, 2, 0, 0, 0.31, 706, 183, 7813.28, 20852, 20002
1693856929, 0, 8, 157, 0, 0, 8145.31, 2, 0, 0, 0.30, 707, 183, 7813.28, 20852, 20002
1693856933, 0, 8, 157, 0, 0, 8145.31, 2, 0, 0, 0.24, 708, 183, 7813.28, 20852, 20002
1693856937, 0, 8, 157, 0, 0, 8145.31, 2, 0, 0, 0.26, 709, 183, 7813.28, 20852, 20002
1693856941, 0, 8, 158, 0, 0, 8145.31, 2, 0, 0, 0.25, 710, 183, 7813.28, 20852, 20002
1693856944, 0, 8, 158, 0, 0, 8145.31, 2, 0, 0, 0.29, 711, 183, 7813.28, 20852, 20002
1693856948, 0, 8, 158, 0, 0, 8145.31, 2, 0, 0, 0.26, 712, 183, 7813.28, 20852, 20002
1693856952, 0, 8, 158, 0, 0, 8145.31, 2, 0, 0, 0.26, 713, 183, 7813.28, 20852, 20002
1693856955, 0, 8, 158, 0, 0, 8145.31, 2, 0, 0, 0.29, 714, 183, 7813.28, 20852, 20002
1693856959, 0, 8, 158, 0, 0, 8145.31, 2, 0, 0, 0.26, 715, 183, 7813.28, 20852, 20002
1693856963, 0, 8, 158, 0, 0, 8145.31, 2, 0, 0, 0.27, 716, 183, 7813.28, 20852, 20002
1693856967, 0, 8, 158, 0, 0, 8145.31, 2, 0, 0, 0.26, 717, 183, 7813.28, 20852, 20002
1693856970, 0, 8, 158, 0, 0, 8145.31, 2, 0, 0, 0.28, 718, 183, 7813.28, 20852, 20002
1693856974, 0, 8, 159, 0, 0, 8145.31, 2, 0, 0, 0.29, 719, 183, 7813.28, 20852, 20002
1693856978, 0, 8, 160, 0, 0, 8145.31, 2, 0, 0, 0.25, 720, 183, 7813.28, 20852, 20002
1693856982, 0, 8, 161, 0, 0, 8145.31, 2, 0, 0, 0.22, 721, 183, 7813.28, 20852, 20002
1693856986, 0, 8, 162, 0, 0, 8145.31, 2, 0, 0, 0.25, 722, 183, 7813.28, 20852, 20002
1693856990, 0, 8, 162, 0, 0, 8145.31, 2, 0, 0, 0.24, 723, 183, 7813.28, 20852, 20002
1693856995, 0, 8, 162, 0, 0, 8145.31, 2, 0, 0, 0.23, 724, 183, 7813.28, 20852, 20002
1693856999, 0, 8, 163, 0, 0, 8145.31, 2, 0, 0, 0.24, 725, 183, 7813.28, 20852, 20002
1693857003, 0, 8, 163, 0, 0, 8145.31, 2, 0, 0, 0.23, 726, 183, 7813.28, 20852, 20002
1693857007, 0, 8, 163, 0, 0, 8145.31, 2, 0, 0, 0.31, 727, 183, 7813.28, 20852, 20002
1693857010, 0, 8, 163, 0, 0, 8145.31, 2, 0, 0, 0.29, 728, 183, 7813.28, 20852, 20002
1693857014, 0, 8, 163, 0, 0, 8145.31, 2, 0, 0, 0.26, 729, 183, 7813.28, 20852, 20002
1693857018, 0, 8, 164, 0, 0, 8145.31, 2, 0, 0, 0.25, 730, 183, 7813.28, 20852, 20002
1693857022, 0, 8, 164, 0, 0, 8145.31, 2, 0, 0, 0.26, 731, 183, 7813.28, 20852, 20002
1693857025, 0, 8, 164, 0, 0, 8145.31, 2, 0, 0, 0.28, 732, 183, 7813.28, 20852, 20002
1693857029, 0, 8, 164, 0, 0, 8145.31, 2, 0, 0, 0.25, 733, 183, 7813.28, 20852, 20002
1693857033, 0, 8, 164, 0, 0, 8145.31, 2, 0, 0, 0.28, 734, 183, 7813.28, 20852, 20002
1693857037, 0, 8, 164, 0, 0, 8145.31, 2, 0, 0, 0.25, 735, 183, 7813.28, 20852, 20002
1693857041, 0, 8, 164, 0, 0, 8145.31, 2, 0, 0, 0.25, 736, 183, 7813.28, 20852, 20002
1693857045, 0, 8, 164, 0, 0, 8145.31, 2, 0, 0, 0.23, 737, 183, 7813.28, 20852, 20002
1693857049, 0, 8, 164, 0, 0, 8145.31, 2, 0, 0, 0.30, 738, 183, 7813.28, 20852, 20002
1693857053, 0, 8, 164, 0, 0, 8145.31, 2, 0, 0, 0.22, 739, 183, 7813.28, 20852, 20002
1693857057, 0, 8, 164, 0, 0, 8145.31, 2, 0, 0, 0.24, 740, 183, 7813.28, 20852, 20002
1693857061, 0, 8, 164, 0, 0, 8145.31, 2, 0, 0, 0.30, 741, 183, 7813.28, 20852, 20002
1693857065, 0, 8, 164, 0, 0, 8145.31, 2, 0, 0, 0.22, 742, 183, 7813.28, 20852, 20002
1693857069, 0, 8, 164, 0, 0, 8145.31, 2, 0, 0, 0.24, 743, 183, 7813.28, 20852, 20002
1693857073, 0, 8, 164, 0, 0, 8145.31, 2, 0, 0, 0.26, 744, 183, 7813.28, 20852, 20002
1693857077, 0, 8, 164, 0, 0, 8145.31, 2, 0, 0, 0.25, 745, 183, 7813.28, 20852, 20002
1693857081, 0, 8, 164, 0, 0, 8145.31, 2, 0, 0, 0.24, 746, 183, 7813.28, 20852, 20002
1693857085, 0, 8, 164, 0, 0, 8145.31, 2, 0, 0, 0.25, 747, 183, 7813.28, 20852, 20002
1693857090, 0, 8, 164, 0, 0, 8145.31, 2, 0, 0, 0.23, 748, 183, 7813.28, 20852, 20002
1693857094, 0, 8, 164, 0, 0, 8145.31, 2, 0, 0, 0.26, 749, 183, 7813.28, 20852, 20002
1693857098, 0, 8, 164, 0, 0, 8145.31, 2, 0, 0, 0.25, 750, 183, 7813.28, 20852, 20002
1693857102, 0, 8, 164, 0, 0, 8145.31, 2, 0, 0, 0.23, 751, 183, 7813.28, 20852, 20002
1693857106, 0, 8, 164, 0, 0, 8145.31, 2, 0, 0, 0.23, 752, 183, 7813.28, 20852, 20002
1693857110, 0, 8, 164, 0, 0, 8145.31, 2, 0, 0, 0.26, 753, 183, 7813.28, 20852, 20002
1693857115, 0, 8, 164, 0, 0, 8145.31, 2, 0, 0, 0.22, 754, 183, 7813.28, 20852, 20002
1693857119, 0, 8, 164, 0, 0, 8145.31, 2, 0, 0, 0.24, 755, 183, 7813.28, 20852, 20002
1693857123, 0, 8, 164, 0, 0, 8145.31, 2, 0, 0, 0.24, 756, 183, 7813.28, 20852, 20002
1693857127, 0, 8, 164, 0, 0, 8145.31, 2, 0, 0, 0.24, 757, 183, 7813.28, 20852, 20002
1693857131, 0, 8, 164, 0, 0, 8145.31, 2, 0, 0, 0.25, 758, 183, 7813.28, 20852, 20002
1693857135, 0, 8, 164, 0, 0, 8145.31, 2, 0, 0, 0.28, 759, 183, 7813.28, 20852, 20002
1693857139, 0, 8, 164, 0, 0, 8145.31, 2, 0, 0, 0.26, 760, 183, 7813.28, 20852, 20002
1693857142, 0, 8, 164, 0, 0, 8145.31, 2, 0, 0, 0.35, 761, 183, 7813.28, 20852, 20002
1693857146, 0, 8, 164, 0, 0, 8145.31, 2, 0, 0, 0.24, 762, 183, 7813.28, 20852, 20002
1693857149, 0, 8, 164, 0, 0, 8145.31, 2, 0, 0, 0.27, 763, 183, 7813.28, 20852, 20002
1693857154, 0, 8, 164, 0, 0, 8145.31, 2, 0, 0, 0.21, 764, 183, 7813.28, 20852, 20002
1693857158, 0, 8, 164, 0, 0, 8145.31, 2, 0, 0, 0.24, 765, 183, 7813.28, 20852, 20002
1693857162, 0, 8, 164, 0, 0, 8145.31, 2, 0, 0, 0.25, 766, 183, 7813.28, 20852, 20002
1693857166, 0, 8, 164, 0, 0, 8145.31, 2, 0, 0, 0.25, 767, 183, 7813.28, 20852, 20002
1693857170, 0, 8, 164, 0, 0, 8145.31, 2, 0, 0, 0.28, 768, 183, 7813.28, 20852, 20002
1693857175, 0, 8, 164, 0, 0, 8145.31, 2, 0, 0, 0.22, 769, 183, 7813.28, 20852, 20002
1693857178, 0, 8, 164, 0, 0, 8145.31, 2, 0, 0, 0.33, 770, 183, 7813.28, 20852, 20002
1693857182, 0, 8, 164, 0, 0, 8145.31, 2, 0, 0, 0.24, 771, 183, 7813.28, 20852, 20002
1693857186, 0, 8, 164, 0, 0, 8145.31, 2, 0, 0, 0.23, 772, 183, 7813.28, 20852, 20002
1693857191, 0, 8, 164, 0, 0, 8145.31, 2, 0, 0, 0.21, 773, 183, 7813.28, 20852, 20002
1693857195, 0, 8, 164, 0, 0, 8145.31, 2, 0, 0, 0.22, 774, 183, 7813.28, 20852, 20002
1693857199, 0, 8, 164, 0, 0, 8145.31, 2, 0, 0, 0.26, 775, 183, 7813.28, 20852, 20002
1693857203, 0, 8, 164, 0, 0, 8145.31, 2, 0, 0, 0.27, 776, 183, 7813.28, 20852, 20002
1693857208, 0, 8, 164, 0, 0, 8145.31, 2, 0, 0, 0.20, 777, 183, 7813.28, 20852, 20002
1693857212, 0, 8, 164, 0, 0, 8145.31, 2, 0, 0, 0.24, 778, 183, 7813.28, 20852, 20002
1693857216, 0, 8, 164, 0, 0, 8145.31, 2, 0, 0, 0.26, 779, 183, 7813.28, 20852, 20002
1693857220, 0, 8, 164, 0, 0, 8145.31, 2, 0, 0, 0.23, 780, 183, 7813.28, 20852, 20002
1693857224, 0, 8, 164, 0, 0, 8145.31, 2, 0, 0, 0.28, 781, 183, 7813.28, 20852, 20002
1693857228, 0, 8, 164, 0, 0, 8145.31, 2, 0, 0, 0.26, 782, 183, 7813.28, 20852, 20002
1693857232, 0, 8, 164, 0, 0, 8145.31, 2, 0, 0, 0.26, 783, 183, 7813.28, 20852, 20002
1693857236, 0, 8, 164, 0, 0, 8145.31, 2, 0, 0, 0.25, 784, 183, 7813.28, 20852, 20002
1693857240, 0, 8, 164, 0, 0, 8145.31, 2, 0, 0, 0.26, 785, 183, 7813.28, 20852, 20002
1693857244, 0, 8, 164, 0, 0, 8145.31, 2, 0, 0, 0.23, 786, 183, 7813.28, 20852, 20002
1693857248, 0, 8, 164, 0, 0, 8145.31, 2, 0, 0, 0.27, 787, 183, 7813.28, 20852, 20002
1693857251, 0, 8, 164, 0, 0, 8145.31, 2, 0, 0, 0.26, 788, 183, 7813.28, 20852, 20002
1693857256, 0, 8, 164, 0, 0, 8145.31, 2, 0, 0, 0.24, 789, 183, 7813.28, 20852, 20002
1693857260, 0, 8, 164, 0, 0, 8145.31, 2, 0, 0, 0.23, 790, 183, 7813.28, 20852, 20002
1693857264, 0, 8, 164, 0, 0, 8145.31, 2, 0, 0, 0.22, 791, 183, 7813.28, 20852, 20002
1693857267, 0, 8, 164, 0, 0, 8145.31, 2, 0, 0, 0.35, 792, 183, 7813.28, 20852, 20002
1693857271, 0, 8, 164, 0, 0, 8145.31, 2, 0, 0, 0.28, 793, 183, 7813.28, 20852, 20002
1693857275, 0, 8, 164, 0, 0, 8145.31, 2, 0, 0, 0.25, 794, 183, 7813.28, 20852, 20002
1693857278, 0, 8, 164, 0, 0, 8145.31, 2, 0, 0, 0.31, 795, 183, 7813.28, 20852, 20002
1693857283, 0, 8, 164, 0, 0, 8145.31, 2, 0, 0, 0.22, 796, 183, 7813.28, 20852, 20002
1693857287, 0, 8, 164, 0, 0, 8145.31, 2, 0, 0, 0.22, 797, 183, 7813.28, 20852, 20002
1693857291, 0, 8, 164, 0, 0, 8145.31, 2, 0, 0, 0.26, 798, 183, 7813.28, 20852, 20002
1693857295, 0, 8, 164, 0, 0, 8145.31, 2, 0, 0, 0.22, 799, 183, 7813.28, 20852, 20002
1693857298, 0, 8, 164, 0, 0, 8145.31, 2, 0, 0, 0.38, 800, 183, 7813.28, 20852, 20002
1693857302, 0, 8, 164, 0, 0, 8145.31, 2, 0, 0, 0.26, 801, 183, 7813.28, 20852, 20002
1693857306, 0, 8, 164, 0, 0, 8145.31, 2, 0, 0, 0.23, 802, 183, 7813.28, 20852, 20002
1693857310, 0, 8, 164, 0, 0, 8145.31, 2, 0, 0, 0.24, 803, 183, 7813.28, 20852, 20002
1693857314, 0, 8, 164, 0, 0, 8145.31, 2, 0, 0, 0.25, 804, 183, 7813.28, 20852, 20002
1693857318, 0, 8, 164, 0, 0, 8145.31, 2, 0, 0, 0.24, 805, 183, 7813.28, 20852, 20002
1693857323, 0, 8, 164, 0, 0, 8145.31, 2, 0, 0, 0.22, 806, 183, 7813.28, 20852, 20002
1693857327, 0, 8, 164, 0, 0, 8145.31, 2, 0, 0, 0.26, 807, 183, 7813.28, 20852, 20002
1693857331, 0, 8, 164, 0, 0, 8145.31, 2, 0, 0, 0.26, 808, 183, 7813.28, 20852, 20002
1693857334, 0, 8, 164, 0, 0, 8145.31, 2, 0, 0, 0.26, 809, 183, 7813.28, 20852, 20002
1693857338, 0, 8, 164, 0, 0, 8145.31, 2, 0, 0, 0.25, 810, 183, 7813.28, 20852, 20002
1693857343, 0, 8, 164, 0, 0, 8145.31, 2, 0, 0, 0.24, 811, 183, 7813.28, 20852, 20002
1693857347, 0, 8, 164, 0, 0, 8145.31, 2, 0, 0, 0.24, 812, 183, 7813.28, 20852, 20002
1693857351, 0, 8, 164, 0, 0, 8145.31, 2, 0, 0, 0.23, 813, 183, 7813.28, 20852, 20002
1693857355, 0, 8, 164, 0, 0, 8145.31, 2, 0, 0, 0.24, 814, 183, 7813.28, 20852, 20002
1693857360, 0, 8, 164, 0, 0, 8145.31, 2, 0, 0, 0.21, 815, 183, 7813.28, 20852, 20002
1693857364, 0, 8, 164, 0, 0, 8145.31, 2, 0, 0, 0.25, 816, 183, 7813.28, 20852, 20002
1693857367, 0, 8, 164, 0, 0, 8145.31, 2, 0, 0, 0.30, 817, 183, 7813.28, 20852, 20002
1693857372, 0, 8, 164, 0, 0, 8145.31, 2, 0, 0, 0.19, 818, 183, 7813.28, 20852, 20002
1693857377, 0, 8, 164, 0, 0, 8145.31, 2, 0, 0, 0.21, 819, 183, 7813.28, 20852, 20002
1693857381, 0, 8, 164, 0, 0, 8145.31, 2, 0, 0, 0.27, 820, 183, 7813.28, 20852, 20002
1693857385, 0, 8, 164, 0, 0, 8145.31, 2, 0, 0, 0.24, 821, 183, 7813.28, 20852, 20002
1693857390, 0, 8, 164, 0, 0, 8145.31, 2, 0, 0, 0.21, 822, 183, 7813.28, 20852, 20002
1693857394, 0, 8, 164, 0, 0, 8145.31, 2, 0, 0, 0.22, 823, 183, 7813.28, 20852, 20002
1693857399, 0, 8, 164, 0, 0, 8145.31, 2, 0, 0, 0.22, 824, 183, 7813.28, 20852, 20002
1693857403, 0, 8, 164, 0, 0, 8145.31, 2, 0, 0, 0.23, 825, 183, 7813.28, 20852, 20002
1693857407, 0, 8, 164, 0, 0, 8145.31, 2, 0, 0, 0.25, 826, 183, 7813.28, 20852, 20002
1693857411, 0, 8, 164, 0, 0, 8145.31, 2, 0, 0, 0.24, 827, 183, 7813.28, 20852, 20002
1693857415, 0, 8, 164, 0, 0, 8145.31, 2, 0, 0, 0.25, 828, 183, 7813.28, 20852, 20002
1693857419, 0, 8, 164, 0, 0, 8145.31, 2, 0, 0, 0.25, 829, 183, 7813.28, 20852, 20002
1693857423, 0, 8, 164, 0, 0, 8145.31, 2, 0, 0, 0.28, 830, 183, 7813.28, 20852, 20002
1693857428, 0, 8, 164, 0, 0, 8145.31, 2, 0, 0, 0.22, 831, 183, 7813.28, 20852, 20002
1693857432, 0, 8, 164, 0, 0, 8145.31, 2, 0, 0, 0.24, 832, 183, 7813.28, 20852, 20002
1693857436, 0, 8, 164, 0, 0, 8145.31, 2, 0, 0, 0.24, 833, 183, 7813.28, 20852, 20002
1693857441, 0, 8, 164, 0, 0, 8145.31, 2, 0, 0, 0.21, 834, 183, 7813.28, 20852, 20002
1693857444, 0, 8, 164, 0, 0, 8145.31, 2, 0, 0, 0.29, 835, 183, 7813.28, 20852, 20002
1693857448, 0, 8, 164, 0, 0, 8145.31, 2, 0, 0, 0.26, 836, 183, 7813.28, 20852, 20002
1693857452, 0, 8, 164, 0, 0, 8145.31, 2, 0, 0, 0.23, 837, 183, 7813.28, 20852, 20002
1693857457, 0, 8, 164, 0, 0, 8145.31, 2, 0, 0, 0.24, 838, 183, 7813.28, 20852, 20002
1693857461, 0, 8, 164, 0, 0, 8145.31, 2, 0, 0, 0.26, 839, 183, 7813.28, 20852, 20002
1693857465, 0, 8, 164, 0, 0, 8145.31, 2, 0, 0, 0.25, 840, 183, 7813.28, 20852, 20002
1693857468, 0, 8, 164, 0, 0, 8145.31, 2, 0, 0, 0.29, 841, 183, 7813.28, 20852, 20002
1693857472, 0, 8, 164, 0, 0, 8145.31, 2, 0, 0, 0.28, 842, 183, 7813.28, 20852, 20002
1693857476, 0, 8, 164, 0, 0, 8145.31, 2, 0, 0, 0.23, 843, 183, 7813.28, 20852, 20002
1693857480, 0, 8, 164, 0, 0, 8145.31, 2, 0, 0, 0.25, 844, 183, 7813.28, 20852, 20002
1693857484, 0, 8, 164, 0, 0, 8145.31, 2, 0, 0, 0.24, 845, 183, 7813.28, 20852, 20002
1693857488, 0, 8, 164, 0, 0, 8145.31, 2, 0, 0, 0.23, 846, 183, 7813.28, 20852, 20002
1693857492, 0, 8, 164, 0, 0, 8145.31, 2, 0, 0, 0.25, 847, 183, 7813.28, 20852, 20002
1693857497, 0, 8, 164, 0, 0, 8145.31, 2, 0, 0, 0.23, 848, 183, 7813.28, 20852, 20002
1693857501, 0, 8, 164, 0, 0, 8145.31, 2, 0, 0, 0.23, 849, 183, 7813.28, 20852, 20002
1693857506, 0, 8, 164, 0, 0, 8145.31, 2, 0, 0, 0.21, 850, 183, 7813.28, 20852, 20002
1693857509, 0, 8, 164, 0, 0, 8145.31, 2, 0, 0, 0.28, 851, 183, 7813.28, 20852, 20002
1693857514, 0, 8, 164, 0, 0, 8145.31, 2, 0, 0, 0.23, 852, 183, 7813.28, 20852, 20002
1693857519, 0, 8, 164, 0, 0, 8145.31, 2, 0, 0, 0.20, 853, 183, 7813.28, 20852, 20002
1693857523, 0, 8, 164, 0, 0, 8145.31, 2, 0, 0, 0.24, 854, 183, 7813.28, 20852, 20002
1693857527, 0, 8, 165, 0, 0, 8145.31, 2, 0, 0, 0.24, 855, 183, 7813.28, 20852, 20002
1693857531, 0, 8, 165, 0, 0, 8145.31, 2, 0, 0, 0.26, 856, 183, 7813.28, 20852, 20002
1693857535, 0, 8, 166, 0, 0, 8145.31, 2, 0, 0, 0.24, 857, 183, 7813.28, 20852, 20002
1693857539, 0, 8, 166, 0, 0, 8145.31, 2, 0, 0, 0.27, 858, 183, 7813.28, 20852, 20002
1693857543, 0, 8, 166, 0, 0, 8145.31, 2, 0, 0, 0.24, 859, 183, 7813.28, 20852, 20002
1693857547, 0, 8, 166, 0, 0, 8145.31, 2, 0, 0, 0.28, 860, 183, 7813.28, 20852, 20002
1693857550, 0, 8, 166, 0, 0, 8145.31, 2, 0, 0, 0.27, 861, 183, 7813.28, 20852, 20002
1693857554, 0, 8, 166, 0, 0, 8145.31, 2, 0, 0, 0.26, 862, 183, 7813.28, 20852, 20002
1693857558, 0, 8, 166, 0, 0, 8145.31, 2, 0, 0, 0.24, 863, 183, 7813.28, 20852, 20002
1693857562, 0, 8, 166, 0, 0, 8145.31, 2, 0, 0, 0.29, 864, 183, 7813.28, 20852, 20002
1693857565, 0, 8, 166, 0, 0, 8145.31, 2, 0, 0, 0.28, 865, 183, 7813.28, 20852, 20002
1693857570, 0, 8, 166, 0, 0, 8145.31, 2, 0, 0, 0.24, 866, 183, 7813.28, 20852, 20002
1693857574, 0, 8, 166, 0, 0, 8145.31, 2, 0, 0, 0.24, 867, 183, 7813.28, 20852, 20002
1693857578, 0, 8, 166, 0, 0, 8145.31, 2, 0, 0, 0.23, 868, 183, 7813.28, 20852, 20002
1693857582, 0, 8, 166, 0, 0, 8145.31, 2, 0, 0, 0.26, 869, 183, 7813.28, 20852, 20002
1693857586, 0, 8, 166, 0, 0, 8145.31, 2, 0, 0, 0.26, 870, 183, 7813.28, 20852, 20002
1693857589, 0, 8, 166, 0, 0, 8145.31, 2, 0, 0, 0.30, 871, 183, 7813.28, 20852, 20002
1693857594, 0, 8, 166, 0, 0, 8145.31, 2, 0, 0, 0.22, 872, 183, 7813.28, 20852, 20002
1693857598, 0, 8, 166, 0, 0, 8145.31, 2, 0, 0, 0.25, 873, 183, 7813.28, 20852, 20002
1693857601, 0, 8, 166, 0, 0, 8145.31, 2, 0, 0, 0.28, 874, 183, 7813.28, 20852, 20002
1693857605, 0, 8, 166, 0, 0, 8145.31, 2, 0, 0, 0.23, 875, 183, 7813.28, 20852, 20002
1693857610, 0, 8, 166, 0, 0, 8145.31, 2, 0, 0, 0.23, 876, 183, 7813.28, 20852, 20002
1693857614, 0, 8, 166, 0, 0, 8145.31, 2, 0, 0, 0.24, 877, 183, 7813.28, 20852, 20002
1693857617, 0, 8, 166, 0, 0, 8145.31, 2, 0, 0, 0.38, 878, 183, 7813.28, 20852, 20002
1693857621, 0, 8, 166, 0, 0, 8145.31, 2, 0, 0, 0.22, 879, 183, 7813.28, 20852, 20002
1693857626, 0, 8, 166, 0, 0, 8145.31, 2, 0, 0, 0.22, 880, 183, 7813.28, 20852, 20002
1693857630, 0, 8, 166, 0, 0, 8145.31, 2, 0, 0, 0.23, 881, 183, 7813.28, 20852, 20002
1693857634, 0, 8, 166, 0, 0, 8145.31, 2, 0, 0, 0.24, 882, 183, 7813.28, 20852, 20002
1693857638, 0, 8, 166, 0, 0, 8145.31, 2, 0, 0, 0.24, 883, 183, 7813.28, 20852, 20002
1693857642, 0, 8, 166, 0, 0, 8145.31, 2, 0, 0, 0.24, 884, 183, 7813.28, 20852, 20002
1693857647, 0, 8, 166, 0, 0, 8145.31, 2, 0, 0, 0.23, 885, 183, 7813.28, 20852, 20002
1693857651, 0, 8, 166, 0, 0, 8145.31, 2, 0, 0, 0.24, 886, 183, 7813.28, 20852, 20002
1693857655, 0, 8, 166, 0, 0, 8145.31, 2, 0, 0, 0.23, 887, 183, 7813.28, 20852, 20002
1693857660, 0, 8, 167, 0, 0, 8145.31, 2, 0, 0, 0.23, 888, 183, 7813.28, 20852, 20002
1693857664, 0, 8, 167, 0, 0, 8145.31, 2, 0, 0, 0.22, 889, 183, 7813.28, 20852, 20002
1693857667, 0, 8, 167, 0, 0, 8145.31, 2, 0, 0, 0.29, 890, 183, 7813.28, 20852, 20002
1693857672, 0, 8, 168, 0, 0, 8145.31, 2, 0, 0, 0.24, 891, 183, 7813.28, 20852, 20002
1693857676, 0, 8, 168, 0, 0, 8145.31, 2, 0, 0, 0.23, 892, 183, 7813.28, 20852, 20002
1693857680, 0, 8, 168, 0, 0, 8145.31, 2, 0, 0, 0.28, 893, 183, 7813.28, 20852, 20002
1693857683, 0, 8, 168, 0, 0, 8145.31, 2, 0, 0, 0.26, 894, 183, 7813.28, 20852, 20002
1693857688, 0, 8, 168, 0, 0, 8145.31, 2, 0, 0, 0.24, 895, 183, 7813.28, 20852, 20002
1693857692, 0, 8, 168, 0, 0, 8145.31, 2, 0, 0, 0.24, 896, 183, 7813.28, 20852, 20002
1693857695, 0, 8, 168, 0, 0, 8145.31, 2, 0, 0, 0.31, 897, 183, 7813.28, 20852, 20002
1693857699, 0, 8, 169, 0, 0, 8145.31, 2, 0, 0, 0.23, 898, 183, 7813.28, 20852, 20002
1693857704, 0, 8, 169, 0, 0, 8145.31, 2, 0, 0, 0.23, 899, 183, 7813.28, 20852, 20002
1693857709, 0, 8, 170, 0, 0, 8145.31, 2, 0, 0, 0.20, 900, 183, 7813.28, 20852, 20002
1693857714, 0, 8, 170, 0, 0, 8145.31, 2, 0, 0, 0.20, 901, 183, 7813.28, 20852, 20002
1693857718, 0, 8, 170, 0, 0, 8145.31, 2, 0, 0, 0.22, 902, 183, 7813.28, 20852, 20002
1693857723, 0, 8, 170, 0, 0, 8145.31, 2, 0, 0, 0.23, 903, 183, 7813.28, 20852, 20002
1693857727, 0, 8, 171, 0, 0, 8145.31, 2, 0, 0, 0.21, 904, 183, 7813.28, 20852, 20002
1693857731, 0, 8, 172, 0, 0, 8145.31, 2, 0, 0, 0.25, 905, 183, 7813.28, 20852, 20002
1693857736, 0, 8, 172, 0, 0, 8145.31, 2, 0, 0, 0.24, 906, 183, 7813.28, 20852, 20002
1693857740, 0, 8, 172, 0, 0, 8145.31, 2, 0, 0, 0.22, 907, 183, 7813.28, 20852, 20002
1693857745, 0, 8, 172, 0, 0, 8145.31, 2, 0, 0, 0.23, 908, 183, 7813.28, 20852, 20002
1693857749, 0, 8, 172, 0, 0, 8145.31, 2, 0, 0, 0.23, 909, 183, 7813.28, 20852, 20002
1693857752, 0, 8, 172, 0, 0, 8145.31, 2, 0, 0, 0.31, 910, 183, 7813.28, 20852, 20002
1693857756, 0, 8, 172, 0, 0, 8145.31, 2, 0, 0, 0.23, 911, 183, 7813.28, 20852, 20002
1693857761, 0, 8, 172, 0, 0, 8145.31, 2, 0, 0, 0.24, 912, 183, 7813.28, 20852, 20002
1693857763, 0, 8, 172, 0, 0, 8145.31, 2, 0, 0, 0.35, 913, 183, 7813.28, 20852, 20002
1693857767, 0, 8, 172, 0, 0, 8145.31, 2, 0, 0, 0.27, 914, 183, 7813.28, 20852, 20002
1693857772, 0, 8, 172, 0, 0, 8145.31, 2, 0, 0, 0.21, 915, 183, 7813.28, 20852, 20002
1693857775, 0, 8, 172, 0, 0, 8145.31, 2, 0, 0, 0.27, 916, 183, 7813.28, 20852, 20002
1693857780, 0, 8, 172, 0, 0, 8145.31, 2, 0, 0, 0.22, 917, 183, 7813.28, 20852, 20002
1693857784, 0, 8, 172, 0, 0, 8145.31, 2, 0, 0, 0.23, 918, 183, 7813.28, 20852, 20002
1693857788, 0, 8, 172, 0, 0, 8145.31, 2, 0, 0, 0.24, 919, 183, 7813.28, 20852, 20002
1693857793, 0, 8, 172, 0, 0, 8145.31, 2, 0, 0, 0.22, 920, 183, 7813.28, 20852, 20002
1693857798, 0, 8, 172, 0, 0, 8145.31, 2, 0, 0, 0.22, 921, 183, 7813.28, 20852, 20002
1693857802, 0, 8, 172, 0, 0, 8145.31, 2, 0, 0, 0.24, 922, 183, 7813.28, 20852, 20002
1693857807, 0, 8, 172, 0, 0, 8145.31, 2, 0, 0, 0.20, 923, 183, 7813.28, 20852, 20002
1693857811, 0, 8, 172, 0, 0, 8145.31, 2, 0, 0, 0.23, 924, 183, 7813.28, 20852, 20002
1693857816, 0, 8, 172, 0, 0, 8145.31, 2, 0, 0, 0.22, 925, 183, 7813.28, 20852, 20002
1693857820, 0, 8, 172, 0, 0, 8145.31, 2, 0, 0, 0.23, 926, 183, 7813.28, 20852, 20002
1693857825, 0, 8, 172, 0, 0, 8145.31, 2, 0, 0, 0.20, 927, 183, 7813.28, 20852, 20002
1693857829, 0, 8, 172, 0, 0, 8145.31, 2, 0, 0, 0.23, 928, 183, 7813.28, 20852, 20002
1693857834, 0, 8, 172, 0, 0, 8145.31, 2, 0, 0, 0.23, 929, 183, 7813.28, 20852, 20002
1693857838, 0, 8, 172, 0, 0, 8145.31, 2, 0, 0, 0.21, 930, 183, 7813.28, 20852, 20002
1693857842, 0, 8, 172, 0, 0, 8145.31, 2, 0, 0, 0.26, 931, 183, 7813.28, 20852, 20002
1693857846, 0, 8, 172, 0, 0, 8145.31, 2, 0, 0, 0.24, 932, 183, 7813.28, 20852, 20002
1693857850, 0, 8, 172, 0, 0, 8145.31, 2, 0, 0, 0.25, 933, 183, 7813.28, 20852, 20002
1693857854, 0, 8, 172, 0, 0, 8145.31, 2, 0, 0, 0.26, 934, 183, 7813.28, 20852, 20002
1693857858, 0, 8, 172, 0, 0, 8145.31, 2, 0, 0, 0.26, 935, 183, 7813.28, 20852, 20002
1693857863, 0, 8, 172, 0, 0, 8145.31, 2, 0, 0, 0.23, 936, 183, 7813.28, 20852, 20002
1693857868, 0, 8, 172, 0, 0, 8145.31, 2, 0, 0, 0.19, 937, 183, 7813.28, 20852, 20002
1693857872, 0, 8, 172, 0, 0, 8145.31, 2, 0, 0, 0.24, 938, 183, 7813.28, 20852, 20002
1693857876, 0, 8, 172, 0, 0, 8145.31, 2, 0, 0, 0.23, 939, 183, 7813.28, 20852, 20002
1693857880, 0, 8, 172, 0, 0, 8145.31, 2, 0, 0, 0.26, 940, 183, 7813.28, 20852, 20002
1693857885, 0, 8, 172, 0, 0, 8145.31, 2, 0, 0, 0.23, 941, 183, 7813.28, 20852, 20002
1693857889, 0, 8, 172, 0, 0, 8145.31, 2, 0, 0, 0.24, 942, 183, 7813.28, 20852, 20002
1693857893, 0, 8, 172, 0, 0, 8145.31, 2, 0, 0, 0.25, 943, 183, 7813.28, 20852, 20002
1693857897, 0, 8, 172, 0, 0, 8145.31, 2, 0, 0, 0.24, 944, 183, 7813.28, 20852, 20002
1693857902, 0, 8, 172, 0, 0, 8145.31, 2, 0, 0, 0.21, 945, 183, 7813.28, 20852, 20002
1693857907, 0, 8, 172, 0, 0, 8145.31, 2, 0, 0, 0.19, 946, 183, 7813.28, 20852, 20002
1693857912, 0, 8, 172, 0, 0, 8145.31, 2, 0, 0, 0.22, 947, 183, 7813.28, 20852, 20002
1693857916, 0, 8, 172, 0, 0, 8145.31, 2, 0, 0, 0.23, 948, 183, 7813.28, 20852, 20002
1693857920, 0, 8, 172, 0, 0, 8145.31, 2, 0, 0, 0.24, 949, 183, 7813.28, 20852, 20002
1693857924, 0, 8, 172, 0, 0, 8145.31, 2, 0, 0, 0.27, 950, 183, 7813.28, 20852, 20002
1693857928, 0, 8, 172, 0, 0, 8145.31, 2, 0, 0, 0.24, 951, 183, 7813.28, 20852, 20002
1693857933, 0, 8, 172, 0, 0, 8145.31, 2, 0, 0, 0.21, 952, 183, 7813.28, 20852, 20002
1693857937, 0, 8, 172, 0, 0, 8145.31, 2, 0, 0, 0.23, 953, 183, 7813.28, 20852, 20002
1693857941, 0, 8, 172, 0, 0, 8145.31, 2, 0, 0, 0.25, 954, 183, 7813.28, 20852, 20002
1693857946, 0, 8, 172, 0, 0, 8145.31, 2, 0, 0, 0.21, 955, 183, 7813.28, 20852, 20002
1693857951, 0, 8, 172, 0, 0, 8145.31, 2, 0, 0, 0.21, 956, 183, 7813.28, 20852, 20002
1693857955, 0, 8, 172, 0, 0, 8145.31, 2, 0, 0, 0.23, 957, 183, 7813.28, 20852, 20002
1693857960, 0, 8, 172, 0, 0, 8145.31, 2, 0, 0, 0.20, 958, 183, 7813.28, 20852, 20002
1693857965, 0, 8, 172, 0, 0, 8145.31, 2, 0, 0, 0.21, 959, 183, 7813.28, 20852, 20002
1693857969, 0, 8, 172, 0, 0, 8145.31, 2, 0, 0, 0.25, 960, 183, 7813.28, 20852, 20002
1693857973, 0, 8, 172, 0, 0, 8145.31, 2, 0, 0, 0.22, 961, 183, 7813.28, 20852, 20002
1693857978, 0, 8, 172, 0, 0, 8145.31, 2, 0, 0, 0.22, 962, 183, 7813.28, 20852, 20002
1693857982, 0, 8, 172, 0, 0, 8145.31, 2, 0, 0, 0.23, 963, 183, 7813.28, 20852, 20002
1693857987, 0, 8, 172, 0, 0, 8145.31, 2, 0, 0, 0.21, 964, 183, 7813.28, 20852, 20002
1693857991, 0, 8, 172, 0, 0, 8145.31, 2, 0, 0, 0.27, 965, 183, 7813.28, 20852, 20002
1693857994, 0, 8, 172, 0, 0, 8145.31, 2, 0, 0, 0.27, 966, 183, 7813.28, 20852, 20002
1693857999, 0, 8, 172, 0, 0, 8145.31, 2, 0, 0, 0.23, 967, 183, 7813.28, 20852, 20002
1693858004, 0, 8, 172, 0, 0, 8145.31, 2, 0, 0, 0.18, 968, 183, 7813.28, 20852, 20002
1693858008, 0, 8, 172, 0, 0, 8145.31, 2, 0, 0, 0.25, 969, 183, 7813.28, 20852, 20002
1693858013, 0, 8, 172, 0, 0, 8145.31, 2, 0, 0, 0.22, 970, 183, 7813.28, 20852, 20002
1693858018, 0, 8, 172, 0, 0, 8145.31, 2, 0, 0, 0.20, 971, 183, 7813.28, 20852, 20002
1693858022, 0, 8, 172, 0, 0, 8145.31, 2, 0, 0, 0.25, 972, 183, 7813.28, 20852, 20002
1693858027, 0, 8, 172, 0, 0, 8145.31, 2, 0, 0, 0.22, 973, 183, 7813.28, 20852, 20002
1693858031, 0, 8, 172, 0, 0, 8145.31, 2, 0, 0, 0.22, 974, 183, 7813.28, 20852, 20002
1693858035, 0, 8, 172, 0, 0, 8145.31, 2, 0, 0, 0.26, 975, 183, 7813.28, 20852, 20002
1693858040, 0, 8, 172, 0, 0, 8145.31, 2, 0, 0, 0.21, 976, 183, 7813.28, 20852, 20002
1693858044, 0, 8, 172, 0, 0, 8145.31, 2, 0, 0, 0.21, 977, 183, 7813.28, 20852, 20002
1693858049, 0, 8, 172, 0, 0, 8145.31, 2, 0, 0, 0.23, 978, 183, 7813.28, 20852, 20002
1693858053, 0, 8, 172, 0, 0, 8145.31, 2, 0, 0, 0.25, 979, 183, 7813.28, 20852, 20002
1693858057, 0, 8, 172, 0, 0, 8145.31, 2, 0, 0, 0.24, 980, 183, 7813.28, 20852, 20002
1693858061, 0, 8, 172, 0, 0, 8145.31, 2, 0, 0, 0.23, 981, 183, 7813.28, 20852, 20002
1693858065, 0, 8, 172, 0, 0, 8145.31, 2, 0, 0, 0.23, 982, 183, 7813.28, 20852, 20002
1693858070, 0, 8, 172, 0, 0, 8145.31, 2, 0, 0, 0.23, 983, 183, 7813.28, 20852, 20002
1693858075, 0, 8, 172, 0, 0, 8145.31, 2, 0, 0, 0.19, 984, 183, 7813.28, 20852, 20002
1693858079, 0, 8, 172, 0, 0, 8145.31, 2, 0, 0, 0.25, 985, 183, 7813.28, 20852, 20002
1693858084, 0, 8, 172, 0, 0, 8145.31, 2, 0, 0, 0.21, 986, 183, 7813.28, 20852, 20002
1693858088, 0, 8, 172, 0, 0, 8145.31, 2, 0, 0, 0.23, 987, 183, 7813.28, 20852, 20002
1693858092, 0, 8, 172, 0, 0, 8145.31, 2, 0, 0, 0.25, 988, 183, 7813.28, 20852, 20002
1693858096, 0, 8, 172, 0, 0, 8145.31, 2, 0, 0, 0.23, 989, 183, 7813.28, 20852, 20002
1693858101, 0, 8, 172, 0, 0, 8145.31, 2, 0, 0, 0.21, 990, 183, 7813.28, 20852, 20002
1693858107, 0, 8, 172, 0, 0, 8145.31, 2, 0, 0, 0.16, 991, 183, 7813.28, 20852, 20002
1693858112, 0, 8, 172, 0, 0, 8145.31, 2, 0, 0, 0.21, 992, 183, 7813.28, 20852, 20002
1693858117, 0, 8, 172, 0, 0, 8145.31, 2, 0, 0, 0.22, 993, 183, 7813.28, 20852, 20002
1693858121, 0, 8, 172, 0, 0, 8145.31, 2, 0, 0, 0.23, 994, 183, 7813.28, 20852, 20002
1693858125, 0, 8, 172, 0, 0, 8145.31, 2, 0, 0, 0.23, 995, 183, 7813.28, 20852, 20002
1693858129, 0, 8, 172, 0, 0, 8145.31, 2, 0, 0, 0.25, 996, 183, 7813.28, 20852, 20002
1693858134, 0, 8, 172, 0, 0, 8145.31, 2, 0, 0, 0.23, 997, 183, 7813.28, 20852, 20002
1693858138, 0, 8, 172, 0, 0, 8145.31, 2, 0, 0, 0.22, 998, 183, 7813.28, 20852, 20002
1693858143, 0, 8, 172, 0, 0, 8145.31, 2, 0, 0, 0.23, 999, 183, 7813.28, 20852, 20002
1693858147, 0, 8, 172, 0, 0, 8145.31, 2, 0, 0, 0.24, 1000, 183, 7813.28, 20852, 20002
1693858151, 0, 8, 172, 0, 0, 8145.31, 2, 0, 0, 0.22, 1001, 183, 7813.28, 20852, 20002
1693858156, 0, 8, 172, 0, 0, 8145.31, 2, 0, 0, 0.22, 1002, 183, 7813.28, 20852, 20002
1693858160, 0, 8, 172, 0, 0, 8145.31, 2, 0, 0, 0.24, 1003, 183, 7813.28, 20852, 20002
1693858165, 0, 8, 172, 0, 0, 8145.31, 2, 0, 0, 0.20, 1004, 183, 7813.28, 20852, 20002
1693858170, 0, 8, 172, 0, 0, 8145.31, 2, 0, 0, 0.22, 1005, 183, 7813.28, 20852, 20002
1693858175, 0, 8, 172, 0, 0, 8145.31, 2, 0, 0, 0.19, 1006, 183, 7813.28, 20852, 20002
1693858179, 0, 8, 172, 0, 0, 8145.31, 2, 0, 0, 0.24, 1007, 183, 7813.28, 20852, 20002
1693858183, 0, 8, 172, 0, 0, 8145.31, 2, 0, 0, 0.24, 1008, 183, 7813.28, 20852, 20002
1693858188, 0, 8, 172, 0, 0, 8145.31, 2, 0, 0, 0.21, 1009, 183, 7813.28, 20852, 20002
1693858192, 0, 8, 172, 0, 0, 8145.31, 2, 0, 0, 0.22, 1010, 183, 7813.28, 20852, 20002
1693858197, 0, 8, 172, 0, 0, 8145.31, 2, 0, 0, 0.21, 1011, 183, 7813.28, 20852, 20002
1693858201, 0, 8, 172, 0, 0, 8145.31, 2, 0, 0, 0.23, 1012, 183, 7813.28, 20852, 20002
1693858206, 0, 8, 172, 0, 0, 8145.31, 2, 0, 0, 0.21, 1013, 183, 7813.28, 20852, 20002
1693858211, 0, 8, 172, 0, 0, 8145.31, 2, 0, 0, 0.22, 1014, 183, 7813.28, 20852, 20002
1693858214, 0, 8, 172, 0, 0, 8145.31, 2, 0, 0, 0.29, 1015, 183, 7813.28, 20852, 20002
1693858219, 0, 8, 172, 0, 0, 8145.31, 2, 0, 0, 0.22, 1016, 183, 7813.28, 20852, 20002
1693858223, 0, 8, 172, 0, 0, 8145.31, 2, 0, 0, 0.22, 1017, 183, 7813.28, 20852, 20002
1693858228, 0, 8, 172, 0, 0, 8145.31, 2, 0, 0, 0.24, 1018, 183, 7813.28, 20852, 20002
1693858232, 0, 8, 172, 0, 0, 8145.31, 2, 0, 0, 0.22, 1019, 183, 7813.28, 20852, 20002
1693858237, 0, 8, 172, 0, 0, 8145.31, 2, 0, 0, 0.21, 1020, 183, 7813.28, 20852, 20002
1693858241, 0, 8, 172, 0, 0, 8145.31, 2, 0, 0, 0.24, 1021, 183, 7813.28, 20852, 20002
1693858246, 0, 8, 172, 0, 0, 8145.31, 2, 0, 0, 0.21, 1022, 183, 7813.28, 20852, 20002
1693858251, 0, 8, 172, 0, 0, 8145.31, 2, 0, 0, 0.21, 1023, 183, 7813.28, 20852, 20002
1693858255, 0, 8, 172, 0, 0, 8145.31, 2, 0, 0, 0.24, 1024, 183, 7813.28, 20852, 20002
1693858260, 0, 8, 172, 0, 0, 8145.31, 2, 0, 0, 0.20, 1025, 183, 7813.28, 20852, 20002
1693858264, 0, 8, 172, 0, 0, 8145.31, 2, 0, 0, 0.22, 1026, 183, 7813.28, 20852, 20002
1693858269, 0, 8, 172, 0, 0, 8145.31, 2, 0, 0, 0.22, 1027, 183, 7813.28, 20852, 20002
1693858274, 0, 8, 172, 0, 0, 8145.31, 2, 0, 0, 0.22, 1028, 183, 7813.28, 20852, 20002
1693858278, 0, 8, 172, 0, 0, 8145.31, 2, 0, 0, 0.21, 1029, 183, 7813.28, 20852, 20002
1693858282, 0, 8, 172, 0, 0, 8145.31, 2, 0, 0, 0.25, 1030, 183, 7813.28, 20852, 20002
1693858287, 0, 8, 172, 0, 0, 8145.31, 2, 0, 0, 0.20, 1031, 183, 7813.28, 20852, 20002
1693858292, 0, 8, 172, 0, 0, 8145.31, 2, 0, 0, 0.23, 1032, 183, 7813.28, 20852, 20002
1693858296, 0, 8, 172, 0, 0, 8145.31, 2, 0, 0, 0.23, 1033, 183, 7813.28, 20852, 20002
1693858301, 0, 8, 172, 0, 0, 8145.31, 2, 0, 0, 0.19, 1034, 183, 7813.28, 20852, 20002
1693858305, 0, 8, 173, 0, 0, 8145.31, 2, 0, 0, 0.24, 1035, 183, 7813.28, 20852, 20002
1693858310, 0, 8, 173, 0, 0, 8145.31, 2, 0, 0, 0.23, 1036, 183, 7813.28, 20852, 20002
1693858314, 0, 8, 173, 0, 0, 8145.31, 2, 0, 0, 0.24, 1037, 183, 7813.28, 20852, 20002
1693858318, 0, 8, 173, 0, 0, 8145.31, 2, 0, 0, 0.21, 1038, 183, 7813.28, 20852, 20002
1693858323, 0, 8, 173, 0, 0, 8145.31, 2, 0, 0, 0.23, 1039, 183, 7813.28, 20852, 20002
1693858327, 0, 8, 173, 0, 0, 8145.31, 2, 0, 0, 0.22, 1040, 183, 7813.28, 20852, 20002
1693858332, 0, 8, 173, 0, 0, 8145.31, 2, 0, 0, 0.23, 1041, 183, 7813.28, 20852, 20002
1693858336, 0, 8, 173, 0, 0, 8145.31, 2, 0, 0, 0.24, 1042, 183, 7813.28, 20852, 20002
1693858339, 0, 8, 173, 0, 0, 8145.31, 2, 0, 0, 0.26, 1043, 183, 7813.28, 20852, 20002
1693858345, 0, 8, 173, 0, 0, 8145.31, 2, 0, 0, 0.19, 1044, 183, 7813.28, 20852, 20002
1693858349, 0, 8, 173, 0, 0, 8145.31, 2, 0, 0, 0.23, 1045, 183, 7813.28, 20852, 20002
1693858353, 0, 8, 173, 0, 0, 8145.31, 2, 0, 0, 0.25, 1046, 183, 7813.28, 20852, 20002
1693858357, 0, 8, 173, 0, 0, 8145.31, 2, 0, 0, 0.22, 1047, 183, 7813.28, 20852, 20002
1693858362, 0, 8, 173, 0, 0, 8145.31, 2, 0, 0, 0.23, 1048, 183, 7813.28, 20852, 20002
1693858366, 0, 8, 173, 0, 0, 8145.31, 2, 0, 0, 0.22, 1049, 183, 7813.28, 20852, 20002
1693858372, 0, 8, 173, 0, 0, 8145.31, 2, 0, 0, 0.19, 1050, 183, 7813.28, 20852, 20002
1693858376, 0, 8, 173, 0, 0, 8145.31, 2, 0, 0, 0.24, 1051, 183, 7813.28, 20852, 20002
1693858380, 0, 8, 173, 0, 0, 8145.31, 2, 0, 0, 0.23, 1052, 183, 7813.28, 20852, 20002
1693858385, 0, 8, 173, 0, 0, 8145.31, 2, 0, 0, 0.22, 1053, 183, 7813.28, 20852, 20002
1693858389, 0, 8, 173, 0, 0, 8145.31, 2, 0, 0, 0.21, 1054, 183, 7813.28, 20852, 20002
1693858393, 0, 8, 173, 0, 0, 8145.31, 2, 0, 0, 0.26, 1055, 183, 7813.28, 20852, 20002
1693858398, 0, 8, 173, 0, 0, 8145.31, 2, 0, 0, 0.22, 1056, 183, 7813.28, 20852, 20002
1693858403, 0, 8, 173, 0, 0, 8145.31, 2, 0, 0, 0.20, 1057, 183, 7813.28, 20852, 20002
1693858407, 0, 8, 173, 0, 0, 8145.31, 2, 0, 0, 0.23, 1058, 183, 7813.28, 20852, 20002
1693858408, 0, 9, 175, 0, 0, 8146.48, 2, 0, 0, 3.30, 1059, 184, 7813.67, 20855, 20003
1693858408, 0, 9, 175, 0, 0, 8146.48, 2, 0, 0, 3.44, 1060, 185, 7813.67, 20855, 20003
1693858414, 0, 9, 176, 0, 0, 8146.48, 2, 0, 0, 0.34, 1062, 185, 7813.67, 20855, 20003
1693858415, 0, 9, 176, 0, 0, 8146.48, 2, 0, 0, 2.68, 1062, 186, 7813.67, 20855, 20003
1693858415, 0, 9, 177, 0, 0, 8157.81, 2, 0, 0, 3.14, 1063, 187, 7825.00, 20884, 20032
1693858416, 0, 9, 177, 0, 0, 8157.81, 2, 0, 0, 5.35, 1064, 188, 7825.00, 20884, 20032
1693858421, 0, 9, 177, 0, 0, 8157.81, 2, 0, 0, 0.18, 1065, 188, 7825.00, 20884, 20032
1693858427, 0, 9, 178, 0, 0, 8158.20, 2, 0, 0, 0.18, 1066, 188, 7825.39, 20885, 20033
1693858427, 0, 9, 178, 0, 0, 8158.20, 2, 0, 0, 3.75, 1068, 188, 7825.39, 20885, 20033
1693858428, 0, 9, 179, 0, 0, 8158.98, 2, 0, 0, 3.55, 1069, 189, 7826.17, 20887, 20035
1693858428, 0, 9, 179, 0, 0, 8158.98, 2, 0, 0, 2.92, 1069, 190, 7826.17, 20887, 20035
1693858428, 0, 9, 179, 0, 0, 8158.98, 2, 0, 0, 3.15, 1070, 190, 7826.17, 20887, 20035
1693858429, 0, 9, 180, 0, 0, 8159.77, 2, 0, 0, 3.30, 1070, 191, 7826.17, 20889, 20035
1693858429, 0, 9, 180, 0, 0, 8159.77, 2, 0, 0, 2.99, 1070, 192, 7826.17, 20889, 20035
1693858430, 0, 9, 180, 0, 0, 8159.77, 2, 0, 0, 3.52, 1071, 193, 7826.17, 20889, 20035
1693858430, 0, 9, 180, 0, 0, 8159.77, 2, 0, 0, 2.67, 1072, 193, 7826.17, 20889, 20035
1693858430, 0, 9, 180, 0, 0, 8159.77, 2, 0, 0, 4.76, 1073, 194, 7826.17, 20889, 20035
1693858436, 0, 9, 181, 0, 0, 8159.77, 2, 0, 0, 0.36, 1075, 194, 7826.17, 20889, 20035
1693858437, 0, 9, 181, 0, 0, 8159.77, 2, 0, 0, 3.47, 1077, 194, 7826.17, 20889, 20035
1693858442, 0, 9, 181, 0, 0, 8159.77, 2, 0, 0, 0.36, 1078, 195, 7826.17, 20889, 20035
1693858443, 0, 9, 181, 0, 0, 8159.77, 2, 0, 0, 4.32, 1080, 195, 7826.17, 20889, 20035
1693858443, 0, 9, 181, 0, 0, 8159.77, 2, 0, 0, 2.91, 1080, 196, 7826.17, 20889, 20035
1693858444, 0, 9, 181, 0, 0, 8159.77, 2, 0, 0, 2.89, 1081, 197, 7826.17, 20889, 20035
1693858444, 0, 9, 181, 0, 0, 8159.77, 2, 0, 0, 3.19, 1082, 197, 7826.17, 20889, 20035
1693858444, 0, 9, 181, 0, 0, 8159.77, 2, 0, 0, 2.31, 1082, 198, 7826.17, 20889, 20035
1693858445, 0, 9, 181, 0, 0, 8159.77, 2, 0, 0, 2.38, 1082, 199, 7826.17, 20889, 20035
1693858445, 0, 9, 181, 0, 0, 8159.77, 2, 0, 0, 4.91, 1084, 199, 7826.17, 20889, 20035
1693858446, 0, 9, 181, 0, 0, 8159.77, 2, 0, 0, 3.75, 1086, 199, 7826.17, 20889, 20035
1693858446, 0, 9, 181, 0, 0, 8159.77, 2, 0, 0, 5.71, 1086, 201, 7826.17, 20889, 20035
1693858446, 0, 9, 181, 0, 0, 8159.77, 2, 0, 0, 4.89, 1087, 202, 7826.17, 20889, 20035
1693858453, 0, 9, 181, 0, 0, 8159.77, 2, 0, 0, 0.32, 1089, 202, 7826.17, 20889, 20035
1693858453, 0, 9, 181, 0, 0, 8159.77, 2, 0, 0, 5.33, 1090, 203, 7826.17, 20889, 20035
1693858453, 0, 9, 181, 0, 0, 8159.77, 2, 0, 0, 4.69, 1092, 203, 7826.17, 20889, 20035
1693858459, 0, 9, 182, 0, 0, 8159.77, 2, 0, 0, 0.34, 1094, 203, 7826.17, 20889, 20035
1693858460, 0, 9, 182, 0, 0, 8159.77, 2, 0, 0, 2.90, 1094, 204, 7826.17, 20889, 20035
1693858460, 0, 9, 182, 0, 0, 8159.77, 2, 0, 0, 3.75, 1096, 204, 7826.17, 20889, 20035
1693858461, 0, 9, 182, 0, 0, 8159.77, 2, 0, 0, 1.93, 1096, 205, 7826.17, 20889, 20035
1693858461, 0, 10, 182, 0, 0, 8159.77, 2, 0, 0, 2.96, 1097, 205, 7826.17, 20889, 20035
1693858461, 0, 10, 182, 0, 0, 8159.77, 2, 0, 0, 2.69, 1098, 205, 7826.17, 20889, 20035
1693858462, 0, 10, 182, 0, 0, 8159.77, 2, 0, 0, 5.09, 1098, 207, 7826.17, 20889, 20035
1693858462, 0, 10, 182, 0, 0, 8159.77, 2, 0, 0, 5.09, 1098, 209, 7826.17, 20889, 20035
1693858467, 0, 10, 183, 0, 0, 8159.77, 2, 0, 0, 0.39, 1099, 210, 7826.17, 20889, 20035
1693858468, 0, 10, 183, 0, 0, 8159.77, 2, 0, 0, 3.18, 1099, 211, 7826.17, 20889, 20035
1693858468, 0, 10, 183, 0, 0, 8159.77, 2, 0, 0, 4.47, 1100, 212, 7826.17, 20889, 20035
1693858469, 0, 10, 183, 0, 0, 8159.77, 2, 0, 0, 3.76, 1100, 214, 7826.17, 20889, 20035
1693858478, 0, 10, 184, 0, 0, 8159.77, 2, 0, 0, 0.22, 1102, 214, 7826.17, 20889, 20035
1693858490, 0, 10, 185, 0, 0, 9026.95, 2, 0, 0, 0.08, 1103, 214, 8699.61, 23109, 22271
1693858491, 0, 10, 187, 0, 0, 9050.00, 2, 0, 0, 1.97, 1105, 214, 8722.66, 23168, 22330
1693858492, 0, 10, 187, 0, 0, 9050.00, 2, 0, 0, 3.95, 1106, 215, 8722.66, 23168, 22330
1693858493, 0, 10, 187, 0, 0, 9050.00, 2, 0, 0, 2.95, 1107, 216, 8722.66, 23168, 22330
1693858493, 0, 10, 187, 0, 0, 9050.00, 2, 0, 0, 5.05, 1107, 218, 8722.66, 23168, 22330
1693858499, 0, 10, 188, 0, 0, 9105.08, 2, 0, 0, 0.17, 1108, 218, 8777.73, 23309, 22471
1693858499, 0, 10, 188, 0, 0, 9105.08, 2, 0, 0, 3.26, 1108, 219, 8777.73, 23309, 22471
1693858500, 0, 10, 188, 0, 0, 9105.08, 2, 0, 0, 3.27, 1109, 220, 8777.73, 23309, 22471
1693858500, 0, 10, 188, 0, 0, 9105.08, 2, 0, 0, 2.95, 1110, 220, 8777.73, 23309, 22471
1693858500, 0, 10, 188, 0, 0, 9105.08, 2, 0, 0, 4.81, 1111, 221, 8777.73, 23309, 22471
1693858501, 0, 10, 188, 0, 0, 9105.08, 2, 0, 0, 5.26, 1111, 223, 8777.73, 23309, 22471
1693858501, 0, 10, 188, 0, 0, 9105.08, 2, 0, 0, 5.10, 1111, 225, 8777.73, 23309, 22471
1693858502, 0, 10, 188, 0, 0, 9105.08, 2, 0, 0, 4.91, 1111, 227, 8777.73, 23309, 22471
1693858502, 0, 10, 188, 0, 0, 9105.08, 2, 0, 0, 4.24, 1112, 228, 8777.73, 23309, 22471
1693858502, 0, 10, 188, 0, 0, 9105.08, 2, 0, 0, 5.03, 1113, 229, 8777.73, 23309, 22471
1693858503, 0, 10, 188, 0, 0, 9105.08, 2, 0, 0, 3.73, 1114, 230, 8777.73, 23309, 22471
1693858503, 0, 10, 188, 0, 0, 9105.08, 2, 0, 0, 5.90, 1115, 231, 8777.73, 23309, 22471
1693858509, 0, 10, 189, 0, 0, 9127.73, 2, 0, 0, 0.34, 1116, 232, 8800.39, 23367, 22529
1693858510, 0, 10, 189, 0, 0, 9127.73, 2, 0, 0, 1.74, 1116, 233, 8800.39, 23367, 22529
1693858510, 0, 10, 189, 0, 0, 9127.73, 2, 0, 0, 3.50, 1116, 235, 8800.39, 23367, 22529
1693858511, 0, 10, 189, 0, 0, 9127.73, 2, 0, 0, 3.58, 1116, 237, 8800.39, 23367, 22529
1693858511, 0, 10, 189, 0, 0, 9127.73, 2, 0, 0, 4.06, 1116, 239, 8800.39, 23367, 22529
1693858512, 0, 10, 189, 0, 0, 9127.73, 2, 0, 0, 3.20, 1117, 240, 8800.39, 23367, 22529
1693858512, 0, 10, 189, 0, 0, 9127.73, 2, 0, 0, 2.79, 1117, 241, 8800.39, 23367, 22529
1693858513, 0, 10, 189, 0, 0, 9127.73, 2, 0, 0, 2.60, 1117, 242, 8800.39, 23367, 22529
1693858513, 0, 10, 189, 0, 0, 9127.73, 2, 0, 0, 3.97, 1117, 244, 8800.39, 23367, 22529
1693858514, 0, 11, 189, 0, 0, 9127.73, 2, 0, 0, 2.85, 1117, 245, 8800.39, 23367, 22529
1693858515, 0, 11, 190, 0, 0, 9133.20, 2, 0, 0, 2.10, 1119, 245, 8805.86, 23381, 22543
1693858515, 0, 11, 190, 0, 0, 9133.20, 2, 0, 0, 1.52, 1120, 245, 8805.86, 23381, 22543
1693858516, 0, 11, 190, 0, 0, 9133.20, 2, 0, 0, 2.90, 1122, 245, 8805.86, 23381, 22543
1693858516, 0, 11, 190, 0, 0, 9133.20, 2, 0, 0, 2.87, 1123, 245, 8805.86, 23381, 22543
1693858517, 0, 11, 190, 0, 0, 9133.20, 2, 0, 0, 4.67, 1125, 245, 8805.86, 23381, 22543
1693858517, 0, 11, 190, 0, 0, 9133.20, 2, 0, 0, 2.89, 1126, 246, 8805.86, 23381, 22543
1693858518, 0, 11, 190, 0, 0, 9133.20, 2, 0, 0, 2.04, 1127, 246, 8805.86, 23381, 22543
1693858519, 0, 11, 190, 0, 0, 9133.20, 2, 0, 0, 1.70, 1128, 246, 8805.86, 23381, 22543
1693858519, 0, 11, 190, 0, 0, 9133.20, 2, 0, 0, 4.04, 1130, 246, 8805.86, 23381, 22543
1693858520, 0, 11, 190, 0, 0, 9133.20, 2, 0, 0, 3.27, 1132, 246, 8805.86, 23381, 22543
1693858520, 0, 11, 190, 0, 0, 9133.20, 2, 0, 0, 2.89, 1133, 246, 8805.86, 23381, 22543
1693858520, 0, 11, 190, 0, 0, 9133.20, 2, 0, 0, 4.31, 1135, 246, 8805.86, 23381, 22543
1693858526, 0, 11, 191, 0, 0, 9145.31, 2, 0, 0, 0.18, 1136, 246, 8817.97, 23412, 22574
1693858527, 0, 11, 191, 0, 0, 9145.31, 2, 0, 0, 1.45, 1137, 246, 8817.97, 23412, 22574
1693858528, 0, 11, 191, 0, 0, 9145.31, 2, 0, 0, 2.00, 1138, 247, 8817.97, 23412, 22574
1693858533, 0, 11, 192, 0, 0, 9148.05, 2, 0, 0, 0.17, 1139, 247, 8820.70, 23419, 22581
1693858534, 0, 11, 192, 0, 0, 9148.05, 2, 0, 0, 2.54, 1140, 247, 8820.70, 23419, 22581
1693858534, 0, 11, 192, 0, 0, 9148.05, 2, 0, 0, 2.89, 1141, 247, 8820.70, 23419, 22581
1693858547, 0, 11, 192, 0, 0, 9148.05, 2, 0, 0, 0.08, 1142, 247, 8820.70, 23419, 22581
1693858547, 0, 11, 192, 0, 0, 9148.05, 2, 0, 0, 2.33, 1143, 247, 8820.70, 23419, 22581
1693858548, 0, 11, 192, 0, 0, 9148.05, 2, 0, 0, 3.38, 1144, 248, 8820.70, 23419, 22581
1693858548, 0, 11, 192, 0, 0, 9148.05, 2, 0, 0, 2.01, 1145, 248, 8820.70, 23419, 22581
1693858549, 0, 11, 192, 0, 0, 9148.05, 2, 0, 0, 1.30, 1146, 248, 8820.70, 23419, 22581
1693858549, 0, 11, 192, 0, 0, 9148.05, 2, 0, 0, 2.99, 1147, 248, 8820.70, 23419, 22581
1693858550, 0, 11, 192, 0, 0, 9148.05, 2, 0, 0, 2.46, 1148, 248, 8820.70, 23419, 22581
1693858550, 0, 11, 192, 0, 0, 9148.05, 2, 0, 0, 2.42, 1148, 249, 8820.70, 23419, 22581
1693858551, 0, 11, 192, 0, 0, 9148.05, 2, 0, 0, 3.56, 1150, 249, 8820.70, 23419, 22581
1693858551, 0, 11, 192, 0, 0, 9148.05, 2, 0, 0, 2.31, 1151, 249, 8820.70, 23419, 22581
1693858551, 0, 11, 192, 0, 0, 9148.05, 2, 0, 0, 2.49, 1152, 249, 8820.70, 23419, 22581
1693858552, 0, 11, 192, 0, 0, 9148.05, 2, 0, 0, 2.40, 1153, 249, 8820.70, 23419, 22581
1693858552, 0, 11, 192, 0, 0, 9148.05, 2, 0, 0, 3.73, 1154, 250, 8820.70, 23419, 22581
1693858553, 0, 11, 192, 0, 0, 9148.05, 2, 0, 0, 1.90, 1155, 250, 8820.70, 23419, 22581
1693858553, 0, 11, 192, 0, 0, 9148.05, 2, 0, 0, 1.87, 1156, 250, 8820.70, 23419, 22581
1693858554, 0, 11, 192, 0, 0, 9148.05, 2, 0, 0, 2.40, 1157, 251, 8820.70, 23419, 22581
1693858555, 0, 11, 192, 0, 0, 9148.05, 2, 0, 0, 3.25, 1158, 251, 8820.70, 23419, 22581
1693858555, 0, 11, 192, 0, 0, 9148.05, 2, 0, 0, 3.66, 1160, 251, 8820.70, 23419, 22581
1693858556, 0, 11, 192, 0, 0, 9148.05, 2, 0, 0, 1.99, 1161, 251, 8820.70, 23419, 22581
1693858556, 0, 11, 192, 0, 0, 9148.05, 2, 0, 0, 3.38, 1163, 251, 8820.70, 23419, 22581
1693858562, 0, 11, 193, 0, 0, 9148.05, 2, 0, 0, 0.36, 1165, 251, 8820.70, 23419, 22581
1693858562, 0, 11, 194, 0, 0, 9148.05, 2, 0, 0, 2.20, 1166, 251, 8820.70, 23419, 22581
1693858563, 0, 11, 194, 0, 0, 9148.05, 2, 0, 0, 3.38, 1166, 253, 8820.70, 23419, 22581
1693858563, 0, 11, 194, 0, 0, 9148.05, 2, 0, 0, 3.16, 1167, 253, 8820.70, 23419, 22581
1693858564, 0, 11, 194, 0, 0, 9148.05, 2, 0, 0, 3.82, 1169, 253, 8820.70, 23419, 22581
1693858564, 0, 11, 194, 0, 0, 9148.05, 2, 0, 0, 3.30, 1170, 253, 8820.70, 23419, 22581
1693858564, 0, 11, 194, 0, 0, 9148.05, 2, 0, 0, 2.15, 1171, 253, 8820.70, 23419, 22581
1693858577, 0, 11, 195, 0, 0, 9844.14, 2, 0, 0, 0.15, 1173, 253, 9516.80, 25201, 24363
1693858593, 0, 11, 196, 0, 0, 9887.50, 2, 0, 0, 0.13, 1174, 254, 9560.16, 25312, 24474
1693858594, 0, 11, 197, 0, 0, 9896.09, 2, 0, 0, 1.76, 1175, 254, 9568.75, 25334, 24496
1693858594, 0, 11, 197, 0, 0, 9896.09, 2, 0, 0, 3.17, 1176, 254, 9568.75, 25334, 24496
1693858595, 0, 11, 197, 0, 0, 9896.09, 2, 0, 0, 2.51, 1177, 254, 9568.75, 25334, 24496
1693858595, 0, 11, 197, 0, 0, 9896.09, 2, 0, 0, 2.59, 1178, 254, 9568.75, 25334, 24496
1693858595, 0, 11, 197, 0, 0, 9896.09, 2, 0, 0, 2.23, 1179, 254, 9568.75, 25334, 24496
1693858596, 0, 11, 197, 0, 0, 9896.09, 2, 0, 0, 2.12, 1179, 255, 9568.75, 25334, 24496
1693858596, 0, 11, 197, 0, 0, 9896.09, 2, 0, 0, 2.68, 1180, 255, 9568.75, 25334, 24496
1693858597, 0, 11, 197, 0, 0, 9896.09, 2, 0, 0, 1.97, 1181, 255, 9568.75, 25334, 24496
1693858597, 0, 11, 197, 0, 0, 9896.09, 2, 0, 0, 2.31, 1182, 255, 9568.75, 25334, 24496
1693858598, 0, 11, 197, 0, 0, 9896.09, 2, 0, 0, 4.12, 1183, 256, 9568.75, 25334, 24496
1693858617, 0, 11, 198, 0, 0, 10701.17, 2, 0, 0, 0.05, 1184, 256, 10373.83, 27395, 26557
1693858617, 0, 12, 199, 0, 0, 10710.16, 2, 0, 0, 2.79, 1185, 256, 10382.81, 27418, 26580
1693858618, 0, 12, 201, 0, 0, 10713.67, 2, 0, 0, 3.36, 1186, 257, 10386.33, 27427, 26589
1693858619, 0, 12, 201, 0, 0, 10713.67, 2, 0, 0, 2.92, 1187, 258, 10386.33, 27427, 26589
1693858619, 0, 12, 201, 0, 0, 10713.67, 2, 0, 0, 3.13, 1187, 259, 10386.33, 27427, 26589
1693858620, 0, 12, 201, 0, 0, 10713.67, 2, 0, 0, 3.40, 1188, 260, 10386.33, 27427, 26589
1693858620, 0, 12, 201, 0, 0, 10713.67, 2, 0, 0, 3.85, 1189, 261, 10386.33, 27427, 26589
1693858621, 0, 12, 201, 0, 0, 10713.67, 2, 0, 0, 3.31, 1189, 263, 10386.33, 27427, 26589
1693858673, 0, 12, 202, 0, 0, 11943.75, 2, 0, 0, 0.02, 1190, 263, 11616.41, 30576, 29738
1693858674, 0, 12, 204, 0, 0, 11961.72, 2, 0, 0, 3.21, 1191, 264, 11626.95, 30622, 29765
1693858674, 0, 12, 204, 0, 0, 11961.72, 2, 0, 0, 2.75, 1191, 265, 11626.95, 30622, 29765
1693858759, 0, 12, 205, 0, 0, 12854.69, 2, 0, 0, 0.01, 1192, 265, 12519.92, 32908, 32051
1693858759, 0, 12, 206, 0, 0, 12863.67, 2, 0, 0, 3.09, 1192, 266, 12519.92, 32931, 32051
1693858760, 0, 12, 207, 0, 0, 12877.73, 2, 0, 0, 1.37, 1193, 266, 12540.23, 32967, 32103
1693858876, 0, 12, 208, 0, 0, 13634.38, 2, 0, 0, 0.01, 1194, 266, 13296.88, 34904, 34040
1693858876, 0, 12, 209, 0, 0, 13643.36, 2, 0, 0, 3.30, 1194, 267, 13296.88, 34927, 34040
