# unix_time, cycles_done, cur_path, paths_total, pending_total, pending_favs, map_size, unique_crashes, unique_hangs, max_depth, execs_per_sec
1695313636, 0, 0, 5, 5, 1, 3.47%, 0, 0, 1, 3.74
1695313641, 0, 2, 5, 5, 1, 3.47%, 0, 0, 1, 4.35
1695313754, 0, 2, 6, 6, 1, 3.47%, 0, 0, 2, 3.86
1695313759, 0, 2, 7, 7, 1, 3.47%, 0, 0, 2, 3.81
1695313774, 0, 2, 8, 8, 1, 3.47%, 0, 0, 2, 3.69
1695313785, 0, 2, 9, 9, 1, 3.47%, 0, 0, 2, 3.62
1695313795, 0, 2, 10, 10, 1, 3.47%, 0, 0, 2, 3.54
1695313810, 0, 2, 11, 11, 1, 3.47%, 0, 0, 2, 3.36
1695314054, 0, 2, 12, 12, 1, 3.47%, 0, 0, 2, 2.13
1695314202, 1, 2, 12, 11, 0, 3.47%, 0, 0, 2, 1.73
1695314261, 1, 2, 13, 12, 0, 3.47%, 0, 0, 2, 1.62
1695314390, 1, 4, 13, 12, 0, 3.47%, 0, 0, 2, 1.42
1695314890, 1, 4, 14, 13, 0, 4.06%, 0, 0, 2, 0.97
1695314934, 1, 4, 15, 14, 0, 4.06%, 0, 0, 2, 0.92
1695315195, 1, 13, 16, 14, 2, 4.09%, 0, 0, 3, 0.84
1695315248, 1, 13, 17, 15, 2, 4.09%, 0, 0, 3, 0.81
1695315305, 1, 13, 18, 16, 2, 4.09%, 0, 0, 3, 0.76
1695315316, 1, 13, 19, 17, 2, 4.09%, 0, 0, 3, 0.76
1695315374, 1, 13, 20, 18, 2, 4.09%, 0, 0, 3, 0.75
1695315391, 1, 13, 21, 19, 2, 4.09%, 0, 0, 3, 0.74
1695315402, 1, 13, 22, 20, 2, 4.09%, 0, 0, 3, 0.73
1695315468, 1, 13, 23, 21, 2, 4.09%, 0, 0, 3, 0.73
1695315496, 1, 13, 24, 22, 2, 4.09%, 0, 0, 3, 0.72
1695315623, 1, 13, 25, 23, 2, 4.09%, 0, 0, 3, 0.68
1695315659, 1, 13, 26, 24, 2, 4.09%, 0, 0, 3, 0.67
1695315689, 1, 13, 27, 25, 2, 4.09%, 0, 0, 3, 0.66
1695315708, 1, 13, 28, 26, 2, 4.09%, 0, 0, 3, 0.65
1695315720, 1, 13, 29, 27, 2, 4.09%, 0, 0, 3, 0.66
1695316166, 1, 13, 30, 28, 2, 4.09%, 0, 0, 3, 0.57
1695316260, 1, 13, 31, 29, 2, 4.09%, 0, 0, 3, 0.55
1695316610, 1, 13, 32, 30, 2, 4.09%, 0, 0, 3, 0.50
1695316640, 1, 13, 33, 31, 2, 4.09%, 0, 0, 3, 0.50
1695316670, 1, 13, 34, 32, 2, 4.10%, 0, 0, 3, 0.50
1695316944, 1, 15, 34, 31, 4, 4.10%, 0, 0, 3, 0.48
1695316970, 1, 15, 35, 32, 4, 4.10%, 0, 0, 4, 0.47
1695317088, 1, 15, 36, 33, 4, 4.10%, 0, 0, 4, 0.46
