# unix_time, cycles_done, cur_path, paths_total, pending_total, pending_favs, map_size, unique_crashes, unique_hangs, max_depth, execs_per_sec, valid_inputs, invalid_inputs, valid_cov, all_covered_probes, valid_covered_probes
1695271611, 0, 0, 1, 0, 0, 1007.42, 0, 0, 0, 0.58, 0, 1, 0.00, 2579, 0
1695271626, 0, 0, 2, 0, 0, 7387.89, 0, 0, 0, 0.06, 1, 1, 6874.61, 18913, 17599
1695271627, 0, 0, 7, 0, 0, 7489.84, 0, 0, 0, 10.95, 3, 5, 6992.19, 19174, 17900
1695271627, 0, 0, 11, 0, 0, 7638.28, 0, 0, 0, 12.12, 4, 8, 6993.36, 19554, 17903
1695271633, 0, 0, 15, 0, 0, 7950.00, 0, 0, 0, 2.64, 9, 19, 7304.69, 20352, 18700
1695271634, 0, 0, 17, 0, 0, 7950.39, 0, 0, 0, 9.62, 10, 21, 7305.08, 20353, 18701
1695271634, 0, 0, 18, 0, 0, 7951.56, 0, 0, 0, 46.36, 15, 30, 7306.25, 20356, 18704
1695271645, 0, 0, 19, 0, 0, 7951.56, 0, 0, 0, 0.55, 17, 34, 7306.25, 20356, 18704
1695271645, 0, 0, 21, 0, 0, 7958.20, 0, 0, 0, 24.84, 18, 41, 7306.25, 20373, 18704
1695271645, 0, 0, 22, 0, 0, 7958.20, 0, 0, 0, 107.94, 29, 64, 7306.25, 20373, 18704
1695271652, 0, 0, 23, 0, 0, 7958.20, 0, 0, 0, 2.70, 34, 76, 7306.25, 20373, 18704
1695271656, 0, 0, 25, 0, 0, 7958.20, 0, 0, 0, 0.51, 35, 77, 7306.25, 20373, 18704
1695271660, 0, 1, 29, 0, 0, 7958.20, 0, 0, 0, 2.47, 38, 84, 7306.25, 20373, 18704
1695271662, 0, 1, 30, 0, 0, 7964.84, 0, 0, 0, 0.41, 39, 84, 7312.89, 20390, 18721
1695271666, 0, 1, 31, 0, 0, 7964.84, 0, 0, 0, 0.27, 40, 84, 7312.89, 20390, 18721
1695271671, 0, 1, 32, 0, 0, 7964.84, 0, 0, 0, 0.20, 41, 84, 7312.89, 20390, 18721
1695271675, 0, 1, 32, 0, 0, 7964.84, 0, 0, 0, 0.24, 42, 84, 7312.89, 20390, 18721
1695271680, 0, 1, 33, 0, 0, 7964.84, 0, 0, 0, 0.22, 43, 84, 7312.89, 20390, 18721
1695271683, 0, 1, 34, 0, 0, 7964.84, 0, 0, 0, 0.29, 44, 84, 7312.89, 20390, 18721
1695271688, 0, 1, 35, 0, 0, 7971.48, 0, 0, 0, 0.19, 45, 84, 7319.53, 20407, 18738
1695271692, 0, 1, 36, 0, 0, 7971.48, 0, 0, 0, 0.30, 46, 84, 7319.53, 20407, 18738
1695271696, 0, 1, 37, 0, 0, 7971.48, 0, 0, 0, 0.26, 47, 84, 7319.53, 20407, 18738
1695271698, 0, 1, 38, 0, 0, 7971.48, 0, 0, 0, 0.35, 48, 84, 7319.53, 20407, 18738
1695271702, 0, 1, 39, 0, 0, 7971.48, 0, 0, 0, 0.28, 49, 84, 7319.53, 20407, 18738
1695271705, 0, 1, 39, 0, 0, 7971.48, 0, 0, 0, 0.29, 50, 84, 7319.53, 20407, 18738
1695271711, 0, 1, 40, 0, 0, 7971.48, 0, 0, 0, 0.18, 51, 84, 7319.53, 20407, 18738
1695271715, 0, 1, 40, 0, 0, 7971.48, 0, 0, 0, 0.23, 52, 84, 7319.53, 20407, 18738
1695271719, 0, 1, 41, 0, 0, 7971.48, 0, 0, 0, 0.28, 53, 84, 7319.53, 20407, 18738
1695271722, 0, 1, 42, 0, 0, 7971.48, 0, 0, 0, 0.32, 54, 84, 7319.53, 20407, 18738
1695271726, 0, 1, 42, 0, 0, 7971.48, 0, 0, 0, 0.27, 55, 84, 7319.53, 20407, 18738
1695271729, 0, 1, 43, 0, 0, 7971.48, 0, 0, 0, 0.28, 56, 84, 7319.53, 20407, 18738
1695271733, 0, 1, 43, 0, 0, 7971.48, 0, 0, 0, 0.31, 57, 84, 7319.53, 20407, 18738
1695271736, 0, 1, 44, 0, 0, 7971.48, 0, 0, 0, 0.31, 58, 84, 7319.53, 20407, 18738
1695271739, 0, 1, 44, 0, 0, 7971.48, 0, 0, 0, 0.31, 59, 84, 7319.53, 20407, 18738
1695271742, 0, 1, 45, 0, 0, 7971.48, 0, 0, 0, 0.30, 60, 84, 7319.53, 20407, 18738
1695271745, 0, 1, 45, 0, 0, 7971.48, 0, 0, 0, 0.36, 61, 84, 7319.53, 20407, 18738
1695271748, 0, 1, 45, 0, 0, 7971.48, 0, 0, 0, 0.32, 62, 84, 7319.53, 20407, 18738
1695271751, 0, 1, 46, 0, 0, 7971.48, 0, 0, 0, 0.32, 63, 84, 7319.53, 20407, 18738
1695271755, 0, 1, 47, 0, 0, 7971.48, 0, 0, 0, 0.30, 64, 84, 7319.53, 20407, 18738
1695271758, 0, 1, 48, 0, 0, 7971.48, 0, 0, 0, 0.32, 65, 84, 7319.53, 20407, 18738
1695271761, 0, 1, 49, 0, 0, 7971.48, 0, 0, 0, 0.29, 66, 84, 7319.53, 20407, 18738
1695271765, 0, 1, 49, 0, 0, 7971.48, 0, 0, 0, 0.27, 67, 84, 7319.53, 20407, 18738
1695271768, 0, 1, 49, 0, 0, 7971.48, 0, 0, 0, 0.32, 68, 84, 7319.53, 20407, 18738
1695271771, 0, 1, 49, 0, 0, 7971.48, 0, 0, 0, 0.30, 69, 84, 7319.53, 20407, 18738
1695271775, 0, 1, 50, 0, 0, 7971.48, 0, 0, 0, 0.30, 70, 84, 7319.53, 20407, 18738
1695271778, 0, 1, 50, 0, 0, 7971.48, 0, 0, 0, 0.31, 71, 84, 7319.53, 20407, 18738
1695271781, 0, 1, 51, 0, 0, 7971.48, 0, 0, 0, 0.31, 72, 84, 7319.53, 20407, 18738
1695271785, 0, 1, 51, 0, 0, 7971.48, 0, 0, 0, 0.29, 73, 84, 7319.53, 20407, 18738
1695271788, 0, 1, 51, 0, 0, 7971.48, 0, 0, 0, 0.28, 74, 84, 7319.53, 20407, 18738
1695271792, 0, 1, 52, 0, 0, 7971.48, 0, 0, 0, 0.30, 75, 84, 7319.53, 20407, 18738
1695271795, 0, 1, 53, 0, 0, 7971.48, 0, 0, 0, 0.27, 76, 84, 7319.53, 20407, 18738
1695271799, 0, 1, 53, 0, 0, 7971.48, 0, 0, 0, 0.30, 77, 84, 7319.53, 20407, 18738
1695271802, 0, 1, 53, 0, 0, 7971.48, 0, 0, 0, 0.28, 78, 84, 7319.53, 20407, 18738
1695271806, 0, 1, 53, 0, 0, 7971.48, 0, 0, 0, 0.28, 79, 84, 7319.53, 20407, 18738
1695271809, 0, 1, 53, 0, 0, 7971.48, 0, 0, 0, 0.28, 80, 84, 7319.53, 20407, 18738
1695271813, 0, 1, 54, 0, 0, 7971.48, 0, 0, 0, 0.30, 81, 84, 7319.53, 20407, 18738
1695271816, 0, 1, 54, 0, 0, 7971.48, 0, 0, 0, 0.34, 82, 84, 7319.53, 20407, 18738
1695271819, 0, 1, 54, 0, 0, 7971.48, 0, 0, 0, 0.32, 83, 84, 7319.53, 20407, 18738
1695271822, 0, 1, 55, 0, 0, 7971.48, 0, 0, 0, 0.28, 84, 84, 7319.53, 20407, 18738
1695271826, 0, 1, 55, 0, 0, 7971.48, 0, 0, 0, 0.30, 85, 84, 7319.53, 20407, 18738
1695271829, 0, 1, 55, 0, 0, 7971.48, 0, 0, 0, 0.29, 86, 84, 7319.53, 20407, 18738
1695271835, 0, 1, 56, 0, 0, 7971.48, 0, 0, 0, 0.17, 87, 84, 7319.53, 20407, 18738
1695271839, 0, 1, 56, 0, 0, 7971.48, 0, 0, 0, 0.24, 88, 84, 7319.53, 20407, 18738
1695271842, 0, 1, 56, 0, 0, 7971.48, 0, 0, 0, 0.31, 89, 84, 7319.53, 20407, 18738
1695271845, 0, 1, 56, 0, 0, 7971.48, 0, 0, 0, 0.36, 90, 84, 7319.53, 20407, 18738
1695271849, 0, 1, 56, 0, 0, 7971.48, 0, 0, 0, 0.29, 91, 84, 7319.53, 20407, 18738
1695271852, 0, 1, 56, 0, 0, 7971.48, 0, 0, 0, 0.29, 92, 84, 7319.53, 20407, 18738
1695271858, 0, 1, 56, 0, 0, 7971.48, 0, 0, 0, 0.17, 93, 84, 7319.53, 20407, 18738
1695271862, 0, 1, 57, 0, 0, 7971.48, 0, 0, 0, 0.24, 94, 84, 7319.53, 20407, 18738
1695271867, 0, 1, 58, 0, 0, 7971.48, 0, 0, 0, 0.21, 95, 84, 7319.53, 20407, 18738
1695271870, 0, 1, 59, 0, 0, 7971.48, 0, 0, 0, 0.29, 96, 84, 7319.53, 20407, 18738
1695271874, 0, 1, 59, 0, 0, 7971.48, 0, 0, 0, 0.29, 97, 84, 7319.53, 20407, 18738
1695271877, 0, 1, 59, 0, 0, 7971.48, 0, 0, 0, 0.35, 98, 84, 7319.53, 20407, 18738
1695271880, 0, 1, 59, 0, 0, 7971.48, 0, 0, 0, 0.36, 99, 84, 7319.53, 20407, 18738
1695271882, 0, 1, 59, 0, 0, 7971.48, 0, 0, 0, 0.35, 100, 84, 7319.53, 20407, 18738
1695271886, 0, 1, 59, 0, 0, 7971.48, 0, 0, 0, 0.31, 101, 84, 7319.53, 20407, 18738
1695271889, 0, 1, 59, 0, 0, 7971.48, 0, 0, 0, 0.32, 102, 84, 7319.53, 20407, 18738
1695271892, 0, 1, 60, 0, 0, 7971.48, 0, 0, 0, 0.31, 103, 84, 7319.53, 20407, 18738
1695271895, 0, 1, 60, 0, 0, 7971.48, 0, 0, 0, 0.30, 104, 84, 7319.53, 20407, 18738
1695271899, 0, 1, 60, 0, 0, 7971.48, 0, 0, 0, 0.30, 105, 84, 7319.53, 20407, 18738
1695271902, 0, 1, 60, 0, 0, 7971.48, 0, 0, 0, 0.29, 106, 84, 7319.53, 20407, 18738
1695271905, 0, 1, 60, 0, 0, 7971.48, 0, 0, 0, 0.31, 107, 84, 7319.53, 20407, 18738
1695271909, 0, 1, 60, 0, 0, 7971.48, 0, 0, 0, 0.30, 108, 84, 7319.53, 20407, 18738
1695271912, 0, 1, 60, 0, 0, 7971.48, 0, 0, 0, 0.29, 109, 84, 7319.53, 20407, 18738
1695271915, 0, 1, 60, 0, 0, 7971.48, 0, 0, 0, 0.29, 110, 84, 7319.53, 20407, 18738
1695271919, 0, 1, 60, 0, 0, 7971.48, 0, 0, 0, 0.29, 111, 84, 7319.53, 20407, 18738
1695271922, 0, 1, 60, 0, 0, 7971.48, 0, 0, 0, 0.32, 112, 84, 7319.53, 20407, 18738
1695271925, 0, 1, 61, 0, 0, 7971.48, 0, 0, 0, 0.31, 113, 84, 7319.53, 20407, 18738
1695271929, 0, 1, 62, 0, 0, 7971.48, 0, 0, 0, 0.27, 114, 84, 7319.53, 20407, 18738
1695271932, 0, 1, 63, 0, 0, 7971.48, 0, 0, 0, 0.31, 115, 84, 7319.53, 20407, 18738
1695271936, 0, 1, 64, 0, 0, 7971.48, 0, 0, 0, 0.27, 116, 84, 7319.53, 20407, 18738
1695271939, 0, 1, 65, 0, 0, 7971.48, 0, 0, 0, 0.30, 117, 84, 7319.53, 20407, 18738
1695271942, 0, 1, 66, 0, 0, 7971.48, 0, 0, 0, 0.32, 118, 84, 7319.53, 20407, 18738
1695271946, 0, 1, 67, 0, 0, 7971.48, 0, 0, 0, 0.31, 119, 84, 7319.53, 20407, 18738
1695271952, 0, 1, 68, 0, 0, 7971.48, 0, 0, 0, 0.16, 120, 84, 7319.53, 20407, 18738
1695271957, 0, 1, 68, 0, 0, 7971.48, 0, 0, 0, 0.19, 121, 84, 7319.53, 20407, 18738
1695271963, 0, 1, 68, 0, 0, 7971.48, 0, 0, 0, 0.16, 122, 84, 7319.53, 20407, 18738
1695271968, 0, 1, 69, 0, 0, 7971.48, 0, 0, 0, 0.22, 123, 84, 7319.53, 20407, 18738
1695271972, 0, 1, 70, 0, 0, 7971.48, 0, 0, 0, 0.27, 124, 84, 7319.53, 20407, 18738
1695271975, 0, 1, 70, 0, 0, 7971.48, 0, 0, 0, 0.30, 125, 84, 7319.53, 20407, 18738
1695271978, 0, 1, 70, 0, 0, 7971.48, 0, 0, 0, 0.29, 126, 84, 7319.53, 20407, 18738
1695271982, 0, 1, 70, 0, 0, 7971.48, 0, 0, 0, 0.32, 127, 84, 7319.53, 20407, 18738
1695271985, 0, 1, 70, 0, 0, 7971.48, 0, 0, 0, 0.30, 128, 84, 7319.53, 20407, 18738
1695271988, 0, 1, 70, 0, 0, 7971.48, 0, 0, 0, 0.29, 129, 84, 7319.53, 20407, 18738
1695271992, 0, 1, 70, 0, 0, 7971.48, 0, 0, 0, 0.29, 130, 84, 7319.53, 20407, 18738
1695271994, 0, 1, 71, 0, 0, 7971.48, 0, 0, 0, 0.37, 131, 84, 7319.53, 20407, 18738
1695271997, 0, 1, 71, 0, 0, 7971.48, 0, 0, 0, 0.33, 132, 84, 7319.53, 20407, 18738
1695272001, 0, 1, 71, 0, 0, 7971.48, 0, 0, 0, 0.29, 133, 84, 7319.53, 20407, 18738
1695272004, 0, 1, 71, 0, 0, 7971.48, 0, 0, 0, 0.32, 134, 84, 7319.53, 20407, 18738
1695272007, 0, 1, 72, 0, 0, 7971.48, 0, 0, 0, 0.29, 135, 84, 7319.53, 20407, 18738
1695272011, 0, 1, 72, 0, 0, 7971.48, 0, 0, 0, 0.28, 136, 84, 7319.53, 20407, 18738
1695272015, 0, 1, 72, 0, 0, 7971.48, 0, 0, 0, 0.26, 137, 84, 7319.53, 20407, 18738
1695272018, 0, 1, 72, 0, 0, 7971.48, 0, 0, 0, 0.32, 138, 84, 7319.53, 20407, 18738
1695272021, 0, 1, 73, 0, 0, 7971.48, 0, 0, 0, 0.32, 139, 84, 7319.53, 20407, 18738
1695272024, 0, 1, 73, 0, 0, 7971.48, 0, 0, 0, 0.33, 140, 84, 7319.53, 20407, 18738
1695272027, 0, 1, 73, 0, 0, 7971.48, 0, 0, 0, 0.32, 141, 84, 7319.53, 20407, 18738
1695272031, 0, 1, 74, 0, 0, 7971.48, 0, 0, 0, 0.29, 142, 84, 7319.53, 20407, 18738
1695272034, 0, 1, 74, 0, 0, 7971.48, 0, 0, 0, 0.30, 143, 84, 7319.53, 20407, 18738
1695272036, 0, 1, 75, 0, 0, 7971.48, 0, 0, 0, 0.43, 144, 84, 7319.53, 20407, 18738
1695272040, 0, 1, 76, 0, 0, 7971.48, 0, 0, 0, 0.29, 145, 84, 7319.53, 20407, 18738
1695272043, 0, 1, 76, 0, 0, 7971.48, 0, 0, 0, 0.30, 146, 84, 7319.53, 20407, 18738
1695272047, 0, 1, 76, 0, 0, 7971.48, 0, 0, 0, 0.27, 147, 84, 7319.53, 20407, 18738
1695272050, 0, 1, 76, 0, 0, 7971.48, 0, 0, 0, 0.32, 148, 84, 7319.53, 20407, 18738
1695272053, 0, 1, 76, 0, 0, 7971.48, 0, 0, 0, 0.32, 149, 84, 7319.53, 20407, 18738
1695272056, 0, 1, 76, 0, 0, 7971.48, 0, 0, 0, 0.33, 150, 84, 7319.53, 20407, 18738
1695272059, 0, 1, 76, 0, 0, 7971.48, 0, 0, 0, 0.32, 151, 84, 7319.53, 20407, 18738
1695272063, 0, 1, 76, 0, 0, 7971.48, 0, 0, 0, 0.27, 152, 84, 7319.53, 20407, 18738
1695272067, 0, 1, 76, 0, 0, 7971.48, 0, 0, 0, 0.29, 153, 84, 7319.53, 20407, 18738
1695272070, 0, 1, 76, 0, 0, 7971.48, 0, 0, 0, 0.32, 154, 84, 7319.53, 20407, 18738
1695272072, 0, 1, 76, 0, 0, 7971.48, 0, 0, 0, 0.36, 155, 84, 7319.53, 20407, 18738
1695272075, 0, 1, 77, 0, 0, 7971.48, 0, 0, 0, 0.34, 156, 84, 7319.53, 20407, 18738
1695272079, 0, 1, 77, 0, 0, 7971.48, 0, 0, 0, 0.29, 157, 84, 7319.53, 20407, 18738
1695272082, 0, 1, 77, 0, 0, 7971.48, 0, 0, 0, 0.32, 158, 84, 7319.53, 20407, 18738
1695272086, 0, 1, 78, 0, 0, 7971.48, 0, 0, 0, 0.27, 159, 84, 7319.53, 20407, 18738
1695272090, 0, 1, 79, 0, 0, 7971.48, 0, 0, 0, 0.23, 160, 84, 7319.53, 20407, 18738
1695272093, 0, 1, 79, 0, 0, 7971.48, 0, 0, 0, 0.34, 161, 84, 7319.53, 20407, 18738
1695272096, 0, 1, 79, 0, 0, 7971.48, 0, 0, 0, 0.32, 162, 84, 7319.53, 20407, 18738
1695272100, 0, 1, 79, 0, 0, 7971.48, 0, 0, 0, 0.23, 163, 84, 7319.53, 20407, 18738
1695272106, 0, 1, 79, 0, 0, 7971.48, 0, 0, 0, 0.18, 164, 84, 7319.53, 20407, 18738
1695272110, 0, 1, 79, 0, 0, 7971.48, 0, 0, 0, 0.25, 165, 84, 7319.53, 20407, 18738
1695272114, 0, 1, 79, 0, 0, 7971.48, 0, 0, 0, 0.27, 166, 84, 7319.53, 20407, 18738
1695272117, 0, 1, 79, 0, 0, 7971.48, 0, 0, 0, 0.31, 167, 84, 7319.53, 20407, 18738
1695272120, 0, 1, 79, 0, 0, 7971.48, 0, 0, 0, 0.30, 168, 84, 7319.53, 20407, 18738
1695272124, 0, 1, 79, 0, 0, 7971.48, 0, 0, 0, 0.28, 169, 84, 7319.53, 20407, 18738
1695272127, 0, 1, 79, 0, 0, 7971.48, 0, 0, 0, 0.29, 170, 84, 7319.53, 20407, 18738
1695272131, 0, 1, 79, 0, 0, 7971.48, 0, 0, 0, 0.31, 171, 84, 7319.53, 20407, 18738
1695272134, 0, 1, 79, 0, 0, 7971.48, 0, 0, 0, 0.30, 172, 84, 7319.53, 20407, 18738
1695272137, 0, 1, 79, 0, 0, 7971.48, 0, 0, 0, 0.28, 173, 84, 7319.53, 20407, 18738
1695272141, 0, 1, 79, 0, 0, 7971.48, 0, 0, 0, 0.28, 174, 84, 7319.53, 20407, 18738
1695272145, 0, 1, 79, 0, 0, 7971.48, 0, 0, 0, 0.27, 175, 84, 7319.53, 20407, 18738
1695272148, 0, 1, 79, 0, 0, 7971.48, 0, 0, 0, 0.29, 176, 84, 7319.53, 20407, 18738
1695272151, 0, 1, 79, 0, 0, 7971.48, 0, 0, 0, 0.38, 177, 84, 7319.53, 20407, 18738
1695272154, 0, 1, 79, 0, 0, 7971.48, 0, 0, 0, 0.30, 178, 84, 7319.53, 20407, 18738
1695272158, 0, 1, 79, 0, 0, 7971.48, 0, 0, 0, 0.26, 179, 84, 7319.53, 20407, 18738
1695272161, 0, 1, 79, 0, 0, 7971.48, 0, 0, 0, 0.30, 180, 84, 7319.53, 20407, 18738
1695272165, 0, 1, 79, 0, 0, 7971.48, 0, 0, 0, 0.30, 181, 84, 7319.53, 20407, 18738
1695272168, 0, 1, 79, 0, 0, 7971.48, 0, 0, 0, 0.30, 182, 84, 7319.53, 20407, 18738
1695272171, 0, 1, 79, 0, 0, 7971.48, 1, 0, 0, 0.38, 182, 85, 7319.53, 20407, 18738
1695272174, 0, 1, 80, 0, 0, 7973.83, 1, 0, 0, 0.27, 183, 85, 7321.88, 20413, 18744
1695272178, 0, 1, 81, 0, 0, 7973.83, 1, 0, 0, 0.25, 184, 85, 7321.88, 20413, 18744
1695272182, 0, 1, 81, 0, 0, 7973.83, 1, 0, 0, 0.28, 185, 85, 7321.88, 20413, 18744
1695272185, 0, 1, 81, 0, 0, 7973.83, 1, 0, 0, 0.32, 186, 85, 7321.88, 20413, 18744
1695272188, 0, 1, 81, 0, 0, 7973.83, 1, 0, 0, 0.34, 187, 85, 7321.88, 20413, 18744
1695272191, 0, 1, 81, 0, 0, 7973.83, 1, 0, 0, 0.33, 188, 85, 7321.88, 20413, 18744
1695272194, 0, 1, 81, 0, 0, 7973.83, 1, 0, 0, 0.30, 189, 85, 7321.88, 20413, 18744
1695272197, 0, 1, 81, 0, 0, 7973.83, 1, 0, 0, 0.34, 190, 85, 7321.88, 20413, 18744
1695272201, 0, 1, 82, 0, 0, 7974.61, 1, 0, 0, 0.28, 191, 85, 7322.66, 20415, 18746
1695272204, 0, 1, 82, 0, 0, 7974.61, 1, 0, 0, 0.31, 192, 85, 7322.66, 20415, 18746
1695272208, 0, 1, 82, 0, 0, 7974.61, 1, 0, 0, 0.29, 193, 85, 7322.66, 20415, 18746
1695272211, 0, 1, 82, 0, 0, 7974.61, 1, 0, 0, 0.29, 194, 85, 7322.66, 20415, 18746
1695272215, 0, 1, 82, 0, 0, 7974.61, 1, 0, 0, 0.28, 195, 85, 7322.66, 20415, 18746
1695272218, 0, 1, 82, 0, 0, 7974.61, 1, 0, 0, 0.28, 196, 85, 7322.66, 20415, 18746
1695272222, 0, 1, 83, 0, 0, 7974.61, 1, 0, 0, 0.24, 197, 85, 7322.66, 20415, 18746
1695272227, 0, 1, 83, 0, 0, 7974.61, 1, 0, 0, 0.24, 198, 85, 7322.66, 20415, 18746
1695272230, 0, 1, 84, 0, 0, 7974.61, 1, 0, 0, 0.27, 199, 85, 7322.66, 20415, 18746
1695272234, 0, 1, 84, 0, 0, 7974.61, 1, 0, 0, 0.27, 200, 85, 7322.66, 20415, 18746
1695272237, 0, 1, 84, 0, 0, 7974.61, 1, 0, 0, 0.29, 201, 85, 7322.66, 20415, 18746
1695272241, 0, 1, 85, 0, 0, 7974.61, 1, 0, 0, 0.25, 202, 85, 7322.66, 20415, 18746
1695272245, 0, 1, 86, 0, 0, 7974.61, 1, 0, 0, 0.27, 203, 85, 7322.66, 20415, 18746
1695272249, 0, 1, 87, 0, 0, 7974.61, 1, 0, 0, 0.28, 204, 85, 7322.66, 20415, 18746
1695272252, 0, 1, 87, 0, 0, 7974.61, 1, 0, 0, 0.30, 205, 85, 7322.66, 20415, 18746
1695272255, 0, 1, 87, 0, 0, 7974.61, 1, 0, 0, 0.29, 206, 85, 7322.66, 20415, 18746
1695272258, 0, 1, 88, 0, 0, 7981.25, 1, 0, 0, 0.39, 207, 85, 7329.30, 20432, 18763
1695272261, 0, 1, 88, 0, 0, 7981.25, 1, 0, 0, 0.30, 208, 85, 7329.30, 20432, 18763
1695272266, 0, 1, 89, 0, 0, 7981.25, 1, 0, 0, 0.20, 209, 85, 7329.30, 20432, 18763
1695272272, 0, 1, 89, 0, 0, 7981.25, 1, 0, 0, 0.18, 210, 85, 7329.30, 20432, 18763
1695272279, 0, 1, 89, 0, 0, 7981.25, 1, 0, 0, 0.15, 211, 85, 7329.30, 20432, 18763
1695272284, 0, 1, 90, 0, 0, 7981.25, 1, 0, 0, 0.19, 212, 85, 7329.30, 20432, 18763
1695272290, 0, 1, 91, 0, 0, 7981.25, 1, 0, 0, 0.17, 213, 85, 7329.30, 20432, 18763
1695272293, 0, 1, 91, 0, 0, 7981.25, 1, 0, 0, 0.27, 214, 85, 7329.30, 20432, 18763
1695272297, 0, 1, 91, 0, 0, 7981.25, 1, 0, 0, 0.32, 215, 85, 7329.30, 20432, 18763
1695272301, 0, 1, 91, 0, 0, 7981.25, 1, 0, 0, 0.25, 216, 85, 7329.30, 20432, 18763
1695272304, 0, 1, 91, 0, 0, 7981.25, 1, 0, 0, 0.29, 217, 85, 7329.30, 20432, 18763
1695272308, 0, 1, 91, 0, 0, 7981.25, 1, 0, 0, 0.28, 218, 85, 7329.30, 20432, 18763
1695272311, 0, 1, 91, 0, 0, 7981.25, 1, 0, 0, 0.29, 219, 85, 7329.30, 20432, 18763
1695272314, 0, 1, 91, 0, 0, 7981.25, 1, 0, 0, 0.29, 220, 85, 7329.30, 20432, 18763
1695272317, 0, 1, 91, 0, 0, 7981.25, 1, 0, 0, 0.34, 221, 85, 7329.30, 20432, 18763
1695272322, 0, 1, 91, 0, 0, 7981.25, 1, 0, 0, 0.23, 222, 85, 7329.30, 20432, 18763
1695272326, 0, 1, 91, 0, 0, 7981.25, 1, 0, 0, 0.26, 223, 85, 7329.30, 20432, 18763
1695272329, 0, 1, 91, 0, 0, 7981.25, 1, 0, 0, 0.27, 224, 85, 7329.30, 20432, 18763
1695272333, 0, 1, 91, 0, 0, 7981.25, 1, 0, 0, 0.25, 225, 85, 7329.30, 20432, 18763
1695272337, 0, 1, 91, 0, 0, 7981.25, 1, 0, 0, 0.28, 226, 85, 7329.30, 20432, 18763
1695272340, 0, 1, 91, 0, 0, 7981.25, 1, 0, 0, 0.30, 227, 85, 7329.30, 20432, 18763
1695272344, 0, 1, 91, 0, 0, 7981.25, 1, 0, 0, 0.26, 228, 85, 7329.30, 20432, 18763
1695272347, 0, 1, 91, 0, 0, 7981.25, 1, 0, 0, 0.30, 229, 85, 7329.30, 20432, 18763
1695272350, 0, 1, 91, 0, 0, 7981.25, 1, 0, 0, 0.31, 230, 85, 7329.30, 20432, 18763
1695272353, 0, 1, 91, 0, 0, 7981.25, 1, 0, 0, 0.34, 231, 85, 7329.30, 20432, 18763
1695272357, 0, 1, 91, 0, 0, 7981.25, 1, 0, 0, 0.28, 232, 85, 7329.30, 20432, 18763
1695272361, 0, 1, 92, 0, 0, 7981.64, 1, 0, 0, 0.28, 233, 85, 7329.69, 20433, 18764
1695272364, 0, 1, 93, 0, 0, 7981.64, 1, 0, 0, 0.29, 234, 85, 7329.69, 20433, 18764
1695272368, 0, 1, 94, 0, 0, 7981.64, 1, 0, 0, 0.27, 235, 85, 7329.69, 20433, 18764
1695272371, 0, 1, 95, 0, 0, 7981.64, 1, 0, 0, 0.30, 236, 85, 7329.69, 20433, 18764
1695272375, 0, 1, 95, 0, 0, 7981.64, 1, 0, 0, 0.28, 237, 85, 7329.69, 20433, 18764
1695272378, 0, 1, 95, 0, 0, 7981.64, 1, 0, 0, 0.29, 238, 85, 7329.69, 20433, 18764
1695272382, 0, 1, 95, 0, 0, 7981.64, 1, 0, 0, 0.29, 239, 85, 7329.69, 20433, 18764
1695272385, 0, 1, 95, 0, 0, 7981.64, 1, 0, 0, 0.30, 240, 85, 7329.69, 20433, 18764
1695272388, 0, 1, 95, 0, 0, 7981.64, 1, 0, 0, 0.31, 241, 85, 7329.69, 20433, 18764
1695272391, 0, 1, 95, 0, 0, 7981.64, 1, 0, 0, 0.30, 242, 85, 7329.69, 20433, 18764
1695272395, 0, 1, 95, 0, 0, 7981.64, 1, 0, 0, 0.31, 243, 85, 7329.69, 20433, 18764
1695272398, 0, 1, 96, 0, 0, 7981.64, 1, 0, 0, 0.29, 244, 85, 7329.69, 20433, 18764
1695272403, 0, 1, 97, 0, 0, 7981.64, 1, 0, 0, 0.22, 245, 85, 7329.69, 20433, 18764
1695272406, 0, 1, 97, 0, 0, 7981.64, 1, 0, 0, 0.26, 246, 85, 7329.69, 20433, 18764
1695272410, 0, 1, 98, 0, 0, 7981.64, 1, 0, 0, 0.32, 247, 85, 7329.69, 20433, 18764
1695272413, 0, 1, 98, 0, 0, 7981.64, 1, 0, 0, 0.32, 248, 85, 7329.69, 20433, 18764
1695272416, 0, 1, 98, 0, 0, 7981.64, 1, 0, 0, 0.32, 249, 85, 7329.69, 20433, 18764
1695272419, 0, 1, 99, 0, 0, 7981.64, 1, 0, 0, 0.28, 250, 85, 7329.69, 20433, 18764
1695272423, 0, 1, 100, 0, 0, 7981.64, 1, 0, 0, 0.30, 251, 85, 7329.69, 20433, 18764
1695272426, 0, 1, 100, 0, 0, 7981.64, 1, 0, 0, 0.30, 252, 85, 7329.69, 20433, 18764
1695272429, 0, 1, 100, 0, 0, 7981.64, 1, 0, 0, 0.33, 253, 85, 7329.69, 20433, 18764
1695272432, 0, 1, 100, 0, 0, 7981.64, 1, 0, 0, 0.31, 254, 85, 7329.69, 20433, 18764
1695272435, 0, 1, 100, 0, 0, 7981.64, 1, 0, 0, 0.33, 255, 85, 7329.69, 20433, 18764
1695272439, 0, 1, 100, 0, 0, 7981.64, 1, 0, 0, 0.31, 256, 85, 7329.69, 20433, 18764
1695272442, 0, 1, 101, 0, 0, 7981.64, 1, 0, 0, 0.27, 257, 85, 7329.69, 20433, 18764
1695272446, 0, 1, 101, 0, 0, 7981.64, 1, 0, 0, 0.28, 258, 85, 7329.69, 20433, 18764
1695272449, 0, 1, 101, 0, 0, 7981.64, 1, 0, 0, 0.30, 259, 85, 7329.69, 20433, 18764
1695272453, 0, 1, 101, 0, 0, 7981.64, 1, 0, 0, 0.25, 260, 85, 7329.69, 20433, 18764
1695272457, 0, 1, 102, 0, 0, 8109.38, 1, 0, 0, 0.26, 261, 85, 7457.42, 20760, 19091
1695272460, 0, 1, 102, 0, 0, 8109.38, 1, 0, 0, 0.30, 262, 85, 7457.42, 20760, 19091
1695272464, 0, 1, 102, 0, 0, 8109.38, 1, 0, 0, 0.31, 263, 85, 7457.42, 20760, 19091
1695272467, 0, 1, 102, 0, 0, 8109.38, 1, 0, 0, 0.28, 264, 85, 7457.42, 20760, 19091
1695272471, 0, 1, 102, 0, 0, 8109.38, 1, 0, 0, 0.28, 265, 85, 7457.42, 20760, 19091
1695272475, 0, 1, 103, 0, 0, 8125.00, 1, 0, 0, 0.26, 266, 85, 7473.05, 20800, 19131
1695272477, 0, 1, 103, 0, 0, 8125.00, 1, 0, 0, 0.35, 267, 85, 7473.05, 20800, 19131
1695272481, 0, 1, 103, 0, 0, 8125.00, 1, 0, 0, 0.29, 268, 85, 7473.05, 20800, 19131
1695272484, 0, 1, 103, 0, 0, 8125.00, 1, 0, 0, 0.27, 269, 85, 7473.05, 20800, 19131
1695272488, 0, 1, 103, 0, 0, 8125.00, 1, 0, 0, 0.26, 270, 85, 7473.05, 20800, 19131
1695272492, 0, 1, 103, 0, 0, 8125.00, 1, 0, 0, 0.30, 271, 85, 7473.05, 20800, 19131
1695272495, 0, 1, 103, 0, 0, 8125.00, 1, 0, 0, 0.32, 272, 85, 7473.05, 20800, 19131
1695272499, 0, 1, 103, 0, 0, 8125.00, 1, 0, 0, 0.24, 273, 85, 7473.05, 20800, 19131
1695272502, 0, 1, 103, 0, 0, 8125.00, 1, 0, 0, 0.30, 274, 85, 7473.05, 20800, 19131
1695272506, 0, 1, 103, 0, 0, 8125.00, 1, 0, 0, 0.27, 275, 85, 7473.05, 20800, 19131
1695272510, 0, 1, 103, 0, 0, 8125.00, 1, 0, 0, 0.27, 276, 85, 7473.05, 20800, 19131
1695272513, 0, 1, 103, 0, 0, 8125.00, 1, 0, 0, 0.28, 277, 85, 7473.05, 20800, 19131
1695272517, 0, 1, 103, 0, 0, 8125.00, 1, 0, 0, 0.27, 278, 85, 7473.05, 20800, 19131
1695272521, 0, 1, 103, 0, 0, 8125.00, 1, 0, 0, 0.25, 279, 85, 7473.05, 20800, 19131
1695272525, 0, 1, 103, 0, 0, 8125.00, 1, 0, 0, 0.24, 280, 85, 7473.05, 20800, 19131
1695272529, 0, 1, 103, 0, 0, 8125.00, 1, 0, 0, 0.26, 281, 85, 7473.05, 20800, 19131
1695272533, 0, 1, 103, 0, 0, 8125.00, 1, 0, 0, 0.25, 282, 85, 7473.05, 20800, 19131
1695272538, 0, 1, 103, 0, 0, 8125.00, 1, 0, 0, 0.23, 283, 85, 7473.05, 20800, 19131
1695272542, 0, 1, 103, 0, 0, 8125.00, 1, 0, 0, 0.25, 284, 85, 7473.05, 20800, 19131
1695272545, 0, 1, 103, 0, 0, 8125.00, 1, 0, 0, 0.29, 285, 85, 7473.05, 20800, 19131
1695272549, 0, 1, 104, 0, 0, 8125.00, 1, 0, 0, 0.29, 286, 85, 7473.05, 20800, 19131
1695272552, 0, 1, 105, 0, 0, 8125.00, 1, 0, 0, 0.29, 287, 85, 7473.05, 20800, 19131
1695272556, 0, 1, 106, 0, 0, 8125.00, 1, 0, 0, 0.29, 288, 85, 7473.05, 20800, 19131
1695272560, 0, 1, 106, 0, 0, 8125.00, 1, 0, 0, 0.25, 289, 85, 7473.05, 20800, 19131
1695272563, 0, 1, 106, 0, 0, 8125.00, 1, 0, 0, 0.28, 290, 85, 7473.05, 20800, 19131
1695272567, 0, 1, 106, 0, 0, 8125.00, 1, 0, 0, 0.30, 291, 85, 7473.05, 20800, 19131
1695272571, 0, 1, 106, 0, 0, 8125.00, 1, 0, 0, 0.21, 292, 85, 7473.05, 20800, 19131
1695272575, 0, 1, 106, 0, 0, 8125.00, 1, 0, 0, 0.25, 293, 85, 7473.05, 20800, 19131
1695272579, 0, 1, 106, 0, 0, 8125.00, 1, 0, 0, 0.29, 294, 85, 7473.05, 20800, 19131
1695272582, 0, 1, 106, 0, 0, 8125.00, 1, 0, 0, 0.29, 295, 85, 7473.05, 20800, 19131
1695272585, 0, 1, 106, 0, 0, 8125.00, 1, 0, 0, 0.31, 296, 85, 7473.05, 20800, 19131
1695272588, 0, 1, 106, 0, 0, 8125.00, 1, 0, 0, 0.32, 297, 85, 7473.05, 20800, 19131
1695272592, 0, 1, 106, 0, 0, 8125.00, 1, 0, 0, 0.31, 298, 85, 7473.05, 20800, 19131
1695272595, 0, 1, 106, 0, 0, 8125.00, 1, 0, 0, 0.31, 299, 85, 7473.05, 20800, 19131
1695272598, 0, 1, 106, 0, 0, 8125.00, 1, 0, 0, 0.31, 300, 85, 7473.05, 20800, 19131
1695272602, 0, 1, 106, 0, 0, 8125.00, 1, 0, 0, 0.24, 301, 85, 7473.05, 20800, 19131
1695272606, 0, 1, 106, 0, 0, 8125.00, 1, 0, 0, 0.30, 302, 85, 7473.05, 20800, 19131
1695272609, 0, 1, 106, 0, 0, 8125.00, 1, 0, 0, 0.33, 303, 85, 7473.05, 20800, 19131
1695272612, 0, 1, 106, 0, 0, 8125.00, 1, 0, 0, 0.29, 304, 85, 7473.05, 20800, 19131
1695272616, 0, 1, 106, 0, 0, 8125.00, 1, 0, 0, 0.25, 305, 85, 7473.05, 20800, 19131
1695272620, 0, 1, 106, 0, 0, 8125.00, 1, 0, 0, 0.26, 306, 85, 7473.05, 20800, 19131
1695272623, 0, 1, 106, 0, 0, 8125.00, 1, 0, 0, 0.28, 307, 85, 7473.05, 20800, 19131
1695272626, 0, 1, 106, 0, 0, 8125.00, 1, 0, 0, 0.34, 308, 85, 7473.05, 20800, 19131
1695272630, 0, 1, 106, 0, 0, 8125.00, 1, 0, 0, 0.29, 309, 85, 7473.05, 20800, 19131
1695272633, 0, 1, 107, 0, 0, 8125.00, 1, 0, 0, 0.29, 310, 85, 7473.05, 20800, 19131
1695272637, 0, 1, 107, 0, 0, 8125.00, 1, 0, 0, 0.28, 311, 85, 7473.05, 20800, 19131
1695272640, 0, 1, 107, 0, 0, 8125.00, 1, 0, 0, 0.30, 312, 85, 7473.05, 20800, 19131
1695272643, 0, 1, 107, 0, 0, 8125.00, 1, 0, 0, 0.29, 313, 85, 7473.05, 20800, 19131
1695272648, 0, 1, 107, 0, 0, 8125.00, 1, 0, 0, 0.20, 314, 85, 7473.05, 20800, 19131
1695272654, 0, 1, 107, 0, 0, 8125.00, 1, 0, 0, 0.18, 315, 85, 7473.05, 20800, 19131
1695272659, 0, 1, 107, 0, 0, 8125.00, 1, 0, 0, 0.21, 316, 85, 7473.05, 20800, 19131
1695272666, 0, 1, 108, 0, 0, 8125.00, 1, 0, 0, 0.15, 317, 85, 7473.05, 20800, 19131
1695272672, 0, 1, 108, 0, 0, 8125.00, 1, 0, 0, 0.17, 318, 85, 7473.05, 20800, 19131
1695272676, 0, 1, 108, 0, 0, 8125.00, 1, 0, 0, 0.24, 319, 85, 7473.05, 20800, 19131
1695272679, 0, 1, 108, 0, 0, 8125.00, 1, 0, 0, 0.26, 320, 85, 7473.05, 20800, 19131
1695272683, 0, 1, 108, 0, 0, 8125.00, 1, 0, 0, 0.30, 321, 85, 7473.05, 20800, 19131
1695272686, 0, 1, 108, 0, 0, 8125.00, 1, 0, 0, 0.29, 322, 85, 7473.05, 20800, 19131
1695272689, 0, 1, 108, 0, 0, 8125.00, 1, 0, 0, 0.32, 323, 85, 7473.05, 20800, 19131
1695272693, 0, 1, 108, 0, 0, 8125.00, 1, 0, 0, 0.24, 324, 85, 7473.05, 20800, 19131
1695272699, 0, 1, 108, 0, 0, 8125.00, 1, 0, 0, 0.17, 325, 85, 7473.05, 20800, 19131
1695272705, 0, 1, 109, 0, 0, 8125.00, 1, 0, 0, 0.17, 326, 85, 7473.05, 20800, 19131
1695272711, 0, 1, 109, 0, 0, 8125.00, 1, 0, 0, 0.19, 327, 85, 7473.05, 20800, 19131
1695272715, 0, 1, 109, 0, 0, 8125.00, 1, 0, 0, 0.25, 328, 85, 7473.05, 20800, 19131
1695272718, 0, 1, 109, 0, 0, 8125.00, 1, 0, 0, 0.28, 329, 85, 7473.05, 20800, 19131
1695272722, 0, 1, 110, 0, 0, 8125.00, 1, 0, 0, 0.30, 330, 85, 7473.05, 20800, 19131
1695272725, 0, 1, 110, 0, 0, 8125.00, 1, 0, 0, 0.30, 331, 85, 7473.05, 20800, 19131
1695272728, 0, 1, 110, 0, 0, 8125.00, 1, 0, 0, 0.28, 332, 85, 7473.05, 20800, 19131
1695272732, 0, 1, 110, 0, 0, 8125.00, 1, 0, 0, 0.30, 333, 85, 7473.05, 20800, 19131
1695272736, 0, 1, 110, 0, 0, 8125.00, 1, 0, 0, 0.26, 334, 85, 7473.05, 20800, 19131
1695272739, 0, 1, 110, 0, 0, 8125.00, 1, 0, 0, 0.29, 335, 85, 7473.05, 20800, 19131
1695272744, 0, 1, 110, 0, 0, 8125.00, 1, 0, 0, 0.22, 336, 85, 7473.05, 20800, 19131
1695272747, 0, 1, 110, 0, 0, 8125.00, 1, 0, 0, 0.32, 337, 85, 7473.05, 20800, 19131
1695272750, 0, 1, 110, 0, 0, 8125.00, 1, 0, 0, 0.29, 338, 85, 7473.05, 20800, 19131
1695272754, 0, 1, 110, 0, 0, 8125.00, 1, 0, 0, 0.30, 339, 85, 7473.05, 20800, 19131
1695272758, 0, 1, 110, 0, 0, 8125.00, 1, 0, 0, 0.24, 340, 85, 7473.05, 20800, 19131
1695272761, 0, 1, 110, 0, 0, 8125.00, 1, 0, 0, 0.31, 341, 85, 7473.05, 20800, 19131
1695272765, 0, 1, 110, 0, 0, 8125.00, 1, 0, 0, 0.28, 342, 85, 7473.05, 20800, 19131
1695272769, 0, 1, 110, 0, 0, 8125.00, 1, 0, 0, 0.25, 343, 85, 7473.05, 20800, 19131
1695272772, 0, 1, 110, 0, 0, 8125.00, 1, 0, 0, 0.27, 344, 85, 7473.05, 20800, 19131
1695272776, 0, 1, 110, 0, 0, 8125.00, 1, 0, 0, 0.27, 345, 85, 7473.05, 20800, 19131
1695272780, 0, 1, 110, 0, 0, 8125.00, 1, 0, 0, 0.24, 346, 85, 7473.05, 20800, 19131
1695272786, 0, 1, 110, 0, 0, 8125.00, 1, 0, 0, 0.19, 347, 85, 7473.05, 20800, 19131
1695272791, 0, 1, 110, 0, 0, 8125.00, 1, 0, 0, 0.18, 348, 85, 7473.05, 20800, 19131
1695272797, 0, 1, 110, 0, 0, 8125.00, 1, 0, 0, 0.17, 349, 85, 7473.05, 20800, 19131
1695272802, 0, 1, 110, 0, 0, 8125.00, 1, 0, 0, 0.21, 350, 85, 7473.05, 20800, 19131
1695272806, 0, 1, 110, 0, 0, 8125.00, 1, 0, 0, 0.24, 351, 85, 7473.05, 20800, 19131
1695272811, 0, 1, 110, 0, 0, 8125.00, 1, 0, 0, 0.21, 352, 85, 7473.05, 20800, 19131
1695272815, 0, 1, 110, 0, 0, 8125.00, 1, 0, 0, 0.26, 353, 85, 7473.05, 20800, 19131
1695272818, 0, 1, 110, 0, 0, 8125.00, 1, 0, 0, 0.31, 354, 85, 7473.05, 20800, 19131
1695272822, 0, 1, 110, 0, 0, 8125.00, 1, 0, 0, 0.27, 355, 85, 7473.05, 20800, 19131
1695272825, 0, 1, 110, 0, 0, 8125.00, 1, 0, 0, 0.31, 356, 85, 7473.05, 20800, 19131
1695272829, 0, 1, 110, 0, 0, 8125.00, 1, 0, 0, 0.25, 357, 85, 7473.05, 20800, 19131
1695272832, 0, 1, 110, 0, 0, 8125.00, 1, 0, 0, 0.27, 358, 85, 7473.05, 20800, 19131
1695272837, 0, 1, 110, 0, 0, 8125.00, 1, 0, 0, 0.25, 359, 85, 7473.05, 20800, 19131
1695272840, 0, 1, 111, 0, 0, 8125.00, 1, 0, 0, 0.29, 360, 85, 7473.05, 20800, 19131
1695272845, 0, 1, 111, 0, 0, 8125.00, 1, 0, 0, 0.21, 361, 85, 7473.05, 20800, 19131
1695272849, 0, 1, 111, 0, 0, 8125.00, 1, 0, 0, 0.26, 362, 85, 7473.05, 20800, 19131
1695272854, 0, 1, 111, 0, 0, 8125.00, 1, 0, 0, 0.20, 363, 85, 7473.05, 20800, 19131
1695272858, 0, 1, 111, 0, 0, 8125.00, 1, 0, 0, 0.24, 364, 85, 7473.05, 20800, 19131
1695272862, 0, 1, 111, 0, 0, 8125.00, 1, 0, 0, 0.25, 365, 85, 7473.05, 20800, 19131
1695272866, 0, 1, 111, 0, 0, 8125.00, 1, 0, 0, 0.24, 366, 85, 7473.05, 20800, 19131
1695272870, 0, 1, 111, 0, 0, 8125.00, 1, 0, 0, 0.24, 367, 85, 7473.05, 20800, 19131
1695272874, 0, 1, 112, 0, 0, 8125.00, 1, 0, 0, 0.25, 368, 85, 7473.05, 20800, 19131
1695272878, 0, 1, 113, 0, 0, 8125.00, 1, 0, 0, 0.29, 369, 85, 7473.05, 20800, 19131
1695272883, 0, 1, 114, 0, 0, 8125.00, 1, 0, 0, 0.21, 370, 85, 7473.05, 20800, 19131
1695272887, 0, 1, 114, 0, 0, 8125.00, 1, 0, 0, 0.25, 371, 85, 7473.05, 20800, 19131
1695272891, 0, 1, 114, 0, 0, 8125.00, 1, 0, 0, 0.22, 372, 85, 7473.05, 20800, 19131
1695272896, 0, 1, 115, 0, 0, 8125.00, 1, 0, 0, 0.21, 373, 85, 7473.05, 20800, 19131
1695272901, 0, 1, 116, 0, 0, 8125.00, 1, 0, 0, 0.20, 374, 85, 7473.05, 20800, 19131
1695272905, 0, 1, 116, 0, 0, 8125.00, 1, 0, 0, 0.25, 375, 85, 7473.05, 20800, 19131
1695272910, 0, 1, 117, 0, 0, 8125.00, 1, 0, 0, 0.21, 376, 85, 7473.05, 20800, 19131
1695272914, 0, 1, 117, 0, 0, 8125.00, 1, 0, 0, 0.24, 377, 85, 7473.05, 20800, 19131
1695272918, 0, 1, 117, 0, 0, 8125.00, 1, 0, 0, 0.24, 378, 85, 7473.05, 20800, 19131
1695272922, 0, 1, 117, 0, 0, 8125.00, 1, 0, 0, 0.25, 379, 85, 7473.05, 20800, 19131
1695272926, 0, 1, 117, 0, 0, 8125.00, 1, 0, 0, 0.23, 380, 85, 7473.05, 20800, 19131
1695272930, 0, 1, 117, 0, 0, 8125.00, 1, 0, 0, 0.27, 381, 85, 7473.05, 20800, 19131
1695272934, 0, 1, 117, 0, 0, 8125.00, 1, 0, 0, 0.24, 382, 85, 7473.05, 20800, 19131
1695272938, 0, 1, 117, 0, 0, 8125.00, 1, 0, 0, 0.27, 383, 85, 7473.05, 20800, 19131
1695272943, 0, 1, 117, 0, 0, 8125.00, 1, 0, 0, 0.21, 384, 85, 7473.05, 20800, 19131
1695272947, 0, 1, 117, 0, 0, 8125.00, 1, 0, 0, 0.22, 385, 85, 7473.05, 20800, 19131
1695272950, 0, 1, 117, 0, 0, 8125.00, 1, 0, 0, 0.32, 386, 85, 7473.05, 20800, 19131
1695272954, 0, 1, 117, 0, 0, 8125.00, 1, 0, 0, 0.26, 387, 85, 7473.05, 20800, 19131
1695272958, 0, 1, 117, 0, 0, 8125.00, 1, 0, 0, 0.26, 388, 85, 7473.05, 20800, 19131
1695272961, 0, 1, 117, 0, 0, 8125.00, 1, 0, 0, 0.32, 389, 85, 7473.05, 20800, 19131
1695272965, 0, 1, 117, 0, 0, 8125.00, 1, 0, 0, 0.26, 390, 85, 7473.05, 20800, 19131
1695272969, 0, 1, 117, 0, 0, 8125.00, 1, 0, 0, 0.25, 391, 85, 7473.05, 20800, 19131
1695272973, 0, 1, 117, 0, 0, 8125.00, 1, 0, 0, 0.24, 392, 85, 7473.05, 20800, 19131
1695272978, 0, 1, 117, 0, 0, 8125.00, 1, 0, 0, 0.23, 393, 85, 7473.05, 20800, 19131
1695272983, 0, 1, 117, 0, 0, 8125.00, 1, 0, 0, 0.19, 394, 85, 7473.05, 20800, 19131
1695272987, 0, 1, 117, 0, 0, 8125.00, 1, 0, 0, 0.26, 395, 85, 7473.05, 20800, 19131
1695272991, 0, 1, 117, 0, 0, 8125.00, 1, 0, 0, 0.26, 396, 85, 7473.05, 20800, 19131
1695272995, 0, 1, 117, 0, 0, 8125.00, 1, 0, 0, 0.24, 397, 85, 7473.05, 20800, 19131
1695272999, 0, 1, 117, 0, 0, 8125.00, 1, 0, 0, 0.23, 398, 85, 7473.05, 20800, 19131
1695273004, 0, 1, 117, 0, 0, 8125.00, 1, 0, 0, 0.22, 399, 85, 7473.05, 20800, 19131
1695273008, 0, 1, 117, 0, 0, 8125.00, 1, 0, 0, 0.22, 400, 85, 7473.05, 20800, 19131
1695273012, 0, 1, 117, 0, 0, 8125.00, 1, 0, 0, 0.27, 401, 85, 7473.05, 20800, 19131
1695273016, 0, 1, 117, 0, 0, 8125.00, 1, 0, 0, 0.24, 402, 85, 7473.05, 20800, 19131
1695273020, 0, 1, 117, 0, 0, 8125.00, 1, 0, 0, 0.26, 403, 85, 7473.05, 20800, 19131
1695273024, 0, 1, 117, 0, 0, 8125.00, 1, 0, 0, 0.24, 404, 85, 7473.05, 20800, 19131
1695273028, 0, 1, 117, 0, 0, 8125.00, 1, 0, 0, 0.24, 405, 85, 7473.05, 20800, 19131
1695273032, 0, 1, 117, 0, 0, 8125.00, 1, 0, 0, 0.24, 406, 85, 7473.05, 20800, 19131
1695273037, 0, 1, 117, 0, 0, 8125.00, 1, 0, 0, 0.22, 407, 85, 7473.05, 20800, 19131
1695273041, 0, 1, 117, 0, 0, 8125.00, 1, 0, 0, 0.23, 408, 85, 7473.05, 20800, 19131
1695273045, 0, 1, 117, 0, 0, 8125.00, 1, 0, 0, 0.26, 409, 85, 7473.05, 20800, 19131
1695273049, 0, 1, 117, 0, 0, 8125.00, 1, 0, 0, 0.23, 410, 85, 7473.05, 20800, 19131
1695273054, 0, 1, 117, 0, 0, 8125.00, 1, 0, 0, 0.23, 411, 85, 7473.05, 20800, 19131
1695273058, 0, 1, 117, 0, 0, 8125.00, 1, 0, 0, 0.21, 412, 85, 7473.05, 20800, 19131
1695273063, 0, 1, 117, 0, 0, 8125.00, 1, 0, 0, 0.22, 413, 85, 7473.05, 20800, 19131
1695273069, 0, 1, 117, 0, 0, 8125.00, 1, 0, 0, 0.17, 414, 85, 7473.05, 20800, 19131
1695273074, 0, 1, 117, 0, 0, 8125.00, 1, 0, 0, 0.19, 415, 85, 7473.05, 20800, 19131
1695273079, 0, 1, 117, 0, 0, 8125.00, 1, 0, 0, 0.23, 416, 85, 7473.05, 20800, 19131
1695273083, 0, 1, 117, 0, 0, 8125.00, 1, 0, 0, 0.22, 417, 85, 7473.05, 20800, 19131
1695273087, 0, 1, 117, 0, 0, 8125.00, 1, 0, 0, 0.26, 418, 85, 7473.05, 20800, 19131
1695273091, 0, 1, 117, 0, 0, 8125.00, 1, 0, 0, 0.24, 419, 85, 7473.05, 20800, 19131
1695273095, 0, 1, 117, 0, 0, 8125.00, 1, 0, 0, 0.26, 420, 85, 7473.05, 20800, 19131
1695273098, 0, 1, 117, 0, 0, 8125.00, 1, 0, 0, 0.28, 421, 85, 7473.05, 20800, 19131
1695273102, 0, 1, 117, 0, 0, 8125.00, 1, 0, 0, 0.25, 422, 85, 7473.05, 20800, 19131
1695273107, 0, 1, 117, 0, 0, 8125.00, 1, 0, 0, 0.24, 423, 85, 7473.05, 20800, 19131
1695273110, 0, 1, 117, 0, 0, 8125.00, 1, 0, 0, 0.30, 424, 85, 7473.05, 20800, 19131
1695273114, 0, 1, 117, 0, 0, 8125.00, 1, 0, 0, 0.25, 425, 85, 7473.05, 20800, 19131
1695273118, 0, 1, 117, 0, 0, 8125.00, 1, 0, 0, 0.26, 426, 85, 7473.05, 20800, 19131
1695273122, 0, 1, 117, 0, 0, 8125.00, 1, 0, 0, 0.24, 427, 85, 7473.05, 20800, 19131
1695273128, 0, 1, 117, 0, 0, 8125.00, 1, 0, 0, 0.18, 428, 85, 7473.05, 20800, 19131
1695273133, 0, 1, 117, 0, 0, 8125.00, 1, 0, 0, 0.18, 429, 85, 7473.05, 20800, 19131
1695273140, 0, 1, 117, 0, 0, 8125.00, 1, 0, 0, 0.16, 430, 85, 7473.05, 20800, 19131
1695273144, 0, 1, 117, 0, 0, 8125.00, 1, 0, 0, 0.24, 431, 85, 7473.05, 20800, 19131
1695273148, 0, 1, 117, 0, 0, 8125.00, 1, 0, 0, 0.24, 432, 85, 7473.05, 20800, 19131
1695273152, 0, 1, 117, 0, 0, 8125.00, 1, 0, 0, 0.26, 433, 85, 7473.05, 20800, 19131
1695273156, 0, 1, 117, 0, 0, 8125.00, 1, 0, 0, 0.24, 434, 85, 7473.05, 20800, 19131
1695273160, 0, 1, 117, 0, 0, 8125.00, 1, 0, 0, 0.26, 435, 85, 7473.05, 20800, 19131
1695273165, 0, 1, 117, 0, 0, 8125.00, 1, 0, 0, 0.19, 436, 85, 7473.05, 20800, 19131
1695273170, 0, 1, 117, 0, 0, 8125.00, 1, 0, 0, 0.19, 437, 85, 7473.05, 20800, 19131
1695273175, 0, 1, 117, 0, 0, 8125.00, 1, 0, 0, 0.21, 438, 85, 7473.05, 20800, 19131
1695273179, 0, 1, 117, 0, 0, 8125.00, 1, 0, 0, 0.23, 439, 85, 7473.05, 20800, 19131
1695273183, 0, 1, 117, 0, 0, 8125.00, 1, 0, 0, 0.25, 440, 85, 7473.05, 20800, 19131
1695273188, 0, 1, 118, 0, 0, 8125.00, 1, 0, 0, 0.24, 441, 85, 7473.05, 20800, 19131
1695273192, 0, 1, 118, 0, 0, 8125.00, 1, 0, 0, 0.23, 442, 85, 7473.05, 20800, 19131
1695273197, 0, 1, 118, 0, 0, 8125.00, 1, 0, 0, 0.20, 443, 85, 7473.05, 20800, 19131
1695273201, 0, 1, 118, 0, 0, 8125.00, 1, 0, 0, 0.23, 444, 85, 7473.05, 20800, 19131
1695273206, 0, 1, 118, 0, 0, 8125.00, 1, 0, 0, 0.23, 445, 85, 7473.05, 20800, 19131
1695273211, 0, 1, 118, 0, 0, 8125.00, 1, 0, 0, 0.18, 446, 85, 7473.05, 20800, 19131
1695273216, 0, 1, 118, 0, 0, 8125.00, 1, 0, 0, 0.22, 447, 85, 7473.05, 20800, 19131
1695273221, 0, 1, 118, 0, 0, 8125.00, 1, 0, 0, 0.19, 448, 85, 7473.05, 20800, 19131
1695273225, 0, 1, 118, 0, 0, 8125.00, 1, 0, 0, 0.25, 449, 85, 7473.05, 20800, 19131
1695273229, 0, 1, 118, 0, 0, 8125.00, 1, 0, 0, 0.23, 450, 85, 7473.05, 20800, 19131
1695273234, 0, 1, 118, 0, 0, 8125.00, 1, 0, 0, 0.23, 451, 85, 7473.05, 20800, 19131
1695273238, 0, 1, 118, 0, 0, 8125.00, 1, 0, 0, 0.23, 452, 85, 7473.05, 20800, 19131
1695273243, 0, 1, 118, 0, 0, 8125.00, 1, 0, 0, 0.23, 453, 85, 7473.05, 20800, 19131
1695273247, 0, 1, 118, 0, 0, 8125.00, 1, 0, 0, 0.23, 454, 85, 7473.05, 20800, 19131
1695273251, 0, 1, 118, 0, 0, 8125.00, 1, 0, 0, 0.23, 455, 85, 7473.05, 20800, 19131
1695273255, 0, 1, 118, 0, 0, 8125.00, 1, 0, 0, 0.26, 456, 85, 7473.05, 20800, 19131
1695273259, 0, 1, 119, 0, 0, 8125.00, 1, 0, 0, 0.27, 457, 85, 7473.05, 20800, 19131
1695273263, 0, 1, 119, 0, 0, 8125.00, 1, 0, 0, 0.26, 458, 85, 7473.05, 20800, 19131
1695273267, 0, 1, 119, 0, 0, 8125.00, 1, 0, 0, 0.24, 459, 85, 7473.05, 20800, 19131
1695273271, 0, 1, 119, 0, 0, 8125.00, 1, 0, 0, 0.26, 460, 85, 7473.05, 20800, 19131
1695273275, 0, 1, 119, 0, 0, 8125.00, 1, 0, 0, 0.25, 461, 85, 7473.05, 20800, 19131
1695273279, 0, 1, 119, 0, 0, 8125.00, 1, 0, 0, 0.25, 462, 85, 7473.05, 20800, 19131
1695273283, 0, 1, 119, 0, 0, 8125.00, 1, 0, 0, 0.25, 463, 85, 7473.05, 20800, 19131
1695273286, 0, 1, 119, 0, 0, 8125.00, 1, 0, 0, 0.27, 464, 85, 7473.05, 20800, 19131
1695273291, 0, 1, 119, 0, 0, 8125.00, 1, 0, 0, 0.23, 465, 85, 7473.05, 20800, 19131
1695273295, 0, 1, 119, 0, 0, 8125.00, 1, 0, 0, 0.23, 466, 85, 7473.05, 20800, 19131
1695273299, 0, 1, 119, 0, 0, 8125.00, 1, 0, 0, 0.25, 467, 85, 7473.05, 20800, 19131
1695273304, 0, 1, 120, 0, 0, 8125.00, 1, 0, 0, 0.22, 468, 85, 7473.05, 20800, 19131
1695273308, 0, 1, 120, 0, 0, 8125.00, 1, 0, 0, 0.24, 469, 85, 7473.05, 20800, 19131
1695273312, 0, 1, 120, 0, 0, 8125.00, 1, 0, 0, 0.25, 470, 85, 7473.05, 20800, 19131
1695273316, 0, 1, 120, 0, 0, 8125.00, 1, 0, 0, 0.25, 471, 85, 7473.05, 20800, 19131
1695273319, 0, 1, 120, 0, 0, 8125.00, 1, 0, 0, 0.28, 472, 85, 7473.05, 20800, 19131
1695273324, 0, 1, 120, 0, 0, 8125.00, 1, 0, 0, 0.22, 473, 85, 7473.05, 20800, 19131
1695273328, 0, 1, 120, 0, 0, 8125.00, 1, 0, 0, 0.24, 474, 85, 7473.05, 20800, 19131
1695273332, 0, 1, 120, 0, 0, 8125.00, 1, 0, 0, 0.24, 475, 85, 7473.05, 20800, 19131
1695273336, 0, 1, 120, 0, 0, 8125.00, 1, 0, 0, 0.23, 476, 85, 7473.05, 20800, 19131
1695273340, 0, 1, 120, 0, 0, 8125.00, 1, 0, 0, 0.29, 477, 85, 7473.05, 20800, 19131
1695273344, 0, 1, 120, 0, 0, 8125.00, 1, 0, 0, 0.22, 478, 85, 7473.05, 20800, 19131
1695273348, 0, 1, 120, 0, 0, 8125.00, 1, 0, 0, 0.24, 479, 85, 7473.05, 20800, 19131
1695273357, 0, 1, 121, 0, 0, 8125.00, 1, 0, 0, 0.12, 480, 85, 7473.05, 20800, 19131
1695273360, 0, 1, 121, 0, 0, 8125.00, 1, 0, 0, 0.29, 481, 85, 7473.05, 20800, 19131
1695273365, 0, 1, 121, 0, 0, 8125.00, 1, 0, 0, 0.21, 482, 85, 7473.05, 20800, 19131
1695273368, 0, 1, 121, 0, 0, 8125.00, 1, 0, 0, 0.29, 483, 85, 7473.05, 20800, 19131
1695273372, 0, 1, 121, 0, 0, 8125.00, 1, 0, 0, 0.25, 484, 85, 7473.05, 20800, 19131
1695273376, 0, 1, 121, 0, 0, 8125.00, 1, 0, 0, 0.24, 485, 85, 7473.05, 20800, 19131
1695273381, 0, 1, 121, 0, 0, 8125.00, 1, 0, 0, 0.22, 486, 85, 7473.05, 20800, 19131
1695273385, 0, 1, 121, 0, 0, 8125.00, 1, 0, 0, 0.24, 487, 85, 7473.05, 20800, 19131
1695273390, 0, 1, 121, 0, 0, 8125.00, 1, 0, 0, 0.22, 488, 85, 7473.05, 20800, 19131
1695273394, 0, 1, 121, 0, 0, 8125.00, 1, 0, 0, 0.21, 489, 85, 7473.05, 20800, 19131
1695273399, 0, 1, 121, 0, 0, 8125.00, 1, 0, 0, 0.24, 490, 85, 7473.05, 20800, 19131
1695273403, 0, 1, 121, 0, 0, 8125.00, 1, 0, 0, 0.24, 491, 85, 7473.05, 20800, 19131
1695273408, 0, 1, 121, 0, 0, 8125.00, 1, 0, 0, 0.21, 492, 85, 7473.05, 20800, 19131
1695273413, 0, 1, 121, 0, 0, 8125.00, 1, 0, 0, 0.20, 493, 85, 7473.05, 20800, 19131
1695273417, 0, 1, 121, 0, 0, 8125.00, 1, 0, 0, 0.23, 494, 85, 7473.05, 20800, 19131
1695273422, 0, 1, 121, 0, 0, 8125.00, 1, 0, 0, 0.19, 495, 85, 7473.05, 20800, 19131
1695273427, 0, 1, 121, 0, 0, 8125.00, 1, 0, 0, 0.23, 496, 85, 7473.05, 20800, 19131
1695273430, 0, 1, 121, 0, 0, 8125.00, 1, 0, 0, 0.28, 497, 85, 7473.05, 20800, 19131
1695273435, 0, 1, 121, 0, 0, 8125.00, 1, 0, 0, 0.22, 498, 85, 7473.05, 20800, 19131
1695273439, 0, 1, 121, 0, 0, 8125.00, 1, 0, 0, 0.21, 499, 85, 7473.05, 20800, 19131
1695273444, 0, 1, 121, 0, 0, 8125.00, 1, 0, 0, 0.20, 500, 85, 7473.05, 20800, 19131
1695273449, 0, 1, 121, 0, 0, 8125.00, 1, 0, 0, 0.23, 501, 85, 7473.05, 20800, 19131
1695273453, 0, 1, 121, 0, 0, 8125.00, 1, 0, 0, 0.23, 502, 85, 7473.05, 20800, 19131
1695273457, 0, 1, 121, 0, 0, 8125.00, 1, 0, 0, 0.23, 503, 85, 7473.05, 20800, 19131
1695273462, 0, 1, 121, 0, 0, 8125.00, 1, 0, 0, 0.22, 504, 85, 7473.05, 20800, 19131
1695273467, 0, 1, 121, 0, 0, 8125.00, 1, 0, 0, 0.19, 505, 85, 7473.05, 20800, 19131
1695273472, 0, 1, 121, 0, 0, 8125.00, 1, 0, 0, 0.19, 506, 85, 7473.05, 20800, 19131
1695273477, 0, 1, 121, 0, 0, 8125.00, 1, 0, 0, 0.23, 507, 85, 7473.05, 20800, 19131
1695273481, 0, 1, 121, 0, 0, 8125.00, 1, 0, 0, 0.24, 508, 85, 7473.05, 20800, 19131
1695273485, 0, 1, 121, 0, 0, 8125.00, 1, 0, 0, 0.23, 509, 85, 7473.05, 20800, 19131
1695273489, 0, 1, 121, 0, 0, 8125.00, 1, 0, 0, 0.25, 510, 85, 7473.05, 20800, 19131
1695273493, 0, 1, 121, 0, 0, 8125.00, 1, 0, 0, 0.28, 511, 85, 7473.05, 20800, 19131
1695273497, 0, 1, 121, 0, 0, 8125.00, 1, 0, 0, 0.23, 512, 85, 7473.05, 20800, 19131
1695273501, 0, 1, 121, 0, 0, 8125.00, 1, 0, 0, 0.24, 513, 85, 7473.05, 20800, 19131
1695273506, 0, 1, 121, 0, 0, 8125.00, 1, 0, 0, 0.23, 514, 85, 7473.05, 20800, 19131
1695273510, 0, 1, 121, 0, 0, 8125.00, 1, 0, 0, 0.22, 515, 85, 7473.05, 20800, 19131
1695273514, 0, 1, 121, 0, 0, 8125.00, 1, 0, 0, 0.24, 516, 85, 7473.05, 20800, 19131
1695273518, 0, 1, 121, 0, 0, 8125.00, 1, 0, 0, 0.25, 517, 85, 7473.05, 20800, 19131
1695273522, 0, 1, 121, 0, 0, 8125.00, 1, 0, 0, 0.28, 518, 85, 7473.05, 20800, 19131
1695273526, 0, 1, 121, 0, 0, 8125.00, 1, 0, 0, 0.23, 519, 85, 7473.05, 20800, 19131
1695273531, 0, 1, 121, 0, 0, 8125.00, 1, 0, 0, 0.20, 520, 85, 7473.05, 20800, 19131
1695273535, 0, 1, 121, 0, 0, 8125.00, 1, 0, 0, 0.24, 521, 85, 7473.05, 20800, 19131
1695273540, 0, 1, 121, 0, 0, 8125.00, 1, 0, 0, 0.21, 522, 85, 7473.05, 20800, 19131
1695273545, 0, 1, 121, 0, 0, 8125.00, 1, 0, 0, 0.21, 523, 85, 7473.05, 20800, 19131
1695273549, 0, 1, 121, 0, 0, 8125.00, 1, 0, 0, 0.24, 524, 85, 7473.05, 20800, 19131
1695273557, 0, 1, 121, 0, 0, 8125.00, 1, 0, 0, 0.12, 525, 85, 7473.05, 20800, 19131
1695273562, 0, 1, 121, 0, 0, 8125.00, 1, 0, 0, 0.18, 526, 85, 7473.05, 20800, 19131
1695273568, 0, 1, 121, 0, 0, 8125.00, 1, 0, 0, 0.18, 527, 85, 7473.05, 20800, 19131
1695273573, 0, 1, 121, 0, 0, 8125.00, 1, 0, 0, 0.19, 528, 85, 7473.05, 20800, 19131
1695273578, 0, 1, 121, 0, 0, 8125.00, 1, 0, 0, 0.21, 529, 85, 7473.05, 20800, 19131
1695273583, 0, 1, 121, 0, 0, 8125.00, 1, 0, 0, 0.19, 530, 85, 7473.05, 20800, 19131
1695273591, 0, 1, 121, 0, 0, 8125.00, 1, 0, 0, 0.14, 531, 85, 7473.05, 20800, 19131
1695273596, 0, 1, 121, 0, 0, 8125.00, 1, 0, 0, 0.19, 532, 85, 7473.05, 20800, 19131
1695273602, 0, 1, 121, 0, 0, 8125.00, 1, 0, 0, 0.17, 533, 85, 7473.05, 20800, 19131
1695273607, 0, 1, 121, 0, 0, 8125.00, 1, 0, 0, 0.20, 534, 85, 7473.05, 20800, 19131
1695273615, 0, 1, 121, 0, 0, 8125.00, 1, 0, 0, 0.12, 535, 85, 7473.05, 20800, 19131
1695273623, 0, 1, 121, 0, 0, 8125.00, 1, 0, 0, 0.13, 536, 85, 7473.05, 20800, 19131
1695273629, 0, 1, 121, 0, 0, 8125.00, 1, 0, 0, 0.16, 537, 85, 7473.05, 20800, 19131
1695273635, 0, 1, 121, 0, 0, 8125.00, 1, 0, 0, 0.17, 538, 85, 7473.05, 20800, 19131
1695273639, 0, 1, 121, 0, 0, 8125.00, 1, 0, 0, 0.25, 539, 85, 7473.05, 20800, 19131
1695273644, 0, 1, 121, 0, 0, 8125.00, 1, 0, 0, 0.20, 540, 85, 7473.05, 20800, 19131
1695273648, 0, 1, 121, 0, 0, 8125.00, 1, 0, 0, 0.25, 541, 85, 7473.05, 20800, 19131
1695273652, 0, 1, 122, 0, 0, 8125.00, 1, 0, 0, 0.25, 542, 85, 7473.05, 20800, 19131
1695273656, 0, 1, 123, 0, 0, 8125.00, 1, 0, 0, 0.23, 543, 85, 7473.05, 20800, 19131
1695273661, 0, 1, 124, 0, 0, 8125.00, 1, 0, 0, 0.24, 544, 85, 7473.05, 20800, 19131
1695273666, 0, 1, 124, 0, 0, 8125.00, 1, 0, 0, 0.20, 545, 85, 7473.05, 20800, 19131
1695273669, 0, 1, 124, 0, 0, 8125.00, 1, 0, 0, 0.27, 546, 85, 7473.05, 20800, 19131
1695273673, 0, 1, 124, 0, 0, 8125.00, 1, 0, 0, 0.27, 547, 85, 7473.05, 20800, 19131
1695273677, 0, 1, 124, 0, 0, 8125.00, 1, 0, 0, 0.26, 548, 85, 7473.05, 20800, 19131
1695273680, 0, 1, 124, 0, 0, 8125.00, 1, 0, 0, 0.29, 549, 85, 7473.05, 20800, 19131
1695273685, 0, 1, 124, 0, 0, 8125.00, 1, 0, 0, 0.22, 550, 85, 7473.05, 20800, 19131
1695273689, 0, 1, 124, 0, 0, 8125.00, 1, 0, 0, 0.25, 551, 85, 7473.05, 20800, 19131
1695273693, 0, 1, 124, 0, 0, 8125.00, 1, 0, 0, 0.23, 552, 85, 7473.05, 20800, 19131
1695273697, 0, 1, 125, 0, 0, 8125.00, 1, 0, 0, 0.28, 553, 85, 7473.05, 20800, 19131
1695273701, 0, 1, 125, 0, 0, 8125.00, 1, 0, 0, 0.26, 554, 85, 7473.05, 20800, 19131
1695273705, 0, 1, 125, 0, 0, 8125.00, 1, 0, 0, 0.24, 555, 85, 7473.05, 20800, 19131
1695273709, 0, 1, 125, 0, 0, 8125.00, 1, 0, 0, 0.23, 556, 85, 7473.05, 20800, 19131
1695273713, 0, 1, 125, 0, 0, 8125.00, 1, 0, 0, 0.28, 557, 85, 7473.05, 20800, 19131
1695273717, 0, 1, 125, 0, 0, 8125.00, 1, 0, 0, 0.22, 558, 85, 7473.05, 20800, 19131
1695273721, 0, 1, 125, 0, 0, 8125.00, 1, 0, 0, 0.26, 559, 85, 7473.05, 20800, 19131
1695273724, 0, 1, 125, 0, 0, 8125.00, 1, 0, 0, 0.31, 560, 85, 7473.05, 20800, 19131
1695273728, 0, 1, 125, 0, 0, 8125.00, 1, 0, 0, 0.25, 561, 85, 7473.05, 20800, 19131
1695273732, 0, 1, 125, 0, 0, 8125.00, 1, 0, 0, 0.26, 562, 85, 7473.05, 20800, 19131
1695273736, 0, 1, 125, 0, 0, 8125.00, 1, 0, 0, 0.27, 563, 85, 7473.05, 20800, 19131
1695273741, 0, 1, 125, 0, 0, 8125.00, 1, 0, 0, 0.20, 564, 85, 7473.05, 20800, 19131
1695273746, 0, 1, 125, 0, 0, 8125.00, 1, 0, 0, 0.21, 565, 85, 7473.05, 20800, 19131
1695273751, 0, 1, 125, 0, 0, 8125.00, 1, 0, 0, 0.21, 566, 85, 7473.05, 20800, 19131
1695273754, 0, 1, 125, 0, 0, 8125.00, 1, 0, 0, 0.26, 567, 85, 7473.05, 20800, 19131
1695273759, 0, 1, 125, 0, 0, 8125.00, 1, 0, 0, 0.22, 568, 85, 7473.05, 20800, 19131
1695273764, 0, 1, 125, 0, 0, 8125.00, 1, 0, 0, 0.20, 569, 85, 7473.05, 20800, 19131
1695273768, 0, 1, 125, 0, 0, 8125.00, 1, 0, 0, 0.26, 570, 85, 7473.05, 20800, 19131
1695273772, 0, 1, 125, 0, 0, 8125.00, 1, 0, 0, 0.21, 571, 85, 7473.05, 20800, 19131
1695273776, 0, 1, 125, 0, 0, 8125.00, 1, 0, 0, 0.26, 572, 85, 7473.05, 20800, 19131
1695273780, 0, 1, 125, 0, 0, 8125.00, 1, 0, 0, 0.25, 573, 85, 7473.05, 20800, 19131
1695273785, 0, 1, 125, 0, 0, 8125.00, 1, 0, 0, 0.24, 574, 85, 7473.05, 20800, 19131
1695273788, 0, 1, 125, 0, 0, 8125.00, 1, 0, 0, 0.30, 575, 85, 7473.05, 20800, 19131
1695273792, 0, 1, 125, 0, 0, 8125.00, 1, 0, 0, 0.22, 576, 85, 7473.05, 20800, 19131
1695273797, 0, 1, 125, 0, 0, 8125.00, 1, 0, 0, 0.22, 577, 85, 7473.05, 20800, 19131
1695273802, 0, 1, 125, 0, 0, 8125.00, 1, 0, 0, 0.21, 578, 85, 7473.05, 20800, 19131
1695273807, 0, 1, 125, 0, 0, 8125.00, 1, 0, 0, 0.21, 579, 85, 7473.05, 20800, 19131
1695273811, 0, 1, 125, 0, 0, 8125.00, 1, 0, 0, 0.24, 580, 85, 7473.05, 20800, 19131
1695273815, 0, 1, 125, 0, 0, 8125.00, 1, 0, 0, 0.26, 581, 85, 7473.05, 20800, 19131
1695273819, 0, 1, 125, 0, 0, 8125.00, 1, 0, 0, 0.24, 582, 85, 7473.05, 20800, 19131
1695273823, 0, 1, 125, 0, 0, 8125.00, 1, 0, 0, 0.27, 583, 85, 7473.05, 20800, 19131
1695273828, 0, 1, 125, 0, 0, 8125.00, 1, 0, 0, 0.20, 584, 85, 7473.05, 20800, 19131
1695273832, 0, 1, 125, 0, 0, 8125.00, 1, 0, 0, 0.22, 585, 85, 7473.05, 20800, 19131
1695273837, 0, 1, 125, 0, 0, 8125.00, 1, 0, 0, 0.21, 586, 85, 7473.05, 20800, 19131
1695273841, 0, 1, 125, 0, 0, 8125.00, 1, 0, 0, 0.23, 587, 85, 7473.05, 20800, 19131
1695273847, 0, 1, 125, 0, 0, 8125.00, 1, 0, 0, 0.19, 588, 85, 7473.05, 20800, 19131
1695273851, 0, 1, 125, 0, 0, 8125.00, 1, 0, 0, 0.24, 589, 85, 7473.05, 20800, 19131
1695273856, 0, 1, 125, 0, 0, 8125.00, 1, 0, 0, 0.20, 590, 85, 7473.05, 20800, 19131
1695273860, 0, 1, 125, 0, 0, 8125.00, 1, 0, 0, 0.21, 591, 85, 7473.05, 20800, 19131
1695273865, 0, 1, 125, 0, 0, 8125.00, 1, 0, 0, 0.23, 592, 85, 7473.05, 20800, 19131
1695273870, 0, 1, 125, 0, 0, 8125.00, 1, 0, 0, 0.21, 593, 85, 7473.05, 20800, 19131
1695273873, 0, 1, 125, 0, 0, 8125.00, 1, 0, 0, 0.27, 594, 85, 7473.05, 20800, 19131
1695273877, 0, 1, 125, 0, 0, 8125.00, 1, 0, 0, 0.25, 595, 85, 7473.05, 20800, 19131
1695273883, 0, 1, 125, 0, 0, 8125.00, 1, 0, 0, 0.19, 596, 85, 7473.05, 20800, 19131
1695273887, 0, 1, 125, 0, 0, 8125.00, 1, 0, 0, 0.22, 597, 85, 7473.05, 20800, 19131
1695273891, 0, 1, 125, 0, 0, 8125.00, 1, 0, 0, 0.23, 598, 85, 7473.05, 20800, 19131
1695273896, 0, 1, 125, 0, 0, 8125.00, 1, 0, 0, 0.20, 599, 85, 7473.05, 20800, 19131
1695273901, 0, 1, 125, 0, 0, 8125.00, 1, 0, 0, 0.20, 600, 85, 7473.05, 20800, 19131
1695273905, 0, 1, 125, 0, 0, 8125.00, 1, 0, 0, 0.25, 601, 85, 7473.05, 20800, 19131
1695273910, 0, 1, 125, 0, 0, 8125.00, 1, 0, 0, 0.22, 602, 85, 7473.05, 20800, 19131
1695273915, 0, 1, 125, 0, 0, 8125.00, 1, 0, 0, 0.21, 603, 85, 7473.05, 20800, 19131
1695273919, 0, 1, 125, 0, 0, 8125.00, 1, 0, 0, 0.21, 604, 85, 7473.05, 20800, 19131
1695273924, 0, 1, 125, 0, 0, 8125.00, 1, 0, 0, 0.20, 605, 85, 7473.05, 20800, 19131
1695273930, 0, 1, 126, 0, 0, 8125.00, 1, 0, 0, 0.18, 606, 85, 7473.05, 20800, 19131
1695273935, 0, 1, 126, 0, 0, 8125.00, 1, 0, 0, 0.21, 607, 85, 7473.05, 20800, 19131
1695273939, 0, 1, 126, 0, 0, 8125.00, 1, 0, 0, 0.23, 608, 85, 7473.05, 20800, 19131
1695273943, 0, 1, 126, 0, 0, 8125.00, 1, 0, 0, 0.22, 609, 85, 7473.05, 20800, 19131
1695273950, 0, 1, 126, 0, 0, 8125.00, 1, 0, 0, 0.15, 610, 85, 7473.05, 20800, 19131
1695273954, 0, 1, 126, 0, 0, 8125.00, 1, 0, 0, 0.22, 611, 85, 7473.05, 20800, 19131
1695273961, 0, 1, 126, 0, 0, 8125.00, 1, 0, 0, 0.16, 612, 85, 7473.05, 20800, 19131
1695273968, 0, 1, 126, 0, 0, 8125.00, 1, 0, 0, 0.14, 613, 85, 7473.05, 20800, 19131
1695273975, 0, 1, 126, 0, 0, 8125.00, 1, 0, 0, 0.15, 614, 85, 7473.05, 20800, 19131
1695273983, 0, 1, 126, 0, 0, 8125.00, 1, 0, 0, 0.13, 615, 85, 7473.05, 20800, 19131
1695274007, 0, 1, 127, 0, 0, 8126.95, 1, 0, 0, 0.04, 616, 85, 7475.00, 20805, 19136
1695274011, 0, 1, 127, 0, 0, 8126.95, 1, 0, 0, 0.25, 617, 85, 7475.00, 20805, 19136
1695274016, 0, 1, 127, 0, 0, 8126.95, 1, 0, 0, 0.21, 618, 85, 7475.00, 20805, 19136
1695274020, 0, 1, 127, 0, 0, 8126.95, 1, 0, 0, 0.22, 619, 85, 7475.00, 20805, 19136
1695274025, 0, 1, 127, 0, 0, 8126.95, 1, 0, 0, 0.23, 620, 85, 7475.00, 20805, 19136
1695274029, 0, 1, 127, 0, 0, 8126.95, 1, 0, 0, 0.21, 621, 85, 7475.00, 20805, 19136
1695274035, 0, 1, 127, 0, 0, 8126.95, 1, 0, 0, 0.19, 622, 85, 7475.00, 20805, 19136
1695274038, 0, 1, 127, 0, 0, 8126.95, 1, 0, 0, 0.27, 623, 85, 7475.00, 20805, 19136
1695274043, 0, 1, 127, 0, 0, 8126.95, 1, 0, 0, 0.23, 624, 85, 7475.00, 20805, 19136
1695274048, 0, 1, 127, 0, 0, 8126.95, 1, 0, 0, 0.20, 625, 85, 7475.00, 20805, 19136
1695274051, 0, 1, 127, 0, 0, 8126.95, 1, 0, 0, 0.26, 626, 85, 7475.00, 20805, 19136
1695274056, 0, 1, 127, 0, 0, 8126.95, 1, 0, 0, 0.20, 627, 85, 7475.00, 20805, 19136
1695274061, 0, 1, 127, 0, 0, 8126.95, 1, 0, 0, 0.21, 628, 85, 7475.00, 20805, 19136
1695274066, 0, 1, 127, 0, 0, 8126.95, 1, 0, 0, 0.23, 629, 85, 7475.00, 20805, 19136
1695274071, 0, 1, 127, 0, 0, 8126.95, 1, 0, 0, 0.19, 630, 85, 7475.00, 20805, 19136
1695274076, 0, 1, 127, 0, 0, 8126.95, 1, 0, 0, 0.21, 631, 85, 7475.00, 20805, 19136
1695274081, 0, 1, 127, 0, 0, 8126.95, 1, 0, 0, 0.19, 632, 85, 7475.00, 20805, 19136
1695274086, 0, 1, 127, 0, 0, 8126.95, 1, 0, 0, 0.20, 633, 85, 7475.00, 20805, 19136
1695274091, 0, 1, 127, 0, 0, 8126.95, 1, 0, 0, 0.20, 634, 85, 7475.00, 20805, 19136
1695274096, 0, 1, 127, 0, 0, 8126.95, 1, 0, 0, 0.19, 635, 85, 7475.00, 20805, 19136
1695274101, 0, 1, 127, 0, 0, 8126.95, 1, 0, 0, 0.20, 636, 85, 7475.00, 20805, 19136
1695274107, 0, 1, 127, 0, 0, 8126.95, 1, 0, 0, 0.18, 637, 85, 7475.00, 20805, 19136
1695274112, 0, 1, 127, 0, 0, 8126.95, 1, 0, 0, 0.21, 638, 85, 7475.00, 20805, 19136
1695274116, 0, 1, 127, 0, 0, 8126.95, 1, 0, 0, 0.25, 639, 85, 7475.00, 20805, 19136
1695274120, 0, 1, 127, 0, 0, 8126.95, 1, 0, 0, 0.22, 640, 85, 7475.00, 20805, 19136
1695274125, 0, 1, 127, 0, 0, 8126.95, 1, 0, 0, 0.22, 641, 85, 7475.00, 20805, 19136
1695274137, 0, 1, 128, 0, 0, 8126.95, 1, 0, 0, 0.08, 642, 85, 7475.00, 20805, 19136
1695274143, 0, 1, 128, 0, 0, 8126.95, 1, 0, 0, 0.17, 643, 85, 7475.00, 20805, 19136
1695274150, 0, 1, 128, 0, 0, 8126.95, 1, 0, 0, 0.15, 644, 85, 7475.00, 20805, 19136
1695274157, 0, 1, 128, 0, 0, 8126.95, 1, 0, 0, 0.15, 645, 85, 7475.00, 20805, 19136
1695274164, 0, 1, 128, 0, 0, 8126.95, 1, 0, 0, 0.14, 646, 85, 7475.00, 20805, 19136
1695274171, 0, 1, 128, 0, 0, 8126.95, 1, 0, 0, 0.14, 647, 85, 7475.00, 20805, 19136
1695274175, 0, 1, 128, 0, 0, 8126.95, 1, 0, 0, 0.24, 648, 85, 7475.00, 20805, 19136
1695274179, 0, 1, 128, 0, 0, 8126.95, 1, 0, 0, 0.23, 649, 85, 7475.00, 20805, 19136
1695274185, 0, 1, 128, 0, 0, 8126.95, 1, 0, 0, 0.20, 650, 85, 7475.00, 20805, 19136
1695274189, 0, 1, 128, 0, 0, 8126.95, 1, 0, 0, 0.22, 651, 85, 7475.00, 20805, 19136
1695274194, 0, 1, 128, 0, 0, 8126.95, 1, 0, 0, 0.19, 652, 85, 7475.00, 20805, 19136
1695274199, 0, 1, 128, 0, 0, 8126.95, 1, 0, 0, 0.21, 653, 85, 7475.00, 20805, 19136
1695274204, 0, 1, 128, 0, 0, 8126.95, 1, 0, 0, 0.21, 654, 85, 7475.00, 20805, 19136
1695274209, 0, 1, 128, 0, 0, 8126.95, 1, 0, 0, 0.20, 655, 85, 7475.00, 20805, 19136
1695274213, 0, 1, 128, 0, 0, 8126.95, 1, 0, 0, 0.24, 656, 85, 7475.00, 20805, 19136
1695274218, 0, 1, 128, 0, 0, 8126.95, 1, 0, 0, 0.21, 657, 85, 7475.00, 20805, 19136
1695274223, 0, 1, 128, 0, 0, 8126.95, 1, 0, 0, 0.18, 658, 85, 7475.00, 20805, 19136
1695274228, 0, 1, 128, 0, 0, 8126.95, 1, 0, 0, 0.19, 659, 85, 7475.00, 20805, 19136
1695274233, 0, 1, 128, 0, 0, 8126.95, 1, 0, 0, 0.20, 660, 85, 7475.00, 20805, 19136
1695274241, 0, 1, 128, 0, 0, 8126.95, 1, 0, 0, 0.14, 661, 85, 7475.00, 20805, 19136
1695274246, 0, 1, 128, 0, 0, 8126.95, 1, 0, 0, 0.18, 662, 85, 7475.00, 20805, 19136
1695274251, 0, 1, 128, 0, 0, 8126.95, 1, 0, 0, 0.23, 663, 85, 7475.00, 20805, 19136
1695274255, 0, 1, 128, 0, 0, 8126.95, 1, 0, 0, 0.25, 664, 85, 7475.00, 20805, 19136
1695274259, 0, 1, 128, 0, 0, 8126.95, 1, 0, 0, 0.22, 665, 85, 7475.00, 20805, 19136
1695274264, 0, 1, 128, 0, 0, 8126.95, 1, 0, 0, 0.21, 666, 85, 7475.00, 20805, 19136
1695274269, 0, 1, 128, 0, 0, 8126.95, 1, 0, 0, 0.22, 667, 85, 7475.00, 20805, 19136
1695274273, 0, 1, 129, 0, 0, 8126.95, 1, 0, 0, 0.23, 668, 85, 7475.00, 20805, 19136
1695274278, 0, 1, 129, 0, 0, 8126.95, 1, 0, 0, 0.22, 669, 85, 7475.00, 20805, 19136
1695274283, 0, 1, 129, 0, 0, 8126.95, 1, 0, 0, 0.18, 670, 85, 7475.00, 20805, 19136
1695274288, 0, 1, 129, 0, 0, 8126.95, 1, 0, 0, 0.20, 671, 85, 7475.00, 20805, 19136
1695274293, 0, 1, 130, 0, 0, 8126.95, 1, 0, 0, 0.19, 672, 85, 7475.00, 20805, 19136
1695274298, 0, 1, 130, 0, 0, 8126.95, 1, 0, 0, 0.19, 673, 85, 7475.00, 20805, 19136
1695274303, 0, 1, 130, 0, 0, 8126.95, 1, 0, 0, 0.20, 674, 85, 7475.00, 20805, 19136
1695274307, 0, 1, 130, 0, 0, 8126.95, 1, 0, 0, 0.24, 675, 85, 7475.00, 20805, 19136
1695274313, 0, 1, 130, 0, 0, 8126.95, 1, 0, 0, 0.19, 676, 85, 7475.00, 20805, 19136
1695274318, 0, 1, 130, 0, 0, 8126.95, 1, 0, 0, 0.19, 677, 85, 7475.00, 20805, 19136
1695274322, 0, 1, 130, 0, 0, 8126.95, 1, 0, 0, 0.22, 678, 85, 7475.00, 20805, 19136
1695274329, 0, 1, 130, 0, 0, 8126.95, 1, 0, 0, 0.16, 679, 85, 7475.00, 20805, 19136
1695274334, 0, 1, 130, 0, 0, 8126.95, 1, 0, 0, 0.19, 680, 85, 7475.00, 20805, 19136
1695274339, 0, 1, 131, 0, 0, 8126.95, 1, 0, 0, 0.21, 681, 85, 7475.00, 20805, 19136
1695274343, 0, 1, 131, 0, 0, 8126.95, 1, 0, 0, 0.24, 682, 85, 7475.00, 20805, 19136
1695274348, 0, 1, 131, 0, 0, 8126.95, 1, 0, 0, 0.20, 683, 85, 7475.00, 20805, 19136
1695274353, 0, 1, 131, 0, 0, 8126.95, 1, 0, 0, 0.19, 684, 85, 7475.00, 20805, 19136
1695274357, 0, 1, 131, 0, 0, 8126.95, 1, 0, 0, 0.23, 685, 85, 7475.00, 20805, 19136
1695274361, 0, 1, 131, 0, 0, 8126.95, 1, 0, 0, 0.24, 686, 85, 7475.00, 20805, 19136
1695274367, 0, 1, 131, 0, 0, 8126.95, 1, 0, 0, 0.17, 687, 85, 7475.00, 20805, 19136
1695274372, 0, 1, 131, 0, 0, 8126.95, 1, 0, 0, 0.20, 688, 85, 7475.00, 20805, 19136
1695274376, 0, 1, 131, 0, 0, 8126.95, 1, 0, 0, 0.25, 689, 85, 7475.00, 20805, 19136
1695274381, 0, 1, 131, 0, 0, 8126.95, 1, 0, 0, 0.19, 690, 85, 7475.00, 20805, 19136
1695274386, 0, 1, 131, 0, 0, 8126.95, 1, 0, 0, 0.21, 691, 85, 7475.00, 20805, 19136
1695274391, 0, 1, 131, 0, 0, 8126.95, 1, 0, 0, 0.20, 692, 85, 7475.00, 20805, 19136
1695274395, 0, 1, 131, 0, 0, 8126.95, 1, 0, 0, 0.22, 693, 85, 7475.00, 20805, 19136
1695274400, 0, 1, 131, 0, 0, 8126.95, 1, 0, 0, 0.21, 694, 85, 7475.00, 20805, 19136
1695274405, 0, 1, 131, 0, 0, 8126.95, 1, 0, 0, 0.22, 695, 85, 7475.00, 20805, 19136
1695274410, 0, 1, 131, 0, 0, 8126.95, 1, 0, 0, 0.20, 696, 85, 7475.00, 20805, 19136
1695274415, 0, 1, 131, 0, 0, 8126.95, 1, 0, 0, 0.20, 697, 85, 7475.00, 20805, 19136
1695274420, 0, 1, 131, 0, 0, 8126.95, 1, 0, 0, 0.21, 698, 85, 7475.00, 20805, 19136
1695274425, 0, 1, 131, 0, 0, 8126.95, 1, 0, 0, 0.19, 699, 85, 7475.00, 20805, 19136
1695274430, 0, 1, 131, 0, 0, 8126.95, 1, 0, 0, 0.18, 700, 85, 7475.00, 20805, 19136
1695274436, 0, 1, 131, 0, 0, 8126.95, 1, 0, 0, 0.18, 701, 85, 7475.00, 20805, 19136
1695274441, 0, 1, 131, 0, 0, 8126.95, 1, 0, 0, 0.20, 702, 85, 7475.00, 20805, 19136
1695274446, 0, 1, 131, 0, 0, 8126.95, 1, 0, 0, 0.19, 703, 85, 7475.00, 20805, 19136
1695274451, 0, 1, 131, 0, 0, 8126.95, 1, 0, 0, 0.20, 704, 85, 7475.00, 20805, 19136
1695274456, 0, 1, 131, 0, 0, 8126.95, 1, 0, 0, 0.19, 705, 85, 7475.00, 20805, 19136
1695274462, 0, 1, 131, 0, 0, 8126.95, 1, 0, 0, 0.19, 706, 85, 7475.00, 20805, 19136
1695274468, 0, 1, 131, 0, 0, 8126.95, 1, 0, 0, 0.17, 707, 85, 7475.00, 20805, 19136
1695274472, 0, 1, 131, 0, 0, 8126.95, 1, 0, 0, 0.21, 708, 85, 7475.00, 20805, 19136
1695274477, 0, 1, 132, 0, 0, 8126.95, 1, 0, 0, 0.20, 709, 85, 7475.00, 20805, 19136
1695274482, 0, 1, 132, 0, 0, 8126.95, 1, 0, 0, 0.20, 710, 85, 7475.00, 20805, 19136
1695274486, 0, 1, 133, 0, 0, 8126.95, 1, 0, 0, 0.24, 711, 85, 7475.00, 20805, 19136
1695274492, 0, 1, 133, 0, 0, 8126.95, 1, 0, 0, 0.19, 712, 85, 7475.00, 20805, 19136
1695274497, 0, 1, 133, 0, 0, 8126.95, 1, 0, 0, 0.18, 713, 85, 7475.00, 20805, 19136
1695274503, 0, 1, 134, 0, 0, 8126.95, 1, 0, 0, 0.17, 714, 85, 7475.00, 20805, 19136
1695274509, 0, 1, 135, 0, 0, 8126.95, 1, 0, 0, 0.18, 715, 85, 7475.00, 20805, 19136
1695274514, 0, 1, 136, 0, 0, 8126.95, 1, 0, 0, 0.19, 716, 85, 7475.00, 20805, 19136
1695274519, 0, 1, 136, 0, 0, 8126.95, 1, 0, 0, 0.19, 717, 85, 7475.00, 20805, 19136
1695274525, 0, 1, 136, 0, 0, 8126.95, 1, 0, 0, 0.16, 718, 85, 7475.00, 20805, 19136
1695274529, 0, 1, 136, 0, 0, 8126.95, 1, 0, 0, 0.24, 719, 85, 7475.00, 20805, 19136
1695274535, 0, 1, 136, 0, 0, 8126.95, 1, 0, 0, 0.18, 720, 85, 7475.00, 20805, 19136
1695274540, 0, 1, 136, 0, 0, 8126.95, 1, 0, 0, 0.18, 721, 85, 7475.00, 20805, 19136
1695274546, 0, 1, 136, 0, 0, 8126.95, 1, 0, 0, 0.17, 722, 85, 7475.00, 20805, 19136
1695274552, 0, 1, 136, 0, 0, 8126.95, 1, 0, 0, 0.18, 723, 85, 7475.00, 20805, 19136
1695274556, 0, 1, 136, 0, 0, 8126.95, 1, 0, 0, 0.23, 724, 85, 7475.00, 20805, 19136
1695274560, 0, 1, 136, 0, 0, 8126.95, 1, 0, 0, 0.25, 725, 85, 7475.00, 20805, 19136
1695274566, 0, 1, 136, 0, 0, 8126.95, 1, 0, 0, 0.16, 726, 85, 7475.00, 20805, 19136
1695274572, 0, 1, 136, 0, 0, 8126.95, 1, 0, 0, 0.19, 727, 85, 7475.00, 20805, 19136
1695274576, 0, 1, 136, 0, 0, 8126.95, 1, 0, 0, 0.22, 728, 85, 7475.00, 20805, 19136
1695274582, 0, 1, 136, 0, 0, 8126.95, 1, 0, 0, 0.18, 729, 85, 7475.00, 20805, 19136
1695274588, 0, 1, 136, 0, 0, 8126.95, 1, 0, 0, 0.17, 730, 85, 7475.00, 20805, 19136
1695274593, 0, 1, 136, 0, 0, 8126.95, 1, 0, 0, 0.20, 731, 85, 7475.00, 20805, 19136
1695274599, 0, 1, 136, 0, 0, 8126.95, 1, 0, 0, 0.16, 732, 85, 7475.00, 20805, 19136
1695274604, 0, 1, 136, 0, 0, 8126.95, 1, 0, 0, 0.22, 733, 85, 7475.00, 20805, 19136
1695274609, 0, 1, 136, 0, 0, 8126.95, 1, 0, 0, 0.19, 734, 85, 7475.00, 20805, 19136
1695274614, 0, 1, 136, 0, 0, 8126.95, 1, 0, 0, 0.21, 735, 85, 7475.00, 20805, 19136
1695274619, 0, 1, 136, 0, 0, 8126.95, 1, 0, 0, 0.20, 736, 85, 7475.00, 20805, 19136
1695274624, 0, 1, 136, 0, 0, 8126.95, 1, 0, 0, 0.18, 737, 85, 7475.00, 20805, 19136
1695274630, 0, 1, 136, 0, 0, 8126.95, 1, 0, 0, 0.17, 738, 85, 7475.00, 20805, 19136
1695274635, 0, 1, 136, 0, 0, 8126.95, 1, 0, 0, 0.19, 739, 85, 7475.00, 20805, 19136
1695274640, 0, 1, 136, 0, 0, 8126.95, 1, 0, 0, 0.22, 740, 85, 7475.00, 20805, 19136
1695274645, 0, 1, 137, 0, 0, 8126.95, 1, 0, 0, 0.19, 741, 85, 7475.00, 20805, 19136
1695274650, 0, 1, 137, 0, 0, 8126.95, 1, 0, 0, 0.19, 742, 85, 7475.00, 20805, 19136
1695274656, 0, 1, 137, 0, 0, 8126.95, 1, 0, 0, 0.17, 743, 85, 7475.00, 20805, 19136
1695274662, 0, 1, 137, 0, 0, 8126.95, 1, 0, 0, 0.18, 744, 85, 7475.00, 20805, 19136
1695274667, 0, 1, 137, 0, 0, 8126.95, 1, 0, 0, 0.20, 745, 85, 7475.00, 20805, 19136
1695274672, 0, 1, 137, 0, 0, 8126.95, 1, 0, 0, 0.19, 746, 85, 7475.00, 20805, 19136
1695274677, 0, 1, 137, 0, 0, 8126.95, 1, 0, 0, 0.20, 747, 85, 7475.00, 20805, 19136
1695274683, 0, 1, 137, 0, 0, 8126.95, 1, 0, 0, 0.17, 748, 85, 7475.00, 20805, 19136
1695274688, 0, 1, 137, 0, 0, 8126.95, 1, 0, 0, 0.20, 749, 85, 7475.00, 20805, 19136
1695274694, 0, 1, 137, 0, 0, 8126.95, 1, 0, 0, 0.16, 750, 85, 7475.00, 20805, 19136
1695274700, 0, 1, 137, 0, 0, 8126.95, 1, 0, 0, 0.17, 751, 85, 7475.00, 20805, 19136
1695274705, 0, 1, 137, 0, 0, 8126.95, 1, 0, 0, 0.20, 752, 85, 7475.00, 20805, 19136
1695274711, 0, 1, 137, 0, 0, 8126.95, 1, 0, 0, 0.17, 753, 85, 7475.00, 20805, 19136
1695274716, 0, 1, 137, 0, 0, 8126.95, 1, 0, 0, 0.20, 754, 85, 7475.00, 20805, 19136
1695274720, 0, 1, 137, 0, 0, 8126.95, 1, 0, 0, 0.24, 755, 85, 7475.00, 20805, 19136
1695274725, 0, 1, 137, 0, 0, 8126.95, 1, 0, 0, 0.20, 756, 85, 7475.00, 20805, 19136
1695274730, 0, 1, 137, 0, 0, 8126.95, 1, 0, 0, 0.18, 757, 85, 7475.00, 20805, 19136
1695274735, 0, 1, 137, 0, 0, 8126.95, 1, 0, 0, 0.20, 758, 85, 7475.00, 20805, 19136
1695274740, 0, 1, 137, 0, 0, 8126.95, 1, 0, 0, 0.21, 759, 85, 7475.00, 20805, 19136
1695274745, 0, 1, 137, 0, 0, 8126.95, 1, 0, 0, 0.20, 760, 85, 7475.00, 20805, 19136
1695274750, 0, 1, 137, 0, 0, 8126.95, 1, 0, 0, 0.20, 761, 85, 7475.00, 20805, 19136
1695274756, 0, 1, 137, 0, 0, 8126.95, 1, 0, 0, 0.18, 762, 85, 7475.00, 20805, 19136
1695274761, 0, 1, 137, 0, 0, 8126.95, 1, 0, 0, 0.18, 763, 85, 7475.00, 20805, 19136
1695274767, 0, 1, 137, 0, 0, 8126.95, 1, 0, 0, 0.19, 764, 85, 7475.00, 20805, 19136
1695274772, 0, 1, 137, 0, 0, 8126.95, 1, 0, 0, 0.17, 765, 85, 7475.00, 20805, 19136
1695274778, 0, 1, 137, 0, 0, 8126.95, 1, 0, 0, 0.17, 766, 85, 7475.00, 20805, 19136
1695274783, 0, 1, 137, 0, 0, 8126.95, 1, 0, 0, 0.20, 767, 85, 7475.00, 20805, 19136
1695274790, 0, 1, 137, 0, 0, 8126.95, 1, 0, 0, 0.15, 768, 85, 7475.00, 20805, 19136
1695274795, 0, 1, 137, 0, 0, 8126.95, 1, 0, 0, 0.19, 769, 85, 7475.00, 20805, 19136
1695274801, 0, 1, 137, 0, 0, 8126.95, 1, 0, 0, 0.19, 770, 85, 7475.00, 20805, 19136
1695274808, 0, 1, 138, 0, 0, 8126.95, 1, 0, 0, 0.14, 771, 85, 7475.00, 20805, 19136
1695274814, 0, 1, 138, 0, 0, 8126.95, 1, 0, 0, 0.16, 772, 85, 7475.00, 20805, 19136
1695274820, 0, 1, 138, 0, 0, 8126.95, 1, 0, 0, 0.17, 773, 85, 7475.00, 20805, 19136
1695274826, 0, 1, 138, 0, 0, 8126.95, 1, 0, 0, 0.17, 774, 85, 7475.00, 20805, 19136
1695274831, 0, 1, 138, 0, 0, 8126.95, 1, 0, 0, 0.20, 775, 85, 7475.00, 20805, 19136
1695274837, 0, 1, 138, 0, 0, 8126.95, 1, 0, 0, 0.17, 776, 85, 7475.00, 20805, 19136
1695274842, 0, 1, 138, 0, 0, 8126.95, 1, 0, 0, 0.20, 777, 85, 7475.00, 20805, 19136
1695274847, 0, 1, 138, 0, 0, 8126.95, 1, 0, 0, 0.18, 778, 85, 7475.00, 20805, 19136
1695274852, 0, 1, 138, 0, 0, 8126.95, 1, 0, 0, 0.19, 779, 85, 7475.00, 20805, 19136
1695274857, 0, 1, 138, 0, 0, 8126.95, 1, 0, 0, 0.20, 780, 85, 7475.00, 20805, 19136
1695274863, 0, 1, 138, 0, 0, 8126.95, 1, 0, 0, 0.20, 781, 85, 7475.00, 20805, 19136
1695274868, 0, 1, 138, 0, 0, 8126.95, 1, 0, 0, 0.18, 782, 85, 7475.00, 20805, 19136
1695274873, 0, 1, 138, 0, 0, 8126.95, 1, 0, 0, 0.20, 783, 85, 7475.00, 20805, 19136
1695274878, 0, 1, 138, 0, 0, 8126.95, 1, 0, 0, 0.19, 784, 85, 7475.00, 20805, 19136
1695274886, 0, 1, 138, 0, 0, 8126.95, 1, 0, 0, 0.13, 785, 85, 7475.00, 20805, 19136
1695274891, 0, 1, 138, 0, 0, 8126.95, 1, 0, 0, 0.22, 786, 85, 7475.00, 20805, 19136
1695274896, 0, 1, 138, 0, 0, 8126.95, 1, 0, 0, 0.19, 787, 85, 7475.00, 20805, 19136
1695274902, 0, 1, 138, 0, 0, 8126.95, 1, 0, 0, 0.17, 788, 85, 7475.00, 20805, 19136
1695274908, 0, 1, 138, 0, 0, 8126.95, 1, 0, 0, 0.18, 789, 85, 7475.00, 20805, 19136
1695274913, 0, 1, 138, 0, 0, 8126.95, 1, 0, 0, 0.17, 790, 85, 7475.00, 20805, 19136
1695274920, 0, 1, 138, 0, 0, 8126.95, 1, 0, 0, 0.15, 791, 85, 7475.00, 20805, 19136
1695274925, 0, 1, 138, 0, 0, 8126.95, 1, 0, 0, 0.19, 792, 85, 7475.00, 20805, 19136
1695274932, 0, 1, 138, 0, 0, 8126.95, 1, 0, 0, 0.14, 793, 85, 7475.00, 20805, 19136
1695274939, 0, 1, 138, 0, 0, 8126.95, 1, 0, 0, 0.14, 794, 85, 7475.00, 20805, 19136
1695274946, 0, 1, 138, 0, 0, 8126.95, 1, 0, 0, 0.15, 795, 85, 7475.00, 20805, 19136
1695274953, 0, 1, 138, 0, 0, 8126.95, 1, 0, 0, 0.14, 796, 85, 7475.00, 20805, 19136
1695274958, 0, 1, 138, 0, 0, 8126.95, 1, 0, 0, 0.19, 797, 85, 7475.00, 20805, 19136
1695274964, 0, 1, 138, 0, 0, 8126.95, 1, 0, 0, 0.18, 798, 85, 7475.00, 20805, 19136
1695274971, 0, 1, 138, 0, 0, 8126.95, 1, 0, 0, 0.14, 799, 85, 7475.00, 20805, 19136
1695274977, 0, 1, 138, 0, 0, 8126.95, 1, 0, 0, 0.16, 800, 85, 7475.00, 20805, 19136
1695274983, 0, 1, 138, 0, 0, 8126.95, 1, 0, 0, 0.16, 801, 85, 7475.00, 20805, 19136
1695274990, 0, 1, 138, 0, 0, 8126.95, 1, 0, 0, 0.15, 802, 85, 7475.00, 20805, 19136
1695274995, 0, 1, 138, 0, 0, 8126.95, 1, 0, 0, 0.20, 803, 85, 7475.00, 20805, 19136
1695275000, 0, 1, 138, 0, 0, 8126.95, 1, 0, 0, 0.19, 804, 85, 7475.00, 20805, 19136
1695275005, 0, 1, 138, 0, 0, 8126.95, 1, 0, 0, 0.20, 805, 85, 7475.00, 20805, 19136
1695275010, 0, 1, 138, 0, 0, 8126.95, 1, 0, 0, 0.20, 806, 85, 7475.00, 20805, 19136
1695275016, 0, 1, 138, 0, 0, 8126.95, 1, 0, 0, 0.16, 807, 85, 7475.00, 20805, 19136
1695275022, 0, 1, 138, 0, 0, 8126.95, 1, 0, 0, 0.17, 808, 85, 7475.00, 20805, 19136
1695275027, 0, 1, 138, 0, 0, 8126.95, 1, 0, 0, 0.20, 809, 85, 7475.00, 20805, 19136
1695275033, 0, 1, 138, 0, 0, 8126.95, 1, 0, 0, 0.18, 810, 85, 7475.00, 20805, 19136
1695275039, 0, 1, 138, 0, 0, 8126.95, 1, 0, 0, 0.16, 811, 85, 7475.00, 20805, 19136
1695275044, 0, 1, 138, 0, 0, 8126.95, 1, 0, 0, 0.20, 812, 85, 7475.00, 20805, 19136
1695275050, 0, 1, 138, 0, 0, 8126.95, 1, 0, 0, 0.19, 813, 85, 7475.00, 20805, 19136
1695275056, 0, 1, 138, 0, 0, 8126.95, 1, 0, 0, 0.15, 814, 85, 7475.00, 20805, 19136
1695275062, 0, 1, 138, 0, 0, 8126.95, 1, 0, 0, 0.17, 815, 85, 7475.00, 20805, 19136
1695275067, 0, 1, 138, 0, 0, 8126.95, 1, 0, 0, 0.20, 816, 85, 7475.00, 20805, 19136
1695275074, 0, 1, 138, 0, 0, 8126.95, 1, 0, 0, 0.15, 817, 85, 7475.00, 20805, 19136
1695275079, 0, 1, 138, 0, 0, 8126.95, 1, 0, 0, 0.18, 818, 85, 7475.00, 20805, 19136
1695275085, 0, 1, 138, 0, 0, 8126.95, 1, 0, 0, 0.19, 819, 85, 7475.00, 20805, 19136
1695275090, 0, 1, 138, 0, 0, 8126.95, 1, 0, 0, 0.19, 820, 85, 7475.00, 20805, 19136
1695275095, 0, 1, 138, 0, 0, 8126.95, 1, 0, 0, 0.22, 821, 85, 7475.00, 20805, 19136
1695275101, 0, 1, 138, 0, 0, 8126.95, 1, 0, 0, 0.16, 822, 85, 7475.00, 20805, 19136
1695275107, 0, 1, 138, 0, 0, 8126.95, 1, 0, 0, 0.16, 823, 85, 7475.00, 20805, 19136
1695275112, 0, 1, 138, 0, 0, 8126.95, 1, 0, 0, 0.20, 824, 85, 7475.00, 20805, 19136
1695275118, 0, 1, 138, 0, 0, 8126.95, 1, 0, 0, 0.19, 825, 85, 7475.00, 20805, 19136
1695275123, 0, 1, 138, 0, 0, 8126.95, 1, 0, 0, 0.19, 826, 85, 7475.00, 20805, 19136
1695275129, 0, 1, 138, 0, 0, 8126.95, 1, 0, 0, 0.17, 827, 85, 7475.00, 20805, 19136
1695275134, 0, 1, 138, 0, 0, 8126.95, 1, 0, 0, 0.19, 828, 85, 7475.00, 20805, 19136
1695275139, 0, 1, 138, 0, 0, 8126.95, 1, 0, 0, 0.21, 829, 85, 7475.00, 20805, 19136
1695275145, 0, 1, 138, 0, 0, 8126.95, 1, 0, 0, 0.18, 830, 85, 7475.00, 20805, 19136
1695275150, 0, 1, 138, 0, 0, 8126.95, 1, 0, 0, 0.18, 831, 85, 7475.00, 20805, 19136
1695275155, 0, 1, 138, 0, 0, 8126.95, 1, 0, 0, 0.21, 832, 85, 7475.00, 20805, 19136
1695275161, 0, 1, 138, 0, 0, 8126.95, 1, 0, 0, 0.18, 833, 85, 7475.00, 20805, 19136
1695275166, 0, 1, 138, 0, 0, 8126.95, 1, 0, 0, 0.20, 834, 85, 7475.00, 20805, 19136
1695275170, 0, 1, 138, 0, 0, 8126.95, 1, 0, 0, 0.21, 835, 85, 7475.00, 20805, 19136
1695275176, 0, 1, 138, 0, 0, 8126.95, 1, 0, 0, 0.18, 836, 85, 7475.00, 20805, 19136
1695275181, 0, 1, 138, 0, 0, 8126.95, 1, 0, 0, 0.20, 837, 85, 7475.00, 20805, 19136
1695275185, 0, 1, 138, 0, 0, 8126.95, 1, 0, 0, 0.22, 838, 85, 7475.00, 20805, 19136
1695275191, 0, 1, 138, 0, 0, 8126.95, 1, 0, 0, 0.19, 839, 85, 7475.00, 20805, 19136
1695275197, 0, 1, 138, 0, 0, 8126.95, 1, 0, 0, 0.16, 840, 85, 7475.00, 20805, 19136
1695275202, 0, 1, 138, 0, 0, 8126.95, 1, 0, 0, 0.19, 841, 85, 7475.00, 20805, 19136
1695275208, 0, 1, 138, 0, 0, 8126.95, 1, 0, 0, 0.18, 842, 85, 7475.00, 20805, 19136
1695275213, 0, 1, 138, 0, 0, 8126.95, 1, 0, 0, 0.18, 843, 85, 7475.00, 20805, 19136
1695275213, 0, 1, 138, 0, 0, 8126.95, 1, 0, 0, 0.00, 843, 85, 7475.00, 20805, 19136
