# unix_time, cycles_done, cur_path, paths_total, pending_total, pending_favs, map_size, unique_crashes, unique_hangs, max_depth, execs_per_sec, valid_inputs, invalid_inputs, valid_cov, all_covered_probes, valid_covered_probes
1695461561, 0, 0, 1, 0, 0, 3711.33, 0, 0, 0, 0.36, 1, 0, 3711.33, 9501, 9501
1695461561, 0, 0, 8, 0, 0, 3814.45, 0, 0, 0, 26.14, 9, 0, 3814.45, 9765, 9765
1695461561, 0, 0, 9, 0, 0, 4390.23, 0, 0, 0, 2.58, 9, 1, 3814.45, 11239, 9765
1695461586, 0, 0, 14, 0, 0, 24650.39, 0, 0, 0, 0.24, 13, 3, 24440.23, 63105, 62567
1695461599, 0, 0, 18, 0, 0, 25406.25, 0, 0, 0, 0.32, 15, 5, 24928.91, 65040, 63818
1695461612, 0, 0, 20, 0, 0, 25755.47, 1, 0, 0, 0.23, 16, 7, 25200.39, 65934, 64513
1695461613, 0, 0, 22, 0, 0, 25763.67, 1, 0, 0, 4.42, 17, 8, 25204.69, 65955, 64524
1695461613, 0, 0, 27, 0, 0, 25887.11, 1, 0, 0, 23.95, 22, 11, 25328.13, 66271, 64840
1695461613, 0, 0, 31, 0, 0, 25887.50, 1, 0, 0, 39.89, 35, 12, 25328.52, 66272, 64841
1695461614, 0, 0, 32, 0, 0, 25888.67, 1, 0, 0, 44.73, 48, 13, 25329.69, 66275, 64844
1695461635, 0, 0, 32, 0, 0, 25888.67, 2, 0, 0, 0.19, 50, 15, 25329.69, 66275, 64844
1695461652, 0, 0, 34, 0, 0, 25917.97, 2, 0, 0, 0.24, 54, 15, 25371.88, 66350, 64952
1695461663, 0, 0, 36, 0, 0, 25929.69, 2, 0, 0, 0.18, 56, 15, 25383.59, 66380, 64982
1695461677, 0, 0, 38, 0, 0, 25936.72, 2, 0, 0, 0.14, 58, 15, 25390.63, 66398, 65000
1695461687, 0, 0, 43, 0, 0, 25937.50, 2, 0, 0, 0.47, 62, 16, 25391.41, 66400, 65002
1695461699, 0, 0, 47, 0, 0, 25939.84, 2, 0, 0, 0.44, 65, 18, 25393.75, 66406, 65008
1695461711, 0, 0, 54, 0, 0, 26121.09, 2, 0, 0, 1.77, 82, 22, 25571.88, 66870, 65464
1695461722, 0, 0, 60, 0, 0, 26142.19, 2, 0, 0, 1.51, 95, 27, 25586.33, 66924, 65501
1695461733, 0, 0, 66, 0, 0, 26156.64, 2, 0, 0, 1.22, 103, 32, 25594.53, 66961, 65522
1695461744, 0, 0, 68, 0, 0, 26156.64, 2, 0, 0, 0.19, 104, 33, 25594.53, 66961, 65522
1695461744, 0, 1, 71, 0, 0, 26156.64, 2, 0, 0, 31.79, 112, 36, 25594.53, 66961, 65522
1695461755, 0, 1, 72, 0, 0, 26167.58, 2, 0, 0, 0.09, 113, 36, 25605.47, 66989, 65550
1695461755, 0, 1, 75, 0, 0, 26167.58, 2, 0, 0, 53.33, 124, 41, 25605.47, 66989, 65550
1695461802, 0, 1, 77, 0, 0, 26389.06, 2, 0, 0, 0.08, 127, 42, 25826.95, 67556, 66117
1695461816, 0, 1, 80, 0, 0, 26389.45, 2, 0, 0, 0.52, 133, 43, 25827.34, 67557, 66118
1695461829, 0, 1, 81, 0, 0, 26389.84, 2, 0, 0, 0.08, 134, 43, 25827.73, 67558, 66119
1695461843, 0, 2, 83, 0, 0, 26392.19, 2, 0, 0, 0.35, 139, 43, 25830.08, 67564, 66125
1695461844, 0, 2, 90, 0, 0, 26392.97, 2, 0, 0, 110.39, 160, 56, 25830.47, 67566, 66126
1695461857, 0, 2, 91, 0, 0, 26392.97, 2, 0, 0, 0.15, 162, 56, 25830.47, 67566, 66126
1695461870, 0, 4, 92, 0, 0, 26392.97, 2, 0, 0, 1.29, 173, 61, 25830.47, 67566, 66126
1695461883, 0, 4, 96, 0, 0, 26394.53, 2, 0, 0, 0.87, 182, 64, 25831.25, 67570, 66128
1695461896, 0, 4, 98, 0, 0, 26394.92, 2, 0, 0, 0.47, 186, 66, 25831.64, 67571, 66129
1695461896, 0, 4, 100, 0, 0, 26394.92, 2, 0, 0, 26.23, 191, 69, 25831.64, 67571, 66129
1695461911, 0, 4, 101, 0, 0, 26396.88, 2, 0, 0, 0.14, 193, 69, 25833.59, 67576, 66134
1695461927, 0, 5, 103, 0, 0, 26398.05, 2, 0, 0, 0.12, 195, 69, 25834.77, 67579, 66137
1695461939, 0, 8, 106, 0, 0, 26414.45, 2, 0, 0, 1.02, 204, 72, 25851.17, 67621, 66179
1695461952, 0, 8, 108, 0, 0, 26414.45, 2, 0, 0, 0.31, 207, 73, 25851.17, 67621, 66179
1695461964, 0, 8, 110, 0, 0, 26416.80, 2, 0, 0, 0.26, 208, 75, 25853.52, 67627, 66185
1695461977, 0, 8, 113, 0, 0, 26417.58, 2, 0, 0, 0.79, 212, 82, 25854.30, 67629, 66187
1695461989, 0, 8, 115, 0, 0, 26427.34, 2, 0, 0, 1.85, 219, 96, 25864.06, 67654, 66212
1695461989, 0, 8, 117, 0, 0, 26427.34, 2, 0, 0, 60.70, 225, 109, 25864.06, 67654, 66212
1695462002, 0, 8, 118, 0, 0, 26431.25, 2, 0, 0, 0.23, 226, 111, 25867.97, 67664, 66222
1695462015, 0, 8, 122, 0, 0, 26431.64, 2, 0, 0, 1.17, 230, 122, 25868.36, 67665, 66223
1695462015, 0, 8, 124, 0, 0, 26431.64, 2, 0, 0, 92.41, 240, 140, 25868.36, 67665, 66223
1695462028, 0, 10, 125, 0, 0, 26432.42, 2, 0, 0, 0.95, 245, 147, 25869.14, 67667, 66225
1695462048, 0, 10, 127, 0, 0, 26433.98, 2, 0, 0, 1.15, 250, 165, 25870.70, 67671, 66229
1695462067, 0, 10, 129, 0, 0, 26433.98, 2, 0, 0, 0.43, 253, 170, 25870.70, 67671, 66229
1695462086, 0, 10, 131, 0, 0, 26435.55, 2, 0, 0, 0.57, 258, 176, 25872.27, 67675, 66233
1695462086, 0, 10, 134, 0, 0, 26435.55, 2, 0, 0, 41.94, 261, 186, 25872.27, 67675, 66233
1695462102, 0, 10, 135, 0, 0, 26435.55, 2, 0, 0, 0.45, 265, 189, 25872.27, 67675, 66233
1695462113, 0, 10, 136, 0, 0, 26435.55, 2, 0, 0, 0.18, 267, 189, 25872.27, 67675, 66233
1695462126, 0, 10, 137, 0, 0, 26435.55, 2, 0, 0, 0.45, 271, 191, 25872.27, 67675, 66233
1695462140, 0, 10, 138, 0, 0, 26436.72, 2, 0, 0, 0.22, 272, 193, 25873.44, 67678, 66236
1695462155, 0, 10, 141, 0, 0, 26436.72, 2, 0, 0, 0.19, 275, 193, 25873.44, 67678, 66236
1695462168, 0, 12, 144, 0, 0, 26436.72, 2, 0, 0, 1.69, 283, 207, 25873.44, 67678, 66236
1695462182, 0, 12, 146, 0, 0, 26436.72, 2, 0, 0, 0.79, 287, 214, 25873.44, 67678, 66236
1695462195, 0, 13, 148, 0, 0, 26436.72, 2, 0, 0, 1.02, 293, 221, 25873.44, 67678, 66236
1695462207, 0, 13, 149, 0, 0, 26436.72, 2, 0, 0, 0.08, 294, 221, 25873.44, 67678, 66236
1695462219, 0, 13, 150, 0, 0, 26436.72, 2, 0, 0, 0.08, 295, 221, 25873.44, 67678, 66236
1695462231, 0, 13, 151, 0, 0, 26436.72, 2, 0, 0, 0.09, 296, 221, 25873.44, 67678, 66236
1695462243, 0, 13, 152, 0, 0, 26437.11, 2, 0, 0, 0.08, 297, 221, 25873.83, 67679, 66237
1695462260, 0, 13, 153, 0, 0, 26437.11, 2, 0, 0, 0.06, 298, 221, 25873.83, 67679, 66237
1695462275, 0, 13, 154, 0, 0, 26437.11, 2, 0, 0, 0.07, 299, 221, 25873.83, 67679, 66237
1695462294, 0, 13, 155, 0, 0, 26437.11, 2, 0, 0, 0.05, 300, 221, 25873.83, 67679, 66237
1695462306, 0, 13, 156, 0, 0, 26437.11, 2, 0, 0, 0.08, 301, 221, 25873.83, 67679, 66237
1695462319, 0, 13, 156, 0, 0, 26437.11, 2, 0, 0, 0.08, 302, 221, 25873.83, 67679, 66237
1695462331, 0, 13, 156, 0, 0, 26437.11, 2, 0, 0, 0.08, 303, 221, 25873.83, 67679, 66237
1695462360, 0, 13, 157, 0, 0, 26437.11, 2, 0, 0, 0.03, 304, 221, 25873.83, 67679, 66237
1695462372, 0, 13, 158, 0, 0, 26437.11, 2, 0, 0, 0.08, 305, 221, 25873.83, 67679, 66237
1695462385, 0, 13, 159, 0, 0, 26437.11, 2, 0, 0, 0.08, 306, 221, 25873.83, 67679, 66237
1695462396, 0, 13, 160, 0, 0, 26437.11, 2, 0, 0, 0.09, 307, 221, 25873.83, 67679, 66237
1695462409, 0, 13, 161, 0, 0, 26437.11, 2, 0, 0, 0.08, 308, 221, 25873.83, 67679, 66237
1695462422, 0, 13, 162, 0, 0, 26437.11, 2, 0, 0, 0.08, 309, 221, 25873.83, 67679, 66237
1695462434, 0, 13, 163, 0, 0, 26437.11, 2, 0, 0, 0.08, 310, 221, 25873.83, 67679, 66237
1695462446, 0, 13, 163, 0, 0, 26437.11, 2, 0, 0, 0.08, 311, 221, 25873.83, 67679, 66237
1695462458, 0, 13, 164, 0, 0, 26437.11, 2, 0, 0, 0.08, 312, 221, 25873.83, 67679, 66237
1695462470, 0, 13, 165, 0, 0, 26437.11, 2, 0, 0, 0.08, 313, 221, 25873.83, 67679, 66237
1695462482, 0, 13, 166, 0, 0, 26437.11, 2, 0, 0, 0.09, 314, 221, 25873.83, 67679, 66237
1695462494, 0, 13, 167, 0, 0, 26437.11, 2, 0, 0, 0.08, 315, 221, 25873.83, 67679, 66237
1695462507, 0, 13, 168, 0, 0, 26437.11, 2, 0, 0, 0.08, 316, 221, 25873.83, 67679, 66237
1695462519, 0, 13, 169, 0, 0, 26437.11, 2, 0, 0, 0.09, 317, 221, 25873.83, 67679, 66237
1695462530, 0, 13, 170, 0, 0, 26437.11, 2, 0, 0, 0.09, 318, 221, 25873.83, 67679, 66237
1695462542, 0, 13, 171, 0, 0, 26437.11, 2, 0, 0, 0.09, 319, 221, 25873.83, 67679, 66237
1695462553, 0, 13, 171, 0, 0, 26437.11, 2, 0, 0, 0.09, 320, 221, 25873.83, 67679, 66237
1695462565, 0, 13, 171, 0, 0, 26437.11, 2, 0, 0, 0.08, 321, 221, 25873.83, 67679, 66237
1695462577, 0, 13, 171, 0, 0, 26437.11, 2, 0, 0, 0.08, 322, 221, 25873.83, 67679, 66237
1695462589, 0, 13, 172, 0, 0, 26437.11, 2, 0, 0, 0.09, 323, 221, 25873.83, 67679, 66237
1695462621, 0, 13, 173, 0, 0, 26437.11, 2, 0, 0, 0.03, 324, 221, 25873.83, 67679, 66237
1695462633, 0, 13, 174, 0, 0, 26437.11, 2, 0, 0, 0.08, 325, 221, 25873.83, 67679, 66237
1695462644, 0, 13, 175, 0, 0, 26437.11, 2, 0, 0, 0.09, 326, 221, 25873.83, 67679, 66237
1695462657, 0, 13, 176, 0, 0, 26437.11, 2, 0, 0, 0.08, 327, 221, 25873.83, 67679, 66237
1695462669, 0, 13, 177, 0, 0, 26437.11, 2, 0, 0, 0.08, 328, 221, 25873.83, 67679, 66237
1695462682, 0, 13, 177, 0, 0, 26437.11, 2, 0, 0, 0.08, 329, 221, 25873.83, 67679, 66237
1695462694, 0, 13, 178, 0, 0, 26437.11, 2, 0, 0, 0.08, 330, 221, 25873.83, 67679, 66237
1695462706, 0, 13, 178, 0, 0, 26437.11, 2, 0, 0, 0.08, 331, 221, 25873.83, 67679, 66237
1695462718, 0, 13, 179, 0, 0, 26437.11, 2, 0, 0, 0.08, 332, 221, 25873.83, 67679, 66237
1695462732, 0, 13, 180, 0, 0, 26437.11, 2, 0, 0, 0.07, 333, 221, 25873.83, 67679, 66237
1695462743, 0, 13, 180, 0, 0, 26437.11, 2, 0, 0, 0.09, 334, 221, 25873.83, 67679, 66237
1695462755, 0, 13, 181, 0, 0, 26437.11, 2, 0, 0, 0.08, 335, 221, 25873.83, 67679, 66237
1695462767, 0, 13, 182, 0, 0, 26437.11, 2, 0, 0, 0.09, 336, 221, 25873.83, 67679, 66237
1695462778, 0, 13, 182, 0, 0, 26437.11, 2, 0, 0, 0.09, 337, 221, 25873.83, 67679, 66237
1695462790, 0, 13, 183, 0, 0, 26437.11, 2, 0, 0, 0.08, 338, 221, 25873.83, 67679, 66237
1695462802, 0, 13, 184, 0, 0, 26437.11, 2, 0, 0, 0.08, 339, 221, 25873.83, 67679, 66237
1695462815, 0, 13, 185, 0, 0, 26437.11, 2, 0, 0, 0.08, 340, 221, 25873.83, 67679, 66237
1695462827, 0, 13, 186, 0, 0, 26437.11, 2, 0, 0, 0.08, 341, 221, 25873.83, 67679, 66237
1695462839, 0, 13, 187, 0, 0, 26437.11, 2, 0, 0, 0.09, 342, 221, 25873.83, 67679, 66237
1695462853, 0, 13, 188, 0, 0, 26437.11, 2, 0, 0, 0.07, 343, 221, 25873.83, 67679, 66237
1695462865, 0, 13, 188, 0, 0, 26437.11, 2, 0, 0, 0.09, 344, 221, 25873.83, 67679, 66237
1695462876, 0, 13, 189, 0, 0, 26437.11, 2, 0, 0, 0.09, 345, 221, 25873.83, 67679, 66237
1695462887, 0, 13, 189, 0, 0, 26437.11, 2, 0, 0, 0.09, 346, 221, 25873.83, 67679, 66237
1695462899, 0, 13, 189, 0, 0, 26437.11, 2, 0, 0, 0.09, 347, 221, 25873.83, 67679, 66237
1695462911, 0, 13, 190, 0, 0, 26437.11, 2, 0, 0, 0.08, 348, 221, 25873.83, 67679, 66237
1695462922, 0, 13, 190, 0, 0, 26437.11, 2, 0, 0, 0.09, 349, 221, 25873.83, 67679, 66237
1695462934, 0, 13, 191, 0, 0, 26437.11, 2, 0, 0, 0.08, 350, 221, 25873.83, 67679, 66237
1695462946, 0, 13, 191, 0, 0, 26437.11, 2, 0, 0, 0.09, 351, 221, 25873.83, 67679, 66237
1695462957, 0, 13, 191, 0, 0, 26437.11, 2, 0, 0, 0.09, 352, 221, 25873.83, 67679, 66237
1695462970, 0, 13, 192, 0, 0, 26437.11, 2, 0, 0, 0.08, 353, 221, 25873.83, 67679, 66237
1695462982, 0, 13, 192, 0, 0, 26437.11, 2, 0, 0, 0.08, 354, 221, 25873.83, 67679, 66237
1695462994, 0, 13, 192, 0, 0, 26437.11, 2, 0, 0, 0.08, 355, 221, 25873.83, 67679, 66237
1695463006, 0, 13, 193, 0, 0, 26437.11, 2, 0, 0, 0.09, 356, 221, 25873.83, 67679, 66237
1695463018, 0, 13, 194, 0, 0, 26437.11, 2, 0, 0, 0.09, 357, 221, 25873.83, 67679, 66237
1695463030, 0, 13, 194, 0, 0, 26437.11, 2, 0, 0, 0.08, 358, 221, 25873.83, 67679, 66237
1695463042, 0, 13, 194, 0, 0, 26437.11, 2, 0, 0, 0.08, 359, 221, 25873.83, 67679, 66237
1695463054, 0, 13, 195, 0, 0, 26437.11, 2, 0, 0, 0.08, 360, 221, 25873.83, 67679, 66237
1695463066, 0, 13, 196, 0, 0, 26437.11, 2, 0, 0, 0.08, 361, 221, 25873.83, 67679, 66237
1695463079, 0, 13, 197, 0, 0, 26437.11, 2, 0, 0, 0.08, 362, 221, 25873.83, 67679, 66237
1695463091, 0, 13, 197, 0, 0, 26437.11, 2, 0, 0, 0.08, 363, 221, 25873.83, 67679, 66237
1695463103, 0, 13, 198, 0, 0, 26437.11, 2, 0, 0, 0.09, 364, 221, 25873.83, 67679, 66237
1695463115, 0, 13, 199, 0, 0, 26437.11, 2, 0, 0, 0.08, 365, 221, 25873.83, 67679, 66237
1695463126, 0, 13, 200, 0, 0, 26437.11, 2, 0, 0, 0.09, 366, 221, 25873.83, 67679, 66237
1695463138, 0, 13, 200, 0, 0, 26437.11, 2, 0, 0, 0.09, 367, 221, 25873.83, 67679, 66237
1695463149, 0, 13, 201, 0, 0, 26437.11, 2, 0, 0, 0.09, 368, 221, 25873.83, 67679, 66237
1695463160, 0, 13, 202, 0, 0, 26437.11, 2, 0, 0, 0.09, 369, 221, 25873.83, 67679, 66237
1695463172, 0, 13, 203, 0, 0, 26437.11, 2, 0, 0, 0.09, 370, 221, 25873.83, 67679, 66237
1695463185, 0, 13, 204, 0, 0, 26437.11, 2, 0, 0, 0.07, 371, 221, 25873.83, 67679, 66237
1695463197, 0, 13, 205, 0, 0, 26437.11, 2, 0, 0, 0.09, 372, 221, 25873.83, 67679, 66237
1695463209, 0, 13, 206, 0, 0, 26437.11, 2, 0, 0, 0.08, 373, 221, 25873.83, 67679, 66237
1695463221, 0, 13, 206, 0, 0, 26437.11, 2, 0, 0, 0.08, 374, 221, 25873.83, 67679, 66237
1695463234, 0, 13, 207, 0, 0, 26437.11, 2, 0, 0, 0.08, 375, 221, 25873.83, 67679, 66237
1695463249, 0, 13, 208, 0, 0, 26437.11, 2, 0, 0, 0.07, 376, 221, 25873.83, 67679, 66237
1695463262, 0, 13, 209, 0, 0, 26437.11, 2, 0, 0, 0.08, 377, 221, 25873.83, 67679, 66237
1695463274, 0, 13, 210, 0, 0, 26437.11, 2, 0, 0, 0.08, 378, 221, 25873.83, 67679, 66237
1695463286, 0, 13, 211, 0, 0, 26437.11, 2, 0, 0, 0.08, 379, 221, 25873.83, 67679, 66237
1695463298, 0, 13, 212, 0, 0, 26437.11, 2, 0, 0, 0.08, 380, 221, 25873.83, 67679, 66237
1695463310, 0, 13, 213, 0, 0, 26437.11, 2, 0, 0, 0.08, 381, 221, 25873.83, 67679, 66237
1695463321, 0, 13, 214, 0, 0, 26437.11, 2, 0, 0, 0.09, 382, 221, 25873.83, 67679, 66237
1695463333, 0, 13, 215, 0, 0, 26437.11, 2, 0, 0, 0.08, 383, 221, 25873.83, 67679, 66237
1695463347, 0, 13, 215, 0, 0, 26437.11, 2, 0, 0, 0.07, 384, 221, 25873.83, 67679, 66237
1695463359, 0, 13, 215, 0, 0, 26437.11, 2, 0, 0, 0.08, 385, 221, 25873.83, 67679, 66237
1695463371, 0, 13, 216, 0, 0, 26437.11, 2, 0, 0, 0.08, 386, 221, 25873.83, 67679, 66237
1695463383, 0, 13, 217, 0, 0, 26437.11, 2, 0, 0, 0.08, 387, 221, 25873.83, 67679, 66237
1695463395, 0, 13, 218, 0, 0, 26437.11, 2, 0, 0, 0.08, 388, 221, 25873.83, 67679, 66237
1695463407, 0, 13, 218, 0, 0, 26437.11, 2, 0, 0, 0.09, 389, 221, 25873.83, 67679, 66237
1695463419, 0, 13, 218, 0, 0, 26437.11, 2, 0, 0, 0.08, 390, 221, 25873.83, 67679, 66237
1695463430, 0, 13, 218, 0, 0, 26437.11, 2, 0, 0, 0.09, 391, 221, 25873.83, 67679, 66237
1695463442, 0, 13, 218, 0, 0, 26437.11, 2, 0, 0, 0.08, 392, 221, 25873.83, 67679, 66237
1695463454, 0, 13, 219, 0, 0, 26437.11, 2, 0, 0, 0.09, 393, 221, 25873.83, 67679, 66237
1695463466, 0, 13, 220, 0, 0, 26437.11, 2, 0, 0, 0.08, 394, 221, 25873.83, 67679, 66237
1695463478, 0, 13, 221, 0, 0, 26437.11, 2, 0, 0, 0.08, 395, 221, 25873.83, 67679, 66237
1695463490, 0, 13, 222, 0, 0, 26437.11, 2, 0, 0, 0.08, 396, 221, 25873.83, 67679, 66237
1695463514, 0, 13, 223, 0, 0, 26437.11, 2, 0, 0, 0.04, 397, 221, 25873.83, 67679, 66237
1695463531, 0, 13, 223, 0, 0, 26437.11, 2, 0, 0, 0.06, 398, 221, 25873.83, 67679, 66237
1695463543, 0, 13, 224, 0, 0, 26437.11, 2, 0, 0, 0.08, 399, 221, 25873.83, 67679, 66237
1695463561, 0, 13, 225, 0, 0, 26437.11, 2, 0, 0, 0.05, 400, 221, 25873.83, 67679, 66237
1695463574, 0, 13, 226, 0, 0, 26437.11, 2, 0, 0, 0.08, 401, 221, 25873.83, 67679, 66237
1695463586, 0, 13, 227, 0, 0, 26437.11, 2, 0, 0, 0.08, 402, 221, 25873.83, 67679, 66237
1695463601, 0, 13, 228, 0, 0, 26437.11, 2, 0, 0, 0.07, 403, 221, 25873.83, 67679, 66237
1695463613, 0, 13, 228, 0, 0, 26437.11, 2, 0, 0, 0.09, 404, 221, 25873.83, 67679, 66237
1695463626, 0, 13, 229, 0, 0, 26437.50, 2, 0, 0, 0.08, 405, 221, 25874.22, 67680, 66238
1695463648, 0, 13, 230, 0, 0, 26437.50, 2, 0, 0, 0.05, 406, 221, 25874.22, 67680, 66238
1695463661, 0, 13, 231, 0, 0, 26437.50, 2, 0, 0, 0.07, 407, 221, 25874.22, 67680, 66238
1695463672, 0, 13, 232, 0, 0, 26437.50, 2, 0, 0, 0.09, 408, 221, 25874.22, 67680, 66238
1695463685, 0, 13, 233, 0, 0, 26437.50, 2, 0, 0, 0.08, 409, 221, 25874.22, 67680, 66238
1695463698, 0, 13, 233, 0, 0, 26437.50, 2, 0, 0, 0.08, 410, 221, 25874.22, 67680, 66238
1695463711, 0, 13, 233, 0, 0, 26437.50, 2, 0, 0, 0.08, 411, 221, 25874.22, 67680, 66238
1695463723, 0, 13, 233, 0, 0, 26437.50, 2, 0, 0, 0.08, 412, 221, 25874.22, 67680, 66238
1695463734, 0, 13, 234, 0, 0, 26437.50, 2, 0, 0, 0.09, 413, 221, 25874.22, 67680, 66238
1695463751, 0, 13, 235, 0, 0, 26437.50, 2, 0, 0, 0.06, 414, 221, 25874.22, 67680, 66238
1695463770, 0, 13, 236, 0, 0, 26437.50, 2, 0, 0, 0.05, 415, 221, 25874.22, 67680, 66238
1695463782, 0, 13, 236, 0, 0, 26437.50, 2, 0, 0, 0.08, 416, 221, 25874.22, 67680, 66238
1695463794, 0, 13, 237, 0, 0, 26437.50, 2, 0, 0, 0.09, 417, 221, 25874.22, 67680, 66238
1695463807, 0, 13, 238, 0, 0, 26437.50, 2, 0, 0, 0.08, 418, 221, 25874.22, 67680, 66238
1695463819, 0, 13, 239, 0, 0, 26437.50, 2, 0, 0, 0.08, 419, 221, 25874.22, 67680, 66238
1695463845, 0, 13, 240, 0, 0, 26437.50, 2, 0, 0, 0.04, 420, 221, 25874.22, 67680, 66238
1695463865, 0, 13, 241, 0, 0, 26437.50, 2, 0, 0, 0.05, 421, 221, 25874.22, 67680, 66238
1695463877, 0, 13, 242, 0, 0, 26437.50, 2, 0, 0, 0.08, 422, 221, 25874.22, 67680, 66238
1695463890, 0, 13, 243, 0, 0, 26437.50, 2, 0, 0, 0.08, 423, 221, 25874.22, 67680, 66238
1695463903, 0, 13, 244, 0, 0, 26437.50, 2, 0, 0, 0.08, 424, 221, 25874.22, 67680, 66238
1695463918, 0, 13, 245, 0, 0, 26437.50, 2, 0, 0, 0.06, 425, 221, 25874.22, 67680, 66238
1695463939, 0, 13, 246, 0, 0, 26437.50, 2, 0, 0, 0.05, 426, 221, 25874.22, 67680, 66238
1695463952, 0, 13, 247, 0, 0, 26437.50, 2, 0, 0, 0.08, 427, 221, 25874.22, 67680, 66238
1695463965, 0, 13, 248, 0, 0, 26437.50, 2, 0, 0, 0.08, 428, 221, 25874.22, 67680, 66238
1695463977, 0, 13, 249, 0, 0, 26437.50, 2, 0, 0, 0.08, 429, 221, 25874.22, 67680, 66238
1695463990, 0, 13, 250, 0, 0, 26445.31, 2, 0, 0, 0.08, 430, 221, 25882.03, 67700, 66258
1695464002, 0, 13, 251, 0, 0, 26445.31, 2, 0, 0, 0.08, 431, 221, 25882.03, 67700, 66258
1695464022, 0, 13, 252, 0, 0, 26445.31, 2, 0, 0, 0.05, 432, 221, 25882.03, 67700, 66258
1695464037, 0, 13, 253, 0, 0, 26445.31, 2, 0, 0, 0.07, 433, 221, 25882.03, 67700, 66258
1695464054, 0, 13, 254, 0, 0, 26445.31, 2, 0, 0, 0.06, 434, 221, 25882.03, 67700, 66258
1695464065, 0, 13, 255, 0, 0, 26445.31, 2, 0, 0, 0.08, 435, 221, 25882.03, 67700, 66258
1695464077, 0, 13, 256, 0, 0, 26445.31, 2, 0, 0, 0.08, 436, 221, 25882.03, 67700, 66258
1695464089, 0, 13, 256, 0, 0, 26445.31, 2, 0, 0, 0.09, 437, 221, 25882.03, 67700, 66258
1695464101, 0, 13, 256, 0, 0, 26445.31, 2, 0, 0, 0.08, 438, 221, 25882.03, 67700, 66258
1695464113, 0, 13, 256, 0, 0, 26445.31, 2, 0, 0, 0.08, 439, 221, 25882.03, 67700, 66258
1695464125, 0, 13, 256, 0, 0, 26445.31, 2, 0, 0, 0.08, 440, 221, 25882.03, 67700, 66258
1695464136, 0, 13, 256, 0, 0, 26445.31, 2, 0, 0, 0.09, 441, 221, 25882.03, 67700, 66258
1695464148, 0, 13, 257, 0, 0, 26445.31, 2, 0, 0, 0.09, 442, 221, 25882.03, 67700, 66258
1695464160, 0, 13, 258, 0, 0, 26445.31, 2, 0, 0, 0.08, 443, 221, 25882.03, 67700, 66258
1695464185, 0, 13, 259, 0, 0, 26445.31, 2, 0, 0, 0.04, 444, 221, 25882.03, 67700, 66258
1695464199, 0, 13, 260, 0, 0, 26445.31, 2, 0, 0, 0.07, 445, 221, 25882.03, 67700, 66258
1695464211, 0, 13, 261, 0, 0, 26445.31, 2, 0, 0, 0.08, 446, 221, 25882.03, 67700, 66258
1695464223, 0, 13, 262, 0, 0, 26445.31, 2, 0, 0, 0.08, 447, 221, 25882.03, 67700, 66258
1695464236, 0, 13, 263, 0, 0, 26445.31, 2, 0, 0, 0.08, 448, 221, 25882.03, 67700, 66258
1695464248, 0, 13, 264, 0, 0, 26446.09, 2, 0, 0, 0.08, 449, 221, 25882.81, 67702, 66260
1695464261, 0, 13, 264, 0, 0, 26446.09, 2, 0, 0, 0.08, 450, 221, 25882.81, 67702, 66260
1695464274, 0, 13, 265, 0, 0, 26454.30, 2, 0, 0, 0.08, 451, 221, 25891.02, 67723, 66281
1695464288, 0, 13, 266, 0, 0, 26454.30, 2, 0, 0, 0.07, 452, 221, 25891.02, 67723, 66281
1695464300, 0, 13, 267, 0, 0, 26454.30, 2, 0, 0, 0.08, 453, 221, 25891.02, 67723, 66281
1695464315, 0, 13, 268, 0, 0, 26454.30, 2, 0, 0, 0.07, 454, 221, 25891.02, 67723, 66281
1695464328, 0, 13, 268, 0, 0, 26454.30, 2, 0, 0, 0.08, 455, 221, 25891.02, 67723, 66281
1695464340, 0, 13, 269, 0, 0, 26454.30, 2, 0, 0, 0.08, 456, 221, 25891.02, 67723, 66281
1695464353, 0, 13, 269, 0, 0, 26454.30, 2, 0, 0, 0.08, 457, 221, 25891.02, 67723, 66281
1695464367, 0, 13, 270, 0, 0, 26454.30, 2, 0, 0, 0.07, 458, 221, 25891.02, 67723, 66281
1695464380, 0, 13, 271, 0, 0, 26454.30, 2, 0, 0, 0.08, 459, 221, 25891.02, 67723, 66281
1695464393, 0, 13, 271, 0, 0, 26454.30, 2, 0, 0, 0.08, 460, 221, 25891.02, 67723, 66281
1695464407, 0, 13, 272, 0, 0, 26454.30, 2, 0, 0, 0.07, 461, 221, 25891.02, 67723, 66281
1695464420, 0, 13, 273, 0, 0, 26455.08, 2, 0, 0, 0.08, 462, 221, 25891.80, 67725, 66283
1695464436, 0, 13, 273, 0, 0, 26455.08, 2, 0, 0, 0.06, 463, 221, 25891.80, 67725, 66283
1695464449, 0, 13, 273, 0, 0, 26455.08, 2, 0, 0, 0.07, 464, 221, 25891.80, 67725, 66283
1695464463, 0, 13, 273, 0, 0, 26455.08, 2, 0, 0, 0.07, 465, 221, 25891.80, 67725, 66283
1695464478, 0, 13, 274, 0, 0, 26455.08, 2, 0, 0, 0.07, 466, 221, 25891.80, 67725, 66283
1695464492, 0, 13, 275, 0, 0, 26455.08, 2, 0, 0, 0.07, 467, 221, 25892.19, 67725, 66284
1695464505, 0, 13, 276, 0, 0, 26455.08, 2, 0, 0, 0.08, 468, 221, 25892.19, 67725, 66284
1695464519, 0, 13, 277, 0, 0, 26455.08, 2, 0, 0, 0.07, 469, 221, 25892.19, 67725, 66284
1695464533, 0, 13, 278, 0, 0, 26455.86, 2, 0, 0, 0.07, 470, 221, 25892.97, 67727, 66286
1695464546, 0, 13, 278, 0, 0, 26455.86, 2, 0, 0, 0.08, 471, 221, 25892.97, 67727, 66286
1695464560, 0, 13, 278, 0, 0, 26455.86, 2, 0, 0, 0.07, 472, 221, 25892.97, 67727, 66286
1695464572, 0, 13, 278, 0, 0, 26455.86, 2, 0, 0, 0.08, 473, 221, 25892.97, 67727, 66286
1695464585, 0, 13, 278, 0, 0, 26455.86, 2, 0, 0, 0.08, 474, 221, 25892.97, 67727, 66286
1695464597, 0, 13, 279, 0, 0, 26455.86, 2, 0, 0, 0.08, 475, 221, 25892.97, 67727, 66286
1695464619, 0, 13, 279, 0, 0, 26455.86, 2, 0, 0, 0.05, 476, 221, 25892.97, 67727, 66286
1695464637, 0, 13, 280, 0, 0, 26455.86, 2, 0, 0, 0.06, 477, 221, 25892.97, 67727, 66286
1695464650, 0, 13, 281, 0, 0, 26455.86, 2, 0, 0, 0.07, 478, 221, 25892.97, 67727, 66286
1695464663, 0, 13, 282, 0, 0, 26455.86, 2, 0, 0, 0.08, 479, 221, 25892.97, 67727, 66286
1695464675, 0, 13, 283, 0, 0, 26455.86, 2, 0, 0, 0.08, 480, 221, 25892.97, 67727, 66286
1695464687, 0, 13, 284, 0, 0, 26455.86, 2, 0, 0, 0.08, 481, 221, 25892.97, 67727, 66286
1695464699, 0, 13, 285, 0, 0, 26455.86, 2, 0, 0, 0.08, 482, 221, 25892.97, 67727, 66286
1695464712, 0, 13, 286, 0, 0, 26455.86, 2, 0, 0, 0.08, 483, 221, 25892.97, 67727, 66286
1695464724, 0, 13, 286, 0, 0, 26455.86, 2, 0, 0, 0.08, 484, 221, 25892.97, 67727, 66286
1695464737, 0, 13, 287, 0, 0, 26455.86, 2, 0, 0, 0.08, 485, 221, 25892.97, 67727, 66286
1695464750, 0, 13, 287, 0, 0, 26455.86, 2, 0, 0, 0.08, 486, 221, 25892.97, 67727, 66286
1695464778, 0, 13, 288, 0, 0, 26455.86, 2, 0, 0, 0.04, 487, 221, 25892.97, 67727, 66286
1695464792, 0, 13, 288, 0, 0, 26455.86, 2, 0, 0, 0.07, 488, 221, 25892.97, 67727, 66286
1695464804, 0, 13, 288, 0, 0, 26455.86, 2, 0, 0, 0.08, 489, 221, 25892.97, 67727, 66286
1695464822, 0, 13, 288, 0, 0, 26455.86, 2, 0, 0, 0.06, 490, 221, 25892.97, 67727, 66286
1695464836, 0, 13, 288, 0, 0, 26455.86, 2, 0, 0, 0.08, 491, 221, 25892.97, 67727, 66286
1695464848, 0, 13, 288, 0, 0, 26455.86, 2, 0, 0, 0.08, 492, 221, 25892.97, 67727, 66286
1695464861, 0, 13, 288, 0, 0, 26455.86, 2, 0, 0, 0.08, 493, 221, 25892.97, 67727, 66286
1695464874, 0, 13, 288, 0, 0, 26455.86, 2, 0, 0, 0.08, 494, 221, 25892.97, 67727, 66286
1695464887, 0, 13, 289, 0, 0, 26455.86, 2, 0, 0, 0.08, 495, 221, 25892.97, 67727, 66286
1695464900, 0, 13, 290, 0, 0, 26455.86, 2, 0, 0, 0.08, 496, 221, 25892.97, 67727, 66286
1695464913, 0, 13, 291, 0, 0, 26455.86, 2, 0, 0, 0.08, 497, 221, 25892.97, 67727, 66286
1695464925, 0, 13, 292, 0, 0, 26455.86, 2, 0, 0, 0.08, 498, 221, 25892.97, 67727, 66286
1695464937, 0, 13, 293, 0, 0, 26455.86, 2, 0, 0, 0.08, 499, 221, 25892.97, 67727, 66286
1695464951, 0, 13, 294, 0, 0, 26455.86, 2, 0, 0, 0.07, 500, 221, 25892.97, 67727, 66286
1695464968, 0, 13, 294, 0, 0, 26455.86, 2, 0, 0, 0.06, 501, 221, 25892.97, 67727, 66286
1695464981, 0, 13, 294, 0, 0, 26455.86, 2, 0, 0, 0.08, 502, 221, 25892.97, 67727, 66286
1695464993, 0, 13, 295, 0, 0, 26455.86, 2, 0, 0, 0.08, 503, 221, 25892.97, 67727, 66286
1695465007, 0, 13, 296, 0, 0, 26455.86, 2, 0, 0, 0.07, 504, 221, 25892.97, 67727, 66286
1695465027, 0, 13, 297, 0, 0, 27859.38, 2, 0, 0, 0.05, 505, 221, 27305.47, 71320, 69902
1695465040, 0, 13, 298, 0, 0, 27966.41, 2, 0, 0, 0.08, 506, 221, 27412.50, 71594, 70176
1695465053, 0, 13, 299, 0, 0, 27966.41, 2, 0, 0, 0.08, 507, 221, 27412.50, 71594, 70176
1695465066, 0, 13, 300, 0, 0, 27966.41, 2, 0, 0, 0.08, 508, 221, 27412.50, 71594, 70176
1695465079, 0, 13, 301, 0, 0, 27966.41, 2, 0, 0, 0.08, 509, 221, 27412.50, 71594, 70176
1695465099, 0, 13, 302, 0, 0, 29301.17, 2, 0, 0, 0.05, 510, 221, 28747.27, 75011, 73593
1695465117, 0, 13, 303, 0, 0, 29398.44, 2, 0, 0, 0.06, 511, 221, 28844.53, 75260, 73842
1695465140, 0, 13, 304, 0, 0, 30962.50, 2, 0, 0, 0.04, 512, 221, 30408.59, 79264, 77846
1695465165, 0, 13, 305, 0, 0, 31060.94, 2, 0, 0, 0.04, 513, 221, 30507.03, 79516, 78098
1695465165, 0, 13, 305, 0, 0, 31060.94, 2, 0, 0, 0.00, 513, 221, 30507.03, 79516, 78098
