# unix_time, cycles_done, cur_path, paths_total, pending_total, pending_favs, map_size, unique_crashes, unique_hangs, max_depth, execs_per_sec, valid_inputs, invalid_inputs, valid_cov, all_covered_probes, valid_covered_probes
1695436279, 0, 0, 0, 0, 0, 0.00, 1, 0, 0, 0.05, 0, 1, 0.00, 0, 0
1695436295, 0, 0, 1, 0, 0, 22025.78, 1, 0, 0, 0.06, 1, 1, 22025.78, 56386, 56386
1695436307, 0, 0, 2, 0, 0, 22087.89, 1, 0, 0, 0.08, 2, 1, 22087.89, 56545, 56545
1695436323, 0, 0, 3, 0, 0, 22093.75, 1, 0, 0, 0.07, 3, 1, 22093.75, 56560, 56560
1695436335, 0, 0, 4, 0, 0, 22104.30, 1, 0, 0, 0.08, 4, 1, 22104.30, 56587, 56587
1695436347, 0, 0, 5, 0, 0, 22104.30, 1, 0, 0, 0.09, 5, 1, 22104.30, 56587, 56587
1695436359, 0, 0, 6, 0, 0, 22104.69, 1, 0, 0, 0.09, 6, 1, 22104.69, 56588, 56588
1695436370, 0, 0, 7, 0, 0, 22104.69, 1, 0, 0, 0.09, 7, 1, 22104.69, 56588, 56588
1695436381, 0, 0, 8, 0, 0, 22113.28, 1, 0, 0, 0.09, 8, 1, 22113.28, 56610, 56610
1695436392, 0, 0, 9, 0, 0, 22123.44, 1, 0, 0, 0.09, 9, 1, 22123.44, 56636, 56636
1695436403, 0, 0, 10, 0, 0, 22125.00, 1, 0, 0, 0.09, 10, 1, 22125.00, 56640, 56640
1695436415, 0, 0, 11, 0, 0, 22125.00, 1, 0, 0, 0.09, 11, 1, 22125.00, 56640, 56640
1695436426, 0, 0, 12, 0, 0, 22125.00, 1, 0, 0, 0.09, 12, 1, 22125.00, 56640, 56640
1695436438, 0, 0, 13, 0, 0, 22125.00, 1, 0, 0, 0.09, 13, 1, 22125.00, 56640, 56640
1695436450, 0, 0, 14, 0, 0, 22125.00, 1, 0, 0, 0.09, 14, 1, 22125.00, 56640, 56640
1695436462, 0, 0, 15, 0, 0, 22127.73, 1, 0, 0, 0.08, 15, 1, 22127.73, 56647, 56647
1695436474, 0, 0, 16, 0, 0, 22127.73, 1, 0, 0, 0.09, 16, 1, 22127.73, 56647, 56647
1695436485, 0, 0, 17, 0, 0, 22128.13, 1, 0, 0, 0.09, 17, 1, 22128.13, 56648, 56648
1695436497, 0, 0, 18, 0, 0, 22128.13, 1, 0, 0, 0.09, 18, 1, 22128.13, 56648, 56648
1695436509, 0, 0, 19, 0, 0, 22144.92, 1, 0, 0, 0.08, 19, 1, 22144.92, 56691, 56691
1695436521, 0, 0, 20, 0, 0, 22144.92, 1, 0, 0, 0.09, 20, 1, 22144.92, 56691, 56691
1695436533, 0, 0, 21, 0, 0, 22144.92, 1, 0, 0, 0.08, 21, 1, 22144.92, 56691, 56691
1695436544, 0, 0, 22, 0, 0, 22144.92, 1, 0, 0, 0.09, 22, 1, 22144.92, 56691, 56691
1695436556, 0, 0, 23, 0, 0, 22146.09, 1, 0, 0, 0.08, 23, 1, 22146.09, 56694, 56694
1695436568, 0, 0, 24, 0, 0, 22146.09, 1, 0, 0, 0.08, 24, 1, 22146.09, 56694, 56694
1695436584, 0, 0, 25, 0, 0, 22146.48, 1, 0, 0, 0.06, 25, 1, 22146.48, 56695, 56695
1695436595, 0, 0, 26, 0, 0, 22146.48, 1, 0, 0, 0.09, 26, 1, 22146.48, 56695, 56695
1695436607, 0, 0, 27, 0, 0, 22146.48, 1, 0, 0, 0.09, 27, 1, 22146.48, 56695, 56695
1695436618, 0, 0, 28, 0, 0, 22146.48, 1, 0, 0, 0.09, 28, 1, 22146.48, 56695, 56695
1695436631, 0, 0, 29, 0, 0, 22146.48, 1, 0, 0, 0.08, 29, 1, 22146.48, 56695, 56695
1695436642, 0, 0, 30, 0, 0, 22146.48, 1, 0, 0, 0.09, 30, 1, 22146.48, 56695, 56695
1695436654, 0, 0, 31, 0, 0, 22199.22, 1, 0, 0, 0.08, 31, 1, 22199.22, 56830, 56830
1695436666, 0, 0, 32, 0, 0, 22200.00, 1, 0, 0, 0.09, 32, 1, 22200.00, 56832, 56832
1695436677, 0, 0, 33, 0, 0, 22200.00, 1, 0, 0, 0.08, 33, 1, 22200.00, 56832, 56832
1695436689, 0, 0, 34, 0, 0, 22200.00, 1, 0, 0, 0.08, 34, 1, 22200.00, 56832, 56832
1695436701, 0, 0, 35, 0, 0, 22200.00, 1, 0, 0, 0.09, 35, 1, 22200.00, 56832, 56832
1695436713, 0, 0, 36, 0, 0, 22200.00, 1, 0, 0, 0.08, 36, 1, 22200.00, 56832, 56832
1695436725, 0, 0, 37, 0, 0, 22200.00, 1, 0, 0, 0.08, 37, 1, 22200.00, 56832, 56832
1695436737, 0, 0, 38, 0, 0, 22200.00, 1, 0, 0, 0.09, 38, 1, 22200.00, 56832, 56832
1695436748, 0, 0, 39, 0, 0, 22200.39, 1, 0, 0, 0.08, 39, 1, 22200.39, 56833, 56833
1695436761, 0, 0, 40, 0, 0, 22200.39, 1, 0, 0, 0.08, 40, 1, 22200.39, 56833, 56833
1695436776, 0, 0, 41, 0, 0, 22200.39, 1, 0, 0, 0.07, 41, 1, 22200.39, 56833, 56833
1695436788, 0, 0, 42, 0, 0, 22212.50, 1, 0, 0, 0.08, 42, 1, 22212.50, 56864, 56864
1695436801, 0, 0, 43, 0, 0, 22212.50, 1, 0, 0, 0.08, 43, 1, 22212.50, 56864, 56864
1695436814, 0, 0, 44, 0, 0, 22212.50, 1, 0, 0, 0.08, 44, 1, 22212.50, 56864, 56864
1695436826, 0, 0, 45, 0, 0, 22212.50, 1, 0, 0, 0.08, 45, 1, 22212.50, 56864, 56864
1695436839, 0, 0, 46, 0, 0, 22212.50, 1, 0, 0, 0.08, 46, 1, 22212.50, 56864, 56864
1695436851, 0, 0, 47, 0, 0, 22214.06, 1, 0, 0, 0.08, 47, 1, 22214.06, 56868, 56868
1695436864, 0, 0, 47, 0, 0, 22214.06, 1, 0, 0, 0.08, 48, 1, 22214.06, 56868, 56868
1695436877, 0, 0, 48, 0, 0, 22214.06, 1, 0, 0, 0.08, 49, 1, 22214.06, 56868, 56868
1695436890, 0, 0, 49, 0, 0, 22214.06, 1, 0, 0, 0.08, 50, 1, 22214.06, 56868, 56868
1695436902, 0, 0, 50, 0, 0, 22214.06, 1, 0, 0, 0.08, 51, 1, 22214.06, 56868, 56868
1695436915, 0, 0, 51, 0, 0, 22214.06, 1, 0, 0, 0.08, 52, 1, 22214.06, 56868, 56868
1695436927, 0, 0, 52, 0, 0, 22214.06, 1, 0, 0, 0.08, 53, 1, 22214.06, 56868, 56868
1695436939, 0, 0, 53, 0, 0, 22226.17, 1, 0, 0, 0.08, 54, 1, 22226.17, 56899, 56899
1695436952, 0, 0, 54, 0, 0, 22226.17, 1, 0, 0, 0.08, 55, 1, 22226.17, 56899, 56899
1695436964, 0, 0, 55, 0, 0, 22226.17, 1, 0, 0, 0.08, 56, 1, 22226.17, 56899, 56899
1695436977, 0, 0, 56, 0, 0, 22226.17, 1, 0, 0, 0.08, 57, 1, 22226.17, 56899, 56899
1695436989, 0, 0, 57, 0, 0, 22226.17, 1, 0, 0, 0.08, 58, 1, 22226.17, 56899, 56899
1695437001, 0, 0, 58, 0, 0, 22226.17, 1, 0, 0, 0.08, 59, 1, 22226.17, 56899, 56899
1695437014, 0, 0, 59, 0, 0, 22226.17, 1, 0, 0, 0.08, 60, 1, 22226.17, 56899, 56899
1695437026, 0, 0, 60, 0, 0, 22226.17, 1, 0, 0, 0.08, 61, 1, 22226.17, 56899, 56899
1695437038, 0, 0, 61, 0, 0, 22226.17, 1, 0, 0, 0.08, 62, 1, 22226.17, 56899, 56899
1695437052, 0, 0, 62, 0, 0, 22226.17, 1, 0, 0, 0.07, 63, 1, 22226.17, 56899, 56899
1695437064, 0, 0, 63, 0, 0, 22226.17, 1, 0, 0, 0.08, 64, 1, 22226.17, 56899, 56899
1695437076, 0, 0, 64, 0, 0, 22226.17, 1, 0, 0, 0.08, 65, 1, 22226.17, 56899, 56899
1695437089, 0, 0, 64, 0, 0, 22226.17, 1, 0, 0, 0.08, 66, 1, 22226.17, 56899, 56899
1695437100, 0, 0, 64, 0, 0, 22226.17, 2, 0, 0, 0.09, 66, 2, 22226.17, 56899, 56899
1695437113, 0, 0, 65, 0, 0, 22227.34, 2, 0, 0, 0.08, 67, 2, 22227.34, 56902, 56902
1695437128, 0, 0, 66, 0, 0, 22227.34, 2, 0, 0, 0.07, 68, 2, 22227.34, 56902, 56902
1695437142, 0, 0, 67, 0, 0, 22227.34, 2, 0, 0, 0.07, 69, 2, 22227.34, 56902, 56902
1695437155, 0, 0, 68, 0, 0, 22227.34, 2, 0, 0, 0.08, 70, 2, 22227.34, 56902, 56902
1695437169, 0, 0, 69, 0, 0, 22227.34, 2, 0, 0, 0.07, 71, 2, 22227.34, 56902, 56902
1695437182, 0, 0, 70, 0, 0, 22227.34, 2, 0, 0, 0.08, 72, 2, 22227.34, 56902, 56902
1695437194, 0, 0, 71, 0, 0, 22227.34, 2, 0, 0, 0.08, 73, 2, 22227.34, 56902, 56902
1695437208, 0, 0, 72, 0, 0, 22227.34, 2, 0, 0, 0.07, 74, 2, 22227.34, 56902, 56902
1695437222, 0, 0, 73, 0, 0, 22227.73, 2, 0, 0, 0.07, 75, 2, 22227.73, 56903, 56903
1695437236, 0, 0, 74, 0, 0, 22227.73, 2, 0, 0, 0.07, 76, 2, 22227.73, 56903, 56903
1695437249, 0, 0, 75, 0, 0, 22227.73, 2, 0, 0, 0.07, 77, 2, 22227.73, 56903, 56903
1695437264, 0, 0, 76, 0, 0, 22227.73, 2, 0, 0, 0.07, 78, 2, 22227.73, 56903, 56903
1695437279, 0, 0, 77, 0, 0, 22227.73, 2, 0, 0, 0.06, 79, 2, 22227.73, 56903, 56903
1695437295, 0, 0, 78, 0, 0, 22227.73, 2, 0, 0, 0.06, 80, 2, 22227.73, 56903, 56903
1695437310, 0, 0, 79, 0, 0, 22227.73, 2, 0, 0, 0.07, 81, 2, 22227.73, 56903, 56903
1695437324, 0, 0, 80, 0, 0, 22227.73, 2, 0, 0, 0.07, 82, 2, 22227.73, 56903, 56903
1695437338, 0, 0, 81, 0, 0, 22227.73, 2, 0, 0, 0.07, 83, 2, 22227.73, 56903, 56903
1695437352, 0, 0, 82, 0, 0, 22227.73, 2, 0, 0, 0.07, 84, 2, 22227.73, 56903, 56903
1695437366, 0, 0, 83, 0, 0, 22227.73, 2, 0, 0, 0.07, 85, 2, 22227.73, 56903, 56903
1695437382, 0, 0, 84, 0, 0, 22227.73, 2, 0, 0, 0.06, 86, 2, 22227.73, 56903, 56903
1695437397, 0, 0, 85, 0, 0, 22227.73, 2, 0, 0, 0.07, 87, 2, 22227.73, 56903, 56903
1695437411, 0, 0, 86, 0, 0, 22243.75, 2, 0, 0, 0.07, 88, 2, 22243.75, 56944, 56944
1695437425, 0, 0, 87, 0, 0, 22243.75, 2, 0, 0, 0.07, 89, 2, 22243.75, 56944, 56944
1695437439, 0, 0, 88, 0, 0, 22243.75, 2, 0, 0, 0.07, 90, 2, 22243.75, 56944, 56944
1695437453, 0, 0, 89, 0, 0, 22243.75, 2, 0, 0, 0.07, 91, 2, 22243.75, 56944, 56944
1695437467, 0, 0, 89, 0, 0, 22243.75, 2, 0, 0, 0.07, 92, 2, 22243.75, 56944, 56944
1695437481, 0, 0, 89, 0, 0, 22243.75, 2, 0, 0, 0.07, 93, 2, 22243.75, 56944, 56944
1695437495, 0, 0, 89, 0, 0, 22243.75, 2, 0, 0, 0.07, 94, 2, 22243.75, 56944, 56944
1695437508, 0, 0, 90, 0, 0, 22243.75, 2, 0, 0, 0.07, 95, 2, 22243.75, 56944, 56944
1695437521, 0, 0, 91, 0, 0, 22243.75, 2, 0, 0, 0.08, 96, 2, 22243.75, 56944, 56944
1695437533, 0, 0, 92, 0, 0, 22256.25, 2, 0, 0, 0.09, 97, 2, 22256.25, 56976, 56976
1695437547, 0, 0, 93, 0, 0, 22256.25, 2, 0, 0, 0.07, 98, 2, 22256.25, 56976, 56976
1695437561, 0, 0, 94, 0, 0, 22256.25, 2, 0, 0, 0.07, 99, 2, 22256.25, 56976, 56976
1695437575, 0, 0, 95, 0, 0, 22256.25, 2, 0, 0, 0.07, 100, 2, 22256.25, 56976, 56976
1695437586, 0, 0, 96, 0, 0, 22435.94, 2, 0, 0, 0.09, 101, 2, 22435.94, 57436, 57436
1695437599, 0, 0, 97, 0, 0, 22435.94, 2, 0, 0, 0.08, 102, 2, 22435.94, 57436, 57436
1695437613, 0, 0, 98, 0, 0, 22435.94, 2, 0, 0, 0.07, 103, 2, 22435.94, 57436, 57436
1695437626, 0, 0, 99, 0, 0, 22435.94, 2, 0, 0, 0.08, 104, 2, 22435.94, 57436, 57436
1695437639, 0, 0, 100, 0, 0, 22435.94, 2, 0, 0, 0.08, 105, 2, 22435.94, 57436, 57436
1695437652, 0, 0, 101, 0, 0, 22435.94, 2, 0, 0, 0.08, 106, 2, 22435.94, 57436, 57436
1695437665, 0, 0, 101, 0, 0, 22435.94, 2, 0, 0, 0.08, 107, 2, 22435.94, 57436, 57436
1695437678, 0, 0, 102, 0, 0, 22435.94, 2, 0, 0, 0.07, 108, 2, 22435.94, 57436, 57436
1695437692, 0, 0, 103, 0, 0, 22435.94, 2, 0, 0, 0.08, 109, 2, 22435.94, 57436, 57436
1695437705, 0, 0, 104, 0, 0, 22435.94, 2, 0, 0, 0.08, 110, 2, 22435.94, 57436, 57436
1695437719, 0, 0, 105, 0, 0, 22435.94, 2, 0, 0, 0.07, 111, 2, 22435.94, 57436, 57436
1695437732, 0, 0, 106, 0, 0, 22435.94, 2, 0, 0, 0.08, 112, 2, 22435.94, 57436, 57436
1695437745, 0, 0, 107, 0, 0, 22435.94, 2, 0, 0, 0.08, 113, 2, 22435.94, 57436, 57436
1695437758, 0, 0, 108, 0, 0, 22435.94, 2, 0, 0, 0.07, 114, 2, 22435.94, 57436, 57436
1695437772, 0, 0, 109, 0, 0, 22435.94, 2, 0, 0, 0.07, 115, 2, 22435.94, 57436, 57436
1695437785, 0, 0, 110, 0, 0, 22435.94, 2, 0, 0, 0.08, 116, 2, 22435.94, 57436, 57436
1695437799, 0, 0, 111, 0, 0, 22436.72, 2, 0, 0, 0.07, 117, 2, 22436.72, 57438, 57438
1695437812, 0, 0, 112, 0, 0, 22436.72, 2, 0, 0, 0.07, 118, 2, 22436.72, 57438, 57438
1695437825, 0, 0, 113, 0, 0, 22436.72, 2, 0, 0, 0.08, 119, 2, 22436.72, 57438, 57438
1695437838, 0, 0, 114, 0, 0, 22436.72, 2, 0, 0, 0.08, 120, 2, 22436.72, 57438, 57438
1695437852, 0, 0, 115, 0, 0, 22436.72, 2, 0, 0, 0.08, 121, 2, 22436.72, 57438, 57438
1695437865, 0, 0, 116, 0, 0, 22436.72, 2, 0, 0, 0.07, 122, 2, 22436.72, 57438, 57438
1695437877, 0, 0, 117, 0, 0, 22436.72, 2, 0, 0, 0.09, 123, 2, 22436.72, 57438, 57438
1695437891, 0, 0, 118, 0, 0, 22436.72, 2, 0, 0, 0.07, 124, 2, 22436.72, 57438, 57438
1695437904, 0, 0, 119, 0, 0, 22436.72, 2, 0, 0, 0.07, 125, 2, 22436.72, 57438, 57438
1695437916, 0, 0, 120, 0, 0, 22439.45, 2, 0, 0, 0.09, 126, 2, 22439.45, 57445, 57445
1695437929, 0, 0, 121, 0, 0, 22439.45, 2, 0, 0, 0.08, 127, 2, 22439.45, 57445, 57445
1695437947, 0, 0, 122, 0, 0, 22439.45, 2, 0, 0, 0.06, 128, 2, 22439.45, 57445, 57445
1695437961, 0, 0, 123, 0, 0, 22439.45, 2, 0, 0, 0.07, 129, 2, 22439.45, 57445, 57445
1695437974, 0, 0, 124, 0, 0, 22439.45, 2, 0, 0, 0.07, 130, 2, 22439.45, 57445, 57445
1695437988, 0, 0, 125, 0, 0, 22439.45, 2, 0, 0, 0.08, 131, 2, 22439.45, 57445, 57445
1695438009, 0, 0, 126, 0, 0, 22439.45, 2, 0, 0, 0.05, 132, 2, 22439.45, 57445, 57445
1695438022, 0, 0, 126, 0, 0, 22439.45, 2, 0, 0, 0.07, 133, 2, 22439.45, 57445, 57445
1695438036, 0, 0, 127, 0, 0, 22439.45, 2, 0, 0, 0.07, 134, 2, 22439.45, 57445, 57445
1695438049, 0, 0, 128, 0, 0, 22439.45, 2, 0, 0, 0.08, 135, 2, 22439.45, 57445, 57445
1695438062, 0, 0, 129, 0, 0, 22439.45, 2, 0, 0, 0.08, 136, 2, 22439.45, 57445, 57445
1695438076, 0, 0, 130, 0, 0, 22439.45, 2, 0, 0, 0.07, 137, 2, 22439.45, 57445, 57445
1695438090, 0, 0, 131, 0, 0, 22439.45, 2, 0, 0, 0.07, 138, 2, 22439.45, 57445, 57445
1695438104, 0, 0, 132, 0, 0, 22439.45, 2, 0, 0, 0.07, 139, 2, 22439.45, 57445, 57445
1695438117, 0, 0, 133, 0, 0, 22439.45, 2, 0, 0, 0.08, 140, 2, 22439.45, 57445, 57445
1695438131, 0, 0, 133, 0, 0, 22439.45, 2, 0, 0, 0.07, 141, 2, 22439.45, 57445, 57445
1695438145, 0, 0, 133, 0, 0, 22439.45, 2, 0, 0, 0.07, 142, 2, 22439.45, 57445, 57445
1695438158, 0, 0, 134, 0, 0, 22439.45, 2, 0, 0, 0.08, 143, 2, 22439.45, 57445, 57445
1695438172, 0, 0, 135, 0, 0, 22439.45, 2, 0, 0, 0.07, 144, 2, 22439.45, 57445, 57445
1695438185, 0, 0, 136, 0, 0, 22439.45, 2, 0, 0, 0.07, 145, 2, 22439.45, 57445, 57445
1695438199, 0, 0, 137, 0, 0, 22439.45, 2, 0, 0, 0.07, 146, 2, 22439.45, 57445, 57445
1695438213, 0, 0, 138, 0, 0, 22439.45, 2, 0, 0, 0.07, 147, 2, 22439.45, 57445, 57445
1695438228, 0, 0, 139, 0, 0, 22439.45, 2, 0, 0, 0.07, 148, 2, 22439.45, 57445, 57445
1695438240, 0, 0, 140, 0, 0, 22439.45, 2, 0, 0, 0.08, 149, 2, 22439.45, 57445, 57445
1695438254, 0, 0, 141, 0, 0, 22439.45, 2, 0, 0, 0.07, 150, 2, 22439.45, 57445, 57445
1695438265, 0, 0, 142, 0, 0, 22451.95, 2, 0, 0, 0.09, 151, 2, 22451.95, 57477, 57477
1695438279, 0, 0, 142, 0, 0, 22451.95, 2, 0, 0, 0.07, 152, 2, 22451.95, 57477, 57477
1695438292, 0, 0, 142, 0, 0, 22451.95, 2, 0, 0, 0.08, 153, 2, 22451.95, 57477, 57477
1695438306, 0, 0, 142, 0, 0, 22451.95, 2, 0, 0, 0.07, 154, 2, 22451.95, 57477, 57477
1695438320, 0, 0, 142, 0, 0, 22451.95, 2, 0, 0, 0.07, 155, 2, 22451.95, 57477, 57477
1695438333, 0, 0, 142, 0, 0, 22451.95, 2, 0, 0, 0.08, 156, 2, 22451.95, 57477, 57477
1695438346, 0, 0, 143, 0, 0, 22451.95, 2, 0, 0, 0.08, 157, 2, 22451.95, 57477, 57477
1695438360, 0, 0, 144, 0, 0, 22451.95, 2, 0, 0, 0.07, 158, 2, 22451.95, 57477, 57477
1695438373, 0, 0, 145, 0, 0, 22451.95, 2, 0, 0, 0.07, 159, 2, 22451.95, 57477, 57477
1695438387, 0, 0, 145, 0, 0, 22451.95, 2, 0, 0, 0.07, 160, 2, 22451.95, 57477, 57477
1695438401, 0, 0, 146, 0, 0, 22451.95, 2, 0, 0, 0.07, 161, 2, 22451.95, 57477, 57477
1695438415, 0, 0, 146, 0, 0, 22451.95, 2, 0, 0, 0.07, 162, 2, 22451.95, 57477, 57477
1695438428, 0, 0, 147, 0, 0, 22451.95, 2, 0, 0, 0.08, 163, 2, 22451.95, 57477, 57477
1695438442, 0, 0, 148, 0, 0, 22451.95, 2, 0, 0, 0.07, 164, 2, 22451.95, 57477, 57477
1695438456, 0, 0, 149, 0, 0, 22451.95, 2, 0, 0, 0.07, 165, 2, 22451.95, 57477, 57477
1695438470, 0, 0, 150, 0, 0, 22451.95, 2, 0, 0, 0.07, 166, 2, 22451.95, 57477, 57477
1695438483, 0, 0, 151, 0, 0, 22451.95, 2, 0, 0, 0.07, 167, 2, 22451.95, 57477, 57477
1695438498, 0, 0, 152, 0, 0, 22451.95, 2, 0, 0, 0.07, 168, 2, 22451.95, 57477, 57477
1695438511, 0, 0, 153, 0, 0, 22451.95, 2, 0, 0, 0.08, 169, 2, 22451.95, 57477, 57477
1695438526, 0, 0, 154, 0, 0, 22451.95, 2, 0, 0, 0.07, 170, 2, 22451.95, 57477, 57477
1695438539, 0, 0, 155, 0, 0, 22451.95, 2, 0, 0, 0.07, 171, 2, 22451.95, 57477, 57477
1695438553, 0, 0, 156, 0, 0, 22451.95, 2, 0, 0, 0.07, 172, 2, 22451.95, 57477, 57477
1695438566, 0, 0, 157, 0, 0, 22451.95, 2, 0, 0, 0.08, 173, 2, 22451.95, 57477, 57477
1695438580, 0, 0, 158, 0, 0, 22451.95, 2, 0, 0, 0.07, 174, 2, 22451.95, 57477, 57477
1695438594, 0, 0, 159, 0, 0, 22451.95, 2, 0, 0, 0.07, 175, 2, 22451.95, 57477, 57477
1695438608, 0, 0, 160, 0, 0, 22451.95, 2, 0, 0, 0.07, 176, 2, 22451.95, 57477, 57477
1695438620, 0, 0, 161, 0, 0, 22452.73, 2, 0, 0, 0.08, 177, 2, 22452.73, 57479, 57479
1695438634, 0, 0, 162, 0, 0, 22452.73, 2, 0, 0, 0.07, 178, 2, 22452.73, 57479, 57479
1695438647, 0, 0, 162, 0, 0, 22452.73, 2, 0, 0, 0.08, 179, 2, 22452.73, 57479, 57479
1695438670, 0, 0, 163, 0, 0, 22452.73, 2, 0, 0, 0.04, 180, 2, 22452.73, 57479, 57479
1695438683, 0, 0, 164, 0, 0, 22452.73, 2, 0, 0, 0.08, 181, 2, 22452.73, 57479, 57479
1695438697, 0, 0, 165, 0, 0, 22452.73, 2, 0, 0, 0.07, 182, 2, 22452.73, 57479, 57479
1695438710, 0, 0, 165, 0, 0, 22452.73, 2, 0, 0, 0.08, 183, 2, 22452.73, 57479, 57479
1695438724, 0, 0, 166, 0, 0, 22452.73, 2, 0, 0, 0.07, 184, 2, 22452.73, 57479, 57479
1695438737, 0, 0, 167, 0, 0, 22452.73, 2, 0, 0, 0.08, 185, 2, 22452.73, 57479, 57479
1695438753, 0, 0, 168, 0, 0, 22452.73, 2, 0, 0, 0.06, 186, 2, 22452.73, 57479, 57479
1695438766, 0, 0, 169, 0, 0, 22452.73, 2, 0, 0, 0.08, 187, 2, 22452.73, 57479, 57479
1695438780, 0, 0, 170, 0, 0, 22452.73, 2, 0, 0, 0.07, 188, 2, 22452.73, 57479, 57479
1695438793, 0, 0, 171, 0, 0, 22452.73, 2, 0, 0, 0.07, 189, 2, 22452.73, 57479, 57479
1695438807, 0, 0, 172, 0, 0, 22452.73, 2, 0, 0, 0.07, 190, 2, 22452.73, 57479, 57479
1695438819, 0, 0, 173, 0, 0, 22452.73, 2, 0, 0, 0.08, 191, 2, 22452.73, 57479, 57479
1695438835, 0, 0, 174, 0, 0, 22452.73, 2, 0, 0, 0.06, 192, 2, 22452.73, 57479, 57479
1695438851, 0, 0, 174, 0, 0, 22452.73, 2, 0, 0, 0.06, 193, 2, 22452.73, 57479, 57479
1695438865, 0, 0, 175, 0, 0, 22452.73, 2, 0, 0, 0.07, 194, 2, 22452.73, 57479, 57479
1695438878, 0, 0, 176, 0, 0, 22452.73, 2, 0, 0, 0.07, 195, 2, 22452.73, 57479, 57479
1695438892, 0, 0, 177, 0, 0, 22452.73, 2, 0, 0, 0.07, 196, 2, 22452.73, 57479, 57479
1695438907, 0, 0, 178, 0, 0, 22453.13, 2, 0, 0, 0.07, 197, 2, 22453.13, 57480, 57480
1695438921, 0, 0, 179, 0, 0, 22453.13, 2, 0, 0, 0.07, 198, 2, 22453.13, 57480, 57480
1695438935, 0, 0, 180, 0, 0, 22453.13, 2, 0, 0, 0.07, 199, 2, 22453.13, 57480, 57480
1695438950, 0, 0, 181, 0, 0, 22453.13, 2, 0, 0, 0.07, 200, 2, 22453.13, 57480, 57480
1695438964, 0, 0, 182, 0, 0, 22453.13, 2, 0, 0, 0.07, 201, 2, 22453.13, 57480, 57480
1695438979, 0, 0, 183, 0, 0, 22453.13, 2, 0, 0, 0.07, 202, 2, 22453.13, 57480, 57480
1695438995, 0, 0, 184, 0, 0, 22453.13, 2, 0, 0, 0.06, 203, 2, 22453.13, 57480, 57480
1695439012, 0, 0, 185, 0, 0, 22453.13, 2, 0, 0, 0.06, 204, 2, 22453.13, 57480, 57480
1695439026, 0, 0, 186, 0, 0, 22453.13, 2, 0, 0, 0.07, 205, 2, 22453.13, 57480, 57480
1695439040, 0, 0, 187, 0, 0, 22453.13, 2, 0, 0, 0.07, 206, 2, 22453.13, 57480, 57480
1695439056, 0, 0, 188, 0, 0, 22453.13, 2, 0, 0, 0.06, 207, 2, 22453.13, 57480, 57480
1695439068, 0, 0, 189, 0, 0, 22454.30, 2, 0, 0, 0.08, 208, 2, 22454.30, 57483, 57483
1695439082, 0, 0, 190, 0, 0, 22454.30, 2, 0, 0, 0.07, 209, 2, 22454.30, 57483, 57483
1695439096, 0, 0, 190, 0, 0, 22454.30, 2, 0, 0, 0.07, 210, 2, 22454.30, 57483, 57483
1695439110, 0, 0, 191, 0, 0, 22454.30, 2, 0, 0, 0.07, 211, 2, 22454.30, 57483, 57483
1695439124, 0, 0, 192, 0, 0, 22454.30, 2, 0, 0, 0.07, 212, 2, 22454.30, 57483, 57483
1695439138, 0, 0, 193, 0, 0, 22454.30, 2, 0, 0, 0.07, 213, 2, 22454.30, 57483, 57483
1695439152, 0, 0, 194, 0, 0, 22454.30, 2, 0, 0, 0.08, 214, 2, 22454.30, 57483, 57483
1695439163, 0, 0, 195, 0, 0, 22460.94, 2, 0, 0, 0.09, 215, 2, 22460.94, 57500, 57500
1695439177, 0, 0, 196, 0, 0, 22460.94, 2, 0, 0, 0.07, 216, 2, 22460.94, 57500, 57500
1695439190, 0, 0, 197, 0, 0, 22460.94, 2, 0, 0, 0.08, 217, 2, 22460.94, 57500, 57500
1695439204, 0, 0, 198, 0, 0, 22460.94, 2, 0, 0, 0.07, 218, 2, 22460.94, 57500, 57500
1695439217, 0, 0, 199, 0, 0, 22460.94, 2, 0, 0, 0.07, 219, 2, 22460.94, 57500, 57500
1695439231, 0, 0, 200, 0, 0, 22460.94, 2, 0, 0, 0.07, 220, 2, 22460.94, 57500, 57500
1695439245, 0, 0, 201, 0, 0, 22460.94, 2, 0, 0, 0.07, 221, 2, 22460.94, 57500, 57500
1695439259, 0, 0, 202, 0, 0, 22460.94, 2, 0, 0, 0.07, 222, 2, 22460.94, 57500, 57500
1695439273, 0, 0, 203, 0, 0, 22460.94, 2, 0, 0, 0.07, 223, 2, 22460.94, 57500, 57500
1695439287, 0, 0, 204, 0, 0, 22460.94, 2, 0, 0, 0.07, 224, 2, 22460.94, 57500, 57500
1695439301, 0, 0, 205, 0, 0, 22460.94, 2, 0, 0, 0.07, 225, 2, 22460.94, 57500, 57500
1695439313, 0, 0, 206, 0, 0, 22460.94, 2, 0, 0, 0.08, 226, 2, 22460.94, 57500, 57500
1695439327, 0, 0, 207, 0, 0, 22460.94, 2, 0, 0, 0.07, 227, 2, 22460.94, 57500, 57500
1695439341, 0, 0, 208, 0, 0, 22460.94, 2, 0, 0, 0.07, 228, 2, 22460.94, 57500, 57500
1695439361, 0, 0, 209, 0, 0, 22460.94, 2, 0, 0, 0.05, 229, 2, 22460.94, 57500, 57500
1695439389, 0, 0, 210, 0, 0, 22460.94, 2, 0, 0, 0.04, 230, 2, 22460.94, 57500, 57500
1695439416, 0, 0, 211, 0, 0, 22460.94, 2, 0, 0, 0.04, 231, 2, 22460.94, 57500, 57500
1695439430, 0, 0, 212, 0, 0, 22460.94, 2, 0, 0, 0.07, 232, 2, 22460.94, 57500, 57500
1695439444, 0, 0, 213, 0, 0, 22460.94, 2, 0, 0, 0.07, 233, 2, 22460.94, 57500, 57500
1695439458, 0, 0, 214, 0, 0, 22460.94, 2, 0, 0, 0.07, 234, 2, 22460.94, 57500, 57500
1695439471, 0, 0, 215, 0, 0, 22460.94, 2, 0, 0, 0.07, 235, 2, 22460.94, 57500, 57500
1695439483, 0, 0, 216, 0, 0, 22460.94, 2, 0, 0, 0.08, 236, 2, 22460.94, 57500, 57500
1695439496, 0, 0, 216, 0, 0, 22460.94, 2, 0, 0, 0.08, 237, 2, 22460.94, 57500, 57500
1695439510, 0, 0, 216, 0, 0, 22460.94, 2, 0, 0, 0.07, 238, 2, 22460.94, 57500, 57500
1695439523, 0, 0, 216, 0, 0, 22460.94, 2, 0, 0, 0.07, 239, 2, 22460.94, 57500, 57500
1695439537, 0, 0, 217, 0, 0, 22460.94, 2, 0, 0, 0.07, 240, 2, 22460.94, 57500, 57500
1695439551, 0, 0, 218, 0, 0, 22468.75, 2, 0, 0, 0.07, 241, 2, 22468.75, 57520, 57520
1695439564, 0, 0, 219, 0, 0, 22468.75, 2, 0, 0, 0.08, 242, 2, 22468.75, 57520, 57520
1695439579, 0, 0, 220, 0, 0, 22468.75, 2, 0, 0, 0.07, 243, 2, 22468.75, 57520, 57520
1695439593, 0, 0, 220, 0, 0, 22468.75, 2, 0, 0, 0.07, 244, 2, 22468.75, 57520, 57520
1695439611, 0, 0, 220, 0, 0, 22468.75, 2, 0, 0, 0.06, 245, 2, 22468.75, 57520, 57520
1695439625, 0, 0, 221, 0, 0, 22468.75, 2, 0, 0, 0.07, 246, 2, 22468.75, 57520, 57520
1695439639, 0, 0, 222, 0, 0, 22468.75, 2, 0, 0, 0.07, 247, 2, 22468.75, 57520, 57520
1695439653, 0, 0, 222, 0, 0, 22468.75, 2, 0, 0, 0.07, 248, 2, 22468.75, 57520, 57520
1695439669, 0, 0, 223, 0, 0, 22468.75, 2, 0, 0, 0.06, 249, 2, 22468.75, 57520, 57520
1695439683, 0, 0, 224, 0, 0, 22468.75, 2, 0, 0, 0.07, 250, 2, 22468.75, 57520, 57520
1695439697, 0, 0, 225, 0, 0, 22468.75, 2, 0, 0, 0.07, 251, 2, 22468.75, 57520, 57520
1695439711, 0, 0, 226, 0, 0, 22468.75, 2, 0, 0, 0.07, 252, 2, 22468.75, 57520, 57520
1695439724, 0, 0, 227, 0, 0, 22468.75, 2, 0, 0, 0.07, 253, 2, 22468.75, 57520, 57520
1695439739, 0, 0, 228, 0, 0, 22468.75, 2, 0, 0, 0.07, 254, 2, 22468.75, 57520, 57520
1695439762, 0, 0, 229, 0, 0, 22468.75, 2, 0, 0, 0.04, 255, 2, 22468.75, 57520, 57520
1695439789, 0, 0, 230, 0, 0, 22468.75, 2, 0, 0, 0.04, 256, 2, 22468.75, 57520, 57520
1695439803, 0, 0, 230, 0, 0, 22468.75, 2, 0, 0, 0.07, 257, 2, 22468.75, 57520, 57520
1695439828, 0, 0, 231, 0, 0, 22468.75, 2, 0, 0, 0.04, 258, 2, 22468.75, 57520, 57520
1695439857, 0, 0, 232, 0, 0, 22468.75, 2, 0, 0, 0.03, 259, 2, 22468.75, 57520, 57520
1695439874, 0, 0, 232, 0, 0, 22468.75, 2, 0, 0, 0.06, 260, 2, 22468.75, 57520, 57520
1695439874, 0, 0, 232, 0, 0, 22468.75, 2, 0, 0, 0.00, 260, 2, 22468.75, 57520, 57520
