# unix_time, cycles_done, cur_path, paths_total, pending_total, pending_favs, map_size, unique_crashes, unique_hangs, max_depth, execs_per_sec, valid_inputs, invalid_inputs, valid_cov, all_covered_probes, valid_covered_probes
1694080591, 0, 0, 1, 0, 0, 981.25, 0, 0, 0, 0.59, 0, 1, 0.00, 2512, 0
1694080591, 0, 0, 5, 0, 0, 1078.91, 0, 0, 0, 24.94, 1, 10, 461.33, 2762, 1181
1694080601, 0, 0, 6, 0, 0, 1092.58, 1, 0, 0, 0.80, 3, 16, 475.00, 2797, 1216
1694080602, 0, 0, 10, 0, 0, 1431.25, 1, 0, 0, 24.19, 6, 22, 903.52, 3664, 2313
1694080606, 0, 0, 13, 0, 0, 6456.25, 1, 0, 0, 3.01, 10, 32, 5948.05, 16528, 15227
1694080609, 0, 0, 15, 0, 0, 6476.95, 1, 0, 0, 0.64, 11, 33, 5968.75, 16581, 15280
1694080610, 0, 0, 19, 0, 0, 6565.63, 1, 0, 0, 52.80, 16, 45, 5969.14, 16808, 15281
1694080613, 0, 0, 20, 0, 0, 6565.63, 1, 0, 0, 1.02, 19, 45, 5969.14, 16808, 15281
1694080615, 0, 0, 23, 0, 0, 6706.64, 1, 0, 0, 5.67, 24, 53, 6103.52, 17169, 15625
1694080618, 0, 0, 26, 0, 0, 6706.64, 1, 0, 0, 2.75, 26, 59, 6103.52, 17169, 15625
1694080623, 0, 0, 27, 0, 0, 6717.58, 1, 0, 0, 1.12, 27, 64, 6114.45, 17197, 15653
1694080626, 0, 0, 28, 0, 0, 6717.58, 1, 0, 0, 0.38, 28, 64, 6114.45, 17197, 15653
1694080626, 0, 0, 31, 0, 0, 6717.58, 1, 0, 0, 58.44, 34, 76, 6114.45, 17197, 15653
1694080628, 0, 0, 32, 0, 0, 6717.58, 1, 0, 0, 4.10, 38, 81, 6114.45, 17197, 15653
1694080631, 0, 0, 36, 0, 0, 6727.73, 1, 0, 0, 9.20, 48, 91, 6121.09, 17223, 15670
1694080633, 0, 1, 37, 0, 0, 6754.69, 1, 0, 0, 2.66, 50, 96, 6148.05, 17292, 15739
1694080637, 0, 1, 38, 0, 0, 6754.69, 1, 0, 0, 0.81, 52, 97, 6148.05, 17292, 15739
1694080639, 0, 1, 41, 0, 0, 6764.06, 1, 0, 0, 2.74, 53, 102, 6154.69, 17316, 15756
1694080646, 0, 2, 43, 0, 0, 6764.06, 1, 0, 0, 9.03, 69, 153, 6154.69, 17316, 15756
1694080649, 0, 2, 44, 0, 0, 6764.06, 1, 0, 0, 1.82, 70, 157, 6154.69, 17316, 15756
1694080652, 0, 2, 46, 0, 0, 6764.06, 1, 0, 0, 15.69, 79, 187, 6154.69, 17316, 15756
1694080655, 0, 3, 49, 0, 0, 6764.06, 1, 0, 0, 7.81, 96, 197, 6154.69, 17316, 15756
1694080658, 0, 3, 51, 0, 0, 6764.06, 1, 0, 0, 14.54, 122, 208, 6154.69, 17316, 15756
1694080662, 0, 4, 53, 0, 0, 6802.34, 1, 0, 0, 4.64, 138, 213, 6192.97, 17414, 15854
1694080664, 0, 4, 54, 0, 0, 6802.34, 1, 0, 0, 1.54, 141, 213, 6192.97, 17414, 15854
1694080666, 0, 4, 57, 0, 0, 6802.34, 1, 0, 0, 2.87, 146, 214, 6192.97, 17414, 15854
1694080669, 0, 4, 58, 0, 0, 6802.34, 1, 0, 0, 0.44, 147, 214, 6192.97, 17414, 15854
1694080672, 0, 4, 59, 0, 0, 6802.34, 1, 0, 0, 1.35, 152, 214, 6192.97, 17414, 15854
1694080675, 0, 4, 61, 0, 0, 6802.34, 1, 0, 0, 2.23, 154, 217, 6192.97, 17414, 15854
1694080677, 0, 4, 62, 0, 0, 6802.34, 1, 0, 0, 1.59, 157, 218, 6192.97, 17414, 15854
1694080679, 0, 4, 64, 0, 0, 6802.34, 1, 0, 0, 1.74, 160, 219, 6192.97, 17414, 15854
1694080681, 0, 4, 65, 0, 0, 6802.34, 1, 0, 0, 1.86, 164, 219, 6192.97, 17414, 15854
1694080685, 0, 4, 67, 0, 0, 6802.34, 1, 0, 0, 0.61, 165, 220, 6192.97, 17414, 15854
1694080687, 0, 4, 69, 0, 0, 6802.34, 1, 0, 0, 4.97, 171, 224, 6192.97, 17414, 15854
1694080690, 0, 5, 71, 0, 0, 6802.34, 1, 0, 0, 12.29, 200, 236, 6192.97, 17414, 15854
1694080700, 0, 5, 72, 0, 0, 6802.34, 1, 0, 0, 0.58, 204, 238, 6192.97, 17414, 15854
1694080705, 0, 5, 75, 0, 0, 6802.34, 1, 0, 0, 1.24, 206, 242, 6192.97, 17414, 15854
1694080708, 0, 5, 78, 0, 0, 6802.34, 1, 0, 0, 2.53, 211, 244, 6192.97, 17414, 15854
1694080708, 0, 6, 79, 0, 0, 6802.34, 1, 0, 0, 158.42, 241, 262, 6192.97, 17414, 15854
1694080712, 0, 6, 80, 0, 0, 6802.34, 1, 0, 0, 1.22, 244, 263, 6192.97, 17414, 15854
1694080714, 0, 6, 81, 0, 0, 6802.34, 1, 0, 0, 0.47, 245, 263, 6192.97, 17414, 15854
1694080716, 0, 6, 81, 0, 0, 6802.34, 1, 0, 0, 2.83, 251, 264, 6192.97, 17414, 15854
1694080718, 0, 6, 83, 0, 0, 6805.47, 1, 0, 0, 5.96, 262, 267, 6196.09, 17422, 15862
1694080721, 0, 6, 83, 0, 0, 6805.47, 1, 0, 0, 0.80, 264, 267, 6196.09, 17422, 15862
1694080723, 0, 6, 83, 0, 0, 6805.47, 1, 0, 0, 1.68, 266, 269, 6196.09, 17422, 15862
1694080726, 0, 7, 85, 0, 0, 6805.47, 1, 0, 0, 13.79, 283, 285, 6196.09, 17422, 15862
1694080731, 0, 7, 86, 0, 0, 6805.47, 1, 0, 0, 2.10, 286, 292, 6196.09, 17422, 15862
1694080734, 0, 7, 88, 0, 0, 6806.25, 1, 0, 0, 6.19, 295, 306, 6196.88, 17424, 15864
1694080741, 0, 7, 89, 0, 0, 6806.25, 1, 0, 0, 2.23, 298, 318, 6196.88, 17424, 15864
1694080744, 0, 7, 90, 0, 0, 6806.25, 1, 0, 0, 3.09, 300, 324, 6196.88, 17424, 15864
1694080746, 0, 7, 90, 0, 0, 6806.25, 1, 0, 0, 4.24, 305, 330, 6196.88, 17424, 15864
1694080751, 0, 8, 91, 0, 0, 6806.25, 1, 0, 0, 1.51, 309, 333, 6196.88, 17424, 15864
1694080754, 0, 8, 92, 0, 0, 6806.25, 1, 0, 0, 8.89, 323, 348, 6196.88, 17424, 15864
1694080757, 0, 8, 92, 0, 0, 6806.25, 2, 0, 0, 1.15, 324, 350, 6196.88, 17424, 15864
1694080762, 0, 8, 94, 0, 0, 6806.25, 2, 0, 0, 3.24, 332, 358, 6196.88, 17424, 15864
1694080766, 0, 8, 95, 0, 0, 6806.25, 2, 0, 0, 2.61, 341, 360, 6196.88, 17424, 15864
1694080772, 0, 9, 98, 0, 0, 6806.25, 2, 0, 0, 4.62, 352, 376, 6196.88, 17424, 15864
1694080774, 0, 9, 99, 0, 0, 6806.25, 2, 0, 0, 0.77, 354, 376, 6196.88, 17424, 15864
1694080778, 0, 9, 100, 0, 0, 6806.25, 2, 0, 0, 0.58, 356, 376, 6196.88, 17424, 15864
1694080781, 0, 9, 101, 0, 0, 6806.25, 2, 0, 0, 4.84, 370, 379, 6196.88, 17424, 15864
1694080784, 0, 9, 102, 0, 0, 6806.25, 2, 0, 0, 3.72, 374, 386, 6196.88, 17424, 15864
1694080788, 0, 9, 103, 0, 0, 6806.25, 2, 0, 0, 1.11, 377, 387, 6196.88, 17424, 15864
1694080791, 0, 9, 103, 0, 0, 6806.25, 2, 0, 0, 0.31, 378, 387, 6196.88, 17424, 15864
1694080794, 0, 9, 104, 0, 0, 6806.25, 2, 0, 0, 2.54, 381, 393, 6196.88, 17424, 15864
1694080798, 0, 9, 104, 0, 0, 6806.25, 2, 0, 0, 0.56, 383, 393, 6196.88, 17424, 15864
1694080801, 0, 9, 104, 0, 0, 6806.25, 2, 0, 0, 8.39, 398, 403, 6196.88, 17424, 15864
1694080801, 0, 9, 105, 0, 0, 6806.25, 2, 0, 0, 90.32, 416, 413, 6196.88, 17424, 15864
1694080804, 0, 9, 106, 0, 0, 6806.25, 2, 0, 0, 4.42, 425, 416, 6196.88, 17424, 15864
1694080807, 0, 10, 108, 0, 0, 6806.25, 2, 0, 0, 4.82, 436, 419, 6196.88, 17424, 15864
1694080807, 0, 10, 108, 0, 0, 6806.25, 2, 0, 0, 82.78, 455, 425, 6196.88, 17424, 15864
1694080811, 0, 10, 109, 0, 0, 6806.25, 2, 0, 0, 5.42, 471, 431, 6196.88, 17424, 15864
1694080814, 0, 10, 111, 0, 0, 6806.64, 2, 0, 0, 5.78, 482, 435, 6197.27, 17425, 15865
1694080817, 0, 10, 112, 0, 0, 6806.64, 2, 0, 0, 1.11, 485, 435, 6197.27, 17425, 15865
1694080819, 0, 10, 113, 0, 0, 6806.64, 2, 0, 0, 0.42, 486, 435, 6197.27, 17425, 15865
1694080824, 0, 11, 114, 0, 0, 6806.64, 2, 0, 0, 1.96, 495, 435, 6197.27, 17425, 15865
1694080827, 0, 11, 114, 0, 0, 6806.64, 2, 0, 0, 2.11, 502, 435, 6197.27, 17425, 15865
1694080832, 0, 11, 115, 0, 0, 6806.64, 2, 0, 0, 2.59, 511, 438, 6197.27, 17425, 15865
1694080835, 0, 11, 117, 0, 0, 6806.64, 2, 0, 0, 0.80, 514, 438, 6197.27, 17425, 15865
1694080853, 0, 11, 118, 0, 0, 6806.64, 2, 0, 0, 0.51, 520, 441, 6197.27, 17425, 15865
1694080859, 0, 11, 121, 0, 0, 6806.64, 2, 0, 0, 2.96, 530, 448, 6197.27, 17425, 15865
1694080861, 0, 11, 121, 0, 0, 6806.64, 2, 0, 0, 4.99, 536, 452, 6197.27, 17425, 15865
1694080863, 0, 11, 123, 0, 0, 6806.64, 2, 0, 0, 3.09, 543, 453, 6197.27, 17425, 15865
1694080869, 0, 11, 124, 0, 0, 6806.64, 2, 0, 0, 0.71, 546, 454, 6197.27, 17425, 15865
1694080872, 0, 12, 124, 0, 0, 6806.64, 2, 0, 0, 0.63, 548, 454, 6197.27, 17425, 15865
1694080875, 0, 12, 124, 0, 0, 6806.64, 2, 0, 0, 0.38, 549, 454, 6197.27, 17425, 15865
1694080877, 0, 12, 125, 0, 0, 6806.64, 2, 0, 0, 0.39, 550, 454, 6197.27, 17425, 15865
1694080880, 0, 12, 125, 0, 0, 6806.64, 2, 0, 0, 0.33, 551, 454, 6197.27, 17425, 15865
1694080883, 0, 12, 125, 0, 0, 6806.64, 2, 0, 0, 0.38, 552, 454, 6197.27, 17425, 15865
1694080886, 0, 12, 125, 0, 0, 6806.64, 2, 0, 0, 0.40, 553, 454, 6197.27, 17425, 15865
1694080888, 0, 12, 125, 0, 0, 6806.64, 2, 0, 0, 0.43, 554, 454, 6197.27, 17425, 15865
1694080890, 0, 12, 126, 0, 0, 6806.64, 2, 0, 0, 0.41, 555, 454, 6197.27, 17425, 15865
1694080893, 0, 12, 126, 0, 0, 6806.64, 2, 0, 0, 0.40, 556, 454, 6197.27, 17425, 15865
1694080895, 0, 12, 126, 0, 0, 6806.64, 2, 0, 0, 0.42, 557, 454, 6197.27, 17425, 15865
1694080898, 0, 12, 127, 0, 0, 6806.64, 2, 0, 0, 0.37, 558, 454, 6197.27, 17425, 15865
1694080901, 0, 12, 127, 0, 0, 6806.64, 2, 0, 0, 0.38, 559, 454, 6197.27, 17425, 15865
1694080904, 0, 12, 128, 0, 0, 6806.64, 2, 0, 0, 0.32, 560, 454, 6197.27, 17425, 15865
1694080906, 0, 12, 128, 0, 0, 6806.64, 2, 0, 0, 0.45, 561, 454, 6197.27, 17425, 15865
1694080908, 0, 12, 128, 0, 0, 6806.64, 2, 0, 0, 0.39, 562, 454, 6197.27, 17425, 15865
1694080911, 0, 12, 128, 0, 0, 6806.64, 2, 0, 0, 0.39, 563, 454, 6197.27, 17425, 15865
1694080913, 0, 12, 128, 0, 0, 6806.64, 2, 0, 0, 0.39, 564, 454, 6197.27, 17425, 15865
1694080916, 0, 12, 129, 0, 0, 6806.64, 2, 0, 0, 0.44, 565, 454, 6197.27, 17425, 15865
1694080919, 0, 12, 129, 0, 0, 6806.64, 2, 0, 0, 0.37, 566, 454, 6197.27, 17425, 15865
1694080922, 0, 12, 129, 0, 0, 6806.64, 2, 0, 0, 0.33, 567, 454, 6197.27, 17425, 15865
1694080924, 0, 12, 129, 0, 0, 6806.64, 2, 0, 0, 0.41, 568, 454, 6197.27, 17425, 15865
1694080926, 0, 12, 129, 0, 0, 6806.64, 2, 0, 0, 0.53, 569, 454, 6197.27, 17425, 15865
1694080929, 0, 12, 130, 0, 0, 6806.64, 2, 0, 0, 0.37, 570, 454, 6197.27, 17425, 15865
1694080931, 0, 12, 130, 0, 0, 6806.64, 2, 0, 0, 0.38, 571, 454, 6197.27, 17425, 15865
1694080934, 0, 12, 130, 0, 0, 6806.64, 2, 0, 0, 0.40, 572, 454, 6197.27, 17425, 15865
1694080937, 0, 12, 130, 0, 0, 6806.64, 2, 0, 0, 0.34, 573, 454, 6197.27, 17425, 15865
1694080940, 0, 12, 130, 0, 0, 6806.64, 2, 0, 0, 0.34, 574, 454, 6197.27, 17425, 15865
1694080944, 0, 12, 131, 0, 0, 6806.64, 2, 0, 0, 0.21, 575, 454, 6197.27, 17425, 15865
1694080948, 0, 12, 131, 0, 0, 6806.64, 2, 0, 0, 0.29, 576, 454, 6197.27, 17425, 15865
1694080950, 0, 12, 131, 0, 0, 6806.64, 2, 0, 0, 0.38, 577, 454, 6197.27, 17425, 15865
1694080953, 0, 12, 131, 0, 0, 6806.64, 2, 0, 0, 0.38, 578, 454, 6197.27, 17425, 15865
1694080955, 0, 12, 131, 0, 0, 6806.64, 2, 0, 0, 0.43, 579, 454, 6197.27, 17425, 15865
1694080957, 0, 12, 132, 0, 0, 6806.64, 2, 0, 0, 0.48, 580, 454, 6197.27, 17425, 15865
1694080960, 0, 12, 132, 0, 0, 6806.64, 2, 0, 0, 0.38, 581, 454, 6197.27, 17425, 15865
1694080963, 0, 12, 132, 0, 0, 6806.64, 2, 0, 0, 0.34, 582, 454, 6197.27, 17425, 15865
1694080965, 0, 12, 132, 0, 0, 6806.64, 2, 0, 0, 0.40, 583, 454, 6197.27, 17425, 15865
1694080968, 0, 12, 132, 0, 0, 6806.64, 2, 0, 0, 0.46, 584, 454, 6197.27, 17425, 15865
1694080970, 0, 12, 132, 0, 0, 6806.64, 2, 0, 0, 0.42, 585, 454, 6197.27, 17425, 15865
1694080973, 0, 12, 132, 0, 0, 6806.64, 2, 0, 0, 0.36, 586, 454, 6197.27, 17425, 15865
1694080975, 0, 12, 132, 0, 0, 6806.64, 2, 0, 0, 0.42, 587, 454, 6197.27, 17425, 15865
1694080977, 0, 12, 132, 0, 0, 6806.64, 2, 0, 0, 0.48, 588, 454, 6197.27, 17425, 15865
1694080980, 0, 12, 132, 0, 0, 6806.64, 2, 0, 0, 0.32, 589, 454, 6197.27, 17425, 15865
1694080983, 0, 12, 132, 0, 0, 6806.64, 2, 0, 0, 0.35, 590, 454, 6197.27, 17425, 15865
1694080986, 0, 12, 132, 0, 0, 6806.64, 2, 0, 0, 0.38, 591, 454, 6197.27, 17425, 15865
1694080989, 0, 12, 132, 0, 0, 6806.64, 2, 0, 0, 0.36, 592, 454, 6197.27, 17425, 15865
1694080992, 0, 12, 132, 0, 0, 6806.64, 2, 0, 0, 0.33, 593, 454, 6197.27, 17425, 15865
1694080994, 0, 12, 132, 0, 0, 6806.64, 2, 0, 0, 0.37, 594, 454, 6197.27, 17425, 15865
1694080997, 0, 12, 132, 0, 0, 6806.64, 2, 0, 0, 0.34, 595, 454, 6197.27, 17425, 15865
1694081000, 0, 12, 132, 0, 0, 6806.64, 2, 0, 0, 0.41, 596, 454, 6197.27, 17425, 15865
1694081002, 0, 12, 132, 0, 0, 6806.64, 2, 0, 0, 0.35, 597, 454, 6197.27, 17425, 15865
1694081005, 0, 12, 132, 0, 0, 6806.64, 2, 0, 0, 0.38, 598, 454, 6197.27, 17425, 15865
1694081007, 0, 12, 133, 0, 0, 6806.64, 2, 0, 0, 0.42, 599, 454, 6197.27, 17425, 15865
1694081010, 0, 12, 134, 0, 0, 6806.64, 2, 0, 0, 0.38, 600, 454, 6197.27, 17425, 15865
1694081013, 0, 12, 135, 0, 0, 6806.64, 2, 0, 0, 0.36, 601, 454, 6197.27, 17425, 15865
1694081016, 0, 12, 136, 0, 0, 6806.64, 2, 0, 0, 0.35, 602, 454, 6197.27, 17425, 15865
1694081018, 0, 12, 137, 0, 0, 6806.64, 2, 0, 0, 0.41, 603, 454, 6197.27, 17425, 15865
1694081021, 0, 12, 137, 0, 0, 6806.64, 2, 0, 0, 0.38, 604, 454, 6197.27, 17425, 15865
1694081024, 0, 12, 137, 0, 0, 6806.64, 2, 0, 0, 0.35, 605, 454, 6197.27, 17425, 15865
1694081026, 0, 12, 138, 0, 0, 6806.64, 2, 0, 0, 0.34, 606, 454, 6197.27, 17425, 15865
1694081029, 0, 12, 138, 0, 0, 6806.64, 2, 0, 0, 0.41, 607, 454, 6197.27, 17425, 15865
1694081031, 0, 12, 138, 0, 0, 6806.64, 2, 0, 0, 0.39, 608, 454, 6197.27, 17425, 15865
1694081034, 0, 12, 139, 0, 0, 6807.42, 2, 0, 0, 0.42, 609, 454, 6198.05, 17427, 15867
1694081037, 0, 12, 139, 0, 0, 6807.42, 2, 0, 0, 0.38, 610, 454, 6198.05, 17427, 15867
1694081039, 0, 12, 139, 0, 0, 6807.42, 2, 0, 0, 0.40, 611, 454, 6198.05, 17427, 15867
1694081042, 0, 12, 139, 0, 0, 6807.42, 2, 0, 0, 0.39, 612, 454, 6198.05, 17427, 15867
1694081044, 0, 12, 139, 0, 0, 6807.42, 2, 0, 0, 0.38, 613, 454, 6198.05, 17427, 15867
1694081047, 0, 12, 139, 0, 0, 6807.42, 2, 0, 0, 0.38, 614, 454, 6198.05, 17427, 15867
1694081049, 0, 12, 139, 0, 0, 6807.42, 2, 0, 0, 0.44, 615, 454, 6198.05, 17427, 15867
1694081052, 0, 12, 139, 0, 0, 6807.42, 2, 0, 0, 0.37, 616, 454, 6198.05, 17427, 15867
1694081055, 0, 12, 139, 0, 0, 6807.42, 2, 0, 0, 0.35, 617, 454, 6198.05, 17427, 15867
1694081058, 0, 12, 139, 0, 0, 6807.42, 2, 0, 0, 0.34, 618, 454, 6198.05, 17427, 15867
1694081060, 0, 12, 139, 0, 0, 6807.42, 2, 0, 0, 0.46, 619, 454, 6198.05, 17427, 15867
1694081063, 0, 12, 139, 0, 0, 6807.42, 2, 0, 0, 0.35, 620, 454, 6198.05, 17427, 15867
1694081065, 0, 12, 139, 0, 0, 6807.42, 2, 0, 0, 0.38, 621, 454, 6198.05, 17427, 15867
1694081068, 0, 12, 139, 0, 0, 6807.42, 2, 0, 0, 0.40, 622, 454, 6198.05, 17427, 15867
1694081070, 0, 12, 139, 0, 0, 6807.42, 2, 0, 0, 0.39, 623, 454, 6198.05, 17427, 15867
1694081074, 0, 12, 139, 0, 0, 6807.42, 2, 0, 0, 0.29, 624, 454, 6198.05, 17427, 15867
1694081076, 0, 12, 139, 0, 0, 6807.42, 2, 0, 0, 0.37, 625, 454, 6198.05, 17427, 15867
1694081079, 0, 12, 139, 0, 0, 6807.42, 2, 0, 0, 0.39, 626, 454, 6198.05, 17427, 15867
1694081082, 0, 12, 139, 0, 0, 6807.42, 2, 0, 0, 0.38, 627, 454, 6198.05, 17427, 15867
1694081084, 0, 12, 139, 0, 0, 6807.42, 2, 0, 0, 0.37, 628, 454, 6198.05, 17427, 15867
1694081087, 0, 12, 139, 0, 0, 6807.42, 2, 0, 0, 0.40, 629, 454, 6198.05, 17427, 15867
1694081089, 0, 12, 139, 0, 0, 6807.42, 2, 0, 0, 0.40, 630, 454, 6198.05, 17427, 15867
1694081092, 0, 12, 139, 0, 0, 6807.42, 2, 0, 0, 0.39, 631, 454, 6198.05, 17427, 15867
1694081094, 0, 12, 139, 0, 0, 6807.42, 2, 0, 0, 0.39, 632, 454, 6198.05, 17427, 15867
1694081098, 0, 12, 139, 0, 0, 6807.42, 2, 0, 0, 0.29, 633, 454, 6198.05, 17427, 15867
1694081100, 0, 12, 139, 0, 0, 6807.42, 2, 0, 0, 0.43, 634, 454, 6198.05, 17427, 15867
1694081102, 0, 12, 139, 0, 0, 6807.42, 2, 0, 0, 0.46, 635, 454, 6198.05, 17427, 15867
1694081105, 0, 12, 139, 0, 0, 6807.42, 2, 0, 0, 0.36, 636, 454, 6198.05, 17427, 15867
1694081108, 0, 12, 139, 0, 0, 6807.42, 2, 0, 0, 0.35, 637, 454, 6198.05, 17427, 15867
1694081111, 0, 12, 139, 0, 0, 6807.42, 2, 0, 0, 0.38, 638, 454, 6198.05, 17427, 15867
1694081113, 0, 12, 139, 0, 0, 6807.42, 2, 0, 0, 0.42, 639, 454, 6198.05, 17427, 15867
1694081116, 0, 12, 140, 0, 0, 6807.42, 2, 0, 0, 0.37, 640, 454, 6198.05, 17427, 15867
1694081118, 0, 12, 140, 0, 0, 6807.42, 2, 0, 0, 0.37, 641, 454, 6198.05, 17427, 15867
1694081121, 0, 12, 140, 0, 0, 6807.42, 2, 0, 0, 0.38, 642, 454, 6198.05, 17427, 15867
1694081124, 0, 12, 141, 0, 0, 6807.42, 2, 0, 0, 0.39, 643, 454, 6198.05, 17427, 15867
1694081126, 0, 12, 141, 0, 0, 6807.42, 2, 0, 0, 0.37, 644, 454, 6198.05, 17427, 15867
1694081129, 0, 12, 142, 0, 0, 6807.42, 2, 0, 0, 0.37, 645, 454, 6198.05, 17427, 15867
1694081132, 0, 12, 142, 0, 0, 6807.42, 2, 0, 0, 0.37, 646, 454, 6198.05, 17427, 15867
1694081134, 0, 12, 142, 0, 0, 6807.42, 2, 0, 0, 0.41, 647, 454, 6198.05, 17427, 15867
1694081137, 0, 12, 142, 0, 0, 6807.42, 2, 0, 0, 0.36, 648, 454, 6198.05, 17427, 15867
1694081141, 0, 12, 142, 0, 0, 6807.42, 2, 0, 0, 0.27, 649, 454, 6198.05, 17427, 15867
1694081144, 0, 12, 143, 0, 0, 6807.42, 2, 0, 0, 0.31, 650, 454, 6198.05, 17427, 15867
1694081146, 0, 12, 143, 0, 0, 6807.42, 2, 0, 0, 0.43, 651, 454, 6198.05, 17427, 15867
1694081148, 0, 12, 143, 0, 0, 6807.42, 2, 0, 0, 0.43, 652, 454, 6198.05, 17427, 15867
1694081151, 0, 12, 143, 0, 0, 6807.42, 2, 0, 0, 0.36, 653, 454, 6198.05, 17427, 15867
1694081154, 0, 12, 143, 0, 0, 6807.42, 2, 0, 0, 0.36, 654, 454, 6198.05, 17427, 15867
1694081157, 0, 12, 143, 0, 0, 6807.42, 2, 0, 0, 0.40, 655, 454, 6198.05, 17427, 15867
1694081159, 0, 12, 143, 0, 0, 6807.42, 2, 0, 0, 0.35, 656, 454, 6198.05, 17427, 15867
1694081162, 0, 12, 144, 0, 0, 6807.42, 2, 0, 0, 0.38, 657, 454, 6198.05, 17427, 15867
1694081165, 0, 12, 145, 0, 0, 6807.42, 2, 0, 0, 0.33, 658, 454, 6198.05, 17427, 15867
1694081168, 0, 12, 145, 0, 0, 6807.42, 2, 0, 0, 0.38, 659, 454, 6198.05, 17427, 15867
1694081170, 0, 12, 145, 0, 0, 6807.42, 2, 0, 0, 0.39, 660, 454, 6198.05, 17427, 15867
1694081173, 0, 12, 145, 0, 0, 6807.42, 2, 0, 0, 0.35, 661, 454, 6198.05, 17427, 15867
1694081176, 0, 12, 145, 0, 0, 6807.42, 2, 0, 0, 0.38, 662, 454, 6198.05, 17427, 15867
1694081178, 0, 12, 145, 0, 0, 6807.42, 2, 0, 0, 0.44, 663, 454, 6198.05, 17427, 15867
1694081181, 0, 12, 145, 0, 0, 6807.42, 2, 0, 0, 0.37, 664, 454, 6198.05, 17427, 15867
1694081183, 0, 12, 145, 0, 0, 6807.42, 2, 0, 0, 0.38, 665, 454, 6198.05, 17427, 15867
1694081186, 0, 12, 145, 0, 0, 6807.42, 2, 0, 0, 0.36, 666, 454, 6198.05, 17427, 15867
1694081189, 0, 12, 145, 0, 0, 6807.42, 2, 0, 0, 0.35, 667, 454, 6198.05, 17427, 15867
1694081192, 0, 12, 145, 0, 0, 6807.42, 2, 0, 0, 0.39, 668, 454, 6198.05, 17427, 15867
1694081194, 0, 12, 145, 0, 0, 6807.42, 2, 0, 0, 0.38, 669, 454, 6198.05, 17427, 15867
1694081197, 0, 12, 145, 0, 0, 6807.42, 2, 0, 0, 0.38, 670, 454, 6198.05, 17427, 15867
1694081199, 0, 12, 145, 0, 0, 6807.42, 2, 0, 0, 0.40, 671, 454, 6198.05, 17427, 15867
1694081202, 0, 12, 145, 0, 0, 6807.42, 2, 0, 0, 0.38, 672, 454, 6198.05, 17427, 15867
1694081205, 0, 12, 145, 0, 0, 6807.42, 2, 0, 0, 0.38, 673, 454, 6198.05, 17427, 15867
1694081207, 0, 12, 146, 0, 0, 6807.42, 2, 0, 0, 0.41, 674, 454, 6198.05, 17427, 15867
1694081210, 0, 12, 146, 0, 0, 6807.42, 2, 0, 0, 0.41, 675, 454, 6198.05, 17427, 15867
1694081212, 0, 12, 146, 0, 0, 6807.42, 2, 0, 0, 0.48, 676, 454, 6198.05, 17427, 15867
1694081214, 0, 12, 147, 0, 0, 6807.42, 2, 0, 0, 0.36, 677, 454, 6198.05, 17427, 15867
1694081217, 0, 12, 148, 0, 0, 6807.42, 2, 0, 0, 0.37, 678, 454, 6198.05, 17427, 15867
1694081220, 0, 12, 148, 0, 0, 6807.42, 2, 0, 0, 0.36, 679, 454, 6198.05, 17427, 15867
1694081222, 0, 12, 148, 0, 0, 6807.42, 2, 0, 0, 0.40, 680, 454, 6198.05, 17427, 15867
1694081225, 0, 12, 148, 0, 0, 6807.42, 2, 0, 0, 0.43, 681, 454, 6198.05, 17427, 15867
1694081228, 0, 12, 149, 0, 0, 6807.42, 2, 0, 0, 0.36, 682, 454, 6198.05, 17427, 15867
1694081230, 0, 12, 149, 0, 0, 6807.42, 2, 0, 0, 0.38, 683, 454, 6198.05, 17427, 15867
1694081233, 0, 12, 149, 0, 0, 6807.42, 2, 0, 0, 0.36, 684, 454, 6198.05, 17427, 15867
1694081236, 0, 12, 149, 0, 0, 6807.42, 2, 0, 0, 0.37, 685, 454, 6198.05, 17427, 15867
1694081238, 0, 12, 149, 0, 0, 6807.42, 2, 0, 0, 0.39, 686, 454, 6198.05, 17427, 15867
1694081241, 0, 12, 150, 0, 0, 6807.42, 2, 0, 0, 0.35, 687, 454, 6198.05, 17427, 15867
1694081244, 0, 12, 151, 0, 0, 6807.42, 2, 0, 0, 0.36, 688, 454, 6198.05, 17427, 15867
1694081247, 0, 12, 151, 0, 0, 6807.42, 2, 0, 0, 0.37, 689, 454, 6198.05, 17427, 15867
1694081249, 0, 12, 152, 0, 0, 6807.42, 2, 0, 0, 0.35, 690, 454, 6198.05, 17427, 15867
1694081252, 0, 12, 152, 0, 0, 6807.42, 2, 0, 0, 0.41, 691, 454, 6198.05, 17427, 15867
1694081255, 0, 12, 152, 0, 0, 6807.42, 2, 0, 0, 0.34, 692, 454, 6198.05, 17427, 15867
1694081257, 0, 12, 152, 0, 0, 6807.42, 2, 0, 0, 0.45, 693, 454, 6198.05, 17427, 15867
1694081260, 0, 12, 152, 0, 0, 6807.42, 2, 0, 0, 0.38, 694, 454, 6198.05, 17427, 15867
1694081262, 0, 12, 152, 0, 0, 6807.42, 2, 0, 0, 0.38, 695, 454, 6198.05, 17427, 15867
1694081265, 0, 12, 152, 0, 0, 6807.42, 2, 0, 0, 0.36, 696, 454, 6198.05, 17427, 15867
1694081267, 0, 12, 152, 0, 0, 6807.42, 2, 0, 0, 0.41, 697, 454, 6198.05, 17427, 15867
1694081270, 0, 12, 152, 0, 0, 6807.42, 2, 0, 0, 0.39, 698, 454, 6198.05, 17427, 15867
1694081273, 0, 12, 152, 0, 0, 6807.42, 2, 0, 0, 0.33, 699, 454, 6198.05, 17427, 15867
1694081277, 0, 12, 153, 0, 0, 6807.42, 2, 0, 0, 0.27, 700, 454, 6198.05, 17427, 15867
1694081279, 0, 12, 153, 0, 0, 6807.42, 2, 0, 0, 0.52, 701, 454, 6198.05, 17427, 15867
1694081281, 0, 12, 153, 0, 0, 6807.42, 2, 0, 0, 0.36, 702, 454, 6198.05, 17427, 15867
1694081284, 0, 12, 153, 0, 0, 6807.42, 2, 0, 0, 0.41, 703, 454, 6198.05, 17427, 15867
1694081286, 0, 12, 153, 0, 0, 6807.42, 2, 0, 0, 0.39, 704, 454, 6198.05, 17427, 15867
1694081289, 0, 12, 153, 0, 0, 6807.42, 2, 0, 0, 0.40, 705, 454, 6198.05, 17427, 15867
1694081292, 0, 12, 153, 0, 0, 6807.42, 2, 0, 0, 0.39, 706, 454, 6198.05, 17427, 15867
1694081295, 0, 12, 153, 0, 0, 6807.42, 2, 0, 0, 0.32, 707, 454, 6198.05, 17427, 15867
1694081298, 0, 12, 153, 0, 0, 6807.42, 2, 0, 0, 0.34, 708, 454, 6198.05, 17427, 15867
1694081300, 0, 12, 153, 0, 0, 6807.42, 2, 0, 0, 0.37, 709, 454, 6198.05, 17427, 15867
1694081304, 0, 12, 153, 0, 0, 6807.42, 2, 0, 0, 0.31, 710, 454, 6198.05, 17427, 15867
1694081306, 0, 12, 153, 0, 0, 6807.42, 2, 0, 0, 0.39, 711, 454, 6198.05, 17427, 15867
1694081309, 0, 12, 153, 0, 0, 6807.42, 2, 0, 0, 0.37, 712, 454, 6198.05, 17427, 15867
1694081311, 0, 12, 153, 0, 0, 6807.42, 2, 0, 0, 0.37, 713, 454, 6198.05, 17427, 15867
1694081314, 0, 12, 153, 0, 0, 6807.42, 2, 0, 0, 0.36, 714, 454, 6198.05, 17427, 15867
1694081317, 0, 12, 154, 0, 0, 6807.42, 2, 0, 0, 0.34, 715, 454, 6198.05, 17427, 15867
1694081320, 0, 12, 154, 0, 0, 6807.42, 2, 0, 0, 0.34, 716, 454, 6198.05, 17427, 15867
1694081323, 0, 12, 154, 0, 0, 6807.42, 2, 0, 0, 0.34, 717, 454, 6198.05, 17427, 15867
1694081326, 0, 12, 154, 0, 0, 6807.42, 2, 0, 0, 0.35, 718, 454, 6198.05, 17427, 15867
1694081329, 0, 12, 154, 0, 0, 6807.42, 2, 0, 0, 0.32, 719, 454, 6198.05, 17427, 15867
1694081332, 0, 12, 154, 0, 0, 6807.42, 2, 0, 0, 0.38, 720, 454, 6198.05, 17427, 15867
1694081335, 0, 12, 154, 0, 0, 6807.42, 2, 0, 0, 0.35, 721, 454, 6198.05, 17427, 15867
1694081337, 0, 12, 154, 0, 0, 6807.42, 2, 0, 0, 0.36, 722, 454, 6198.05, 17427, 15867
1694081340, 0, 12, 154, 0, 0, 6807.42, 2, 0, 0, 0.33, 723, 454, 6198.05, 17427, 15867
1694081344, 0, 12, 154, 0, 0, 6807.42, 2, 0, 0, 0.28, 724, 454, 6198.05, 17427, 15867
1694081347, 0, 12, 154, 0, 0, 6807.42, 2, 0, 0, 0.29, 725, 454, 6198.05, 17427, 15867
1694081350, 0, 12, 154, 0, 0, 6807.42, 2, 0, 0, 0.34, 726, 454, 6198.05, 17427, 15867
1694081354, 0, 12, 155, 0, 0, 6807.42, 2, 0, 0, 0.29, 727, 454, 6198.05, 17427, 15867
1694081357, 0, 12, 156, 0, 0, 6807.42, 2, 0, 0, 0.35, 728, 454, 6198.05, 17427, 15867
1694081359, 0, 12, 157, 0, 0, 6807.42, 2, 0, 0, 0.38, 729, 454, 6198.05, 17427, 15867
1694081364, 0, 12, 158, 0, 0, 6807.42, 2, 0, 0, 0.22, 730, 454, 6198.05, 17427, 15867
1694081367, 0, 12, 159, 0, 0, 6807.42, 2, 0, 0, 0.34, 731, 454, 6198.05, 17427, 15867
1694081370, 0, 12, 159, 0, 0, 6807.42, 2, 0, 0, 0.32, 732, 454, 6198.05, 17427, 15867
1694081373, 0, 12, 159, 0, 0, 6807.42, 2, 0, 0, 0.28, 733, 454, 6198.05, 17427, 15867
1694081377, 0, 12, 160, 0, 0, 6807.42, 2, 0, 0, 0.30, 734, 454, 6198.05, 17427, 15867
1694081380, 0, 12, 160, 0, 0, 6807.42, 2, 0, 0, 0.33, 735, 454, 6198.05, 17427, 15867
1694081383, 0, 12, 160, 0, 0, 6807.42, 2, 0, 0, 0.34, 736, 454, 6198.05, 17427, 15867
1694081386, 0, 12, 160, 0, 0, 6807.42, 2, 0, 0, 0.32, 737, 454, 6198.05, 17427, 15867
1694081389, 0, 12, 160, 0, 0, 6807.42, 2, 0, 0, 0.36, 738, 454, 6198.05, 17427, 15867
1694081391, 0, 12, 160, 0, 0, 6807.42, 2, 0, 0, 0.35, 739, 454, 6198.05, 17427, 15867
1694081394, 0, 12, 160, 0, 0, 6807.42, 2, 0, 0, 0.36, 740, 454, 6198.05, 17427, 15867
1694081397, 0, 12, 160, 0, 0, 6807.42, 2, 0, 0, 0.32, 741, 454, 6198.05, 17427, 15867
1694081400, 0, 12, 160, 0, 0, 6807.42, 2, 0, 0, 0.34, 742, 454, 6198.05, 17427, 15867
1694081403, 0, 12, 160, 0, 0, 6807.42, 2, 0, 0, 0.32, 743, 454, 6198.05, 17427, 15867
1694081406, 0, 12, 160, 0, 0, 6807.42, 2, 0, 0, 0.34, 744, 454, 6198.05, 17427, 15867
1694081409, 0, 12, 160, 0, 0, 6807.42, 2, 0, 0, 0.37, 745, 454, 6198.05, 17427, 15867
1694081412, 0, 12, 160, 0, 0, 6807.42, 2, 0, 0, 0.31, 746, 454, 6198.05, 17427, 15867
1694081415, 0, 12, 160, 0, 0, 6807.42, 2, 0, 0, 0.38, 747, 454, 6198.05, 17427, 15867
1694081418, 0, 12, 160, 0, 0, 6807.42, 2, 0, 0, 0.33, 748, 454, 6198.05, 17427, 15867
1694081421, 0, 12, 160, 0, 0, 6807.42, 2, 0, 0, 0.34, 749, 454, 6198.05, 17427, 15867
1694081424, 0, 12, 160, 0, 0, 6807.42, 2, 0, 0, 0.30, 750, 454, 6198.05, 17427, 15867
1694081428, 0, 12, 160, 0, 0, 6807.42, 2, 0, 0, 0.28, 751, 454, 6198.05, 17427, 15867
1694081430, 0, 12, 160, 0, 0, 6807.42, 2, 0, 0, 0.41, 752, 454, 6198.05, 17427, 15867
1694081433, 0, 12, 160, 0, 0, 6807.42, 2, 0, 0, 0.34, 753, 454, 6198.05, 17427, 15867
1694081436, 0, 12, 160, 0, 0, 6807.42, 2, 0, 0, 0.36, 754, 454, 6198.05, 17427, 15867
1694081439, 0, 12, 160, 0, 0, 6807.42, 2, 0, 0, 0.32, 755, 454, 6198.05, 17427, 15867
1694081442, 0, 12, 160, 0, 0, 6807.42, 2, 0, 0, 0.38, 756, 454, 6198.05, 17427, 15867
1694081444, 0, 12, 160, 0, 0, 6807.42, 2, 0, 0, 0.40, 757, 454, 6198.05, 17427, 15867
1694081447, 0, 12, 160, 0, 0, 6807.42, 2, 0, 0, 0.40, 758, 454, 6198.05, 17427, 15867
1694081449, 0, 12, 160, 0, 0, 6807.42, 2, 0, 0, 0.41, 759, 454, 6198.05, 17427, 15867
1694081452, 0, 12, 160, 0, 0, 6807.42, 2, 0, 0, 0.36, 760, 454, 6198.05, 17427, 15867
1694081454, 0, 12, 160, 0, 0, 6807.42, 2, 0, 0, 0.38, 761, 454, 6198.05, 17427, 15867
1694081457, 0, 12, 160, 0, 0, 6807.42, 2, 0, 0, 0.40, 762, 454, 6198.05, 17427, 15867
1694081460, 0, 12, 160, 0, 0, 6807.42, 2, 0, 0, 0.37, 763, 454, 6198.05, 17427, 15867
1694081462, 0, 12, 160, 0, 0, 6807.42, 2, 0, 0, 0.40, 764, 454, 6198.05, 17427, 15867
1694081465, 0, 12, 160, 0, 0, 6807.42, 2, 0, 0, 0.35, 765, 454, 6198.05, 17427, 15867
1694081468, 0, 12, 160, 0, 0, 6807.42, 2, 0, 0, 0.37, 766, 454, 6198.05, 17427, 15867
1694081471, 0, 12, 160, 0, 0, 6807.42, 2, 0, 0, 0.32, 767, 454, 6198.05, 17427, 15867
1694081474, 0, 12, 160, 0, 0, 6807.42, 2, 0, 0, 0.29, 768, 454, 6198.05, 17427, 15867
1694081477, 0, 12, 161, 0, 0, 6807.42, 2, 0, 0, 0.36, 769, 454, 6198.05, 17427, 15867
1694081480, 0, 12, 161, 0, 0, 6807.42, 2, 0, 0, 0.35, 770, 454, 6198.05, 17427, 15867
1694081483, 0, 12, 161, 0, 0, 6807.42, 2, 0, 0, 0.37, 771, 454, 6198.05, 17427, 15867
1694081485, 0, 12, 161, 0, 0, 6807.42, 2, 0, 0, 0.36, 772, 454, 6198.05, 17427, 15867
1694081488, 0, 12, 162, 0, 0, 6807.42, 2, 0, 0, 0.34, 773, 454, 6198.05, 17427, 15867
1694081491, 0, 12, 162, 0, 0, 6807.42, 2, 0, 0, 0.42, 774, 454, 6198.05, 17427, 15867
1694081494, 0, 12, 162, 0, 0, 6807.42, 2, 0, 0, 0.35, 775, 454, 6198.05, 17427, 15867
1694081496, 0, 12, 162, 0, 0, 6807.42, 2, 0, 0, 0.41, 776, 454, 6198.05, 17427, 15867
1694081498, 0, 12, 162, 0, 0, 6807.42, 2, 0, 0, 0.42, 777, 454, 6198.05, 17427, 15867
1694081501, 0, 12, 162, 0, 0, 6807.42, 2, 0, 0, 0.36, 778, 454, 6198.05, 17427, 15867
1694081504, 0, 12, 162, 0, 0, 6807.42, 2, 0, 0, 0.38, 779, 454, 6198.05, 17427, 15867
1694081507, 0, 12, 162, 0, 0, 6807.42, 2, 0, 0, 0.33, 780, 454, 6198.05, 17427, 15867
1694081512, 0, 12, 163, 0, 0, 6807.42, 2, 0, 0, 0.21, 781, 454, 6198.05, 17427, 15867
1694081514, 0, 12, 163, 0, 0, 6807.42, 2, 0, 0, 0.35, 782, 454, 6198.05, 17427, 15867
1694081517, 0, 12, 163, 0, 0, 6807.42, 2, 0, 0, 0.34, 783, 454, 6198.05, 17427, 15867
1694081520, 0, 12, 163, 0, 0, 6807.42, 2, 0, 0, 0.35, 784, 454, 6198.05, 17427, 15867
1694081523, 0, 12, 163, 0, 0, 6807.42, 2, 0, 0, 0.41, 785, 454, 6198.05, 17427, 15867
1694081525, 0, 12, 163, 0, 0, 6807.42, 2, 0, 0, 0.38, 786, 454, 6198.05, 17427, 15867
1694081528, 0, 12, 163, 0, 0, 6807.42, 2, 0, 0, 0.37, 787, 454, 6198.05, 17427, 15867
1694081531, 0, 12, 163, 0, 0, 6807.42, 2, 0, 0, 0.37, 788, 454, 6198.05, 17427, 15867
1694081534, 0, 12, 163, 0, 0, 6807.42, 2, 0, 0, 0.35, 789, 454, 6198.05, 17427, 15867
1694081536, 0, 12, 163, 0, 0, 6807.42, 2, 0, 0, 0.37, 790, 454, 6198.05, 17427, 15867
1694081540, 0, 12, 163, 0, 0, 6807.42, 2, 0, 0, 0.30, 791, 454, 6198.05, 17427, 15867
1694081542, 0, 12, 163, 0, 0, 6807.42, 2, 0, 0, 0.34, 792, 454, 6198.05, 17427, 15867
1694081545, 0, 12, 163, 0, 0, 6807.42, 2, 0, 0, 0.33, 793, 454, 6198.05, 17427, 15867
1694081549, 0, 12, 163, 0, 0, 6807.42, 2, 0, 0, 0.30, 794, 454, 6198.05, 17427, 15867
1694081552, 0, 12, 163, 0, 0, 6807.42, 2, 0, 0, 0.31, 795, 454, 6198.05, 17427, 15867
1694081555, 0, 12, 163, 0, 0, 6807.42, 2, 0, 0, 0.34, 796, 454, 6198.05, 17427, 15867
1694081558, 0, 12, 163, 0, 0, 6807.42, 2, 0, 0, 0.34, 797, 454, 6198.05, 17427, 15867
1694081561, 0, 12, 163, 0, 0, 6807.42, 2, 0, 0, 0.34, 798, 454, 6198.05, 17427, 15867
1694081564, 0, 12, 163, 0, 0, 6807.42, 2, 0, 0, 0.35, 799, 454, 6198.05, 17427, 15867
1694081567, 0, 12, 163, 0, 0, 6807.42, 2, 0, 0, 0.33, 800, 454, 6198.05, 17427, 15867
1694081569, 0, 12, 163, 0, 0, 6807.42, 2, 0, 0, 0.36, 801, 454, 6198.05, 17427, 15867
1694081572, 0, 12, 163, 0, 0, 6807.42, 2, 0, 0, 0.39, 802, 454, 6198.05, 17427, 15867
1694081575, 0, 12, 163, 0, 0, 6807.42, 2, 0, 0, 0.30, 803, 454, 6198.05, 17427, 15867
1694081578, 0, 12, 163, 0, 0, 6807.42, 2, 0, 0, 0.36, 804, 454, 6198.05, 17427, 15867
1694081581, 0, 12, 163, 0, 0, 6807.42, 2, 0, 0, 0.34, 805, 454, 6198.05, 17427, 15867
1694081584, 0, 12, 163, 0, 0, 6807.42, 2, 0, 0, 0.34, 806, 454, 6198.05, 17427, 15867
1694081587, 0, 12, 163, 0, 0, 6807.42, 2, 0, 0, 0.34, 807, 454, 6198.05, 17427, 15867
1694081590, 0, 12, 163, 0, 0, 6807.42, 2, 0, 0, 0.33, 808, 454, 6198.05, 17427, 15867
1694081593, 0, 12, 163, 0, 0, 6807.42, 2, 0, 0, 0.36, 809, 454, 6198.05, 17427, 15867
1694081595, 0, 12, 163, 0, 0, 6807.42, 2, 0, 0, 0.39, 810, 454, 6198.05, 17427, 15867
1694081598, 0, 12, 164, 0, 0, 6807.42, 2, 0, 0, 0.35, 811, 454, 6198.05, 17427, 15867
1694081601, 0, 12, 164, 0, 0, 6807.42, 2, 0, 0, 0.35, 812, 454, 6198.05, 17427, 15867
1694081604, 0, 12, 164, 0, 0, 6807.42, 2, 0, 0, 0.39, 813, 454, 6198.05, 17427, 15867
1694081606, 0, 12, 165, 0, 0, 6807.42, 2, 0, 0, 0.41, 814, 454, 6198.05, 17427, 15867
1694081609, 0, 12, 165, 0, 0, 6807.42, 2, 0, 0, 0.33, 815, 454, 6198.05, 17427, 15867
1694081612, 0, 12, 166, 0, 0, 6807.42, 2, 0, 0, 0.39, 816, 454, 6198.05, 17427, 15867
1694081615, 0, 12, 166, 0, 0, 6807.42, 2, 0, 0, 0.34, 817, 454, 6198.05, 17427, 15867
1694081617, 0, 12, 166, 0, 0, 6807.42, 2, 0, 0, 0.36, 818, 454, 6198.05, 17427, 15867
1694081620, 0, 12, 166, 0, 0, 6807.42, 2, 0, 0, 0.39, 819, 454, 6198.05, 17427, 15867
1694081623, 0, 12, 166, 0, 0, 6807.42, 2, 0, 0, 0.39, 820, 454, 6198.05, 17427, 15867
1694081625, 0, 12, 167, 0, 0, 6807.42, 2, 0, 0, 0.34, 821, 454, 6198.05, 17427, 15867
1694081629, 0, 12, 167, 0, 0, 6807.42, 2, 0, 0, 0.33, 822, 454, 6198.05, 17427, 15867
1694081631, 0, 12, 167, 0, 0, 6807.42, 2, 0, 0, 0.35, 823, 454, 6198.05, 17427, 15867
1694081634, 0, 12, 167, 0, 0, 6807.42, 2, 0, 0, 0.39, 824, 454, 6198.05, 17427, 15867
1694081637, 0, 12, 167, 0, 0, 6807.42, 2, 0, 0, 0.36, 825, 454, 6198.05, 17427, 15867
1694081639, 0, 12, 167, 0, 0, 6807.42, 2, 0, 0, 0.36, 826, 454, 6198.05, 17427, 15867
1694081642, 0, 12, 167, 0, 0, 6807.42, 2, 0, 0, 0.36, 827, 454, 6198.05, 17427, 15867
1694081645, 0, 12, 167, 0, 0, 6807.42, 2, 0, 0, 0.35, 828, 454, 6198.05, 17427, 15867
1694081650, 0, 12, 168, 0, 0, 6807.42, 2, 0, 0, 0.21, 829, 454, 6198.05, 17427, 15867
1694081653, 0, 12, 168, 0, 0, 6807.42, 2, 0, 0, 0.36, 830, 454, 6198.05, 17427, 15867
1694081655, 0, 12, 168, 0, 0, 6807.42, 2, 0, 0, 0.50, 831, 454, 6198.05, 17427, 15867
1694081658, 0, 12, 168, 0, 0, 6807.42, 2, 0, 0, 0.36, 832, 454, 6198.05, 17427, 15867
1694081661, 0, 12, 168, 0, 0, 6807.42, 2, 0, 0, 0.33, 833, 454, 6198.05, 17427, 15867
1694081665, 0, 12, 168, 0, 0, 6807.42, 2, 0, 0, 0.24, 834, 454, 6198.05, 17427, 15867
1694081668, 0, 12, 168, 0, 0, 6807.42, 2, 0, 0, 0.34, 835, 454, 6198.05, 17427, 15867
1694081670, 0, 12, 168, 0, 0, 6807.42, 2, 0, 0, 0.51, 836, 454, 6198.05, 17427, 15867
1694081672, 0, 12, 168, 0, 0, 6807.42, 2, 0, 0, 0.40, 837, 454, 6198.05, 17427, 15867
1694081676, 0, 12, 168, 0, 0, 6807.42, 2, 0, 0, 0.26, 838, 454, 6198.05, 17427, 15867
1694081681, 0, 12, 168, 0, 0, 6807.42, 2, 0, 0, 0.20, 839, 454, 6198.05, 17427, 15867
1694081684, 0, 12, 168, 0, 0, 6807.42, 2, 0, 0, 0.38, 840, 454, 6198.05, 17427, 15867
1694081687, 0, 12, 168, 0, 0, 6807.42, 2, 0, 0, 0.35, 841, 454, 6198.05, 17427, 15867
1694081690, 0, 12, 168, 0, 0, 6807.42, 2, 0, 0, 0.29, 842, 454, 6198.05, 17427, 15867
1694081693, 0, 12, 168, 0, 0, 6807.42, 2, 0, 0, 0.35, 843, 454, 6198.05, 17427, 15867
1694081696, 0, 12, 168, 0, 0, 6807.42, 2, 0, 0, 0.35, 844, 454, 6198.05, 17427, 15867
1694081699, 0, 12, 168, 0, 0, 6807.42, 2, 0, 0, 0.37, 845, 454, 6198.05, 17427, 15867
1694081702, 0, 12, 168, 0, 0, 6807.42, 2, 0, 0, 0.34, 846, 454, 6198.05, 17427, 15867
1694081705, 0, 12, 168, 0, 0, 6807.42, 2, 0, 0, 0.34, 847, 454, 6198.05, 17427, 15867
1694081707, 0, 12, 168, 0, 0, 6807.42, 2, 0, 0, 0.37, 848, 454, 6198.05, 17427, 15867
1694081710, 0, 12, 168, 0, 0, 6807.42, 2, 0, 0, 0.33, 849, 454, 6198.05, 17427, 15867
1694081713, 0, 12, 168, 0, 0, 6807.42, 2, 0, 0, 0.32, 850, 454, 6198.05, 17427, 15867
1694081716, 0, 12, 168, 0, 0, 6807.42, 2, 0, 0, 0.34, 851, 454, 6198.05, 17427, 15867
1694081719, 0, 12, 168, 0, 0, 6807.42, 2, 0, 0, 0.33, 852, 454, 6198.05, 17427, 15867
1694081722, 0, 12, 168, 0, 0, 6807.42, 2, 0, 0, 0.35, 853, 454, 6198.05, 17427, 15867
1694081726, 0, 12, 168, 0, 0, 6807.42, 2, 0, 0, 0.30, 854, 454, 6198.05, 17427, 15867
1694081729, 0, 12, 168, 0, 0, 6807.42, 2, 0, 0, 0.33, 855, 454, 6198.05, 17427, 15867
1694081731, 0, 12, 168, 0, 0, 6807.42, 2, 0, 0, 0.38, 856, 454, 6198.05, 17427, 15867
1694081734, 0, 12, 168, 0, 0, 6807.42, 2, 0, 0, 0.34, 857, 454, 6198.05, 17427, 15867
1694081737, 0, 12, 168, 0, 0, 6807.42, 2, 0, 0, 0.31, 858, 454, 6198.05, 17427, 15867
1694081741, 0, 12, 168, 0, 0, 6807.42, 2, 0, 0, 0.30, 859, 454, 6198.05, 17427, 15867
1694081744, 0, 12, 168, 0, 0, 6807.42, 2, 0, 0, 0.28, 860, 454, 6198.05, 17427, 15867
1694081747, 0, 12, 168, 0, 0, 6807.42, 2, 0, 0, 0.37, 861, 454, 6198.05, 17427, 15867
1694081750, 0, 12, 168, 0, 0, 6807.42, 2, 0, 0, 0.36, 862, 454, 6198.05, 17427, 15867
1694081753, 0, 12, 168, 0, 0, 6807.42, 2, 0, 0, 0.34, 863, 454, 6198.05, 17427, 15867
1694081755, 0, 12, 168, 0, 0, 6807.42, 2, 0, 0, 0.40, 864, 454, 6198.05, 17427, 15867
1694081758, 0, 12, 168, 0, 0, 6807.42, 2, 0, 0, 0.33, 865, 454, 6198.05, 17427, 15867
1694081762, 0, 12, 168, 0, 0, 6807.42, 2, 0, 0, 0.31, 866, 454, 6198.05, 17427, 15867
1694081764, 0, 12, 168, 0, 0, 6807.42, 2, 0, 0, 0.35, 867, 454, 6198.05, 17427, 15867
1694081767, 0, 12, 168, 0, 0, 6807.42, 2, 0, 0, 0.35, 868, 454, 6198.05, 17427, 15867
1694081770, 0, 12, 168, 0, 0, 6807.42, 2, 0, 0, 0.39, 869, 454, 6198.05, 17427, 15867
1694081773, 0, 12, 168, 0, 0, 6807.42, 2, 0, 0, 0.32, 870, 454, 6198.05, 17427, 15867
1694081776, 0, 12, 168, 0, 0, 6807.42, 2, 0, 0, 0.31, 871, 454, 6198.05, 17427, 15867
1694081779, 0, 12, 168, 0, 0, 6807.42, 2, 0, 0, 0.34, 872, 454, 6198.05, 17427, 15867
1694081782, 0, 12, 168, 0, 0, 6807.42, 2, 0, 0, 0.37, 873, 454, 6198.05, 17427, 15867
1694081784, 0, 12, 168, 0, 0, 6807.42, 2, 0, 0, 0.38, 874, 454, 6198.05, 17427, 15867
1694081787, 0, 12, 168, 0, 0, 6807.42, 2, 0, 0, 0.35, 875, 454, 6198.05, 17427, 15867
1694081790, 0, 12, 168, 0, 0, 6807.42, 2, 0, 0, 0.34, 876, 454, 6198.05, 17427, 15867
1694081793, 0, 12, 168, 0, 0, 6807.42, 2, 0, 0, 0.30, 877, 454, 6198.05, 17427, 15867
1694081796, 0, 12, 168, 0, 0, 6807.42, 2, 0, 0, 0.34, 878, 454, 6198.05, 17427, 15867
1694081800, 0, 12, 168, 0, 0, 6807.42, 2, 0, 0, 0.31, 879, 454, 6198.05, 17427, 15867
1694081802, 0, 12, 168, 0, 0, 6807.42, 2, 0, 0, 0.37, 880, 454, 6198.05, 17427, 15867
1694081805, 0, 12, 168, 0, 0, 6807.42, 2, 0, 0, 0.32, 881, 454, 6198.05, 17427, 15867
1694081808, 0, 12, 168, 0, 0, 6807.42, 2, 0, 0, 0.37, 882, 454, 6198.05, 17427, 15867
1694081811, 0, 12, 168, 0, 0, 6807.42, 2, 0, 0, 0.33, 883, 454, 6198.05, 17427, 15867
1694081814, 0, 12, 168, 0, 0, 6807.42, 2, 0, 0, 0.33, 884, 454, 6198.05, 17427, 15867
1694081817, 0, 12, 168, 0, 0, 6807.42, 2, 0, 0, 0.37, 885, 454, 6198.05, 17427, 15867
1694081820, 0, 12, 168, 0, 0, 6807.42, 2, 0, 0, 0.36, 886, 454, 6198.05, 17427, 15867
1694081823, 0, 12, 169, 0, 0, 6807.42, 2, 0, 0, 0.34, 887, 454, 6198.05, 17427, 15867
1694081826, 0, 12, 169, 0, 0, 6807.42, 2, 0, 0, 0.33, 888, 454, 6198.05, 17427, 15867
1694081828, 0, 12, 169, 0, 0, 6807.42, 2, 0, 0, 0.53, 889, 454, 6198.05, 17427, 15867
1694081830, 0, 12, 169, 0, 0, 6807.42, 2, 0, 0, 0.39, 890, 454, 6198.05, 17427, 15867
1694081834, 0, 12, 169, 0, 0, 6807.42, 2, 0, 0, 0.26, 891, 454, 6198.05, 17427, 15867
1694081837, 0, 12, 169, 0, 0, 6807.42, 2, 0, 0, 0.34, 892, 454, 6198.05, 17427, 15867
1694081840, 0, 12, 169, 0, 0, 6807.42, 2, 0, 0, 0.34, 893, 454, 6198.05, 17427, 15867
1694081843, 0, 12, 169, 0, 0, 6807.42, 2, 0, 0, 0.35, 894, 454, 6198.05, 17427, 15867
1694081846, 0, 12, 170, 0, 0, 6807.42, 2, 0, 0, 0.33, 895, 454, 6198.05, 17427, 15867
1694081849, 0, 12, 170, 0, 0, 6807.42, 2, 0, 0, 0.28, 896, 454, 6198.05, 17427, 15867
1694081852, 0, 12, 170, 0, 0, 6807.42, 2, 0, 0, 0.37, 897, 454, 6198.05, 17427, 15867
1694081854, 0, 12, 170, 0, 0, 6807.42, 2, 0, 0, 0.42, 898, 454, 6198.05, 17427, 15867
1694081857, 0, 12, 170, 0, 0, 6807.42, 2, 0, 0, 0.40, 899, 454, 6198.05, 17427, 15867
1694081860, 0, 12, 170, 0, 0, 6807.42, 2, 0, 0, 0.33, 900, 454, 6198.05, 17427, 15867
1694081863, 0, 12, 170, 0, 0, 6807.42, 2, 0, 0, 0.31, 901, 454, 6198.05, 17427, 15867
1694081866, 0, 12, 170, 0, 0, 6807.42, 2, 0, 0, 0.35, 902, 454, 6198.05, 17427, 15867
1694081869, 0, 12, 170, 0, 0, 6807.42, 2, 0, 0, 0.37, 903, 454, 6198.05, 17427, 15867
1694081871, 0, 12, 170, 0, 0, 6807.42, 2, 0, 0, 0.36, 904, 454, 6198.05, 17427, 15867
1694081875, 0, 12, 170, 0, 0, 6807.42, 2, 0, 0, 0.31, 905, 454, 6198.05, 17427, 15867
1694081878, 0, 12, 170, 0, 0, 6807.42, 2, 0, 0, 0.31, 906, 454, 6198.05, 17427, 15867
1694081882, 0, 12, 170, 0, 0, 6807.42, 2, 0, 0, 0.23, 907, 454, 6198.05, 17427, 15867
1694081885, 0, 12, 170, 0, 0, 6807.42, 2, 0, 0, 0.32, 908, 454, 6198.05, 17427, 15867
1694081888, 0, 12, 170, 0, 0, 6807.42, 2, 0, 0, 0.36, 909, 454, 6198.05, 17427, 15867
1694081891, 0, 12, 170, 0, 0, 6807.42, 2, 0, 0, 0.36, 910, 454, 6198.05, 17427, 15867
1694081894, 0, 12, 170, 0, 0, 6807.42, 2, 0, 0, 0.35, 911, 454, 6198.05, 17427, 15867
1694081896, 0, 12, 170, 0, 0, 6807.42, 2, 0, 0, 0.37, 912, 454, 6198.05, 17427, 15867
1694081899, 0, 12, 170, 0, 0, 6807.42, 2, 0, 0, 0.35, 913, 454, 6198.05, 17427, 15867
1694081902, 0, 12, 170, 0, 0, 6807.42, 2, 0, 0, 0.37, 914, 454, 6198.05, 17427, 15867
1694081905, 0, 12, 170, 0, 0, 6807.42, 2, 0, 0, 0.38, 915, 454, 6198.05, 17427, 15867
1694081907, 0, 12, 170, 0, 0, 6807.42, 2, 0, 0, 0.36, 916, 454, 6198.05, 17427, 15867
1694081910, 0, 12, 170, 0, 0, 6807.42, 2, 0, 0, 0.35, 917, 454, 6198.05, 17427, 15867
1694081914, 0, 12, 170, 0, 0, 6807.42, 2, 0, 0, 0.30, 918, 454, 6198.05, 17427, 15867
1694081917, 0, 12, 170, 0, 0, 6807.42, 2, 0, 0, 0.29, 919, 454, 6198.05, 17427, 15867
1694081920, 0, 12, 170, 0, 0, 6807.42, 2, 0, 0, 0.32, 920, 454, 6198.05, 17427, 15867
1694081923, 0, 12, 170, 0, 0, 6807.42, 2, 0, 0, 0.31, 921, 454, 6198.05, 17427, 15867
1694081927, 0, 12, 170, 0, 0, 6807.42, 2, 0, 0, 0.32, 922, 454, 6198.05, 17427, 15867
1694081930, 0, 12, 170, 0, 0, 6807.42, 2, 0, 0, 0.31, 923, 454, 6198.05, 17427, 15867
1694081933, 0, 12, 170, 0, 0, 6807.42, 2, 0, 0, 0.30, 924, 454, 6198.05, 17427, 15867
1694081936, 0, 12, 170, 0, 0, 6807.42, 2, 0, 0, 0.32, 925, 454, 6198.05, 17427, 15867
1694081940, 0, 12, 170, 0, 0, 6807.42, 2, 0, 0, 0.28, 926, 454, 6198.05, 17427, 15867
1694081943, 0, 12, 170, 0, 0, 6807.42, 2, 0, 0, 0.32, 927, 454, 6198.05, 17427, 15867
1694081946, 0, 12, 170, 0, 0, 6807.42, 2, 0, 0, 0.38, 928, 454, 6198.05, 17427, 15867
1694081949, 0, 12, 170, 0, 0, 6807.42, 2, 0, 0, 0.33, 929, 454, 6198.05, 17427, 15867
1694081952, 0, 12, 171, 0, 0, 6807.42, 2, 0, 0, 0.33, 930, 454, 6198.05, 17427, 15867
1694081963, 0, 12, 172, 0, 0, 7767.19, 2, 0, 0, 0.09, 931, 454, 7182.81, 19884, 18388
1694081967, 0, 12, 173, 0, 0, 7830.47, 2, 0, 0, 0.27, 932, 454, 7246.09, 20046, 18550
1694081970, 0, 12, 174, 0, 0, 7830.47, 2, 0, 0, 0.27, 933, 454, 7246.09, 20046, 18550
1694081974, 0, 12, 175, 0, 0, 7830.47, 2, 0, 0, 0.28, 934, 454, 7246.09, 20046, 18550
1694081977, 0, 12, 175, 0, 0, 7830.47, 2, 0, 0, 0.31, 935, 454, 7246.09, 20046, 18550
1694081981, 0, 12, 175, 0, 0, 7830.47, 2, 0, 0, 0.28, 936, 454, 7246.09, 20046, 18550
1694081983, 0, 12, 176, 0, 0, 7853.13, 2, 0, 0, 0.40, 937, 454, 7268.75, 20104, 18608
1694081987, 0, 12, 176, 0, 0, 7853.13, 2, 0, 0, 0.27, 938, 454, 7268.75, 20104, 18608
1694081990, 0, 12, 176, 0, 0, 7853.13, 2, 0, 0, 0.30, 939, 454, 7268.75, 20104, 18608
1694081994, 0, 12, 176, 0, 0, 7853.13, 2, 0, 0, 0.28, 940, 454, 7268.75, 20104, 18608
1694081998, 0, 12, 176, 0, 0, 7853.13, 2, 0, 0, 0.28, 941, 454, 7268.75, 20104, 18608
1694082001, 0, 12, 176, 0, 0, 7853.13, 2, 0, 0, 0.28, 942, 454, 7268.75, 20104, 18608
1694082005, 0, 12, 177, 0, 0, 7853.13, 2, 0, 0, 0.26, 943, 454, 7268.75, 20104, 18608
1694082009, 0, 12, 178, 0, 0, 7853.13, 2, 0, 0, 0.25, 944, 454, 7268.75, 20104, 18608
1694082013, 0, 12, 178, 0, 0, 7853.13, 2, 0, 0, 0.29, 945, 454, 7268.75, 20104, 18608
1694082016, 0, 12, 179, 0, 0, 7853.13, 2, 0, 0, 0.29, 946, 454, 7268.75, 20104, 18608
1694082019, 0, 12, 179, 0, 0, 7853.13, 2, 0, 0, 0.30, 947, 454, 7268.75, 20104, 18608
1694082022, 0, 12, 179, 0, 0, 7853.13, 2, 0, 0, 0.33, 948, 454, 7268.75, 20104, 18608
1694082026, 0, 12, 179, 0, 0, 7853.13, 2, 0, 0, 0.31, 949, 454, 7268.75, 20104, 18608
1694082028, 0, 12, 179, 0, 0, 7853.13, 2, 0, 0, 0.43, 950, 454, 7268.75, 20104, 18608
1694082031, 0, 12, 179, 0, 0, 7853.13, 2, 0, 0, 0.32, 951, 454, 7268.75, 20104, 18608
1694082034, 0, 12, 179, 0, 0, 7853.13, 2, 0, 0, 0.35, 952, 454, 7268.75, 20104, 18608
1694082037, 0, 12, 179, 0, 0, 7853.13, 2, 0, 0, 0.30, 953, 454, 7268.75, 20104, 18608
1694082040, 0, 12, 179, 0, 0, 7853.13, 2, 0, 0, 0.35, 954, 454, 7268.75, 20104, 18608
1694082043, 0, 12, 180, 0, 0, 7855.86, 2, 0, 0, 0.36, 955, 454, 7271.48, 20111, 18615
1694082046, 0, 12, 180, 0, 0, 7855.86, 2, 0, 0, 0.32, 956, 454, 7271.48, 20111, 18615
1694082050, 0, 12, 181, 0, 0, 7855.86, 2, 0, 0, 0.29, 957, 454, 7271.48, 20111, 18615
1694082053, 0, 12, 181, 0, 0, 7855.86, 2, 0, 0, 0.31, 958, 454, 7271.48, 20111, 18615
1694082056, 0, 12, 181, 0, 0, 7855.86, 2, 0, 0, 0.34, 959, 454, 7271.48, 20111, 18615
1694082058, 0, 12, 181, 0, 0, 7855.86, 2, 0, 0, 0.38, 960, 454, 7271.48, 20111, 18615
1694082061, 0, 12, 181, 0, 0, 7855.86, 2, 0, 0, 0.33, 961, 454, 7271.48, 20111, 18615
1694082064, 0, 12, 181, 0, 0, 7855.86, 2, 0, 0, 0.40, 962, 454, 7271.48, 20111, 18615
1694082067, 0, 12, 181, 0, 0, 7855.86, 2, 0, 0, 0.35, 963, 454, 7271.48, 20111, 18615
1694082069, 0, 12, 182, 0, 0, 7855.86, 2, 0, 0, 0.37, 964, 454, 7271.48, 20111, 18615
1694082073, 0, 12, 182, 0, 0, 7855.86, 2, 0, 0, 0.30, 965, 454, 7271.48, 20111, 18615
1694082076, 0, 12, 182, 0, 0, 7855.86, 2, 0, 0, 0.33, 966, 454, 7271.48, 20111, 18615
1694082079, 0, 12, 182, 0, 0, 7855.86, 2, 0, 0, 0.32, 967, 454, 7271.48, 20111, 18615
1694082082, 0, 12, 182, 0, 0, 7855.86, 2, 0, 0, 0.35, 968, 454, 7271.48, 20111, 18615
1694082085, 0, 12, 182, 0, 0, 7855.86, 2, 0, 0, 0.35, 969, 454, 7271.48, 20111, 18615
1694082088, 0, 12, 182, 0, 0, 7855.86, 2, 0, 0, 0.33, 970, 454, 7271.48, 20111, 18615
1694082091, 0, 12, 183, 0, 0, 7855.86, 2, 0, 0, 0.32, 971, 454, 7271.48, 20111, 18615
1694082100, 0, 12, 183, 0, 0, 7855.86, 2, 0, 0, 0.11, 972, 454, 7271.48, 20111, 18615
1694082104, 0, 12, 183, 0, 0, 7855.86, 2, 0, 0, 0.30, 973, 454, 7271.48, 20111, 18615
1694082107, 0, 12, 183, 0, 0, 7855.86, 2, 0, 0, 0.35, 974, 454, 7271.48, 20111, 18615
1694082109, 0, 12, 183, 0, 0, 7855.86, 2, 0, 0, 0.34, 975, 454, 7271.48, 20111, 18615
1694082112, 0, 12, 183, 0, 0, 7855.86, 2, 0, 0, 0.41, 976, 454, 7271.48, 20111, 18615
1694082115, 0, 12, 183, 0, 0, 7855.86, 2, 0, 0, 0.34, 977, 454, 7271.48, 20111, 18615
1694082118, 0, 12, 183, 0, 0, 7855.86, 2, 0, 0, 0.29, 978, 454, 7271.48, 20111, 18615
1694082121, 0, 12, 183, 0, 0, 7855.86, 2, 0, 0, 0.32, 979, 454, 7271.48, 20111, 18615
1694082124, 0, 12, 183, 0, 0, 7855.86, 2, 0, 0, 0.35, 980, 454, 7271.48, 20111, 18615
1694082127, 0, 12, 183, 0, 0, 7855.86, 2, 0, 0, 0.35, 981, 454, 7271.48, 20111, 18615
1694082130, 0, 12, 183, 0, 0, 7855.86, 2, 0, 0, 0.32, 982, 454, 7271.48, 20111, 18615
1694082133, 0, 12, 184, 0, 0, 7855.86, 2, 0, 0, 0.35, 983, 454, 7271.48, 20111, 18615
1694082137, 0, 12, 185, 0, 0, 7855.86, 2, 0, 0, 0.30, 984, 454, 7271.48, 20111, 18615
1694082147, 0, 12, 186, 0, 0, 7855.86, 2, 0, 0, 0.10, 985, 454, 7271.48, 20111, 18615
1694082150, 0, 12, 187, 0, 0, 7855.86, 2, 0, 0, 0.32, 986, 454, 7271.48, 20111, 18615
1694082160, 0, 12, 188, 0, 0, 7855.86, 2, 0, 0, 0.10, 987, 454, 7271.48, 20111, 18615
1694082163, 0, 12, 188, 0, 0, 7855.86, 2, 0, 0, 0.32, 988, 454, 7271.48, 20111, 18615
1694082174, 0, 12, 188, 0, 0, 7855.86, 2, 0, 0, 0.10, 989, 454, 7271.48, 20111, 18615
1694082177, 0, 12, 189, 0, 0, 7855.86, 2, 0, 0, 0.31, 990, 454, 7271.48, 20111, 18615
1694082187, 0, 12, 189, 0, 0, 7855.86, 2, 0, 0, 0.10, 991, 454, 7271.48, 20111, 18615
1694082190, 0, 12, 189, 0, 0, 7855.86, 2, 0, 0, 0.31, 992, 454, 7271.48, 20111, 18615
1694082199, 0, 12, 189, 0, 0, 7855.86, 2, 0, 0, 0.11, 993, 454, 7271.48, 20111, 18615
1694082202, 0, 12, 189, 0, 0, 7855.86, 2, 0, 0, 0.30, 994, 454, 7271.48, 20111, 18615
1694082211, 0, 12, 189, 0, 0, 7855.86, 2, 0, 0, 0.12, 995, 454, 7271.48, 20111, 18615
1694082214, 0, 12, 189, 0, 0, 7855.86, 2, 0, 0, 0.31, 996, 454, 7271.48, 20111, 18615
1694082224, 0, 12, 189, 0, 0, 7855.86, 2, 0, 0, 0.11, 997, 454, 7271.48, 20111, 18615
1694082227, 0, 12, 189, 0, 0, 7855.86, 2, 0, 0, 0.33, 998, 454, 7271.48, 20111, 18615
1694082236, 0, 12, 189, 0, 0, 7855.86, 2, 0, 0, 0.11, 999, 454, 7271.48, 20111, 18615
1694082244, 0, 12, 190, 0, 0, 7855.86, 2, 0, 0, 0.12, 1000, 454, 7271.48, 20111, 18615
1694082254, 0, 12, 191, 0, 0, 8729.30, 2, 0, 0, 0.11, 1001, 454, 8144.92, 22347, 20851
1694082276, 0, 12, 192, 0, 0, 9671.88, 2, 0, 0, 0.05, 1002, 454, 9087.50, 24760, 23264
1694082297, 0, 12, 193, 0, 0, 10408.98, 2, 0, 0, 0.05, 1003, 454, 9824.61, 26647, 25151
