# unix_time, cycles_done, cur_path, paths_total, pending_total, pending_favs, map_size, unique_crashes, unique_hangs, max_depth, execs_per_sec, valid_inputs, invalid_inputs, valid_cov, all_covered_probes, valid_covered_probes
1695247269, 0, 0, 1, 0, 0, 981.25, 0, 0, 0, 1.14, 0, 1, 0.00, 2512, 0
1695247269, 0, 0, 9, 0, 0, 1283.20, 0, 0, 0, 26.14, 4, 5, 501.95, 3285, 1285
1695247283, 0, 0, 12, 0, 0, 7526.17, 0, 0, 0, 0.93, 7, 15, 6879.69, 19267, 17612
1695247283, 0, 0, 13, 0, 0, 7742.19, 0, 0, 0, 2.44, 8, 15, 7105.47, 19820, 18190
1695247284, 0, 0, 18, 0, 0, 7758.98, 0, 0, 0, 44.73, 12, 25, 7107.81, 19863, 18196
1695247287, 0, 0, 19, 0, 0, 7842.97, 0, 0, 0, 2.28, 14, 31, 7192.19, 20078, 18412
1695247323, 0, 0, 23, 0, 0, 7851.56, 0, 0, 0, 0.51, 21, 42, 7200.78, 20100, 18434
1695247326, 0, 0, 27, 0, 0, 7851.56, 0, 0, 0, 12.44, 34, 70, 7200.78, 20100, 18434
1695247330, 0, 0, 29, 0, 0, 7851.56, 1, 0, 0, 1.27, 34, 75, 7200.78, 20100, 18434
1695247330, 0, 0, 30, 0, 0, 7853.52, 1, 0, 0, 6.62, 34, 77, 7200.78, 20105, 18434
1695247332, 0, 0, 32, 0, 0, 7853.91, 1, 0, 0, 3.89, 40, 80, 7203.13, 20106, 18440
1695247340, 0, 1, 34, 0, 0, 7895.31, 1, 0, 0, 2.07, 45, 90, 7244.53, 20212, 18546
1695247343, 0, 1, 38, 0, 0, 7898.05, 1, 0, 0, 6.99, 57, 104, 7244.53, 20219, 18546
1695247346, 0, 1, 42, 0, 0, 8021.09, 1, 0, 0, 2.69, 59, 110, 7367.58, 20534, 18861
1695247349, 0, 1, 44, 0, 0, 8027.73, 1, 0, 0, 1.87, 62, 112, 7374.22, 20551, 18878
1695247364, 0, 1, 45, 0, 0, 8027.73, 1, 0, 0, 0.07, 63, 112, 7374.22, 20551, 18878
1695247368, 0, 2, 47, 0, 0, 8039.06, 1, 0, 0, 1.87, 67, 115, 7385.55, 20580, 18907
1695247371, 0, 2, 49, 0, 0, 8039.06, 1, 0, 0, 1.05, 69, 116, 7385.55, 20580, 18907
1695247373, 0, 2, 50, 0, 0, 8039.06, 1, 0, 0, 1.88, 73, 116, 7385.55, 20580, 18907
1695247376, 0, 2, 52, 0, 0, 8044.53, 1, 0, 0, 2.96, 79, 119, 7391.02, 20594, 18921
1695247379, 0, 2, 53, 0, 0, 8044.53, 1, 0, 0, 2.23, 83, 121, 7391.02, 20594, 18921
1695247381, 0, 2, 55, 0, 0, 8044.53, 1, 0, 0, 3.62, 91, 121, 7391.02, 20594, 18921
1695247383, 0, 3, 57, 0, 0, 8044.53, 2, 0, 0, 10.67, 108, 132, 7391.02, 20594, 18921
1695247386, 0, 3, 58, 0, 0, 8044.53, 2, 0, 0, 2.04, 111, 134, 7391.02, 20594, 18921
1695247386, 0, 4, 60, 0, 0, 8044.53, 2, 0, 0, 83.06, 125, 145, 7391.02, 20594, 18921
1695247389, 0, 4, 61, 0, 0, 8044.53, 2, 0, 0, 14.94, 137, 173, 7391.02, 20594, 18921
1695247395, 0, 4, 63, 0, 0, 8071.48, 2, 0, 0, 0.49, 138, 175, 7417.97, 20663, 18990
1695247398, 0, 5, 65, 0, 0, 8071.48, 2, 0, 0, 7.44, 146, 189, 7417.97, 20663, 18990
1695247398, 0, 5, 67, 0, 0, 8071.48, 2, 0, 0, 50.80, 151, 203, 7417.97, 20663, 18990
1695247401, 0, 5, 68, 0, 0, 8071.48, 2, 0, 0, 6.93, 154, 216, 7417.97, 20663, 18990
1695247401, 0, 6, 69, 0, 0, 8071.48, 2, 0, 0, 69.77, 166, 225, 7417.97, 20663, 18990
1695247403, 0, 6, 70, 0, 0, 8071.48, 2, 0, 0, 2.76, 173, 225, 7417.97, 20663, 18990
1695247406, 0, 7, 71, 0, 0, 8071.48, 2, 0, 0, 12.24, 200, 235, 7417.97, 20663, 18990
1695247409, 0, 7, 72, 0, 0, 8071.48, 2, 0, 0, 0.44, 201, 235, 7417.97, 20663, 18990
1695247411, 0, 7, 75, 0, 0, 8071.48, 2, 0, 0, 8.88, 218, 238, 7417.97, 20663, 18990
1695247415, 0, 7, 76, 0, 0, 8071.48, 2, 0, 0, 0.45, 220, 238, 7417.97, 20663, 18990
1695247416, 0, 8, 78, 0, 0, 8071.48, 2, 0, 0, 27.25, 226, 242, 7417.97, 20663, 18990
1695247418, 0, 8, 79, 0, 0, 8071.88, 2, 0, 0, 1.19, 228, 243, 7418.36, 20664, 18991
1695247422, 0, 8, 81, 0, 0, 8071.88, 2, 0, 0, 5.80, 232, 259, 7418.36, 20664, 18991
1695247424, 0, 8, 82, 0, 0, 8071.88, 2, 0, 0, 5.92, 233, 271, 7418.36, 20664, 18991
1695247424, 0, 9, 83, 0, 0, 8071.88, 2, 0, 0, 93.33, 244, 288, 7418.36, 20664, 18991
1695247427, 0, 9, 84, 0, 0, 8071.88, 2, 0, 0, 1.02, 246, 289, 7418.36, 20664, 18991
1695247429, 0, 9, 85, 0, 0, 8071.88, 2, 0, 0, 1.83, 249, 290, 7418.36, 20664, 18991
1695247430, 0, 9, 86, 0, 0, 8071.88, 2, 0, 0, 32.26, 256, 293, 7418.36, 20664, 18991
1695247432, 0, 9, 88, 0, 0, 8071.88, 2, 0, 0, 2.27, 259, 295, 7418.36, 20664, 18991
1695247434, 0, 10, 90, 0, 0, 8071.88, 2, 0, 0, 3.60, 267, 296, 7418.36, 20664, 18991
1695247437, 0, 10, 90, 0, 0, 8071.88, 2, 0, 0, 5.31, 274, 302, 7418.36, 20664, 18991
1695247440, 0, 10, 91, 0, 0, 8071.88, 2, 0, 0, 7.19, 289, 306, 7418.36, 20664, 18991
1695247445, 0, 11, 93, 0, 0, 8071.88, 2, 0, 0, 1.28, 293, 309, 7418.36, 20664, 18991
1695247450, 0, 11, 93, 0, 0, 8071.88, 2, 0, 0, 0.21, 294, 309, 7418.36, 20664, 18991
1695247455, 0, 11, 94, 0, 0, 8071.88, 2, 0, 0, 0.21, 295, 309, 7418.36, 20664, 18991
1695247459, 0, 11, 95, 0, 0, 8071.88, 2, 0, 0, 0.21, 296, 309, 7418.36, 20664, 18991
1695247464, 0, 11, 96, 0, 0, 8072.66, 2, 0, 0, 0.20, 297, 309, 7419.14, 20666, 18993
1695247469, 0, 11, 97, 0, 0, 8072.66, 2, 0, 0, 0.21, 298, 309, 7419.14, 20666, 18993
1695247474, 0, 11, 98, 0, 0, 8072.66, 2, 0, 0, 0.21, 299, 309, 7419.14, 20666, 18993
1695247479, 0, 11, 98, 0, 0, 8072.66, 2, 0, 0, 0.21, 300, 309, 7419.14, 20666, 18993
1695247483, 0, 11, 98, 0, 0, 8072.66, 2, 0, 0, 0.22, 301, 309, 7419.14, 20666, 18993
1695247488, 0, 11, 98, 0, 0, 8072.66, 2, 0, 0, 0.21, 302, 309, 7419.14, 20666, 18993
1695247495, 0, 11, 99, 0, 0, 8072.66, 2, 0, 0, 0.15, 303, 309, 7419.14, 20666, 18993
1695247501, 0, 11, 100, 0, 0, 8072.66, 2, 0, 0, 0.16, 304, 309, 7419.14, 20666, 18993
1695247507, 0, 11, 100, 0, 0, 8072.66, 2, 0, 0, 0.16, 305, 309, 7419.14, 20666, 18993
1695247512, 0, 11, 101, 0, 0, 8072.66, 2, 0, 0, 0.20, 306, 309, 7419.14, 20666, 18993
1695247517, 0, 11, 102, 0, 0, 8072.66, 2, 0, 0, 0.21, 307, 309, 7419.14, 20666, 18993
1695247522, 0, 11, 102, 0, 0, 8072.66, 2, 0, 0, 0.21, 308, 309, 7419.14, 20666, 18993
1695247528, 0, 11, 102, 0, 0, 8072.66, 2, 0, 0, 0.17, 309, 309, 7419.14, 20666, 18993
1695247533, 0, 11, 103, 0, 0, 8072.66, 2, 0, 0, 0.20, 310, 309, 7419.14, 20666, 18993
1695247540, 0, 11, 104, 0, 0, 8072.66, 2, 0, 0, 0.13, 311, 309, 7419.14, 20666, 18993
1695247547, 0, 11, 104, 0, 0, 8072.66, 2, 0, 0, 0.16, 312, 309, 7419.14, 20666, 18993
1695247552, 0, 11, 104, 0, 0, 8072.66, 2, 0, 0, 0.17, 313, 309, 7419.14, 20666, 18993
1695247557, 0, 11, 105, 0, 0, 8072.66, 2, 0, 0, 0.21, 314, 309, 7419.14, 20666, 18993
1695247562, 0, 11, 105, 0, 0, 8072.66, 2, 0, 0, 0.21, 315, 309, 7419.14, 20666, 18993
1695247568, 0, 11, 105, 0, 0, 8072.66, 2, 0, 0, 0.18, 316, 309, 7419.14, 20666, 18993
1695247574, 0, 11, 105, 0, 0, 8072.66, 2, 0, 0, 0.15, 317, 309, 7419.14, 20666, 18993
1695247580, 0, 11, 106, 0, 0, 8072.66, 2, 0, 0, 0.16, 318, 309, 7419.14, 20666, 18993
1695247585, 0, 11, 107, 0, 0, 8072.66, 2, 0, 0, 0.21, 319, 309, 7419.14, 20666, 18993
1695247591, 0, 11, 108, 0, 0, 8072.66, 2, 0, 0, 0.19, 320, 309, 7419.14, 20666, 18993
1695247596, 0, 11, 109, 0, 0, 8072.66, 2, 0, 0, 0.18, 321, 309, 7419.14, 20666, 18993
1695247601, 0, 11, 109, 0, 0, 8072.66, 2, 0, 0, 0.20, 322, 309, 7419.14, 20666, 18993
1695247606, 0, 11, 109, 0, 0, 8072.66, 2, 0, 0, 0.20, 323, 309, 7419.14, 20666, 18993
1695247611, 0, 11, 110, 0, 0, 8072.66, 2, 0, 0, 0.21, 324, 309, 7419.14, 20666, 18993
1695247617, 0, 11, 110, 0, 0, 8072.66, 2, 0, 0, 0.17, 325, 309, 7419.14, 20666, 18993
1695247624, 0, 11, 111, 0, 0, 8072.66, 2, 0, 0, 0.14, 326, 309, 7419.14, 20666, 18993
1695247629, 0, 11, 112, 0, 0, 8089.06, 2, 0, 0, 0.20, 327, 309, 7435.55, 20708, 19035
1695247634, 0, 11, 112, 0, 0, 8089.06, 2, 0, 0, 0.20, 328, 309, 7435.55, 20708, 19035
1695247639, 0, 11, 112, 0, 0, 8089.06, 2, 0, 0, 0.20, 329, 309, 7435.55, 20708, 19035
1695247644, 0, 11, 113, 0, 0, 8089.06, 2, 0, 0, 0.20, 330, 309, 7435.55, 20708, 19035
1695247649, 0, 11, 113, 0, 0, 8089.06, 2, 0, 0, 0.20, 331, 309, 7435.55, 20708, 19035
1695247654, 0, 11, 113, 0, 0, 8089.06, 2, 0, 0, 0.20, 332, 309, 7435.55, 20708, 19035
1695247659, 0, 11, 113, 0, 0, 8089.06, 2, 0, 0, 0.20, 333, 309, 7435.55, 20708, 19035
1695247664, 0, 11, 113, 0, 0, 8089.06, 2, 0, 0, 0.20, 334, 309, 7435.55, 20708, 19035
1695247669, 0, 11, 113, 0, 0, 8089.06, 2, 0, 0, 0.20, 335, 309, 7435.55, 20708, 19035
1695247674, 0, 11, 113, 0, 0, 8089.06, 2, 0, 0, 0.21, 336, 309, 7435.55, 20708, 19035
1695247678, 0, 11, 113, 0, 0, 8089.06, 2, 0, 0, 0.22, 337, 309, 7435.55, 20708, 19035
1695247684, 0, 11, 114, 0, 0, 8089.06, 2, 0, 0, 0.18, 338, 309, 7435.55, 20708, 19035
1695247689, 0, 11, 114, 0, 0, 8089.06, 2, 0, 0, 0.19, 339, 309, 7435.55, 20708, 19035
1695247694, 0, 11, 114, 0, 0, 8089.06, 2, 0, 0, 0.19, 340, 309, 7435.55, 20708, 19035
1695247699, 0, 11, 115, 0, 0, 8089.06, 2, 0, 0, 0.21, 341, 309, 7435.55, 20708, 19035
1695247704, 0, 11, 115, 0, 0, 8089.06, 2, 0, 0, 0.21, 342, 309, 7435.55, 20708, 19035
1695247709, 0, 11, 115, 0, 0, 8089.06, 2, 0, 0, 0.20, 343, 309, 7435.55, 20708, 19035
1695247715, 0, 11, 115, 0, 0, 8089.06, 2, 0, 0, 0.15, 344, 309, 7435.55, 20708, 19035
1695247721, 0, 11, 115, 0, 0, 8089.06, 2, 0, 0, 0.17, 345, 309, 7435.55, 20708, 19035
1695247726, 0, 11, 116, 0, 0, 8089.06, 2, 0, 0, 0.20, 346, 309, 7435.55, 20708, 19035
1695247731, 0, 11, 116, 0, 0, 8089.06, 2, 0, 0, 0.21, 347, 309, 7435.55, 20708, 19035
1695247736, 0, 11, 116, 0, 0, 8089.06, 2, 0, 0, 0.22, 348, 309, 7435.55, 20708, 19035
1695247741, 0, 11, 117, 0, 0, 8089.06, 2, 0, 0, 0.19, 349, 309, 7435.55, 20708, 19035
1695247746, 0, 11, 117, 0, 0, 8089.06, 2, 0, 0, 0.20, 350, 309, 7435.55, 20708, 19035
1695247752, 0, 11, 117, 0, 0, 8089.06, 2, 0, 0, 0.15, 351, 309, 7435.55, 20708, 19035
1695247760, 0, 11, 117, 0, 0, 8089.06, 2, 0, 0, 0.13, 352, 309, 7435.55, 20708, 19035
1695247767, 0, 11, 117, 0, 0, 8089.06, 2, 0, 0, 0.15, 353, 309, 7435.55, 20708, 19035
1695247773, 0, 11, 117, 0, 0, 8089.06, 2, 0, 0, 0.16, 354, 309, 7435.55, 20708, 19035
1695247778, 0, 11, 118, 0, 0, 8089.06, 2, 0, 0, 0.20, 355, 309, 7435.55, 20708, 19035
1695247783, 0, 11, 118, 0, 0, 8089.06, 2, 0, 0, 0.21, 356, 309, 7435.55, 20708, 19035
1695247787, 0, 11, 118, 0, 0, 8089.06, 2, 0, 0, 0.22, 357, 309, 7435.55, 20708, 19035
1695247792, 0, 11, 118, 0, 0, 8089.06, 2, 0, 0, 0.21, 358, 309, 7435.55, 20708, 19035
1695247798, 0, 11, 118, 0, 0, 8089.06, 2, 0, 0, 0.18, 359, 309, 7435.55, 20708, 19035
1695247803, 0, 11, 118, 0, 0, 8089.06, 2, 0, 0, 0.20, 360, 309, 7435.55, 20708, 19035
1695247808, 0, 11, 118, 0, 0, 8089.06, 2, 0, 0, 0.20, 361, 309, 7435.55, 20708, 19035
1695247813, 0, 11, 119, 0, 0, 8089.06, 2, 0, 0, 0.20, 362, 309, 7435.55, 20708, 19035
1695247818, 0, 11, 119, 0, 0, 8089.06, 2, 0, 0, 0.19, 363, 309, 7435.55, 20708, 19035
1695247823, 0, 11, 119, 0, 0, 8089.06, 2, 0, 0, 0.21, 364, 309, 7435.55, 20708, 19035
1695247828, 0, 11, 119, 0, 0, 8089.06, 2, 0, 0, 0.19, 365, 309, 7435.55, 20708, 19035
1695247833, 0, 11, 119, 0, 0, 8089.06, 2, 0, 0, 0.21, 366, 309, 7435.55, 20708, 19035
1695247837, 0, 11, 119, 0, 0, 8089.06, 2, 0, 0, 0.21, 367, 309, 7435.55, 20708, 19035
1695247843, 0, 11, 119, 0, 0, 8089.06, 2, 0, 0, 0.18, 368, 309, 7435.55, 20708, 19035
1695247848, 0, 11, 119, 0, 0, 8089.06, 2, 0, 0, 0.20, 369, 309, 7435.55, 20708, 19035
1695247853, 0, 11, 119, 0, 0, 8089.06, 2, 0, 0, 0.20, 370, 309, 7435.55, 20708, 19035
1695247858, 0, 11, 119, 0, 0, 8089.06, 2, 0, 0, 0.20, 371, 309, 7435.55, 20708, 19035
1695247863, 0, 11, 119, 0, 0, 8089.06, 2, 0, 0, 0.19, 372, 309, 7435.55, 20708, 19035
1695247869, 0, 11, 120, 0, 0, 8089.84, 2, 0, 0, 0.18, 373, 309, 7436.33, 20710, 19037
1695247874, 0, 11, 120, 0, 0, 8089.84, 2, 0, 0, 0.20, 374, 309, 7436.33, 20710, 19037
1695247879, 0, 11, 120, 0, 0, 8089.84, 2, 0, 0, 0.20, 375, 309, 7436.33, 20710, 19037
1695247884, 0, 11, 120, 0, 0, 8089.84, 2, 0, 0, 0.18, 376, 309, 7436.33, 20710, 19037
1695247889, 0, 11, 120, 0, 0, 8089.84, 2, 0, 0, 0.19, 377, 309, 7436.33, 20710, 19037
1695247894, 0, 11, 120, 0, 0, 8089.84, 2, 0, 0, 0.21, 378, 309, 7436.33, 20710, 19037
1695247899, 0, 11, 120, 0, 0, 8089.84, 2, 0, 0, 0.20, 379, 309, 7436.33, 20710, 19037
1695247901, 0, 11, 121, 0, 0, 8089.84, 2, 0, 0, 0.43, 380, 309, 7436.33, 20710, 19037
1695247907, 0, 11, 121, 0, 0, 8089.84, 2, 0, 0, 0.18, 381, 309, 7436.33, 20710, 19037
1695247912, 0, 11, 122, 0, 0, 8089.84, 2, 0, 0, 0.19, 382, 309, 7436.33, 20710, 19037
1695247917, 0, 11, 123, 0, 0, 8089.84, 2, 0, 0, 0.22, 383, 309, 7436.33, 20710, 19037
1695247922, 0, 11, 124, 0, 0, 8089.84, 2, 0, 0, 0.17, 384, 309, 7436.33, 20710, 19037
1695247928, 0, 11, 125, 0, 0, 8089.84, 2, 0, 0, 0.18, 385, 309, 7436.33, 20710, 19037
1695247934, 0, 11, 125, 0, 0, 8089.84, 2, 0, 0, 0.18, 386, 309, 7436.33, 20710, 19037
1695247939, 0, 11, 125, 0, 0, 8089.84, 2, 0, 0, 0.18, 387, 309, 7436.33, 20710, 19037
1695247945, 0, 11, 126, 0, 0, 8089.84, 2, 0, 0, 0.18, 388, 309, 7436.33, 20710, 19037
1695247950, 0, 11, 126, 0, 0, 8089.84, 2, 0, 0, 0.19, 389, 309, 7436.33, 20710, 19037
1695247955, 0, 11, 126, 0, 0, 8089.84, 2, 0, 0, 0.19, 390, 309, 7436.33, 20710, 19037
1695247960, 0, 11, 126, 0, 0, 8089.84, 2, 0, 0, 0.21, 391, 309, 7436.33, 20710, 19037
1695247965, 0, 11, 126, 0, 0, 8089.84, 2, 0, 0, 0.18, 392, 309, 7436.33, 20710, 19037
1695247970, 0, 11, 126, 0, 0, 8089.84, 2, 0, 0, 0.20, 393, 309, 7436.33, 20710, 19037
1695247976, 0, 11, 126, 0, 0, 8089.84, 2, 0, 0, 0.18, 394, 309, 7436.33, 20710, 19037
1695247981, 0, 11, 126, 0, 0, 8089.84, 2, 0, 0, 0.20, 395, 309, 7436.33, 20710, 19037
1695247986, 0, 11, 126, 0, 0, 8089.84, 2, 0, 0, 0.19, 396, 309, 7436.33, 20710, 19037
1695247992, 0, 11, 126, 0, 0, 8089.84, 2, 0, 0, 0.19, 397, 309, 7436.33, 20710, 19037
1695247997, 0, 11, 126, 0, 0, 8089.84, 2, 0, 0, 0.19, 398, 309, 7436.33, 20710, 19037
1695248002, 0, 11, 127, 0, 0, 8089.84, 2, 0, 0, 0.20, 399, 309, 7436.33, 20710, 19037
1695248007, 0, 11, 127, 0, 0, 8089.84, 2, 0, 0, 0.19, 400, 309, 7436.33, 20710, 19037
1695248014, 0, 11, 128, 0, 0, 8089.84, 2, 0, 0, 0.15, 401, 309, 7436.33, 20710, 19037
1695248019, 0, 11, 128, 0, 0, 8089.84, 2, 0, 0, 0.20, 402, 309, 7436.33, 20710, 19037
1695248024, 0, 11, 128, 0, 0, 8089.84, 2, 0, 0, 0.19, 403, 309, 7436.33, 20710, 19037
1695248029, 0, 11, 128, 0, 0, 8089.84, 2, 0, 0, 0.18, 404, 309, 7436.33, 20710, 19037
1695248034, 0, 11, 128, 0, 0, 8089.84, 2, 0, 0, 0.20, 405, 309, 7436.33, 20710, 19037
1695248040, 0, 11, 128, 0, 0, 8089.84, 2, 0, 0, 0.19, 406, 309, 7436.33, 20710, 19037
1695248045, 0, 11, 128, 0, 0, 8089.84, 2, 0, 0, 0.18, 407, 309, 7436.33, 20710, 19037
1695248050, 0, 11, 128, 0, 0, 8089.84, 2, 0, 0, 0.20, 408, 309, 7436.33, 20710, 19037
1695248052, 0, 11, 129, 0, 0, 8089.84, 2, 0, 0, 0.48, 409, 309, 7436.33, 20710, 19037
1695248058, 0, 11, 129, 0, 0, 8089.84, 2, 0, 0, 0.18, 410, 309, 7436.33, 20710, 19037
1695248063, 0, 11, 129, 0, 0, 8089.84, 2, 0, 0, 0.20, 411, 309, 7436.33, 20710, 19037
1695248068, 0, 11, 129, 0, 0, 8089.84, 2, 0, 0, 0.20, 412, 309, 7436.33, 20710, 19037
1695248073, 0, 11, 130, 0, 0, 8089.84, 2, 0, 0, 0.20, 413, 309, 7436.33, 20710, 19037
1695248079, 0, 11, 131, 0, 0, 8089.84, 2, 0, 0, 0.17, 414, 309, 7436.33, 20710, 19037
1695248084, 0, 11, 132, 0, 0, 8089.84, 2, 0, 0, 0.20, 415, 309, 7436.33, 20710, 19037
1695248089, 0, 11, 132, 0, 0, 8089.84, 2, 0, 0, 0.19, 416, 309, 7436.33, 20710, 19037
1695248095, 0, 11, 132, 0, 0, 8089.84, 2, 0, 0, 0.19, 417, 309, 7436.33, 20710, 19037
1695248103, 0, 11, 132, 0, 0, 8089.84, 2, 0, 0, 0.12, 418, 309, 7436.33, 20710, 19037
1695248109, 0, 11, 132, 0, 0, 8089.84, 2, 0, 0, 0.17, 419, 309, 7436.33, 20710, 19037
1695248114, 0, 11, 132, 0, 0, 8089.84, 2, 0, 0, 0.19, 420, 309, 7436.33, 20710, 19037
1695248121, 0, 11, 132, 0, 0, 8089.84, 2, 0, 0, 0.14, 421, 309, 7436.33, 20710, 19037
1695248129, 0, 11, 132, 0, 0, 8089.84, 2, 0, 0, 0.12, 422, 309, 7436.33, 20710, 19037
1695248136, 0, 11, 133, 0, 0, 8089.84, 2, 0, 0, 0.14, 423, 309, 7436.33, 20710, 19037
1695248142, 0, 11, 133, 0, 0, 8089.84, 2, 0, 0, 0.18, 424, 309, 7436.33, 20710, 19037
1695248147, 0, 11, 133, 0, 0, 8089.84, 2, 0, 0, 0.17, 425, 309, 7436.33, 20710, 19037
1695248153, 0, 11, 134, 0, 0, 8089.84, 2, 0, 0, 0.17, 426, 309, 7436.33, 20710, 19037
1695248164, 0, 11, 135, 0, 0, 8089.84, 2, 0, 0, 0.10, 427, 309, 7436.33, 20710, 19037
1695248170, 0, 11, 135, 0, 0, 8089.84, 2, 0, 0, 0.16, 428, 309, 7436.33, 20710, 19037
1695248179, 0, 11, 135, 0, 0, 8089.84, 2, 0, 0, 0.11, 429, 309, 7436.33, 20710, 19037
1695248185, 0, 11, 135, 0, 0, 8089.84, 2, 0, 0, 0.17, 430, 309, 7436.33, 20710, 19037
1695248191, 0, 11, 135, 0, 0, 8089.84, 2, 0, 0, 0.17, 431, 309, 7436.33, 20710, 19037
1695248198, 0, 11, 136, 0, 0, 8089.84, 2, 0, 0, 0.15, 432, 309, 7436.33, 20710, 19037
1695248203, 0, 11, 136, 0, 0, 8089.84, 2, 0, 0, 0.19, 433, 309, 7436.33, 20710, 19037
1695248209, 0, 11, 136, 0, 0, 8089.84, 2, 0, 0, 0.18, 434, 309, 7436.33, 20710, 19037
1695248211, 0, 11, 137, 0, 0, 8089.84, 2, 0, 0, 0.48, 435, 309, 7436.33, 20710, 19037
1695248216, 0, 11, 138, 0, 0, 8089.84, 2, 0, 0, 0.18, 436, 309, 7436.33, 20710, 19037
1695248221, 0, 11, 139, 0, 0, 8089.84, 2, 0, 0, 0.20, 437, 309, 7436.33, 20710, 19037
1695248227, 0, 11, 139, 0, 0, 8089.84, 2, 0, 0, 0.17, 438, 309, 7436.33, 20710, 19037
1695248232, 0, 11, 140, 0, 0, 8089.84, 2, 0, 0, 0.19, 439, 309, 7436.33, 20710, 19037
1695248238, 0, 11, 140, 0, 0, 8089.84, 2, 0, 0, 0.19, 440, 309, 7436.33, 20710, 19037
1695248243, 0, 11, 140, 0, 0, 8089.84, 2, 0, 0, 0.17, 441, 309, 7436.33, 20710, 19037
1695248247, 0, 11, 141, 0, 0, 8089.84, 2, 0, 0, 0.32, 442, 309, 7436.33, 20710, 19037
1695248252, 0, 11, 141, 0, 0, 8089.84, 2, 0, 0, 0.20, 443, 309, 7436.33, 20710, 19037
1695248257, 0, 11, 141, 0, 0, 8089.84, 2, 0, 0, 0.18, 444, 309, 7436.33, 20710, 19037
1695248263, 0, 11, 141, 0, 0, 8089.84, 2, 0, 0, 0.17, 445, 309, 7436.33, 20710, 19037
1695248272, 0, 11, 141, 0, 0, 8089.84, 2, 0, 0, 0.11, 446, 309, 7436.33, 20710, 19037
1695248278, 0, 11, 141, 0, 0, 8089.84, 2, 0, 0, 0.15, 447, 309, 7436.33, 20710, 19037
1695248287, 0, 11, 141, 0, 0, 8089.84, 2, 0, 0, 0.12, 448, 309, 7436.33, 20710, 19037
1695248295, 0, 11, 141, 0, 0, 8089.84, 2, 0, 0, 0.13, 449, 309, 7436.33, 20710, 19037
1695248302, 0, 11, 141, 0, 0, 8089.84, 2, 0, 0, 0.13, 450, 309, 7436.33, 20710, 19037
1695248309, 0, 11, 141, 0, 0, 8089.84, 2, 0, 0, 0.14, 451, 309, 7436.33, 20710, 19037
1695248314, 0, 11, 141, 0, 0, 8089.84, 2, 0, 0, 0.20, 452, 309, 7436.33, 20710, 19037
1695248320, 0, 11, 141, 0, 0, 8089.84, 2, 0, 0, 0.20, 453, 309, 7436.33, 20710, 19037
1695248325, 0, 11, 141, 0, 0, 8089.84, 2, 0, 0, 0.19, 454, 309, 7436.33, 20710, 19037
1695248330, 0, 11, 141, 0, 0, 8089.84, 2, 0, 0, 0.20, 455, 309, 7436.33, 20710, 19037
1695248336, 0, 11, 141, 0, 0, 8089.84, 2, 0, 0, 0.18, 456, 309, 7436.33, 20710, 19037
1695248341, 0, 11, 141, 0, 0, 8089.84, 2, 0, 0, 0.20, 457, 309, 7436.33, 20710, 19037
1695248346, 0, 11, 141, 0, 0, 8089.84, 2, 0, 0, 0.19, 458, 309, 7436.33, 20710, 19037
1695248351, 0, 11, 141, 0, 0, 8089.84, 2, 0, 0, 0.19, 459, 309, 7436.33, 20710, 19037
1695248356, 0, 11, 142, 0, 0, 8089.84, 2, 0, 0, 0.20, 460, 309, 7436.33, 20710, 19037
1695248361, 0, 11, 142, 0, 0, 8089.84, 2, 0, 0, 0.19, 461, 309, 7436.33, 20710, 19037
1695248367, 0, 11, 142, 0, 0, 8089.84, 2, 0, 0, 0.19, 462, 309, 7436.33, 20710, 19037
1695248372, 0, 11, 142, 0, 0, 8089.84, 2, 0, 0, 0.20, 463, 309, 7436.33, 20710, 19037
1695248378, 0, 11, 143, 0, 0, 8089.84, 2, 0, 0, 0.18, 464, 309, 7436.33, 20710, 19037
1695248383, 0, 11, 144, 0, 0, 8089.84, 2, 0, 0, 0.20, 465, 309, 7436.33, 20710, 19037
1695248388, 0, 11, 144, 0, 0, 8089.84, 2, 0, 0, 0.19, 466, 309, 7436.33, 20710, 19037
1695248393, 0, 11, 145, 0, 0, 8089.84, 2, 0, 0, 0.20, 467, 309, 7436.33, 20710, 19037
1695248398, 0, 11, 146, 0, 0, 8089.84, 2, 0, 0, 0.18, 468, 309, 7436.33, 20710, 19037
1695248403, 0, 11, 146, 0, 0, 8089.84, 2, 0, 0, 0.21, 469, 309, 7436.33, 20710, 19037
1695248409, 0, 11, 146, 0, 0, 8089.84, 2, 0, 0, 0.18, 470, 309, 7436.33, 20710, 19037
1695248415, 0, 11, 146, 0, 0, 8089.84, 2, 0, 0, 0.16, 471, 309, 7436.33, 20710, 19037
1695248423, 0, 11, 146, 0, 0, 8089.84, 2, 0, 0, 0.12, 472, 309, 7436.33, 20710, 19037
1695248429, 0, 11, 146, 0, 0, 8089.84, 2, 0, 0, 0.18, 473, 309, 7436.33, 20710, 19037
1695248438, 0, 11, 146, 0, 0, 8089.84, 2, 0, 0, 0.12, 474, 309, 7436.33, 20710, 19037
1695248442, 0, 11, 146, 0, 0, 8089.84, 2, 0, 0, 0.21, 475, 309, 7436.33, 20710, 19037
1695248447, 0, 11, 146, 0, 0, 8089.84, 2, 0, 0, 0.20, 476, 309, 7436.33, 20710, 19037
1695248452, 0, 11, 146, 0, 0, 8089.84, 2, 0, 0, 0.20, 477, 309, 7436.33, 20710, 19037
1695248459, 0, 11, 146, 0, 0, 8089.84, 2, 0, 0, 0.15, 478, 309, 7436.33, 20710, 19037
1695248464, 0, 11, 146, 0, 0, 8089.84, 2, 0, 0, 0.19, 479, 309, 7436.33, 20710, 19037
1695248471, 0, 11, 146, 0, 0, 8089.84, 2, 0, 0, 0.15, 480, 309, 7436.33, 20710, 19037
1695248478, 0, 11, 146, 0, 0, 8089.84, 2, 0, 0, 0.14, 481, 309, 7436.33, 20710, 19037
1695248483, 0, 11, 146, 0, 0, 8089.84, 2, 0, 0, 0.20, 482, 309, 7436.33, 20710, 19037
1695248489, 0, 11, 146, 0, 0, 8089.84, 2, 0, 0, 0.16, 483, 309, 7436.33, 20710, 19037
1695248495, 0, 11, 146, 0, 0, 8089.84, 2, 0, 0, 0.17, 484, 309, 7436.33, 20710, 19037
1695248500, 0, 11, 146, 0, 0, 8089.84, 2, 0, 0, 0.19, 485, 309, 7436.33, 20710, 19037
1695248506, 0, 11, 146, 0, 0, 8089.84, 2, 0, 0, 0.18, 486, 309, 7436.33, 20710, 19037
1695248511, 0, 11, 146, 0, 0, 8089.84, 2, 0, 0, 0.20, 487, 309, 7436.33, 20710, 19037
1695248517, 0, 11, 146, 0, 0, 8089.84, 2, 0, 0, 0.17, 488, 309, 7436.33, 20710, 19037
1695248522, 0, 11, 146, 0, 0, 8089.84, 2, 0, 0, 0.20, 489, 309, 7436.33, 20710, 19037
1695248528, 0, 11, 146, 0, 0, 8089.84, 2, 0, 0, 0.17, 490, 309, 7436.33, 20710, 19037
1695248533, 0, 11, 146, 0, 0, 8089.84, 2, 0, 0, 0.19, 491, 309, 7436.33, 20710, 19037
1695248538, 0, 11, 146, 0, 0, 8089.84, 2, 0, 0, 0.19, 492, 309, 7436.33, 20710, 19037
1695248543, 0, 11, 146, 0, 0, 8089.84, 2, 0, 0, 0.20, 493, 309, 7436.33, 20710, 19037
1695248548, 0, 11, 146, 0, 0, 8089.84, 2, 0, 0, 0.19, 494, 309, 7436.33, 20710, 19037
1695248554, 0, 11, 146, 0, 0, 8089.84, 2, 0, 0, 0.18, 495, 309, 7436.33, 20710, 19037
1695248560, 0, 11, 146, 0, 0, 8089.84, 2, 0, 0, 0.18, 496, 309, 7436.33, 20710, 19037
1695248565, 0, 11, 146, 0, 0, 8089.84, 2, 0, 0, 0.19, 497, 309, 7436.33, 20710, 19037
1695248570, 0, 11, 146, 0, 0, 8089.84, 2, 0, 0, 0.19, 498, 309, 7436.33, 20710, 19037
1695248575, 0, 11, 146, 0, 0, 8089.84, 2, 0, 0, 0.20, 499, 309, 7436.33, 20710, 19037
1695248580, 0, 11, 146, 0, 0, 8089.84, 2, 0, 0, 0.20, 500, 309, 7436.33, 20710, 19037
1695248585, 0, 11, 146, 0, 0, 8089.84, 2, 0, 0, 0.19, 501, 309, 7436.33, 20710, 19037
1695248591, 0, 11, 146, 0, 0, 8089.84, 2, 0, 0, 0.18, 502, 309, 7436.33, 20710, 19037
1695248597, 0, 11, 146, 0, 0, 8089.84, 2, 0, 0, 0.15, 503, 309, 7436.33, 20710, 19037
1695248605, 0, 11, 146, 0, 0, 8089.84, 2, 0, 0, 0.13, 504, 309, 7436.33, 20710, 19037
1695248612, 0, 11, 146, 0, 0, 8089.84, 2, 0, 0, 0.14, 505, 309, 7436.33, 20710, 19037
1695248618, 0, 11, 146, 0, 0, 8089.84, 2, 0, 0, 0.17, 506, 309, 7436.33, 20710, 19037
1695248623, 0, 11, 146, 0, 0, 8089.84, 2, 0, 0, 0.21, 507, 309, 7436.33, 20710, 19037
1695248629, 0, 11, 146, 0, 0, 8089.84, 2, 0, 0, 0.17, 508, 309, 7436.33, 20710, 19037
1695248634, 0, 11, 146, 0, 0, 8089.84, 2, 0, 0, 0.20, 509, 309, 7436.33, 20710, 19037
1695248639, 0, 11, 147, 0, 0, 8089.84, 2, 0, 0, 0.18, 510, 309, 7436.33, 20710, 19037
1695248645, 0, 11, 148, 0, 0, 8089.84, 2, 0, 0, 0.19, 511, 309, 7436.33, 20710, 19037
1695248650, 0, 11, 149, 0, 0, 8089.84, 2, 0, 0, 0.18, 512, 309, 7436.33, 20710, 19037
1695248655, 0, 11, 150, 0, 0, 8089.84, 2, 0, 0, 0.20, 513, 309, 7436.33, 20710, 19037
1695248660, 0, 11, 150, 0, 0, 8089.84, 2, 0, 0, 0.19, 514, 309, 7436.33, 20710, 19037
1695248665, 0, 11, 150, 0, 0, 8089.84, 2, 0, 0, 0.20, 515, 309, 7436.33, 20710, 19037
1695248671, 0, 11, 151, 0, 0, 8089.84, 2, 0, 0, 0.18, 516, 309, 7436.33, 20710, 19037
1695248677, 0, 11, 152, 0, 0, 8089.84, 2, 0, 0, 0.16, 517, 309, 7436.33, 20710, 19037
1695248683, 0, 11, 152, 0, 0, 8089.84, 2, 0, 0, 0.18, 518, 309, 7436.33, 20710, 19037
1695248688, 0, 11, 152, 0, 0, 8089.84, 2, 0, 0, 0.19, 519, 309, 7436.33, 20710, 19037
1695248693, 0, 11, 152, 0, 0, 8089.84, 2, 0, 0, 0.19, 520, 309, 7436.33, 20710, 19037
1695248699, 0, 11, 152, 0, 0, 8089.84, 2, 0, 0, 0.20, 521, 309, 7436.33, 20710, 19037
1695248704, 0, 11, 152, 0, 0, 8089.84, 2, 0, 0, 0.17, 522, 309, 7436.33, 20710, 19037
1695248712, 0, 11, 152, 0, 0, 8089.84, 2, 0, 0, 0.14, 523, 309, 7436.33, 20710, 19037
1695248717, 0, 11, 152, 0, 0, 8089.84, 2, 0, 0, 0.19, 524, 309, 7436.33, 20710, 19037
1695248722, 0, 11, 153, 0, 0, 8089.84, 2, 0, 0, 0.19, 525, 309, 7436.33, 20710, 19037
1695248727, 0, 11, 153, 0, 0, 8089.84, 2, 0, 0, 0.19, 526, 309, 7436.33, 20710, 19037
1695248733, 0, 11, 153, 0, 0, 8089.84, 2, 0, 0, 0.19, 527, 309, 7436.33, 20710, 19037
1695248738, 0, 11, 153, 0, 0, 8089.84, 2, 0, 0, 0.18, 528, 309, 7436.33, 20710, 19037
1695248743, 0, 11, 153, 0, 0, 8089.84, 2, 0, 0, 0.19, 529, 309, 7436.33, 20710, 19037
1695248749, 0, 11, 153, 0, 0, 8089.84, 2, 0, 0, 0.17, 530, 309, 7436.33, 20710, 19037
1695248754, 0, 11, 153, 0, 0, 8089.84, 2, 0, 0, 0.21, 531, 309, 7436.33, 20710, 19037
1695248759, 0, 11, 153, 0, 0, 8089.84, 2, 0, 0, 0.20, 532, 309, 7436.33, 20710, 19037
1695248765, 0, 11, 153, 0, 0, 8089.84, 2, 0, 0, 0.17, 533, 309, 7436.33, 20710, 19037
1695248770, 0, 11, 153, 0, 0, 8089.84, 2, 0, 0, 0.18, 534, 309, 7436.33, 20710, 19037
1695248776, 0, 11, 153, 0, 0, 8089.84, 2, 0, 0, 0.19, 535, 309, 7436.33, 20710, 19037
1695248781, 0, 11, 153, 0, 0, 8089.84, 2, 0, 0, 0.19, 536, 309, 7436.33, 20710, 19037
1695248786, 0, 11, 153, 0, 0, 8089.84, 2, 0, 0, 0.20, 537, 309, 7436.33, 20710, 19037
1695248791, 0, 11, 153, 0, 0, 8089.84, 2, 0, 0, 0.19, 538, 309, 7436.33, 20710, 19037
1695248797, 0, 11, 153, 0, 0, 8089.84, 2, 0, 0, 0.19, 539, 309, 7436.33, 20710, 19037
1695248802, 0, 11, 153, 0, 0, 8089.84, 2, 0, 0, 0.18, 540, 309, 7436.33, 20710, 19037
1695248807, 0, 11, 153, 0, 0, 8089.84, 2, 0, 0, 0.20, 541, 309, 7436.33, 20710, 19037
1695248812, 0, 11, 153, 0, 0, 8089.84, 2, 0, 0, 0.19, 542, 309, 7436.33, 20710, 19037
1695248817, 0, 11, 153, 0, 0, 8089.84, 2, 0, 0, 0.20, 543, 309, 7436.33, 20710, 19037
1695248823, 0, 11, 153, 0, 0, 8089.84, 2, 0, 0, 0.19, 544, 309, 7436.33, 20710, 19037
1695248828, 0, 11, 153, 0, 0, 8089.84, 2, 0, 0, 0.19, 545, 309, 7436.33, 20710, 19037
1695248833, 0, 11, 153, 0, 0, 8089.84, 2, 0, 0, 0.19, 546, 309, 7436.33, 20710, 19037
1695248838, 0, 11, 153, 0, 0, 8089.84, 2, 0, 0, 0.19, 547, 309, 7436.33, 20710, 19037
1695248844, 0, 11, 153, 0, 0, 8089.84, 2, 0, 0, 0.18, 548, 309, 7436.33, 20710, 19037
1695248849, 0, 11, 153, 0, 0, 8089.84, 2, 0, 0, 0.20, 549, 309, 7436.33, 20710, 19037
1695248856, 0, 11, 153, 0, 0, 8089.84, 2, 0, 0, 0.15, 550, 309, 7436.33, 20710, 19037
1695248861, 0, 11, 153, 0, 0, 8089.84, 2, 0, 0, 0.19, 551, 309, 7436.33, 20710, 19037
1695248866, 0, 11, 153, 0, 0, 8089.84, 2, 0, 0, 0.18, 552, 309, 7436.33, 20710, 19037
1695248871, 0, 11, 153, 0, 0, 8089.84, 2, 0, 0, 0.20, 553, 309, 7436.33, 20710, 19037
1695248877, 0, 11, 153, 0, 0, 8089.84, 2, 0, 0, 0.19, 554, 309, 7436.33, 20710, 19037
1695248882, 0, 11, 153, 0, 0, 8089.84, 2, 0, 0, 0.18, 555, 309, 7436.33, 20710, 19037
1695248890, 0, 11, 153, 0, 0, 8089.84, 2, 0, 0, 0.12, 556, 309, 7436.33, 20710, 19037
1695248899, 0, 11, 153, 0, 0, 8089.84, 2, 0, 0, 0.12, 557, 309, 7436.33, 20710, 19037
1695248905, 0, 11, 153, 0, 0, 8089.84, 2, 0, 0, 0.16, 558, 309, 7436.33, 20710, 19037
1695248910, 0, 11, 153, 0, 0, 8089.84, 2, 0, 0, 0.20, 559, 309, 7436.33, 20710, 19037
1695248916, 0, 11, 153, 0, 0, 8089.84, 2, 0, 0, 0.17, 560, 309, 7436.33, 20710, 19037
1695248921, 0, 11, 153, 0, 0, 8089.84, 2, 0, 0, 0.19, 561, 309, 7436.33, 20710, 19037
1695248924, 0, 11, 153, 0, 0, 8089.84, 2, 0, 0, 0.34, 562, 309, 7436.33, 20710, 19037
1695248959, 0, 11, 154, 0, 0, 8089.84, 2, 0, 0, 0.03, 563, 309, 7436.33, 20710, 19037
1695248966, 0, 11, 154, 0, 0, 8089.84, 2, 0, 0, 0.14, 564, 309, 7436.33, 20710, 19037
1695248972, 0, 11, 154, 0, 0, 8089.84, 2, 0, 0, 0.16, 565, 309, 7436.33, 20710, 19037
1695248978, 0, 11, 154, 0, 0, 8089.84, 2, 0, 0, 0.17, 566, 309, 7436.33, 20710, 19037
1695248984, 0, 11, 154, 0, 0, 8089.84, 2, 0, 0, 0.17, 567, 309, 7436.33, 20710, 19037
1695248989, 0, 11, 154, 0, 0, 8089.84, 2, 0, 0, 0.19, 568, 309, 7436.33, 20710, 19037
1695248997, 0, 11, 154, 0, 0, 8089.84, 2, 0, 0, 0.13, 569, 309, 7436.33, 20710, 19037
1695249006, 0, 11, 154, 0, 0, 8089.84, 2, 0, 0, 0.11, 570, 309, 7436.33, 20710, 19037
1695249013, 0, 11, 154, 0, 0, 8089.84, 2, 0, 0, 0.13, 571, 309, 7436.33, 20710, 19037
1695249021, 0, 11, 154, 0, 0, 8089.84, 2, 0, 0, 0.13, 572, 309, 7436.33, 20710, 19037
1695249031, 0, 11, 154, 0, 0, 8089.84, 2, 0, 0, 0.10, 573, 309, 7436.33, 20710, 19037
1695249039, 0, 11, 154, 0, 0, 8089.84, 2, 0, 0, 0.13, 574, 309, 7436.33, 20710, 19037
1695249045, 0, 11, 154, 0, 0, 8089.84, 2, 0, 0, 0.16, 575, 309, 7436.33, 20710, 19037
1695249050, 0, 11, 154, 0, 0, 8089.84, 2, 0, 0, 0.19, 576, 309, 7436.33, 20710, 19037
1695249056, 0, 11, 154, 0, 0, 8089.84, 2, 0, 0, 0.18, 577, 309, 7436.33, 20710, 19037
1695249061, 0, 11, 154, 0, 0, 8089.84, 2, 0, 0, 0.17, 578, 309, 7436.33, 20710, 19037
1695249068, 0, 11, 154, 0, 0, 8089.84, 2, 0, 0, 0.16, 579, 309, 7436.33, 20710, 19037
1695249074, 0, 11, 154, 0, 0, 8089.84, 2, 0, 0, 0.16, 580, 309, 7436.33, 20710, 19037
1695249080, 0, 11, 154, 0, 0, 8089.84, 2, 0, 0, 0.16, 581, 309, 7436.33, 20710, 19037
1695249085, 0, 11, 154, 0, 0, 8089.84, 2, 0, 0, 0.19, 582, 309, 7436.33, 20710, 19037
1695249091, 0, 11, 154, 0, 0, 8089.84, 2, 0, 0, 0.17, 583, 309, 7436.33, 20710, 19037
1695249097, 0, 11, 154, 0, 0, 8089.84, 2, 0, 0, 0.18, 584, 309, 7436.33, 20710, 19037
1695249102, 0, 11, 154, 0, 0, 8089.84, 2, 0, 0, 0.18, 585, 309, 7436.33, 20710, 19037
1695249108, 0, 11, 154, 0, 0, 8089.84, 2, 0, 0, 0.18, 586, 309, 7436.33, 20710, 19037
1695249115, 0, 11, 154, 0, 0, 8089.84, 2, 0, 0, 0.14, 587, 309, 7436.33, 20710, 19037
1695249123, 0, 11, 154, 0, 0, 8089.84, 2, 0, 0, 0.13, 588, 309, 7436.33, 20710, 19037
1695249131, 0, 11, 154, 0, 0, 8089.84, 2, 0, 0, 0.12, 589, 309, 7436.33, 20710, 19037
1695249139, 0, 11, 154, 0, 0, 8089.84, 2, 0, 0, 0.13, 590, 309, 7436.33, 20710, 19037
1695249144, 0, 11, 154, 0, 0, 8089.84, 2, 0, 0, 0.18, 591, 309, 7436.33, 20710, 19037
1695249150, 0, 11, 154, 0, 0, 8089.84, 2, 0, 0, 0.17, 592, 309, 7436.33, 20710, 19037
1695249153, 0, 11, 154, 0, 0, 8089.84, 2, 0, 0, 0.39, 593, 309, 7436.33, 20710, 19037
1695249158, 0, 11, 155, 0, 0, 8089.84, 2, 0, 0, 0.18, 594, 309, 7436.33, 20710, 19037
1695249164, 0, 11, 155, 0, 0, 8089.84, 2, 0, 0, 0.17, 595, 309, 7436.33, 20710, 19037
1695249170, 0, 11, 155, 0, 0, 8089.84, 2, 0, 0, 0.18, 596, 309, 7436.33, 20710, 19037
1695249176, 0, 11, 156, 0, 0, 8089.84, 2, 0, 0, 0.16, 597, 309, 7436.33, 20710, 19037
1695249182, 0, 11, 156, 0, 0, 8089.84, 2, 0, 0, 0.17, 598, 309, 7436.33, 20710, 19037
1695249190, 0, 11, 156, 0, 0, 8089.84, 2, 0, 0, 0.12, 599, 309, 7436.33, 20710, 19037
1695249196, 0, 11, 156, 0, 0, 8089.84, 2, 0, 0, 0.19, 600, 309, 7436.33, 20710, 19037
1695249201, 0, 11, 156, 0, 0, 8089.84, 2, 0, 0, 0.18, 601, 309, 7436.33, 20710, 19037
1695249206, 0, 11, 157, 0, 0, 8089.84, 2, 0, 0, 0.19, 602, 309, 7436.33, 20710, 19037
1695249212, 0, 11, 157, 0, 0, 8089.84, 2, 0, 0, 0.18, 603, 309, 7436.33, 20710, 19037
1695249218, 0, 11, 157, 0, 0, 8089.84, 2, 0, 0, 0.17, 604, 309, 7436.33, 20710, 19037
1695249224, 0, 11, 157, 0, 0, 8089.84, 2, 0, 0, 0.17, 605, 309, 7436.33, 20710, 19037
1695249229, 0, 11, 157, 0, 0, 8089.84, 2, 0, 0, 0.18, 606, 309, 7436.33, 20710, 19037
1695249235, 0, 11, 158, 0, 0, 8089.84, 2, 0, 0, 0.16, 607, 309, 7436.33, 20710, 19037
1695249241, 0, 11, 158, 0, 0, 8089.84, 2, 0, 0, 0.18, 608, 309, 7436.33, 20710, 19037
1695249247, 0, 11, 158, 0, 0, 8089.84, 2, 0, 0, 0.16, 609, 309, 7436.33, 20710, 19037
1695249253, 0, 11, 158, 0, 0, 8089.84, 2, 0, 0, 0.17, 610, 309, 7436.33, 20710, 19037
1695249259, 0, 11, 158, 0, 0, 8089.84, 2, 0, 0, 0.18, 611, 309, 7436.33, 20710, 19037
1695249265, 0, 11, 159, 0, 0, 8089.84, 2, 0, 0, 0.17, 612, 309, 7436.33, 20710, 19037
1695249271, 0, 11, 159, 0, 0, 8089.84, 2, 0, 0, 0.16, 613, 309, 7436.33, 20710, 19037
1695249276, 0, 11, 159, 0, 0, 8089.84, 2, 0, 0, 0.18, 614, 309, 7436.33, 20710, 19037
1695249283, 0, 11, 159, 0, 0, 8089.84, 2, 0, 0, 0.16, 615, 309, 7436.33, 20710, 19037
1695249288, 0, 11, 159, 0, 0, 8089.84, 2, 0, 0, 0.18, 616, 309, 7436.33, 20710, 19037
1695249294, 0, 11, 159, 0, 0, 8089.84, 2, 0, 0, 0.18, 617, 309, 7436.33, 20710, 19037
1695249299, 0, 11, 159, 0, 0, 8089.84, 2, 0, 0, 0.18, 618, 309, 7436.33, 20710, 19037
1695249303, 0, 11, 159, 0, 0, 8089.84, 2, 0, 0, 0.29, 619, 309, 7436.33, 20710, 19037
1695249309, 0, 11, 159, 0, 0, 8089.84, 2, 0, 0, 0.16, 620, 309, 7436.33, 20710, 19037
1695249315, 0, 11, 159, 0, 0, 8089.84, 2, 0, 0, 0.17, 621, 309, 7436.33, 20710, 19037
1695249320, 0, 11, 159, 0, 0, 8089.84, 2, 0, 0, 0.19, 622, 309, 7436.33, 20710, 19037
1695249326, 0, 11, 159, 0, 0, 8089.84, 2, 0, 0, 0.17, 623, 309, 7436.33, 20710, 19037
1695249332, 0, 11, 159, 0, 0, 8089.84, 2, 0, 0, 0.17, 624, 309, 7436.33, 20710, 19037
1695249338, 0, 11, 160, 0, 0, 8089.84, 2, 0, 0, 0.15, 625, 309, 7436.33, 20710, 19037
1695249344, 0, 11, 160, 0, 0, 8089.84, 2, 0, 0, 0.19, 626, 309, 7436.33, 20710, 19037
1695249350, 0, 11, 160, 0, 0, 8089.84, 2, 0, 0, 0.15, 627, 309, 7436.33, 20710, 19037
1695249353, 0, 11, 160, 0, 0, 8089.84, 2, 0, 0, 0.40, 628, 309, 7436.33, 20710, 19037
1695249358, 0, 11, 160, 0, 0, 8089.84, 2, 0, 0, 0.19, 629, 309, 7436.33, 20710, 19037
1695249366, 0, 11, 160, 0, 0, 8089.84, 2, 0, 0, 0.13, 630, 309, 7436.33, 20710, 19037
1695249373, 0, 11, 160, 0, 0, 8089.84, 2, 0, 0, 0.13, 631, 309, 7436.33, 20710, 19037
1695249379, 0, 11, 160, 0, 0, 8089.84, 2, 0, 0, 0.17, 632, 309, 7436.33, 20710, 19037
1695249384, 0, 11, 161, 0, 0, 8089.84, 2, 0, 0, 0.23, 633, 309, 7436.33, 20710, 19037
1695249389, 0, 11, 161, 0, 0, 8089.84, 2, 0, 0, 0.18, 634, 309, 7436.33, 20710, 19037
1695249395, 0, 11, 161, 0, 0, 8089.84, 2, 0, 0, 0.17, 635, 309, 7436.33, 20710, 19037
1695249401, 0, 11, 161, 0, 0, 8089.84, 2, 0, 0, 0.17, 636, 309, 7436.33, 20710, 19037
1695249406, 0, 11, 161, 0, 0, 8089.84, 2, 0, 0, 0.18, 637, 309, 7436.33, 20710, 19037
1695249412, 0, 11, 161, 0, 0, 8089.84, 2, 0, 0, 0.16, 638, 309, 7436.33, 20710, 19037
1695249419, 0, 11, 161, 0, 0, 8089.84, 2, 0, 0, 0.15, 639, 309, 7436.33, 20710, 19037
1695249426, 0, 11, 161, 0, 0, 8089.84, 2, 0, 0, 0.16, 640, 309, 7436.33, 20710, 19037
1695249432, 0, 11, 161, 0, 0, 8089.84, 2, 0, 0, 0.16, 641, 309, 7436.33, 20710, 19037
1695249441, 0, 11, 162, 0, 0, 8089.84, 2, 0, 0, 0.11, 642, 309, 7436.33, 20710, 19037
1695249449, 0, 11, 162, 0, 0, 8089.84, 2, 0, 0, 0.12, 643, 309, 7436.33, 20710, 19037
1695249455, 0, 11, 162, 0, 0, 8089.84, 2, 0, 0, 0.18, 644, 309, 7436.33, 20710, 19037
1695249461, 0, 11, 162, 0, 0, 8089.84, 2, 0, 0, 0.16, 645, 309, 7436.33, 20710, 19037
1695249470, 0, 11, 162, 0, 0, 8089.84, 2, 0, 0, 0.11, 646, 309, 7436.33, 20710, 19037
1695249479, 0, 11, 162, 0, 0, 8089.84, 2, 0, 0, 0.11, 647, 309, 7436.33, 20710, 19037
1695249489, 0, 11, 162, 0, 0, 8089.84, 2, 0, 0, 0.10, 648, 309, 7436.33, 20710, 19037
1695249498, 0, 11, 162, 0, 0, 8089.84, 2, 0, 0, 0.11, 649, 309, 7436.33, 20710, 19037
1695249506, 0, 11, 162, 0, 0, 8089.84, 2, 0, 0, 0.13, 650, 309, 7436.33, 20710, 19037
1695249508, 0, 11, 162, 0, 0, 8089.84, 2, 0, 0, 0.41, 651, 309, 7436.33, 20710, 19037
1695249514, 0, 11, 162, 0, 0, 8089.84, 2, 0, 0, 0.17, 652, 309, 7436.33, 20710, 19037
1695249520, 0, 11, 162, 0, 0, 8089.84, 2, 0, 0, 0.18, 653, 309, 7436.33, 20710, 19037
1695249525, 0, 11, 162, 0, 0, 8089.84, 2, 0, 0, 0.18, 654, 309, 7436.33, 20710, 19037
1695249531, 0, 11, 163, 0, 0, 8089.84, 2, 0, 0, 0.17, 655, 309, 7436.33, 20710, 19037
1695249537, 0, 11, 163, 0, 0, 8089.84, 2, 0, 0, 0.18, 656, 309, 7436.33, 20710, 19037
1695249543, 0, 11, 163, 0, 0, 8089.84, 2, 0, 0, 0.16, 657, 309, 7436.33, 20710, 19037
1695249549, 0, 11, 163, 0, 0, 8089.84, 2, 0, 0, 0.17, 658, 309, 7436.33, 20710, 19037
1695249559, 0, 11, 163, 0, 0, 8089.84, 2, 0, 0, 0.10, 659, 309, 7436.33, 20710, 19037
1695249566, 0, 11, 163, 0, 0, 8089.84, 2, 0, 0, 0.15, 660, 309, 7436.33, 20710, 19037
1695249572, 0, 11, 163, 0, 0, 8089.84, 2, 0, 0, 0.17, 661, 309, 7436.33, 20710, 19037
1695249577, 0, 11, 163, 0, 0, 8089.84, 2, 0, 0, 0.19, 662, 309, 7436.33, 20710, 19037
1695249583, 0, 11, 163, 0, 0, 8089.84, 2, 0, 0, 0.17, 663, 309, 7436.33, 20710, 19037
1695249589, 0, 11, 163, 0, 0, 8089.84, 2, 0, 0, 0.17, 664, 309, 7436.33, 20710, 19037
1695249595, 0, 11, 163, 0, 0, 8089.84, 2, 0, 0, 0.17, 665, 309, 7436.33, 20710, 19037
1695249600, 0, 11, 163, 0, 0, 8089.84, 2, 0, 0, 0.19, 666, 309, 7436.33, 20710, 19037
1695249607, 0, 11, 163, 0, 0, 8089.84, 2, 0, 0, 0.16, 667, 309, 7436.33, 20710, 19037
1695249612, 0, 11, 163, 0, 0, 8089.84, 2, 0, 0, 0.18, 668, 309, 7436.33, 20710, 19037
1695249618, 0, 11, 164, 0, 0, 8089.84, 2, 0, 0, 0.17, 669, 309, 7436.33, 20710, 19037
1695249623, 0, 11, 165, 0, 0, 8089.84, 2, 0, 0, 0.18, 670, 309, 7436.33, 20710, 19037
1695249629, 0, 11, 166, 0, 0, 8089.84, 2, 0, 0, 0.18, 671, 309, 7436.33, 20710, 19037
1695249635, 0, 11, 166, 0, 0, 8089.84, 2, 0, 0, 0.17, 672, 309, 7436.33, 20710, 19037
1695249641, 0, 11, 166, 0, 0, 8089.84, 2, 0, 0, 0.17, 673, 309, 7436.33, 20710, 19037
1695249646, 0, 11, 166, 0, 0, 8089.84, 2, 0, 0, 0.17, 674, 309, 7436.33, 20710, 19037
1695249652, 0, 11, 166, 0, 0, 8089.84, 2, 0, 0, 0.16, 675, 309, 7436.33, 20710, 19037
1695249658, 0, 11, 166, 0, 0, 8089.84, 2, 0, 0, 0.17, 676, 309, 7436.33, 20710, 19037
1695249664, 0, 11, 166, 0, 0, 8089.84, 2, 0, 0, 0.17, 677, 309, 7436.33, 20710, 19037
1695249670, 0, 11, 166, 0, 0, 8089.84, 2, 0, 0, 0.17, 678, 309, 7436.33, 20710, 19037
1695249676, 0, 11, 166, 0, 0, 8089.84, 2, 0, 0, 0.17, 679, 309, 7436.33, 20710, 19037
1695249681, 0, 11, 166, 0, 0, 8089.84, 2, 0, 0, 0.18, 680, 309, 7436.33, 20710, 19037
1695249687, 0, 11, 166, 0, 0, 8089.84, 2, 0, 0, 0.17, 681, 309, 7436.33, 20710, 19037
1695249693, 0, 11, 166, 0, 0, 8089.84, 2, 0, 0, 0.17, 682, 309, 7436.33, 20710, 19037
1695249699, 0, 11, 166, 0, 0, 8089.84, 2, 0, 0, 0.16, 683, 309, 7436.33, 20710, 19037
1695249705, 0, 11, 166, 0, 0, 8089.84, 2, 0, 0, 0.19, 684, 309, 7436.33, 20710, 19037
1695249710, 0, 11, 166, 0, 0, 8089.84, 2, 0, 0, 0.17, 685, 309, 7436.33, 20710, 19037
1695249716, 0, 11, 166, 0, 0, 8089.84, 2, 0, 0, 0.17, 686, 309, 7436.33, 20710, 19037
1695249723, 0, 11, 166, 0, 0, 8089.84, 2, 0, 0, 0.16, 687, 309, 7436.33, 20710, 19037
1695249728, 0, 11, 166, 0, 0, 8089.84, 2, 0, 0, 0.17, 688, 309, 7436.33, 20710, 19037
1695249734, 0, 11, 166, 0, 0, 8089.84, 2, 0, 0, 0.17, 689, 309, 7436.33, 20710, 19037
1695249740, 0, 11, 166, 0, 0, 8089.84, 2, 0, 0, 0.18, 690, 309, 7436.33, 20710, 19037
1695249746, 0, 11, 166, 0, 0, 8089.84, 2, 0, 0, 0.16, 691, 309, 7436.33, 20710, 19037
1695249751, 0, 11, 166, 0, 0, 8089.84, 2, 0, 0, 0.18, 692, 309, 7436.33, 20710, 19037
1695249758, 0, 11, 166, 0, 0, 8089.84, 2, 0, 0, 0.16, 693, 309, 7436.33, 20710, 19037
1695249764, 0, 11, 166, 0, 0, 8089.84, 2, 0, 0, 0.17, 694, 309, 7436.33, 20710, 19037
1695249770, 0, 11, 167, 0, 0, 8089.84, 2, 0, 0, 0.17, 695, 309, 7436.33, 20710, 19037
1695249776, 0, 11, 168, 0, 0, 8089.84, 2, 0, 0, 0.17, 696, 309, 7436.33, 20710, 19037
1695249779, 0, 11, 169, 0, 0, 8089.84, 2, 0, 0, 0.33, 697, 309, 7436.33, 20710, 19037
1695249784, 0, 11, 170, 0, 0, 8089.84, 2, 0, 0, 0.17, 698, 309, 7436.33, 20710, 19037
1695249790, 0, 11, 170, 0, 0, 8089.84, 2, 0, 0, 0.17, 699, 309, 7436.33, 20710, 19037
1695249797, 0, 11, 170, 0, 0, 8089.84, 2, 0, 0, 0.15, 700, 309, 7436.33, 20710, 19037
1695249803, 0, 11, 170, 0, 0, 8089.84, 2, 0, 0, 0.17, 701, 309, 7436.33, 20710, 19037
1695249808, 0, 11, 170, 0, 0, 8089.84, 2, 0, 0, 0.18, 702, 309, 7436.33, 20710, 19037
1695249817, 0, 11, 170, 0, 0, 8089.84, 2, 0, 0, 0.12, 703, 309, 7436.33, 20710, 19037
1695249824, 0, 11, 170, 0, 0, 8089.84, 2, 0, 0, 0.13, 704, 309, 7436.33, 20710, 19037
1695249831, 0, 11, 170, 0, 0, 8089.84, 2, 0, 0, 0.15, 705, 309, 7436.33, 20710, 19037
1695249839, 0, 11, 170, 0, 0, 8089.84, 2, 0, 0, 0.12, 706, 309, 7436.33, 20710, 19037
1695249848, 0, 11, 170, 0, 0, 8089.84, 2, 0, 0, 0.11, 707, 309, 7436.33, 20710, 19037
1695249857, 0, 11, 170, 0, 0, 8089.84, 2, 0, 0, 0.11, 708, 309, 7436.33, 20710, 19037
1695249863, 0, 11, 170, 0, 0, 8089.84, 2, 0, 0, 0.16, 709, 309, 7436.33, 20710, 19037
1695249869, 0, 11, 170, 0, 0, 8089.84, 2, 0, 0, 0.19, 710, 309, 7436.33, 20710, 19037
1695249875, 0, 11, 170, 0, 0, 8089.84, 2, 0, 0, 0.16, 711, 309, 7436.33, 20710, 19037
1695249880, 0, 11, 170, 0, 0, 8089.84, 2, 0, 0, 0.18, 712, 309, 7436.33, 20710, 19037
1695249886, 0, 11, 170, 0, 0, 8089.84, 2, 0, 0, 0.17, 713, 309, 7436.33, 20710, 19037
1695249893, 0, 11, 170, 0, 0, 8089.84, 2, 0, 0, 0.15, 714, 309, 7436.33, 20710, 19037
1695249902, 0, 11, 170, 0, 0, 8089.84, 2, 0, 0, 0.11, 715, 309, 7436.33, 20710, 19037
1695249911, 0, 11, 170, 0, 0, 8089.84, 2, 0, 0, 0.11, 716, 309, 7436.33, 20710, 19037
1695249919, 0, 11, 170, 0, 0, 8089.84, 2, 0, 0, 0.13, 717, 309, 7436.33, 20710, 19037
1695249925, 0, 11, 170, 0, 0, 8089.84, 2, 0, 0, 0.17, 718, 309, 7436.33, 20710, 19037
1695249931, 0, 11, 170, 0, 0, 8089.84, 2, 0, 0, 0.16, 719, 309, 7436.33, 20710, 19037
1695249937, 0, 11, 171, 0, 0, 8089.84, 2, 0, 0, 0.17, 720, 309, 7436.33, 20710, 19037
1695249945, 0, 11, 171, 0, 0, 8089.84, 2, 0, 0, 0.13, 721, 309, 7436.33, 20710, 19037
1695249953, 0, 11, 171, 0, 0, 8089.84, 2, 0, 0, 0.12, 722, 309, 7436.33, 20710, 19037
1695249959, 0, 11, 172, 0, 0, 8089.84, 2, 0, 0, 0.16, 723, 309, 7436.33, 20710, 19037
1695249966, 0, 11, 173, 0, 0, 8089.84, 2, 0, 0, 0.15, 724, 309, 7436.33, 20710, 19037
1695249972, 0, 11, 173, 0, 0, 8089.84, 2, 0, 0, 0.16, 725, 309, 7436.33, 20710, 19037
1695249978, 0, 11, 173, 0, 0, 8089.84, 2, 0, 0, 0.17, 726, 309, 7436.33, 20710, 19037
1695249985, 0, 11, 173, 0, 0, 8089.84, 2, 0, 0, 0.15, 727, 309, 7436.33, 20710, 19037
1695249991, 0, 11, 173, 0, 0, 8089.84, 2, 0, 0, 0.17, 728, 309, 7436.33, 20710, 19037
1695249997, 0, 11, 173, 0, 0, 8089.84, 2, 0, 0, 0.17, 729, 309, 7436.33, 20710, 19037
1695250003, 0, 11, 173, 0, 0, 8089.84, 2, 0, 0, 0.16, 730, 309, 7436.33, 20710, 19037
1695250009, 0, 11, 173, 0, 0, 8089.84, 2, 0, 0, 0.18, 731, 309, 7436.33, 20710, 19037
1695250014, 0, 11, 173, 0, 0, 8089.84, 2, 0, 0, 0.18, 732, 309, 7436.33, 20710, 19037
1695250021, 0, 11, 173, 0, 0, 8089.84, 2, 0, 0, 0.16, 733, 309, 7436.33, 20710, 19037
1695250027, 0, 11, 173, 0, 0, 8089.84, 2, 0, 0, 0.17, 734, 309, 7436.33, 20710, 19037
1695250033, 0, 11, 173, 0, 0, 8089.84, 2, 0, 0, 0.16, 735, 309, 7436.33, 20710, 19037
1695250039, 0, 11, 173, 0, 0, 8089.84, 2, 0, 0, 0.17, 736, 309, 7436.33, 20710, 19037
1695250045, 0, 11, 173, 0, 0, 8089.84, 2, 0, 0, 0.17, 737, 309, 7436.33, 20710, 19037
1695250050, 0, 11, 173, 0, 0, 8089.84, 2, 0, 0, 0.17, 738, 309, 7436.33, 20710, 19037
1695250058, 0, 11, 173, 0, 0, 8089.84, 2, 0, 0, 0.14, 739, 309, 7436.33, 20710, 19037
1695250066, 0, 11, 173, 0, 0, 8089.84, 2, 0, 0, 0.12, 740, 309, 7436.33, 20710, 19037
1695250074, 0, 11, 173, 0, 0, 8089.84, 2, 0, 0, 0.12, 741, 309, 7436.33, 20710, 19037
1695250082, 0, 11, 173, 0, 0, 8089.84, 2, 0, 0, 0.13, 742, 309, 7436.33, 20710, 19037
1695250088, 0, 11, 173, 0, 0, 8089.84, 2, 0, 0, 0.17, 743, 309, 7436.33, 20710, 19037
1695250094, 0, 11, 173, 0, 0, 8089.84, 2, 0, 0, 0.17, 744, 309, 7436.33, 20710, 19037
1695250122, 0, 11, 174, 0, 0, 8089.84, 2, 0, 0, 0.04, 745, 309, 7436.33, 20710, 19037
1695250128, 0, 11, 174, 0, 0, 8089.84, 2, 0, 0, 0.16, 746, 309, 7436.33, 20710, 19037
1695250134, 0, 11, 174, 0, 0, 8089.84, 2, 0, 0, 0.17, 747, 309, 7436.33, 20710, 19037
1695250140, 0, 11, 174, 0, 0, 8089.84, 2, 0, 0, 0.16, 748, 309, 7436.33, 20710, 19037
1695250146, 0, 11, 174, 0, 0, 8089.84, 2, 0, 0, 0.18, 749, 309, 7436.33, 20710, 19037
1695250152, 0, 11, 174, 0, 0, 8089.84, 2, 0, 0, 0.15, 750, 309, 7436.33, 20710, 19037
1695250158, 0, 11, 174, 0, 0, 8089.84, 2, 0, 0, 0.17, 751, 309, 7436.33, 20710, 19037
1695250166, 0, 11, 174, 0, 0, 8089.84, 2, 0, 0, 0.12, 752, 309, 7436.33, 20710, 19037
1695250172, 0, 11, 174, 0, 0, 8089.84, 2, 0, 0, 0.16, 753, 309, 7436.33, 20710, 19037
1695250179, 0, 11, 174, 0, 0, 8089.84, 2, 0, 0, 0.15, 754, 309, 7436.33, 20710, 19037
1695250186, 0, 11, 174, 0, 0, 8089.84, 2, 0, 0, 0.14, 755, 309, 7436.33, 20710, 19037
1695250193, 0, 11, 174, 0, 0, 8089.84, 2, 0, 0, 0.15, 756, 309, 7436.33, 20710, 19037
1695250198, 0, 11, 174, 0, 0, 8089.84, 2, 0, 0, 0.18, 757, 309, 7436.33, 20710, 19037
1695250204, 0, 11, 174, 0, 0, 8089.84, 2, 0, 0, 0.17, 758, 309, 7436.33, 20710, 19037
1695250210, 0, 11, 174, 0, 0, 8089.84, 2, 0, 0, 0.17, 759, 309, 7436.33, 20710, 19037
1695250216, 0, 11, 174, 0, 0, 8089.84, 2, 0, 0, 0.17, 760, 309, 7436.33, 20710, 19037
1695250221, 0, 11, 174, 0, 0, 8089.84, 2, 0, 0, 0.21, 761, 309, 7436.33, 20710, 19037
1695250227, 0, 11, 174, 0, 0, 8089.84, 2, 0, 0, 0.17, 762, 309, 7436.33, 20710, 19037
1695250233, 0, 11, 174, 0, 0, 8089.84, 2, 0, 0, 0.17, 763, 309, 7436.33, 20710, 19037
1695250238, 0, 11, 174, 0, 0, 8089.84, 2, 0, 0, 0.18, 764, 309, 7436.33, 20710, 19037
1695250244, 0, 11, 174, 0, 0, 8089.84, 2, 0, 0, 0.17, 765, 309, 7436.33, 20710, 19037
1695250251, 0, 11, 175, 0, 0, 8089.84, 2, 0, 0, 0.16, 766, 309, 7436.33, 20710, 19037
1695250258, 0, 11, 176, 0, 0, 8089.84, 2, 0, 0, 0.14, 767, 309, 7436.33, 20710, 19037
1695250265, 0, 11, 177, 0, 0, 8089.84, 2, 0, 0, 0.15, 768, 309, 7436.33, 20710, 19037
1695250271, 0, 11, 178, 0, 0, 8089.84, 2, 0, 0, 0.17, 769, 309, 7436.33, 20710, 19037
1695250277, 0, 11, 178, 0, 0, 8089.84, 2, 0, 0, 0.16, 770, 309, 7436.33, 20710, 19037
1695250284, 0, 11, 178, 0, 0, 8089.84, 2, 0, 0, 0.14, 771, 309, 7436.33, 20710, 19037
1695250290, 0, 11, 179, 0, 0, 8089.84, 2, 0, 0, 0.16, 772, 309, 7436.33, 20710, 19037
1695250296, 0, 11, 179, 0, 0, 8089.84, 2, 0, 0, 0.17, 773, 309, 7436.33, 20710, 19037
1695250304, 0, 11, 179, 0, 0, 8089.84, 2, 0, 0, 0.14, 774, 309, 7436.33, 20710, 19037
1695250312, 0, 11, 179, 0, 0, 8089.84, 2, 0, 0, 0.11, 775, 309, 7436.33, 20710, 19037
1695250322, 0, 11, 179, 0, 0, 8089.84, 2, 0, 0, 0.10, 776, 309, 7436.33, 20710, 19037
1695250329, 0, 11, 179, 0, 0, 8089.84, 2, 0, 0, 0.16, 777, 309, 7436.33, 20710, 19037
1695250336, 0, 11, 179, 0, 0, 8089.84, 2, 0, 0, 0.14, 778, 309, 7436.33, 20710, 19037
1695250345, 0, 11, 179, 0, 0, 8089.84, 2, 0, 0, 0.11, 779, 309, 7436.33, 20710, 19037
1695250355, 0, 11, 179, 0, 0, 8089.84, 2, 0, 0, 0.10, 780, 309, 7436.33, 20710, 19037
1695250361, 0, 11, 179, 0, 0, 8089.84, 2, 0, 0, 0.16, 781, 309, 7436.33, 20710, 19037
1695250368, 0, 11, 179, 0, 0, 8089.84, 2, 0, 0, 0.16, 782, 309, 7436.33, 20710, 19037
1695250374, 0, 11, 179, 0, 0, 8089.84, 2, 0, 0, 0.16, 783, 309, 7436.33, 20710, 19037
1695250380, 0, 11, 179, 0, 0, 8089.84, 2, 0, 0, 0.15, 784, 309, 7436.33, 20710, 19037
1695250386, 0, 11, 179, 0, 0, 8089.84, 2, 0, 0, 0.18, 785, 309, 7436.33, 20710, 19037
1695250392, 0, 11, 179, 0, 0, 8089.84, 2, 0, 0, 0.16, 786, 309, 7436.33, 20710, 19037
1695250398, 0, 11, 179, 0, 0, 8089.84, 2, 0, 0, 0.18, 787, 309, 7436.33, 20710, 19037
1695250404, 0, 11, 179, 0, 0, 8089.84, 2, 0, 0, 0.16, 788, 309, 7436.33, 20710, 19037
1695250409, 0, 11, 179, 0, 0, 8089.84, 2, 0, 0, 0.18, 789, 309, 7436.33, 20710, 19037
1695250419, 0, 11, 179, 0, 0, 8089.84, 2, 0, 0, 0.10, 790, 309, 7436.33, 20710, 19037
1695250429, 0, 11, 179, 0, 0, 8089.84, 2, 0, 0, 0.11, 791, 309, 7436.33, 20710, 19037
1695250436, 0, 11, 179, 0, 0, 8089.84, 2, 0, 0, 0.13, 792, 309, 7436.33, 20710, 19037
1695250440, 0, 11, 179, 0, 0, 8089.84, 2, 0, 0, 0.27, 793, 309, 7436.33, 20710, 19037
1695250446, 0, 11, 179, 0, 0, 8089.84, 2, 0, 0, 0.16, 794, 309, 7436.33, 20710, 19037
1695250452, 0, 11, 179, 0, 0, 8089.84, 2, 0, 0, 0.16, 795, 309, 7436.33, 20710, 19037
1695250459, 0, 11, 179, 0, 0, 8089.84, 2, 0, 0, 0.16, 796, 309, 7436.33, 20710, 19037
1695250465, 0, 11, 179, 0, 0, 8089.84, 2, 0, 0, 0.16, 797, 309, 7436.33, 20710, 19037
1695250472, 0, 11, 179, 0, 0, 8089.84, 2, 0, 0, 0.14, 798, 309, 7436.33, 20710, 19037
1695250478, 0, 11, 179, 0, 0, 8089.84, 2, 0, 0, 0.16, 799, 309, 7436.33, 20710, 19037
1695250485, 0, 11, 179, 0, 0, 8089.84, 2, 0, 0, 0.15, 800, 309, 7436.33, 20710, 19037
1695250491, 0, 11, 179, 0, 0, 8089.84, 2, 0, 0, 0.16, 801, 309, 7436.33, 20710, 19037
1695250497, 0, 11, 179, 0, 0, 8089.84, 2, 0, 0, 0.16, 802, 309, 7436.33, 20710, 19037
1695250503, 0, 11, 179, 0, 0, 8089.84, 2, 0, 0, 0.16, 803, 309, 7436.33, 20710, 19037
1695250510, 0, 11, 179, 0, 0, 8089.84, 2, 0, 0, 0.14, 804, 309, 7436.33, 20710, 19037
1695250516, 0, 11, 179, 0, 0, 8089.84, 2, 0, 0, 0.18, 805, 309, 7436.33, 20710, 19037
1695250522, 0, 11, 179, 0, 0, 8089.84, 2, 0, 0, 0.16, 806, 309, 7436.33, 20710, 19037
1695250528, 0, 11, 179, 0, 0, 8089.84, 2, 0, 0, 0.18, 807, 309, 7436.33, 20710, 19037
1695250534, 0, 11, 179, 0, 0, 8089.84, 2, 0, 0, 0.17, 808, 309, 7436.33, 20710, 19037
1695250540, 0, 11, 179, 0, 0, 8089.84, 2, 0, 0, 0.17, 809, 309, 7436.33, 20710, 19037
1695250546, 0, 11, 179, 0, 0, 8089.84, 2, 0, 0, 0.15, 810, 309, 7436.33, 20710, 19037
1695250552, 0, 11, 179, 0, 0, 8089.84, 2, 0, 0, 0.17, 811, 309, 7436.33, 20710, 19037
1695250559, 0, 11, 179, 0, 0, 8089.84, 2, 0, 0, 0.16, 812, 309, 7436.33, 20710, 19037
1695250565, 0, 11, 179, 0, 0, 8089.84, 2, 0, 0, 0.16, 813, 309, 7436.33, 20710, 19037
1695250572, 0, 11, 179, 0, 0, 8089.84, 2, 0, 0, 0.14, 814, 309, 7436.33, 20710, 19037
1695250578, 0, 11, 179, 0, 0, 8089.84, 2, 0, 0, 0.16, 815, 309, 7436.33, 20710, 19037
1695250584, 0, 11, 179, 0, 0, 8089.84, 2, 0, 0, 0.17, 816, 309, 7436.33, 20710, 19037
1695250590, 0, 11, 179, 0, 0, 8089.84, 2, 0, 0, 0.16, 817, 309, 7436.33, 20710, 19037
1695250596, 0, 11, 179, 0, 0, 8089.84, 2, 0, 0, 0.15, 818, 309, 7436.33, 20710, 19037
1695250603, 0, 11, 179, 0, 0, 8089.84, 2, 0, 0, 0.14, 819, 309, 7436.33, 20710, 19037
1695250613, 0, 11, 179, 0, 0, 8089.84, 2, 0, 0, 0.11, 820, 309, 7436.33, 20710, 19037
1695250622, 0, 11, 179, 0, 0, 8089.84, 2, 0, 0, 0.11, 821, 309, 7436.33, 20710, 19037
1695250629, 0, 11, 179, 0, 0, 8089.84, 2, 0, 0, 0.13, 822, 309, 7436.33, 20710, 19037
1695250639, 0, 11, 179, 0, 0, 8089.84, 2, 0, 0, 0.10, 823, 309, 7436.33, 20710, 19037
1695250646, 0, 11, 179, 0, 0, 8089.84, 2, 0, 0, 0.15, 824, 309, 7436.33, 20710, 19037
1695250652, 0, 11, 179, 0, 0, 8089.84, 2, 0, 0, 0.16, 825, 309, 7436.33, 20710, 19037
1695250658, 0, 11, 179, 0, 0, 8089.84, 2, 0, 0, 0.17, 826, 309, 7436.33, 20710, 19037
1695250664, 0, 11, 179, 0, 0, 8089.84, 2, 0, 0, 0.17, 827, 309, 7436.33, 20710, 19037
1695250670, 0, 11, 179, 0, 0, 8089.84, 2, 0, 0, 0.17, 828, 309, 7436.33, 20710, 19037
1695250676, 0, 11, 179, 0, 0, 8089.84, 2, 0, 0, 0.16, 829, 309, 7436.33, 20710, 19037
1695250682, 0, 11, 179, 0, 0, 8089.84, 2, 0, 0, 0.16, 830, 309, 7436.33, 20710, 19037
1695250689, 0, 11, 179, 0, 0, 8089.84, 2, 0, 0, 0.15, 831, 309, 7436.33, 20710, 19037
1695250695, 0, 11, 179, 0, 0, 8089.84, 2, 0, 0, 0.17, 832, 309, 7436.33, 20710, 19037
1695250701, 0, 11, 179, 0, 0, 8089.84, 2, 0, 0, 0.16, 833, 309, 7436.33, 20710, 19037
1695250707, 0, 11, 179, 0, 0, 8089.84, 2, 0, 0, 0.18, 834, 309, 7436.33, 20710, 19037
1695250714, 0, 11, 179, 0, 0, 8089.84, 2, 0, 0, 0.15, 835, 309, 7436.33, 20710, 19037
1695250720, 0, 11, 179, 0, 0, 8089.84, 2, 0, 0, 0.15, 836, 309, 7436.33, 20710, 19037
1695250726, 0, 11, 179, 0, 0, 8089.84, 2, 0, 0, 0.17, 837, 309, 7436.33, 20710, 19037
1695250733, 0, 11, 179, 0, 0, 8089.84, 2, 0, 0, 0.16, 838, 309, 7436.33, 20710, 19037
1695250739, 0, 11, 179, 0, 0, 8089.84, 2, 0, 0, 0.16, 839, 309, 7436.33, 20710, 19037
1695250744, 0, 11, 179, 0, 0, 8089.84, 2, 0, 0, 0.18, 840, 309, 7436.33, 20710, 19037
1695250751, 0, 11, 179, 0, 0, 8089.84, 2, 0, 0, 0.16, 841, 309, 7436.33, 20710, 19037
1695250757, 0, 11, 179, 0, 0, 8089.84, 2, 0, 0, 0.16, 842, 309, 7436.33, 20710, 19037
1695250763, 0, 11, 179, 0, 0, 8089.84, 2, 0, 0, 0.16, 843, 309, 7436.33, 20710, 19037
1695250769, 0, 11, 179, 0, 0, 8089.84, 2, 0, 0, 0.18, 844, 309, 7436.33, 20710, 19037
1695250775, 0, 11, 179, 0, 0, 8089.84, 2, 0, 0, 0.16, 845, 309, 7436.33, 20710, 19037
1695250781, 0, 11, 179, 0, 0, 8089.84, 2, 0, 0, 0.18, 846, 309, 7436.33, 20710, 19037
1695250787, 0, 11, 179, 0, 0, 8089.84, 2, 0, 0, 0.17, 847, 309, 7436.33, 20710, 19037
1695250793, 0, 11, 179, 0, 0, 8089.84, 2, 0, 0, 0.16, 848, 309, 7436.33, 20710, 19037
1695250796, 0, 11, 179, 0, 0, 8089.84, 2, 0, 0, 0.30, 849, 309, 7436.33, 20710, 19037
1695250803, 0, 11, 179, 0, 0, 8089.84, 2, 0, 0, 0.15, 850, 309, 7436.33, 20710, 19037
1695250809, 0, 11, 179, 0, 0, 8089.84, 2, 0, 0, 0.15, 851, 309, 7436.33, 20710, 19037
1695250816, 0, 11, 179, 0, 0, 8089.84, 2, 0, 0, 0.15, 852, 309, 7436.33, 20710, 19037
1695250823, 0, 11, 179, 0, 0, 8089.84, 2, 0, 0, 0.15, 853, 309, 7436.33, 20710, 19037
1695250834, 0, 11, 179, 0, 0, 8089.84, 2, 0, 0, 0.09, 854, 309, 7436.33, 20710, 19037
1695250843, 0, 11, 179, 0, 0, 8089.84, 2, 0, 0, 0.11, 855, 309, 7436.33, 20710, 19037
1695250849, 0, 11, 179, 0, 0, 8089.84, 2, 0, 0, 0.15, 856, 309, 7436.33, 20710, 19037
1695250855, 0, 11, 179, 0, 0, 8089.84, 2, 0, 0, 0.17, 857, 309, 7436.33, 20710, 19037
1695250862, 0, 11, 180, 0, 0, 8089.84, 2, 0, 0, 0.15, 858, 309, 7436.33, 20710, 19037
1695250868, 0, 11, 180, 0, 0, 8089.84, 2, 0, 0, 0.17, 859, 309, 7436.33, 20710, 19037
1695250875, 0, 11, 180, 0, 0, 8089.84, 2, 0, 0, 0.13, 860, 309, 7436.33, 20710, 19037
1695250875, 0, 11, 180, 0, 0, 8089.84, 2, 0, 0, 0.00, 860, 309, 7436.33, 20710, 19037
