# unix_time, cycles_done, cur_path, paths_total, pending_total, pending_favs, map_size, unique_crashes, unique_hangs, max_depth, execs_per_sec, valid_inputs, invalid_inputs, valid_cov, all_covered_probes, valid_covered_probes
1694830952, 0, 0, 1, 0, 0, 763.67, 0, 0, 0, 1.58, 1, 0, 763.67, 1955, 1955
1694830964, 0, 0, 9, 0, 0, 7521.88, 0, 0, 0, 0.81, 7, 4, 7405.47, 19256, 18958
1694830969, 0, 0, 13, 0, 0, 7626.56, 0, 0, 0, 1.15, 12, 5, 7504.69, 19524, 19212
1694830973, 0, 0, 17, 0, 0, 7831.64, 0, 0, 0, 2.44, 16, 9, 7506.64, 20049, 19217
1694830976, 0, 0, 18, 0, 0, 7832.03, 1, 0, 0, 2.35, 22, 11, 7506.64, 20050, 19217
1694830978, 0, 0, 21, 0, 0, 8175.39, 1, 0, 0, 3.38, 29, 11, 7859.77, 20929, 20121
1694830980, 0, 0, 27, 0, 0, 8180.86, 1, 0, 0, 4.93, 35, 15, 7860.16, 20943, 20122
1694830987, 0, 0, 31, 0, 0, 8189.06, 1, 0, 0, 3.05, 51, 21, 7860.16, 20964, 20122
1694830990, 0, 2, 34, 0, 0, 8189.06, 1, 0, 0, 26.02, 71, 62, 7860.16, 20964, 20122
1694830992, 0, 2, 37, 0, 0, 8237.50, 1, 0, 0, 2.84, 74, 65, 7908.59, 21088, 20246
1694830997, 0, 2, 42, 0, 0, 8271.09, 1, 0, 0, 5.74, 83, 85, 7942.19, 21174, 20332
1694831007, 0, 2, 44, 0, 0, 8271.09, 1, 0, 0, 1.09, 84, 95, 7942.19, 21174, 20332
1694831010, 0, 3, 48, 0, 0, 8271.09, 1, 0, 0, 10.28, 106, 102, 7942.19, 21174, 20332
1694831032, 0, 3, 50, 0, 0, 8271.09, 1, 0, 0, 0.45, 115, 103, 7942.19, 21174, 20332
1694831035, 0, 3, 51, 0, 0, 8271.09, 1, 0, 0, 0.37, 116, 103, 7942.19, 21174, 20332
1694831037, 0, 4, 53, 0, 0, 8277.73, 1, 0, 0, 5.85, 129, 104, 7948.83, 21191, 20349
1694831040, 0, 4, 55, 0, 0, 8277.73, 1, 0, 0, 2.91, 137, 104, 7948.83, 21191, 20349
1694831045, 0, 5, 58, 0, 0, 8277.73, 1, 0, 0, 6.97, 165, 111, 7948.83, 21191, 20349
1694831048, 0, 5, 60, 0, 0, 8277.73, 1, 0, 0, 4.55, 174, 115, 7948.83, 21191, 20349
1694831050, 0, 6, 63, 0, 0, 8277.73, 1, 0, 0, 9.24, 190, 119, 7948.83, 21191, 20349
1694831052, 0, 6, 64, 0, 0, 8277.73, 1, 0, 0, 2.46, 194, 120, 7948.83, 21191, 20349
1694831055, 0, 6, 68, 0, 0, 8277.73, 1, 0, 0, 2.72, 199, 122, 7948.83, 21191, 20349
1694831061, 0, 6, 70, 0, 0, 8277.73, 1, 0, 0, 1.33, 208, 122, 7948.83, 21191, 20349
1694831064, 0, 6, 70, 0, 0, 8277.73, 1, 0, 0, 1.32, 210, 123, 7948.83, 21191, 20349
1694831066, 0, 6, 71, 0, 0, 8277.73, 2, 0, 0, 2.72, 214, 125, 7948.83, 21191, 20349
1694831068, 0, 7, 72, 0, 0, 8277.73, 2, 0, 0, 4.26, 221, 127, 7948.83, 21191, 20349
1694831070, 0, 7, 73, 0, 0, 8277.73, 2, 0, 0, 1.41, 224, 127, 7948.83, 21191, 20349
1694831077, 0, 7, 74, 0, 0, 8277.73, 2, 0, 0, 0.63, 228, 127, 7948.83, 21191, 20349
1694831079, 0, 7, 77, 0, 0, 8277.73, 2, 0, 0, 7.41, 242, 132, 7948.83, 21191, 20349
1694831083, 0, 8, 78, 0, 0, 8277.73, 2, 0, 0, 2.07, 248, 134, 7948.83, 21191, 20349
1694831087, 0, 8, 79, 0, 0, 8277.73, 2, 0, 0, 0.28, 249, 134, 7948.83, 21191, 20349
1694831090, 0, 8, 80, 0, 0, 8277.73, 2, 0, 0, 0.34, 250, 134, 7948.83, 21191, 20349
1694831092, 0, 8, 81, 0, 0, 8277.73, 2, 0, 0, 0.35, 251, 134, 7948.83, 21191, 20349
1694831095, 0, 8, 82, 0, 0, 8278.52, 2, 0, 0, 0.33, 252, 134, 7949.61, 21193, 20351
1694831098, 0, 8, 83, 0, 0, 8278.52, 2, 0, 0, 0.35, 253, 134, 7949.61, 21193, 20351
1694831103, 0, 8, 83, 0, 0, 8278.52, 2, 0, 0, 0.21, 254, 134, 7949.61, 21193, 20351
1694831106, 0, 8, 83, 0, 0, 8278.52, 2, 0, 0, 0.36, 255, 134, 7949.61, 21193, 20351
1694831109, 0, 8, 83, 0, 0, 8278.52, 2, 0, 0, 0.32, 256, 134, 7949.61, 21193, 20351
1694831112, 0, 8, 83, 0, 0, 8278.52, 2, 0, 0, 0.36, 257, 134, 7949.61, 21193, 20351
1694831115, 0, 8, 84, 0, 0, 8278.52, 2, 0, 0, 0.29, 258, 134, 7949.61, 21193, 20351
1694831118, 0, 8, 85, 0, 0, 8278.52, 2, 0, 0, 0.33, 259, 134, 7949.61, 21193, 20351
1694831121, 0, 8, 85, 0, 0, 8278.52, 2, 0, 0, 0.35, 260, 134, 7949.61, 21193, 20351
1694831124, 0, 8, 85, 0, 0, 8278.52, 2, 0, 0, 0.36, 261, 134, 7949.61, 21193, 20351
1694831127, 0, 8, 86, 0, 0, 8278.52, 2, 0, 0, 0.28, 262, 134, 7949.61, 21193, 20351
1694831131, 0, 8, 87, 0, 0, 8278.52, 2, 0, 0, 0.31, 263, 134, 7949.61, 21193, 20351
1694831133, 0, 8, 87, 0, 0, 8278.52, 2, 0, 0, 0.39, 264, 134, 7949.61, 21193, 20351
1694831136, 0, 8, 87, 0, 0, 8278.52, 2, 0, 0, 0.36, 265, 134, 7949.61, 21193, 20351
1694831139, 0, 8, 87, 0, 0, 8278.52, 2, 0, 0, 0.34, 266, 134, 7949.61, 21193, 20351
1694831142, 0, 8, 87, 0, 0, 8278.52, 2, 0, 0, 0.30, 267, 134, 7949.61, 21193, 20351
1694831145, 0, 8, 87, 0, 0, 8278.52, 2, 0, 0, 0.39, 268, 134, 7949.61, 21193, 20351
1694831148, 0, 8, 88, 0, 0, 8278.52, 2, 0, 0, 0.33, 269, 134, 7949.61, 21193, 20351
1694831151, 0, 8, 89, 0, 0, 8278.52, 2, 0, 0, 0.36, 270, 134, 7949.61, 21193, 20351
1694831154, 0, 8, 90, 0, 0, 8278.52, 2, 0, 0, 0.35, 271, 134, 7949.61, 21193, 20351
1694831157, 0, 8, 90, 0, 0, 8278.52, 2, 0, 0, 0.27, 272, 134, 7949.61, 21193, 20351
1694831160, 0, 8, 90, 0, 0, 8278.52, 2, 0, 0, 0.32, 273, 134, 7949.61, 21193, 20351
1694831162, 0, 8, 90, 0, 0, 8278.52, 2, 0, 0, 0.55, 274, 134, 7949.61, 21193, 20351
1694831165, 0, 8, 90, 0, 0, 8278.52, 2, 0, 0, 0.36, 275, 134, 7949.61, 21193, 20351
1694831168, 0, 8, 90, 0, 0, 8278.52, 2, 0, 0, 0.37, 276, 134, 7949.61, 21193, 20351
1694831171, 0, 8, 90, 0, 0, 8278.52, 2, 0, 0, 0.36, 277, 134, 7949.61, 21193, 20351
1694831174, 0, 8, 90, 0, 0, 8278.52, 2, 0, 0, 0.31, 278, 134, 7949.61, 21193, 20351
1694831177, 0, 8, 91, 0, 0, 8278.52, 2, 0, 0, 0.32, 279, 134, 7949.61, 21193, 20351
1694831180, 0, 8, 91, 0, 0, 8278.52, 2, 0, 0, 0.33, 280, 134, 7949.61, 21193, 20351
1694831182, 0, 8, 91, 0, 0, 8278.52, 2, 0, 0, 0.39, 281, 134, 7949.61, 21193, 20351
1694831186, 0, 8, 92, 0, 0, 8278.52, 2, 0, 0, 0.31, 282, 134, 7949.61, 21193, 20351
1694831189, 0, 8, 93, 0, 0, 8278.52, 2, 0, 0, 0.32, 283, 134, 7949.61, 21193, 20351
1694831192, 0, 8, 94, 0, 0, 8278.52, 2, 0, 0, 0.28, 284, 134, 7949.61, 21193, 20351
1694831196, 0, 8, 95, 0, 0, 8278.52, 2, 0, 0, 0.26, 285, 134, 7949.61, 21193, 20351
1694831199, 0, 8, 95, 0, 0, 8278.52, 2, 0, 0, 0.34, 286, 134, 7949.61, 21193, 20351
1694831202, 0, 8, 95, 0, 0, 8278.52, 2, 0, 0, 0.36, 287, 134, 7949.61, 21193, 20351
1694831205, 0, 8, 95, 0, 0, 8278.52, 2, 0, 0, 0.33, 288, 134, 7949.61, 21193, 20351
1694831208, 0, 8, 95, 0, 0, 8278.52, 2, 0, 0, 0.33, 289, 134, 7949.61, 21193, 20351
1694831211, 0, 8, 95, 0, 0, 8278.52, 2, 0, 0, 0.34, 290, 134, 7949.61, 21193, 20351
1694831214, 0, 8, 95, 0, 0, 8278.52, 2, 0, 0, 0.30, 291, 134, 7949.61, 21193, 20351
1694831218, 0, 8, 96, 0, 0, 8278.52, 2, 0, 0, 0.33, 292, 134, 7949.61, 21193, 20351
1694831221, 0, 8, 96, 0, 0, 8278.52, 2, 0, 0, 0.30, 293, 134, 7949.61, 21193, 20351
1694831224, 0, 8, 96, 0, 0, 8278.52, 2, 0, 0, 0.31, 294, 134, 7949.61, 21193, 20351
1694831228, 0, 8, 97, 0, 0, 8278.52, 2, 0, 0, 0.25, 295, 134, 7949.61, 21193, 20351
1694831231, 0, 8, 97, 0, 0, 8278.52, 2, 0, 0, 0.33, 296, 134, 7949.61, 21193, 20351
1694831234, 0, 8, 97, 0, 0, 8278.52, 2, 0, 0, 0.32, 297, 134, 7949.61, 21193, 20351
1694831237, 0, 8, 97, 0, 0, 8278.52, 2, 0, 0, 0.33, 298, 134, 7949.61, 21193, 20351
1694831240, 0, 8, 97, 0, 0, 8278.52, 2, 0, 0, 0.33, 299, 134, 7949.61, 21193, 20351
1694831244, 0, 8, 98, 0, 0, 8278.52, 2, 0, 0, 0.29, 300, 134, 7949.61, 21193, 20351
1694831247, 0, 8, 98, 0, 0, 8278.52, 2, 0, 0, 0.32, 301, 134, 7949.61, 21193, 20351
1694831250, 0, 8, 99, 0, 0, 8278.52, 2, 0, 0, 0.34, 302, 134, 7949.61, 21193, 20351
1694831253, 0, 8, 99, 0, 0, 8278.52, 2, 0, 0, 0.29, 303, 134, 7949.61, 21193, 20351
1694831256, 0, 8, 99, 0, 0, 8278.52, 2, 0, 0, 0.31, 304, 134, 7949.61, 21193, 20351
1694831260, 0, 8, 100, 0, 0, 8278.52, 2, 0, 0, 0.29, 305, 134, 7949.61, 21193, 20351
1694831263, 0, 8, 100, 0, 0, 8278.52, 2, 0, 0, 0.35, 306, 134, 7949.61, 21193, 20351
1694831266, 0, 8, 100, 0, 0, 8278.52, 2, 0, 0, 0.35, 307, 134, 7949.61, 21193, 20351
1694831269, 0, 8, 100, 0, 0, 8278.52, 2, 0, 0, 0.30, 308, 134, 7949.61, 21193, 20351
1694831273, 0, 8, 100, 0, 0, 8278.52, 2, 0, 0, 0.27, 309, 134, 7949.61, 21193, 20351
1694831275, 0, 8, 100, 0, 0, 8278.52, 2, 0, 0, 0.47, 310, 134, 7949.61, 21193, 20351
1694831278, 0, 8, 101, 0, 0, 8294.92, 2, 0, 0, 0.28, 311, 134, 7966.02, 21235, 20393
1694831281, 0, 8, 101, 0, 0, 8294.92, 2, 0, 0, 0.33, 312, 134, 7966.02, 21235, 20393
1694831285, 0, 8, 102, 0, 0, 8294.92, 2, 0, 0, 0.32, 313, 134, 7966.02, 21235, 20393
1694831287, 0, 8, 103, 0, 0, 8295.31, 2, 0, 0, 0.44, 314, 134, 7966.41, 21236, 20394
1694831291, 0, 8, 104, 0, 0, 8295.31, 2, 0, 0, 0.26, 315, 134, 7966.41, 21236, 20394
1694831294, 0, 8, 104, 0, 0, 8295.31, 2, 0, 0, 0.27, 316, 134, 7966.41, 21236, 20394
1694831297, 0, 8, 104, 0, 0, 8295.31, 2, 0, 0, 0.32, 317, 134, 7966.41, 21236, 20394
1694831301, 0, 8, 104, 0, 0, 8295.31, 2, 0, 0, 0.32, 318, 134, 7966.41, 21236, 20394
1694831304, 0, 8, 104, 0, 0, 8295.31, 2, 0, 0, 0.27, 319, 134, 7966.41, 21236, 20394
1694831308, 0, 8, 104, 0, 0, 8295.31, 2, 0, 0, 0.32, 320, 134, 7966.41, 21236, 20394
1694831311, 0, 8, 104, 0, 0, 8295.31, 2, 0, 0, 0.29, 321, 134, 7966.41, 21236, 20394
1694831314, 0, 8, 104, 0, 0, 8295.31, 2, 0, 0, 0.36, 322, 134, 7966.41, 21236, 20394
1694831318, 0, 8, 105, 0, 0, 8295.31, 2, 0, 0, 0.24, 323, 134, 7966.41, 21236, 20394
1694831321, 0, 8, 105, 0, 0, 8295.31, 2, 0, 0, 0.30, 324, 134, 7966.41, 21236, 20394
1694831325, 0, 8, 105, 0, 0, 8295.31, 2, 0, 0, 0.26, 325, 134, 7966.41, 21236, 20394
1694831328, 0, 8, 105, 0, 0, 8295.31, 2, 0, 0, 0.33, 326, 134, 7966.41, 21236, 20394
1694831332, 0, 8, 105, 0, 0, 8295.31, 2, 0, 0, 0.26, 327, 134, 7966.41, 21236, 20394
1694831335, 0, 8, 105, 0, 0, 8295.31, 2, 0, 0, 0.33, 328, 134, 7966.41, 21236, 20394
1694831339, 0, 8, 105, 0, 0, 8295.31, 2, 0, 0, 0.26, 329, 134, 7966.41, 21236, 20394
1694831344, 0, 8, 105, 0, 0, 8295.31, 2, 0, 0, 0.21, 330, 134, 7966.41, 21236, 20394
1694831348, 0, 8, 105, 0, 0, 8295.31, 2, 0, 0, 0.24, 331, 134, 7966.41, 21236, 20394
1694831351, 0, 8, 105, 0, 0, 8295.31, 2, 0, 0, 0.29, 332, 134, 7966.41, 21236, 20394
1694831355, 0, 8, 105, 0, 0, 8295.31, 2, 0, 0, 0.25, 333, 134, 7966.41, 21236, 20394
1694831359, 0, 8, 105, 0, 0, 8295.31, 2, 0, 0, 0.30, 334, 134, 7966.41, 21236, 20394
1694831362, 0, 8, 105, 0, 0, 8295.31, 2, 0, 0, 0.28, 335, 134, 7966.41, 21236, 20394
1694831365, 0, 8, 105, 0, 0, 8295.31, 2, 0, 0, 0.32, 336, 134, 7966.41, 21236, 20394
1694831369, 0, 8, 105, 0, 0, 8295.31, 2, 0, 0, 0.26, 337, 134, 7966.41, 21236, 20394
1694831372, 0, 8, 105, 0, 0, 8295.31, 2, 0, 0, 0.33, 338, 134, 7966.41, 21236, 20394
1694831376, 0, 8, 105, 0, 0, 8295.31, 2, 0, 0, 0.27, 339, 134, 7966.41, 21236, 20394
1694831379, 0, 8, 105, 0, 0, 8295.31, 2, 0, 0, 0.33, 340, 134, 7966.41, 21236, 20394
1694831382, 0, 8, 106, 0, 0, 8295.31, 2, 0, 0, 0.31, 341, 134, 7966.41, 21236, 20394
1694831385, 0, 8, 106, 0, 0, 8295.31, 2, 0, 0, 0.34, 342, 134, 7966.41, 21236, 20394
1694831390, 0, 8, 107, 0, 0, 8295.31, 2, 0, 0, 0.23, 343, 134, 7966.41, 21236, 20394
1694831393, 0, 8, 107, 0, 0, 8295.31, 2, 0, 0, 0.33, 344, 134, 7966.41, 21236, 20394
1694831395, 0, 8, 107, 0, 0, 8295.31, 2, 0, 0, 0.43, 345, 134, 7966.41, 21236, 20394
1694831399, 0, 8, 108, 0, 0, 8295.31, 2, 0, 0, 0.27, 346, 134, 7966.41, 21236, 20394
1694831403, 0, 8, 109, 0, 0, 8295.31, 2, 0, 0, 0.26, 347, 134, 7966.41, 21236, 20394
1694831406, 0, 8, 110, 0, 0, 8295.31, 2, 0, 0, 0.29, 348, 134, 7966.41, 21236, 20394
1694831410, 0, 8, 111, 0, 0, 8295.31, 2, 0, 0, 0.26, 349, 134, 7966.41, 21236, 20394
1694831415, 0, 8, 111, 0, 0, 8295.31, 2, 0, 0, 0.19, 350, 134, 7966.41, 21236, 20394
1694831421, 0, 8, 111, 0, 0, 8295.31, 2, 0, 0, 0.18, 351, 134, 7966.41, 21236, 20394
1694831424, 0, 8, 111, 0, 0, 8295.31, 2, 0, 0, 0.33, 352, 134, 7966.41, 21236, 20394
1694831428, 0, 8, 111, 0, 0, 8295.31, 2, 0, 0, 0.25, 353, 134, 7966.41, 21236, 20394
1694831431, 0, 8, 111, 0, 0, 8295.31, 2, 0, 0, 0.30, 354, 134, 7966.41, 21236, 20394
1694831435, 0, 8, 111, 0, 0, 8295.31, 2, 0, 0, 0.26, 355, 134, 7966.41, 21236, 20394
1694831438, 0, 8, 111, 0, 0, 8295.31, 2, 0, 0, 0.32, 356, 134, 7966.41, 21236, 20394
1694831441, 0, 8, 111, 0, 0, 8295.31, 2, 0, 0, 0.30, 357, 134, 7966.41, 21236, 20394
1694831445, 0, 8, 111, 0, 0, 8295.31, 2, 0, 0, 0.31, 358, 134, 7966.41, 21236, 20394
1694831448, 0, 8, 111, 0, 0, 8295.31, 2, 0, 0, 0.27, 359, 134, 7966.41, 21236, 20394
1694831451, 0, 8, 111, 0, 0, 8295.31, 2, 0, 0, 0.38, 360, 134, 7966.41, 21236, 20394
1694831454, 0, 8, 111, 0, 0, 8295.31, 2, 0, 0, 0.28, 361, 134, 7966.41, 21236, 20394
1694831458, 0, 8, 111, 0, 0, 8295.31, 2, 0, 0, 0.32, 362, 134, 7966.41, 21236, 20394
1694831462, 0, 8, 111, 0, 0, 8295.31, 2, 0, 0, 0.25, 363, 134, 7966.41, 21236, 20394
1694831465, 0, 8, 111, 0, 0, 8295.31, 2, 0, 0, 0.28, 364, 134, 7966.41, 21236, 20394
1694831469, 0, 8, 111, 0, 0, 8295.31, 2, 0, 0, 0.27, 365, 134, 7966.41, 21236, 20394
1694831472, 0, 8, 111, 0, 0, 8295.31, 2, 0, 0, 0.32, 366, 134, 7966.41, 21236, 20394
1694831476, 0, 8, 111, 0, 0, 8295.31, 2, 0, 0, 0.25, 367, 134, 7966.41, 21236, 20394
1694831479, 0, 8, 111, 0, 0, 8295.31, 2, 0, 0, 0.33, 368, 134, 7966.41, 21236, 20394
1694831483, 0, 8, 111, 0, 0, 8295.31, 2, 0, 0, 0.26, 369, 134, 7966.41, 21236, 20394
1694831486, 0, 8, 111, 0, 0, 8295.31, 2, 0, 0, 0.28, 370, 134, 7966.41, 21236, 20394
1694831491, 0, 8, 111, 0, 0, 8295.31, 2, 0, 0, 0.23, 371, 134, 7966.41, 21236, 20394
1694831494, 0, 8, 111, 0, 0, 8295.31, 2, 0, 0, 0.29, 372, 134, 7966.41, 21236, 20394
1694831498, 0, 8, 111, 0, 0, 8295.31, 2, 0, 0, 0.23, 373, 134, 7966.41, 21236, 20394
1694831502, 0, 8, 111, 0, 0, 8295.31, 2, 0, 0, 0.25, 374, 134, 7966.41, 21236, 20394
1694831507, 0, 8, 111, 0, 0, 8295.31, 2, 0, 0, 0.24, 375, 134, 7966.41, 21236, 20394
1694831510, 0, 8, 111, 0, 0, 8295.31, 2, 0, 0, 0.29, 376, 134, 7966.41, 21236, 20394
1694831514, 0, 8, 111, 0, 0, 8295.31, 2, 0, 0, 0.24, 377, 134, 7966.41, 21236, 20394
1694831518, 0, 8, 111, 0, 0, 8295.31, 2, 0, 0, 0.24, 378, 134, 7966.41, 21236, 20394
1694831523, 0, 8, 111, 0, 0, 8295.31, 2, 0, 0, 0.23, 379, 134, 7966.41, 21236, 20394
1694831526, 0, 8, 111, 0, 0, 8295.31, 2, 0, 0, 0.30, 380, 134, 7966.41, 21236, 20394
1694831531, 0, 8, 111, 0, 0, 8295.31, 2, 0, 0, 0.21, 381, 134, 7966.41, 21236, 20394
1694831534, 0, 8, 111, 0, 0, 8295.31, 2, 0, 0, 0.27, 382, 134, 7966.41, 21236, 20394
1694831539, 0, 8, 111, 0, 0, 8295.31, 2, 0, 0, 0.23, 383, 134, 7966.41, 21236, 20394
1694831542, 0, 8, 111, 0, 0, 8295.31, 2, 0, 0, 0.32, 384, 134, 7966.41, 21236, 20394
1694831545, 0, 8, 111, 0, 0, 8295.31, 2, 0, 0, 0.31, 385, 134, 7966.41, 21236, 20394
1694831550, 0, 8, 112, 0, 0, 8295.31, 2, 0, 0, 0.22, 386, 134, 7966.41, 21236, 20394
1694831555, 0, 8, 113, 0, 0, 8295.31, 2, 0, 0, 0.19, 387, 134, 7966.41, 21236, 20394
1694831559, 0, 8, 113, 0, 0, 8295.31, 2, 0, 0, 0.28, 388, 134, 7966.41, 21236, 20394
1694831563, 0, 8, 113, 0, 0, 8295.31, 2, 0, 0, 0.24, 389, 134, 7966.41, 21236, 20394
1694831567, 0, 8, 114, 0, 0, 8295.31, 2, 0, 0, 0.24, 390, 134, 7966.41, 21236, 20394
1694831571, 0, 8, 115, 0, 0, 8295.31, 2, 0, 0, 0.23, 391, 134, 7966.41, 21236, 20394
1694831576, 0, 8, 115, 0, 0, 8295.31, 2, 0, 0, 0.24, 392, 134, 7966.41, 21236, 20394
1694831581, 0, 8, 116, 0, 0, 8295.31, 2, 0, 0, 0.18, 393, 134, 7966.41, 21236, 20394
1694831586, 0, 8, 117, 0, 0, 8295.31, 2, 0, 0, 0.24, 394, 134, 7966.41, 21236, 20394
1694831589, 0, 8, 118, 0, 0, 8295.31, 2, 0, 0, 0.27, 395, 134, 7966.41, 21236, 20394
1694831592, 0, 8, 118, 0, 0, 8295.31, 2, 0, 0, 0.31, 396, 134, 7966.41, 21236, 20394
1694831596, 0, 8, 118, 0, 0, 8295.31, 2, 0, 0, 0.29, 397, 134, 7966.41, 21236, 20394
1694831599, 0, 8, 119, 0, 0, 8295.31, 2, 0, 0, 0.30, 398, 134, 7966.41, 21236, 20394
1694831603, 0, 8, 120, 0, 0, 8295.31, 2, 0, 0, 0.25, 399, 134, 7966.41, 21236, 20394
1694831607, 0, 8, 120, 0, 0, 8295.31, 2, 0, 0, 0.28, 400, 134, 7966.41, 21236, 20394
1694831611, 0, 8, 120, 0, 0, 8295.31, 2, 0, 0, 0.24, 401, 134, 7966.41, 21236, 20394
1694831615, 0, 8, 121, 0, 0, 8295.31, 2, 0, 0, 0.25, 402, 134, 7966.41, 21236, 20394
1694831619, 0, 8, 121, 0, 0, 8295.31, 2, 0, 0, 0.24, 403, 134, 7966.41, 21236, 20394
1694831622, 0, 8, 121, 0, 0, 8295.31, 2, 0, 0, 0.28, 404, 134, 7966.41, 21236, 20394
1694831627, 0, 8, 122, 0, 0, 8295.31, 2, 0, 0, 0.22, 405, 134, 7966.41, 21236, 20394
1694831631, 0, 8, 123, 0, 0, 8295.31, 2, 0, 0, 0.29, 406, 134, 7966.41, 21236, 20394
1694831635, 0, 8, 123, 0, 0, 8295.31, 2, 0, 0, 0.23, 407, 134, 7966.41, 21236, 20394
1694831638, 0, 8, 123, 0, 0, 8295.31, 2, 0, 0, 0.28, 408, 134, 7966.41, 21236, 20394
1694831643, 0, 8, 123, 0, 0, 8295.31, 2, 0, 0, 0.23, 409, 134, 7966.41, 21236, 20394
1694831647, 0, 8, 123, 0, 0, 8295.31, 2, 0, 0, 0.27, 410, 134, 7966.41, 21236, 20394
1694831652, 0, 8, 123, 0, 0, 8295.31, 2, 0, 0, 0.18, 411, 134, 7966.41, 21236, 20394
1694831656, 0, 8, 123, 0, 0, 8295.31, 2, 0, 0, 0.25, 412, 134, 7966.41, 21236, 20394
1694831661, 0, 8, 123, 0, 0, 8295.31, 2, 0, 0, 0.20, 413, 134, 7966.41, 21236, 20394
1694831665, 0, 8, 123, 0, 0, 8295.31, 2, 0, 0, 0.27, 414, 134, 7966.41, 21236, 20394
1694831670, 0, 8, 123, 0, 0, 8295.31, 2, 0, 0, 0.21, 415, 134, 7966.41, 21236, 20394
1694831673, 0, 8, 123, 0, 0, 8295.31, 2, 0, 0, 0.28, 416, 134, 7966.41, 21236, 20394
1694831678, 0, 8, 123, 0, 0, 8295.31, 2, 0, 0, 0.22, 417, 134, 7966.41, 21236, 20394
1694831682, 0, 8, 123, 0, 0, 8295.31, 2, 0, 0, 0.24, 418, 134, 7966.41, 21236, 20394
1694831687, 0, 8, 124, 0, 0, 8295.31, 2, 0, 0, 0.20, 419, 134, 7966.41, 21236, 20394
1694831691, 0, 8, 124, 0, 0, 8295.31, 2, 0, 0, 0.25, 420, 134, 7966.41, 21236, 20394
1694831695, 0, 8, 124, 0, 0, 8295.31, 2, 0, 0, 0.26, 421, 134, 7966.41, 21236, 20394
1694831699, 0, 8, 124, 0, 0, 8295.31, 2, 0, 0, 0.23, 422, 134, 7966.41, 21236, 20394
1694831704, 0, 8, 124, 0, 0, 8295.31, 2, 0, 0, 0.23, 423, 134, 7966.41, 21236, 20394
1694831707, 0, 8, 124, 0, 0, 8295.31, 2, 0, 0, 0.28, 424, 134, 7966.41, 21236, 20394
1694831712, 0, 8, 125, 0, 0, 8295.31, 2, 0, 0, 0.22, 425, 134, 7966.41, 21236, 20394
1694831715, 0, 8, 125, 0, 0, 8295.31, 2, 0, 0, 0.27, 426, 134, 7966.41, 21236, 20394
1694831720, 0, 8, 125, 0, 0, 8295.31, 2, 0, 0, 0.23, 427, 134, 7966.41, 21236, 20394
1694831723, 0, 8, 125, 0, 0, 8295.31, 2, 0, 0, 0.29, 428, 134, 7966.41, 21236, 20394
1694831727, 0, 8, 125, 0, 0, 8295.31, 2, 0, 0, 0.29, 429, 134, 7966.41, 21236, 20394
1694831730, 0, 8, 125, 0, 0, 8295.31, 2, 0, 0, 0.30, 430, 134, 7966.41, 21236, 20394
1694831734, 0, 8, 125, 0, 0, 8295.31, 2, 0, 0, 0.26, 431, 134, 7966.41, 21236, 20394
1694831737, 0, 8, 125, 0, 0, 8295.31, 2, 0, 0, 0.31, 432, 134, 7966.41, 21236, 20394
1694831742, 0, 8, 125, 0, 0, 8295.31, 2, 0, 0, 0.22, 433, 134, 7966.41, 21236, 20394
1694831745, 0, 8, 125, 0, 0, 8295.31, 2, 0, 0, 0.27, 434, 134, 7966.41, 21236, 20394
1694831749, 0, 8, 125, 0, 0, 8295.31, 2, 0, 0, 0.25, 435, 134, 7966.41, 21236, 20394
1694831753, 0, 8, 125, 0, 0, 8295.31, 2, 0, 0, 0.26, 436, 134, 7966.41, 21236, 20394
1694831757, 0, 8, 125, 0, 0, 8295.31, 2, 0, 0, 0.30, 437, 134, 7966.41, 21236, 20394
1694831760, 0, 8, 125, 0, 0, 8295.31, 2, 0, 0, 0.31, 438, 134, 7966.41, 21236, 20394
1694831763, 0, 8, 125, 0, 0, 8295.31, 2, 0, 0, 0.28, 439, 134, 7966.41, 21236, 20394
1694831767, 0, 8, 125, 0, 0, 8295.31, 2, 0, 0, 0.28, 440, 134, 7966.41, 21236, 20394
1694831771, 0, 8, 125, 0, 0, 8295.31, 2, 0, 0, 0.24, 441, 134, 7966.41, 21236, 20394
1694831775, 0, 8, 125, 0, 0, 8295.31, 2, 0, 0, 0.29, 442, 134, 7966.41, 21236, 20394
1694831779, 0, 8, 125, 0, 0, 8295.31, 2, 0, 0, 0.25, 443, 134, 7966.41, 21236, 20394
1694831783, 0, 8, 125, 0, 0, 8295.31, 2, 0, 0, 0.24, 444, 134, 7966.41, 21236, 20394
1694831787, 0, 8, 125, 0, 0, 8295.31, 2, 0, 0, 0.23, 445, 134, 7966.41, 21236, 20394
1694831790, 0, 8, 125, 0, 0, 8295.31, 2, 0, 0, 0.30, 446, 134, 7966.41, 21236, 20394
1694831794, 0, 8, 125, 0, 0, 8295.31, 2, 0, 0, 0.27, 447, 134, 7966.41, 21236, 20394
1694831798, 0, 8, 125, 0, 0, 8295.31, 2, 0, 0, 0.28, 448, 134, 7966.41, 21236, 20394
1694831802, 0, 8, 125, 0, 0, 8295.31, 2, 0, 0, 0.26, 449, 134, 7966.41, 21236, 20394
1694831805, 0, 8, 125, 0, 0, 8295.31, 2, 0, 0, 0.27, 450, 134, 7966.41, 21236, 20394
1694831810, 0, 8, 125, 0, 0, 8295.31, 2, 0, 0, 0.23, 451, 134, 7966.41, 21236, 20394
1694831814, 0, 8, 125, 0, 0, 8295.31, 2, 0, 0, 0.25, 452, 134, 7966.41, 21236, 20394
1694831818, 0, 8, 125, 0, 0, 8295.31, 2, 0, 0, 0.21, 453, 134, 7966.41, 21236, 20394
1694831823, 0, 8, 125, 0, 0, 8295.31, 2, 0, 0, 0.24, 454, 134, 7966.41, 21236, 20394
1694831827, 0, 8, 125, 0, 0, 8295.31, 2, 0, 0, 0.22, 455, 134, 7966.41, 21236, 20394
1694831831, 0, 8, 125, 0, 0, 8295.31, 2, 0, 0, 0.25, 456, 134, 7966.41, 21236, 20394
1694831836, 0, 8, 125, 0, 0, 8295.31, 2, 0, 0, 0.21, 457, 134, 7966.41, 21236, 20394
1694831840, 0, 8, 125, 0, 0, 8295.31, 2, 0, 0, 0.24, 458, 134, 7966.41, 21236, 20394
1694831845, 0, 8, 125, 0, 0, 8295.31, 2, 0, 0, 0.20, 459, 134, 7966.41, 21236, 20394
1694831848, 0, 8, 125, 0, 0, 8295.31, 2, 0, 0, 0.30, 460, 134, 7966.41, 21236, 20394
1694831853, 0, 8, 125, 0, 0, 8295.31, 2, 0, 0, 0.23, 461, 134, 7966.41, 21236, 20394
1694831856, 0, 8, 125, 0, 0, 8295.31, 2, 0, 0, 0.30, 462, 134, 7966.41, 21236, 20394
1694831859, 0, 8, 126, 0, 0, 8295.31, 2, 0, 0, 0.33, 463, 134, 7966.41, 21236, 20394
1694831863, 0, 8, 126, 0, 0, 8295.31, 2, 0, 0, 0.27, 464, 134, 7966.41, 21236, 20394
1694831867, 0, 8, 126, 0, 0, 8295.31, 2, 0, 0, 0.25, 465, 134, 7966.41, 21236, 20394
1694831870, 0, 8, 126, 0, 0, 8295.31, 2, 0, 0, 0.35, 466, 134, 7966.41, 21236, 20394
1694831874, 0, 8, 127, 0, 0, 8295.31, 2, 0, 0, 0.25, 467, 134, 7966.41, 21236, 20394
1694831877, 0, 8, 127, 0, 0, 8295.31, 2, 0, 0, 0.28, 468, 134, 7966.41, 21236, 20394
1694831883, 0, 8, 127, 0, 0, 8295.31, 2, 0, 0, 0.18, 469, 134, 7966.41, 21236, 20394
1694831886, 0, 8, 127, 0, 0, 8295.31, 2, 0, 0, 0.32, 470, 134, 7966.41, 21236, 20394
1694831890, 0, 8, 127, 0, 0, 8295.31, 2, 0, 0, 0.25, 471, 134, 7966.41, 21236, 20394
1694831893, 0, 8, 127, 0, 0, 8295.31, 2, 0, 0, 0.28, 472, 134, 7966.41, 21236, 20394
1694831897, 0, 8, 127, 0, 0, 8295.31, 2, 0, 0, 0.29, 473, 134, 7966.41, 21236, 20394
1694831901, 0, 8, 128, 0, 0, 8295.31, 2, 0, 0, 0.24, 474, 134, 7966.41, 21236, 20394
1694831903, 0, 8, 129, 0, 0, 8295.31, 2, 0, 0, 0.42, 475, 134, 7966.41, 21236, 20394
1694831907, 0, 8, 130, 0, 0, 8295.31, 2, 0, 0, 0.29, 476, 134, 7966.41, 21236, 20394
1694831910, 0, 8, 131, 0, 0, 8295.31, 2, 0, 0, 0.31, 477, 134, 7966.41, 21236, 20394
1694831914, 0, 8, 132, 0, 0, 8295.31, 2, 0, 0, 0.23, 478, 134, 7966.41, 21236, 20394
1694831918, 0, 8, 132, 0, 0, 8295.31, 2, 0, 0, 0.30, 479, 134, 7966.41, 21236, 20394
1694831921, 0, 8, 132, 0, 0, 8295.31, 2, 0, 0, 0.27, 480, 134, 7966.41, 21236, 20394
1694831925, 0, 8, 132, 0, 0, 8295.31, 2, 0, 0, 0.28, 481, 134, 7966.41, 21236, 20394
1694831928, 0, 8, 132, 0, 0, 8295.31, 2, 0, 0, 0.28, 482, 134, 7966.41, 21236, 20394
1694831932, 0, 8, 132, 0, 0, 8295.31, 2, 0, 0, 0.31, 483, 134, 7966.41, 21236, 20394
1694831936, 0, 8, 132, 0, 0, 8295.31, 2, 0, 0, 0.21, 484, 134, 7966.41, 21236, 20394
1694831940, 0, 8, 132, 0, 0, 8295.31, 2, 0, 0, 0.26, 485, 134, 7966.41, 21236, 20394
1694831944, 0, 8, 132, 0, 0, 8295.31, 2, 0, 0, 0.26, 486, 134, 7966.41, 21236, 20394
1694831947, 0, 8, 132, 0, 0, 8295.31, 2, 0, 0, 0.34, 487, 134, 7966.41, 21236, 20394
1694831951, 0, 8, 132, 0, 0, 8295.31, 2, 0, 0, 0.26, 488, 134, 7966.41, 21236, 20394
1694831954, 0, 8, 132, 0, 0, 8295.31, 2, 0, 0, 0.30, 489, 134, 7966.41, 21236, 20394
1694831958, 0, 8, 132, 0, 0, 8295.31, 2, 0, 0, 0.26, 490, 134, 7966.41, 21236, 20394
1694831961, 0, 8, 132, 0, 0, 8295.31, 2, 0, 0, 0.28, 491, 134, 7966.41, 21236, 20394
1694831963, 0, 8, 132, 0, 0, 8295.31, 2, 0, 0, 0.51, 492, 134, 7966.41, 21236, 20394
1694831968, 0, 8, 132, 0, 0, 8295.31, 2, 0, 0, 0.24, 493, 134, 7966.41, 21236, 20394
1694831971, 0, 8, 132, 0, 0, 8295.31, 2, 0, 0, 0.31, 494, 134, 7966.41, 21236, 20394
1694831975, 0, 8, 132, 0, 0, 8295.31, 2, 0, 0, 0.26, 495, 134, 7966.41, 21236, 20394
1694831978, 0, 8, 132, 0, 0, 8295.31, 2, 0, 0, 0.26, 496, 134, 7966.41, 21236, 20394
1694831982, 0, 8, 132, 0, 0, 8295.31, 2, 0, 0, 0.25, 497, 134, 7966.41, 21236, 20394
1694831986, 0, 8, 132, 0, 0, 8295.31, 2, 0, 0, 0.27, 498, 134, 7966.41, 21236, 20394
1694831990, 0, 8, 132, 0, 0, 8295.31, 2, 0, 0, 0.24, 499, 134, 7966.41, 21236, 20394
1694831994, 0, 8, 132, 0, 0, 8295.31, 2, 0, 0, 0.28, 500, 134, 7966.41, 21236, 20394
1694831999, 0, 8, 132, 0, 0, 8295.31, 2, 0, 0, 0.21, 501, 134, 7966.41, 21236, 20394
1694832003, 0, 8, 132, 0, 0, 8295.31, 2, 0, 0, 0.25, 502, 134, 7966.41, 21236, 20394
1694832007, 0, 8, 132, 0, 0, 8295.31, 2, 0, 0, 0.23, 503, 134, 7966.41, 21236, 20394
1694832009, 0, 8, 132, 0, 0, 8295.31, 2, 0, 0, 0.41, 504, 134, 7966.41, 21236, 20394
1694832014, 0, 8, 132, 0, 0, 8295.31, 2, 0, 0, 0.23, 505, 134, 7966.41, 21236, 20394
1694832019, 0, 8, 132, 0, 0, 8295.31, 2, 0, 0, 0.20, 506, 134, 7966.41, 21236, 20394
1694832023, 0, 8, 132, 0, 0, 8295.31, 2, 0, 0, 0.22, 507, 134, 7966.41, 21236, 20394
1694832028, 0, 8, 132, 0, 0, 8295.31, 2, 0, 0, 0.23, 508, 134, 7966.41, 21236, 20394
1694832032, 0, 8, 132, 0, 0, 8295.31, 2, 0, 0, 0.22, 509, 134, 7966.41, 21236, 20394
1694832037, 0, 8, 132, 0, 0, 8295.31, 2, 0, 0, 0.23, 510, 134, 7966.41, 21236, 20394
1694832042, 0, 8, 132, 0, 0, 8295.31, 2, 0, 0, 0.20, 511, 134, 7966.41, 21236, 20394
1694832046, 0, 8, 132, 0, 0, 8295.31, 2, 0, 0, 0.25, 512, 134, 7966.41, 21236, 20394
1694832051, 0, 8, 132, 0, 0, 8295.31, 2, 0, 0, 0.20, 513, 134, 7966.41, 21236, 20394
1694832055, 0, 8, 132, 0, 0, 8295.31, 2, 0, 0, 0.23, 514, 134, 7966.41, 21236, 20394
1694832060, 0, 8, 132, 0, 0, 8295.31, 2, 0, 0, 0.21, 515, 134, 7966.41, 21236, 20394
1694832064, 0, 8, 132, 0, 0, 8295.31, 2, 0, 0, 0.23, 516, 134, 7966.41, 21236, 20394
1694832070, 0, 8, 133, 0, 0, 8295.31, 2, 0, 0, 0.17, 517, 134, 7966.41, 21236, 20394
1694832075, 0, 8, 133, 0, 0, 8295.31, 2, 0, 0, 0.20, 518, 134, 7966.41, 21236, 20394
1694832081, 0, 8, 134, 0, 0, 8295.31, 2, 0, 0, 0.18, 519, 134, 7966.41, 21236, 20394
1694832085, 0, 8, 134, 0, 0, 8295.31, 2, 0, 0, 0.23, 520, 134, 7966.41, 21236, 20394
1694832090, 0, 8, 134, 0, 0, 8295.31, 2, 0, 0, 0.22, 521, 134, 7966.41, 21236, 20394
1694832094, 0, 8, 134, 0, 0, 8295.31, 2, 0, 0, 0.24, 522, 134, 7966.41, 21236, 20394
1694832100, 0, 8, 134, 0, 0, 8295.31, 2, 0, 0, 0.17, 523, 134, 7966.41, 21236, 20394
1694832103, 0, 8, 134, 0, 0, 8295.31, 2, 0, 0, 0.28, 524, 134, 7966.41, 21236, 20394
1694832108, 0, 8, 134, 0, 0, 8295.31, 2, 0, 0, 0.23, 525, 134, 7966.41, 21236, 20394
1694832112, 0, 8, 134, 0, 0, 8295.31, 2, 0, 0, 0.25, 526, 134, 7966.41, 21236, 20394
1694832116, 0, 8, 134, 0, 0, 8295.31, 2, 0, 0, 0.21, 527, 134, 7966.41, 21236, 20394
1694832121, 0, 8, 134, 0, 0, 8295.31, 2, 0, 0, 0.22, 528, 134, 7966.41, 21236, 20394
1694832126, 0, 8, 134, 0, 0, 8295.31, 2, 0, 0, 0.21, 529, 134, 7966.41, 21236, 20394
1694832130, 0, 8, 134, 0, 0, 8295.31, 2, 0, 0, 0.24, 530, 134, 7966.41, 21236, 20394
1694832135, 0, 8, 134, 0, 0, 8295.31, 2, 0, 0, 0.21, 531, 134, 7966.41, 21236, 20394
1694832139, 0, 8, 134, 0, 0, 8295.31, 2, 0, 0, 0.26, 532, 134, 7966.41, 21236, 20394
1694832144, 0, 8, 134, 0, 0, 8295.31, 2, 0, 0, 0.20, 533, 134, 7966.41, 21236, 20394
1694832148, 0, 8, 134, 0, 0, 8295.31, 2, 0, 0, 0.25, 534, 134, 7966.41, 21236, 20394
1694832153, 0, 8, 134, 0, 0, 8295.31, 2, 0, 0, 0.18, 535, 134, 7966.41, 21236, 20394
1694832157, 0, 8, 134, 0, 0, 8295.31, 2, 0, 0, 0.24, 536, 134, 7966.41, 21236, 20394
1694832162, 0, 8, 134, 0, 0, 8295.31, 2, 0, 0, 0.20, 537, 134, 7966.41, 21236, 20394
1694832166, 0, 8, 134, 0, 0, 8295.31, 2, 0, 0, 0.24, 538, 134, 7966.41, 21236, 20394
1694832171, 0, 8, 134, 0, 0, 8295.31, 2, 0, 0, 0.21, 539, 134, 7966.41, 21236, 20394
1694832176, 0, 8, 134, 0, 0, 8295.31, 2, 0, 0, 0.22, 540, 134, 7966.41, 21236, 20394
1694832181, 0, 8, 134, 0, 0, 8295.31, 2, 0, 0, 0.19, 541, 134, 7966.41, 21236, 20394
1694832185, 0, 8, 134, 0, 0, 8295.31, 2, 0, 0, 0.25, 542, 134, 7966.41, 21236, 20394
1694832191, 0, 8, 134, 0, 0, 8295.31, 2, 0, 0, 0.19, 543, 134, 7966.41, 21236, 20394
1694832195, 0, 8, 134, 0, 0, 8295.31, 2, 0, 0, 0.23, 544, 134, 7966.41, 21236, 20394
1694832200, 0, 8, 134, 0, 0, 8295.31, 2, 0, 0, 0.20, 545, 134, 7966.41, 21236, 20394
1694832204, 0, 8, 134, 0, 0, 8295.31, 2, 0, 0, 0.23, 546, 134, 7966.41, 21236, 20394
1694832209, 0, 8, 134, 0, 0, 8295.31, 2, 0, 0, 0.22, 547, 134, 7966.41, 21236, 20394
1694832226, 0, 8, 135, 0, 0, 8295.31, 2, 0, 0, 0.06, 548, 134, 7966.41, 21236, 20394
1694832232, 0, 8, 135, 0, 0, 8295.31, 2, 0, 0, 0.19, 549, 134, 7966.41, 21236, 20394
1694832235, 0, 8, 135, 0, 0, 8295.31, 2, 0, 0, 0.28, 550, 134, 7966.41, 21236, 20394
1694832240, 0, 8, 135, 0, 0, 8295.31, 2, 0, 0, 0.22, 551, 134, 7966.41, 21236, 20394
1694832244, 0, 8, 135, 0, 0, 8295.31, 2, 0, 0, 0.22, 552, 134, 7966.41, 21236, 20394
1694832249, 0, 8, 135, 0, 0, 8295.31, 2, 0, 0, 0.23, 553, 134, 7966.41, 21236, 20394
1694832253, 0, 8, 135, 0, 0, 8295.31, 2, 0, 0, 0.23, 554, 134, 7966.41, 21236, 20394
1694832258, 0, 8, 135, 0, 0, 8295.31, 2, 0, 0, 0.22, 555, 134, 7966.41, 21236, 20394
1694832262, 0, 8, 136, 0, 0, 8295.31, 2, 0, 0, 0.21, 556, 134, 7966.41, 21236, 20394
1694832268, 0, 8, 136, 0, 0, 8295.31, 2, 0, 0, 0.19, 557, 134, 7966.41, 21236, 20394
1694832274, 0, 8, 137, 0, 0, 8295.31, 2, 0, 0, 0.16, 558, 134, 7966.41, 21236, 20394
1694832278, 0, 8, 137, 0, 0, 8295.31, 2, 0, 0, 0.23, 559, 134, 7966.41, 21236, 20394
1694832283, 0, 8, 137, 0, 0, 8295.31, 2, 0, 0, 0.21, 560, 134, 7966.41, 21236, 20394
1694832288, 0, 8, 138, 0, 0, 8295.31, 2, 0, 0, 0.19, 561, 134, 7966.41, 21236, 20394
1694832292, 0, 8, 138, 0, 0, 8295.31, 2, 0, 0, 0.23, 562, 134, 7966.41, 21236, 20394
1694832297, 0, 8, 138, 0, 0, 8295.31, 2, 0, 0, 0.23, 563, 134, 7966.41, 21236, 20394
1694832301, 0, 8, 138, 0, 0, 8295.31, 2, 0, 0, 0.24, 564, 134, 7966.41, 21236, 20394
1694832306, 0, 8, 138, 0, 0, 8295.31, 2, 0, 0, 0.21, 565, 134, 7966.41, 21236, 20394
1694832310, 0, 8, 138, 0, 0, 8295.31, 2, 0, 0, 0.24, 566, 134, 7966.41, 21236, 20394
1694832314, 0, 8, 138, 0, 0, 8295.31, 2, 0, 0, 0.21, 567, 134, 7966.41, 21236, 20394
1694832319, 0, 8, 138, 0, 0, 8295.31, 2, 0, 0, 0.22, 568, 134, 7966.41, 21236, 20394
1694832324, 0, 8, 138, 0, 0, 8295.31, 2, 0, 0, 0.21, 569, 134, 7966.41, 21236, 20394
1694832328, 0, 8, 139, 0, 0, 8295.31, 2, 0, 0, 0.22, 570, 134, 7966.41, 21236, 20394
1694832333, 0, 8, 139, 0, 0, 8295.31, 2, 0, 0, 0.20, 571, 134, 7966.41, 21236, 20394
1694832338, 0, 8, 139, 0, 0, 8295.31, 2, 0, 0, 0.21, 572, 134, 7966.41, 21236, 20394
1694832343, 0, 8, 139, 0, 0, 8295.31, 2, 0, 0, 0.21, 573, 134, 7966.41, 21236, 20394
1694832348, 0, 8, 139, 0, 0, 8295.31, 2, 0, 0, 0.20, 574, 134, 7966.41, 21236, 20394
1694832353, 0, 8, 139, 0, 0, 8295.31, 2, 0, 0, 0.19, 575, 134, 7966.41, 21236, 20394
1694832359, 0, 8, 139, 0, 0, 8295.31, 2, 0, 0, 0.17, 576, 134, 7966.41, 21236, 20394
1694832364, 0, 8, 139, 0, 0, 8295.31, 2, 0, 0, 0.22, 577, 134, 7966.41, 21236, 20394
1694832368, 0, 8, 139, 0, 0, 8295.31, 2, 0, 0, 0.23, 578, 134, 7966.41, 21236, 20394
1694832373, 0, 8, 139, 0, 0, 8295.31, 2, 0, 0, 0.21, 579, 134, 7966.41, 21236, 20394
1694832377, 0, 8, 139, 0, 0, 8295.31, 2, 0, 0, 0.24, 580, 134, 7966.41, 21236, 20394
1694832382, 0, 8, 139, 0, 0, 8295.31, 2, 0, 0, 0.21, 581, 134, 7966.41, 21236, 20394
1694832386, 0, 8, 140, 0, 0, 8295.31, 2, 0, 0, 0.23, 582, 134, 7966.41, 21236, 20394
1694832391, 0, 8, 140, 0, 0, 8295.31, 2, 0, 0, 0.21, 583, 134, 7966.41, 21236, 20394
1694832395, 0, 8, 140, 0, 0, 8295.31, 2, 0, 0, 0.23, 584, 134, 7966.41, 21236, 20394
1694832400, 0, 8, 140, 0, 0, 8295.31, 2, 0, 0, 0.23, 585, 134, 7966.41, 21236, 20394
1694832404, 0, 8, 140, 0, 0, 8295.31, 2, 0, 0, 0.23, 586, 134, 7966.41, 21236, 20394
1694832409, 0, 8, 140, 0, 0, 8295.31, 2, 0, 0, 0.21, 587, 134, 7966.41, 21236, 20394
1694832413, 0, 8, 140, 0, 0, 8295.31, 2, 0, 0, 0.23, 588, 134, 7966.41, 21236, 20394
1694832418, 0, 8, 140, 0, 0, 8295.31, 2, 0, 0, 0.21, 589, 134, 7966.41, 21236, 20394
1694832423, 0, 8, 140, 0, 0, 8295.31, 2, 0, 0, 0.21, 590, 134, 7966.41, 21236, 20394
1694832427, 0, 8, 140, 0, 0, 8295.31, 2, 0, 0, 0.21, 591, 134, 7966.41, 21236, 20394
1694832432, 0, 8, 140, 0, 0, 8295.31, 2, 0, 0, 0.24, 592, 134, 7966.41, 21236, 20394
1694832437, 0, 8, 140, 0, 0, 8295.31, 2, 0, 0, 0.21, 593, 134, 7966.41, 21236, 20394
1694832441, 0, 8, 140, 0, 0, 8295.31, 2, 0, 0, 0.22, 594, 134, 7966.41, 21236, 20394
1694832446, 0, 8, 140, 0, 0, 8295.31, 2, 0, 0, 0.20, 595, 134, 7966.41, 21236, 20394
1694832451, 0, 8, 140, 0, 0, 8295.31, 2, 0, 0, 0.21, 596, 134, 7966.41, 21236, 20394
1694832456, 0, 8, 140, 0, 0, 8295.31, 2, 0, 0, 0.20, 597, 134, 7966.41, 21236, 20394
1694832461, 0, 8, 140, 0, 0, 8295.31, 2, 0, 0, 0.22, 598, 134, 7966.41, 21236, 20394
1694832466, 0, 8, 140, 0, 0, 8295.31, 2, 0, 0, 0.17, 599, 134, 7966.41, 21236, 20394
1694832470, 0, 8, 140, 0, 0, 8295.31, 2, 0, 0, 0.26, 600, 134, 7966.41, 21236, 20394
1694832475, 0, 8, 140, 0, 0, 8295.31, 2, 0, 0, 0.22, 601, 134, 7966.41, 21236, 20394
1694832479, 0, 8, 140, 0, 0, 8295.31, 2, 0, 0, 0.22, 602, 134, 7966.41, 21236, 20394
1694832485, 0, 8, 140, 0, 0, 8295.31, 2, 0, 0, 0.18, 603, 134, 7966.41, 21236, 20394
1694832489, 0, 8, 140, 0, 0, 8295.31, 2, 0, 0, 0.23, 604, 134, 7966.41, 21236, 20394
1694832494, 0, 8, 140, 0, 0, 8295.31, 2, 0, 0, 0.20, 605, 134, 7966.41, 21236, 20394
1694832499, 0, 8, 140, 0, 0, 8295.31, 2, 0, 0, 0.22, 606, 134, 7966.41, 21236, 20394
1694832504, 0, 8, 140, 0, 0, 8295.31, 2, 0, 0, 0.21, 607, 134, 7966.41, 21236, 20394
1694832508, 0, 8, 140, 0, 0, 8295.31, 2, 0, 0, 0.21, 608, 134, 7966.41, 21236, 20394
1694832513, 0, 8, 140, 0, 0, 8295.31, 2, 0, 0, 0.21, 609, 134, 7966.41, 21236, 20394
1694832518, 0, 8, 140, 0, 0, 8295.31, 2, 0, 0, 0.21, 610, 134, 7966.41, 21236, 20394
1694832523, 0, 8, 140, 0, 0, 8295.31, 2, 0, 0, 0.18, 611, 134, 7966.41, 21236, 20394
1694832527, 0, 8, 140, 0, 0, 8295.31, 2, 0, 0, 0.26, 612, 134, 7966.41, 21236, 20394
1694832532, 0, 8, 140, 0, 0, 8295.31, 2, 0, 0, 0.20, 613, 134, 7966.41, 21236, 20394
1694832536, 0, 8, 140, 0, 0, 8295.31, 2, 0, 0, 0.22, 614, 134, 7966.41, 21236, 20394
1694832542, 0, 8, 140, 0, 0, 8295.31, 2, 0, 0, 0.18, 615, 134, 7966.41, 21236, 20394
1694832547, 0, 8, 140, 0, 0, 8295.31, 2, 0, 0, 0.23, 616, 134, 7966.41, 21236, 20394
1694832552, 0, 8, 141, 0, 0, 8295.31, 2, 0, 0, 0.20, 617, 134, 7966.41, 21236, 20394
1694832555, 0, 8, 141, 0, 0, 8295.31, 2, 0, 0, 0.27, 618, 134, 7966.41, 21236, 20394
1694832559, 0, 8, 142, 0, 0, 8295.31, 2, 0, 0, 0.24, 619, 134, 7966.41, 21236, 20394
1694832564, 0, 8, 142, 0, 0, 8295.31, 2, 0, 0, 0.22, 620, 134, 7966.41, 21236, 20394
1694832569, 0, 8, 142, 0, 0, 8295.31, 2, 0, 0, 0.21, 621, 134, 7966.41, 21236, 20394
1694832573, 0, 8, 142, 0, 0, 8295.31, 2, 0, 0, 0.23, 622, 134, 7966.41, 21236, 20394
1694832578, 0, 8, 142, 0, 0, 8295.31, 2, 0, 0, 0.19, 623, 134, 7966.41, 21236, 20394
1694832583, 0, 8, 142, 0, 0, 8295.31, 2, 0, 0, 0.23, 624, 134, 7966.41, 21236, 20394
1694832587, 0, 8, 142, 0, 0, 8295.31, 2, 0, 0, 0.21, 625, 134, 7966.41, 21236, 20394
1694832592, 0, 8, 142, 0, 0, 8295.31, 2, 0, 0, 0.21, 626, 134, 7966.41, 21236, 20394
1694832597, 0, 8, 142, 0, 0, 8295.31, 2, 0, 0, 0.20, 627, 134, 7966.41, 21236, 20394
1694832602, 0, 8, 142, 0, 0, 8295.31, 2, 0, 0, 0.20, 628, 134, 7966.41, 21236, 20394
1694832608, 0, 8, 142, 0, 0, 8295.31, 2, 0, 0, 0.18, 629, 134, 7966.41, 21236, 20394
1694832612, 0, 8, 143, 0, 0, 8295.31, 2, 0, 0, 0.21, 630, 134, 7966.41, 21236, 20394
1694832617, 0, 8, 143, 0, 0, 8295.31, 2, 0, 0, 0.22, 631, 134, 7966.41, 21236, 20394
1694832622, 0, 8, 143, 0, 0, 8295.31, 2, 0, 0, 0.21, 632, 134, 7966.41, 21236, 20394
1694832627, 0, 8, 143, 0, 0, 8295.31, 2, 0, 0, 0.19, 633, 134, 7966.41, 21236, 20394
1694832631, 0, 8, 143, 0, 0, 8295.31, 2, 0, 0, 0.22, 634, 134, 7966.41, 21236, 20394
1694832635, 0, 8, 143, 0, 0, 8295.31, 2, 0, 0, 0.28, 635, 134, 7966.41, 21236, 20394
1694832640, 0, 8, 143, 0, 0, 8295.31, 2, 0, 0, 0.20, 636, 134, 7966.41, 21236, 20394
1694832644, 0, 8, 143, 0, 0, 8295.31, 2, 0, 0, 0.24, 637, 134, 7966.41, 21236, 20394
1694832649, 0, 8, 143, 0, 0, 8295.31, 2, 0, 0, 0.20, 638, 134, 7966.41, 21236, 20394
1694832654, 0, 8, 143, 0, 0, 8295.31, 2, 0, 0, 0.23, 639, 134, 7966.41, 21236, 20394
1694832658, 0, 8, 143, 0, 0, 8295.31, 2, 0, 0, 0.21, 640, 134, 7966.41, 21236, 20394
1694832663, 0, 8, 143, 0, 0, 8295.31, 2, 0, 0, 0.22, 641, 134, 7966.41, 21236, 20394
1694832668, 0, 8, 143, 0, 0, 8295.31, 2, 0, 0, 0.19, 642, 134, 7966.41, 21236, 20394
1694832673, 0, 8, 143, 0, 0, 8295.31, 2, 0, 0, 0.22, 643, 134, 7966.41, 21236, 20394
1694832678, 0, 8, 143, 0, 0, 8295.31, 2, 0, 0, 0.18, 644, 134, 7966.41, 21236, 20394
1694832683, 0, 8, 143, 0, 0, 8295.31, 2, 0, 0, 0.21, 645, 134, 7966.41, 21236, 20394
1694832688, 0, 8, 143, 0, 0, 8295.31, 2, 0, 0, 0.21, 646, 134, 7966.41, 21236, 20394
1694832692, 0, 8, 144, 0, 0, 8295.31, 2, 0, 0, 0.22, 647, 134, 7966.41, 21236, 20394
1694832697, 0, 8, 144, 0, 0, 8295.31, 2, 0, 0, 0.21, 648, 134, 7966.41, 21236, 20394
1694832702, 0, 8, 145, 0, 0, 8295.31, 2, 0, 0, 0.22, 649, 134, 7966.41, 21236, 20394
1694832706, 0, 8, 146, 0, 0, 8295.31, 2, 0, 0, 0.22, 650, 134, 7966.41, 21236, 20394
1694832710, 0, 8, 146, 0, 0, 8295.31, 2, 0, 0, 0.23, 651, 134, 7966.41, 21236, 20394
1694832716, 0, 8, 146, 0, 0, 8295.31, 2, 0, 0, 0.18, 652, 134, 7966.41, 21236, 20394
1694832721, 0, 8, 146, 0, 0, 8295.31, 2, 0, 0, 0.19, 653, 134, 7966.41, 21236, 20394
1694832726, 0, 8, 146, 0, 0, 8295.31, 2, 0, 0, 0.20, 654, 134, 7966.41, 21236, 20394
1694832730, 0, 8, 146, 0, 0, 8295.31, 2, 0, 0, 0.30, 655, 134, 7966.41, 21236, 20394
1694832734, 0, 8, 147, 0, 0, 8295.31, 2, 0, 0, 0.24, 656, 134, 7966.41, 21236, 20394
1694832739, 0, 8, 148, 0, 0, 8296.09, 2, 0, 0, 0.20, 657, 134, 7967.19, 21238, 20396
1694832744, 0, 8, 149, 0, 0, 8296.09, 2, 0, 0, 0.19, 658, 134, 7967.19, 21238, 20396
1694832749, 0, 8, 149, 0, 0, 8296.09, 2, 0, 0, 0.20, 659, 134, 7967.19, 21238, 20396
1694832754, 0, 8, 150, 0, 0, 8296.09, 2, 0, 0, 0.21, 660, 134, 7967.19, 21238, 20396
1694832760, 0, 8, 151, 0, 0, 8296.09, 2, 0, 0, 0.16, 661, 134, 7967.19, 21238, 20396
1694832765, 0, 8, 152, 0, 0, 8296.09, 2, 0, 0, 0.19, 662, 134, 7967.19, 21238, 20396
1694832770, 0, 8, 152, 0, 0, 8296.09, 2, 0, 0, 0.21, 663, 134, 7967.19, 21238, 20396
1694832775, 0, 8, 152, 0, 0, 8296.09, 2, 0, 0, 0.23, 664, 134, 7967.19, 21238, 20396
1694832779, 0, 8, 152, 0, 0, 8296.09, 2, 0, 0, 0.22, 665, 134, 7967.19, 21238, 20396
1694832783, 0, 8, 152, 0, 0, 8296.09, 2, 0, 0, 0.24, 666, 134, 7967.19, 21238, 20396
1694832787, 0, 8, 152, 0, 0, 8296.09, 2, 0, 0, 0.32, 667, 134, 7967.19, 21238, 20396
1694832792, 0, 8, 152, 0, 0, 8296.09, 2, 0, 0, 0.19, 668, 134, 7967.19, 21238, 20396
1694832796, 0, 8, 152, 0, 0, 8296.09, 2, 0, 0, 0.21, 669, 134, 7967.19, 21238, 20396
1694832801, 0, 8, 153, 0, 0, 8296.09, 2, 0, 0, 0.20, 670, 134, 7967.19, 21238, 20396
1694832806, 0, 8, 153, 0, 0, 8296.09, 2, 0, 0, 0.20, 671, 134, 7967.19, 21238, 20396
1694832811, 0, 8, 153, 0, 0, 8296.09, 2, 0, 0, 0.21, 672, 134, 7967.19, 21238, 20396
1694832815, 0, 8, 153, 0, 0, 8296.09, 2, 0, 0, 0.27, 673, 134, 7967.19, 21238, 20396
1694832818, 0, 8, 153, 0, 0, 8296.09, 2, 0, 0, 0.30, 674, 134, 7967.19, 21238, 20396
1694832824, 0, 8, 153, 0, 0, 8296.09, 2, 0, 0, 0.16, 675, 134, 7967.19, 21238, 20396
1694832828, 0, 8, 153, 0, 0, 8296.09, 2, 0, 0, 0.28, 676, 134, 7967.19, 21238, 20396
1694832833, 0, 8, 153, 0, 0, 8296.09, 2, 0, 0, 0.20, 677, 134, 7967.19, 21238, 20396
1694832838, 0, 8, 153, 0, 0, 8296.09, 2, 0, 0, 0.20, 678, 134, 7967.19, 21238, 20396
1694832843, 0, 8, 153, 0, 0, 8296.09, 2, 0, 0, 0.18, 679, 134, 7967.19, 21238, 20396
1694832849, 0, 8, 153, 0, 0, 8296.09, 2, 0, 0, 0.18, 680, 134, 7967.19, 21238, 20396
1694832855, 0, 8, 153, 0, 0, 8296.09, 2, 0, 0, 0.16, 681, 134, 7967.19, 21238, 20396
1694832859, 0, 8, 153, 0, 0, 8296.09, 2, 0, 0, 0.26, 682, 134, 7967.19, 21238, 20396
1694832864, 0, 8, 153, 0, 0, 8296.09, 2, 0, 0, 0.20, 683, 134, 7967.19, 21238, 20396
1694832869, 0, 8, 154, 0, 0, 8296.09, 2, 0, 0, 0.21, 684, 134, 7967.19, 21238, 20396
1694832874, 0, 8, 154, 0, 0, 8296.09, 2, 0, 0, 0.21, 685, 134, 7967.19, 21238, 20396
1694832878, 0, 8, 154, 0, 0, 8296.09, 2, 0, 0, 0.23, 686, 134, 7967.19, 21238, 20396
1694832883, 0, 8, 154, 0, 0, 8296.09, 2, 0, 0, 0.20, 687, 134, 7967.19, 21238, 20396
1694832888, 0, 8, 154, 0, 0, 8296.09, 2, 0, 0, 0.19, 688, 134, 7967.19, 21238, 20396
1694832893, 0, 8, 154, 0, 0, 8296.09, 2, 0, 0, 0.22, 689, 134, 7967.19, 21238, 20396
1694832898, 0, 8, 154, 0, 0, 8296.09, 2, 0, 0, 0.20, 690, 134, 7967.19, 21238, 20396
1694832900, 0, 8, 154, 0, 0, 8296.09, 2, 0, 0, 0.36, 691, 134, 7967.19, 21238, 20396
1694832908, 0, 8, 154, 0, 0, 8296.09, 2, 0, 0, 0.14, 692, 134, 7967.19, 21238, 20396
1694832913, 0, 8, 154, 0, 0, 8296.09, 2, 0, 0, 0.19, 693, 134, 7967.19, 21238, 20396
1694832918, 0, 8, 154, 0, 0, 8296.09, 2, 0, 0, 0.18, 694, 134, 7967.19, 21238, 20396
1694832923, 0, 8, 154, 0, 0, 8296.09, 2, 0, 0, 0.22, 695, 134, 7967.19, 21238, 20396
1694832928, 0, 8, 154, 0, 0, 8296.09, 2, 0, 0, 0.19, 696, 134, 7967.19, 21238, 20396
1694832932, 0, 8, 154, 0, 0, 8296.09, 2, 0, 0, 0.24, 697, 134, 7967.19, 21238, 20396
1694832937, 0, 8, 154, 0, 0, 8296.09, 2, 0, 0, 0.20, 698, 134, 7967.19, 21238, 20396
1694832943, 0, 8, 154, 0, 0, 8296.09, 2, 0, 0, 0.19, 699, 134, 7967.19, 21238, 20396
1694832948, 0, 8, 154, 0, 0, 8296.09, 2, 0, 0, 0.20, 700, 134, 7967.19, 21238, 20396
1694832952, 0, 8, 154, 0, 0, 8296.09, 2, 0, 0, 0.21, 701, 134, 7967.19, 21238, 20396
1694832958, 0, 8, 154, 0, 0, 8296.09, 2, 0, 0, 0.18, 702, 134, 7967.19, 21238, 20396
1694832963, 0, 8, 155, 0, 0, 8296.09, 2, 0, 0, 0.18, 703, 134, 7967.19, 21238, 20396
1694832967, 0, 8, 155, 0, 0, 8296.09, 2, 0, 0, 0.25, 704, 134, 7967.19, 21238, 20396
1694832974, 0, 8, 155, 0, 0, 8296.09, 2, 0, 0, 0.14, 705, 134, 7967.19, 21238, 20396
1694832979, 0, 8, 156, 0, 0, 8296.09, 2, 0, 0, 0.20, 706, 134, 7967.19, 21238, 20396
1694832985, 0, 8, 156, 0, 0, 8296.09, 2, 0, 0, 0.18, 707, 134, 7967.19, 21238, 20396
1694832989, 0, 8, 156, 0, 0, 8296.09, 2, 0, 0, 0.23, 708, 134, 7967.19, 21238, 20396
1694832994, 0, 8, 156, 0, 0, 8296.09, 2, 0, 0, 0.22, 709, 134, 7967.19, 21238, 20396
1694832999, 0, 8, 156, 0, 0, 8296.09, 2, 0, 0, 0.20, 710, 134, 7967.19, 21238, 20396
1694833003, 0, 8, 156, 0, 0, 8296.09, 2, 0, 0, 0.23, 711, 134, 7967.19, 21238, 20396
1694833008, 0, 8, 156, 0, 0, 8296.09, 2, 0, 0, 0.20, 712, 134, 7967.19, 21238, 20396
1694833013, 0, 8, 156, 0, 0, 8296.09, 2, 0, 0, 0.21, 713, 134, 7967.19, 21238, 20396
1694833018, 0, 8, 156, 0, 0, 8296.09, 2, 0, 0, 0.19, 714, 134, 7967.19, 21238, 20396
1694833024, 0, 8, 156, 0, 0, 8296.09, 2, 0, 0, 0.19, 715, 134, 7967.19, 21238, 20396
1694833029, 0, 8, 156, 0, 0, 8296.09, 2, 0, 0, 0.19, 716, 134, 7967.19, 21238, 20396
1694833033, 0, 8, 156, 0, 0, 8296.09, 2, 0, 0, 0.23, 717, 134, 7967.19, 21238, 20396
1694833038, 0, 8, 156, 0, 0, 8296.09, 2, 0, 0, 0.19, 718, 134, 7967.19, 21238, 20396
1694833041, 0, 8, 156, 0, 0, 8296.09, 2, 0, 0, 0.34, 719, 134, 7967.19, 21238, 20396
1694833045, 0, 8, 156, 0, 0, 8296.09, 2, 0, 0, 0.26, 720, 134, 7967.19, 21238, 20396
1694833050, 0, 8, 156, 0, 0, 8296.09, 2, 0, 0, 0.22, 721, 134, 7967.19, 21238, 20396
1694833055, 0, 8, 156, 0, 0, 8296.09, 2, 0, 0, 0.20, 722, 134, 7967.19, 21238, 20396
1694833059, 0, 8, 156, 0, 0, 8296.09, 2, 0, 0, 0.25, 723, 134, 7967.19, 21238, 20396
1694833064, 0, 8, 156, 0, 0, 8296.09, 2, 0, 0, 0.19, 724, 134, 7967.19, 21238, 20396
1694833070, 0, 8, 156, 0, 0, 8296.09, 2, 0, 0, 0.16, 725, 134, 7967.19, 21238, 20396
1694833075, 0, 8, 156, 0, 0, 8296.09, 2, 0, 0, 0.19, 726, 134, 7967.19, 21238, 20396
1694833080, 0, 8, 156, 0, 0, 8296.09, 2, 0, 0, 0.20, 727, 134, 7967.19, 21238, 20396
1694833086, 0, 8, 156, 0, 0, 8296.09, 2, 0, 0, 0.19, 728, 134, 7967.19, 21238, 20396
1694833090, 0, 8, 156, 0, 0, 8296.09, 2, 0, 0, 0.21, 729, 134, 7967.19, 21238, 20396
1694833095, 0, 8, 157, 0, 0, 8296.09, 2, 0, 0, 0.20, 730, 134, 7967.19, 21238, 20396
1694833100, 0, 8, 158, 0, 0, 8296.09, 2, 0, 0, 0.21, 731, 134, 7967.19, 21238, 20396
1694833105, 0, 8, 159, 0, 0, 8296.09, 2, 0, 0, 0.21, 732, 134, 7967.19, 21238, 20396
1694833111, 0, 8, 160, 0, 0, 8296.09, 2, 0, 0, 0.17, 733, 134, 7967.19, 21238, 20396
1694833116, 0, 8, 160, 0, 0, 8296.09, 2, 0, 0, 0.20, 734, 134, 7967.19, 21238, 20396
1694833121, 0, 8, 160, 0, 0, 8296.09, 2, 0, 0, 0.21, 735, 134, 7967.19, 21238, 20396
1694833126, 0, 8, 160, 0, 0, 8296.09, 2, 0, 0, 0.21, 736, 134, 7967.19, 21238, 20396
1694833130, 0, 8, 160, 0, 0, 8296.09, 2, 0, 0, 0.21, 737, 134, 7967.19, 21238, 20396
1694833135, 0, 8, 160, 0, 0, 8296.09, 2, 0, 0, 0.21, 738, 134, 7967.19, 21238, 20396
1694833140, 0, 8, 160, 0, 0, 8296.09, 2, 0, 0, 0.22, 739, 134, 7967.19, 21238, 20396
1694833145, 0, 8, 160, 0, 0, 8296.09, 2, 0, 0, 0.20, 740, 134, 7967.19, 21238, 20396
1694833150, 0, 8, 160, 0, 0, 8296.09, 2, 0, 0, 0.20, 741, 134, 7967.19, 21238, 20396
1694833154, 0, 8, 160, 0, 0, 8296.09, 2, 0, 0, 0.21, 742, 134, 7967.19, 21238, 20396
1694833160, 0, 8, 160, 0, 0, 8296.09, 2, 0, 0, 0.19, 743, 134, 7967.19, 21238, 20396
1694833165, 0, 8, 160, 0, 0, 8296.09, 2, 0, 0, 0.19, 744, 134, 7967.19, 21238, 20396
1694833170, 0, 8, 160, 0, 0, 8296.09, 2, 0, 0, 0.21, 745, 134, 7967.19, 21238, 20396
1694833174, 0, 8, 160, 0, 0, 8296.09, 2, 0, 0, 0.21, 746, 134, 7967.19, 21238, 20396
1694833179, 0, 8, 160, 0, 0, 8296.09, 2, 0, 0, 0.20, 747, 134, 7967.19, 21238, 20396
1694833184, 0, 8, 160, 0, 0, 8296.09, 2, 0, 0, 0.20, 748, 134, 7967.19, 21238, 20396
1694833189, 0, 8, 160, 0, 0, 8296.09, 2, 0, 0, 0.22, 749, 134, 7967.19, 21238, 20396
1694833193, 0, 8, 160, 0, 0, 8296.09, 2, 0, 0, 0.22, 750, 134, 7967.19, 21238, 20396
1694833197, 0, 8, 160, 0, 0, 8296.09, 2, 0, 0, 0.29, 751, 134, 7967.19, 21238, 20396
1694833202, 0, 8, 160, 0, 0, 8296.09, 2, 0, 0, 0.20, 752, 134, 7967.19, 21238, 20396
1694833207, 0, 8, 160, 0, 0, 8296.09, 2, 0, 0, 0.17, 753, 134, 7967.19, 21238, 20396
1694833213, 0, 8, 160, 0, 0, 8296.09, 2, 0, 0, 0.19, 754, 134, 7967.19, 21238, 20396
1694833218, 0, 8, 160, 0, 0, 8296.09, 2, 0, 0, 0.18, 755, 134, 7967.19, 21238, 20396
1694833224, 0, 8, 160, 0, 0, 8296.09, 2, 0, 0, 0.18, 756, 134, 7967.19, 21238, 20396
1694833228, 0, 8, 160, 0, 0, 8296.09, 2, 0, 0, 0.22, 757, 134, 7967.19, 21238, 20396
1694833234, 0, 8, 160, 0, 0, 8296.09, 2, 0, 0, 0.19, 758, 134, 7967.19, 21238, 20396
1694833239, 0, 8, 160, 0, 0, 8296.09, 2, 0, 0, 0.19, 759, 134, 7967.19, 21238, 20396
1694833244, 0, 8, 160, 0, 0, 8296.09, 2, 0, 0, 0.22, 760, 134, 7967.19, 21238, 20396
1694833248, 0, 8, 160, 0, 0, 8296.09, 2, 0, 0, 0.21, 761, 134, 7967.19, 21238, 20396
1694833253, 0, 8, 160, 0, 0, 8296.09, 2, 0, 0, 0.21, 762, 134, 7967.19, 21238, 20396
1694833259, 0, 8, 160, 0, 0, 8296.09, 2, 0, 0, 0.17, 763, 134, 7967.19, 21238, 20396
1694833264, 0, 8, 160, 0, 0, 8296.09, 2, 0, 0, 0.19, 764, 134, 7967.19, 21238, 20396
1694833269, 0, 8, 160, 0, 0, 8296.09, 2, 0, 0, 0.20, 765, 134, 7967.19, 21238, 20396
1694833274, 0, 8, 160, 0, 0, 8296.09, 2, 0, 0, 0.21, 766, 134, 7967.19, 21238, 20396
1694833279, 0, 8, 160, 0, 0, 8296.09, 2, 0, 0, 0.22, 767, 134, 7967.19, 21238, 20396
1694833283, 0, 8, 160, 0, 0, 8296.09, 2, 0, 0, 0.21, 768, 134, 7967.19, 21238, 20396
1694833288, 0, 8, 160, 0, 0, 8296.09, 2, 0, 0, 0.20, 769, 134, 7967.19, 21238, 20396
1694833293, 0, 8, 160, 0, 0, 8296.09, 2, 0, 0, 0.20, 770, 134, 7967.19, 21238, 20396
1694833299, 0, 8, 160, 0, 0, 8296.09, 2, 0, 0, 0.19, 771, 134, 7967.19, 21238, 20396
1694833303, 0, 8, 160, 0, 0, 8296.09, 2, 0, 0, 0.21, 772, 134, 7967.19, 21238, 20396
1694833309, 0, 8, 160, 0, 0, 8296.09, 2, 0, 0, 0.17, 773, 134, 7967.19, 21238, 20396
1694833315, 0, 8, 160, 0, 0, 8296.09, 2, 0, 0, 0.18, 774, 134, 7967.19, 21238, 20396
1694833318, 0, 8, 160, 0, 0, 8296.09, 2, 0, 0, 0.28, 775, 134, 7967.19, 21238, 20396
1694833324, 0, 8, 160, 0, 0, 8296.09, 2, 0, 0, 0.18, 776, 134, 7967.19, 21238, 20396
1694833329, 0, 8, 160, 0, 0, 8296.09, 2, 0, 0, 0.20, 777, 134, 7967.19, 21238, 20396
1694833334, 0, 8, 160, 0, 0, 8296.09, 2, 0, 0, 0.21, 778, 134, 7967.19, 21238, 20396
1694833339, 0, 8, 160, 0, 0, 8296.09, 2, 0, 0, 0.19, 779, 134, 7967.19, 21238, 20396
1694833344, 0, 8, 160, 0, 0, 8296.09, 2, 0, 0, 0.21, 780, 134, 7967.19, 21238, 20396
1694833348, 0, 8, 160, 0, 0, 8296.09, 2, 0, 0, 0.21, 781, 134, 7967.19, 21238, 20396
1694833354, 0, 8, 160, 0, 0, 8296.09, 2, 0, 0, 0.18, 782, 134, 7967.19, 21238, 20396
1694833360, 0, 8, 160, 0, 0, 8296.09, 2, 0, 0, 0.18, 783, 134, 7967.19, 21238, 20396
1694833364, 0, 8, 160, 0, 0, 8296.09, 2, 0, 0, 0.21, 784, 134, 7967.19, 21238, 20396
1694833369, 0, 8, 160, 0, 0, 8296.09, 2, 0, 0, 0.20, 785, 134, 7967.19, 21238, 20396
1694833373, 0, 8, 160, 0, 0, 8296.09, 2, 0, 0, 0.26, 786, 134, 7967.19, 21238, 20396
1694833378, 0, 8, 160, 0, 0, 8296.09, 2, 0, 0, 0.21, 787, 134, 7967.19, 21238, 20396
1694833383, 0, 8, 160, 0, 0, 8296.09, 2, 0, 0, 0.19, 788, 134, 7967.19, 21238, 20396
1694833388, 0, 8, 160, 0, 0, 8296.09, 2, 0, 0, 0.20, 789, 134, 7967.19, 21238, 20396
1694833393, 0, 8, 160, 0, 0, 8296.09, 2, 0, 0, 0.18, 790, 134, 7967.19, 21238, 20396
1694833398, 0, 8, 160, 0, 0, 8296.09, 2, 0, 0, 0.19, 791, 134, 7967.19, 21238, 20396
1694833404, 0, 8, 160, 0, 0, 8296.09, 2, 0, 0, 0.17, 792, 134, 7967.19, 21238, 20396
1694833409, 0, 8, 160, 0, 0, 8296.09, 2, 0, 0, 0.20, 793, 134, 7967.19, 21238, 20396
1694833414, 0, 8, 160, 0, 0, 8296.09, 2, 0, 0, 0.22, 794, 134, 7967.19, 21238, 20396
1694833419, 0, 8, 160, 0, 0, 8296.09, 2, 0, 0, 0.20, 795, 134, 7967.19, 21238, 20396
1694833423, 0, 8, 160, 0, 0, 8296.09, 2, 0, 0, 0.25, 796, 134, 7967.19, 21238, 20396
1694833428, 0, 8, 160, 0, 0, 8296.09, 2, 0, 0, 0.20, 797, 134, 7967.19, 21238, 20396
1694833433, 0, 8, 160, 0, 0, 8296.09, 2, 0, 0, 0.22, 798, 134, 7967.19, 21238, 20396
1694833438, 0, 8, 160, 0, 0, 8296.09, 2, 0, 0, 0.20, 799, 134, 7967.19, 21238, 20396
1694833443, 0, 8, 160, 0, 0, 8296.09, 2, 0, 0, 0.20, 800, 134, 7967.19, 21238, 20396
1694833447, 0, 8, 160, 0, 0, 8296.09, 2, 0, 0, 0.21, 801, 134, 7967.19, 21238, 20396
1694833452, 0, 8, 160, 0, 0, 8296.09, 2, 0, 0, 0.22, 802, 134, 7967.19, 21238, 20396
1694833457, 0, 8, 160, 0, 0, 8296.09, 2, 0, 0, 0.21, 803, 134, 7967.19, 21238, 20396
1694833462, 0, 8, 160, 0, 0, 8296.09, 2, 0, 0, 0.20, 804, 134, 7967.19, 21238, 20396
1694833466, 0, 8, 160, 0, 0, 8296.09, 2, 0, 0, 0.26, 805, 134, 7967.19, 21238, 20396
1694833471, 0, 8, 160, 0, 0, 8296.09, 2, 0, 0, 0.20, 806, 134, 7967.19, 21238, 20396
1694833476, 0, 8, 160, 0, 0, 8296.09, 2, 0, 0, 0.18, 807, 134, 7967.19, 21238, 20396
1694833482, 0, 8, 161, 0, 0, 8296.09, 2, 0, 0, 0.19, 808, 134, 7967.19, 21238, 20396
1694833487, 0, 8, 161, 0, 0, 8296.09, 2, 0, 0, 0.20, 809, 134, 7967.19, 21238, 20396
1694833492, 0, 8, 161, 0, 0, 8296.09, 2, 0, 0, 0.19, 810, 134, 7967.19, 21238, 20396
1694833497, 0, 8, 161, 0, 0, 8296.09, 2, 0, 0, 0.21, 811, 134, 7967.19, 21238, 20396
1694833502, 0, 8, 161, 0, 0, 8296.09, 2, 0, 0, 0.18, 812, 134, 7967.19, 21238, 20396
1694833508, 0, 8, 161, 0, 0, 8296.09, 2, 0, 0, 0.18, 813, 134, 7967.19, 21238, 20396
1694833513, 0, 8, 161, 0, 0, 8296.09, 2, 0, 0, 0.19, 814, 134, 7967.19, 21238, 20396
1694833520, 0, 8, 161, 0, 0, 8296.09, 2, 0, 0, 0.14, 815, 134, 7967.19, 21238, 20396
1694833525, 0, 8, 161, 0, 0, 8296.09, 2, 0, 0, 0.19, 816, 134, 7967.19, 21238, 20396
1694833530, 0, 8, 161, 0, 0, 8296.09, 2, 0, 0, 0.20, 817, 134, 7967.19, 21238, 20396
1694833535, 0, 8, 161, 0, 0, 8296.09, 2, 0, 0, 0.21, 818, 134, 7967.19, 21238, 20396
1694833538, 0, 8, 161, 0, 0, 8296.09, 2, 0, 0, 0.30, 819, 134, 7967.19, 21238, 20396
1694833543, 0, 8, 162, 0, 0, 8296.09, 2, 0, 0, 0.21, 820, 134, 7967.19, 21238, 20396
1694833548, 0, 8, 162, 0, 0, 8296.09, 2, 0, 0, 0.20, 821, 134, 7967.19, 21238, 20396
1694833553, 0, 8, 162, 0, 0, 8296.09, 2, 0, 0, 0.20, 822, 134, 7967.19, 21238, 20396
1694833558, 0, 8, 162, 0, 0, 8296.09, 2, 0, 0, 0.22, 823, 134, 7967.19, 21238, 20396
1694833563, 0, 8, 162, 0, 0, 8296.09, 2, 0, 0, 0.19, 824, 134, 7967.19, 21238, 20396
1694833567, 0, 8, 162, 0, 0, 8296.09, 2, 0, 0, 0.25, 825, 134, 7967.19, 21238, 20396
1694833572, 0, 8, 162, 0, 0, 8296.09, 2, 0, 0, 0.18, 826, 134, 7967.19, 21238, 20396
1694833578, 0, 8, 162, 0, 0, 8296.09, 2, 0, 0, 0.18, 827, 134, 7967.19, 21238, 20396
1694833583, 0, 8, 162, 0, 0, 8296.09, 2, 0, 0, 0.19, 828, 134, 7967.19, 21238, 20396
1694833587, 0, 8, 162, 0, 0, 8296.09, 2, 0, 0, 0.23, 829, 134, 7967.19, 21238, 20396
1694833592, 0, 8, 162, 0, 0, 8296.09, 2, 0, 0, 0.24, 830, 134, 7967.19, 21238, 20396
1694833597, 0, 8, 162, 0, 0, 8296.09, 2, 0, 0, 0.19, 831, 134, 7967.19, 21238, 20396
1694833602, 0, 8, 162, 0, 0, 8296.09, 2, 0, 0, 0.19, 832, 134, 7967.19, 21238, 20396
1694833608, 0, 8, 162, 0, 0, 8296.09, 2, 0, 0, 0.19, 833, 134, 7967.19, 21238, 20396
1694833613, 0, 8, 162, 0, 0, 8296.09, 2, 0, 0, 0.19, 834, 134, 7967.19, 21238, 20396
1694833617, 0, 8, 162, 0, 0, 8296.09, 2, 0, 0, 0.27, 835, 134, 7967.19, 21238, 20396
1694833620, 0, 8, 163, 0, 0, 8296.09, 2, 0, 0, 0.30, 836, 134, 7967.19, 21238, 20396
1694833626, 0, 8, 163, 0, 0, 8296.09, 2, 0, 0, 0.18, 837, 134, 7967.19, 21238, 20396
1694833630, 0, 8, 163, 0, 0, 8296.09, 2, 0, 0, 0.25, 838, 134, 7967.19, 21238, 20396
1694833635, 0, 8, 163, 0, 0, 8296.09, 2, 0, 0, 0.19, 839, 134, 7967.19, 21238, 20396
1694833640, 0, 8, 163, 0, 0, 8296.09, 2, 0, 0, 0.21, 840, 134, 7967.19, 21238, 20396
1694833645, 0, 8, 163, 0, 0, 8296.09, 2, 0, 0, 0.19, 841, 134, 7967.19, 21238, 20396
1694833650, 0, 8, 163, 0, 0, 8296.09, 2, 0, 0, 0.19, 842, 134, 7967.19, 21238, 20396
1694833655, 0, 8, 163, 0, 0, 8296.09, 2, 0, 0, 0.20, 843, 134, 7967.19, 21238, 20396
1694833661, 0, 8, 163, 0, 0, 8296.09, 2, 0, 0, 0.19, 844, 134, 7967.19, 21238, 20396
1694833663, 0, 8, 163, 0, 0, 8296.09, 2, 0, 0, 0.39, 845, 134, 7967.19, 21238, 20396
1694833668, 0, 8, 163, 0, 0, 8296.09, 2, 0, 0, 0.21, 846, 134, 7967.19, 21238, 20396
1694833673, 0, 8, 163, 0, 0, 8296.09, 2, 0, 0, 0.20, 847, 134, 7967.19, 21238, 20396
1694833678, 0, 8, 163, 0, 0, 8296.09, 2, 0, 0, 0.18, 848, 134, 7967.19, 21238, 20396
1694833683, 0, 8, 163, 0, 0, 8296.09, 2, 0, 0, 0.20, 849, 134, 7967.19, 21238, 20396
1694833689, 0, 8, 163, 0, 0, 8296.09, 2, 0, 0, 0.18, 850, 134, 7967.19, 21238, 20396
1694833694, 0, 8, 163, 0, 0, 8296.09, 2, 0, 0, 0.19, 851, 134, 7967.19, 21238, 20396
1694833699, 0, 8, 163, 0, 0, 8296.09, 2, 0, 0, 0.19, 852, 134, 7967.19, 21238, 20396
1694833704, 0, 8, 163, 0, 0, 8296.09, 2, 0, 0, 0.24, 853, 134, 7967.19, 21238, 20396
1694833709, 0, 8, 163, 0, 0, 8296.09, 2, 0, 0, 0.21, 854, 134, 7967.19, 21238, 20396
1694833714, 0, 8, 163, 0, 0, 8296.09, 2, 0, 0, 0.19, 855, 134, 7967.19, 21238, 20396
1694833718, 0, 8, 163, 0, 0, 8296.09, 2, 0, 0, 0.22, 856, 134, 7967.19, 21238, 20396
1694833724, 0, 8, 163, 0, 0, 8296.09, 2, 0, 0, 0.19, 857, 134, 7967.19, 21238, 20396
1694833728, 0, 8, 163, 0, 0, 8296.09, 2, 0, 0, 0.23, 858, 134, 7967.19, 21238, 20396
1694833734, 0, 8, 163, 0, 0, 8296.09, 2, 0, 0, 0.18, 859, 134, 7967.19, 21238, 20396
1694833739, 0, 8, 163, 0, 0, 8296.09, 2, 0, 0, 0.19, 860, 134, 7967.19, 21238, 20396
1694833744, 0, 8, 163, 0, 0, 8296.09, 2, 0, 0, 0.18, 861, 134, 7967.19, 21238, 20396
1694833750, 0, 8, 163, 0, 0, 8296.09, 2, 0, 0, 0.20, 862, 134, 7967.19, 21238, 20396
1694833753, 0, 8, 163, 0, 0, 8296.09, 2, 0, 0, 0.30, 863, 134, 7967.19, 21238, 20396
1694833758, 0, 8, 163, 0, 0, 8296.09, 2, 0, 0, 0.20, 864, 134, 7967.19, 21238, 20396
1694833763, 0, 8, 163, 0, 0, 8296.09, 2, 0, 0, 0.21, 865, 134, 7967.19, 21238, 20396
1694833766, 0, 8, 163, 0, 0, 8296.09, 2, 0, 0, 0.26, 866, 134, 7967.19, 21238, 20396
1694833771, 0, 8, 163, 0, 0, 8296.09, 2, 0, 0, 0.21, 867, 134, 7967.19, 21238, 20396
1694833776, 0, 8, 163, 0, 0, 8296.09, 2, 0, 0, 0.19, 868, 134, 7967.19, 21238, 20396
1694833782, 0, 8, 163, 0, 0, 8296.09, 2, 0, 0, 0.19, 869, 134, 7967.19, 21238, 20396
1694833786, 0, 8, 163, 0, 0, 8296.09, 2, 0, 0, 0.20, 870, 134, 7967.19, 21238, 20396
1694833792, 0, 8, 163, 0, 0, 8296.09, 2, 0, 0, 0.19, 871, 134, 7967.19, 21238, 20396
1694833796, 0, 8, 163, 0, 0, 8296.09, 2, 0, 0, 0.23, 872, 134, 7967.19, 21238, 20396
1694833801, 0, 8, 163, 0, 0, 8296.09, 2, 0, 0, 0.22, 873, 134, 7967.19, 21238, 20396
1694833806, 0, 8, 163, 0, 0, 8296.09, 2, 0, 0, 0.20, 874, 134, 7967.19, 21238, 20396
1694833811, 0, 8, 163, 0, 0, 8296.09, 2, 0, 0, 0.19, 875, 134, 7967.19, 21238, 20396
1694833816, 0, 8, 163, 0, 0, 8296.09, 2, 0, 0, 0.20, 876, 134, 7967.19, 21238, 20396
1694833821, 0, 8, 163, 0, 0, 8296.09, 2, 0, 0, 0.20, 877, 134, 7967.19, 21238, 20396
1694833825, 0, 8, 163, 0, 0, 8296.09, 2, 0, 0, 0.21, 878, 134, 7967.19, 21238, 20396
1694833829, 0, 8, 163, 0, 0, 8296.09, 2, 0, 0, 0.25, 879, 134, 7967.19, 21238, 20396
1694833835, 0, 8, 163, 0, 0, 8296.09, 2, 0, 0, 0.18, 880, 134, 7967.19, 21238, 20396
1694833840, 0, 8, 163, 0, 0, 8296.09, 2, 0, 0, 0.20, 881, 134, 7967.19, 21238, 20396
1694833845, 0, 8, 163, 0, 0, 8296.09, 2, 0, 0, 0.18, 882, 134, 7967.19, 21238, 20396
1694833850, 0, 8, 163, 0, 0, 8296.09, 2, 0, 0, 0.20, 883, 134, 7967.19, 21238, 20396
1694833853, 0, 8, 164, 0, 0, 8296.09, 2, 0, 0, 0.40, 884, 134, 7967.19, 21238, 20396
1694833858, 0, 8, 164, 0, 0, 8296.09, 2, 0, 0, 0.18, 885, 134, 7967.19, 21238, 20396
1694833863, 0, 8, 164, 0, 0, 8296.09, 2, 0, 0, 0.20, 886, 134, 7967.19, 21238, 20396
1694833869, 0, 8, 164, 0, 0, 8296.09, 2, 0, 0, 0.19, 887, 134, 7967.19, 21238, 20396
1694833873, 0, 8, 164, 0, 0, 8296.09, 2, 0, 0, 0.23, 888, 134, 7967.19, 21238, 20396
1694833878, 0, 8, 164, 0, 0, 8296.09, 2, 0, 0, 0.18, 889, 134, 7967.19, 21238, 20396
1694833884, 0, 8, 164, 0, 0, 8296.09, 2, 0, 0, 0.20, 890, 134, 7967.19, 21238, 20396
1694833889, 0, 8, 164, 0, 0, 8296.09, 2, 0, 0, 0.18, 891, 134, 7967.19, 21238, 20396
1694833895, 0, 8, 164, 0, 0, 8296.09, 2, 0, 0, 0.18, 892, 134, 7967.19, 21238, 20396
1694833900, 0, 8, 164, 0, 0, 8296.09, 2, 0, 0, 0.20, 893, 134, 7967.19, 21238, 20396
1694833905, 0, 8, 164, 0, 0, 8296.09, 2, 0, 0, 0.18, 894, 134, 7967.19, 21238, 20396
1694833910, 0, 8, 164, 0, 0, 8296.09, 2, 0, 0, 0.21, 895, 134, 7967.19, 21238, 20396
1694833915, 0, 8, 164, 0, 0, 8296.09, 2, 0, 0, 0.19, 896, 134, 7967.19, 21238, 20396
1694833921, 0, 8, 164, 0, 0, 8296.09, 2, 0, 0, 0.19, 897, 134, 7967.19, 21238, 20396
1694833926, 0, 8, 165, 0, 0, 8296.09, 2, 0, 0, 0.17, 898, 134, 7967.19, 21238, 20396
1694833932, 0, 8, 166, 0, 0, 8296.09, 2, 0, 0, 0.16, 899, 134, 7967.19, 21238, 20396
1694833938, 0, 8, 166, 0, 0, 8296.09, 2, 0, 0, 0.19, 900, 134, 7967.19, 21238, 20396
1694833944, 0, 8, 166, 0, 0, 8296.09, 2, 0, 0, 0.17, 901, 134, 7967.19, 21238, 20396
1694833949, 0, 8, 167, 0, 0, 8296.09, 2, 0, 0, 0.19, 902, 134, 7967.19, 21238, 20396
1694833954, 0, 8, 168, 0, 0, 8296.09, 2, 0, 0, 0.20, 903, 134, 7967.19, 21238, 20396
1694833958, 0, 8, 168, 0, 0, 8296.09, 2, 0, 0, 0.27, 904, 134, 7967.19, 21238, 20396
1694833963, 0, 8, 168, 0, 0, 8296.09, 2, 0, 0, 0.19, 905, 134, 7967.19, 21238, 20396
1694833968, 0, 8, 168, 0, 0, 8296.09, 2, 0, 0, 0.22, 906, 134, 7967.19, 21238, 20396
1694833975, 0, 8, 168, 0, 0, 8296.09, 2, 0, 0, 0.13, 907, 134, 7967.19, 21238, 20396
1694833982, 0, 8, 168, 0, 0, 8296.09, 2, 0, 0, 0.15, 908, 134, 7967.19, 21238, 20396
1694833987, 0, 8, 168, 0, 0, 8296.09, 2, 0, 0, 0.21, 909, 134, 7967.19, 21238, 20396
1694833991, 0, 8, 168, 0, 0, 8296.09, 2, 0, 0, 0.22, 910, 134, 7967.19, 21238, 20396
1694833996, 0, 8, 169, 0, 0, 8296.09, 2, 0, 0, 0.21, 911, 134, 7967.19, 21238, 20396
1694834001, 0, 8, 170, 0, 0, 8296.09, 2, 0, 0, 0.20, 912, 134, 7967.19, 21238, 20396
1694834006, 0, 8, 170, 0, 0, 8296.09, 2, 0, 0, 0.20, 913, 134, 7967.19, 21238, 20396
1694834012, 0, 8, 170, 0, 0, 8296.09, 2, 0, 0, 0.17, 914, 134, 7967.19, 21238, 20396
1694834018, 0, 8, 170, 0, 0, 8296.09, 2, 0, 0, 0.18, 915, 134, 7967.19, 21238, 20396
1694834023, 0, 8, 170, 0, 0, 8296.09, 2, 0, 0, 0.20, 916, 134, 7967.19, 21238, 20396
1694834028, 0, 8, 170, 0, 0, 8296.09, 2, 0, 0, 0.20, 917, 134, 7967.19, 21238, 20396
1694834032, 0, 8, 170, 0, 0, 8296.09, 2, 0, 0, 0.22, 918, 134, 7967.19, 21238, 20396
1694834038, 0, 8, 170, 0, 0, 8296.09, 2, 0, 0, 0.18, 919, 134, 7967.19, 21238, 20396
1694834043, 0, 8, 170, 0, 0, 8296.09, 2, 0, 0, 0.20, 920, 134, 7967.19, 21238, 20396
1694834048, 0, 8, 170, 0, 0, 8296.09, 2, 0, 0, 0.18, 921, 134, 7967.19, 21238, 20396
1694834052, 0, 8, 170, 0, 0, 8296.09, 2, 0, 0, 0.26, 922, 134, 7967.19, 21238, 20396
1694834057, 0, 8, 170, 0, 0, 8296.09, 2, 0, 0, 0.20, 923, 134, 7967.19, 21238, 20396
1694834065, 0, 8, 170, 0, 0, 8296.09, 2, 0, 0, 0.13, 924, 134, 7967.19, 21238, 20396
1694834071, 0, 8, 170, 0, 0, 8296.09, 2, 0, 0, 0.17, 925, 134, 7967.19, 21238, 20396
1694834076, 0, 8, 170, 0, 0, 8296.09, 2, 0, 0, 0.19, 926, 134, 7967.19, 21238, 20396
1694834082, 0, 8, 170, 0, 0, 8296.09, 2, 0, 0, 0.17, 927, 134, 7967.19, 21238, 20396
1694834090, 0, 8, 170, 0, 0, 8296.09, 2, 0, 0, 0.12, 928, 134, 7967.19, 21238, 20396
1694834096, 0, 8, 170, 0, 0, 8296.09, 2, 0, 0, 0.16, 929, 134, 7967.19, 21238, 20396
1694834102, 0, 8, 170, 0, 0, 8296.09, 2, 0, 0, 0.16, 930, 134, 7967.19, 21238, 20396
1694834109, 0, 8, 170, 0, 0, 8296.09, 2, 0, 0, 0.15, 931, 134, 7967.19, 21238, 20396
1694834115, 0, 8, 170, 0, 0, 8296.09, 2, 0, 0, 0.17, 932, 134, 7967.19, 21238, 20396
1694834122, 0, 8, 170, 0, 0, 8296.09, 2, 0, 0, 0.14, 933, 134, 7967.19, 21238, 20396
1694834128, 0, 8, 170, 0, 0, 8296.09, 2, 0, 0, 0.17, 934, 134, 7967.19, 21238, 20396
1694834134, 0, 8, 170, 0, 0, 8296.09, 2, 0, 0, 0.15, 935, 134, 7967.19, 21238, 20396
1694834141, 0, 8, 170, 0, 0, 8296.09, 2, 0, 0, 0.15, 936, 134, 7967.19, 21238, 20396
1694834149, 0, 8, 171, 0, 0, 8296.09, 2, 0, 0, 0.13, 937, 134, 7967.19, 21238, 20396
1694834154, 0, 8, 171, 0, 0, 8296.09, 2, 0, 0, 0.20, 938, 134, 7967.19, 21238, 20396
1694834160, 0, 8, 171, 0, 0, 8296.09, 2, 0, 0, 0.17, 939, 134, 7967.19, 21238, 20396
1694834165, 0, 8, 171, 0, 0, 8296.09, 2, 0, 0, 0.18, 940, 134, 7967.19, 21238, 20396
1694834171, 0, 8, 171, 0, 0, 8296.09, 2, 0, 0, 0.18, 941, 134, 7967.19, 21238, 20396
1694834176, 0, 8, 171, 0, 0, 8296.09, 2, 0, 0, 0.20, 942, 134, 7967.19, 21238, 20396
1694834180, 0, 8, 171, 0, 0, 8296.09, 2, 0, 0, 0.23, 943, 134, 7967.19, 21238, 20396
1694834186, 0, 8, 171, 0, 0, 8296.09, 2, 0, 0, 0.20, 944, 134, 7967.19, 21238, 20396
1694834223, 0, 8, 172, 0, 0, 8296.09, 2, 0, 0, 0.03, 945, 134, 7967.19, 21238, 20396
1694834228, 0, 8, 172, 0, 0, 8296.09, 2, 0, 0, 0.20, 946, 134, 7967.19, 21238, 20396
1694834267, 0, 8, 173, 0, 0, 8296.09, 2, 0, 0, 0.03, 947, 134, 7967.19, 21238, 20396
1694834272, 0, 8, 173, 0, 0, 8296.09, 2, 0, 0, 0.23, 948, 134, 7967.19, 21238, 20396
1694834276, 0, 8, 173, 0, 0, 8296.09, 2, 0, 0, 0.21, 949, 134, 7967.19, 21238, 20396
1694834281, 0, 8, 173, 0, 0, 8296.09, 2, 0, 0, 0.24, 950, 134, 7967.19, 21238, 20396
1694834290, 0, 8, 174, 0, 0, 8296.09, 2, 0, 0, 0.11, 951, 134, 7967.19, 21238, 20396
1694834295, 0, 8, 174, 0, 0, 8296.09, 2, 0, 0, 0.19, 952, 134, 7967.19, 21238, 20396
1694834300, 0, 8, 174, 0, 0, 8296.09, 2, 0, 0, 0.21, 953, 134, 7967.19, 21238, 20396
1694834304, 0, 8, 174, 0, 0, 8296.09, 2, 0, 0, 0.23, 954, 134, 7967.19, 21238, 20396
1694834307, 0, 8, 174, 0, 0, 8296.09, 2, 0, 0, 0.38, 955, 134, 7967.19, 21238, 20396
1694834311, 0, 8, 174, 0, 0, 8296.09, 2, 0, 0, 0.24, 956, 134, 7967.19, 21238, 20396
1694834314, 0, 8, 174, 0, 0, 8296.09, 2, 0, 0, 0.31, 957, 134, 7967.19, 21238, 20396
1694834319, 0, 8, 174, 0, 0, 8296.09, 2, 0, 0, 0.20, 958, 134, 7967.19, 21238, 20396
1694834323, 0, 8, 174, 0, 0, 8296.09, 2, 0, 0, 0.24, 959, 134, 7967.19, 21238, 20396
1694834328, 0, 8, 174, 0, 0, 8296.09, 2, 0, 0, 0.20, 960, 134, 7967.19, 21238, 20396
1694834337, 0, 8, 174, 0, 0, 8296.09, 2, 0, 0, 0.12, 961, 134, 7967.19, 21238, 20396
1694834342, 0, 8, 174, 0, 0, 8296.09, 2, 0, 0, 0.19, 962, 134, 7967.19, 21238, 20396
1694834348, 0, 8, 174, 0, 0, 8296.09, 2, 0, 0, 0.18, 963, 134, 7967.19, 21238, 20396
1694834353, 0, 8, 174, 0, 0, 8296.09, 2, 0, 0, 0.18, 964, 134, 7967.19, 21238, 20396
1694834359, 0, 8, 174, 0, 0, 8296.09, 2, 0, 0, 0.18, 965, 134, 7967.19, 21238, 20396
1694834363, 0, 8, 174, 0, 0, 8296.09, 2, 0, 0, 0.22, 966, 134, 7967.19, 21238, 20396
1694834369, 0, 8, 174, 0, 0, 8296.09, 2, 0, 0, 0.17, 967, 134, 7967.19, 21238, 20396
1694834374, 0, 8, 174, 0, 0, 8296.09, 2, 0, 0, 0.21, 968, 134, 7967.19, 21238, 20396
1694834380, 0, 8, 174, 0, 0, 8296.09, 2, 0, 0, 0.17, 969, 134, 7967.19, 21238, 20396
1694834385, 0, 8, 174, 0, 0, 8296.09, 2, 0, 0, 0.19, 970, 134, 7967.19, 21238, 20396
1694834393, 0, 8, 174, 0, 0, 8296.09, 2, 0, 0, 0.13, 971, 134, 7967.19, 21238, 20396
1694834398, 0, 8, 174, 0, 0, 8296.09, 2, 0, 0, 0.21, 972, 134, 7967.19, 21238, 20396
1694834403, 0, 8, 174, 0, 0, 8296.09, 2, 0, 0, 0.18, 973, 134, 7967.19, 21238, 20396
1694834409, 0, 8, 174, 0, 0, 8296.09, 2, 0, 0, 0.20, 974, 134, 7967.19, 21238, 20396
1694834414, 0, 8, 174, 0, 0, 8296.09, 2, 0, 0, 0.19, 975, 134, 7967.19, 21238, 20396
1694834419, 0, 8, 174, 0, 0, 8296.09, 2, 0, 0, 0.20, 976, 134, 7967.19, 21238, 20396
1694834423, 0, 8, 174, 0, 0, 8296.09, 2, 0, 0, 0.23, 977, 134, 7967.19, 21238, 20396
1694834429, 0, 8, 174, 0, 0, 8296.09, 2, 0, 0, 0.18, 978, 134, 7967.19, 21238, 20396
1694834434, 0, 8, 174, 0, 0, 8296.09, 2, 0, 0, 0.19, 979, 134, 7967.19, 21238, 20396
1694834439, 0, 8, 174, 0, 0, 8296.09, 2, 0, 0, 0.19, 980, 134, 7967.19, 21238, 20396
1694834444, 0, 8, 174, 0, 0, 8296.09, 2, 0, 0, 0.19, 981, 134, 7967.19, 21238, 20396
1694834450, 0, 8, 174, 0, 0, 8296.09, 2, 0, 0, 0.19, 982, 134, 7967.19, 21238, 20396
1694834455, 0, 8, 174, 0, 0, 8296.09, 2, 0, 0, 0.18, 983, 134, 7967.19, 21238, 20396
1694834462, 0, 8, 174, 0, 0, 8296.09, 2, 0, 0, 0.15, 984, 134, 7967.19, 21238, 20396
1694834469, 0, 8, 174, 0, 0, 8296.09, 2, 0, 0, 0.15, 985, 134, 7967.19, 21238, 20396
1694834475, 0, 8, 174, 0, 0, 8296.09, 2, 0, 0, 0.17, 986, 134, 7967.19, 21238, 20396
1694834480, 0, 8, 174, 0, 0, 8296.09, 2, 0, 0, 0.18, 987, 134, 7967.19, 21238, 20396
1694834486, 0, 8, 174, 0, 0, 8296.09, 2, 0, 0, 0.17, 988, 134, 7967.19, 21238, 20396
1694834491, 0, 8, 174, 0, 0, 8296.09, 2, 0, 0, 0.19, 989, 134, 7967.19, 21238, 20396
1694834498, 0, 8, 174, 0, 0, 8296.09, 2, 0, 0, 0.16, 990, 134, 7967.19, 21238, 20396
1694834502, 0, 8, 174, 0, 0, 8296.09, 2, 0, 0, 0.24, 991, 134, 7967.19, 21238, 20396
1694834507, 0, 8, 174, 0, 0, 8296.09, 2, 0, 0, 0.18, 992, 134, 7967.19, 21238, 20396
1694834514, 0, 8, 174, 0, 0, 8296.09, 2, 0, 0, 0.16, 993, 134, 7967.19, 21238, 20396
1694834519, 0, 8, 174, 0, 0, 8296.09, 2, 0, 0, 0.18, 994, 134, 7967.19, 21238, 20396
1694834525, 0, 8, 174, 0, 0, 8296.09, 2, 0, 0, 0.18, 995, 134, 7967.19, 21238, 20396
1694834530, 0, 8, 174, 0, 0, 8296.09, 2, 0, 0, 0.18, 996, 134, 7967.19, 21238, 20396
1694834536, 0, 8, 174, 0, 0, 8296.09, 2, 0, 0, 0.18, 997, 134, 7967.19, 21238, 20396
1694834542, 0, 8, 174, 0, 0, 8296.09, 2, 0, 0, 0.16, 998, 134, 7967.19, 21238, 20396
1694834548, 0, 8, 174, 0, 0, 8296.09, 2, 0, 0, 0.18, 999, 134, 7967.19, 21238, 20396
1694834554, 0, 8, 174, 0, 0, 8296.09, 2, 0, 0, 0.17, 1000, 134, 7967.19, 21238, 20396
1694834554, 0, 8, 174, 0, 0, 8296.09, 2, 0, 0, 0.00, 1000, 134, 7967.19, 21238, 20396
