# unix_time, cycles_done, cur_path, paths_total, pending_total, pending_favs, map_size, unique_crashes, unique_hangs, max_depth, execs_per_sec, valid_inputs, invalid_inputs, valid_cov, all_covered_probes, valid_covered_probes
1695436286, 0, 0, 1, 0, 0, 24610.16, 0, 0, 0, 0.04, 1, 0, 24610.16, 63002, 63002
1695436286, 0, 0, 4, 0, 0, 25155.47, 0, 0, 0, 9.93, 1, 3, 24610.16, 64398, 63002
1695436286, 0, 0, 9, 0, 0, 25539.06, 0, 0, 0, 18.99, 5, 5, 25099.22, 65380, 64254
1695436300, 0, 0, 10, 0, 0, 25546.88, 1, 0, 0, 0.44, 6, 10, 25099.22, 65400, 64254
1695436319, 0, 0, 14, 0, 0, 25937.89, 1, 0, 0, 0.41, 11, 13, 25505.08, 66401, 65293
1695436336, 0, 0, 16, 0, 0, 25958.20, 1, 0, 0, 0.18, 13, 14, 25522.27, 66453, 65337
1695436337, 0, 0, 17, 0, 0, 25960.94, 1, 0, 0, 37.62, 19, 20, 25525.00, 66460, 65344
1695436351, 0, 0, 18, 0, 0, 25976.17, 1, 0, 0, 0.76, 24, 26, 25540.23, 66499, 65383
1695436363, 0, 0, 19, 0, 0, 25989.84, 1, 0, 0, 0.93, 29, 32, 25553.91, 66534, 65418
1695436379, 0, 0, 19, 0, 0, 25989.84, 1, 0, 0, 0.38, 32, 35, 25553.91, 66534, 65418
1695436391, 0, 0, 20, 0, 0, 26003.91, 1, 0, 0, 0.25, 34, 36, 25567.97, 66570, 65454
1695436406, 0, 0, 21, 0, 0, 26007.03, 1, 0, 0, 0.54, 40, 38, 25571.09, 66578, 65462
1695436417, 0, 0, 23, 0, 0, 26011.72, 1, 0, 0, 1.07, 46, 44, 25572.66, 66590, 65466
1695436429, 0, 0, 25, 0, 0, 26083.20, 1, 0, 0, 0.73, 50, 49, 25639.06, 66773, 65636
1695436442, 0, 0, 26, 0, 0, 26085.16, 1, 0, 0, 0.41, 53, 51, 25641.02, 66778, 65641
1695436456, 0, 0, 27, 0, 0, 26453.52, 1, 0, 0, 0.56, 61, 51, 26009.38, 67721, 66584
1695436468, 0, 0, 29, 0, 0, 26462.11, 1, 0, 0, 1.08, 68, 57, 26017.97, 67743, 66606
1695436480, 0, 0, 30, 0, 0, 26463.28, 1, 0, 0, 2.62, 87, 70, 26019.14, 67746, 66609
1695436492, 0, 0, 30, 0, 0, 26463.28, 1, 0, 0, 1.08, 94, 76, 26019.14, 67746, 66609
1695436504, 0, 0, 32, 0, 0, 26471.48, 1, 0, 0, 1.40, 108, 79, 26027.34, 67767, 66630
1695436516, 0, 0, 33, 0, 0, 26476.95, 1, 0, 0, 0.34, 109, 82, 26032.81, 67781, 66644
1695436529, 0, 0, 34, 0, 0, 26477.73, 1, 0, 0, 1.61, 121, 91, 26033.59, 67783, 66646
1695436545, 0, 0, 35, 0, 0, 26483.98, 1, 0, 0, 0.64, 128, 94, 26039.84, 67799, 66662
1695436557, 0, 0, 35, 0, 0, 26483.98, 1, 0, 0, 0.08, 129, 94, 26039.84, 67799, 66662
1695436580, 0, 0, 36, 0, 0, 26489.84, 1, 0, 0, 0.04, 130, 94, 26045.70, 67814, 66677
1695436594, 0, 0, 36, 0, 0, 26489.84, 1, 0, 0, 0.50, 134, 97, 26045.70, 67814, 66677
1695436606, 0, 0, 37, 0, 0, 26512.89, 1, 0, 0, 0.17, 135, 98, 26068.75, 67873, 66736
1695436617, 0, 0, 37, 0, 0, 26512.89, 1, 0, 0, 0.96, 141, 103, 26068.75, 67873, 66736
1695436630, 0, 0, 38, 0, 0, 26513.67, 1, 0, 0, 0.15, 143, 103, 26069.53, 67875, 66738
1695436643, 0, 0, 38, 0, 0, 26513.67, 1, 0, 0, 0.69, 149, 106, 26069.53, 67875, 66738
1695436656, 0, 0, 38, 0, 0, 26513.67, 1, 0, 0, 1.39, 161, 111, 26069.53, 67875, 66738
1695436668, 0, 0, 38, 0, 0, 26513.67, 1, 0, 0, 1.01, 169, 115, 26069.53, 67875, 66738
1695436679, 0, 0, 38, 0, 0, 26513.67, 1, 0, 0, 0.53, 171, 119, 26069.53, 67875, 66738
1695436691, 0, 0, 38, 0, 0, 26513.67, 1, 0, 0, 0.32, 174, 120, 26069.53, 67875, 66738
1695436708, 0, 0, 38, 0, 0, 26513.67, 1, 0, 0, 0.62, 179, 125, 26069.53, 67875, 66738
1695436721, 0, 0, 39, 0, 0, 26514.06, 1, 0, 0, 0.31, 183, 125, 26069.92, 67876, 66739
1695436733, 0, 0, 39, 0, 0, 26514.06, 1, 0, 0, 0.16, 185, 125, 26069.92, 67876, 66739
1695436746, 0, 0, 40, 0, 0, 26514.45, 1, 0, 0, 0.55, 189, 128, 26070.31, 67877, 66740
1695436758, 0, 0, 40, 0, 0, 26514.45, 1, 0, 0, 0.41, 191, 131, 26070.31, 67877, 66740
1695436784, 0, 0, 40, 0, 0, 26514.45, 1, 0, 0, 0.49, 199, 136, 26070.31, 67877, 66740
1695436796, 0, 0, 41, 0, 0, 26514.84, 1, 0, 0, 0.17, 201, 136, 26070.70, 67878, 66741
1695436809, 0, 0, 41, 0, 0, 26514.84, 1, 0, 0, 0.15, 203, 136, 26070.70, 67878, 66741
1695436830, 0, 0, 41, 0, 0, 26514.84, 1, 0, 0, 0.38, 210, 137, 26070.70, 67878, 66741
1695436844, 0, 0, 41, 0, 0, 26514.84, 1, 0, 0, 0.49, 213, 141, 26070.70, 67878, 66741
1695436856, 0, 0, 41, 0, 0, 26514.84, 1, 0, 0, 0.08, 214, 141, 26070.70, 67878, 66741
1695436871, 0, 0, 41, 0, 0, 26514.84, 1, 0, 0, 0.28, 217, 142, 26070.70, 67878, 66741
1695436883, 0, 0, 41, 0, 0, 26514.84, 1, 0, 0, 0.08, 218, 142, 26070.70, 67878, 66741
1695436897, 0, 0, 42, 0, 0, 26515.23, 1, 0, 0, 0.67, 224, 145, 26071.09, 67879, 66742
1695436910, 0, 0, 42, 0, 0, 26515.23, 1, 0, 0, 0.81, 231, 149, 26071.09, 67879, 66742
1695436923, 0, 0, 42, 0, 0, 26515.23, 1, 0, 0, 1.80, 245, 157, 26071.09, 67879, 66742
1695436936, 0, 0, 42, 0, 0, 26515.23, 1, 0, 0, 0.44, 250, 158, 26071.09, 67879, 66742
1695436949, 0, 0, 42, 0, 0, 26515.23, 1, 0, 0, 0.40, 253, 160, 26071.09, 67879, 66742
1695436961, 0, 0, 42, 0, 0, 26515.23, 1, 0, 0, 0.16, 255, 160, 26071.09, 67879, 66742
1695436973, 0, 0, 42, 0, 0, 26515.23, 1, 0, 0, 0.33, 257, 162, 26071.09, 67879, 66742
1695436985, 0, 0, 42, 0, 0, 26515.23, 1, 0, 0, 0.60, 261, 165, 26071.09, 67879, 66742
1695436998, 0, 0, 42, 0, 0, 26515.23, 1, 0, 0, 1.27, 270, 173, 26071.09, 67879, 66742
1695436999, 0, 0, 42, 0, 0, 26515.23, 1, 0, 0, 75.91, 281, 185, 26071.09, 67879, 66742
1695437011, 0, 0, 42, 0, 0, 26515.23, 1, 0, 0, 1.07, 290, 189, 26071.09, 67879, 66742
1695437023, 0, 0, 42, 0, 0, 26515.23, 1, 0, 0, 0.84, 295, 194, 26071.09, 67879, 66742
1695437035, 0, 0, 42, 0, 0, 26515.23, 1, 0, 0, 0.66, 300, 197, 26071.09, 67879, 66742
1695437047, 0, 0, 42, 0, 0, 26515.23, 1, 0, 0, 0.08, 301, 197, 26071.09, 67879, 66742
1695437060, 0, 0, 42, 0, 0, 26515.23, 1, 0, 0, 0.61, 308, 198, 26071.09, 67879, 66742
1695437072, 0, 0, 42, 0, 0, 26515.23, 2, 0, 0, 0.25, 309, 200, 26071.09, 67879, 66742
1695437088, 0, 0, 42, 0, 0, 26515.23, 2, 0, 0, 0.06, 310, 200, 26071.09, 67879, 66742
1695437102, 0, 0, 42, 0, 0, 26515.23, 2, 0, 0, 0.14, 312, 200, 26071.09, 67879, 66742
1695437116, 0, 0, 42, 0, 0, 26515.23, 2, 0, 0, 0.15, 314, 200, 26071.09, 67879, 66742
1695437116, 0, 0, 42, 0, 0, 26515.23, 2, 0, 0, 48.39, 321, 208, 26071.09, 67879, 66742
1695437130, 0, 0, 42, 0, 0, 26515.23, 2, 0, 0, 0.36, 325, 209, 26071.09, 67879, 66742
1695437144, 0, 0, 42, 0, 0, 26515.23, 2, 0, 0, 1.11, 331, 218, 26071.09, 67879, 66742
1695437144, 0, 0, 42, 0, 0, 26515.23, 2, 0, 0, 46.20, 338, 225, 26071.09, 67879, 66742
1695437157, 0, 0, 42, 0, 0, 26515.23, 2, 0, 0, 0.69, 342, 230, 26071.09, 67879, 66742
1695437171, 0, 0, 42, 0, 0, 26515.23, 2, 0, 0, 0.36, 345, 232, 26071.09, 67879, 66742
1695437188, 0, 0, 42, 0, 0, 26515.23, 2, 0, 0, 1.01, 353, 241, 26071.09, 67879, 66742
1695437203, 0, 0, 42, 0, 0, 26515.23, 2, 0, 0, 0.51, 359, 243, 26071.09, 67879, 66742
1695437204, 0, 0, 42, 0, 0, 26515.23, 2, 0, 0, 36.07, 367, 246, 26071.09, 67879, 66742
1695437218, 0, 0, 43, 0, 0, 26522.27, 2, 0, 0, 0.61, 376, 246, 26078.13, 67897, 66760
1695437219, 0, 0, 43, 0, 0, 26522.27, 2, 0, 0, 10.05, 378, 248, 26078.13, 67897, 66760
1695437232, 0, 0, 43, 0, 0, 26522.27, 2, 0, 0, 0.68, 385, 250, 26078.13, 67897, 66760
1695437245, 0, 0, 43, 0, 0, 26522.27, 2, 0, 0, 0.89, 393, 254, 26078.13, 67897, 66760
1695437260, 0, 0, 43, 0, 0, 26522.27, 2, 0, 0, 0.35, 398, 254, 26078.13, 67897, 66760
1695437276, 0, 0, 44, 0, 0, 26522.66, 2, 0, 0, 0.25, 400, 256, 26078.52, 67898, 66761
1695437291, 0, 0, 45, 0, 0, 26525.78, 2, 0, 0, 0.46, 407, 256, 26081.64, 67906, 66769
1695437307, 0, 0, 45, 0, 0, 26525.78, 2, 0, 0, 0.19, 409, 257, 26081.64, 67906, 66769
1695437322, 0, 0, 45, 0, 0, 26525.78, 2, 0, 0, 0.55, 414, 260, 26081.64, 67906, 66769
1695437336, 0, 0, 45, 0, 0, 26525.78, 2, 0, 0, 0.77, 418, 267, 26081.64, 67906, 66769
1695437354, 0, 0, 45, 0, 0, 26525.78, 2, 0, 0, 0.21, 421, 268, 26081.64, 67906, 66769
1695437374, 0, 0, 45, 0, 0, 26525.78, 2, 0, 0, 0.15, 422, 270, 26081.64, 67906, 66769
1695437391, 0, 0, 45, 0, 0, 26525.78, 2, 0, 0, 0.12, 423, 271, 26081.64, 67906, 66769
1695437405, 0, 0, 45, 0, 0, 26525.78, 2, 0, 0, 0.07, 424, 271, 26081.64, 67906, 66769
1695437419, 0, 0, 45, 0, 0, 26525.78, 2, 0, 0, 0.07, 425, 271, 26081.64, 67906, 66769
1695437433, 0, 0, 45, 0, 0, 26525.78, 2, 0, 0, 0.22, 428, 271, 26081.64, 67906, 66769
1695437447, 0, 0, 45, 0, 0, 26525.78, 2, 0, 0, 0.21, 430, 272, 26081.64, 67906, 66769
1695437460, 0, 0, 45, 0, 0, 26525.78, 2, 0, 0, 0.38, 432, 275, 26081.64, 67906, 66769
1695437475, 0, 0, 45, 0, 0, 26525.78, 2, 0, 0, 0.34, 436, 276, 26081.64, 67906, 66769
1695437488, 0, 0, 45, 0, 0, 26525.78, 2, 0, 0, 0.22, 437, 278, 26081.64, 67906, 66769
1695437502, 0, 0, 45, 0, 0, 26525.78, 2, 0, 0, 0.50, 441, 281, 26081.64, 67906, 66769
1695437529, 0, 0, 46, 0, 0, 26527.34, 2, 0, 0, 0.04, 442, 281, 26083.20, 67910, 66773
1695437543, 0, 0, 47, 0, 0, 26531.25, 2, 0, 0, 0.07, 443, 281, 26087.11, 67920, 66783
1695437544, 0, 0, 47, 0, 0, 26531.25, 2, 0, 0, 42.42, 450, 288, 26087.11, 67920, 66783
1695437557, 0, 0, 47, 0, 0, 26531.25, 2, 0, 0, 0.39, 455, 288, 26087.11, 67920, 66783
1695437557, 0, 0, 47, 0, 0, 26531.25, 2, 0, 0, 46.05, 461, 296, 26087.11, 67920, 66783
1695437571, 0, 0, 47, 0, 0, 26531.25, 2, 0, 0, 0.14, 463, 296, 26087.11, 67920, 66783
1695437584, 0, 0, 47, 0, 0, 26531.25, 2, 0, 0, 0.07, 464, 296, 26087.11, 67920, 66783
1695437597, 0, 0, 47, 0, 0, 26531.25, 2, 0, 0, 1.10, 475, 299, 26087.11, 67920, 66783
1695437610, 0, 0, 47, 0, 0, 26531.25, 2, 0, 0, 0.08, 476, 299, 26087.11, 67920, 66783
1695437623, 0, 0, 47, 0, 0, 26531.25, 2, 0, 0, 0.37, 479, 301, 26087.11, 67920, 66783
1695437624, 0, 0, 47, 0, 0, 26531.25, 2, 0, 0, 30.93, 486, 306, 26087.11, 67920, 66783
1695437624, 0, 0, 47, 0, 0, 26531.25, 2, 0, 0, 18.58, 490, 308, 26087.11, 67920, 66783
1695437624, 0, 0, 47, 0, 0, 26531.25, 2, 0, 0, 14.58, 492, 311, 26087.11, 67920, 66783
1695437637, 0, 0, 47, 0, 0, 26531.25, 2, 0, 0, 0.39, 496, 312, 26087.11, 67920, 66783
1695437638, 0, 0, 47, 0, 0, 26531.25, 2, 0, 0, 16.18, 501, 312, 26087.11, 67920, 66783
1695437651, 0, 0, 48, 0, 0, 26532.42, 2, 0, 0, 0.07, 502, 312, 26088.28, 67923, 66786
1695437663, 0, 0, 48, 0, 0, 26532.42, 2, 0, 0, 0.33, 505, 313, 26088.28, 67923, 66786
1695437682, 0, 0, 49, 0, 0, 26533.59, 2, 0, 0, 0.16, 507, 314, 26089.45, 67926, 66789
1695437699, 0, 0, 49, 0, 0, 26533.59, 2, 0, 0, 0.30, 510, 316, 26089.45, 67926, 66789
1695437712, 0, 0, 49, 0, 0, 26533.59, 2, 0, 0, 0.36, 514, 317, 26089.45, 67926, 66789
1695437725, 0, 0, 49, 0, 0, 26533.59, 2, 0, 0, 0.16, 516, 317, 26089.45, 67926, 66789
1695437726, 0, 0, 49, 0, 0, 26533.59, 2, 0, 0, 19.17, 522, 317, 26089.45, 67926, 66789
1695437740, 0, 0, 50, 0, 0, 26534.77, 2, 0, 0, 0.14, 524, 317, 26090.63, 67929, 66792
1695437754, 0, 0, 50, 0, 0, 26534.77, 2, 0, 0, 0.14, 525, 318, 26090.63, 67929, 66792
1695437768, 0, 0, 50, 0, 0, 26534.77, 2, 0, 0, 0.28, 528, 319, 26090.63, 67929, 66792
1695437768, 0, 0, 50, 0, 0, 26534.77, 2, 0, 0, 26.71, 530, 326, 26090.63, 67929, 66792
1695437769, 0, 0, 50, 0, 0, 26534.77, 2, 0, 0, 39.34, 536, 332, 26090.63, 67929, 66792
1695437782, 0, 0, 50, 0, 0, 26534.77, 2, 0, 0, 0.08, 537, 332, 26090.63, 67929, 66792
1695437799, 0, 0, 50, 0, 0, 26534.77, 2, 0, 0, 0.06, 538, 332, 26090.63, 67929, 66792
1695437812, 0, 0, 50, 0, 0, 26534.77, 2, 0, 0, 0.46, 541, 335, 26090.63, 67929, 66792
1695437827, 0, 0, 50, 0, 0, 26534.77, 2, 0, 0, 0.35, 543, 338, 26090.63, 67929, 66792
1695437840, 0, 0, 50, 0, 0, 26534.77, 2, 0, 0, 0.38, 546, 340, 26090.63, 67929, 66792
1695437840, 0, 0, 50, 0, 0, 26534.77, 2, 0, 0, 41.53, 554, 345, 26090.63, 67929, 66792
1695437841, 0, 0, 50, 0, 0, 26534.77, 2, 0, 0, 30.00, 559, 349, 26090.63, 67929, 66792
1695437854, 0, 0, 50, 0, 0, 26534.77, 2, 0, 0, 0.36, 563, 350, 26090.63, 67929, 66792
1695437868, 0, 0, 50, 0, 0, 26534.77, 2, 0, 0, 0.22, 565, 351, 26090.63, 67929, 66792
1695437883, 0, 0, 50, 0, 0, 26534.77, 2, 0, 0, 0.62, 571, 354, 26090.63, 67929, 66792
1695437896, 0, 0, 51, 0, 0, 26535.55, 2, 0, 0, 0.07, 572, 354, 26091.41, 67931, 66794
1695437909, 0, 0, 51, 0, 0, 26535.55, 2, 0, 0, 0.08, 573, 354, 26091.41, 67931, 66794
1695437922, 0, 0, 51, 0, 0, 26535.55, 2, 0, 0, 0.16, 575, 354, 26091.41, 67931, 66794
1695437947, 0, 0, 51, 0, 0, 26535.55, 2, 0, 0, 0.23, 579, 356, 26091.41, 67931, 66794
1695437963, 0, 0, 51, 0, 0, 26535.55, 2, 0, 0, 0.26, 583, 356, 26091.41, 67931, 66794
1695437976, 0, 0, 51, 0, 0, 26535.55, 2, 0, 0, 0.29, 585, 358, 26091.41, 67931, 66794
1695438005, 0, 0, 51, 0, 0, 26535.55, 2, 0, 0, 0.32, 591, 361, 26091.41, 67931, 66794
1695438021, 0, 0, 51, 0, 0, 26535.55, 2, 0, 0, 0.18, 593, 362, 26091.41, 67931, 66794
1695438021, 0, 0, 51, 0, 0, 26535.55, 2, 0, 0, 19.74, 595, 366, 26091.41, 67931, 66794
1695438022, 0, 0, 51, 0, 0, 26535.55, 2, 0, 0, 14.62, 599, 367, 26091.41, 67931, 66794
1695438036, 0, 0, 51, 0, 0, 26535.55, 2, 0, 0, 0.42, 603, 369, 26091.41, 67931, 66794
1695438050, 0, 0, 51, 0, 0, 26535.55, 2, 0, 0, 0.14, 605, 369, 26091.41, 67931, 66794
1695438063, 0, 0, 51, 0, 0, 26535.55, 2, 0, 0, 0.07, 606, 369, 26091.41, 67931, 66794
1695438079, 0, 0, 51, 0, 0, 26535.55, 2, 0, 0, 0.31, 611, 369, 26091.41, 67931, 66794
1695438080, 0, 0, 51, 0, 0, 26535.55, 2, 0, 0, 32.26, 618, 372, 26091.41, 67931, 66794
1695438096, 0, 0, 51, 0, 0, 26535.55, 2, 0, 0, 0.06, 619, 372, 26091.41, 67931, 66794
1695438109, 0, 0, 51, 0, 0, 26535.55, 2, 0, 0, 0.15, 619, 374, 26091.41, 67931, 66794
1695438110, 0, 0, 51, 0, 0, 26535.55, 2, 0, 0, 24.19, 624, 378, 26091.41, 67931, 66794
1695438124, 0, 0, 51, 0, 0, 26535.55, 2, 0, 0, 0.20, 626, 379, 26091.41, 67931, 66794
1695438139, 0, 0, 52, 0, 0, 26535.94, 2, 0, 0, 0.40, 632, 379, 26091.80, 67932, 66795
1695438153, 0, 0, 52, 0, 0, 26535.94, 2, 0, 0, 0.15, 633, 380, 26091.80, 67932, 66795
1695438168, 0, 0, 52, 0, 0, 26535.94, 2, 0, 0, 0.61, 640, 382, 26091.80, 67932, 66795
1695438181, 0, 0, 52, 0, 0, 26535.94, 2, 0, 0, 0.08, 641, 382, 26091.80, 67932, 66795
1695438181, 0, 0, 52, 0, 0, 26535.94, 2, 0, 0, 26.32, 644, 388, 26091.80, 67932, 66795
1695438182, 0, 0, 52, 0, 0, 26535.94, 2, 0, 0, 25.97, 650, 390, 26091.80, 67932, 66795
1695438196, 0, 0, 52, 0, 0, 26535.94, 2, 0, 0, 0.63, 653, 396, 26091.80, 67932, 66795
1695438196, 0, 0, 52, 0, 0, 26535.94, 2, 0, 0, 27.19, 658, 400, 26091.80, 67932, 66795
1695438210, 0, 0, 52, 0, 0, 26535.94, 2, 0, 0, 0.15, 659, 401, 26091.80, 67932, 66795
1695438228, 0, 0, 52, 0, 0, 26535.94, 2, 0, 0, 0.06, 660, 401, 26091.80, 67932, 66795
1695438242, 0, 0, 52, 0, 0, 26535.94, 2, 0, 0, 0.48, 663, 405, 26091.80, 67932, 66795
1695438255, 0, 0, 52, 0, 0, 26535.94, 2, 0, 0, 0.23, 665, 406, 26091.80, 67932, 66795
1695438270, 0, 0, 52, 0, 0, 26535.94, 2, 0, 0, 0.40, 669, 408, 26091.80, 67932, 66795
1695438271, 0, 0, 52, 0, 0, 26535.94, 2, 0, 0, 43.19, 678, 412, 26091.80, 67932, 66795
1695438284, 0, 0, 52, 0, 0, 26535.94, 2, 0, 0, 0.46, 683, 413, 26091.80, 67932, 66795
1695438284, 0, 0, 52, 0, 0, 26535.94, 2, 0, 0, 16.29, 685, 416, 26091.80, 67932, 66795
1695438298, 0, 0, 52, 0, 0, 26535.94, 2, 0, 0, 0.59, 690, 419, 26091.80, 67932, 66795
1695438317, 0, 0, 52, 0, 0, 26535.94, 2, 0, 0, 0.41, 695, 422, 26091.80, 67932, 66795
1695438317, 0, 0, 53, 0, 0, 26536.33, 2, 0, 0, 26.06, 699, 426, 26092.19, 67933, 66796
1695438318, 0, 0, 53, 0, 0, 26536.33, 2, 0, 0, 7.89, 701, 427, 26092.19, 67933, 66796
1695438318, 0, 0, 53, 0, 0, 26536.33, 2, 0, 0, 17.96, 704, 430, 26092.19, 67933, 66796
1695438319, 0, 0, 53, 0, 0, 26536.33, 2, 0, 0, 2.68, 705, 430, 26092.19, 67933, 66796
1695438319, 0, 0, 53, 0, 0, 26536.33, 2, 0, 0, 7.63, 708, 430, 26092.19, 67933, 66796
1695438319, 0, 0, 53, 0, 0, 26536.33, 2, 0, 0, 18.81, 710, 434, 26092.19, 67933, 66796
1695438320, 0, 0, 53, 0, 0, 26536.33, 2, 0, 0, 25.81, 713, 439, 26092.19, 67933, 66796
1695438332, 0, 0, 53, 0, 0, 26536.33, 2, 0, 0, 0.17, 713, 441, 26092.19, 67933, 66796
1695438332, 0, 0, 53, 0, 0, 26536.33, 2, 0, 0, 9.37, 715, 443, 26092.19, 67933, 66796
1695438347, 0, 0, 53, 0, 0, 26536.33, 2, 0, 0, 0.13, 717, 443, 26092.19, 67933, 66796
1695438361, 0, 0, 53, 0, 0, 26536.33, 2, 0, 0, 0.07, 718, 443, 26092.19, 67933, 66796
1695438375, 0, 0, 53, 0, 0, 26536.33, 2, 0, 0, 0.57, 723, 446, 26092.19, 67933, 66796
1695438375, 0, 0, 53, 0, 0, 26536.33, 2, 0, 0, 17.03, 729, 447, 26092.19, 67933, 66796
1695438376, 0, 0, 53, 0, 0, 26536.33, 2, 0, 0, 31.15, 738, 448, 26092.19, 67933, 66796
1695438376, 0, 0, 53, 0, 0, 26536.33, 2, 0, 0, 22.22, 740, 453, 26092.19, 67933, 66796
1695438376, 0, 0, 53, 0, 0, 26536.33, 2, 0, 0, 27.69, 748, 454, 26092.19, 67933, 66796
1695438391, 0, 0, 53, 0, 0, 26536.33, 2, 0, 0, 0.20, 750, 455, 26092.19, 67933, 66796
1695438392, 0, 0, 53, 0, 0, 26536.33, 2, 0, 0, 22.54, 753, 460, 26092.19, 67933, 66796
1695438392, 0, 0, 53, 0, 0, 26536.33, 2, 0, 0, 26.06, 757, 464, 26092.19, 67933, 66796
1695438392, 0, 0, 53, 0, 0, 26536.33, 2, 0, 0, 15.48, 759, 467, 26092.19, 67933, 66796
1695438393, 0, 0, 53, 0, 0, 26536.33, 2, 0, 0, 29.61, 762, 473, 26092.19, 67933, 66796
1695438393, 0, 0, 53, 0, 0, 26536.33, 2, 0, 0, 19.80, 767, 474, 26092.19, 67933, 66796
1695438408, 0, 0, 53, 0, 0, 26536.33, 2, 0, 0, 0.20, 770, 474, 26092.19, 67933, 66796
1695438408, 0, 0, 53, 0, 0, 26536.33, 2, 0, 0, 26.67, 773, 479, 26092.19, 67933, 66796
1695438408, 0, 0, 53, 0, 0, 26536.33, 2, 0, 0, 26.58, 776, 484, 26092.19, 67933, 66796
1695438409, 0, 0, 53, 0, 0, 26536.33, 2, 0, 0, 14.84, 781, 484, 26092.19, 67933, 66796
1695438422, 0, 0, 53, 0, 0, 26536.33, 2, 0, 0, 0.44, 785, 486, 26092.19, 67933, 66796
1695438437, 0, 0, 53, 0, 0, 26536.33, 2, 0, 0, 0.63, 788, 492, 26092.19, 67933, 66796
1695438452, 0, 0, 53, 0, 0, 26536.33, 2, 0, 0, 0.67, 796, 494, 26092.19, 67933, 66796
1695438471, 0, 0, 53, 0, 0, 26536.33, 2, 0, 0, 0.42, 800, 498, 26092.19, 67933, 66796
1695438485, 0, 0, 53, 0, 0, 26536.33, 2, 0, 0, 0.14, 802, 498, 26092.19, 67933, 66796
1695438485, 0, 0, 53, 0, 0, 26536.33, 2, 0, 0, 27.09, 808, 503, 26092.19, 67933, 66796
1695438500, 0, 0, 53, 0, 0, 26536.33, 2, 0, 0, 0.28, 811, 504, 26092.19, 67933, 66796
1695438516, 0, 0, 53, 0, 0, 26536.33, 2, 0, 0, 0.06, 812, 504, 26092.19, 67933, 66796
1695438532, 0, 0, 53, 0, 0, 26536.33, 2, 0, 0, 0.24, 813, 507, 26092.19, 67933, 66796
1695438532, 0, 0, 53, 0, 0, 26536.33, 2, 0, 0, 27.69, 817, 512, 26092.19, 67933, 66796
1695438545, 0, 0, 53, 0, 0, 26536.33, 2, 0, 0, 0.39, 820, 514, 26092.19, 67933, 66796
1695438545, 0, 0, 53, 0, 0, 26536.33, 2, 0, 0, 24.54, 825, 517, 26092.19, 67933, 66796
1695438546, 0, 0, 53, 0, 0, 26536.33, 2, 0, 0, 17.75, 828, 520, 26092.19, 67933, 66796
1695438546, 0, 0, 53, 0, 0, 26536.33, 2, 0, 0, 24.32, 833, 523, 26092.19, 67933, 66796
1695438560, 0, 0, 53, 0, 0, 26536.33, 2, 0, 0, 0.35, 837, 524, 26092.19, 67933, 66796
1695438561, 0, 0, 53, 0, 0, 26536.33, 2, 0, 0, 10.53, 841, 524, 26092.19, 67933, 66796
1695438576, 0, 0, 53, 0, 0, 26536.33, 2, 0, 0, 0.13, 842, 525, 26092.19, 67933, 66796
1695438591, 0, 0, 53, 0, 0, 26536.33, 2, 0, 0, 0.26, 843, 528, 26092.19, 67933, 66796
1695438592, 0, 0, 53, 0, 0, 26536.33, 2, 0, 0, 16.39, 847, 529, 26092.19, 67933, 66796
1695438592, 0, 0, 53, 0, 0, 26536.33, 2, 0, 0, 31.65, 850, 536, 26092.19, 67933, 66796
1695438592, 0, 0, 53, 0, 0, 26536.33, 2, 0, 0, 15.42, 852, 540, 26092.19, 67933, 66796
1695438593, 0, 0, 53, 0, 0, 26536.33, 2, 0, 0, 9.71, 855, 540, 26092.19, 67933, 66796
1695438593, 0, 0, 53, 0, 0, 26536.33, 2, 0, 0, 7.71, 856, 542, 26092.19, 67933, 66796
1695438593, 0, 0, 53, 0, 0, 26536.33, 2, 0, 0, 13.20, 858, 544, 26092.19, 67933, 66796
1695438594, 0, 0, 53, 0, 0, 26536.33, 2, 0, 0, 11.36, 861, 545, 26092.19, 67933, 66796
1695438609, 0, 0, 53, 0, 0, 26536.33, 2, 0, 0, 0.13, 862, 546, 26092.19, 67933, 66796
1695438623, 0, 0, 53, 0, 0, 26536.33, 2, 0, 0, 0.62, 869, 548, 26092.19, 67933, 66796
1695438624, 0, 0, 53, 0, 0, 26536.33, 2, 0, 0, 17.86, 873, 550, 26092.19, 67933, 66796
1695438624, 0, 0, 53, 0, 0, 26536.33, 2, 0, 0, 20.30, 877, 554, 26092.19, 67933, 66796
1695438637, 0, 0, 53, 0, 0, 26536.33, 2, 0, 0, 0.15, 879, 554, 26092.19, 67933, 66796
1695438672, 0, 0, 53, 0, 0, 26536.33, 2, 0, 0, 0.14, 880, 558, 26092.19, 67933, 66796
1695438673, 0, 0, 53, 0, 0, 26536.33, 2, 0, 0, 18.99, 884, 560, 26092.19, 67933, 66796
1695438685, 0, 0, 53, 0, 0, 26536.33, 2, 0, 0, 0.08, 885, 560, 26092.19, 67933, 66796
1695438700, 0, 0, 53, 0, 0, 26536.33, 2, 0, 0, 0.14, 887, 560, 26092.19, 67933, 66796
1695438712, 0, 0, 53, 0, 0, 26536.33, 2, 0, 0, 0.16, 888, 561, 26092.19, 67933, 66796
1695438726, 0, 0, 53, 0, 0, 26536.33, 2, 0, 0, 0.42, 893, 562, 26092.19, 67933, 66796
1695438727, 0, 0, 53, 0, 0, 26536.33, 2, 0, 0, 15.92, 897, 563, 26092.19, 67933, 66796
1695438745, 0, 0, 53, 0, 0, 26536.33, 2, 0, 0, 0.33, 899, 567, 26092.19, 67933, 66796
1695438745, 0, 0, 53, 0, 0, 26536.33, 2, 0, 0, 22.65, 901, 572, 26092.19, 67933, 66796
1695438746, 0, 0, 53, 0, 0, 26536.33, 2, 0, 0, 18.93, 905, 574, 26092.19, 67933, 66796
1695438759, 0, 0, 53, 0, 0, 26536.33, 2, 0, 0, 0.44, 910, 575, 26092.19, 67933, 66796
1695438773, 0, 0, 53, 0, 0, 26536.33, 2, 0, 0, 0.07, 911, 575, 26092.19, 67933, 66796
1695438789, 0, 0, 53, 0, 0, 26536.33, 2, 0, 0, 0.20, 913, 576, 26092.19, 67933, 66796
1695438801, 0, 0, 53, 0, 0, 26536.33, 3, 0, 0, 0.48, 918, 577, 26092.19, 67933, 66796
1695438815, 0, 0, 53, 0, 0, 26536.33, 3, 0, 0, 0.07, 919, 577, 26092.19, 67933, 66796
1695438815, 0, 0, 53, 0, 0, 26536.33, 3, 0, 0, 16.44, 921, 581, 26092.19, 67933, 66796
1695438816, 0, 0, 53, 0, 0, 26536.33, 3, 0, 0, 21.05, 924, 586, 26092.19, 67933, 66796
1695438843, 0, 0, 53, 0, 0, 26536.33, 3, 0, 0, 0.15, 925, 589, 26092.19, 67933, 66796
1695438858, 0, 0, 53, 0, 0, 26536.33, 3, 0, 0, 0.13, 926, 590, 26092.19, 67933, 66796
1695438872, 0, 0, 53, 0, 0, 26536.33, 3, 0, 0, 0.07, 927, 590, 26092.19, 67933, 66796
1695438872, 0, 0, 53, 0, 0, 26536.33, 3, 0, 0, 23.19, 932, 593, 26092.19, 67933, 66796
1695438886, 0, 0, 53, 0, 0, 26536.33, 3, 0, 0, 0.14, 933, 594, 26092.19, 67933, 66796
1695438900, 0, 0, 53, 0, 0, 26536.33, 3, 0, 0, 0.51, 938, 596, 26092.19, 67933, 66796
1695438900, 0, 0, 53, 0, 0, 26536.33, 3, 0, 0, 21.45, 943, 599, 26092.19, 67933, 66796
1695438900, 0, 0, 53, 0, 0, 26536.33, 3, 0, 0, 18.07, 947, 601, 26092.19, 67933, 66796
1695438915, 0, 0, 53, 0, 0, 26536.33, 3, 0, 0, 0.42, 949, 605, 26092.19, 67933, 66796
1695438939, 0, 0, 53, 0, 0, 26536.33, 3, 0, 0, 0.16, 951, 607, 26092.19, 67933, 66796
1695438957, 0, 0, 53, 0, 0, 26536.33, 3, 0, 0, 0.34, 955, 609, 26092.19, 67933, 66796
1695438971, 0, 0, 53, 0, 0, 26536.33, 3, 0, 0, 0.35, 958, 611, 26092.19, 67933, 66796
1695438987, 0, 0, 53, 0, 0, 26536.33, 3, 0, 0, 0.06, 959, 611, 26092.19, 67933, 66796
1695438987, 0, 0, 53, 0, 0, 26536.33, 3, 0, 0, 20.83, 960, 617, 26092.19, 67933, 66796
1695439008, 0, 0, 53, 0, 0, 26536.33, 3, 0, 0, 0.24, 962, 620, 26092.19, 67933, 66796
1695439023, 0, 0, 53, 0, 0, 26536.33, 3, 0, 0, 0.28, 966, 620, 26092.19, 67933, 66796
1695439037, 0, 0, 53, 0, 0, 26536.33, 3, 0, 0, 0.07, 967, 620, 26092.19, 67933, 66796
1695439037, 0, 0, 53, 0, 0, 26536.33, 3, 0, 0, 15.97, 970, 622, 26092.19, 67933, 66796
1695439056, 0, 0, 53, 0, 0, 26536.33, 3, 0, 0, 0.22, 972, 624, 26092.19, 67933, 66796
1695439070, 0, 0, 53, 0, 0, 26536.33, 3, 0, 0, 0.07, 973, 624, 26092.19, 67933, 66796
1695439070, 0, 0, 53, 0, 0, 26536.33, 3, 0, 0, 24.02, 976, 629, 26092.19, 67933, 66796
1695439085, 0, 0, 53, 0, 0, 26536.33, 3, 0, 0, 0.40, 980, 631, 26092.19, 67933, 66796
1695439086, 0, 0, 53, 0, 0, 26536.33, 3, 0, 0, 18.52, 983, 634, 26092.19, 67933, 66796
1695439086, 0, 0, 53, 0, 0, 26536.33, 3, 0, 0, 16.56, 986, 636, 26092.19, 67933, 66796
1695439100, 0, 0, 53, 0, 0, 26536.33, 3, 0, 0, 0.43, 989, 639, 26092.19, 67933, 66796
1695439100, 0, 0, 53, 0, 0, 26536.33, 3, 0, 0, 11.76, 992, 640, 26092.19, 67933, 66796
1695439118, 0, 0, 53, 0, 0, 26536.33, 3, 0, 0, 0.17, 994, 641, 26092.19, 67933, 66796
1695439118, 0, 0, 53, 0, 0, 26536.33, 3, 0, 0, 14.12, 997, 643, 26092.19, 67933, 66796
1695439132, 0, 0, 53, 0, 0, 26536.33, 3, 0, 0, 0.07, 998, 643, 26092.19, 67933, 66796
1695439133, 0, 0, 53, 0, 0, 26536.33, 3, 0, 0, 10.94, 1000, 646, 26092.19, 67933, 66796
1695439147, 0, 0, 53, 0, 0, 26536.33, 3, 0, 0, 0.21, 1002, 647, 26092.19, 67933, 66796
1695439148, 0, 0, 53, 0, 0, 26536.33, 3, 0, 0, 17.65, 1003, 652, 26092.19, 67933, 66796
1695439148, 0, 0, 53, 0, 0, 26536.33, 3, 0, 0, 18.18, 1008, 653, 26092.19, 67933, 66796
1695439148, 0, 0, 53, 0, 0, 26536.33, 3, 0, 0, 14.16, 1012, 654, 26092.19, 67933, 66796
1695439163, 0, 0, 53, 0, 0, 26536.33, 3, 0, 0, 0.26, 1016, 654, 26092.19, 67933, 66796
1695439177, 0, 0, 53, 0, 0, 26536.33, 3, 0, 0, 0.15, 1017, 655, 26092.19, 67933, 66796
1695439188, 0, 0, 53, 0, 0, 26536.33, 3, 0, 0, 0.17, 1017, 657, 26092.19, 67933, 66796
1695439189, 0, 0, 53, 0, 0, 26536.33, 3, 0, 0, 5.12, 1018, 658, 26092.19, 67933, 66796
1695439203, 0, 0, 53, 0, 0, 26536.33, 3, 0, 0, 0.20, 1021, 658, 26092.19, 67933, 66796
1695439204, 0, 0, 53, 0, 0, 26536.33, 3, 0, 0, 16.23, 1024, 660, 26092.19, 67933, 66796
1695439204, 0, 0, 53, 0, 0, 26536.33, 3, 0, 0, 12.95, 1028, 661, 26092.19, 67933, 66796
1695439205, 0, 0, 53, 0, 0, 26536.33, 3, 0, 0, 11.83, 1032, 661, 26092.19, 67933, 66796
1695439205, 0, 0, 53, 0, 0, 26536.33, 3, 0, 0, 16.48, 1037, 662, 26092.19, 67933, 66796
1695439219, 0, 0, 53, 0, 0, 26536.33, 3, 0, 0, 0.14, 1039, 662, 26092.19, 67933, 66796
1695439234, 0, 0, 53, 0, 0, 26536.33, 3, 0, 0, 0.26, 1042, 663, 26092.19, 67933, 66796
1695439235, 0, 0, 53, 0, 0, 26536.33, 3, 0, 0, 22.01, 1048, 664, 26092.19, 67933, 66796
1695439235, 0, 0, 53, 0, 0, 26536.33, 3, 0, 0, 17.96, 1052, 666, 26092.19, 67933, 66796
1695439235, 0, 0, 53, 0, 0, 26536.33, 3, 0, 0, 16.61, 1057, 666, 26092.19, 67933, 66796
1695439236, 0, 0, 53, 0, 0, 26536.33, 3, 0, 0, 13.48, 1059, 669, 26092.19, 67933, 66796
1695439236, 0, 0, 53, 0, 0, 26536.33, 3, 0, 0, 13.97, 1064, 669, 26092.19, 67933, 66796
1695439236, 0, 0, 53, 0, 0, 26536.33, 3, 0, 0, 16.08, 1068, 670, 26092.19, 67933, 66796
1695439237, 0, 0, 53, 0, 0, 26536.33, 3, 0, 0, 8.35, 1071, 671, 26092.19, 67933, 66796
1695439253, 0, 0, 53, 0, 0, 26536.33, 3, 0, 0, 0.06, 1072, 671, 26092.19, 67933, 66796
1695439266, 0, 0, 53, 0, 0, 26536.33, 3, 0, 0, 0.45, 1073, 676, 26092.19, 67933, 66796
1695439280, 0, 0, 53, 0, 0, 26536.33, 3, 0, 0, 0.35, 1076, 678, 26092.19, 67933, 66796
1695439294, 0, 0, 53, 0, 0, 26536.33, 3, 0, 0, 0.14, 1077, 679, 26092.19, 67933, 66796
1695439295, 0, 0, 53, 0, 0, 26536.33, 3, 0, 0, 9.26, 1079, 680, 26092.19, 67933, 66796
1695439295, 0, 0, 53, 0, 0, 26536.33, 3, 0, 0, 16.56, 1081, 683, 26092.19, 67933, 66796
1695439295, 0, 0, 53, 0, 0, 26536.33, 3, 0, 0, 15.29, 1083, 686, 26092.19, 67933, 66796
1695439308, 0, 0, 53, 0, 0, 26536.33, 3, 0, 0, 0.08, 1084, 686, 26092.19, 67933, 66796
1695439321, 0, 0, 53, 0, 0, 26536.33, 3, 0, 0, 0.31, 1087, 687, 26092.19, 67933, 66796
1695439335, 0, 0, 53, 0, 0, 26536.33, 3, 0, 0, 0.15, 1088, 688, 26092.19, 67933, 66796
1695439418, 0, 0, 54, 0, 0, 26645.70, 3, 0, 0, 0.06, 1092, 689, 26201.56, 68213, 67076
1695439418, 0, 0, 54, 0, 0, 26645.70, 3, 0, 0, 5.75, 1093, 690, 26201.56, 68213, 67076
1695439435, 0, 0, 54, 0, 0, 26645.70, 3, 0, 0, 0.36, 1096, 693, 26201.56, 68213, 67076
1695439449, 0, 0, 54, 0, 0, 26645.70, 3, 0, 0, 0.14, 1098, 693, 26201.56, 68213, 67076
1695439462, 0, 0, 54, 0, 0, 26645.70, 3, 0, 0, 0.29, 1102, 693, 26201.56, 68213, 67076
1695439476, 0, 0, 54, 0, 0, 26645.70, 3, 0, 0, 0.15, 1103, 694, 26201.56, 68213, 67076
1695439489, 0, 0, 54, 0, 0, 26645.70, 3, 0, 0, 0.32, 1104, 697, 26201.56, 68213, 67076
1695439503, 0, 0, 55, 0, 0, 26646.48, 3, 0, 0, 0.21, 1105, 699, 26201.56, 68215, 67076
1695439503, 0, 0, 55, 0, 0, 26646.48, 3, 0, 0, 10.28, 1108, 700, 26201.56, 68215, 67076
1695439504, 0, 0, 55, 0, 0, 26646.48, 3, 0, 0, 13.25, 1111, 701, 26201.56, 68215, 67076
1695439504, 0, 0, 55, 0, 0, 26646.48, 3, 0, 0, 19.87, 1114, 704, 26201.56, 68215, 67076
1695439517, 0, 0, 55, 0, 0, 26646.48, 3, 0, 0, 0.15, 1116, 704, 26201.56, 68215, 67076
1695439518, 0, 0, 55, 0, 0, 26646.48, 3, 0, 0, 11.70, 1119, 705, 26201.56, 68215, 67076
1695439533, 0, 0, 55, 0, 0, 26646.48, 3, 0, 0, 0.13, 1120, 706, 26201.56, 68215, 67076
1695439549, 0, 0, 55, 0, 0, 26646.48, 3, 0, 0, 0.06, 1121, 706, 26201.56, 68215, 67076
1695439549, 0, 0, 55, 0, 0, 26646.48, 3, 0, 0, 7.96, 1123, 707, 26201.56, 68215, 67076
1695439549, 0, 0, 55, 0, 0, 26646.48, 3, 0, 0, 9.03, 1126, 708, 26201.56, 68215, 67076
1695439550, 0, 0, 55, 0, 0, 26646.48, 3, 0, 0, 13.11, 1127, 711, 26201.56, 68215, 67076
1695439550, 0, 0, 55, 0, 0, 26646.48, 3, 0, 0, 2.87, 1128, 711, 26201.56, 68215, 67076
1695439550, 0, 0, 55, 0, 0, 26646.48, 3, 0, 0, 12.01, 1130, 713, 26201.56, 68215, 67076
1695439551, 0, 0, 55, 0, 0, 26646.48, 3, 0, 0, 15.02, 1131, 717, 26201.56, 68215, 67076
1695439551, 0, 0, 55, 0, 0, 26646.48, 3, 0, 0, 14.25, 1133, 720, 26201.56, 68215, 67076
1695439552, 0, 0, 55, 0, 0, 26646.48, 3, 0, 0, 12.32, 1135, 723, 26201.56, 68215, 67076
1695439552, 0, 0, 55, 0, 0, 26646.48, 3, 0, 0, 9.17, 1136, 725, 26201.56, 68215, 67076
1695439570, 0, 0, 55, 0, 0, 26646.48, 3, 0, 0, 0.06, 1137, 725, 26201.56, 68215, 67076
1695439585, 0, 0, 56, 0, 0, 26646.88, 3, 0, 0, 0.06, 1138, 725, 26201.95, 68216, 67077
1695439607, 0, 0, 56, 0, 0, 26646.88, 3, 0, 0, 0.28, 1139, 730, 26201.95, 68216, 67077
1695439621, 0, 0, 56, 0, 0, 26646.88, 3, 0, 0, 0.15, 1141, 730, 26201.95, 68216, 67077
1695439621, 0, 0, 56, 0, 0, 26646.88, 3, 0, 0, 18.69, 1144, 733, 26201.95, 68216, 67077
1695439621, 0, 0, 56, 0, 0, 26646.88, 3, 0, 0, 12.78, 1146, 735, 26201.95, 68216, 67077
1695439636, 0, 0, 56, 0, 0, 26646.88, 3, 0, 0, 0.14, 1148, 735, 26201.95, 68216, 67077
1695439650, 0, 0, 56, 0, 0, 26646.88, 3, 0, 0, 0.07, 1149, 735, 26201.95, 68216, 67077
1695439671, 0, 0, 56, 0, 0, 26646.88, 3, 0, 0, 0.09, 1150, 736, 26201.95, 68216, 67077
1695439671, 0, 0, 56, 0, 0, 26646.88, 3, 0, 0, 19.23, 1153, 739, 26201.95, 68216, 67077
1695439672, 0, 0, 56, 0, 0, 26646.88, 3, 0, 0, 13.16, 1156, 740, 26201.95, 68216, 67077
1695439686, 0, 0, 56, 0, 0, 26646.88, 3, 0, 0, 0.07, 1157, 740, 26201.95, 68216, 67077
1695439686, 0, 0, 56, 0, 0, 26646.88, 3, 0, 0, 9.65, 1159, 741, 26201.95, 68216, 67077
1695439687, 0, 0, 56, 0, 0, 26646.88, 3, 0, 0, 15.71, 1162, 744, 26201.95, 68216, 67077
1695439687, 0, 0, 56, 0, 0, 26646.88, 3, 0, 0, 12.94, 1165, 745, 26201.95, 68216, 67077
1695439701, 0, 0, 56, 0, 0, 26646.88, 3, 0, 0, 0.07, 1166, 745, 26201.95, 68216, 67077
1695439714, 0, 0, 56, 0, 0, 26646.88, 3, 0, 0, 0.15, 1167, 746, 26201.95, 68216, 67077
1695439715, 0, 0, 56, 0, 0, 26646.88, 3, 0, 0, 12.58, 1168, 749, 26201.95, 68216, 67077
1695439729, 0, 0, 56, 0, 0, 26646.88, 3, 0, 0, 0.34, 1172, 750, 26201.95, 68216, 67077
1695439730, 0, 0, 56, 0, 0, 26646.88, 3, 0, 0, 11.02, 1174, 752, 26201.95, 68216, 67077
1695439793, 0, 0, 56, 0, 0, 26646.88, 3, 0, 0, 0.05, 1177, 752, 26201.95, 68216, 67077
1695439794, 0, 0, 56, 0, 0, 26646.88, 3, 0, 0, 16.76, 1179, 756, 26201.95, 68216, 67077
1695439857, 0, 0, 56, 0, 0, 26646.88, 3, 0, 0, 0.06, 1180, 759, 26201.95, 68216, 67077
1695439858, 0, 0, 56, 0, 0, 26646.88, 3, 0, 0, 15.82, 1182, 762, 26201.95, 68216, 67077
1695439858, 0, 0, 56, 0, 0, 26646.88, 3, 0, 0, 17.34, 1184, 766, 26201.95, 68216, 67077
1695439875, 0, 0, 56, 0, 0, 26646.88, 3, 0, 0, 0.18, 1186, 767, 26201.95, 68216, 67077
1695439875, 0, 0, 56, 0, 0, 26646.88, 3, 0, 0, 0.00, 1186, 767, 26201.95, 68216, 67077
