# unix_time, cycles_done, cur_path, paths_total, pending_total, pending_favs, map_size, unique_crashes, unique_hangs, max_depth, execs_per_sec, valid_inputs, invalid_inputs, valid_cov, all_covered_probes, valid_covered_probes
1695425423, 0, 0, 1, 0, 0, 4446.48, 0, 0, 0, 0.42, 0, 1, 0.00, 11383, 0
1695425444, 0, 0, 2, 0, 0, 24732.42, 0, 0, 0, 0.05, 1, 1, 23891.02, 63315, 61161
1695425457, 0, 0, 3, 0, 0, 24962.50, 0, 0, 0, 0.08, 2, 1, 24130.86, 63904, 61775
1695425457, 0, 0, 8, 0, 0, 25289.45, 0, 0, 0, 14.04, 6, 2, 24481.25, 64741, 62672
1695425470, 0, 0, 9, 0, 0, 25330.86, 0, 0, 0, 0.08, 7, 2, 24522.66, 64847, 62778
1695425482, 0, 0, 11, 0, 0, 25349.22, 1, 0, 0, 0.42, 8, 6, 24522.66, 64894, 62778
1695425493, 0, 0, 12, 0, 0, 25544.53, 1, 0, 0, 0.08, 9, 6, 24717.97, 65394, 63278
1695425506, 0, 0, 18, 0, 0, 25689.45, 1, 0, 0, 1.05, 18, 10, 24862.11, 65765, 63647
1695425517, 0, 0, 19, 0, 0, 25690.63, 1, 0, 0, 0.09, 19, 10, 24863.28, 65768, 63650
1695425532, 0, 0, 20, 0, 0, 25705.08, 1, 0, 0, 0.20, 22, 10, 24877.73, 65805, 63687
1695425543, 0, 0, 21, 0, 0, 25729.30, 1, 0, 0, 0.65, 26, 13, 24901.95, 65867, 63749
1695425555, 0, 0, 22, 0, 0, 25737.11, 1, 0, 0, 0.09, 27, 13, 24909.77, 65887, 63769
1695425567, 0, 0, 23, 0, 0, 25739.84, 1, 0, 0, 0.48, 31, 15, 24912.50, 65894, 63776
1695425586, 0, 0, 24, 0, 0, 25762.11, 1, 0, 0, 0.32, 34, 18, 24934.77, 65951, 63833
1695425597, 0, 0, 26, 0, 0, 25766.41, 1, 0, 0, 0.27, 35, 20, 24935.94, 65962, 63836
1695425608, 0, 0, 26, 0, 0, 25766.41, 1, 0, 0, 0.27, 38, 20, 24935.94, 65962, 63836
1695425608, 0, 0, 27, 0, 0, 25851.56, 1, 0, 0, 26.24, 43, 24, 24935.94, 66180, 63836
1695425609, 0, 0, 27, 0, 0, 25851.56, 1, 0, 0, 33.13, 51, 27, 24935.94, 66180, 63836
1695425629, 0, 0, 28, 0, 0, 25873.05, 1, 0, 0, 0.10, 52, 28, 24957.42, 66235, 63891
1695425643, 0, 0, 29, 0, 0, 25928.13, 1, 0, 0, 0.61, 56, 32, 25012.50, 66376, 64032
1695425657, 0, 0, 30, 0, 0, 25932.03, 1, 0, 0, 0.57, 61, 35, 25016.41, 66386, 64042
1695425669, 0, 0, 31, 0, 0, 25932.42, 1, 0, 0, 0.56, 66, 37, 25016.80, 66387, 64043
1695425682, 0, 0, 34, 0, 0, 25938.67, 1, 0, 0, 0.95, 72, 43, 25017.97, 66403, 64046
1695425705, 0, 0, 34, 0, 0, 25938.67, 1, 0, 0, 0.18, 75, 44, 25017.97, 66403, 64046
1695425717, 0, 0, 35, 0, 0, 25939.45, 1, 0, 0, 0.74, 79, 49, 25018.75, 66405, 64048
1695425730, 0, 0, 36, 0, 0, 25942.97, 1, 0, 0, 0.15, 81, 49, 25022.27, 66414, 64057
1695425743, 0, 0, 36, 0, 0, 25942.97, 1, 0, 0, 0.40, 83, 52, 25022.27, 66414, 64057
1695425754, 0, 0, 36, 0, 0, 25942.97, 1, 0, 0, 0.42, 86, 54, 25022.27, 66414, 64057
1695425785, 0, 0, 37, 0, 0, 25959.38, 1, 0, 0, 0.07, 88, 54, 25038.67, 66456, 64099
1695425804, 0, 0, 37, 0, 0, 25959.38, 1, 0, 0, 0.31, 91, 57, 25038.67, 66456, 64099
1695425804, 0, 0, 37, 0, 0, 25959.38, 1, 0, 0, 26.14, 95, 61, 25038.67, 66456, 64099
1695425819, 0, 0, 37, 0, 0, 25959.38, 1, 0, 0, 0.52, 99, 65, 25038.67, 66456, 64099
1695425832, 0, 0, 37, 0, 0, 25959.38, 1, 0, 0, 0.08, 100, 65, 25038.67, 66456, 64099
1695425844, 0, 0, 38, 0, 0, 25959.77, 1, 0, 0, 0.39, 104, 66, 25039.06, 66457, 64100
1695425857, 0, 0, 38, 0, 0, 25959.77, 1, 0, 0, 0.16, 106, 66, 25039.06, 66457, 64100
1695425880, 0, 0, 39, 0, 0, 25960.55, 1, 0, 0, 0.60, 114, 72, 25039.84, 66459, 64102
1695425893, 0, 0, 40, 0, 0, 25961.33, 1, 0, 0, 0.31, 117, 73, 25040.63, 66461, 64104
1695425905, 0, 0, 40, 0, 0, 25961.33, 1, 0, 0, 0.26, 119, 74, 25040.63, 66461, 64104
1695425923, 0, 0, 41, 0, 0, 25961.72, 1, 0, 0, 0.83, 128, 80, 25041.02, 66462, 64105
1695425934, 0, 0, 41, 0, 0, 25961.72, 1, 0, 0, 0.09, 129, 80, 25041.02, 66462, 64105
1695425955, 0, 0, 41, 0, 0, 25961.72, 1, 0, 0, 0.59, 136, 85, 25041.02, 66462, 64105
1695425966, 0, 0, 41, 0, 0, 25961.72, 1, 0, 0, 0.17, 138, 85, 25041.02, 66462, 64105
1695425978, 0, 0, 41, 0, 0, 25961.72, 1, 0, 0, 0.27, 140, 86, 25041.02, 66462, 64105
1695425993, 0, 0, 42, 0, 0, 26172.27, 1, 0, 0, 0.26, 143, 87, 25251.56, 67001, 64644
1695426005, 0, 0, 42, 0, 0, 26172.27, 2, 0, 0, 0.34, 145, 89, 25251.56, 67001, 64644
1695426018, 0, 0, 45, 0, 0, 26173.44, 2, 0, 0, 0.77, 147, 97, 25251.95, 67004, 64645
1695426035, 0, 0, 45, 0, 0, 26173.44, 2, 0, 0, 0.06, 148, 97, 25251.95, 67004, 64645
1695426050, 0, 0, 45, 0, 0, 26173.44, 2, 0, 0, 0.07, 149, 97, 25251.95, 67004, 64645
1695426062, 0, 0, 45, 0, 0, 26173.44, 2, 0, 0, 1.13, 155, 105, 25251.95, 67004, 64645
1695426075, 0, 0, 45, 0, 0, 26173.44, 2, 0, 0, 0.15, 157, 105, 25251.95, 67004, 64645
1695426087, 0, 0, 45, 0, 0, 26173.44, 2, 0, 0, 0.25, 159, 106, 25251.95, 67004, 64645
1695426088, 0, 0, 45, 0, 0, 26173.44, 2, 0, 0, 50.46, 174, 113, 25251.95, 67004, 64645
1695426101, 0, 0, 45, 0, 0, 26173.44, 2, 0, 0, 0.66, 178, 118, 25251.95, 67004, 64645
1695426114, 0, 0, 45, 0, 0, 26173.44, 2, 0, 0, 0.78, 185, 121, 25251.95, 67004, 64645
1695426127, 0, 0, 45, 0, 0, 26173.44, 2, 0, 0, 0.24, 187, 122, 25251.95, 67004, 64645
1695426138, 0, 0, 46, 0, 0, 26173.83, 2, 0, 0, 0.08, 188, 122, 25252.34, 67005, 64646
1695426150, 0, 0, 46, 0, 0, 26173.83, 2, 0, 0, 0.35, 189, 125, 25252.34, 67005, 64646
1695426162, 0, 0, 46, 0, 0, 26173.83, 2, 0, 0, 0.51, 192, 128, 25252.34, 67005, 64646
1695426174, 0, 0, 46, 0, 0, 26173.83, 2, 0, 0, 0.70, 196, 133, 25252.34, 67005, 64646
1695426188, 0, 0, 46, 0, 0, 26173.83, 2, 0, 0, 0.07, 197, 133, 25252.34, 67005, 64646
1695426200, 0, 0, 46, 0, 0, 26173.83, 2, 0, 0, 0.59, 201, 136, 25252.34, 67005, 64646
1695426215, 0, 0, 46, 0, 0, 26173.83, 2, 0, 0, 0.20, 204, 136, 25252.34, 67005, 64646
1695426230, 0, 0, 46, 0, 0, 26173.83, 2, 0, 0, 0.77, 212, 140, 25252.34, 67005, 64646
1695426244, 0, 0, 47, 0, 0, 26175.00, 2, 0, 0, 0.77, 217, 146, 25253.52, 67008, 64649
1695426258, 0, 0, 47, 0, 0, 26175.00, 2, 0, 0, 0.37, 221, 147, 25253.52, 67008, 64649
1695426296, 0, 0, 47, 0, 0, 26175.00, 2, 0, 0, 0.16, 224, 150, 25253.52, 67008, 64649
1695426309, 0, 0, 47, 0, 0, 26175.00, 2, 0, 0, 0.30, 227, 151, 25253.52, 67008, 64649
1695426321, 0, 0, 47, 0, 0, 26175.00, 2, 0, 0, 0.53, 232, 152, 25253.52, 67008, 64649
1695426333, 0, 0, 48, 0, 0, 26182.81, 2, 0, 0, 0.55, 235, 156, 25261.33, 67028, 64669
1695426346, 0, 0, 48, 0, 0, 26182.81, 2, 0, 0, 0.08, 236, 156, 25261.33, 67028, 64669
1695426346, 0, 0, 48, 0, 0, 26182.81, 2, 0, 0, 16.67, 241, 156, 25261.33, 67028, 64669
1695426360, 0, 0, 48, 0, 0, 26182.81, 2, 0, 0, 0.07, 242, 156, 25261.33, 67028, 64669
1695426375, 0, 0, 48, 0, 0, 26182.81, 2, 0, 0, 0.06, 243, 156, 25261.33, 67028, 64669
1695426412, 0, 0, 48, 0, 0, 26182.81, 2, 0, 0, 0.06, 245, 156, 25261.33, 67028, 64669
1695426423, 0, 0, 48, 0, 0, 26182.81, 2, 0, 0, 0.87, 251, 160, 25261.33, 67028, 64669
1695426423, 0, 0, 48, 0, 0, 26182.81, 2, 0, 0, 37.85, 261, 162, 25261.33, 67028, 64669
1695426436, 0, 0, 48, 0, 0, 26182.81, 2, 0, 0, 0.24, 263, 163, 25261.33, 67028, 64669
1695426448, 0, 0, 48, 0, 0, 26182.81, 2, 0, 0, 1.55, 270, 175, 25261.33, 67028, 64669
1695426462, 0, 0, 49, 0, 0, 26183.20, 2, 0, 0, 0.51, 274, 178, 25261.72, 67029, 64670
1695426462, 0, 0, 49, 0, 0, 26183.20, 2, 0, 0, 5.04, 276, 178, 25261.72, 67029, 64670
1695426478, 0, 0, 49, 0, 0, 26183.20, 2, 0, 0, 0.18, 279, 178, 25261.72, 67029, 64670
1695426492, 0, 0, 49, 0, 0, 26183.20, 2, 0, 0, 0.15, 280, 179, 25261.72, 67029, 64670
1695426492, 0, 0, 49, 0, 0, 26183.20, 2, 0, 0, 30.58, 286, 183, 25261.72, 67029, 64670
1695426505, 0, 0, 49, 0, 0, 26183.20, 2, 0, 0, 0.08, 287, 183, 25261.72, 67029, 64670
1695426517, 0, 0, 49, 0, 0, 26183.20, 2, 0, 0, 0.33, 290, 184, 25261.72, 67029, 64670
1695426529, 0, 0, 49, 0, 0, 26183.20, 2, 0, 0, 0.17, 292, 184, 25261.72, 67029, 64670
1695426529, 0, 0, 49, 0, 0, 26183.20, 2, 0, 0, 42.90, 296, 193, 25261.72, 67029, 64670
1695426564, 0, 0, 50, 0, 0, 26184.77, 2, 0, 0, 0.03, 297, 193, 25263.28, 67033, 64674
1695426575, 0, 0, 50, 0, 0, 26184.77, 2, 0, 0, 0.35, 299, 195, 25263.28, 67033, 64674
1695426588, 0, 0, 51, 0, 0, 26185.55, 2, 0, 0, 0.31, 302, 196, 25264.06, 67035, 64676
1695426600, 0, 0, 51, 0, 0, 26185.55, 2, 0, 0, 0.17, 304, 196, 25264.06, 67035, 64676
1695426613, 0, 0, 51, 0, 0, 26185.55, 2, 0, 0, 0.45, 309, 197, 25264.06, 67035, 64676
1695426614, 0, 0, 51, 0, 0, 26185.55, 2, 0, 0, 32.17, 317, 201, 25264.06, 67035, 64676
1695426614, 0, 0, 51, 0, 0, 26185.55, 2, 0, 0, 32.26, 327, 203, 25264.06, 67035, 64676
1695426627, 0, 0, 51, 0, 0, 26185.55, 2, 0, 0, 1.35, 337, 210, 25264.06, 67035, 64676
1695426639, 0, 0, 51, 0, 0, 26185.55, 2, 0, 0, 0.42, 339, 213, 25264.06, 67035, 64676
1695426652, 0, 0, 51, 0, 0, 26185.55, 2, 0, 0, 0.08, 340, 213, 25264.06, 67035, 64676
1695426671, 0, 0, 51, 0, 0, 26185.55, 2, 0, 0, 0.51, 348, 215, 25264.06, 67035, 64676
1695426684, 0, 0, 51, 0, 0, 26185.55, 2, 0, 0, 0.95, 356, 219, 25264.06, 67035, 64676
1695426697, 0, 0, 51, 0, 0, 26185.55, 2, 0, 0, 0.23, 358, 220, 25264.06, 67035, 64676
1695426710, 0, 0, 51, 0, 0, 26185.55, 2, 0, 0, 0.07, 359, 220, 25264.06, 67035, 64676
1695426710, 0, 0, 51, 0, 0, 26185.55, 2, 0, 0, 26.09, 364, 224, 25264.06, 67035, 64676
1695426722, 0, 0, 51, 0, 0, 26185.55, 2, 0, 0, 0.08, 365, 224, 25264.06, 67035, 64676
1695426738, 0, 0, 51, 0, 0, 26185.55, 2, 0, 0, 0.32, 366, 228, 25264.06, 67035, 64676
1695426751, 0, 0, 51, 0, 0, 26185.55, 2, 0, 0, 0.54, 372, 229, 25264.06, 67035, 64676
1695426763, 0, 0, 51, 0, 0, 26185.55, 2, 0, 0, 0.09, 373, 229, 25264.06, 67035, 64676
1695426763, 0, 0, 51, 0, 0, 26185.55, 2, 0, 0, 29.22, 379, 232, 25264.06, 67035, 64676
1695426775, 0, 0, 51, 0, 0, 26185.55, 2, 0, 0, 0.08, 380, 232, 25264.06, 67035, 64676
1695426788, 0, 0, 51, 0, 0, 26185.55, 2, 0, 0, 0.94, 387, 237, 25264.06, 67035, 64676
1695426800, 0, 0, 51, 0, 0, 26185.55, 2, 0, 0, 0.75, 394, 239, 25264.06, 67035, 64676
1695426800, 0, 0, 51, 0, 0, 26185.55, 2, 0, 0, 31.06, 402, 241, 25264.06, 67035, 64676
1695426801, 0, 0, 51, 0, 0, 26185.55, 2, 0, 0, 27.27, 408, 244, 25264.06, 67035, 64676
1695426813, 0, 0, 51, 0, 0, 26185.55, 2, 0, 0, 0.16, 410, 244, 25264.06, 67035, 64676
1695426825, 0, 0, 51, 0, 0, 26185.55, 2, 0, 0, 0.08, 411, 244, 25264.06, 67035, 64676
1695426826, 0, 0, 51, 0, 0, 26185.55, 2, 0, 0, 35.95, 420, 246, 25264.06, 67035, 64676
1695426839, 0, 0, 51, 0, 0, 26185.55, 2, 0, 0, 0.22, 421, 248, 25264.06, 67035, 64676
1695426852, 0, 0, 51, 0, 0, 26185.55, 2, 0, 0, 0.30, 423, 250, 25264.06, 67035, 64676
1695426865, 0, 0, 51, 0, 0, 26185.55, 2, 0, 0, 0.16, 424, 251, 25264.06, 67035, 64676
1695426865, 0, 0, 51, 0, 0, 26185.55, 2, 0, 0, 44.73, 433, 256, 25264.06, 67035, 64676
1695426876, 0, 0, 51, 0, 0, 26185.55, 2, 0, 0, 0.09, 434, 256, 25264.06, 67035, 64676
1695426888, 0, 0, 51, 0, 0, 26185.55, 2, 0, 0, 0.68, 438, 260, 25264.06, 67035, 64676
1695426888, 0, 0, 51, 0, 0, 26185.55, 2, 0, 0, 36.54, 444, 265, 25264.06, 67035, 64676
1695426900, 0, 0, 51, 0, 0, 26185.55, 2, 0, 0, 0.62, 450, 266, 25264.06, 67035, 64676
1695426912, 0, 0, 51, 0, 0, 26185.55, 2, 0, 0, 0.16, 451, 267, 25264.06, 67035, 64676
1695426926, 0, 0, 51, 0, 0, 26185.55, 2, 0, 0, 0.37, 455, 268, 25264.06, 67035, 64676
1695426939, 0, 0, 51, 0, 0, 26185.55, 2, 0, 0, 0.39, 458, 270, 25264.06, 67035, 64676
1695426939, 0, 0, 51, 0, 0, 26185.55, 2, 0, 0, 49.83, 464, 279, 25264.06, 67035, 64676
1695426951, 0, 0, 51, 0, 0, 26185.55, 3, 0, 0, 0.78, 470, 282, 25264.06, 67035, 64676
1695426964, 0, 0, 51, 0, 0, 26185.55, 3, 0, 0, 0.15, 472, 282, 25264.06, 67035, 64676
1695426964, 0, 0, 51, 0, 0, 26185.55, 3, 0, 0, 42.48, 479, 288, 25264.06, 67035, 64676
1695426964, 0, 0, 51, 0, 0, 26185.55, 3, 0, 0, 17.96, 482, 291, 25264.06, 67035, 64676
1695426980, 0, 0, 51, 0, 0, 26185.55, 3, 0, 0, 0.13, 483, 292, 25264.06, 67035, 64676
1695426980, 0, 0, 51, 0, 0, 26185.55, 3, 0, 0, 39.34, 492, 295, 25264.06, 67035, 64676
1695426992, 0, 0, 51, 0, 0, 26185.55, 3, 0, 0, 0.35, 496, 295, 25264.06, 67035, 64676
1695426992, 0, 0, 51, 0, 0, 26185.55, 3, 0, 0, 35.71, 503, 299, 25264.06, 67035, 64676
1695427050, 0, 0, 51, 0, 0, 26185.55, 3, 0, 0, 0.19, 507, 306, 25264.06, 67035, 64676
1695427051, 0, 0, 51, 0, 0, 26185.55, 3, 0, 0, 36.47, 516, 309, 25264.06, 67035, 64676
1695427063, 0, 0, 51, 0, 0, 26185.55, 3, 0, 0, 0.32, 520, 309, 25264.06, 67035, 64676
1695427089, 0, 0, 51, 0, 0, 26185.55, 3, 0, 0, 0.46, 526, 315, 25264.06, 67035, 64676
1695427102, 0, 0, 51, 0, 0, 26185.55, 3, 0, 0, 0.54, 531, 317, 25264.06, 67035, 64676
1695427115, 0, 0, 51, 0, 0, 26185.55, 3, 0, 0, 0.32, 533, 319, 25264.06, 67035, 64676
1695427127, 0, 0, 51, 0, 0, 26185.55, 3, 0, 0, 0.08, 534, 319, 25264.06, 67035, 64676
1695427139, 0, 0, 51, 0, 0, 26185.55, 3, 0, 0, 0.24, 537, 319, 25264.06, 67035, 64676
1695427157, 0, 0, 51, 0, 0, 26185.55, 3, 0, 0, 0.50, 541, 324, 25264.06, 67035, 64676
1695427170, 0, 0, 51, 0, 0, 26185.55, 3, 0, 0, 0.23, 544, 324, 25264.06, 67035, 64676
1695427182, 0, 0, 51, 0, 0, 26185.55, 3, 0, 0, 0.68, 549, 327, 25264.06, 67035, 64676
1695427195, 0, 0, 52, 0, 0, 26187.50, 3, 0, 0, 0.40, 551, 330, 25266.02, 67040, 64681
1695427208, 0, 0, 52, 0, 0, 26187.50, 3, 0, 0, 0.23, 553, 331, 25266.02, 67040, 64681
1695427220, 0, 0, 52, 0, 0, 26187.50, 3, 0, 0, 0.49, 557, 333, 25266.02, 67040, 64681
1695427232, 0, 0, 52, 0, 0, 26187.50, 3, 0, 0, 0.16, 559, 333, 25266.02, 67040, 64681
1695427244, 0, 0, 52, 0, 0, 26187.50, 3, 0, 0, 0.42, 563, 334, 25266.02, 67040, 64681
1695427256, 0, 0, 52, 0, 0, 26187.50, 3, 0, 0, 0.16, 564, 335, 25266.02, 67040, 64681
1695427268, 0, 0, 52, 0, 0, 26187.50, 3, 0, 0, 0.17, 565, 336, 25266.02, 67040, 64681
1695427280, 0, 0, 52, 0, 0, 26187.50, 3, 0, 0, 0.58, 569, 339, 25266.02, 67040, 64681
1695427294, 0, 0, 52, 0, 0, 26187.50, 3, 0, 0, 0.15, 571, 339, 25266.02, 67040, 64681
1695427294, 0, 0, 52, 0, 0, 26187.50, 3, 0, 0, 20.00, 578, 339, 25266.02, 67040, 64681
1695427294, 0, 0, 52, 0, 0, 26187.50, 3, 0, 0, 25.64, 582, 343, 25266.02, 67040, 64681
1695427306, 0, 0, 52, 0, 0, 26187.50, 3, 0, 0, 0.08, 583, 343, 25266.02, 67040, 64681
1695427317, 0, 0, 52, 0, 0, 26187.50, 3, 0, 0, 0.45, 586, 345, 25266.02, 67040, 64681
1695427330, 0, 0, 52, 0, 0, 26187.50, 3, 0, 0, 0.46, 591, 346, 25266.02, 67040, 64681
1695427343, 0, 0, 52, 0, 0, 26187.50, 3, 0, 0, 0.70, 595, 351, 25266.02, 67040, 64681
1695427355, 0, 0, 52, 0, 0, 26187.50, 3, 0, 0, 0.32, 596, 354, 25266.02, 67040, 64681
1695427355, 0, 0, 52, 0, 0, 26187.50, 3, 0, 0, 28.66, 601, 358, 25266.02, 67040, 64681
1695427367, 0, 0, 52, 0, 0, 26187.50, 3, 0, 0, 0.09, 601, 359, 25266.02, 67040, 64681
1695427380, 0, 0, 52, 0, 0, 26187.50, 3, 0, 0, 0.23, 604, 359, 25266.02, 67040, 64681
1695427392, 0, 0, 52, 0, 0, 26187.50, 3, 0, 0, 0.55, 608, 362, 25266.02, 67040, 64681
1695427410, 0, 0, 52, 0, 0, 26187.50, 3, 0, 0, 0.11, 609, 363, 25266.02, 67040, 64681
1695427422, 0, 0, 52, 0, 0, 26187.50, 3, 0, 0, 0.09, 610, 363, 25266.02, 67040, 64681
1695427436, 0, 0, 52, 0, 0, 26187.50, 3, 0, 0, 0.57, 616, 365, 25266.02, 67040, 64681
1695427476, 0, 0, 52, 0, 0, 26187.50, 3, 0, 0, 0.12, 619, 367, 25266.02, 67040, 64681
1695427477, 0, 0, 52, 0, 0, 26187.50, 3, 0, 0, 28.25, 625, 371, 25266.02, 67040, 64681
1695427477, 0, 0, 52, 0, 0, 26187.50, 3, 0, 0, 23.81, 632, 372, 25266.02, 67040, 64681
1695427491, 0, 0, 52, 0, 0, 26187.50, 3, 0, 0, 0.72, 640, 374, 25266.02, 67040, 64681
1695427491, 0, 0, 52, 0, 0, 26187.50, 3, 0, 0, 34.70, 644, 381, 25266.02, 67040, 64681
1695427507, 0, 0, 52, 0, 0, 26187.50, 3, 0, 0, 0.06, 645, 381, 25266.02, 67040, 64681
1695427520, 0, 0, 52, 0, 0, 26187.50, 3, 0, 0, 0.53, 648, 385, 25266.02, 67040, 64681
1695427520, 0, 0, 52, 0, 0, 26187.50, 3, 0, 0, 26.67, 652, 389, 25266.02, 67040, 64681
1695427539, 0, 0, 52, 0, 0, 26187.50, 3, 0, 0, 0.16, 653, 391, 25266.02, 67040, 64681
1695427551, 0, 0, 52, 0, 0, 26187.50, 3, 0, 0, 0.09, 654, 391, 25266.02, 67040, 64681
1695427563, 0, 0, 52, 0, 0, 26187.50, 3, 0, 0, 0.16, 655, 392, 25266.02, 67040, 64681
1695427564, 0, 0, 52, 0, 0, 26187.50, 3, 0, 0, 33.06, 662, 397, 25266.02, 67040, 64681
1695427564, 0, 0, 52, 0, 0, 26187.50, 3, 0, 0, 18.69, 664, 401, 25266.02, 67040, 64681
1695427564, 0, 0, 52, 0, 0, 26187.50, 3, 0, 0, 25.56, 670, 403, 25266.02, 67040, 64681
1695427564, 0, 0, 52, 0, 0, 26187.50, 3, 0, 0, 15.20, 675, 403, 25266.02, 67040, 64681
1695427577, 0, 0, 52, 0, 0, 26187.50, 3, 0, 0, 0.49, 680, 404, 25266.02, 67040, 64681
1695427609, 0, 0, 52, 0, 0, 26187.50, 3, 0, 0, 0.22, 687, 404, 25266.02, 67040, 64681
1695427621, 0, 0, 52, 0, 0, 26187.50, 3, 0, 0, 0.51, 691, 406, 25266.02, 67040, 64681
1695427634, 0, 0, 52, 0, 0, 26187.50, 3, 0, 0, 0.62, 698, 407, 25266.02, 67040, 64681
1695427644, 0, 0, 52, 0, 0, 26187.50, 3, 0, 0, 0.28, 700, 408, 25266.02, 67040, 64681
1695427656, 0, 0, 52, 0, 0, 26187.50, 3, 0, 0, 0.35, 704, 408, 25266.02, 67040, 64681
1695427669, 0, 0, 52, 0, 0, 26187.50, 3, 0, 0, 0.32, 707, 409, 25266.02, 67040, 64681
1695427669, 0, 0, 52, 0, 0, 26187.50, 3, 0, 0, 26.67, 714, 410, 25266.02, 67040, 64681
1695427681, 0, 0, 52, 0, 0, 26187.50, 3, 0, 0, 0.08, 715, 410, 25266.02, 67040, 64681
1695427694, 0, 0, 52, 0, 0, 26187.50, 3, 0, 0, 0.31, 718, 411, 25266.02, 67040, 64681
1695427695, 0, 0, 52, 0, 0, 26187.50, 3, 0, 0, 19.23, 722, 414, 25266.02, 67040, 64681
1695427707, 0, 0, 52, 0, 0, 26187.50, 3, 0, 0, 0.08, 723, 414, 25266.02, 67040, 64681
1695427729, 0, 0, 53, 0, 0, 26187.89, 3, 0, 0, 0.23, 727, 415, 25266.41, 67041, 64682
1695427743, 0, 0, 53, 0, 0, 26187.89, 3, 0, 0, 0.48, 734, 415, 25266.41, 67041, 64682
1695427744, 0, 0, 53, 0, 0, 26187.89, 3, 0, 0, 32.68, 742, 417, 25266.41, 67041, 64682
1695427756, 0, 0, 53, 0, 0, 26187.89, 3, 0, 0, 0.33, 745, 418, 25266.41, 67041, 64682
1695427756, 0, 0, 53, 0, 0, 26187.89, 3, 0, 0, 35.37, 752, 422, 25266.41, 67041, 64682
1695427770, 0, 0, 53, 0, 0, 26187.89, 3, 0, 0, 0.65, 756, 427, 25266.41, 67041, 64682
1695427785, 0, 0, 53, 0, 0, 26187.89, 3, 0, 0, 0.13, 758, 427, 25266.41, 67041, 64682
1695427799, 0, 0, 53, 0, 0, 26187.89, 3, 0, 0, 0.22, 760, 428, 25266.41, 67041, 64682
1695427812, 0, 0, 53, 0, 0, 26187.89, 3, 0, 0, 0.37, 764, 429, 25266.41, 67041, 64682
1695427825, 0, 0, 53, 0, 0, 26187.89, 3, 0, 0, 0.39, 768, 430, 25266.41, 67041, 64682
1695427838, 0, 0, 53, 0, 0, 26187.89, 3, 0, 0, 0.08, 769, 430, 25266.41, 67041, 64682
1695427850, 0, 0, 53, 0, 0, 26187.89, 3, 0, 0, 0.33, 771, 432, 25266.41, 67041, 64682
1695427863, 0, 0, 53, 0, 0, 26187.89, 3, 0, 0, 0.24, 773, 433, 25266.41, 67041, 64682
1695427887, 0, 0, 53, 0, 0, 26187.89, 3, 0, 0, 0.16, 775, 435, 25266.41, 67041, 64682
1695427899, 0, 0, 53, 0, 0, 26187.89, 3, 0, 0, 0.08, 776, 435, 25266.41, 67041, 64682
1695427900, 0, 0, 53, 0, 0, 26187.89, 3, 0, 0, 15.71, 779, 438, 25266.41, 67041, 64682
1695427912, 0, 0, 53, 0, 0, 26187.89, 3, 0, 0, 0.32, 783, 438, 25266.41, 67041, 64682
1695427924, 0, 0, 53, 0, 0, 26187.89, 3, 0, 0, 0.09, 784, 438, 25266.41, 67041, 64682
1695427924, 0, 0, 53, 0, 0, 26187.89, 3, 0, 0, 18.77, 788, 441, 25266.41, 67041, 64682
1695427936, 0, 0, 53, 0, 0, 26187.89, 3, 0, 0, 0.25, 790, 442, 25266.41, 67041, 64682
1695427936, 0, 0, 53, 0, 0, 26187.89, 3, 0, 0, 34.27, 794, 449, 25266.41, 67041, 64682
1695427948, 0, 0, 53, 0, 0, 26187.89, 3, 0, 0, 0.51, 797, 452, 25266.41, 67041, 64682
1695427948, 0, 0, 53, 0, 0, 26187.89, 3, 0, 0, 26.25, 803, 456, 25266.41, 67041, 64682
1695427962, 0, 0, 53, 0, 0, 26187.89, 3, 0, 0, 0.35, 806, 458, 25266.41, 67041, 64682
1695427974, 0, 0, 53, 0, 0, 26187.89, 3, 0, 0, 0.26, 808, 459, 25266.41, 67041, 64682
1695427986, 0, 0, 53, 0, 0, 26187.89, 3, 0, 0, 0.17, 810, 459, 25266.41, 67041, 64682
1695427999, 0, 0, 53, 0, 0, 26187.89, 3, 0, 0, 0.39, 814, 460, 25266.41, 67041, 64682
1695427999, 0, 0, 53, 0, 0, 26187.89, 3, 0, 0, 23.53, 819, 463, 25266.41, 67041, 64682
1695428011, 0, 0, 53, 0, 0, 26187.89, 3, 0, 0, 0.09, 820, 463, 25266.41, 67041, 64682
1695428027, 0, 0, 53, 0, 0, 26187.89, 3, 0, 0, 0.19, 821, 465, 25266.41, 67041, 64682
1695428038, 0, 0, 53, 0, 0, 26187.89, 3, 0, 0, 0.35, 824, 466, 25266.41, 67041, 64682
1695428055, 0, 0, 53, 0, 0, 26187.89, 3, 0, 0, 0.18, 827, 466, 25266.41, 67041, 64682
1695428068, 0, 0, 53, 0, 0, 26187.89, 3, 0, 0, 0.07, 828, 466, 25266.41, 67041, 64682
1695428084, 0, 0, 53, 0, 0, 26187.89, 3, 0, 0, 0.25, 831, 467, 25266.41, 67041, 64682
1695428106, 0, 0, 53, 0, 0, 26187.89, 3, 0, 0, 0.04, 832, 467, 25266.41, 67041, 64682
1695428132, 0, 0, 53, 0, 0, 26187.89, 3, 0, 0, 0.08, 834, 467, 25266.41, 67041, 64682
1695428132, 0, 0, 53, 0, 0, 26187.89, 3, 0, 0, 7.89, 837, 467, 25266.41, 67041, 64682
1695428144, 0, 0, 53, 0, 0, 26187.89, 3, 0, 0, 0.08, 838, 467, 25266.41, 67041, 64682
1695428157, 0, 0, 53, 0, 0, 26187.89, 3, 0, 0, 0.23, 840, 468, 25266.41, 67041, 64682
1695428169, 0, 0, 53, 0, 0, 26187.89, 3, 0, 0, 0.33, 843, 469, 25266.41, 67041, 64682
1695428170, 0, 0, 53, 0, 0, 26187.89, 3, 0, 0, 24.46, 846, 474, 25266.41, 67041, 64682
1695428182, 0, 0, 53, 0, 0, 26187.89, 3, 0, 0, 0.56, 849, 478, 25266.41, 67041, 64682
1695428195, 0, 0, 53, 0, 0, 26187.89, 3, 0, 0, 0.16, 851, 478, 25266.41, 67041, 64682
1695428210, 0, 0, 53, 0, 0, 26187.89, 3, 0, 0, 0.06, 852, 478, 25266.41, 67041, 64682
1695428211, 0, 0, 53, 0, 0, 26187.89, 3, 0, 0, 20.00, 856, 480, 25266.41, 67041, 64682
1695428211, 0, 0, 53, 0, 0, 26187.89, 3, 0, 0, 24.02, 860, 484, 25266.41, 67041, 64682
1695428224, 0, 0, 53, 0, 0, 26187.89, 3, 0, 0, 0.52, 863, 488, 25266.41, 67041, 64682
1695428225, 0, 0, 53, 0, 0, 26187.89, 3, 0, 0, 9.32, 866, 488, 25266.41, 67041, 64682
1695428238, 0, 0, 53, 0, 0, 26187.89, 3, 0, 0, 0.30, 868, 490, 25266.41, 67041, 64682
1695428256, 0, 0, 53, 0, 0, 26187.89, 3, 0, 0, 0.06, 869, 490, 25266.41, 67041, 64682
1695428256, 0, 0, 53, 0, 0, 26187.89, 3, 0, 0, 19.42, 872, 493, 25266.41, 67041, 64682
1695428256, 0, 0, 53, 0, 0, 26187.89, 3, 0, 0, 19.05, 875, 496, 25266.41, 67041, 64682
1695428257, 0, 0, 53, 0, 0, 26187.89, 3, 0, 0, 28.85, 879, 501, 25266.41, 67041, 64682
1695428269, 0, 0, 53, 0, 0, 26187.89, 3, 0, 0, 0.08, 880, 501, 25266.41, 67041, 64682
1695428282, 0, 0, 53, 0, 0, 26187.89, 3, 0, 0, 0.47, 885, 502, 25266.41, 67041, 64682
1695428296, 0, 0, 53, 0, 0, 26187.89, 3, 0, 0, 0.43, 887, 506, 25266.41, 67041, 64682
1695428296, 0, 0, 53, 0, 0, 26187.89, 3, 0, 0, 20.00, 889, 510, 25266.41, 67041, 64682
1695428321, 0, 0, 53, 0, 0, 26187.89, 3, 0, 0, 0.08, 890, 511, 25266.41, 67041, 64682
1695428334, 0, 0, 53, 0, 0, 26187.89, 3, 0, 0, 0.16, 892, 511, 25266.41, 67041, 64682
1695428334, 0, 0, 53, 0, 0, 26187.89, 3, 0, 0, 8.60, 894, 512, 25266.41, 67041, 64682
1695428335, 0, 0, 53, 0, 0, 26187.89, 3, 0, 0, 18.99, 897, 515, 25266.41, 67041, 64682
1695428335, 0, 0, 53, 0, 0, 26187.89, 3, 0, 0, 8.98, 899, 516, 25266.41, 67041, 64682
1695428335, 0, 0, 53, 0, 0, 26187.89, 3, 0, 0, 24.39, 902, 521, 25266.41, 67041, 64682
1695428350, 0, 0, 53, 0, 0, 26187.89, 3, 0, 0, 0.21, 905, 521, 25266.41, 67041, 64682
1695428364, 0, 0, 53, 0, 0, 26187.89, 3, 0, 0, 0.48, 908, 525, 25266.41, 67041, 64682
1695428378, 0, 0, 54, 0, 0, 26188.28, 3, 0, 0, 0.15, 909, 526, 25266.80, 67042, 64683
1695428390, 0, 0, 54, 0, 0, 26188.28, 3, 0, 0, 0.25, 909, 529, 25266.80, 67042, 64683
1695428403, 0, 0, 54, 0, 0, 26188.28, 3, 0, 0, 0.38, 912, 531, 25266.80, 67042, 64683
1695428403, 0, 0, 54, 0, 0, 26188.28, 3, 0, 0, 8.98, 915, 531, 25266.80, 67042, 64683
1695428404, 0, 0, 54, 0, 0, 26188.28, 3, 0, 0, 19.17, 920, 532, 25266.80, 67042, 64683
1695428417, 0, 0, 54, 0, 0, 26188.28, 3, 0, 0, 0.39, 923, 534, 25266.80, 67042, 64683
1695428430, 0, 0, 54, 0, 0, 26188.28, 3, 0, 0, 0.45, 927, 536, 25266.80, 67042, 64683
1695428444, 0, 0, 54, 0, 0, 26188.28, 3, 0, 0, 0.14, 928, 537, 25266.80, 67042, 64683
1695428445, 0, 0, 54, 0, 0, 26188.28, 3, 0, 0, 15.87, 932, 539, 25266.80, 67042, 64683
1695428460, 0, 0, 54, 0, 0, 26188.28, 3, 0, 0, 0.27, 934, 541, 25266.80, 67042, 64683
1695428472, 0, 0, 54, 0, 0, 26188.28, 3, 0, 0, 0.32, 936, 543, 25266.80, 67042, 64683
1695428485, 0, 0, 54, 0, 0, 26188.28, 3, 0, 0, 0.15, 936, 545, 25266.80, 67042, 64683
1695428498, 0, 0, 54, 0, 0, 26188.28, 3, 0, 0, 0.23, 939, 545, 25266.80, 67042, 64683
1695428498, 0, 0, 54, 0, 0, 26188.28, 3, 0, 0, 12.41, 942, 547, 25266.80, 67042, 64683
1695428499, 0, 0, 54, 0, 0, 26188.28, 3, 0, 0, 15.83, 944, 551, 25266.80, 67042, 64683
1695428499, 0, 0, 54, 0, 0, 26188.28, 3, 0, 0, 13.33, 947, 552, 25266.80, 67042, 64683
1695428518, 0, 0, 55, 0, 0, 26189.06, 3, 0, 0, 0.32, 950, 555, 25267.58, 67044, 64685
1695428585, 0, 0, 55, 0, 0, 26189.06, 3, 0, 0, 0.04, 951, 557, 25267.58, 67044, 64685
1695428585, 0, 0, 55, 0, 0, 26189.06, 3, 0, 0, 16.34, 954, 559, 25267.58, 67044, 64685
1695428603, 0, 0, 55, 0, 0, 26189.06, 3, 0, 0, 0.06, 955, 559, 25267.58, 67044, 64685
1695428617, 0, 0, 55, 0, 0, 26189.06, 3, 0, 0, 0.23, 958, 559, 25267.58, 67044, 64685
1695428617, 0, 0, 55, 0, 0, 26189.06, 3, 0, 0, 14.53, 961, 561, 25267.58, 67044, 64685
1695428633, 0, 0, 55, 0, 0, 26189.06, 3, 0, 0, 0.32, 964, 563, 25267.58, 67044, 64685
1695428633, 0, 0, 55, 0, 0, 26189.06, 3, 0, 0, 19.05, 969, 564, 25267.58, 67044, 64685
1695428646, 0, 0, 55, 0, 0, 26189.06, 3, 0, 0, 0.08, 970, 564, 25267.58, 67044, 64685
1695428646, 0, 0, 55, 0, 0, 26189.06, 3, 0, 0, 8.93, 972, 565, 25267.58, 67044, 64685
1695428647, 0, 0, 55, 0, 0, 26189.06, 3, 0, 0, 12.93, 976, 567, 25267.58, 67044, 64685
1695428647, 0, 0, 55, 0, 0, 26189.06, 3, 0, 0, 9.04, 977, 569, 25267.58, 67044, 64685
1695428666, 0, 0, 55, 0, 0, 26189.06, 3, 0, 0, 0.11, 978, 570, 25267.58, 67044, 64685
1695428666, 0, 0, 55, 0, 0, 26189.06, 3, 0, 0, 11.98, 980, 572, 25267.58, 67044, 64685
1695428689, 0, 0, 55, 0, 0, 26189.06, 3, 0, 0, 0.18, 982, 574, 25267.58, 67044, 64685
1695428702, 0, 0, 55, 0, 0, 26189.06, 3, 0, 0, 0.07, 983, 574, 25267.58, 67044, 64685
1695428719, 0, 0, 55, 0, 0, 26189.06, 3, 0, 0, 0.29, 985, 577, 25267.58, 67044, 64685
1695428720, 0, 0, 55, 0, 0, 26189.06, 3, 0, 0, 5.65, 987, 577, 25267.58, 67044, 64685
1695428720, 0, 0, 55, 0, 0, 26189.06, 3, 0, 0, 9.20, 990, 578, 25267.58, 67044, 64685
1695428734, 0, 0, 55, 0, 0, 26189.06, 3, 0, 0, 0.15, 992, 578, 25267.58, 67044, 64685
1695428734, 0, 0, 55, 0, 0, 26189.06, 3, 0, 0, 9.90, 995, 578, 25267.58, 67044, 64685
1695428748, 0, 0, 55, 0, 0, 26189.06, 3, 0, 0, 0.07, 996, 578, 25267.58, 67044, 64685
1695428748, 0, 0, 55, 0, 0, 26189.06, 3, 0, 0, 10.61, 998, 580, 25267.58, 67044, 64685
1695428761, 0, 0, 55, 0, 0, 26189.06, 3, 0, 0, 0.16, 999, 581, 25267.58, 67044, 64685
1695428761, 0, 0, 55, 0, 0, 26189.06, 3, 0, 0, 22.80, 1002, 585, 25267.58, 67044, 64685
1695428762, 0, 0, 55, 0, 0, 26189.06, 3, 0, 0, 21.15, 1004, 590, 25267.58, 67044, 64685
1695428762, 0, 0, 55, 0, 0, 26189.06, 3, 0, 0, 12.38, 1007, 592, 25267.58, 67044, 64685
1695428776, 0, 0, 55, 0, 0, 26189.06, 3, 0, 0, 0.15, 1008, 593, 25267.58, 67044, 64685
1695428788, 0, 0, 55, 0, 0, 26189.06, 3, 0, 0, 0.16, 1009, 594, 25267.58, 67044, 64685
1695428789, 0, 0, 55, 0, 0, 26189.06, 3, 0, 0, 13.19, 1012, 596, 25267.58, 67044, 64685
1695428803, 0, 0, 55, 0, 0, 26189.06, 3, 0, 0, 0.07, 1013, 596, 25267.58, 67044, 64685
1695428820, 0, 0, 56, 0, 0, 26190.23, 3, 0, 0, 0.23, 1016, 597, 25268.75, 67047, 64688
1695428836, 0, 0, 56, 0, 0, 26190.23, 3, 0, 0, 0.19, 1018, 598, 25268.75, 67047, 64688
1695428852, 0, 0, 56, 0, 0, 26190.23, 3, 0, 0, 0.06, 1019, 598, 25268.75, 67047, 64688
1695428869, 0, 0, 56, 0, 0, 26190.23, 3, 0, 0, 0.06, 1020, 598, 25268.75, 67047, 64688
1695428869, 0, 0, 56, 0, 0, 26190.23, 3, 0, 0, 8.26, 1022, 600, 25268.75, 67047, 64688
1695428889, 0, 0, 56, 0, 0, 26190.23, 3, 0, 0, 0.15, 1023, 602, 25268.75, 67047, 64688
1695428902, 0, 0, 56, 0, 0, 26190.23, 3, 0, 0, 0.16, 1024, 603, 25268.75, 67047, 64688
1695428913, 0, 0, 56, 0, 0, 26190.23, 3, 0, 0, 0.18, 1025, 604, 25268.75, 67047, 64688
1695428913, 0, 0, 56, 0, 0, 26190.23, 3, 0, 0, 9.97, 1028, 604, 25268.75, 67047, 64688
1695428913, 0, 0, 56, 0, 0, 26190.23, 3, 0, 0, 9.93, 1031, 604, 25268.75, 67047, 64688
1695428914, 0, 0, 56, 0, 0, 26190.23, 3, 0, 0, 22.01, 1035, 607, 25268.75, 67047, 64688
1695428914, 0, 0, 56, 0, 0, 26190.23, 3, 0, 0, 20.65, 1036, 613, 25268.75, 67047, 64688
1695428926, 0, 0, 56, 0, 0, 26190.23, 3, 0, 0, 0.25, 1039, 613, 25268.75, 67047, 64688
1695428926, 0, 0, 56, 0, 0, 26190.23, 3, 0, 0, 15.24, 1042, 615, 25268.75, 67047, 64688
1695428937, 0, 0, 56, 0, 0, 26190.23, 3, 0, 0, 0.28, 1044, 616, 25268.75, 67047, 64688
1695428948, 0, 0, 56, 0, 0, 26190.23, 3, 0, 0, 0.09, 1045, 616, 25268.75, 67047, 64688
1695428959, 0, 0, 56, 0, 0, 26190.23, 3, 0, 0, 0.45, 1048, 618, 25268.75, 67047, 64688
1695428959, 0, 0, 56, 0, 0, 26190.23, 3, 0, 0, 21.81, 1051, 622, 25268.75, 67047, 64688
1695428960, 0, 0, 56, 0, 0, 26190.23, 3, 0, 0, 17.24, 1055, 624, 25268.75, 67047, 64688
1695428971, 0, 0, 56, 0, 0, 26190.23, 3, 0, 0, 0.09, 1056, 624, 25268.75, 67047, 64688
1695428981, 0, 0, 56, 0, 0, 26190.23, 3, 0, 0, 0.19, 1057, 625, 25268.75, 67047, 64688
1695428992, 0, 0, 56, 0, 0, 26190.23, 3, 0, 0, 0.54, 1061, 627, 25268.75, 67047, 64688
1695428993, 0, 0, 56, 0, 0, 26190.23, 3, 0, 0, 21.54, 1067, 628, 25268.75, 67047, 64688
1695428993, 0, 0, 56, 0, 0, 26190.23, 3, 0, 0, 20.90, 1070, 632, 25268.75, 67047, 64688
1695428993, 0, 0, 56, 0, 0, 26190.23, 3, 0, 0, 6.41, 1072, 632, 25268.75, 67047, 64688
1695429007, 0, 0, 56, 0, 0, 26190.23, 3, 0, 0, 0.29, 1075, 633, 25268.75, 67047, 64688
1695429008, 0, 0, 56, 0, 0, 26190.23, 3, 0, 0, 11.52, 1077, 636, 25268.75, 67047, 64688
1695429020, 0, 0, 56, 0, 0, 26190.23, 3, 0, 0, 0.43, 1080, 638, 25268.75, 67047, 64688
1695429031, 0, 0, 56, 0, 0, 26190.23, 3, 0, 0, 0.09, 1081, 638, 25268.75, 67047, 64688
1695429031, 0, 0, 56, 0, 0, 26190.23, 3, 0, 0, 0.00, 1081, 638, 25268.75, 67047, 64688
