# unix_time, cycles_done, cur_path, paths_total, pending_total, pending_favs, map_size, unique_crashes, unique_hangs, max_depth, execs_per_sec, valid_inputs, invalid_inputs, valid_cov, all_covered_probes, valid_covered_probes
1695410986, 0, 0, 0, 0, 0, 0.00, 1, 0, 0, 0.05, 0, 1, 0.00, 0, 0
1695410986, 0, 0, 1, 0, 0, 3133.59, 1, 0, 0, 2.30, 1, 1, 3133.59, 8022, 8022
1695410986, 0, 0, 6, 0, 0, 4504.69, 1, 0, 0, 16.61, 3, 4, 3174.61, 11532, 8127
1695410999, 0, 0, 7, 0, 0, 20052.34, 1, 0, 0, 0.08, 4, 4, 19455.47, 51334, 49806
1695411012, 0, 0, 12, 0, 0, 20446.48, 1, 0, 0, 0.54, 9, 6, 19932.42, 52343, 51027
1695411012, 0, 0, 12, 0, 0, 20446.48, 1, 0, 0, 14.49, 13, 7, 19932.42, 52343, 51027
1695411032, 0, 0, 13, 0, 0, 20703.13, 1, 0, 0, 0.10, 15, 7, 20190.63, 53000, 51688
1695411045, 0, 0, 16, 0, 0, 20846.88, 1, 0, 0, 1.04, 20, 15, 20350.00, 53368, 52096
1695411058, 0, 0, 18, 0, 0, 20877.73, 1, 0, 0, 0.15, 22, 15, 20380.86, 53447, 52175
1695411071, 0, 0, 20, 0, 0, 20903.13, 1, 0, 0, 0.24, 23, 17, 20405.47, 53512, 52238
1695411082, 0, 0, 23, 0, 0, 20921.48, 1, 0, 0, 0.44, 26, 19, 20418.75, 53559, 52272
1695411118, 0, 0, 24, 0, 0, 21021.09, 1, 0, 0, 0.20, 33, 19, 20518.36, 53814, 52527
1695411129, 0, 0, 26, 0, 0, 21032.81, 1, 0, 0, 0.45, 35, 22, 20526.17, 53844, 52547
1695411140, 0, 0, 28, 0, 0, 21034.38, 1, 0, 0, 0.72, 41, 24, 20528.13, 53848, 52552
1695411151, 0, 0, 28, 0, 0, 21034.38, 1, 0, 0, 0.09, 42, 24, 20528.13, 53848, 52552
1695411162, 0, 0, 28, 0, 0, 21034.38, 2, 0, 0, 0.18, 43, 25, 20528.13, 53848, 52552
1695411179, 0, 0, 30, 0, 0, 21587.89, 2, 0, 0, 0.94, 50, 34, 21095.31, 55265, 54004
1695411200, 0, 0, 31, 0, 0, 21609.77, 2, 0, 0, 0.19, 51, 37, 21117.19, 55321, 54060
1695411213, 0, 0, 33, 0, 0, 21610.55, 2, 0, 0, 0.16, 53, 37, 21117.97, 55323, 54062
1695411225, 0, 0, 34, 0, 0, 21612.11, 2, 0, 0, 0.75, 58, 41, 21119.53, 55327, 54066
1695411225, 0, 0, 34, 0, 0, 21612.11, 2, 0, 0, 37.97, 67, 44, 21119.53, 55327, 54066
1695411237, 0, 0, 35, 0, 0, 21612.50, 2, 0, 0, 0.95, 72, 50, 21119.53, 55328, 54066
1695411252, 0, 0, 36, 0, 0, 21614.06, 2, 0, 0, 0.52, 75, 55, 21121.09, 55332, 54070
1695411269, 0, 0, 37, 0, 0, 21620.70, 2, 0, 0, 0.06, 76, 55, 21127.73, 55349, 54087
1695411289, 0, 0, 38, 0, 0, 21636.33, 2, 0, 0, 0.35, 79, 59, 21143.36, 55389, 54127
1695411303, 0, 0, 38, 0, 0, 21636.33, 2, 0, 0, 0.14, 80, 60, 21143.36, 55389, 54127
1695411315, 0, 0, 39, 0, 0, 21636.72, 2, 0, 0, 0.25, 82, 61, 21143.75, 55390, 54128
1695411326, 0, 0, 39, 0, 0, 21636.72, 2, 0, 0, 0.18, 82, 63, 21143.75, 55390, 54128
1695411339, 0, 0, 39, 0, 0, 21636.72, 2, 0, 0, 0.46, 87, 64, 21143.75, 55390, 54128
1695411354, 0, 0, 39, 0, 0, 21636.72, 2, 0, 0, 0.07, 87, 65, 21143.75, 55390, 54128
1695411367, 0, 0, 40, 0, 0, 21639.45, 2, 0, 0, 0.47, 92, 66, 21146.48, 55397, 54135
1695411367, 0, 0, 40, 0, 0, 21639.45, 2, 0, 0, 11.11, 94, 68, 21146.48, 55397, 54135
1695411380, 0, 0, 40, 0, 0, 21639.45, 2, 0, 0, 0.16, 96, 68, 21146.48, 55397, 54135
1695411380, 0, 0, 40, 0, 0, 21639.45, 2, 0, 0, 54.84, 106, 75, 21146.48, 55397, 54135
1695411392, 0, 0, 40, 0, 0, 21639.45, 2, 0, 0, 0.41, 109, 77, 21146.48, 55397, 54135
1695411405, 0, 0, 40, 0, 0, 21639.45, 2, 0, 0, 0.46, 112, 80, 21146.48, 55397, 54135
1695411406, 0, 0, 40, 0, 0, 21639.45, 2, 0, 0, 24.84, 118, 82, 21146.48, 55397, 54135
1695411420, 0, 0, 41, 0, 0, 21639.84, 2, 0, 0, 0.34, 121, 84, 21146.88, 55398, 54136
1695411434, 0, 0, 41, 0, 0, 21639.84, 2, 0, 0, 0.59, 127, 86, 21146.88, 55398, 54136
1695411446, 0, 0, 42, 0, 0, 21640.63, 2, 0, 0, 0.08, 128, 86, 21147.66, 55400, 54138
1695411447, 0, 0, 42, 0, 0, 21640.63, 2, 0, 0, 6.39, 130, 86, 21147.66, 55400, 54138
1695411493, 0, 0, 43, 0, 0, 21641.02, 2, 0, 0, 0.09, 132, 88, 21148.05, 55401, 54139
1695411511, 0, 0, 43, 0, 0, 21641.02, 2, 0, 0, 0.29, 134, 91, 21148.05, 55401, 54139
1695411530, 0, 0, 44, 0, 0, 21641.41, 2, 0, 0, 0.05, 135, 91, 21148.44, 55402, 54140
1695411530, 0, 0, 44, 0, 0, 21641.41, 2, 0, 0, 2.91, 135, 92, 21148.44, 55402, 54140
1695411548, 0, 0, 44, 0, 0, 21641.41, 2, 0, 0, 0.69, 141, 98, 21148.44, 55402, 54140
1695411561, 0, 0, 44, 0, 0, 21641.41, 2, 0, 0, 0.51, 145, 101, 21148.44, 55402, 54140
1695411575, 0, 0, 44, 0, 0, 21641.41, 2, 0, 0, 0.15, 147, 101, 21148.44, 55402, 54140
1695411592, 0, 0, 44, 0, 0, 21641.41, 2, 0, 0, 0.45, 153, 103, 21148.44, 55402, 54140
1695411635, 0, 0, 45, 0, 0, 21641.80, 2, 0, 0, 0.07, 155, 104, 21148.83, 55403, 54141
1695411648, 0, 0, 46, 0, 0, 21652.34, 2, 0, 0, 0.85, 160, 110, 21159.38, 55430, 54168
1695411648, 0, 0, 46, 0, 0, 21652.34, 2, 0, 0, 28.66, 166, 113, 21159.38, 55430, 54168
1695411660, 0, 0, 46, 0, 0, 21652.34, 2, 0, 0, 0.66, 170, 117, 21159.38, 55430, 54168
1695411672, 0, 0, 47, 0, 0, 21653.91, 2, 0, 0, 0.32, 172, 119, 21160.94, 55434, 54172
1695411685, 0, 0, 47, 0, 0, 21653.91, 2, 0, 0, 0.55, 178, 120, 21160.94, 55434, 54172
1695411699, 0, 0, 48, 0, 0, 21654.30, 2, 0, 0, 0.49, 183, 122, 21161.33, 55435, 54173
1695411713, 0, 0, 48, 0, 0, 21654.30, 2, 0, 0, 0.21, 186, 122, 21161.33, 55435, 54173
1695411727, 0, 0, 48, 0, 0, 21654.30, 2, 0, 0, 0.22, 188, 123, 21161.33, 55435, 54173
1695411740, 0, 0, 48, 0, 0, 21654.30, 2, 0, 0, 0.15, 189, 124, 21161.33, 55435, 54173
1695411757, 0, 0, 49, 0, 0, 21662.50, 2, 0, 0, 0.06, 190, 124, 21169.53, 55456, 54194
1695411770, 0, 0, 49, 0, 0, 21662.50, 2, 0, 0, 0.31, 192, 126, 21169.53, 55456, 54194
1695411783, 0, 0, 49, 0, 0, 21662.50, 2, 0, 0, 0.23, 194, 127, 21169.53, 55456, 54194
1695411800, 0, 0, 49, 0, 0, 21662.50, 2, 0, 0, 0.57, 199, 132, 21169.53, 55456, 54194
1695411813, 0, 0, 49, 0, 0, 21662.50, 2, 0, 0, 0.24, 201, 133, 21169.53, 55456, 54194
1695411814, 0, 0, 49, 0, 0, 21662.50, 2, 0, 0, 32.59, 210, 143, 21169.53, 55456, 54194
1695411830, 0, 0, 50, 0, 0, 21671.09, 2, 0, 0, 0.06, 211, 143, 21178.13, 55478, 54216
1695411859, 0, 0, 50, 0, 0, 21671.09, 2, 0, 0, 0.35, 217, 147, 21178.13, 55478, 54216
1695411870, 0, 0, 50, 0, 0, 21671.09, 2, 0, 0, 0.18, 217, 149, 21178.13, 55478, 54216
1695411882, 0, 0, 50, 0, 0, 21671.09, 2, 0, 0, 0.59, 221, 152, 21178.13, 55478, 54216
1695411895, 0, 0, 50, 0, 0, 21671.09, 2, 0, 0, 0.24, 224, 152, 21178.13, 55478, 54216
1695411908, 0, 0, 50, 0, 0, 21671.09, 2, 0, 0, 0.15, 226, 152, 21178.13, 55478, 54216
1695411929, 0, 0, 51, 0, 0, 21671.48, 2, 0, 0, 0.09, 227, 153, 21178.52, 55479, 54217
1695411943, 0, 0, 51, 0, 0, 21671.48, 2, 0, 0, 0.37, 231, 154, 21178.52, 55479, 54217
1695411943, 0, 0, 51, 0, 0, 21671.48, 2, 0, 0, 66.45, 241, 164, 21178.52, 55479, 54217
1695411954, 0, 0, 51, 0, 0, 21671.48, 2, 0, 0, 0.27, 242, 166, 21178.52, 55479, 54217
1695411966, 0, 0, 51, 0, 0, 21671.48, 2, 0, 0, 0.25, 244, 167, 21178.52, 55479, 54217
1695412001, 0, 0, 51, 0, 0, 21671.48, 2, 0, 0, 0.20, 250, 168, 21178.52, 55479, 54217
1695412014, 0, 0, 52, 0, 0, 21674.61, 2, 0, 0, 0.85, 255, 174, 21181.64, 55487, 54225
1695412014, 0, 0, 52, 0, 0, 21674.61, 2, 0, 0, 11.33, 257, 176, 21181.64, 55487, 54225
1695412033, 0, 0, 52, 0, 0, 21674.61, 2, 0, 0, 0.87, 263, 186, 21181.64, 55487, 54225
1695412045, 0, 0, 52, 0, 0, 21674.61, 2, 0, 0, 0.41, 266, 188, 21181.64, 55487, 54225
1695412060, 0, 0, 52, 0, 0, 21674.61, 2, 0, 0, 0.46, 269, 192, 21181.64, 55487, 54225
1695412079, 0, 0, 52, 0, 0, 21674.61, 2, 0, 0, 0.10, 271, 192, 21181.64, 55487, 54225
1695412092, 0, 0, 52, 0, 0, 21674.61, 3, 0, 0, 0.71, 274, 198, 21181.64, 55487, 54225
1695412107, 0, 0, 53, 0, 0, 21675.00, 3, 0, 0, 0.27, 275, 201, 21182.03, 55488, 54226
1695412123, 0, 0, 53, 0, 0, 21675.00, 3, 0, 0, 0.62, 282, 204, 21182.03, 55488, 54226
1695412145, 0, 0, 53, 0, 0, 21675.00, 3, 0, 0, 0.23, 285, 206, 21182.03, 55488, 54226
1695412158, 0, 0, 53, 0, 0, 21675.00, 3, 0, 0, 0.24, 288, 206, 21182.03, 55488, 54226
1695412170, 0, 0, 53, 0, 0, 21675.00, 3, 0, 0, 0.08, 289, 206, 21182.03, 55488, 54226
1695412185, 0, 0, 54, 0, 0, 21676.95, 3, 0, 0, 0.53, 294, 209, 21183.98, 55493, 54231
1695412198, 0, 0, 54, 0, 0, 21676.95, 3, 0, 0, 0.41, 297, 211, 21183.98, 55493, 54231
1695412219, 0, 0, 54, 0, 0, 21676.95, 3, 0, 0, 0.47, 304, 214, 21183.98, 55493, 54231
1695412231, 0, 0, 54, 0, 0, 21676.95, 3, 0, 0, 0.08, 305, 214, 21183.98, 55493, 54231
1695412242, 0, 0, 54, 0, 0, 21676.95, 3, 0, 0, 0.43, 309, 215, 21183.98, 55493, 54231
1695412255, 0, 0, 54, 0, 0, 21676.95, 3, 0, 0, 0.08, 310, 215, 21183.98, 55493, 54231
1695412267, 0, 0, 54, 0, 0, 21676.95, 3, 0, 0, 0.56, 313, 219, 21183.98, 55493, 54231
1695412280, 0, 0, 54, 0, 0, 21676.95, 3, 0, 0, 0.08, 314, 219, 21183.98, 55493, 54231
1695412293, 0, 0, 54, 0, 0, 21676.95, 3, 0, 0, 0.15, 316, 219, 21183.98, 55493, 54231
1695412305, 0, 0, 54, 0, 0, 21676.95, 3, 0, 0, 1.38, 326, 226, 21183.98, 55493, 54231
1695412317, 0, 0, 54, 0, 0, 21676.95, 3, 0, 0, 0.25, 329, 226, 21183.98, 55493, 54231
1695412331, 0, 0, 55, 0, 0, 21677.34, 3, 0, 0, 0.90, 337, 230, 21184.38, 55494, 54232
1695412331, 0, 0, 55, 0, 0, 21677.34, 3, 0, 0, 21.33, 341, 234, 21184.38, 55494, 54232
1695412344, 0, 0, 55, 0, 0, 21677.34, 3, 0, 0, 0.08, 342, 234, 21184.38, 55494, 54232
1695412344, 0, 0, 55, 0, 0, 21677.34, 3, 0, 0, 46.88, 352, 239, 21184.38, 55494, 54232
1695412356, 0, 0, 55, 0, 0, 21677.34, 3, 0, 0, 0.25, 355, 239, 21184.38, 55494, 54232
1695412369, 0, 0, 55, 0, 0, 21677.34, 3, 0, 0, 0.07, 356, 239, 21184.38, 55494, 54232
1695412383, 0, 0, 55, 0, 0, 21677.34, 3, 0, 0, 0.61, 358, 245, 21184.38, 55494, 54232
1695412419, 0, 0, 55, 0, 0, 21677.34, 3, 0, 0, 0.17, 360, 249, 21184.38, 55494, 54232
1695412419, 0, 0, 55, 0, 0, 21677.34, 3, 0, 0, 29.41, 366, 252, 21184.38, 55494, 54232
1695412419, 0, 0, 55, 0, 0, 21677.34, 3, 0, 0, 35.62, 373, 258, 21184.38, 55494, 54232
1695412420, 0, 0, 55, 0, 0, 21677.34, 3, 0, 0, 29.13, 377, 263, 21184.38, 55494, 54232
1695412434, 0, 0, 55, 0, 0, 21677.34, 3, 0, 0, 0.14, 379, 263, 21184.38, 55494, 54232
1695412450, 0, 0, 55, 0, 0, 21677.34, 3, 0, 0, 0.67, 384, 269, 21184.38, 55494, 54232
1695412473, 0, 0, 55, 0, 0, 21677.34, 3, 0, 0, 0.09, 386, 269, 21184.38, 55494, 54232
1695412485, 0, 0, 55, 0, 0, 21677.34, 3, 0, 0, 0.24, 388, 270, 21184.38, 55494, 54232
1695412486, 0, 0, 55, 0, 0, 21677.34, 3, 0, 0, 22.58, 395, 270, 21184.38, 55494, 54232
1695412507, 0, 0, 55, 0, 0, 21677.34, 3, 0, 0, 0.28, 398, 273, 21184.38, 55494, 54232
1695412507, 0, 0, 55, 0, 0, 21677.34, 3, 0, 0, 38.59, 405, 278, 21184.38, 55494, 54232
1695412525, 0, 0, 55, 0, 0, 21677.34, 3, 0, 0, 0.22, 408, 279, 21184.38, 55494, 54232
1695412525, 0, 0, 55, 0, 0, 21677.34, 3, 0, 0, 28.94, 413, 283, 21184.38, 55494, 54232
1695412526, 0, 0, 55, 0, 0, 21677.34, 3, 0, 0, 20.67, 419, 285, 21184.38, 55494, 54232
1695412526, 0, 0, 55, 0, 0, 21677.34, 3, 0, 0, 7.79, 422, 285, 21184.38, 55494, 54232
1695412527, 0, 0, 55, 0, 0, 21677.34, 3, 0, 0, 16.34, 425, 287, 21184.38, 55494, 54232
1695412527, 0, 0, 55, 0, 0, 21677.34, 3, 0, 0, 9.80, 427, 288, 21184.38, 55494, 54232
1695412527, 0, 0, 55, 0, 0, 21677.34, 3, 0, 0, 19.80, 432, 289, 21184.38, 55494, 54232
1695412542, 0, 0, 56, 0, 0, 21678.13, 3, 0, 0, 0.20, 434, 290, 21185.16, 55496, 54234
1695412543, 0, 0, 56, 0, 0, 21678.13, 3, 0, 0, 9.82, 438, 291, 21185.16, 55496, 54234
1695412561, 0, 0, 56, 0, 0, 21678.13, 3, 0, 0, 0.06, 439, 291, 21185.16, 55496, 54234
1695412561, 0, 0, 56, 0, 0, 21678.13, 3, 0, 0, 15.79, 441, 295, 21185.16, 55496, 54234
1695412578, 0, 0, 56, 0, 0, 21678.13, 3, 0, 0, 0.41, 444, 299, 21185.16, 55496, 54234
1695412579, 0, 0, 56, 0, 0, 21678.13, 3, 0, 0, 28.21, 449, 303, 21185.16, 55496, 54234
1695412601, 0, 0, 56, 0, 0, 21678.13, 3, 0, 0, 0.09, 450, 304, 21185.16, 55496, 54234
1695412601, 0, 0, 56, 0, 0, 21678.13, 3, 0, 0, 17.96, 452, 308, 21185.16, 55496, 54234
1695412602, 0, 0, 56, 0, 0, 21678.13, 3, 0, 0, 19.11, 457, 309, 21185.16, 55496, 54234
1695412636, 0, 0, 56, 0, 0, 21678.13, 3, 0, 0, 0.23, 462, 312, 21185.16, 55496, 54234
1695412652, 0, 0, 56, 0, 0, 21678.13, 3, 0, 0, 0.25, 466, 312, 21185.16, 55496, 54234
1695412670, 0, 0, 56, 0, 0, 21678.13, 3, 0, 0, 0.11, 468, 312, 21185.16, 55496, 54234
1695412688, 0, 0, 56, 0, 0, 21678.13, 3, 0, 0, 0.11, 470, 312, 21185.16, 55496, 54234
1695412704, 0, 0, 56, 0, 0, 21678.13, 3, 0, 0, 0.06, 470, 313, 21185.16, 55496, 54234
1695412722, 0, 0, 56, 0, 0, 21678.13, 3, 0, 0, 0.17, 471, 315, 21185.16, 55496, 54234
1695412741, 0, 0, 56, 0, 0, 21678.13, 3, 0, 0, 0.26, 474, 317, 21185.16, 55496, 54234
1695412742, 0, 0, 57, 0, 0, 21685.94, 3, 0, 0, 8.45, 476, 318, 21192.97, 55516, 54254
1695412742, 0, 0, 57, 0, 0, 21685.94, 3, 0, 0, 7.06, 479, 318, 21192.97, 55516, 54254
1695412759, 0, 0, 57, 0, 0, 21685.94, 3, 0, 0, 0.17, 482, 318, 21192.97, 55516, 54254
1695412759, 0, 0, 57, 0, 0, 21685.94, 3, 0, 0, 46.20, 490, 324, 21192.97, 55516, 54254
1695412784, 0, 0, 57, 0, 0, 21685.94, 3, 0, 0, 0.04, 491, 324, 21192.97, 55516, 54254
1695412803, 0, 0, 57, 0, 0, 21685.94, 3, 0, 0, 0.05, 492, 324, 21192.97, 55516, 54254
1695412824, 0, 0, 57, 0, 0, 21685.94, 3, 0, 0, 0.29, 495, 327, 21192.97, 55516, 54254
1695412824, 0, 0, 57, 0, 0, 21685.94, 3, 0, 0, 16.95, 497, 331, 21192.97, 55516, 54254
1695412842, 0, 0, 57, 0, 0, 21685.94, 3, 0, 0, 0.11, 499, 331, 21192.97, 55516, 54254
1695412842, 0, 0, 57, 0, 0, 21685.94, 3, 0, 0, 20.41, 504, 333, 21192.97, 55516, 54254
1695412859, 0, 0, 57, 0, 0, 21685.94, 3, 0, 0, 0.18, 506, 334, 21192.97, 55516, 54254
1695412909, 0, 0, 57, 0, 0, 21685.94, 3, 0, 0, 0.10, 509, 336, 21192.97, 55516, 54254
1695412910, 0, 0, 57, 0, 0, 21685.94, 3, 0, 0, 19.74, 512, 339, 21192.97, 55516, 54254
1695412935, 0, 0, 57, 0, 0, 21685.94, 3, 0, 0, 0.20, 514, 342, 21192.97, 55516, 54254
1695412935, 0, 0, 57, 0, 0, 21685.94, 3, 0, 0, 28.39, 517, 348, 21192.97, 55516, 54254
1695412936, 0, 0, 57, 0, 0, 21685.94, 3, 0, 0, 18.60, 521, 353, 21192.97, 55516, 54254
1695412967, 0, 0, 57, 0, 0, 21685.94, 3, 0, 0, 0.03, 522, 353, 21192.97, 55516, 54254
1695412985, 0, 0, 57, 0, 0, 21685.94, 3, 0, 0, 0.06, 523, 353, 21192.97, 55516, 54254
1695413003, 0, 0, 57, 0, 0, 21685.94, 3, 0, 0, 0.27, 526, 355, 21192.97, 55516, 54254
1695413004, 0, 0, 57, 0, 0, 21685.94, 3, 0, 0, 35.60, 535, 357, 21192.97, 55516, 54254
1695413004, 0, 0, 57, 0, 0, 21685.94, 3, 0, 0, 38.92, 541, 364, 21192.97, 55516, 54254
1695413026, 0, 0, 57, 0, 0, 21685.94, 3, 0, 0, 0.45, 543, 372, 21192.97, 55516, 54254
1695413027, 0, 0, 57, 0, 0, 21685.94, 3, 0, 0, 46.20, 550, 379, 21192.97, 55516, 54254
1695413049, 0, 0, 57, 0, 0, 21685.94, 3, 0, 0, 0.45, 557, 382, 21192.97, 55516, 54254
1695413049, 0, 0, 57, 0, 0, 21685.94, 3, 0, 0, 18.72, 561, 385, 21192.97, 55516, 54254
1695413102, 0, 0, 57, 0, 0, 21685.94, 3, 0, 0, 0.06, 563, 386, 21192.97, 55516, 54254
1695413126, 0, 0, 57, 0, 0, 21685.94, 3, 0, 0, 0.04, 564, 386, 21192.97, 55516, 54254
1695413174, 0, 0, 57, 0, 0, 21685.94, 3, 0, 0, 0.02, 565, 386, 21192.97, 55516, 54254
1695413174, 0, 0, 57, 0, 0, 21685.94, 3, 0, 0, 18.18, 566, 391, 21192.97, 55516, 54254
1695413175, 0, 0, 57, 0, 0, 21685.94, 3, 0, 0, 4.63, 568, 391, 21192.97, 55516, 54254
1695413175, 0, 0, 57, 0, 0, 21685.94, 3, 0, 0, 16.29, 571, 393, 21192.97, 55516, 54254
1695413175, 0, 0, 57, 0, 0, 21685.94, 3, 0, 0, 11.73, 575, 393, 21192.97, 55516, 54254
1695413176, 0, 0, 57, 0, 0, 21685.94, 3, 0, 0, 15.82, 578, 395, 21192.97, 55516, 54254
1695413193, 0, 0, 57, 0, 0, 21685.94, 3, 0, 0, 0.50, 583, 399, 21192.97, 55516, 54254
1695413194, 0, 0, 57, 0, 0, 21685.94, 3, 0, 0, 12.86, 585, 401, 21192.97, 55516, 54254
1695413194, 0, 0, 57, 0, 0, 21685.94, 3, 0, 0, 9.43, 587, 402, 21192.97, 55516, 54254
1695413217, 0, 0, 57, 0, 0, 21685.94, 3, 0, 0, 0.09, 589, 402, 21192.97, 55516, 54254
1695413239, 0, 0, 57, 0, 0, 21685.94, 3, 0, 0, 0.13, 591, 403, 21192.97, 55516, 54254
1695413258, 0, 0, 58, 0, 0, 21686.72, 3, 0, 0, 0.10, 592, 404, 21193.75, 55518, 54256
1695413259, 0, 0, 58, 0, 0, 21686.72, 3, 0, 0, 11.30, 595, 405, 21193.75, 55518, 54256
1695413281, 0, 0, 58, 0, 0, 21686.72, 3, 0, 0, 0.13, 597, 406, 21193.75, 55518, 54256
1695413281, 0, 0, 58, 0, 0, 21686.72, 3, 0, 0, 5.70, 598, 407, 21193.75, 55518, 54256
1695413302, 0, 0, 58, 0, 0, 21686.72, 3, 0, 0, 0.05, 599, 407, 21193.75, 55518, 54256
1695413302, 0, 0, 58, 0, 0, 21686.72, 3, 0, 0, 20.59, 602, 411, 21193.75, 55518, 54256
1695413324, 0, 0, 59, 0, 0, 21687.50, 3, 0, 0, 0.23, 604, 414, 21194.53, 55520, 54258
1695413325, 0, 0, 59, 0, 0, 21687.50, 3, 0, 0, 12.22, 608, 415, 21194.53, 55520, 54258
1695413348, 0, 0, 59, 0, 0, 21687.50, 3, 0, 0, 0.13, 610, 416, 21194.53, 55520, 54258
1695413348, 0, 0, 59, 0, 0, 21687.50, 3, 0, 0, 12.66, 613, 417, 21194.53, 55520, 54258
1695413349, 0, 0, 59, 0, 0, 21687.50, 3, 0, 0, 17.91, 614, 422, 21194.53, 55520, 54258
1695413369, 0, 0, 59, 0, 0, 21687.50, 3, 0, 0, 0.15, 615, 424, 21194.53, 55520, 54258
1695413369, 0, 0, 59, 0, 0, 21687.50, 3, 0, 0, 9.49, 617, 425, 21194.53, 55520, 54258
1695413370, 0, 0, 59, 0, 0, 21687.50, 3, 0, 0, 6.71, 620, 425, 21194.53, 55520, 54258
1695413370, 0, 0, 59, 0, 0, 21687.50, 3, 0, 0, 13.39, 623, 428, 21194.53, 55520, 54258
1695413371, 0, 0, 59, 0, 0, 21687.50, 3, 0, 0, 8.80, 625, 429, 21194.53, 55520, 54258
1695413385, 0, 0, 59, 0, 0, 21687.50, 3, 0, 0, 0.50, 628, 433, 21194.53, 55520, 54258
1695413396, 0, 0, 59, 0, 0, 21687.50, 3, 0, 0, 0.09, 629, 433, 21194.53, 55520, 54258
1695413396, 0, 0, 59, 0, 0, 21687.50, 3, 0, 0, 18.99, 634, 434, 21194.53, 55520, 54258
1695413396, 0, 0, 59, 0, 0, 21687.50, 3, 0, 0, 26.49, 639, 437, 21194.53, 55520, 54258
1695413409, 0, 0, 59, 0, 0, 21687.50, 3, 0, 0, 0.15, 640, 438, 21194.53, 55520, 54258
1695413410, 0, 0, 59, 0, 0, 21687.50, 3, 0, 0, 18.93, 645, 439, 21194.53, 55520, 54258
1695413422, 0, 0, 59, 0, 0, 21687.50, 3, 0, 0, 0.25, 646, 441, 21194.53, 55520, 54258
1695413433, 0, 0, 59, 0, 0, 21687.50, 3, 0, 0, 0.17, 648, 441, 21194.53, 55520, 54258
1695413433, 0, 0, 59, 0, 0, 21687.50, 3, 0, 0, 25.71, 653, 445, 21194.53, 55520, 54258
1695413444, 0, 0, 59, 0, 0, 21687.50, 3, 0, 0, 0.19, 655, 445, 21194.53, 55520, 54258
1695413455, 0, 0, 59, 0, 0, 21687.50, 3, 0, 0, 0.64, 658, 449, 21194.53, 55520, 54258
1695413455, 0, 0, 59, 0, 0, 21687.50, 3, 0, 0, 25.89, 664, 451, 21194.53, 55520, 54258
1695413456, 0, 0, 59, 0, 0, 21687.50, 3, 0, 0, 26.49, 666, 457, 21194.53, 55520, 54258
1695413470, 0, 0, 59, 0, 0, 21687.50, 3, 0, 0, 0.20, 669, 457, 21194.53, 55520, 54258
1695413482, 0, 0, 59, 0, 0, 21687.50, 3, 0, 0, 0.54, 673, 459, 21194.53, 55520, 54258
1695413493, 0, 0, 59, 0, 0, 21687.50, 3, 0, 0, 0.63, 680, 459, 21194.53, 55520, 54258
1695413503, 0, 0, 59, 0, 0, 21687.50, 3, 0, 0, 0.19, 680, 461, 21194.53, 55520, 54258
1695413515, 0, 0, 59, 0, 0, 21687.50, 3, 0, 0, 0.26, 681, 463, 21194.53, 55520, 54258
1695413527, 0, 0, 59, 0, 0, 21687.50, 3, 0, 0, 0.43, 685, 464, 21194.53, 55520, 54258
1695413538, 0, 0, 59, 0, 0, 21687.50, 3, 0, 0, 0.43, 688, 466, 21194.53, 55520, 54258
1695413539, 0, 0, 59, 0, 0, 21687.50, 3, 0, 0, 21.88, 693, 468, 21194.53, 55520, 54258
1695413557, 0, 0, 59, 0, 0, 21687.50, 3, 0, 0, 0.38, 697, 471, 21194.53, 55520, 54258
1695413570, 0, 0, 59, 0, 0, 21687.50, 3, 0, 0, 0.46, 701, 473, 21194.53, 55520, 54258
1695413581, 0, 0, 59, 0, 0, 21687.50, 3, 0, 0, 0.18, 703, 473, 21194.53, 55520, 54258
1695413594, 0, 0, 59, 0, 0, 21687.50, 3, 0, 0, 0.47, 707, 475, 21194.53, 55520, 54258
1695413594, 0, 0, 59, 0, 0, 21687.50, 3, 0, 0, 15.63, 711, 476, 21194.53, 55520, 54258
1695413606, 0, 0, 59, 0, 0, 21687.50, 3, 0, 0, 0.67, 714, 481, 21194.53, 55520, 54258
1695413606, 0, 0, 59, 0, 0, 21687.50, 3, 0, 0, 29.61, 720, 484, 21194.53, 55520, 54258
1695413618, 0, 0, 59, 0, 0, 21687.50, 3, 0, 0, 0.42, 725, 484, 21194.53, 55520, 54258
1695413630, 0, 0, 59, 0, 0, 21687.50, 3, 0, 0, 0.26, 727, 485, 21194.53, 55520, 54258
1695413630, 0, 0, 59, 0, 0, 21687.50, 3, 0, 0, 22.22, 730, 489, 21194.53, 55520, 54258
1695413640, 0, 0, 59, 0, 0, 21687.50, 3, 0, 0, 0.19, 732, 489, 21194.53, 55520, 54258
1695413641, 0, 0, 59, 0, 0, 21687.50, 3, 0, 0, 29.32, 738, 492, 21194.53, 55520, 54258
1695413652, 0, 0, 59, 0, 0, 21687.50, 3, 0, 0, 0.09, 739, 492, 21194.53, 55520, 54258
1695413664, 0, 0, 59, 0, 0, 21687.50, 3, 0, 0, 0.08, 740, 492, 21194.53, 55520, 54258
1695413665, 0, 0, 59, 0, 0, 21687.50, 3, 0, 0, 21.81, 747, 492, 21194.53, 55520, 54258
1695413677, 0, 0, 59, 0, 0, 21687.50, 3, 0, 0, 0.25, 748, 494, 21194.53, 55520, 54258
1695413688, 0, 0, 59, 0, 0, 21687.50, 3, 0, 0, 0.26, 749, 496, 21194.53, 55520, 54258
1695413703, 0, 0, 59, 0, 0, 21687.50, 3, 0, 0, 0.46, 753, 499, 21194.53, 55520, 54258
1695413715, 0, 0, 59, 0, 0, 21687.50, 3, 0, 0, 0.51, 759, 499, 21194.53, 55520, 54258
1695413733, 0, 0, 59, 0, 0, 21687.50, 3, 0, 0, 0.38, 765, 500, 21194.53, 55520, 54258
1695413734, 0, 0, 59, 0, 0, 21687.50, 3, 0, 0, 17.80, 769, 502, 21194.53, 55520, 54258
1695413746, 0, 0, 59, 0, 0, 21687.50, 3, 0, 0, 0.72, 773, 507, 21194.53, 55520, 54258
1695413758, 0, 0, 59, 0, 0, 21687.50, 3, 0, 0, 0.09, 774, 507, 21194.53, 55520, 54258
1695413758, 0, 0, 59, 0, 0, 21687.50, 3, 0, 0, 13.03, 777, 508, 21194.53, 55520, 54258
1695413758, 0, 0, 59, 0, 0, 21687.50, 3, 0, 0, 14.12, 782, 508, 21194.53, 55520, 54258
1695413759, 0, 0, 59, 0, 0, 21687.50, 3, 0, 0, 13.59, 786, 509, 21194.53, 55520, 54258
1695413759, 0, 0, 59, 0, 0, 21687.50, 3, 0, 0, 15.63, 787, 513, 21194.53, 55520, 54258
1695413773, 0, 0, 59, 0, 0, 21687.50, 3, 0, 0, 0.58, 793, 515, 21194.53, 55520, 54258
1695413789, 0, 0, 59, 0, 0, 21687.50, 3, 0, 0, 0.18, 794, 517, 21194.53, 55520, 54258
1695413802, 0, 0, 59, 0, 0, 21687.50, 3, 0, 0, 0.33, 796, 519, 21194.53, 55520, 54258
1695413802, 0, 0, 59, 0, 0, 21687.50, 3, 0, 0, 24.54, 801, 522, 21194.53, 55520, 54258
1695413802, 0, 0, 59, 0, 0, 21687.50, 3, 0, 0, 12.12, 803, 524, 21194.53, 55520, 54258
1695413814, 0, 0, 59, 0, 0, 21687.50, 3, 0, 0, 0.09, 804, 524, 21194.53, 55520, 54258
1695413826, 0, 0, 59, 0, 0, 21687.50, 3, 0, 0, 0.16, 805, 525, 21194.53, 55520, 54258
1695413827, 0, 0, 59, 0, 0, 21687.50, 3, 0, 0, 18.18, 809, 528, 21194.53, 55520, 54258
1695413827, 0, 0, 59, 0, 0, 21687.50, 3, 0, 0, 32.68, 816, 531, 21194.53, 55520, 54258
1695413827, 0, 0, 59, 0, 0, 21687.50, 3, 0, 0, 23.03, 819, 535, 21194.53, 55520, 54258
1695413839, 0, 0, 59, 0, 0, 21687.50, 3, 0, 0, 0.17, 820, 536, 21194.53, 55520, 54258
1695413852, 0, 0, 59, 0, 0, 21687.50, 3, 0, 0, 0.48, 823, 539, 21194.53, 55520, 54258
1695413852, 0, 0, 59, 0, 0, 21687.50, 3, 0, 0, 23.44, 827, 544, 21194.53, 55520, 54258
1695413852, 0, 0, 59, 0, 0, 21687.50, 3, 0, 0, 31.55, 835, 546, 21194.53, 55520, 54258
1695413864, 0, 0, 59, 0, 0, 21687.50, 3, 0, 0, 0.16, 837, 546, 21194.53, 55520, 54258
1695413877, 0, 0, 59, 0, 0, 21687.50, 3, 0, 0, 0.38, 841, 547, 21194.53, 55520, 54258
1695413878, 0, 0, 59, 0, 0, 21687.50, 3, 0, 0, 22.58, 843, 552, 21194.53, 55520, 54258
1695413892, 0, 0, 59, 0, 0, 21687.50, 3, 0, 0, 0.22, 844, 554, 21194.53, 55520, 54258
1695413892, 0, 0, 59, 0, 0, 21687.50, 3, 0, 0, 19.50, 848, 557, 21194.53, 55520, 54258
1695413903, 0, 0, 59, 0, 0, 21687.50, 3, 0, 0, 0.26, 850, 558, 21194.53, 55520, 54258
1695413904, 0, 0, 59, 0, 0, 21687.50, 3, 0, 0, 25.25, 856, 562, 21194.53, 55520, 54258
1695413915, 0, 0, 59, 0, 0, 21687.50, 3, 0, 0, 0.17, 858, 562, 21194.53, 55520, 54258
1695413916, 0, 0, 59, 0, 0, 21687.50, 3, 0, 0, 23.03, 861, 566, 21194.53, 55520, 54258
1695413964, 0, 0, 59, 0, 0, 21687.50, 3, 0, 0, 0.10, 864, 568, 21194.53, 55520, 54258
1695413964, 0, 0, 59, 0, 0, 21687.50, 3, 0, 0, 18.35, 868, 570, 21194.53, 55520, 54258
1695413976, 0, 0, 59, 0, 0, 21687.50, 3, 0, 0, 0.52, 872, 572, 21194.53, 55520, 54258
1695413988, 0, 0, 59, 0, 0, 21687.50, 3, 0, 0, 0.08, 873, 572, 21194.53, 55520, 54258
1695414001, 0, 0, 59, 0, 0, 21687.50, 3, 0, 0, 0.31, 876, 573, 21194.53, 55520, 54258
1695414013, 0, 0, 59, 0, 0, 21687.50, 3, 0, 0, 0.32, 879, 574, 21194.53, 55520, 54258
1695414013, 0, 0, 59, 0, 0, 21687.50, 3, 0, 0, 22.73, 881, 579, 21194.53, 55520, 54258
1695414014, 0, 0, 59, 0, 0, 21687.50, 3, 0, 0, 17.19, 886, 580, 21194.53, 55520, 54258
1695414026, 0, 0, 59, 0, 0, 21687.50, 3, 0, 0, 0.08, 887, 580, 21194.53, 55520, 54258
1695414038, 0, 0, 59, 0, 0, 21687.50, 3, 0, 0, 0.17, 888, 581, 21194.53, 55520, 54258
1695414049, 0, 0, 59, 0, 0, 21687.50, 3, 0, 0, 0.60, 891, 585, 21194.53, 55520, 54258
1695414050, 0, 0, 59, 0, 0, 21687.50, 3, 0, 0, 20.32, 897, 588, 21194.53, 55520, 54258
1695414061, 0, 0, 59, 0, 0, 21687.50, 3, 0, 0, 0.09, 898, 588, 21194.53, 55520, 54258
1695414073, 0, 0, 59, 0, 0, 21687.50, 3, 0, 0, 0.33, 900, 590, 21194.53, 55520, 54258
1695414074, 0, 0, 59, 0, 0, 21687.50, 3, 0, 0, 21.88, 903, 594, 21194.53, 55520, 54258
1695414074, 0, 0, 59, 0, 0, 21687.50, 3, 0, 0, 22.36, 909, 595, 21194.53, 55520, 54258
1695414086, 0, 0, 59, 0, 0, 21687.50, 3, 0, 0, 0.33, 912, 596, 21194.53, 55520, 54258
1695414087, 0, 0, 59, 0, 0, 21687.50, 3, 0, 0, 18.18, 914, 600, 21194.53, 55520, 54258
1695414098, 0, 0, 59, 0, 0, 21687.50, 3, 0, 0, 0.35, 916, 602, 21194.53, 55520, 54258
1695414098, 0, 0, 59, 0, 0, 21687.50, 3, 0, 0, 19.80, 921, 603, 21194.53, 55520, 54258
1695414099, 0, 0, 59, 0, 0, 21687.50, 3, 0, 0, 20.67, 924, 608, 21194.53, 55520, 54258
1695414112, 0, 0, 59, 0, 0, 21687.50, 3, 0, 0, 0.08, 925, 608, 21194.53, 55520, 54258
1695414124, 0, 0, 59, 0, 0, 21687.50, 3, 0, 0, 0.08, 926, 608, 21194.53, 55520, 54258
1695414137, 0, 0, 60, 0, 0, 21687.89, 3, 0, 0, 0.31, 929, 609, 21194.92, 55521, 54259
1695414137, 0, 0, 60, 0, 0, 21687.89, 3, 0, 0, 16.45, 932, 611, 21194.92, 55521, 54259
1695414149, 0, 0, 60, 0, 0, 21687.89, 3, 0, 0, 0.17, 933, 612, 21194.92, 55521, 54259
1695414162, 0, 0, 60, 0, 0, 21687.89, 3, 0, 0, 0.15, 935, 612, 21194.92, 55521, 54259
1695414174, 0, 0, 60, 0, 0, 21687.89, 3, 0, 0, 0.50, 938, 615, 21194.92, 55521, 54259
1695414174, 0, 0, 60, 0, 0, 21687.89, 3, 0, 0, 18.24, 941, 618, 21194.92, 55521, 54259
1695414175, 0, 0, 60, 0, 0, 21687.89, 3, 0, 0, 20.71, 946, 620, 21194.92, 55521, 54259
1695414175, 0, 0, 60, 0, 0, 21687.89, 3, 0, 0, 14.41, 949, 622, 21194.92, 55521, 54259
1695414175, 0, 0, 60, 0, 0, 21687.89, 3, 0, 0, 15.58, 953, 624, 21194.92, 55521, 54259
1695414189, 0, 0, 60, 0, 0, 21687.89, 3, 0, 0, 0.07, 954, 624, 21194.92, 55521, 54259
1695414189, 0, 0, 60, 0, 0, 21687.89, 3, 0, 0, 20.96, 958, 627, 21194.92, 55521, 54259
1695414201, 0, 0, 60, 0, 0, 21687.89, 3, 0, 0, 0.42, 963, 627, 21194.92, 55521, 54259
1695414201, 0, 0, 60, 0, 0, 21687.89, 3, 0, 0, 9.52, 964, 629, 21194.92, 55521, 54259
1695414202, 0, 0, 60, 0, 0, 21687.89, 3, 0, 0, 12.72, 967, 631, 21194.92, 55521, 54259
1695414216, 0, 0, 60, 0, 0, 21687.89, 3, 0, 0, 0.43, 970, 634, 21194.92, 55521, 54259
1695414216, 0, 0, 60, 0, 0, 21687.89, 3, 0, 0, 22.15, 974, 637, 21194.92, 55521, 54259
1695414227, 0, 0, 60, 0, 0, 21687.89, 3, 0, 0, 0.09, 975, 637, 21194.92, 55521, 54259
1695414239, 0, 0, 60, 0, 0, 21687.89, 3, 0, 0, 0.26, 977, 638, 21194.92, 55521, 54259
1695414239, 0, 0, 60, 0, 0, 21687.89, 3, 0, 0, 15.00, 982, 639, 21194.92, 55521, 54259
1695414253, 0, 0, 60, 0, 0, 21687.89, 3, 0, 0, 0.22, 985, 639, 21194.92, 55521, 54259
1695414266, 0, 0, 60, 0, 0, 21687.89, 3, 0, 0, 0.61, 990, 642, 21194.92, 55521, 54259
1695414266, 0, 0, 60, 0, 0, 21687.89, 3, 0, 0, 14.37, 994, 643, 21194.92, 55521, 54259
1695414278, 0, 0, 60, 0, 0, 21687.89, 3, 0, 0, 0.18, 995, 644, 21194.92, 55521, 54259
1695414290, 0, 0, 60, 0, 0, 21687.89, 3, 0, 0, 0.33, 998, 645, 21194.92, 55521, 54259
1695414290, 0, 0, 60, 0, 0, 21687.89, 3, 0, 0, 18.46, 1002, 647, 21194.92, 55521, 54259
1695414303, 0, 0, 60, 0, 0, 21687.89, 3, 0, 0, 0.08, 1003, 647, 21194.92, 55521, 54259
1695414316, 0, 0, 60, 0, 0, 21687.89, 3, 0, 0, 0.29, 1006, 648, 21194.92, 55521, 54259
1695414317, 0, 0, 60, 0, 0, 21687.89, 3, 0, 0, 15.58, 1007, 652, 21194.92, 55521, 54259
1695414331, 0, 0, 60, 0, 0, 21687.89, 3, 0, 0, 0.28, 1010, 653, 21194.92, 55521, 54259
1695414342, 0, 0, 60, 0, 0, 21687.89, 3, 0, 0, 0.28, 1012, 654, 21194.92, 55521, 54259
1695414342, 0, 0, 60, 0, 0, 21687.89, 3, 0, 0, 16.08, 1015, 656, 21194.92, 55521, 54259
1695414355, 0, 0, 61, 0, 0, 21688.67, 3, 0, 0, 0.08, 1016, 656, 21195.70, 55523, 54261
1695414355, 0, 0, 61, 0, 0, 21688.67, 3, 0, 0, 15.67, 1022, 656, 21195.70, 55523, 54261
1695414355, 0, 0, 61, 0, 0, 21688.67, 3, 0, 0, 16.18, 1026, 657, 21195.70, 55523, 54261
1695414366, 0, 0, 61, 0, 0, 21688.67, 3, 0, 0, 0.19, 1027, 658, 21195.70, 55523, 54261
1695414377, 0, 0, 61, 0, 0, 21688.67, 3, 0, 0, 0.36, 1028, 661, 21195.70, 55523, 54261
1695414390, 0, 0, 61, 0, 0, 21688.67, 3, 0, 0, 0.56, 1032, 664, 21195.70, 55523, 54261
1695414390, 0, 0, 61, 0, 0, 21688.67, 3, 0, 0, 16.23, 1035, 666, 21195.70, 55523, 54261
1695414402, 0, 0, 61, 0, 0, 21688.67, 3, 0, 0, 0.25, 1037, 667, 21195.70, 55523, 54261
1695414402, 0, 0, 61, 0, 0, 21688.67, 3, 0, 0, 16.67, 1041, 669, 21195.70, 55523, 54261
1695414402, 0, 0, 61, 0, 0, 21688.67, 3, 0, 0, 20.17, 1046, 671, 21195.70, 55523, 54261
1695414413, 0, 0, 61, 0, 0, 21688.67, 3, 0, 0, 0.28, 1046, 674, 21195.70, 55523, 54261
1695414413, 0, 0, 61, 0, 0, 21688.67, 3, 0, 0, 21.21, 1050, 677, 21195.70, 55523, 54261
1695414425, 0, 0, 61, 0, 0, 21688.67, 3, 0, 0, 0.43, 1053, 679, 21195.70, 55523, 54261
1695414437, 0, 0, 61, 0, 0, 21688.67, 3, 0, 0, 0.17, 1055, 679, 21195.70, 55523, 54261
1695414437, 0, 0, 61, 0, 0, 21688.67, 3, 0, 0, 15.92, 1058, 681, 21195.70, 55523, 54261
1695414437, 0, 0, 61, 0, 0, 21688.67, 3, 0, 0, 18.02, 1060, 685, 21195.70, 55523, 54261
1695414449, 0, 0, 61, 0, 0, 21688.67, 3, 0, 0, 0.26, 1062, 686, 21195.70, 55523, 54261
1695414449, 0, 0, 61, 0, 0, 21688.67, 3, 0, 0, 15.54, 1067, 687, 21195.70, 55523, 54261
1695414449, 0, 0, 61, 0, 0, 21688.67, 3, 0, 0, 12.90, 1070, 688, 21195.70, 55523, 54261
1695414460, 0, 0, 61, 0, 0, 21688.67, 3, 0, 0, 0.18, 1071, 689, 21195.70, 55523, 54261
1695414461, 0, 0, 61, 0, 0, 21688.67, 3, 0, 0, 15.50, 1075, 691, 21195.70, 55523, 54261
1695414473, 0, 0, 61, 0, 0, 21688.67, 3, 0, 0, 0.33, 1079, 691, 21195.70, 55523, 54261
1695414484, 0, 0, 61, 0, 0, 21688.67, 3, 0, 0, 0.44, 1083, 692, 21195.70, 55523, 54261
1695414514, 0, 0, 62, 0, 0, 21689.06, 3, 0, 0, 0.10, 1085, 693, 21196.09, 55524, 54262
1695414525, 0, 0, 63, 0, 0, 21689.45, 3, 0, 0, 0.45, 1087, 696, 21196.48, 55525, 54263
1695414537, 0, 0, 63, 0, 0, 21689.45, 3, 0, 0, 0.34, 1089, 698, 21196.48, 55525, 54263
1695414537, 0, 0, 63, 0, 0, 21689.45, 3, 0, 0, 20.41, 1093, 701, 21196.48, 55525, 54263
1695414549, 0, 0, 63, 0, 0, 21689.45, 3, 0, 0, 0.51, 1098, 702, 21196.48, 55525, 54263
1695414550, 0, 0, 63, 0, 0, 21689.45, 3, 0, 0, 18.87, 1102, 704, 21196.48, 55525, 54263
1695414561, 0, 0, 63, 0, 0, 21689.45, 3, 0, 0, 0.09, 1103, 704, 21196.48, 55525, 54263
1695414573, 0, 0, 63, 0, 0, 21689.45, 3, 0, 0, 0.09, 1104, 704, 21196.48, 55525, 54263
1695414573, 0, 0, 63, 0, 0, 21689.45, 3, 0, 0, 0.00, 1104, 704, 21196.48, 55525, 54263
