# unix_time, cycles_done, cur_path, paths_total, pending_total, pending_favs, map_size, unique_crashes, unique_hangs, max_depth, execs_per_sec, valid_inputs, invalid_inputs, valid_cov, all_covered_probes, valid_covered_probes
1694954412, 0, 0, 1, 0, 0, 755.47, 0, 0, 0, 0.34, 1, 0, 755.47, 1934, 1934
1694954412, 0, 0, 3, 0, 0, 888.28, 0, 0, 0, 3.68, 2, 1, 791.80, 2274, 2027
1694954412, 0, 0, 4, 0, 0, 1045.31, 0, 0, 0, 5.85, 3, 2, 791.80, 2676, 2027
1694954413, 0, 0, 6, 0, 0, 1114.06, 0, 0, 0, 5.00, 4, 3, 857.81, 2852, 2196
1694954435, 0, 0, 8, 0, 0, 7403.91, 0, 0, 0, 0.09, 5, 4, 7221.88, 18954, 18488
1694954453, 0, 0, 12, 0, 0, 7706.25, 0, 0, 0, 0.23, 9, 4, 7533.98, 19728, 19287
1694954464, 0, 0, 12, 0, 0, 7706.25, 1, 0, 0, 0.09, 9, 5, 7533.98, 19728, 19287
1694954464, 0, 0, 13, 0, 0, 7712.11, 1, 0, 0, 2.75, 9, 6, 7533.98, 19743, 19287
1694954476, 0, 0, 15, 0, 0, 7730.08, 1, 0, 0, 0.33, 13, 6, 7553.91, 19789, 19338
1694954513, 0, 0, 18, 0, 0, 7755.86, 1, 0, 0, 0.22, 16, 11, 7554.30, 19855, 19339
1694954523, 0, 0, 19, 0, 0, 7883.59, 1, 0, 0, 0.20, 18, 11, 7682.03, 20182, 19666
1694954531, 0, 0, 22, 0, 0, 7957.42, 1, 0, 0, 0.74, 21, 14, 7689.84, 20371, 19686
1694954532, 0, 0, 22, 0, 0, 7957.42, 1, 0, 0, 12.42, 26, 17, 7689.84, 20371, 19686
1694954532, 0, 0, 23, 0, 0, 7958.59, 1, 0, 0, 66.04, 41, 23, 7689.84, 20374, 19686
1694954541, 0, 0, 23, 0, 0, 7958.59, 1, 0, 0, 0.70, 45, 25, 7689.84, 20374, 19686
1694954550, 0, 0, 24, 0, 0, 7961.72, 1, 0, 0, 1.06, 52, 28, 7689.84, 20382, 19686
1694954550, 0, 0, 24, 0, 0, 7961.72, 1, 0, 0, 39.51, 63, 30, 7689.84, 20382, 19686
1694954558, 0, 0, 24, 0, 0, 7961.72, 1, 0, 0, 0.27, 64, 31, 7689.84, 20382, 19686
1694954566, 0, 0, 25, 0, 0, 7968.36, 1, 0, 0, 0.49, 65, 34, 7696.48, 20399, 19703
1694954576, 0, 0, 25, 0, 0, 7968.36, 1, 0, 0, 0.20, 67, 34, 7696.48, 20399, 19703
1694954584, 0, 0, 26, 0, 0, 7973.83, 1, 0, 0, 1.20, 71, 40, 7696.48, 20413, 19703
1694954584, 0, 0, 26, 0, 0, 7973.83, 1, 0, 0, 56.11, 80, 48, 7696.48, 20413, 19703
1694954592, 0, 0, 26, 0, 0, 7973.83, 1, 0, 0, 1.43, 85, 54, 7696.48, 20413, 19703
1694954592, 0, 0, 26, 0, 0, 7973.83, 1, 0, 0, 48.86, 92, 62, 7696.48, 20413, 19703
1694954603, 0, 0, 26, 0, 0, 7973.83, 1, 0, 0, 0.98, 100, 64, 7696.48, 20413, 19703
1694954611, 0, 0, 26, 0, 0, 7973.83, 1, 0, 0, 0.37, 102, 65, 7696.48, 20413, 19703
1694954618, 0, 0, 26, 0, 0, 7973.83, 1, 0, 0, 0.14, 103, 65, 7696.48, 20413, 19703
1694954618, 0, 0, 26, 0, 0, 7973.83, 1, 0, 0, 105.96, 116, 84, 7696.48, 20413, 19703
1694954626, 0, 0, 26, 0, 0, 7973.83, 1, 0, 0, 0.24, 118, 84, 7696.48, 20413, 19703
1694954637, 0, 0, 26, 0, 0, 7973.83, 1, 0, 0, 0.18, 119, 85, 7696.48, 20413, 19703
1694954649, 0, 0, 26, 0, 0, 7973.83, 1, 0, 0, 0.35, 122, 86, 7696.48, 20413, 19703
1694954655, 0, 0, 26, 0, 0, 7973.83, 1, 0, 0, 0.45, 124, 87, 7696.48, 20413, 19703
1694954665, 0, 0, 26, 0, 0, 7973.83, 1, 0, 0, 0.21, 125, 88, 7696.48, 20413, 19703
1694954672, 0, 0, 26, 0, 0, 7973.83, 1, 0, 0, 0.57, 128, 89, 7696.48, 20413, 19703
1694954679, 0, 0, 26, 0, 0, 7973.83, 1, 0, 0, 0.14, 129, 89, 7696.48, 20413, 19703
1694954687, 0, 0, 26, 0, 0, 7973.83, 1, 0, 0, 0.77, 133, 91, 7696.48, 20413, 19703
1694954687, 0, 0, 26, 0, 0, 7973.83, 1, 0, 0, 74.19, 146, 101, 7696.48, 20413, 19703
1694954696, 0, 0, 26, 0, 0, 7973.83, 1, 0, 0, 0.11, 147, 101, 7696.48, 20413, 19703
1694954704, 0, 0, 26, 0, 0, 7973.83, 1, 0, 0, 0.13, 148, 101, 7696.48, 20413, 19703
1694954711, 0, 0, 26, 0, 0, 7973.83, 1, 0, 0, 1.47, 153, 106, 7696.48, 20413, 19703
1694954719, 0, 0, 26, 0, 0, 7973.83, 1, 0, 0, 0.72, 156, 109, 7696.48, 20413, 19703
1694954727, 0, 0, 26, 0, 0, 7973.83, 1, 0, 0, 0.50, 159, 110, 7696.48, 20413, 19703
1694954738, 0, 0, 26, 0, 0, 7973.83, 1, 0, 0, 0.94, 164, 115, 7696.48, 20413, 19703
1694954747, 0, 0, 26, 0, 0, 7973.83, 1, 0, 0, 0.93, 170, 118, 7696.48, 20413, 19703
1694954760, 0, 0, 27, 0, 0, 8000.78, 1, 0, 0, 0.24, 173, 118, 7723.44, 20482, 19772
1694954779, 0, 0, 28, 0, 0, 8017.19, 1, 0, 0, 0.05, 174, 118, 7739.84, 20524, 19814
1694954787, 0, 0, 28, 0, 0, 8017.19, 1, 0, 0, 0.41, 175, 120, 7739.84, 20524, 19814
1694954795, 0, 0, 28, 0, 0, 8017.19, 1, 0, 0, 0.12, 176, 120, 7739.84, 20524, 19814
1694954802, 0, 0, 28, 0, 0, 8017.19, 1, 0, 0, 1.57, 184, 123, 7739.84, 20524, 19814
1694954808, 0, 0, 28, 0, 0, 8017.19, 1, 0, 0, 3.28, 196, 133, 7739.84, 20524, 19814
1694954816, 0, 0, 28, 0, 0, 8017.19, 1, 0, 0, 0.40, 199, 133, 7739.84, 20524, 19814
1694954827, 0, 0, 28, 0, 0, 8017.19, 1, 0, 0, 1.68, 208, 142, 7739.84, 20524, 19814
1694954834, 0, 0, 28, 0, 0, 8017.19, 1, 0, 0, 0.41, 210, 143, 7739.84, 20524, 19814
1694954834, 0, 0, 28, 0, 0, 8017.19, 1, 0, 0, 35.29, 218, 147, 7739.84, 20524, 19814
1694954842, 0, 0, 28, 0, 0, 8017.19, 1, 0, 0, 0.13, 219, 147, 7739.84, 20524, 19814
1694954851, 0, 0, 28, 0, 0, 8017.19, 1, 0, 0, 0.11, 220, 147, 7739.84, 20524, 19814
1694954851, 0, 0, 28, 0, 0, 8017.19, 1, 0, 0, 56.38, 231, 155, 7739.84, 20524, 19814
1694954859, 0, 0, 28, 0, 0, 8017.19, 1, 0, 0, 0.74, 236, 156, 7739.84, 20524, 19814
1694954867, 0, 0, 28, 0, 0, 8017.19, 1, 0, 0, 0.97, 242, 157, 7739.84, 20524, 19814
1694954876, 0, 0, 28, 0, 0, 8017.19, 1, 0, 0, 0.54, 244, 160, 7739.84, 20524, 19814
1694954887, 0, 0, 28, 0, 0, 8017.19, 1, 0, 0, 1.13, 253, 164, 7739.84, 20524, 19814
1694954895, 0, 0, 28, 0, 0, 8017.19, 1, 0, 0, 0.12, 254, 164, 7739.84, 20524, 19814
1694954905, 0, 0, 28, 0, 0, 8017.19, 1, 0, 0, 0.61, 258, 166, 7739.84, 20524, 19814
1694954912, 0, 0, 28, 0, 0, 8017.19, 1, 0, 0, 2.03, 267, 171, 7739.84, 20524, 19814
1694954920, 0, 0, 28, 0, 0, 8017.19, 1, 0, 0, 0.38, 269, 172, 7739.84, 20524, 19814
1694954933, 0, 0, 28, 0, 0, 8017.19, 1, 0, 0, 0.32, 271, 174, 7739.84, 20524, 19814
1694954941, 0, 0, 28, 0, 0, 8017.19, 1, 0, 0, 1.75, 277, 183, 7739.84, 20524, 19814
1694954950, 0, 0, 28, 0, 0, 8017.19, 1, 0, 0, 1.20, 281, 190, 7739.84, 20524, 19814
1694954951, 0, 0, 28, 0, 0, 8017.19, 1, 0, 0, 45.98, 288, 199, 7739.84, 20524, 19814
1694954959, 0, 0, 28, 0, 0, 8017.19, 1, 0, 0, 1.11, 293, 203, 7739.84, 20524, 19814
1694954967, 0, 0, 28, 0, 0, 8017.19, 1, 0, 0, 0.60, 298, 203, 7739.84, 20524, 19814
1694954977, 0, 0, 28, 0, 0, 8017.19, 1, 0, 0, 1.16, 304, 208, 7739.84, 20524, 19814
1694954990, 0, 0, 28, 0, 0, 8017.19, 1, 0, 0, 0.29, 305, 211, 7739.84, 20524, 19814
1694955003, 0, 0, 28, 0, 0, 8017.19, 1, 0, 0, 1.31, 312, 220, 7739.84, 20524, 19814
1694955011, 0, 0, 28, 0, 0, 8017.19, 1, 0, 0, 1.23, 318, 224, 7739.84, 20524, 19814
1694955018, 0, 0, 28, 0, 0, 8017.19, 1, 0, 0, 1.07, 321, 229, 7739.84, 20524, 19814
1694955019, 0, 0, 28, 0, 0, 8017.19, 1, 0, 0, 49.83, 328, 237, 7739.84, 20524, 19814
1694955025, 0, 0, 28, 0, 0, 8017.19, 1, 0, 0, 1.36, 336, 238, 7739.84, 20524, 19814
1694955034, 0, 0, 28, 0, 0, 8017.19, 1, 0, 0, 0.60, 338, 241, 7739.84, 20524, 19814
1694955043, 0, 0, 29, 0, 0, 8055.47, 1, 0, 0, 0.53, 340, 244, 7778.13, 20622, 19912
1694955055, 0, 0, 29, 0, 0, 8055.47, 1, 0, 0, 0.41, 341, 248, 7778.13, 20622, 19912
1694955063, 0, 0, 29, 0, 0, 8055.47, 1, 0, 0, 0.39, 344, 248, 7778.13, 20622, 19912
1694955074, 0, 0, 30, 0, 0, 8060.94, 1, 0, 0, 0.56, 348, 250, 7783.59, 20636, 19926
1694955082, 0, 0, 30, 0, 0, 8060.94, 1, 0, 0, 3.21, 361, 265, 7783.59, 20636, 19926
1694955083, 0, 0, 30, 0, 0, 8060.94, 1, 0, 0, 36.86, 369, 272, 7783.59, 20636, 19926
1694955089, 0, 0, 30, 0, 0, 8060.94, 1, 0, 0, 0.16, 370, 272, 7783.59, 20636, 19926
1694955095, 0, 0, 30, 0, 0, 8060.94, 1, 0, 0, 1.24, 375, 275, 7783.59, 20636, 19926
1694955096, 0, 0, 30, 0, 0, 8060.94, 1, 0, 0, 30.58, 380, 280, 7783.59, 20636, 19926
1694955106, 0, 0, 30, 0, 0, 8060.94, 1, 0, 0, 0.18, 381, 281, 7783.59, 20636, 19926
1694955115, 0, 0, 30, 0, 0, 8060.94, 1, 0, 0, 0.24, 383, 281, 7783.59, 20636, 19926
1694955121, 0, 0, 30, 0, 0, 8060.94, 1, 0, 0, 0.60, 386, 282, 7783.59, 20636, 19926
1694955128, 0, 0, 30, 0, 0, 8060.94, 1, 0, 0, 0.75, 390, 283, 7783.59, 20636, 19926
1694955137, 0, 0, 30, 0, 0, 8060.94, 1, 0, 0, 0.47, 392, 285, 7783.59, 20636, 19926
1694955143, 0, 0, 30, 0, 0, 8060.94, 1, 0, 0, 0.75, 396, 286, 7783.59, 20636, 19926
1694955153, 0, 0, 30, 0, 0, 8060.94, 1, 0, 0, 0.78, 401, 289, 7783.59, 20636, 19926
1694955161, 0, 0, 30, 0, 0, 8060.94, 1, 0, 0, 0.25, 403, 289, 7783.59, 20636, 19926
1694955162, 0, 0, 30, 0, 0, 8060.94, 1, 0, 0, 14.37, 407, 290, 7783.59, 20636, 19926
1694955170, 0, 0, 30, 0, 0, 8060.94, 1, 0, 0, 0.74, 412, 291, 7783.59, 20636, 19926
1694955170, 0, 0, 30, 0, 0, 8060.94, 1, 0, 0, 52.29, 420, 299, 7783.59, 20636, 19926
1694955170, 0, 0, 30, 0, 0, 8060.94, 1, 0, 0, 47.62, 432, 304, 7783.59, 20636, 19926
1694955180, 0, 0, 30, 0, 0, 8060.94, 1, 0, 0, 1.05, 440, 306, 7783.59, 20636, 19926
1694955189, 0, 0, 30, 0, 0, 8060.94, 1, 0, 0, 0.11, 441, 306, 7783.59, 20636, 19926
1694955197, 0, 0, 30, 0, 0, 8060.94, 1, 0, 0, 0.64, 444, 308, 7783.59, 20636, 19926
1694955211, 0, 0, 30, 0, 0, 8060.94, 1, 0, 0, 0.65, 450, 311, 7783.59, 20636, 19926
1694955224, 0, 0, 30, 0, 0, 8060.94, 1, 0, 0, 0.78, 455, 316, 7783.59, 20636, 19926
1694955231, 0, 0, 30, 0, 0, 8060.94, 1, 0, 0, 1.59, 464, 318, 7783.59, 20636, 19926
1694955231, 0, 0, 30, 0, 0, 8060.94, 1, 0, 0, 35.26, 470, 323, 7783.59, 20636, 19926
1694955239, 0, 0, 30, 0, 0, 8060.94, 1, 0, 0, 0.26, 472, 323, 7783.59, 20636, 19926
1694955246, 0, 0, 30, 0, 0, 8060.94, 1, 0, 0, 0.94, 474, 328, 7783.59, 20636, 19926
1694955256, 0, 0, 30, 0, 0, 8060.94, 1, 0, 0, 0.29, 477, 328, 7783.59, 20636, 19926
1694955264, 0, 0, 30, 0, 0, 8060.94, 1, 0, 0, 0.28, 479, 328, 7783.59, 20636, 19926
1694955270, 0, 0, 30, 0, 0, 8060.94, 1, 0, 0, 0.30, 481, 328, 7783.59, 20636, 19926
1694955278, 0, 0, 30, 0, 0, 8060.94, 1, 0, 0, 1.32, 487, 332, 7783.59, 20636, 19926
1694955286, 0, 0, 30, 0, 0, 8060.94, 1, 0, 0, 1.30, 495, 335, 7783.59, 20636, 19926
1694955297, 0, 0, 30, 0, 0, 8060.94, 1, 0, 0, 0.10, 496, 335, 7783.59, 20636, 19926
1694955303, 0, 0, 30, 0, 0, 8060.94, 1, 0, 0, 0.96, 502, 335, 7783.59, 20636, 19926
1694955312, 0, 0, 30, 0, 0, 8060.94, 1, 0, 0, 0.77, 506, 338, 7783.59, 20636, 19926
1694955319, 0, 0, 30, 0, 0, 8060.94, 1, 0, 0, 0.41, 508, 339, 7783.59, 20636, 19926
1694955327, 0, 0, 30, 0, 0, 8060.94, 1, 0, 0, 0.51, 512, 339, 7783.59, 20636, 19926
1694955327, 0, 0, 30, 0, 0, 8060.94, 1, 0, 0, 14.01, 517, 339, 7783.59, 20636, 19926
1694955334, 0, 0, 30, 0, 0, 8060.94, 1, 0, 0, 0.29, 519, 339, 7783.59, 20636, 19926
1694955335, 0, 0, 30, 0, 0, 8060.94, 1, 0, 0, 60.70, 529, 348, 7783.59, 20636, 19926
1694955343, 0, 0, 30, 0, 0, 8060.94, 1, 0, 0, 1.92, 540, 353, 7783.59, 20636, 19926
1694955358, 0, 0, 30, 0, 0, 8060.94, 1, 0, 0, 0.14, 541, 354, 7783.59, 20636, 19926
1694955358, 0, 0, 30, 0, 0, 8060.94, 1, 0, 0, 34.88, 549, 358, 7783.59, 20636, 19926
1694955369, 0, 0, 30, 0, 0, 8060.94, 1, 0, 0, 0.82, 556, 360, 7783.59, 20636, 19926
1694955379, 0, 0, 30, 0, 0, 8060.94, 1, 0, 0, 0.70, 560, 363, 7783.59, 20636, 19926
1694955386, 0, 0, 31, 0, 0, 8064.06, 1, 0, 0, 0.70, 563, 365, 7786.72, 20644, 19934
1694955387, 0, 0, 31, 0, 0, 8064.06, 1, 0, 0, 17.95, 569, 366, 7786.72, 20644, 19934
1694955387, 0, 0, 31, 0, 0, 8064.06, 1, 0, 0, 16.76, 574, 367, 7786.72, 20644, 19934
1694955387, 0, 0, 31, 0, 0, 8064.06, 1, 0, 0, 32.79, 581, 372, 7786.72, 20644, 19934
1694955397, 0, 0, 31, 0, 0, 8064.06, 1, 0, 0, 1.62, 593, 375, 7786.72, 20644, 19934
1694955405, 0, 0, 31, 0, 0, 8064.06, 1, 0, 0, 1.02, 598, 379, 7786.72, 20644, 19934
1694955414, 0, 0, 31, 0, 0, 8064.06, 1, 0, 0, 0.98, 604, 381, 7786.72, 20644, 19934
1694955424, 0, 0, 31, 0, 0, 8064.06, 1, 0, 0, 0.60, 610, 381, 7786.72, 20644, 19934
1694955424, 0, 0, 31, 0, 0, 8064.06, 1, 0, 0, 50.00, 618, 388, 7786.72, 20644, 19934
1694955431, 0, 0, 31, 0, 0, 8064.06, 1, 0, 0, 1.81, 626, 393, 7786.72, 20644, 19934
1694955431, 0, 0, 31, 0, 0, 8064.06, 1, 0, 0, 25.40, 630, 397, 7786.72, 20644, 19934
1694955440, 0, 0, 31, 0, 0, 8064.06, 1, 0, 0, 0.12, 631, 397, 7786.72, 20644, 19934
1694955440, 0, 0, 31, 0, 0, 8064.06, 1, 0, 0, 15.87, 634, 399, 7786.72, 20644, 19934
1694955455, 0, 0, 32, 0, 0, 8066.02, 1, 0, 0, 0.45, 640, 400, 7788.67, 20649, 19939
1694955468, 0, 0, 33, 0, 0, 8066.80, 1, 0, 0, 0.38, 643, 402, 7789.45, 20651, 19941
1694955477, 0, 0, 33, 0, 0, 8066.80, 1, 0, 0, 0.36, 645, 403, 7789.45, 20651, 19941
1694955477, 0, 0, 33, 0, 0, 8066.80, 1, 0, 0, 62.09, 654, 413, 7789.45, 20651, 19941
1694955508, 0, 0, 33, 0, 0, 8066.80, 1, 0, 0, 0.13, 658, 413, 7789.45, 20651, 19941
1694955514, 0, 0, 33, 0, 0, 8066.80, 1, 0, 0, 1.60, 666, 415, 7789.45, 20651, 19941
1694955522, 0, 0, 33, 0, 0, 8066.80, 1, 0, 0, 0.36, 668, 416, 7789.45, 20651, 19941
1694955550, 0, 0, 33, 0, 0, 8066.80, 1, 0, 0, 0.32, 673, 420, 7789.45, 20651, 19941
1694955551, 0, 0, 33, 0, 0, 8066.80, 1, 0, 0, 13.16, 676, 421, 7789.45, 20651, 19941
1694955558, 0, 0, 33, 0, 0, 8066.80, 1, 0, 0, 0.39, 679, 421, 7789.45, 20651, 19941
1694955559, 0, 0, 33, 0, 0, 8066.80, 1, 0, 0, 29.90, 685, 424, 7789.45, 20651, 19941
1694955565, 0, 0, 33, 0, 0, 8066.80, 1, 0, 0, 0.78, 688, 426, 7789.45, 20651, 19941
1694955572, 0, 0, 33, 0, 0, 8066.80, 1, 0, 0, 1.53, 695, 430, 7789.45, 20651, 19941
1694955580, 0, 0, 33, 0, 0, 8066.80, 1, 0, 0, 0.27, 696, 431, 7789.45, 20651, 19941
1694955580, 0, 0, 33, 0, 0, 8066.80, 1, 0, 0, 32.47, 701, 436, 7789.45, 20651, 19941
1694955588, 0, 0, 33, 0, 0, 8066.80, 1, 0, 0, 0.60, 703, 439, 7789.45, 20651, 19941
1694955595, 0, 0, 33, 0, 0, 8066.80, 1, 0, 0, 0.15, 704, 439, 7789.45, 20651, 19941
1694955603, 0, 0, 33, 0, 0, 8066.80, 1, 0, 0, 0.65, 705, 443, 7789.45, 20651, 19941
1694955603, 0, 0, 33, 0, 0, 8066.80, 1, 0, 0, 20.00, 710, 444, 7789.45, 20651, 19941
1694955610, 0, 0, 33, 0, 0, 8066.80, 1, 0, 0, 2.54, 717, 454, 7789.45, 20651, 19941
1694955616, 0, 0, 33, 0, 0, 8066.80, 1, 0, 0, 0.31, 718, 455, 7789.45, 20651, 19941
1694955623, 0, 0, 33, 0, 0, 8066.80, 1, 0, 0, 0.16, 719, 455, 7789.45, 20651, 19941
1694955630, 0, 0, 33, 0, 0, 8066.80, 1, 0, 0, 0.51, 722, 456, 7789.45, 20651, 19941
1694955638, 0, 0, 33, 0, 0, 8066.80, 1, 0, 0, 0.40, 723, 458, 7789.45, 20651, 19941
1694955638, 0, 0, 33, 0, 0, 8066.80, 1, 0, 0, 25.24, 730, 459, 7789.45, 20651, 19941
1694955650, 0, 0, 33, 0, 0, 8066.80, 1, 0, 0, 0.33, 733, 460, 7789.45, 20651, 19941
1694955657, 0, 0, 34, 0, 0, 8067.58, 1, 0, 0, 0.15, 734, 460, 7790.23, 20653, 19943
1694955658, 0, 0, 34, 0, 0, 8067.58, 1, 0, 0, 18.07, 737, 463, 7790.23, 20653, 19943
1694955667, 0, 0, 34, 0, 0, 8067.58, 1, 0, 0, 0.44, 739, 465, 7790.23, 20653, 19943
1694955674, 0, 0, 34, 0, 0, 8067.58, 1, 0, 0, 0.57, 742, 466, 7790.23, 20653, 19943
1694955674, 0, 0, 34, 0, 0, 8067.58, 1, 0, 0, 40.00, 748, 472, 7790.23, 20653, 19943
1694955681, 0, 0, 34, 0, 0, 8067.58, 1, 0, 0, 0.41, 750, 473, 7790.23, 20653, 19943
1694955690, 0, 0, 34, 0, 0, 8067.58, 1, 0, 0, 0.23, 751, 474, 7790.23, 20653, 19943
1694955690, 0, 0, 34, 0, 0, 8067.58, 1, 0, 0, 67.06, 766, 482, 7790.23, 20653, 19943
1694955699, 0, 0, 34, 0, 0, 8067.58, 1, 0, 0, 0.11, 767, 482, 7790.23, 20653, 19943
1694955700, 0, 0, 34, 0, 0, 8067.58, 1, 0, 0, 26.23, 770, 487, 7790.23, 20653, 19943
1694955700, 0, 0, 34, 0, 0, 8067.58, 1, 0, 0, 19.67, 774, 489, 7790.23, 20653, 19943
1694955700, 0, 0, 34, 0, 0, 8067.58, 1, 0, 0, 20.47, 779, 491, 7790.23, 20653, 19943
1694955707, 0, 0, 34, 0, 0, 8067.58, 1, 0, 0, 1.24, 783, 496, 7790.23, 20653, 19943
1694955714, 0, 0, 34, 0, 0, 8067.58, 1, 0, 0, 1.15, 789, 497, 7790.23, 20653, 19943
1694955714, 0, 0, 34, 0, 0, 8067.58, 1, 0, 0, 49.67, 799, 502, 7790.23, 20653, 19943
1694955749, 0, 0, 34, 0, 0, 8067.58, 1, 0, 0, 0.08, 801, 503, 7790.23, 20653, 19943
1694955758, 0, 0, 34, 0, 0, 8067.58, 1, 0, 0, 0.37, 802, 505, 7790.23, 20653, 19943
1694955767, 0, 0, 34, 0, 0, 8067.58, 1, 0, 0, 0.20, 804, 505, 7790.23, 20653, 19943
1694955793, 0, 0, 34, 0, 0, 8067.58, 1, 0, 0, 0.08, 805, 506, 7790.23, 20653, 19943
1694955793, 0, 0, 34, 0, 0, 8067.58, 1, 0, 0, 28.30, 808, 512, 7790.23, 20653, 19943
1694955793, 0, 0, 34, 0, 0, 8067.58, 1, 0, 0, 7.54, 811, 512, 7790.23, 20653, 19943
1694955800, 0, 0, 34, 0, 0, 8067.58, 1, 0, 0, 0.28, 813, 512, 7790.23, 20653, 19943
1694955809, 0, 0, 34, 0, 0, 8067.58, 1, 0, 0, 0.77, 816, 516, 7790.23, 20653, 19943
1694955816, 0, 0, 34, 0, 0, 8067.58, 1, 0, 0, 1.23, 823, 517, 7790.23, 20653, 19943
1694955823, 0, 0, 34, 0, 0, 8067.58, 1, 0, 0, 0.58, 826, 518, 7790.23, 20653, 19943
1694955835, 0, 0, 34, 0, 0, 8067.58, 1, 0, 0, 0.34, 828, 520, 7790.23, 20653, 19943
1694955841, 0, 0, 34, 0, 0, 8067.58, 1, 0, 0, 0.62, 831, 521, 7790.23, 20653, 19943
1694955855, 0, 0, 34, 0, 0, 8067.58, 1, 0, 0, 0.21, 832, 523, 7790.23, 20653, 19943
1694955861, 0, 0, 34, 0, 0, 8067.58, 1, 0, 0, 0.31, 833, 524, 7790.23, 20653, 19943
1694955868, 0, 0, 34, 0, 0, 8067.58, 1, 0, 0, 0.49, 836, 524, 7790.23, 20653, 19943
1694955876, 0, 0, 34, 0, 0, 8067.58, 1, 0, 0, 0.12, 837, 524, 7790.23, 20653, 19943
1694955877, 0, 0, 34, 0, 0, 8067.58, 1, 0, 0, 13.95, 841, 526, 7790.23, 20653, 19943
1694955896, 0, 0, 34, 0, 0, 8067.58, 1, 0, 0, 0.10, 842, 527, 7790.23, 20653, 19943
1694955904, 0, 0, 34, 0, 0, 8067.58, 1, 0, 0, 0.71, 845, 530, 7790.23, 20653, 19943
1694955915, 0, 0, 34, 0, 0, 8067.58, 1, 0, 0, 0.28, 847, 531, 7790.23, 20653, 19943
1694955915, 0, 0, 34, 0, 0, 8067.58, 1, 0, 0, 26.76, 855, 534, 7790.23, 20653, 19943
1694955916, 0, 0, 34, 0, 0, 8067.58, 1, 0, 0, 19.11, 860, 535, 7790.23, 20653, 19943
1694955916, 0, 0, 34, 0, 0, 8067.58, 1, 0, 0, 28.95, 865, 541, 7790.23, 20653, 19943
1694955927, 0, 0, 34, 0, 0, 8067.58, 1, 0, 0, 0.09, 866, 541, 7790.23, 20653, 19943
1694955941, 0, 0, 34, 0, 0, 8067.58, 1, 0, 0, 0.15, 867, 542, 7790.23, 20653, 19943
1694955950, 0, 0, 34, 0, 0, 8067.58, 1, 0, 0, 0.22, 868, 543, 7790.23, 20653, 19943
1694955964, 0, 0, 34, 0, 0, 8067.58, 1, 0, 0, 0.28, 870, 545, 7790.23, 20653, 19943
1694955973, 0, 0, 34, 0, 0, 8067.58, 1, 0, 0, 0.23, 872, 545, 7790.23, 20653, 19943
1694955985, 0, 0, 34, 0, 0, 8067.58, 1, 0, 0, 0.25, 874, 546, 7790.23, 20653, 19943
1694955992, 0, 0, 34, 0, 0, 8067.58, 1, 0, 0, 1.96, 883, 550, 7790.23, 20653, 19943
1694955998, 0, 0, 34, 0, 0, 8067.58, 2, 0, 0, 0.29, 884, 551, 7790.23, 20653, 19943
1694955999, 0, 0, 35, 0, 0, 8068.36, 2, 0, 0, 29.13, 892, 552, 7790.23, 20655, 19943
1694955999, 0, 0, 35, 0, 0, 8068.36, 2, 0, 0, 25.57, 899, 554, 7790.23, 20655, 19943
1694956008, 0, 0, 35, 0, 0, 8068.36, 2, 0, 0, 0.11, 900, 554, 7790.23, 20655, 19943
1694956020, 0, 0, 35, 0, 0, 8068.36, 2, 0, 0, 0.35, 903, 555, 7790.23, 20655, 19943
1694956020, 0, 0, 35, 0, 0, 8068.36, 2, 0, 0, 10.00, 905, 556, 7790.23, 20655, 19943
1694956029, 0, 0, 35, 0, 0, 8068.36, 2, 0, 0, 0.21, 907, 556, 7790.23, 20655, 19943
1694956037, 0, 0, 35, 0, 0, 8068.36, 2, 0, 0, 0.67, 910, 558, 7790.23, 20655, 19943
1694956045, 0, 0, 35, 0, 0, 8068.36, 2, 0, 0, 0.49, 912, 560, 7790.23, 20655, 19943
1694956052, 0, 0, 35, 0, 0, 8068.36, 2, 0, 0, 0.15, 913, 560, 7790.23, 20655, 19943
1694956052, 0, 0, 35, 0, 0, 8068.36, 2, 0, 0, 19.29, 916, 563, 7790.23, 20655, 19943
1694956059, 0, 0, 35, 0, 0, 8068.36, 2, 0, 0, 0.14, 917, 563, 7790.23, 20655, 19943
1694956066, 0, 0, 35, 0, 0, 8068.36, 2, 0, 0, 0.66, 920, 565, 7790.23, 20655, 19943
1694956072, 0, 0, 35, 0, 0, 8068.36, 2, 0, 0, 0.37, 922, 565, 7790.23, 20655, 19943
1694956080, 0, 0, 35, 0, 0, 8068.36, 2, 0, 0, 0.25, 924, 565, 7790.23, 20655, 19943
1694956094, 0, 0, 35, 0, 0, 8068.36, 2, 0, 0, 0.66, 929, 569, 7790.23, 20655, 19943
1694956104, 0, 0, 35, 0, 0, 8068.36, 2, 0, 0, 0.28, 931, 570, 7790.23, 20655, 19943
1694956113, 0, 0, 35, 0, 0, 8068.36, 2, 0, 0, 0.55, 933, 573, 7790.23, 20655, 19943
1694956122, 0, 0, 35, 0, 0, 8068.36, 2, 0, 0, 0.12, 934, 573, 7790.23, 20655, 19943
1694956129, 0, 0, 35, 0, 0, 8068.36, 2, 0, 0, 0.53, 936, 575, 7790.23, 20655, 19943
1694956137, 0, 0, 35, 0, 0, 8068.36, 2, 0, 0, 0.81, 941, 576, 7790.23, 20655, 19943
1694956147, 0, 0, 35, 0, 0, 8068.36, 2, 0, 0, 0.46, 945, 577, 7790.23, 20655, 19943
1694956154, 0, 0, 35, 0, 0, 8068.36, 2, 0, 0, 0.71, 948, 579, 7790.23, 20655, 19943
1694956155, 0, 0, 35, 0, 0, 8068.36, 2, 0, 0, 35.93, 956, 583, 7790.23, 20655, 19943
1694956163, 0, 0, 35, 0, 0, 8068.36, 2, 0, 0, 0.35, 957, 585, 7790.23, 20655, 19943
1694956171, 0, 0, 35, 0, 0, 8068.36, 2, 0, 0, 0.25, 959, 585, 7790.23, 20655, 19943
1694956180, 0, 0, 35, 0, 0, 8068.36, 2, 0, 0, 0.73, 962, 588, 7790.23, 20655, 19943
1694956197, 0, 0, 35, 0, 0, 8068.36, 2, 0, 0, 0.12, 964, 588, 7790.23, 20655, 19943
1694956205, 0, 0, 35, 0, 0, 8068.36, 2, 0, 0, 1.45, 970, 593, 7790.23, 20655, 19943
1694956212, 0, 0, 35, 0, 0, 8068.36, 2, 0, 0, 0.28, 972, 593, 7790.23, 20655, 19943
1694956219, 0, 0, 35, 0, 0, 8068.36, 2, 0, 0, 0.28, 974, 593, 7790.23, 20655, 19943
1694956219, 0, 0, 35, 0, 0, 8068.36, 2, 0, 0, 22.73, 978, 596, 7790.23, 20655, 19943
1694956219, 0, 0, 35, 0, 0, 8068.36, 2, 0, 0, 28.30, 981, 602, 7790.23, 20655, 19943
1694956226, 0, 0, 35, 0, 0, 8068.36, 2, 0, 0, 0.65, 985, 602, 7790.23, 20655, 19943
1694956232, 0, 0, 35, 0, 0, 8068.36, 2, 0, 0, 1.10, 988, 606, 7790.23, 20655, 19943
1694956239, 0, 0, 35, 0, 0, 8068.36, 2, 0, 0, 1.40, 995, 609, 7790.23, 20655, 19943
1694956252, 0, 0, 35, 0, 0, 8068.36, 2, 0, 0, 0.24, 996, 611, 7790.23, 20655, 19943
1694956261, 0, 0, 35, 0, 0, 8068.36, 2, 0, 0, 0.31, 999, 611, 7790.23, 20655, 19943
1694956262, 0, 0, 35, 0, 0, 8068.36, 2, 0, 0, 13.36, 1005, 613, 7790.23, 20655, 19943
1694956272, 0, 0, 35, 0, 0, 8068.36, 2, 0, 0, 0.68, 1009, 616, 7790.23, 20655, 19943
1694956280, 0, 0, 35, 0, 0, 8068.36, 2, 0, 0, 0.13, 1010, 616, 7790.23, 20655, 19943
1694956290, 0, 0, 35, 0, 0, 8068.36, 2, 0, 0, 1.01, 1016, 620, 7790.23, 20655, 19943
1694956290, 0, 0, 35, 0, 0, 8068.36, 2, 0, 0, 12.56, 1018, 623, 7790.23, 20655, 19943
1694956298, 0, 0, 35, 0, 0, 8068.36, 2, 0, 0, 0.90, 1023, 625, 7790.23, 20655, 19943
1694956305, 0, 0, 35, 0, 0, 8068.36, 2, 0, 0, 0.28, 1025, 625, 7790.23, 20655, 19943
1694956305, 0, 0, 35, 0, 0, 8068.36, 2, 0, 0, 16.08, 1028, 627, 7790.23, 20655, 19943
1694956306, 0, 0, 35, 0, 0, 8068.36, 2, 0, 0, 10.47, 1031, 628, 7790.23, 20655, 19943
1694956306, 0, 0, 35, 0, 0, 8068.36, 2, 0, 0, 21.80, 1036, 631, 7790.23, 20655, 19943
1694956314, 0, 0, 35, 0, 0, 8068.36, 2, 0, 0, 0.24, 1038, 631, 7790.23, 20655, 19943
1694956323, 0, 0, 35, 0, 0, 8068.36, 2, 0, 0, 0.36, 1040, 632, 7790.23, 20655, 19943
1694956323, 0, 0, 35, 0, 0, 8068.36, 2, 0, 0, 19.67, 1044, 634, 7790.23, 20655, 19943
1694956323, 0, 0, 35, 0, 0, 8068.36, 2, 0, 0, 23.33, 1047, 638, 7790.23, 20655, 19943
1694956323, 0, 0, 35, 0, 0, 8068.36, 2, 0, 0, 19.61, 1051, 640, 7790.23, 20655, 19943
1694956324, 0, 0, 35, 0, 0, 8068.36, 2, 0, 0, 17.46, 1056, 642, 7790.23, 20655, 19943
1694956332, 0, 0, 35, 0, 0, 8068.36, 2, 0, 0, 0.12, 1057, 642, 7790.23, 20655, 19943
1694956341, 0, 0, 35, 0, 0, 8068.36, 2, 0, 0, 0.33, 1059, 643, 7790.23, 20655, 19943
1694956349, 0, 0, 35, 0, 0, 8068.36, 2, 0, 0, 0.26, 1060, 644, 7790.23, 20655, 19943
1694956356, 0, 0, 35, 0, 0, 8068.36, 2, 0, 0, 0.55, 1062, 646, 7790.23, 20655, 19943
1694956364, 0, 0, 35, 0, 0, 8068.36, 2, 0, 0, 0.26, 1063, 647, 7790.23, 20655, 19943
1694956371, 0, 0, 35, 0, 0, 8068.36, 2, 0, 0, 0.42, 1066, 647, 7790.23, 20655, 19943
1694956382, 0, 0, 35, 0, 0, 8068.36, 2, 0, 0, 0.09, 1067, 647, 7790.23, 20655, 19943
1694956383, 0, 0, 35, 0, 0, 8068.36, 2, 0, 0, 14.08, 1070, 649, 7790.23, 20655, 19943
1694956390, 0, 0, 35, 0, 0, 8068.36, 2, 0, 0, 0.53, 1073, 650, 7790.23, 20655, 19943
1694956399, 0, 0, 35, 0, 0, 8068.36, 2, 0, 0, 0.12, 1074, 650, 7790.23, 20655, 19943
1694956399, 0, 0, 35, 0, 0, 8068.36, 2, 0, 0, 26.67, 1076, 656, 7790.23, 20655, 19943
1694956400, 0, 0, 35, 0, 0, 8068.36, 2, 0, 0, 14.12, 1079, 659, 7790.23, 20655, 19943
1694956400, 0, 0, 35, 0, 0, 8068.36, 2, 0, 0, 21.94, 1082, 663, 7790.23, 20655, 19943
1694956410, 0, 0, 35, 0, 0, 8068.36, 2, 0, 0, 0.20, 1084, 663, 7790.23, 20655, 19943
1694956417, 0, 0, 35, 0, 0, 8068.36, 2, 0, 0, 0.28, 1086, 663, 7790.23, 20655, 19943
1694956426, 0, 0, 35, 0, 0, 8068.36, 2, 0, 0, 0.11, 1087, 663, 7790.23, 20655, 19943
1694956437, 0, 0, 35, 0, 0, 8068.36, 2, 0, 0, 0.10, 1088, 663, 7790.23, 20655, 19943
1694956437, 0, 0, 35, 0, 0, 8068.36, 2, 0, 0, 13.93, 1091, 665, 7790.23, 20655, 19943
1694956443, 0, 0, 35, 0, 0, 8068.36, 2, 0, 0, 0.33, 1092, 666, 7790.23, 20655, 19943
1694956451, 0, 0, 35, 0, 0, 8068.36, 2, 0, 0, 0.52, 1094, 668, 7790.23, 20655, 19943
1694956451, 0, 0, 35, 0, 0, 8068.36, 2, 0, 0, 11.93, 1098, 669, 7790.23, 20655, 19943
1694956452, 0, 0, 35, 0, 0, 8068.36, 2, 0, 0, 13.25, 1100, 671, 7790.23, 20655, 19943
1694956460, 0, 0, 35, 0, 0, 8068.36, 2, 0, 0, 0.73, 1104, 673, 7790.23, 20655, 19943
1694956472, 0, 0, 35, 0, 0, 8068.36, 2, 0, 0, 0.41, 1108, 674, 7790.23, 20655, 19943
1694956480, 0, 0, 35, 0, 0, 8068.36, 2, 0, 0, 0.65, 1111, 676, 7790.23, 20655, 19943
1694956489, 0, 0, 35, 0, 0, 8068.36, 2, 0, 0, 0.11, 1112, 676, 7790.23, 20655, 19943
1694956495, 0, 0, 35, 0, 0, 8068.36, 2, 0, 0, 0.16, 1113, 676, 7790.23, 20655, 19943
1694956496, 0, 0, 35, 0, 0, 8068.36, 2, 0, 0, 6.25, 1115, 676, 7790.23, 20655, 19943
1694956506, 0, 0, 35, 0, 0, 8068.36, 2, 0, 0, 0.20, 1116, 677, 7790.23, 20655, 19943
1694956512, 0, 0, 35, 0, 0, 8068.36, 2, 0, 0, 0.15, 1116, 678, 7790.23, 20655, 19943
1694956513, 0, 0, 35, 0, 0, 8068.36, 2, 0, 0, 39.22, 1121, 685, 7790.23, 20655, 19943
1694956520, 0, 0, 35, 0, 0, 8068.36, 2, 0, 0, 0.65, 1125, 686, 7790.23, 20655, 19943
1694956582, 0, 0, 35, 0, 0, 8068.36, 2, 0, 0, 0.03, 1126, 687, 7790.23, 20655, 19943
1694956582, 0, 0, 35, 0, 0, 8068.36, 2, 0, 0, 25.56, 1133, 688, 7790.23, 20655, 19943
1694956595, 0, 0, 35, 0, 0, 8068.36, 2, 0, 0, 0.48, 1137, 690, 7790.23, 20655, 19943
1694956595, 0, 0, 35, 0, 0, 8068.36, 2, 0, 0, 13.37, 1139, 693, 7790.23, 20655, 19943
1694956602, 0, 0, 35, 0, 0, 8068.36, 2, 0, 0, 0.54, 1143, 693, 7790.23, 20655, 19943
1694956610, 0, 0, 35, 0, 0, 8068.36, 2, 0, 0, 0.63, 1145, 696, 7790.23, 20655, 19943
1694956618, 0, 0, 35, 0, 0, 8068.36, 2, 0, 0, 1.19, 1150, 700, 7790.23, 20655, 19943
1694956626, 0, 0, 35, 0, 0, 8068.36, 2, 0, 0, 0.12, 1151, 700, 7790.23, 20655, 19943
1694956633, 0, 0, 35, 0, 0, 8068.36, 2, 0, 0, 0.96, 1154, 703, 7790.23, 20655, 19943
1694956633, 0, 0, 35, 0, 0, 8068.36, 2, 0, 0, 12.27, 1157, 706, 7790.23, 20655, 19943
1694956643, 0, 0, 35, 0, 0, 8068.36, 2, 0, 0, 0.21, 1159, 706, 7790.23, 20655, 19943
1694956643, 0, 0, 35, 0, 0, 8068.36, 2, 0, 0, 16.35, 1162, 709, 7790.23, 20655, 19943
1694956651, 0, 0, 35, 0, 0, 8068.36, 2, 0, 0, 0.26, 1163, 710, 7790.23, 20655, 19943
1694956651, 0, 0, 35, 0, 0, 8068.36, 2, 0, 0, 19.67, 1164, 715, 7790.23, 20655, 19943
1694956652, 0, 0, 35, 0, 0, 8068.36, 2, 0, 0, 13.23, 1167, 717, 7790.23, 20655, 19943
1694956659, 0, 0, 35, 0, 0, 8068.36, 2, 0, 0, 0.14, 1168, 717, 7790.23, 20655, 19943
1694956659, 0, 0, 35, 0, 0, 8068.36, 2, 0, 0, 16.56, 1170, 720, 7790.23, 20655, 19943
1694956668, 0, 0, 35, 0, 0, 8068.36, 2, 0, 0, 0.34, 1173, 720, 7790.23, 20655, 19943
1694956676, 0, 0, 35, 0, 0, 8068.36, 2, 0, 0, 0.12, 1174, 720, 7790.23, 20655, 19943
1694956676, 0, 0, 35, 0, 0, 8068.36, 2, 0, 0, 9.85, 1178, 720, 7790.23, 20655, 19943
1694956677, 0, 0, 35, 0, 0, 8068.36, 2, 0, 0, 17.46, 1180, 725, 7790.23, 20655, 19943
1694956677, 0, 0, 35, 0, 0, 8068.36, 2, 0, 0, 9.49, 1182, 726, 7790.23, 20655, 19943
1694956677, 0, 0, 35, 0, 0, 8068.36, 2, 0, 0, 16.13, 1185, 728, 7790.23, 20655, 19943
1694956690, 0, 0, 35, 0, 0, 8068.36, 2, 0, 0, 0.08, 1186, 728, 7790.23, 20655, 19943
1694956690, 0, 0, 35, 0, 0, 8068.36, 2, 0, 0, 14.84, 1189, 730, 7790.23, 20655, 19943
1694956691, 0, 0, 35, 0, 0, 8068.36, 2, 0, 0, 18.52, 1193, 732, 7790.23, 20655, 19943
1694956691, 0, 0, 35, 0, 0, 8068.36, 2, 0, 0, 22.95, 1193, 739, 7790.23, 20655, 19943
1694956691, 0, 0, 35, 0, 0, 8068.36, 2, 0, 0, 14.25, 1196, 741, 7790.23, 20655, 19943
1694956701, 0, 0, 35, 0, 0, 8068.36, 2, 0, 0, 0.20, 1198, 741, 7790.23, 20655, 19943
1694956708, 0, 0, 35, 0, 0, 8068.36, 2, 0, 0, 0.55, 1200, 743, 7790.23, 20655, 19943
1694956714, 0, 0, 35, 0, 0, 8068.36, 2, 0, 0, 0.18, 1200, 744, 7790.23, 20655, 19943
1694956721, 0, 0, 35, 0, 0, 8068.36, 2, 0, 0, 0.59, 1202, 746, 7790.23, 20655, 19943
1694956729, 0, 0, 35, 0, 0, 8068.36, 2, 0, 0, 0.25, 1203, 747, 7790.23, 20655, 19943
1694956729, 0, 0, 35, 0, 0, 8068.36, 2, 0, 0, 15.43, 1203, 752, 7790.23, 20655, 19943
1694956729, 0, 0, 35, 0, 0, 8068.36, 2, 0, 0, 12.74, 1206, 753, 7790.23, 20655, 19943
1694956730, 0, 0, 35, 0, 0, 8068.36, 2, 0, 0, 9.95, 1209, 754, 7790.23, 20655, 19943
1694956730, 0, 0, 35, 0, 0, 8068.36, 2, 0, 0, 16.26, 1212, 757, 7790.23, 20655, 19943
1694956730, 0, 0, 35, 0, 0, 8068.36, 2, 0, 0, 15.43, 1216, 758, 7790.23, 20655, 19943
1694956739, 0, 0, 35, 0, 0, 8068.36, 2, 0, 0, 0.11, 1217, 758, 7790.23, 20655, 19943
1694956740, 0, 0, 35, 0, 0, 8068.36, 2, 0, 0, 5.97, 1220, 759, 7790.23, 20655, 19943
1694956740, 0, 0, 35, 0, 0, 8068.36, 2, 0, 0, 9.35, 1221, 761, 7790.23, 20655, 19943
1694956748, 0, 0, 35, 0, 0, 8068.36, 2, 0, 0, 0.37, 1223, 762, 7790.23, 20655, 19943
1694956749, 0, 0, 35, 0, 0, 8068.36, 2, 0, 0, 6.79, 1224, 764, 7790.23, 20655, 19943
1694956757, 0, 0, 35, 0, 0, 8068.36, 2, 0, 0, 0.34, 1226, 765, 7790.23, 20655, 19943
1694956758, 0, 0, 35, 0, 0, 8068.36, 2, 0, 0, 6.41, 1227, 766, 7790.23, 20655, 19943
1694956779, 0, 0, 35, 0, 0, 8068.36, 2, 0, 0, 0.09, 1228, 767, 7790.23, 20655, 19943
1694956794, 0, 0, 35, 0, 0, 8068.36, 2, 0, 0, 0.07, 1229, 767, 7790.23, 20655, 19943
1694956794, 0, 0, 35, 0, 0, 8068.36, 2, 0, 0, 4.69, 1229, 769, 7790.23, 20655, 19943
1694956795, 0, 0, 35, 0, 0, 8068.36, 2, 0, 0, 3.32, 1230, 770, 7790.23, 20655, 19943
1694956795, 0, 0, 35, 0, 0, 8068.36, 2, 0, 0, 13.25, 1232, 772, 7790.23, 20655, 19943
1694956806, 0, 0, 35, 0, 0, 8068.36, 2, 0, 0, 0.39, 1234, 774, 7790.23, 20655, 19943
1694956806, 0, 0, 35, 0, 0, 8068.36, 2, 0, 0, 19.29, 1237, 777, 7790.23, 20655, 19943
1694956814, 0, 0, 35, 0, 0, 8068.36, 2, 0, 0, 0.38, 1239, 778, 7790.23, 20655, 19943
1694956814, 0, 0, 35, 0, 0, 8068.36, 2, 0, 0, 5.81, 1240, 779, 7790.23, 20655, 19943
1694956826, 0, 0, 35, 0, 0, 8068.36, 2, 0, 0, 0.17, 1242, 779, 7790.23, 20655, 19943
1694956834, 0, 0, 35, 0, 0, 8068.36, 2, 0, 0, 0.12, 1243, 779, 7790.23, 20655, 19943
1694956845, 0, 0, 35, 0, 0, 8068.36, 2, 0, 0, 0.39, 1246, 780, 7790.23, 20655, 19943
1694956854, 0, 0, 35, 0, 0, 8068.36, 2, 0, 0, 0.54, 1249, 782, 7790.23, 20655, 19943
1694956854, 0, 0, 35, 0, 0, 8068.36, 2, 0, 0, 10.58, 1252, 783, 7790.23, 20655, 19943
1694956855, 0, 0, 35, 0, 0, 8068.36, 2, 0, 0, 25.24, 1256, 787, 7790.23, 20655, 19943
1694956855, 0, 0, 35, 0, 0, 8068.36, 2, 0, 0, 18.46, 1261, 788, 7790.23, 20655, 19943
1694956862, 0, 0, 35, 0, 0, 8068.36, 2, 0, 0, 0.59, 1264, 789, 7790.23, 20655, 19943
1694956871, 0, 0, 35, 0, 0, 8068.36, 2, 0, 0, 0.21, 1265, 790, 7790.23, 20655, 19943
1694956872, 0, 0, 35, 0, 0, 8068.36, 2, 0, 0, 12.74, 1268, 791, 7790.23, 20655, 19943
1694956910, 0, 0, 35, 0, 0, 8068.36, 2, 0, 0, 0.08, 1270, 792, 7790.23, 20655, 19943
1694956910, 0, 0, 35, 0, 0, 8068.36, 2, 0, 0, 5.54, 1270, 794, 7790.23, 20655, 19943
1694956910, 0, 0, 35, 0, 0, 8068.36, 2, 0, 0, 9.49, 1271, 796, 7790.23, 20655, 19943
1694956911, 0, 0, 35, 0, 0, 8068.36, 2, 0, 0, 8.02, 1272, 798, 7790.23, 20655, 19943
1694956918, 0, 0, 35, 0, 0, 8068.36, 2, 0, 0, 0.29, 1274, 798, 7790.23, 20655, 19943
1694956918, 0, 0, 35, 0, 0, 8068.36, 2, 0, 0, 9.71, 1276, 800, 7790.23, 20655, 19943
1694956918, 0, 0, 35, 0, 0, 8068.36, 2, 0, 0, 17.09, 1280, 802, 7790.23, 20655, 19943
1694956919, 0, 0, 35, 0, 0, 8068.36, 2, 0, 0, 5.63, 1282, 802, 7790.23, 20655, 19943
1694956926, 0, 0, 35, 0, 0, 8068.36, 2, 0, 0, 0.27, 1283, 803, 7790.23, 20655, 19943
1694956935, 0, 0, 35, 0, 0, 8068.36, 2, 0, 0, 0.22, 1285, 803, 7790.23, 20655, 19943
1694956942, 0, 0, 35, 0, 0, 8068.36, 2, 0, 0, 0.42, 1287, 804, 7790.23, 20655, 19943
1694956950, 0, 0, 35, 0, 0, 8068.36, 2, 0, 0, 0.26, 1288, 805, 7790.23, 20655, 19943
1694956963, 0, 0, 35, 0, 0, 8068.36, 2, 0, 0, 0.30, 1291, 806, 7790.23, 20655, 19943
1694956971, 0, 0, 35, 0, 0, 8068.36, 2, 0, 0, 0.13, 1292, 806, 7790.23, 20655, 19943
1694956982, 0, 0, 35, 0, 0, 8068.36, 2, 0, 0, 0.39, 1294, 808, 7790.23, 20655, 19943
1694956989, 0, 0, 35, 0, 0, 8068.36, 2, 0, 0, 0.52, 1296, 810, 7790.23, 20655, 19943
1694956990, 0, 0, 35, 0, 0, 8068.36, 2, 0, 0, 5.98, 1298, 811, 7790.23, 20655, 19943
1694957008, 0, 0, 35, 0, 0, 8068.36, 2, 0, 0, 0.11, 1299, 812, 7790.23, 20655, 19943
1694957018, 0, 0, 35, 0, 0, 8068.36, 2, 0, 0, 0.30, 1302, 812, 7790.23, 20655, 19943
1694957026, 0, 0, 35, 0, 0, 8068.36, 2, 0, 0, 0.25, 1303, 813, 7790.23, 20655, 19943
1694957026, 0, 0, 35, 0, 0, 8068.36, 2, 0, 0, 8.22, 1305, 814, 7790.23, 20655, 19943
1694957026, 0, 0, 35, 0, 0, 8068.36, 2, 0, 0, 20.96, 1307, 819, 7790.23, 20655, 19943
1694957035, 0, 0, 35, 0, 0, 8068.36, 2, 0, 0, 0.47, 1309, 821, 7790.23, 20655, 19943
1694957045, 0, 0, 35, 0, 0, 8068.36, 2, 0, 0, 0.19, 1311, 821, 7790.23, 20655, 19943
1694957046, 0, 0, 35, 0, 0, 8068.36, 2, 0, 0, 18.02, 1316, 822, 7790.23, 20655, 19943
1694957053, 0, 0, 35, 0, 0, 8068.36, 2, 0, 0, 0.64, 1318, 825, 7790.23, 20655, 19943
1694957060, 0, 0, 35, 0, 0, 8068.36, 2, 0, 0, 0.60, 1320, 827, 7790.23, 20655, 19943
1694957060, 0, 0, 35, 0, 0, 8068.36, 2, 0, 0, 12.63, 1324, 828, 7790.23, 20655, 19943
1694957068, 0, 0, 35, 0, 0, 8068.36, 2, 0, 0, 0.26, 1326, 828, 7790.23, 20655, 19943
1694957076, 0, 0, 35, 0, 0, 8068.36, 2, 0, 0, 0.26, 1328, 828, 7790.23, 20655, 19943
1694957076, 0, 0, 35, 0, 0, 8068.36, 2, 0, 0, 6.47, 1329, 829, 7790.23, 20655, 19943
1694957077, 0, 0, 35, 0, 0, 8068.36, 2, 0, 0, 10.50, 1331, 831, 7790.23, 20655, 19943
1694957085, 0, 0, 35, 0, 0, 8068.36, 2, 0, 0, 0.23, 1332, 832, 7790.23, 20655, 19943
1694957086, 0, 0, 35, 0, 0, 8068.36, 2, 0, 0, 11.24, 1336, 832, 7790.23, 20655, 19943
1694957093, 0, 0, 35, 0, 0, 8068.36, 2, 0, 0, 0.13, 1337, 832, 7790.23, 20655, 19943
1694957099, 0, 0, 35, 0, 0, 8068.36, 2, 0, 0, 0.33, 1339, 832, 7790.23, 20655, 19943
1694957100, 0, 0, 35, 0, 0, 8068.36, 2, 0, 0, 19.48, 1343, 834, 7790.23, 20655, 19943
1694957100, 0, 0, 35, 0, 0, 8068.36, 2, 0, 0, 16.39, 1345, 837, 7790.23, 20655, 19943
1694957108, 0, 0, 35, 0, 0, 8068.36, 2, 0, 0, 0.89, 1350, 839, 7790.23, 20655, 19943
1694957108, 0, 0, 35, 0, 0, 8068.36, 2, 0, 0, 8.52, 1353, 839, 7790.23, 20655, 19943
1694957109, 0, 0, 35, 0, 0, 8068.36, 2, 0, 0, 5.56, 1354, 840, 7790.23, 20655, 19943
1694957109, 0, 0, 35, 0, 0, 8068.36, 2, 0, 0, 9.46, 1356, 841, 7790.23, 20655, 19943
1694957109, 0, 0, 35, 0, 0, 8068.36, 2, 0, 0, 4.77, 1358, 841, 7790.23, 20655, 19943
1694957122, 0, 0, 35, 0, 0, 8068.36, 2, 0, 0, 0.08, 1359, 841, 7790.23, 20655, 19943
1694957145, 0, 0, 35, 0, 0, 8068.36, 2, 0, 0, 0.09, 1361, 841, 7790.23, 20655, 19943
1694957146, 0, 0, 35, 0, 0, 8068.36, 2, 0, 0, 16.08, 1363, 844, 7790.23, 20655, 19943
1694957153, 0, 0, 35, 0, 0, 8068.36, 2, 0, 0, 0.14, 1364, 844, 7790.23, 20655, 19943
1694957153, 0, 0, 35, 0, 0, 8068.36, 2, 0, 0, 6.47, 1365, 845, 7790.23, 20655, 19943
1694957172, 0, 0, 35, 0, 0, 8068.36, 2, 0, 0, 0.11, 1366, 846, 7790.23, 20655, 19943
1694957180, 0, 0, 35, 0, 0, 8068.36, 2, 0, 0, 0.24, 1367, 847, 7790.23, 20655, 19943
1694957181, 0, 0, 35, 0, 0, 8068.36, 2, 0, 0, 15.82, 1370, 849, 7790.23, 20655, 19943
1694957181, 0, 0, 35, 0, 0, 8068.36, 2, 0, 0, 6.29, 1371, 850, 7790.23, 20655, 19943
1694957188, 0, 0, 35, 0, 0, 8068.36, 2, 0, 0, 0.15, 1372, 850, 7790.23, 20655, 19943
1694957197, 0, 0, 35, 0, 0, 8068.36, 2, 0, 0, 0.53, 1376, 851, 7790.23, 20655, 19943
1694957205, 0, 0, 35, 0, 0, 8068.36, 2, 0, 0, 0.36, 1378, 852, 7790.23, 20655, 19943
1694957206, 0, 0, 35, 0, 0, 8068.36, 2, 0, 0, 9.95, 1379, 855, 7790.23, 20655, 19943
1694957206, 0, 0, 35, 0, 0, 8068.36, 2, 0, 0, 6.41, 1379, 857, 7790.23, 20655, 19943
1694957207, 0, 0, 35, 0, 0, 8068.36, 2, 0, 0, 6.07, 1380, 859, 7790.23, 20655, 19943
1694957214, 0, 0, 35, 0, 0, 8068.36, 2, 0, 0, 0.26, 1381, 860, 7790.23, 20655, 19943
1694957227, 0, 0, 35, 0, 0, 8068.36, 2, 0, 0, 0.08, 1382, 860, 7790.23, 20655, 19943
1694957238, 0, 0, 35, 0, 0, 8068.36, 2, 0, 0, 0.18, 1383, 861, 7790.23, 20655, 19943
1694957239, 0, 0, 35, 0, 0, 8068.36, 2, 0, 0, 9.23, 1385, 862, 7790.23, 20655, 19943
1694957239, 0, 0, 35, 0, 0, 8068.36, 2, 0, 0, 8.55, 1388, 862, 7790.23, 20655, 19943
1694957239, 0, 0, 35, 0, 0, 8068.36, 2, 0, 0, 12.90, 1390, 864, 7790.23, 20655, 19943
1694957240, 0, 0, 35, 0, 0, 8068.36, 2, 0, 0, 9.74, 1391, 866, 7790.23, 20655, 19943
1694957246, 0, 0, 35, 0, 0, 8068.36, 2, 0, 0, 0.31, 1392, 867, 7790.23, 20655, 19943
1694957246, 0, 0, 35, 0, 0, 8068.36, 2, 0, 0, 2.51, 1393, 867, 7790.23, 20655, 19943
1694957255, 0, 0, 35, 0, 0, 8068.36, 2, 0, 0, 0.12, 1394, 867, 7790.23, 20655, 19943
1694957264, 0, 0, 35, 0, 0, 8068.36, 2, 0, 0, 0.33, 1396, 868, 7790.23, 20655, 19943
1694957271, 0, 0, 35, 0, 0, 8068.36, 2, 0, 0, 0.54, 1398, 870, 7790.23, 20655, 19943
1694957278, 0, 0, 35, 0, 0, 8068.36, 2, 0, 0, 0.46, 1400, 871, 7790.23, 20655, 19943
1694957278, 0, 0, 35, 0, 0, 8068.36, 2, 0, 0, 8.24, 1401, 873, 7790.23, 20655, 19943
1694957287, 0, 0, 35, 0, 0, 8068.36, 2, 0, 0, 0.35, 1403, 874, 7790.23, 20655, 19943
1694957287, 0, 0, 35, 0, 0, 8068.36, 2, 0, 0, 6.02, 1405, 875, 7790.23, 20655, 19943
1694957288, 0, 0, 35, 0, 0, 8068.36, 2, 0, 0, 7.01, 1407, 876, 7790.23, 20655, 19943
1694957288, 0, 0, 35, 0, 0, 8068.36, 2, 0, 0, 16.56, 1411, 877, 7790.23, 20655, 19943
1694957288, 0, 0, 35, 0, 0, 8068.36, 2, 0, 0, 16.13, 1412, 881, 7790.23, 20655, 19943
1694957295, 0, 0, 35, 0, 0, 8068.36, 2, 0, 0, 0.14, 1413, 881, 7790.23, 20655, 19943
1694957295, 0, 0, 35, 0, 0, 8068.36, 2, 0, 0, 9.43, 1413, 884, 7790.23, 20655, 19943
1694957303, 0, 0, 35, 0, 0, 8068.36, 2, 0, 0, 0.38, 1416, 884, 7790.23, 20655, 19943
1694957304, 0, 0, 35, 0, 0, 8068.36, 2, 0, 0, 14.04, 1419, 886, 7790.23, 20655, 19943
1694957304, 0, 0, 35, 0, 0, 8068.36, 2, 0, 0, 15.77, 1424, 886, 7790.23, 20655, 19943
1694957304, 0, 0, 35, 0, 0, 8068.36, 2, 0, 0, 13.19, 1427, 888, 7790.23, 20655, 19943
1694957305, 0, 0, 35, 0, 0, 8068.36, 2, 0, 0, 15.97, 1430, 890, 7790.23, 20655, 19943
1694957312, 0, 0, 35, 0, 0, 8068.36, 2, 0, 0, 0.55, 1432, 892, 7790.23, 20655, 19943
1694957320, 0, 0, 35, 0, 0, 8068.36, 2, 0, 0, 0.26, 1433, 893, 7790.23, 20655, 19943
1694957320, 0, 0, 35, 0, 0, 8068.36, 2, 0, 0, 7.94, 1434, 895, 7790.23, 20655, 19943
1694957320, 0, 0, 35, 0, 0, 8068.36, 2, 0, 0, 8.17, 1436, 896, 7790.23, 20655, 19943
1694957321, 0, 0, 35, 0, 0, 8068.36, 2, 0, 0, 15.67, 1440, 897, 7790.23, 20655, 19943
1694957321, 0, 0, 35, 0, 0, 8068.36, 2, 0, 0, 4.25, 1441, 898, 7790.23, 20655, 19943
1694957355, 0, 0, 35, 0, 0, 8068.36, 2, 0, 0, 0.09, 1442, 900, 7790.23, 20655, 19943
1694957380, 0, 0, 35, 0, 0, 8068.36, 2, 0, 0, 0.16, 1444, 902, 7790.23, 20655, 19943
1694957380, 0, 0, 35, 0, 0, 8068.36, 2, 0, 0, 3.26, 1445, 902, 7790.23, 20655, 19943
1694957381, 0, 0, 35, 0, 0, 8068.36, 2, 0, 0, 16.50, 1448, 904, 7790.23, 20655, 19943
1694957381, 0, 0, 35, 0, 0, 8068.36, 2, 0, 0, 9.40, 1449, 906, 7790.23, 20655, 19943
1694957381, 0, 0, 35, 0, 0, 8068.36, 2, 0, 0, 12.20, 1452, 907, 7790.23, 20655, 19943
1694957382, 0, 0, 35, 0, 0, 8068.36, 2, 0, 0, 10.87, 1456, 907, 7790.23, 20655, 19943
1694957382, 0, 0, 35, 0, 0, 8068.36, 2, 0, 0, 6.94, 1457, 909, 7790.23, 20655, 19943
1694957382, 0, 0, 35, 0, 0, 8068.36, 2, 0, 0, 9.93, 1459, 910, 7790.23, 20655, 19943
1694957390, 0, 0, 35, 0, 0, 8068.36, 2, 0, 0, 0.13, 1460, 910, 7790.23, 20655, 19943
1694957390, 0, 0, 35, 0, 0, 8068.36, 2, 0, 0, 15.43, 1462, 913, 7790.23, 20655, 19943
1694957391, 0, 0, 35, 0, 0, 8068.36, 2, 0, 0, 11.76, 1464, 915, 7790.23, 20655, 19943
1694957391, 0, 0, 35, 0, 0, 8068.36, 2, 0, 0, 11.11, 1466, 917, 7790.23, 20655, 19943
1694957400, 0, 0, 35, 0, 0, 8068.36, 2, 0, 0, 0.11, 1467, 917, 7790.23, 20655, 19943
1694957400, 0, 0, 35, 0, 0, 8068.36, 2, 0, 0, 8.08, 1469, 919, 7790.23, 20655, 19943
1694957401, 0, 0, 35, 0, 0, 8068.36, 2, 0, 0, 2.99, 1470, 919, 7790.23, 20655, 19943
1694957401, 0, 0, 35, 0, 0, 8068.36, 2, 0, 0, 5.67, 1472, 919, 7790.23, 20655, 19943
1694957401, 0, 0, 35, 0, 0, 8068.36, 2, 0, 0, 9.84, 1473, 921, 7790.23, 20655, 19943
1694957402, 0, 0, 35, 0, 0, 8068.36, 2, 0, 0, 9.74, 1473, 924, 7790.23, 20655, 19943
1694957402, 0, 0, 35, 0, 0, 8068.36, 2, 0, 0, 7.89, 1473, 927, 7790.23, 20655, 19943
1694957402, 0, 0, 35, 0, 0, 8068.36, 2, 0, 0, 6.58, 1474, 928, 7790.23, 20655, 19943
1694957403, 0, 0, 35, 0, 0, 8068.36, 2, 0, 0, 6.58, 1475, 929, 7790.23, 20655, 19943
1694957403, 0, 0, 35, 0, 0, 8068.36, 2, 0, 0, 5.59, 1476, 930, 7790.23, 20655, 19943
1694957403, 0, 0, 35, 0, 0, 8068.36, 2, 0, 0, 14.53, 1480, 931, 7790.23, 20655, 19943
1694957404, 0, 0, 35, 0, 0, 8068.36, 2, 0, 0, 5.71, 1482, 931, 7790.23, 20655, 19943
1694957404, 0, 0, 35, 0, 0, 8068.36, 2, 0, 0, 9.20, 1482, 934, 7790.23, 20655, 19943
1694957412, 0, 0, 35, 0, 0, 8068.36, 2, 0, 0, 0.25, 1484, 934, 7790.23, 20655, 19943
1694957420, 0, 0, 35, 0, 0, 8068.36, 2, 0, 0, 0.38, 1487, 934, 7790.23, 20655, 19943
1694957420, 0, 0, 35, 0, 0, 8068.36, 2, 0, 0, 7.46, 1488, 936, 7790.23, 20655, 19943
1694957421, 0, 0, 35, 0, 0, 8068.36, 2, 0, 0, 6.41, 1490, 936, 7790.23, 20655, 19943
1694957421, 0, 0, 35, 0, 0, 8068.36, 2, 0, 0, 6.07, 1491, 938, 7790.23, 20655, 19943
1694957422, 0, 0, 35, 0, 0, 8068.36, 2, 0, 0, 6.47, 1493, 938, 7790.23, 20655, 19943
1694957422, 0, 0, 35, 0, 0, 8068.36, 2, 0, 0, 6.25, 1494, 939, 7790.23, 20655, 19943
1694957432, 0, 0, 35, 0, 0, 8068.36, 2, 0, 0, 0.10, 1495, 939, 7790.23, 20655, 19943
1694957432, 0, 0, 35, 0, 0, 8068.36, 2, 0, 0, 7.61, 1498, 939, 7790.23, 20655, 19943
1694957433, 0, 0, 35, 0, 0, 8068.36, 2, 0, 0, 15.97, 1502, 940, 7790.23, 20655, 19943
1694957442, 0, 0, 35, 0, 0, 8068.36, 2, 0, 0, 0.22, 1504, 940, 7790.23, 20655, 19943
1694957442, 0, 0, 35, 0, 0, 8068.36, 2, 0, 0, 22.88, 1509, 942, 7790.23, 20655, 19943
1694957450, 0, 0, 35, 0, 0, 8068.36, 2, 0, 0, 0.13, 1510, 942, 7790.23, 20655, 19943
1694957458, 0, 0, 35, 0, 0, 8068.36, 2, 0, 0, 0.22, 1512, 942, 7790.23, 20655, 19943
1694957459, 0, 0, 35, 0, 0, 8068.36, 2, 0, 0, 12.78, 1516, 942, 7790.23, 20655, 19943
1694957459, 0, 0, 35, 0, 0, 8068.36, 2, 0, 0, 13.97, 1518, 945, 7790.23, 20655, 19943
1694957459, 0, 0, 35, 0, 0, 8068.36, 2, 0, 0, 9.15, 1520, 946, 7790.23, 20655, 19943
1694957460, 0, 0, 35, 0, 0, 8068.36, 2, 0, 0, 7.45, 1523, 948, 7790.23, 20655, 19943
1694957510, 0, 0, 35, 0, 0, 8068.36, 2, 0, 0, 0.08, 1525, 950, 7790.23, 20655, 19943
1694957510, 0, 0, 35, 0, 0, 8068.36, 2, 0, 0, 2.73, 1526, 950, 7790.23, 20655, 19943
1694957518, 0, 0, 35, 0, 0, 8068.36, 2, 0, 0, 0.12, 1527, 950, 7790.23, 20655, 19943
1694957560, 0, 0, 35, 0, 0, 8068.36, 2, 0, 0, 0.02, 1528, 950, 7790.23, 20655, 19943
1694957560, 0, 0, 35, 0, 0, 8068.36, 2, 0, 0, 7.65, 1529, 952, 7790.23, 20655, 19943
1694957560, 0, 0, 35, 0, 0, 8068.36, 2, 0, 0, 9.58, 1530, 954, 7790.23, 20655, 19943
1694957561, 0, 0, 35, 0, 0, 8068.36, 2, 0, 0, 8.02, 1530, 957, 7790.23, 20655, 19943
1694957561, 0, 0, 35, 0, 0, 8068.36, 2, 0, 0, 6.49, 1532, 958, 7790.23, 20655, 19943
1694957571, 0, 0, 35, 0, 0, 8068.36, 2, 0, 0, 0.20, 1533, 959, 7790.23, 20655, 19943
1694957579, 0, 0, 35, 0, 0, 8068.36, 2, 0, 0, 0.13, 1534, 959, 7790.23, 20655, 19943
1694957580, 0, 0, 35, 0, 0, 8068.36, 2, 0, 0, 6.44, 1535, 961, 7790.23, 20655, 19943
1694957580, 0, 0, 35, 0, 0, 8068.36, 2, 0, 0, 11.66, 1536, 964, 7790.23, 20655, 19943
1694957580, 0, 0, 35, 0, 0, 8068.36, 2, 0, 0, 5.39, 1537, 965, 7790.23, 20655, 19943
1694957588, 0, 0, 35, 0, 0, 8068.36, 2, 0, 0, 0.39, 1539, 966, 7790.23, 20655, 19943
1694957588, 0, 0, 35, 0, 0, 8068.36, 2, 0, 0, 12.12, 1542, 967, 7790.23, 20655, 19943
1694957589, 0, 0, 35, 0, 0, 8068.36, 2, 0, 0, 12.69, 1546, 968, 7790.23, 20655, 19943
1694957589, 0, 0, 35, 0, 0, 8068.36, 2, 0, 0, 10.18, 1548, 970, 7790.23, 20655, 19943
1694957599, 0, 0, 35, 0, 0, 8068.36, 2, 0, 0, 0.40, 1551, 971, 7790.23, 20655, 19943
1694957599, 0, 0, 35, 0, 0, 8068.36, 2, 0, 0, 5.88, 1552, 972, 7790.23, 20655, 19943
1694957607, 0, 0, 35, 0, 0, 8068.36, 2, 0, 0, 0.12, 1553, 972, 7790.23, 20655, 19943
1694957613, 0, 0, 35, 0, 0, 8068.36, 2, 0, 0, 0.51, 1554, 974, 7790.23, 20655, 19943
1694957614, 0, 0, 35, 0, 0, 8068.36, 2, 0, 0, 6.33, 1556, 975, 7790.23, 20655, 19943
1694957622, 0, 0, 35, 0, 0, 8068.36, 2, 0, 0, 0.23, 1557, 976, 7790.23, 20655, 19943
1694957623, 0, 0, 35, 0, 0, 8068.36, 2, 0, 0, 10.93, 1560, 977, 7790.23, 20655, 19943
1694957623, 0, 0, 35, 0, 0, 8068.36, 2, 0, 0, 7.75, 1562, 978, 7790.23, 20655, 19943
1694957623, 0, 0, 35, 0, 0, 8068.36, 2, 0, 0, 6.54, 1562, 980, 7790.23, 20655, 19943
1694957624, 0, 0, 35, 0, 0, 8068.36, 2, 0, 0, 8.90, 1563, 982, 7790.23, 20655, 19943
1694957624, 0, 0, 35, 0, 0, 8068.36, 2, 0, 0, 9.52, 1564, 984, 7790.23, 20655, 19943
1694957624, 0, 0, 35, 0, 0, 8068.36, 2, 0, 0, 5.24, 1565, 985, 7790.23, 20655, 19943
1694957661, 0, 0, 35, 0, 0, 8068.36, 2, 0, 0, 0.06, 1567, 985, 7790.23, 20655, 19943
1694957661, 0, 0, 35, 0, 0, 8068.36, 2, 0, 0, 6.04, 1568, 986, 7790.23, 20655, 19943
1694957661, 0, 0, 35, 0, 0, 8068.36, 2, 0, 0, 13.33, 1569, 989, 7790.23, 20655, 19943
1694957662, 0, 0, 35, 0, 0, 8068.36, 2, 0, 0, 10.78, 1572, 990, 7790.23, 20655, 19943
1694957662, 0, 0, 35, 0, 0, 8068.36, 2, 0, 0, 9.12, 1574, 991, 7790.23, 20655, 19943
1694957662, 0, 0, 35, 0, 0, 8068.36, 2, 0, 0, 5.76, 1575, 992, 7790.23, 20655, 19943
1694957663, 0, 0, 35, 0, 0, 8068.36, 2, 0, 0, 17.91, 1579, 994, 7790.23, 20655, 19943
1694957663, 0, 0, 35, 0, 0, 8068.36, 2, 0, 0, 8.29, 1581, 995, 7790.23, 20655, 19943
1694957663, 0, 0, 35, 0, 0, 8068.36, 2, 0, 0, 8.93, 1583, 996, 7790.23, 20655, 19943
1694957682, 0, 0, 35, 0, 0, 8068.36, 2, 0, 0, 0.05, 1584, 996, 7790.23, 20655, 19943
1694957683, 0, 0, 35, 0, 0, 8068.36, 2, 0, 0, 5.91, 1585, 998, 7790.23, 20655, 19943
1694957683, 0, 0, 35, 0, 0, 8068.36, 2, 0, 0, 7.92, 1587, 999, 7790.23, 20655, 19943
1694957684, 0, 0, 35, 0, 0, 8068.36, 2, 0, 0, 2.21, 1588, 999, 7790.23, 20655, 19943
1694957690, 0, 0, 35, 0, 0, 8068.36, 2, 0, 0, 0.34, 1588, 1001, 7790.23, 20655, 19943
1694957690, 0, 0, 35, 0, 0, 8068.36, 2, 0, 0, 4.55, 1590, 1001, 7790.23, 20655, 19943
1694957691, 0, 0, 35, 0, 0, 8068.36, 2, 0, 0, 11.14, 1594, 1001, 7790.23, 20655, 19943
1694957702, 0, 0, 35, 0, 0, 8068.36, 2, 0, 0, 0.17, 1595, 1002, 7790.23, 20655, 19943
1694957703, 0, 0, 35, 0, 0, 8068.36, 2, 0, 0, 5.26, 1597, 1002, 7790.23, 20655, 19943
1694957732, 0, 0, 35, 0, 0, 8068.36, 2, 0, 0, 0.14, 1601, 1002, 7790.23, 20655, 19943
1694957732, 0, 0, 35, 0, 0, 8068.36, 2, 0, 0, 6.61, 1603, 1003, 7790.23, 20655, 19943
1694957740, 0, 0, 35, 0, 0, 8068.36, 2, 0, 0, 0.12, 1604, 1003, 7790.23, 20655, 19943
1694957741, 0, 0, 35, 0, 0, 8068.36, 2, 0, 0, 9.04, 1605, 1005, 7790.23, 20655, 19943
1694957749, 0, 0, 35, 0, 0, 8068.36, 2, 0, 0, 0.49, 1609, 1005, 7790.23, 20655, 19943
1694957749, 0, 0, 35, 0, 0, 8068.36, 2, 0, 0, 9.88, 1609, 1009, 7790.23, 20655, 19943
1694957759, 0, 0, 35, 0, 0, 8068.36, 2, 0, 0, 0.21, 1611, 1009, 7790.23, 20655, 19943
1694957759, 0, 0, 35, 0, 0, 8068.36, 2, 0, 0, 8.00, 1612, 1011, 7790.23, 20655, 19943
1694957767, 0, 0, 35, 0, 0, 8068.36, 2, 0, 0, 0.24, 1614, 1011, 7790.23, 20655, 19943
1694957775, 0, 0, 35, 0, 0, 8068.36, 2, 0, 0, 0.27, 1616, 1011, 7790.23, 20655, 19943
1694957775, 0, 0, 35, 0, 0, 8068.36, 2, 0, 0, 5.62, 1617, 1012, 7790.23, 20655, 19943
1694957775, 0, 0, 35, 0, 0, 8068.36, 2, 0, 0, 5.73, 1619, 1012, 7790.23, 20655, 19943
1694957776, 0, 0, 35, 0, 0, 8068.36, 2, 0, 0, 19.61, 1622, 1016, 7790.23, 20655, 19943
1694957776, 0, 0, 35, 0, 0, 8068.36, 2, 0, 0, 15.48, 1625, 1018, 7790.23, 20655, 19943
1694957776, 0, 0, 35, 0, 0, 8068.36, 2, 0, 0, 19.42, 1630, 1019, 7790.23, 20655, 19943
1694957784, 0, 0, 35, 0, 0, 8068.36, 2, 0, 0, 0.13, 1631, 1019, 7790.23, 20655, 19943
1694957784, 0, 0, 35, 0, 0, 8068.36, 2, 0, 0, 9.76, 1634, 1020, 7790.23, 20655, 19943
1694957785, 0, 0, 35, 0, 0, 8068.36, 2, 0, 0, 8.91, 1637, 1021, 7790.23, 20655, 19943
1694957796, 0, 0, 35, 0, 0, 8068.36, 2, 0, 0, 0.09, 1638, 1021, 7790.23, 20655, 19943
1694957796, 0, 0, 35, 0, 0, 8068.36, 2, 0, 0, 5.71, 1640, 1021, 7790.23, 20655, 19943
1694957802, 0, 0, 35, 0, 0, 8068.36, 3, 0, 0, 0.17, 1640, 1022, 7790.23, 20655, 19943
1694957802, 0, 0, 35, 0, 0, 8068.36, 3, 0, 0, 12.86, 1643, 1023, 7790.23, 20655, 19943
1694957803, 0, 0, 35, 0, 0, 8068.36, 3, 0, 0, 6.01, 1646, 1023, 7790.23, 20655, 19943
1694957803, 0, 0, 35, 0, 0, 8068.36, 3, 0, 0, 6.64, 1647, 1025, 7790.23, 20655, 19943
1694957811, 0, 0, 35, 0, 0, 8068.36, 3, 0, 0, 0.13, 1648, 1025, 7790.23, 20655, 19943
1694957821, 0, 0, 35, 0, 0, 8068.36, 3, 0, 0, 0.30, 1650, 1026, 7790.23, 20655, 19943
1694957832, 0, 0, 35, 0, 0, 8068.36, 3, 0, 0, 0.28, 1653, 1026, 7790.23, 20655, 19943
1694957832, 0, 0, 35, 0, 0, 8068.36, 3, 0, 0, 12.62, 1656, 1027, 7790.23, 20655, 19943
1694957840, 0, 0, 35, 0, 0, 8068.36, 3, 0, 0, 0.38, 1659, 1027, 7790.23, 20655, 19943
1694957847, 0, 0, 35, 0, 0, 8068.36, 3, 0, 0, 0.13, 1660, 1027, 7790.23, 20655, 19943
1694957855, 0, 0, 35, 0, 0, 8068.36, 3, 0, 0, 0.39, 1663, 1027, 7790.23, 20655, 19943
1694957856, 0, 0, 35, 0, 0, 8068.36, 3, 0, 0, 7.14, 1666, 1027, 7790.23, 20655, 19943
1694957856, 0, 0, 35, 0, 0, 8068.36, 3, 0, 0, 9.58, 1667, 1029, 7790.23, 20655, 19943
1694957856, 0, 0, 35, 0, 0, 8068.36, 3, 0, 0, 2.51, 1668, 1029, 7790.23, 20655, 19943
1694957857, 0, 0, 35, 0, 0, 8068.36, 3, 0, 0, 4.82, 1669, 1030, 7790.23, 20655, 19943
1694957863, 0, 0, 35, 0, 0, 8068.36, 3, 0, 0, 0.30, 1669, 1032, 7790.23, 20655, 19943
1694957875, 0, 0, 35, 0, 0, 8068.36, 3, 0, 0, 0.17, 1671, 1032, 7790.23, 20655, 19943
1694957884, 0, 0, 35, 0, 0, 8068.36, 3, 0, 0, 0.22, 1673, 1032, 7790.23, 20655, 19943
1694957885, 0, 0, 35, 0, 0, 8068.36, 3, 0, 0, 9.76, 1675, 1034, 7790.23, 20655, 19943
1694957885, 0, 0, 35, 0, 0, 8068.36, 3, 0, 0, 2.84, 1676, 1034, 7790.23, 20655, 19943
1694957885, 0, 0, 35, 0, 0, 8068.36, 3, 0, 0, 7.28, 1677, 1036, 7790.23, 20655, 19943
1694957886, 0, 0, 35, 0, 0, 8068.36, 3, 0, 0, 4.99, 1677, 1038, 7790.23, 20655, 19943
1694957886, 0, 0, 35, 0, 0, 8068.36, 3, 0, 0, 12.08, 1678, 1041, 7790.23, 20655, 19943
1694957887, 0, 0, 35, 0, 0, 8068.36, 3, 0, 0, 4.26, 1680, 1041, 7790.23, 20655, 19943
1694957887, 0, 0, 35, 0, 0, 8068.36, 3, 0, 0, 7.25, 1683, 1041, 7790.23, 20655, 19943
1694957894, 0, 0, 35, 0, 0, 8068.36, 3, 0, 0, 0.14, 1684, 1041, 7790.23, 20655, 19943
1694957895, 0, 0, 35, 0, 0, 8068.36, 3, 0, 0, 9.38, 1685, 1043, 7790.23, 20655, 19943
1694957904, 0, 0, 35, 0, 0, 8068.36, 3, 0, 0, 0.33, 1686, 1045, 7790.23, 20655, 19943
1694957904, 0, 0, 35, 0, 0, 8068.36, 3, 0, 0, 5.57, 1688, 1045, 7790.23, 20655, 19943
1694957917, 0, 0, 35, 0, 0, 8068.36, 3, 0, 0, 0.23, 1690, 1046, 7790.23, 20655, 19943
1694957918, 0, 0, 35, 0, 0, 8068.36, 3, 0, 0, 9.65, 1692, 1047, 7790.23, 20655, 19943
1694957918, 0, 0, 35, 0, 0, 8068.36, 3, 0, 0, 6.43, 1692, 1049, 7790.23, 20655, 19943
1694957919, 0, 0, 35, 0, 0, 8068.36, 3, 0, 0, 4.26, 1694, 1049, 7790.23, 20655, 19943
1694957919, 0, 0, 35, 0, 0, 8068.36, 3, 0, 0, 10.28, 1697, 1050, 7790.23, 20655, 19943
1694957919, 0, 0, 35, 0, 0, 8068.36, 3, 0, 0, 8.55, 1698, 1052, 7790.23, 20655, 19943
1694957920, 0, 0, 35, 0, 0, 8068.36, 3, 0, 0, 3.90, 1698, 1054, 7790.23, 20655, 19943
1694957929, 0, 0, 35, 0, 0, 8068.36, 3, 0, 0, 0.43, 1701, 1055, 7790.23, 20655, 19943
1694957929, 0, 0, 35, 0, 0, 8068.36, 3, 0, 0, 6.54, 1702, 1057, 7790.23, 20655, 19943
1694957930, 0, 0, 35, 0, 0, 8068.36, 3, 0, 0, 6.91, 1705, 1057, 7790.23, 20655, 19943
1694957930, 0, 0, 35, 0, 0, 8068.36, 3, 0, 0, 2.74, 1705, 1058, 7790.23, 20655, 19943
1694957939, 0, 0, 35, 0, 0, 8068.36, 3, 0, 0, 0.11, 1706, 1058, 7790.23, 20655, 19943
1694957946, 0, 0, 35, 0, 0, 8068.36, 3, 0, 0, 0.15, 1707, 1058, 7790.23, 20655, 19943
1694957946, 0, 0, 35, 0, 0, 8068.36, 3, 0, 0, 7.09, 1709, 1059, 7790.23, 20655, 19943
1694957947, 0, 0, 35, 0, 0, 8068.36, 3, 0, 0, 12.32, 1712, 1061, 7790.23, 20655, 19943
1694957955, 0, 0, 35, 0, 0, 8068.36, 3, 0, 0, 0.12, 1713, 1061, 7790.23, 20655, 19943
1694957968, 0, 0, 35, 0, 0, 8068.36, 3, 0, 0, 0.08, 1714, 1061, 7790.23, 20655, 19943
1694957969, 0, 0, 35, 0, 0, 8068.36, 3, 0, 0, 7.67, 1715, 1063, 7790.23, 20655, 19943
1694957969, 0, 0, 35, 0, 0, 8068.36, 3, 0, 0, 5.76, 1716, 1064, 7790.23, 20655, 19943
1694957970, 0, 0, 35, 0, 0, 8068.36, 3, 0, 0, 6.06, 1717, 1066, 7790.23, 20655, 19943
1694957970, 0, 0, 35, 0, 0, 8068.36, 3, 0, 0, 3.18, 1718, 1066, 7790.23, 20655, 19943
1694957970, 0, 0, 35, 0, 0, 8068.36, 3, 0, 0, 5.01, 1720, 1066, 7790.23, 20655, 19943
1694957979, 0, 0, 35, 0, 0, 8068.36, 3, 0, 0, 0.24, 1722, 1066, 7790.23, 20655, 19943
1694957979, 0, 0, 35, 0, 0, 8068.36, 3, 0, 0, 5.70, 1724, 1066, 7790.23, 20655, 19943
1694957979, 0, 0, 35, 0, 0, 8068.36, 3, 0, 0, 8.96, 1724, 1069, 7790.23, 20655, 19943
1694957980, 0, 0, 35, 0, 0, 8068.36, 3, 0, 0, 6.21, 1726, 1069, 7790.23, 20655, 19943
1694957980, 0, 0, 35, 0, 0, 8068.36, 3, 0, 0, 3.77, 1728, 1069, 7790.23, 20655, 19943
1694957981, 0, 0, 35, 0, 0, 8068.36, 3, 0, 0, 9.88, 1732, 1069, 7790.23, 20655, 19943
1694957989, 0, 0, 35, 0, 0, 8068.36, 3, 0, 0, 0.24, 1733, 1070, 7790.23, 20655, 19943
1694957989, 0, 0, 35, 0, 0, 8068.36, 3, 0, 0, 6.29, 1734, 1071, 7790.23, 20655, 19943
1694957990, 0, 0, 35, 0, 0, 8068.36, 3, 0, 0, 7.96, 1735, 1073, 7790.23, 20655, 19943
1694958001, 0, 0, 35, 0, 0, 8068.36, 3, 0, 0, 0.09, 1736, 1073, 7790.23, 20655, 19943
1694958001, 0, 0, 35, 0, 0, 8068.36, 3, 0, 0, 10.34, 1739, 1074, 7790.23, 20655, 19943
1694958012, 0, 0, 35, 0, 0, 8068.36, 3, 0, 0, 0.19, 1741, 1074, 7790.23, 20655, 19943
1694958012, 0, 0, 35, 0, 0, 8068.36, 3, 0, 0, 0.00, 1741, 1074, 7790.23, 20655, 19943
