# unix_time, cycles_done, cur_path, paths_total, pending_total, pending_favs, map_size, unique_crashes, unique_hangs, max_depth, execs_per_sec, valid_inputs, invalid_inputs, valid_cov, all_covered_probes, valid_covered_probes
1695447108, 0, 0, 1, 0, 0, 3827.34, 0, 0, 0, 0.41, 0, 1, 0.00, 9798, 0
1695447131, 0, 0, 3, 0, 0, 24669.14, 0, 0, 0, 0.09, 1, 2, 24087.11, 63153, 61663
1695447131, 0, 0, 4, 0, 0, 25059.77, 0, 0, 0, 2.44, 2, 2, 24542.19, 64153, 62828
1695447131, 0, 0, 11, 0, 0, 25198.44, 0, 0, 0, 21.81, 6, 5, 24676.95, 64508, 63173
1695447145, 0, 0, 13, 0, 0, 25652.73, 0, 0, 0, 0.15, 7, 6, 25010.55, 65671, 64027
1695447145, 0, 0, 19, 0, 0, 25683.59, 0, 0, 0, 28.85, 8, 14, 25034.77, 65750, 64089
1695447159, 0, 0, 23, 0, 0, 25947.27, 1, 0, 0, 1.09, 11, 26, 25040.63, 66425, 64104
1695447172, 0, 0, 27, 0, 0, 26158.20, 1, 0, 0, 0.60, 15, 30, 25253.13, 66965, 64648
1695447185, 0, 0, 33, 0, 0, 26178.52, 1, 0, 0, 1.86, 25, 44, 25262.11, 67017, 64671
1695447186, 0, 0, 42, 0, 0, 26179.69, 1, 0, 0, 104.94, 40, 63, 25262.50, 67020, 64672
1695447204, 0, 0, 43, 0, 0, 26207.81, 1, 0, 0, 1.66, 54, 79, 25290.63, 67092, 64744
1695447224, 0, 1, 48, 0, 0, 26212.11, 1, 0, 0, 0.87, 62, 89, 25294.92, 67103, 64755
1695447239, 0, 1, 53, 0, 0, 26212.89, 1, 0, 0, 0.85, 67, 96, 25295.70, 67105, 64757
1695447252, 0, 2, 57, 0, 0, 26224.61, 1, 0, 0, 1.40, 74, 108, 25307.42, 67135, 64787
1695447264, 0, 2, 58, 0, 0, 26224.61, 1, 0, 0, 0.08, 75, 108, 25307.42, 67135, 64787
1695447276, 0, 2, 59, 0, 0, 26225.39, 1, 0, 0, 0.08, 76, 108, 25308.20, 67137, 64789
1695447288, 0, 2, 60, 0, 0, 26225.39, 1, 0, 0, 0.08, 77, 108, 25308.20, 67137, 64789
1695447300, 0, 2, 61, 0, 0, 26225.39, 1, 0, 0, 0.08, 78, 108, 25308.20, 67137, 64789
1695447312, 0, 2, 62, 0, 0, 26225.39, 1, 0, 0, 0.08, 79, 108, 25308.20, 67137, 64789
1695447324, 0, 2, 63, 0, 0, 26225.39, 1, 0, 0, 0.08, 80, 108, 25308.20, 67137, 64789
1695447336, 0, 2, 64, 0, 0, 26225.78, 1, 0, 0, 0.09, 81, 108, 25308.59, 67138, 64790
1695447348, 0, 2, 65, 0, 0, 26225.78, 1, 0, 0, 0.09, 82, 108, 25308.59, 67138, 64790
1695447359, 0, 2, 66, 0, 0, 26226.17, 1, 0, 0, 0.08, 83, 108, 25308.98, 67139, 64791
1695447372, 0, 2, 67, 0, 0, 26227.73, 1, 0, 0, 0.08, 84, 108, 25310.55, 67143, 64795
1695447384, 0, 2, 68, 0, 0, 26234.38, 1, 0, 0, 0.08, 85, 108, 25317.19, 67160, 64812
1695447396, 0, 2, 69, 0, 0, 26244.14, 1, 0, 0, 0.08, 86, 108, 25326.95, 67185, 64837
1695447408, 0, 2, 70, 0, 0, 26244.14, 1, 0, 0, 0.08, 87, 108, 25326.95, 67185, 64837
1695447420, 0, 2, 71, 0, 0, 26244.14, 1, 0, 0, 0.08, 88, 108, 25326.95, 67185, 64837
1695447432, 0, 2, 72, 0, 0, 26244.14, 1, 0, 0, 0.08, 89, 108, 25326.95, 67185, 64837
1695447444, 0, 2, 73, 0, 0, 26244.14, 1, 0, 0, 0.08, 90, 108, 25326.95, 67185, 64837
1695447456, 0, 2, 74, 0, 0, 26244.14, 1, 0, 0, 0.08, 91, 108, 25326.95, 67185, 64837
1695447467, 0, 2, 75, 0, 0, 26260.55, 1, 0, 0, 0.09, 92, 108, 25343.36, 67227, 64879
1695447479, 0, 2, 76, 0, 0, 26260.55, 1, 0, 0, 0.09, 93, 108, 25343.36, 67227, 64879
1695447491, 0, 2, 77, 0, 0, 26260.55, 1, 0, 0, 0.09, 94, 108, 25343.36, 67227, 64879
1695447503, 0, 2, 78, 0, 0, 26260.55, 1, 0, 0, 0.08, 95, 108, 25343.36, 67227, 64879
1695447515, 0, 2, 79, 0, 0, 26260.55, 1, 0, 0, 0.08, 96, 108, 25343.36, 67227, 64879
1695447526, 0, 2, 80, 0, 0, 26260.55, 1, 0, 0, 0.09, 97, 108, 25343.36, 67227, 64879
1695447538, 0, 2, 81, 0, 0, 26260.55, 1, 0, 0, 0.09, 98, 108, 25343.36, 67227, 64879
1695447550, 0, 2, 82, 0, 0, 26628.91, 1, 0, 0, 0.08, 99, 108, 25711.72, 68170, 65822
1695447562, 0, 2, 83, 0, 0, 26628.91, 1, 0, 0, 0.09, 100, 108, 25711.72, 68170, 65822
1695447573, 0, 2, 84, 0, 0, 26628.91, 1, 0, 0, 0.08, 101, 108, 25711.72, 68170, 65822
1695447586, 0, 2, 85, 0, 0, 26628.91, 1, 0, 0, 0.08, 102, 108, 25711.72, 68170, 65822
1695447603, 0, 2, 86, 0, 0, 26630.47, 1, 0, 0, 0.06, 103, 108, 25713.28, 68174, 65826
1695447619, 0, 2, 87, 0, 0, 26630.47, 1, 0, 0, 0.06, 104, 108, 25713.28, 68174, 65826
1695447631, 0, 2, 88, 0, 0, 26630.47, 1, 0, 0, 0.08, 105, 108, 25713.28, 68174, 65826
1695447642, 0, 2, 88, 0, 0, 26630.47, 1, 0, 0, 0.09, 106, 108, 25713.28, 68174, 65826
1695447654, 0, 2, 89, 0, 0, 26632.42, 1, 0, 0, 0.08, 107, 108, 25715.23, 68179, 65831
1695447669, 0, 2, 90, 0, 0, 26632.42, 1, 0, 0, 0.07, 108, 108, 25715.23, 68179, 65831
1695447682, 0, 2, 91, 0, 0, 26632.42, 1, 0, 0, 0.08, 109, 108, 25715.23, 68179, 65831
1695447694, 0, 2, 92, 0, 0, 26632.42, 1, 0, 0, 0.08, 110, 108, 25715.23, 68179, 65831
1695447706, 0, 2, 93, 0, 0, 26632.42, 1, 0, 0, 0.08, 111, 108, 25715.23, 68179, 65831
1695447719, 0, 2, 94, 0, 0, 26632.42, 1, 0, 0, 0.08, 112, 108, 25715.23, 68179, 65831
1695447733, 0, 2, 95, 0, 0, 26632.42, 1, 0, 0, 0.07, 113, 108, 25715.23, 68179, 65831
1695447745, 0, 2, 96, 0, 0, 26632.42, 1, 0, 0, 0.08, 114, 108, 25715.23, 68179, 65831
1695447758, 0, 2, 97, 0, 0, 26632.42, 1, 0, 0, 0.08, 115, 108, 25715.23, 68179, 65831
1695447770, 0, 2, 98, 0, 0, 26632.42, 1, 0, 0, 0.08, 116, 108, 25715.23, 68179, 65831
1695447783, 0, 2, 99, 0, 0, 26632.42, 1, 0, 0, 0.08, 117, 108, 25715.23, 68179, 65831
1695447795, 0, 2, 100, 0, 0, 26632.42, 1, 0, 0, 0.08, 118, 108, 25715.23, 68179, 65831
1695447807, 0, 2, 101, 0, 0, 26632.42, 1, 0, 0, 0.08, 119, 108, 25715.23, 68179, 65831
1695447819, 0, 2, 102, 0, 0, 26632.42, 1, 0, 0, 0.08, 120, 108, 25715.23, 68179, 65831
1695447831, 0, 2, 103, 0, 0, 26632.42, 1, 0, 0, 0.08, 121, 108, 25715.23, 68179, 65831
1695447843, 0, 2, 104, 0, 0, 26632.42, 1, 0, 0, 0.08, 122, 108, 25715.23, 68179, 65831
1695447855, 0, 2, 105, 0, 0, 26632.42, 1, 0, 0, 0.08, 123, 108, 25715.23, 68179, 65831
1695447868, 0, 2, 106, 0, 0, 26632.42, 1, 0, 0, 0.08, 124, 108, 25715.23, 68179, 65831
1695447880, 0, 2, 107, 0, 0, 26632.42, 1, 0, 0, 0.08, 125, 108, 25715.23, 68179, 65831
1695447893, 0, 2, 108, 0, 0, 26632.42, 1, 0, 0, 0.08, 126, 108, 25715.23, 68179, 65831
1695447906, 0, 2, 109, 0, 0, 26632.42, 1, 0, 0, 0.08, 127, 108, 25715.23, 68179, 65831
1695447919, 0, 2, 110, 0, 0, 26632.42, 1, 0, 0, 0.08, 128, 108, 25715.23, 68179, 65831
1695447933, 0, 2, 111, 0, 0, 26632.42, 1, 0, 0, 0.08, 129, 108, 25715.23, 68179, 65831
1695447945, 0, 2, 112, 0, 0, 26632.42, 1, 0, 0, 0.08, 130, 108, 25715.23, 68179, 65831
1695447959, 0, 2, 113, 0, 0, 26632.42, 1, 0, 0, 0.08, 131, 108, 25715.23, 68179, 65831
1695447971, 0, 2, 114, 0, 0, 26632.42, 1, 0, 0, 0.08, 132, 108, 25715.23, 68179, 65831
1695447985, 0, 2, 115, 0, 0, 26632.42, 1, 0, 0, 0.08, 133, 108, 25715.23, 68179, 65831
1695447998, 0, 2, 116, 0, 0, 26632.42, 1, 0, 0, 0.08, 134, 108, 25715.23, 68179, 65831
1695448010, 0, 2, 116, 0, 0, 26632.42, 1, 0, 0, 0.08, 135, 108, 25715.23, 68179, 65831
1695448023, 0, 2, 117, 0, 0, 26632.42, 1, 0, 0, 0.08, 136, 108, 25715.23, 68179, 65831
1695448035, 0, 2, 117, 0, 0, 26632.42, 1, 0, 0, 0.08, 137, 108, 25715.23, 68179, 65831
1695448048, 0, 2, 118, 0, 0, 26632.42, 1, 0, 0, 0.08, 138, 108, 25715.23, 68179, 65831
1695448061, 0, 2, 119, 0, 0, 26632.42, 1, 0, 0, 0.08, 139, 108, 25715.23, 68179, 65831
1695448075, 0, 2, 120, 0, 0, 26632.42, 1, 0, 0, 0.08, 140, 108, 25715.23, 68179, 65831
1695448087, 0, 2, 120, 0, 0, 26632.42, 1, 0, 0, 0.08, 141, 108, 25715.23, 68179, 65831
1695448101, 0, 2, 120, 0, 0, 26632.42, 1, 0, 0, 0.08, 142, 108, 25715.23, 68179, 65831
1695448113, 0, 2, 121, 0, 0, 26632.42, 1, 0, 0, 0.08, 143, 108, 25715.23, 68179, 65831
1695448126, 0, 2, 122, 0, 0, 26632.42, 1, 0, 0, 0.08, 144, 108, 25715.23, 68179, 65831
1695448142, 0, 2, 123, 0, 0, 26632.42, 1, 0, 0, 0.07, 145, 108, 25715.23, 68179, 65831
1695448155, 0, 2, 124, 0, 0, 26632.42, 1, 0, 0, 0.08, 146, 108, 25715.23, 68179, 65831
1695448172, 0, 2, 125, 0, 0, 26632.42, 1, 0, 0, 0.06, 147, 108, 25715.23, 68179, 65831
1695448185, 0, 2, 126, 0, 0, 26632.42, 1, 0, 0, 0.08, 148, 108, 25715.23, 68179, 65831
1695448198, 0, 2, 127, 0, 0, 26632.42, 1, 0, 0, 0.08, 149, 108, 25715.23, 68179, 65831
1695448211, 0, 2, 128, 0, 0, 26633.20, 1, 0, 0, 0.07, 150, 108, 25716.02, 68181, 65833
1695448225, 0, 2, 129, 0, 0, 26633.20, 1, 0, 0, 0.08, 151, 108, 25716.02, 68181, 65833
1695448238, 0, 2, 129, 0, 0, 26633.20, 1, 0, 0, 0.07, 152, 108, 25716.02, 68181, 65833
1695448251, 0, 2, 130, 0, 0, 26633.20, 1, 0, 0, 0.08, 153, 108, 25716.02, 68181, 65833
1695448266, 0, 2, 131, 0, 0, 26633.20, 1, 0, 0, 0.07, 154, 108, 25716.02, 68181, 65833
1695448279, 0, 2, 131, 0, 0, 26633.20, 1, 0, 0, 0.08, 155, 108, 25716.02, 68181, 65833
1695448293, 0, 2, 132, 0, 0, 26633.20, 1, 0, 0, 0.08, 156, 108, 25716.02, 68181, 65833
1695448306, 0, 2, 133, 0, 0, 26633.20, 1, 0, 0, 0.07, 157, 108, 25716.02, 68181, 65833
1695448319, 0, 2, 134, 0, 0, 26633.20, 1, 0, 0, 0.08, 158, 108, 25716.02, 68181, 65833
1695448332, 0, 2, 135, 0, 0, 26633.20, 1, 0, 0, 0.08, 159, 108, 25716.02, 68181, 65833
1695448345, 0, 2, 135, 0, 0, 26633.20, 1, 0, 0, 0.08, 160, 108, 25716.02, 68181, 65833
1695448358, 0, 2, 136, 0, 0, 26633.20, 1, 0, 0, 0.08, 161, 108, 25716.02, 68181, 65833
1695448372, 0, 2, 136, 0, 0, 26633.20, 1, 0, 0, 0.08, 162, 108, 25716.02, 68181, 65833
1695448385, 0, 2, 137, 0, 0, 26633.20, 1, 0, 0, 0.08, 163, 108, 25716.02, 68181, 65833
1695448398, 0, 2, 138, 0, 0, 26633.20, 1, 0, 0, 0.08, 164, 108, 25716.02, 68181, 65833
1695448410, 0, 2, 139, 0, 0, 26633.20, 1, 0, 0, 0.08, 165, 108, 25716.02, 68181, 65833
1695448423, 0, 2, 139, 0, 0, 26633.20, 1, 0, 0, 0.08, 166, 108, 25716.02, 68181, 65833
1695448437, 0, 2, 139, 0, 0, 26633.20, 1, 0, 0, 0.07, 167, 108, 25716.02, 68181, 65833
1695448452, 0, 2, 140, 0, 0, 26633.20, 1, 0, 0, 0.07, 168, 108, 25716.02, 68181, 65833
1695448465, 0, 2, 141, 0, 0, 26633.20, 1, 0, 0, 0.08, 169, 108, 25716.02, 68181, 65833
1695448478, 0, 2, 142, 0, 0, 26633.20, 1, 0, 0, 0.08, 170, 108, 25716.02, 68181, 65833
1695448491, 0, 2, 142, 0, 0, 26633.20, 1, 0, 0, 0.08, 171, 108, 25716.02, 68181, 65833
1695448505, 0, 2, 143, 0, 0, 26633.20, 1, 0, 0, 0.07, 172, 108, 25716.02, 68181, 65833
1695448518, 0, 2, 144, 0, 0, 26633.98, 1, 0, 0, 0.08, 173, 108, 25716.80, 68183, 65835
1695448531, 0, 2, 145, 0, 0, 26635.55, 1, 0, 0, 0.07, 174, 108, 25718.36, 68187, 65839
1695448545, 0, 2, 146, 0, 0, 26635.55, 1, 0, 0, 0.07, 175, 108, 25718.36, 68187, 65839
1695448558, 0, 2, 147, 0, 0, 26635.55, 1, 0, 0, 0.07, 176, 108, 25718.36, 68187, 65839
1695448572, 0, 2, 148, 0, 0, 26635.55, 1, 0, 0, 0.08, 177, 108, 25718.36, 68187, 65839
1695448584, 0, 2, 149, 0, 0, 26635.55, 1, 0, 0, 0.08, 178, 108, 25718.36, 68187, 65839
1695448597, 0, 2, 150, 0, 0, 26635.55, 1, 0, 0, 0.08, 179, 108, 25718.36, 68187, 65839
1695448610, 0, 2, 151, 0, 0, 26635.55, 1, 0, 0, 0.08, 180, 108, 25718.36, 68187, 65839
1695448624, 0, 2, 152, 0, 0, 26635.55, 1, 0, 0, 0.07, 181, 108, 25718.36, 68187, 65839
1695448637, 0, 2, 152, 0, 0, 26635.55, 1, 0, 0, 0.08, 182, 108, 25718.36, 68187, 65839
1695448652, 0, 2, 153, 0, 0, 26635.55, 1, 0, 0, 0.07, 183, 108, 25718.36, 68187, 65839
1695448665, 0, 2, 154, 0, 0, 26635.55, 1, 0, 0, 0.07, 184, 108, 25718.36, 68187, 65839
1695448679, 0, 2, 155, 0, 0, 26635.55, 1, 0, 0, 0.07, 185, 108, 25718.36, 68187, 65839
1695448692, 0, 2, 155, 0, 0, 26635.55, 1, 0, 0, 0.08, 186, 108, 25718.36, 68187, 65839
1695448705, 0, 2, 155, 0, 0, 26635.55, 1, 0, 0, 0.08, 187, 108, 25718.36, 68187, 65839
1695448717, 0, 2, 156, 0, 0, 26635.55, 1, 0, 0, 0.08, 188, 108, 25718.36, 68187, 65839
1695448730, 0, 2, 156, 0, 0, 26635.55, 1, 0, 0, 0.08, 189, 108, 25718.36, 68187, 65839
1695448743, 0, 2, 157, 0, 0, 26635.55, 1, 0, 0, 0.08, 190, 108, 25718.36, 68187, 65839
1695448755, 0, 2, 158, 0, 0, 26635.55, 1, 0, 0, 0.08, 191, 108, 25718.36, 68187, 65839
1695448768, 0, 2, 159, 0, 0, 26635.55, 1, 0, 0, 0.08, 192, 108, 25718.36, 68187, 65839
1695448781, 0, 2, 160, 0, 0, 26635.55, 1, 0, 0, 0.08, 193, 108, 25718.36, 68187, 65839
1695448794, 0, 2, 161, 0, 0, 26635.55, 1, 0, 0, 0.08, 194, 108, 25718.36, 68187, 65839
1695448813, 0, 2, 162, 0, 0, 26635.55, 1, 0, 0, 0.05, 195, 108, 25718.36, 68187, 65839
1695448835, 0, 2, 163, 0, 0, 26635.55, 1, 0, 0, 0.05, 196, 108, 25718.36, 68187, 65839
1695448848, 0, 2, 164, 0, 0, 26635.55, 1, 0, 0, 0.08, 197, 108, 25718.36, 68187, 65839
1695448861, 0, 2, 165, 0, 0, 26635.55, 1, 0, 0, 0.08, 198, 108, 25718.36, 68187, 65839
1695448874, 0, 2, 166, 0, 0, 26635.55, 1, 0, 0, 0.08, 199, 108, 25718.36, 68187, 65839
1695448887, 0, 2, 167, 0, 0, 26635.55, 1, 0, 0, 0.08, 200, 108, 25718.36, 68187, 65839
1695448900, 0, 2, 168, 0, 0, 26635.55, 1, 0, 0, 0.08, 201, 108, 25718.36, 68187, 65839
1695448915, 0, 2, 169, 0, 0, 26635.55, 1, 0, 0, 0.07, 202, 108, 25718.36, 68187, 65839
1695448929, 0, 2, 170, 0, 0, 26635.55, 1, 0, 0, 0.07, 203, 108, 25718.36, 68187, 65839
1695448943, 0, 2, 171, 0, 0, 26635.55, 1, 0, 0, 0.07, 204, 108, 25718.36, 68187, 65839
1695448956, 0, 2, 172, 0, 0, 26635.55, 1, 0, 0, 0.07, 205, 108, 25718.36, 68187, 65839
1695448969, 0, 2, 172, 0, 0, 26635.55, 1, 0, 0, 0.08, 206, 108, 25718.36, 68187, 65839
1695448982, 0, 2, 173, 0, 0, 26635.55, 1, 0, 0, 0.08, 207, 108, 25718.36, 68187, 65839
1695449000, 0, 2, 174, 0, 0, 26635.55, 1, 0, 0, 0.06, 208, 108, 25718.36, 68187, 65839
1695449013, 0, 2, 175, 0, 0, 26635.55, 1, 0, 0, 0.08, 209, 108, 25718.36, 68187, 65839
1695449025, 0, 2, 176, 0, 0, 26635.55, 1, 0, 0, 0.08, 210, 108, 25718.36, 68187, 65839
1695449038, 0, 2, 177, 0, 0, 26635.55, 1, 0, 0, 0.08, 211, 108, 25718.36, 68187, 65839
1695449051, 0, 2, 178, 0, 0, 26635.55, 1, 0, 0, 0.08, 212, 108, 25718.36, 68187, 65839
1695449064, 0, 2, 179, 0, 0, 26635.55, 1, 0, 0, 0.08, 213, 108, 25718.36, 68187, 65839
1695449077, 0, 2, 180, 0, 0, 26635.55, 1, 0, 0, 0.07, 214, 108, 25718.36, 68187, 65839
1695449090, 0, 2, 181, 0, 0, 26635.94, 1, 0, 0, 0.08, 215, 108, 25718.75, 68188, 65840
1695449103, 0, 2, 182, 0, 0, 26635.94, 1, 0, 0, 0.08, 216, 108, 25718.75, 68188, 65840
1695449117, 0, 2, 183, 0, 0, 26635.94, 1, 0, 0, 0.07, 217, 108, 25718.75, 68188, 65840
1695449130, 0, 2, 184, 0, 0, 26635.94, 1, 0, 0, 0.08, 218, 108, 25718.75, 68188, 65840
1695449143, 0, 2, 184, 0, 0, 26635.94, 1, 0, 0, 0.08, 219, 108, 25718.75, 68188, 65840
1695449157, 0, 2, 185, 0, 0, 26635.94, 1, 0, 0, 0.07, 220, 108, 25718.75, 68188, 65840
1695449170, 0, 2, 186, 0, 0, 26635.94, 1, 0, 0, 0.07, 221, 108, 25718.75, 68188, 65840
1695449186, 0, 2, 187, 0, 0, 26636.33, 1, 0, 0, 0.07, 222, 108, 25719.14, 68189, 65841
1695449199, 0, 2, 188, 0, 0, 26636.33, 1, 0, 0, 0.07, 223, 108, 25719.14, 68189, 65841
1695449213, 0, 2, 189, 0, 0, 26636.33, 1, 0, 0, 0.07, 224, 108, 25719.14, 68189, 65841
1695449228, 0, 2, 189, 0, 0, 26636.33, 1, 0, 0, 0.07, 225, 108, 25719.14, 68189, 65841
1695449242, 0, 2, 189, 0, 0, 26636.33, 1, 0, 0, 0.07, 226, 108, 25719.14, 68189, 65841
1695449256, 0, 2, 190, 0, 0, 26636.33, 1, 0, 0, 0.07, 227, 108, 25719.14, 68189, 65841
1695449272, 0, 2, 191, 0, 0, 26636.33, 1, 0, 0, 0.06, 228, 108, 25719.14, 68189, 65841
1695449285, 0, 2, 192, 0, 0, 26636.33, 1, 0, 0, 0.07, 229, 108, 25719.14, 68189, 65841
1695449300, 0, 2, 193, 0, 0, 26636.33, 1, 0, 0, 0.07, 230, 108, 25719.14, 68189, 65841
1695449314, 0, 2, 194, 0, 0, 26636.33, 1, 0, 0, 0.07, 231, 108, 25719.14, 68189, 65841
1695449328, 0, 2, 195, 0, 0, 26636.33, 1, 0, 0, 0.07, 232, 108, 25719.14, 68189, 65841
1695449342, 0, 2, 196, 0, 0, 26636.33, 1, 0, 0, 0.07, 233, 108, 25719.14, 68189, 65841
1695449356, 0, 2, 196, 0, 0, 26636.33, 1, 0, 0, 0.07, 234, 108, 25719.14, 68189, 65841
1695449369, 0, 2, 197, 0, 0, 26636.33, 1, 0, 0, 0.08, 235, 108, 25719.14, 68189, 65841
1695449381, 0, 2, 198, 0, 0, 26636.33, 1, 0, 0, 0.08, 236, 108, 25719.14, 68189, 65841
1695449395, 0, 2, 199, 0, 0, 26636.33, 1, 0, 0, 0.07, 237, 108, 25719.14, 68189, 65841
1695449409, 0, 2, 200, 0, 0, 26636.33, 1, 0, 0, 0.07, 238, 108, 25719.14, 68189, 65841
1695449423, 0, 2, 201, 0, 0, 26636.33, 1, 0, 0, 0.07, 239, 108, 25719.14, 68189, 65841
1695449435, 0, 2, 202, 0, 0, 26636.33, 1, 0, 0, 0.08, 240, 108, 25719.14, 68189, 65841
1695449449, 0, 2, 203, 0, 0, 26636.33, 1, 0, 0, 0.07, 241, 108, 25719.14, 68189, 65841
1695449462, 0, 2, 204, 0, 0, 26636.33, 1, 0, 0, 0.08, 242, 108, 25719.14, 68189, 65841
1695449476, 0, 2, 205, 0, 0, 26636.33, 1, 0, 0, 0.07, 243, 108, 25719.14, 68189, 65841
1695449489, 0, 2, 206, 0, 0, 26636.33, 1, 0, 0, 0.08, 244, 108, 25719.14, 68189, 65841
1695449502, 0, 2, 207, 0, 0, 26636.33, 1, 0, 0, 0.07, 245, 108, 25719.14, 68189, 65841
1695449515, 0, 2, 208, 0, 0, 26636.33, 1, 0, 0, 0.08, 246, 108, 25719.14, 68189, 65841
1695449529, 0, 2, 209, 0, 0, 26636.33, 1, 0, 0, 0.07, 247, 108, 25719.14, 68189, 65841
1695449543, 0, 2, 210, 0, 0, 26636.33, 1, 0, 0, 0.07, 248, 108, 25719.14, 68189, 65841
1695449556, 0, 2, 211, 0, 0, 26637.11, 1, 0, 0, 0.08, 249, 108, 25719.92, 68191, 65843
1695449569, 0, 2, 212, 0, 0, 26637.11, 1, 0, 0, 0.08, 250, 108, 25719.92, 68191, 65843
1695449582, 0, 2, 213, 0, 0, 26637.11, 1, 0, 0, 0.08, 251, 108, 25719.92, 68191, 65843
1695449595, 0, 2, 214, 0, 0, 26640.63, 1, 0, 0, 0.08, 252, 108, 25723.44, 68200, 65852
1695449608, 0, 2, 215, 0, 0, 26640.63, 1, 0, 0, 0.08, 253, 108, 25723.44, 68200, 65852
1695449621, 0, 2, 216, 0, 0, 26640.63, 1, 0, 0, 0.08, 254, 108, 25723.44, 68200, 65852
1695449635, 0, 2, 217, 0, 0, 26640.63, 1, 0, 0, 0.07, 255, 108, 25723.44, 68200, 65852
1695449649, 0, 2, 218, 0, 0, 26640.63, 1, 0, 0, 0.07, 256, 108, 25723.44, 68200, 65852
1695449663, 0, 2, 219, 0, 0, 26640.63, 1, 0, 0, 0.07, 257, 108, 25723.44, 68200, 65852
1695449677, 0, 2, 219, 0, 0, 26640.63, 1, 0, 0, 0.07, 258, 108, 25723.44, 68200, 65852
1695449693, 0, 2, 220, 0, 0, 26640.63, 1, 0, 0, 0.06, 259, 108, 25723.44, 68200, 65852
1695449711, 0, 2, 221, 0, 0, 26640.63, 1, 0, 0, 0.06, 260, 108, 25723.44, 68200, 65852
1695449725, 0, 2, 222, 0, 0, 26640.63, 1, 0, 0, 0.07, 261, 108, 25723.44, 68200, 65852
1695449738, 0, 2, 222, 0, 0, 26640.63, 1, 0, 0, 0.08, 262, 108, 25723.44, 68200, 65852
1695449751, 0, 2, 223, 0, 0, 26640.63, 1, 0, 0, 0.08, 263, 108, 25723.44, 68200, 65852
1695449765, 0, 2, 224, 0, 0, 26648.05, 1, 0, 0, 0.07, 264, 108, 25730.86, 68219, 65871
1695449778, 0, 2, 225, 0, 0, 26648.05, 1, 0, 0, 0.07, 265, 108, 25730.86, 68219, 65871
1695449791, 0, 2, 225, 0, 0, 26648.05, 1, 0, 0, 0.08, 266, 108, 25730.86, 68219, 65871
1695449805, 0, 2, 226, 0, 0, 26648.05, 1, 0, 0, 0.07, 267, 108, 25730.86, 68219, 65871
1695449818, 0, 2, 226, 0, 0, 26648.05, 1, 0, 0, 0.08, 268, 108, 25730.86, 68219, 65871
1695449832, 0, 2, 226, 0, 0, 26648.05, 1, 0, 0, 0.07, 269, 108, 25730.86, 68219, 65871
1695449845, 0, 2, 226, 0, 0, 26648.05, 1, 0, 0, 0.07, 270, 108, 25730.86, 68219, 65871
1695449859, 0, 2, 227, 0, 0, 26648.05, 1, 0, 0, 0.07, 271, 108, 25730.86, 68219, 65871
1695449872, 0, 2, 228, 0, 0, 26648.05, 1, 0, 0, 0.07, 272, 108, 25730.86, 68219, 65871
1695449885, 0, 2, 228, 0, 0, 26648.05, 1, 0, 0, 0.08, 273, 108, 25730.86, 68219, 65871
1695449899, 0, 2, 229, 0, 0, 26648.05, 1, 0, 0, 0.07, 274, 108, 25730.86, 68219, 65871
1695449913, 0, 2, 230, 0, 0, 26648.05, 1, 0, 0, 0.07, 275, 108, 25730.86, 68219, 65871
1695449926, 0, 2, 230, 0, 0, 26648.05, 1, 0, 0, 0.07, 276, 108, 25730.86, 68219, 65871
1695449940, 0, 2, 231, 0, 0, 26648.05, 1, 0, 0, 0.07, 277, 108, 25730.86, 68219, 65871
1695449954, 0, 2, 231, 0, 0, 26648.05, 1, 0, 0, 0.07, 278, 108, 25730.86, 68219, 65871
1695449967, 0, 2, 231, 0, 0, 26648.05, 1, 0, 0, 0.08, 279, 108, 25730.86, 68219, 65871
1695449980, 0, 2, 231, 0, 0, 26648.05, 1, 0, 0, 0.08, 280, 108, 25730.86, 68219, 65871
1695449997, 0, 2, 232, 0, 0, 26648.05, 1, 0, 0, 0.06, 281, 108, 25730.86, 68219, 65871
1695450023, 0, 2, 233, 0, 0, 26648.05, 1, 0, 0, 0.04, 282, 108, 25730.86, 68219, 65871
1695450037, 0, 2, 233, 0, 0, 26648.05, 1, 0, 0, 0.07, 283, 108, 25730.86, 68219, 65871
1695450050, 0, 2, 234, 0, 0, 26648.05, 1, 0, 0, 0.07, 284, 108, 25730.86, 68219, 65871
1695450064, 0, 2, 234, 0, 0, 26648.05, 1, 0, 0, 0.08, 285, 108, 25730.86, 68219, 65871
1695450078, 0, 2, 235, 0, 0, 26648.05, 1, 0, 0, 0.07, 286, 108, 25730.86, 68219, 65871
1695450092, 0, 2, 236, 0, 0, 26648.05, 1, 0, 0, 0.07, 287, 108, 25730.86, 68219, 65871
1695450107, 0, 2, 237, 0, 0, 26648.05, 1, 0, 0, 0.06, 288, 108, 25730.86, 68219, 65871
1695450121, 0, 2, 238, 0, 0, 26648.05, 1, 0, 0, 0.07, 289, 108, 25730.86, 68219, 65871
1695450134, 0, 2, 239, 0, 0, 26648.05, 1, 0, 0, 0.08, 290, 108, 25730.86, 68219, 65871
1695450147, 0, 2, 239, 0, 0, 26648.05, 1, 0, 0, 0.08, 291, 108, 25730.86, 68219, 65871
1695450161, 0, 2, 239, 0, 0, 26648.05, 1, 0, 0, 0.07, 292, 108, 25730.86, 68219, 65871
1695450175, 0, 2, 240, 0, 0, 26648.05, 1, 0, 0, 0.07, 293, 108, 25730.86, 68219, 65871
1695450189, 0, 2, 241, 0, 0, 26648.05, 1, 0, 0, 0.07, 294, 108, 25730.86, 68219, 65871
1695450203, 0, 2, 242, 0, 0, 26658.20, 1, 0, 0, 0.07, 295, 108, 25741.02, 68245, 65897
1695450218, 0, 2, 242, 0, 0, 26658.20, 1, 0, 0, 0.07, 296, 108, 25741.02, 68245, 65897
1695450231, 0, 2, 243, 0, 0, 26658.20, 1, 0, 0, 0.08, 297, 108, 25741.02, 68245, 65897
1695450244, 0, 2, 244, 0, 0, 26658.20, 1, 0, 0, 0.08, 298, 108, 25741.02, 68245, 65897
1695450258, 0, 2, 244, 0, 0, 26658.20, 1, 0, 0, 0.07, 299, 108, 25741.02, 68245, 65897
1695450272, 0, 2, 244, 0, 0, 26658.20, 1, 0, 0, 0.07, 300, 108, 25741.02, 68245, 65897
1695450286, 0, 2, 245, 0, 0, 26658.20, 1, 0, 0, 0.07, 301, 108, 25741.02, 68245, 65897
1695450300, 0, 2, 246, 0, 0, 26658.20, 1, 0, 0, 0.07, 302, 108, 25741.02, 68245, 65897
1695450314, 0, 2, 247, 0, 0, 26658.20, 1, 0, 0, 0.07, 303, 108, 25741.02, 68245, 65897
1695450328, 0, 2, 247, 0, 0, 26658.20, 1, 0, 0, 0.07, 304, 108, 25741.02, 68245, 65897
1695450342, 0, 2, 247, 0, 0, 26658.20, 1, 0, 0, 0.07, 305, 108, 25741.02, 68245, 65897
1695450356, 0, 2, 248, 0, 0, 26658.20, 1, 0, 0, 0.07, 306, 108, 25741.02, 68245, 65897
1695450370, 0, 2, 248, 0, 0, 26658.20, 1, 0, 0, 0.07, 307, 108, 25741.02, 68245, 65897
1695450383, 0, 2, 249, 0, 0, 26658.20, 1, 0, 0, 0.07, 308, 108, 25741.02, 68245, 65897
1695450398, 0, 2, 250, 0, 0, 26658.20, 1, 0, 0, 0.07, 309, 108, 25741.02, 68245, 65897
1695450411, 0, 2, 251, 0, 0, 26658.20, 1, 0, 0, 0.08, 310, 108, 25741.02, 68245, 65897
1695450424, 0, 2, 252, 0, 0, 26658.20, 1, 0, 0, 0.08, 311, 108, 25741.02, 68245, 65897
1695450439, 0, 2, 252, 0, 0, 26658.20, 1, 0, 0, 0.07, 312, 108, 25741.02, 68245, 65897
1695450453, 0, 2, 253, 0, 0, 26658.20, 1, 0, 0, 0.07, 313, 108, 25741.02, 68245, 65897
1695450467, 0, 2, 254, 0, 0, 26658.20, 1, 0, 0, 0.07, 314, 108, 25741.02, 68245, 65897
1695450481, 0, 2, 255, 0, 0, 26658.20, 1, 0, 0, 0.07, 315, 108, 25741.02, 68245, 65897
1695450496, 0, 2, 256, 0, 0, 26658.20, 1, 0, 0, 0.07, 316, 108, 25741.02, 68245, 65897
1695450510, 0, 2, 257, 0, 0, 26658.20, 1, 0, 0, 0.07, 317, 108, 25741.02, 68245, 65897
1695450524, 0, 2, 257, 0, 0, 26658.20, 1, 0, 0, 0.07, 318, 108, 25741.02, 68245, 65897
1695450537, 0, 2, 258, 0, 0, 26658.20, 1, 0, 0, 0.07, 319, 108, 25741.02, 68245, 65897
1695450551, 0, 2, 259, 0, 0, 26658.20, 1, 0, 0, 0.07, 320, 108, 25741.02, 68245, 65897
1695450565, 0, 2, 260, 0, 0, 26658.20, 1, 0, 0, 0.07, 321, 108, 25741.02, 68245, 65897
1695450579, 0, 2, 261, 0, 0, 26658.20, 1, 0, 0, 0.07, 322, 108, 25741.02, 68245, 65897
1695450594, 0, 2, 262, 0, 0, 26658.20, 1, 0, 0, 0.07, 323, 108, 25741.02, 68245, 65897
1695450608, 0, 2, 263, 0, 0, 26658.20, 1, 0, 0, 0.07, 324, 108, 25741.02, 68245, 65897
1695450622, 0, 2, 263, 0, 0, 26658.20, 1, 0, 0, 0.07, 325, 108, 25741.02, 68245, 65897
1695450645, 0, 2, 264, 0, 0, 26658.20, 1, 0, 0, 0.04, 326, 108, 25741.02, 68245, 65897
1695450661, 0, 2, 265, 0, 0, 26658.20, 1, 0, 0, 0.07, 327, 108, 25741.02, 68245, 65897
1695450675, 0, 2, 266, 0, 0, 26658.20, 1, 0, 0, 0.07, 328, 108, 25741.02, 68245, 65897
1695450689, 0, 2, 267, 0, 0, 26658.20, 1, 0, 0, 0.07, 329, 108, 25741.02, 68245, 65897
1695450703, 0, 2, 268, 0, 0, 26658.20, 1, 0, 0, 0.07, 330, 108, 25741.02, 68245, 65897
1695450725, 0, 2, 269, 0, 0, 26658.20, 1, 0, 0, 0.04, 331, 108, 25741.02, 68245, 65897
1695450725, 0, 2, 269, 0, 0, 26658.20, 1, 0, 0, 0.00, 331, 108, 25741.02, 68245, 65897
