# unix_time, cycles_done, cur_path, paths_total, pending_total, pending_favs, map_size, unique_crashes, unique_hangs, max_depth, execs_per_sec, valid_inputs, invalid_inputs, valid_cov, all_covered_probes, valid_covered_probes
1695447110, 0, 0, 1, 0, 0, 3996.09, 0, 0, 0, 0.46, 0, 1, 0.00, 10230, 0
1695447110, 0, 0, 2, 0, 0, 4569.14, 0, 0, 0, 3.14, 0, 2, 0.00, 11697, 0
1695447133, 0, 0, 3, 0, 0, 4735.55, 1, 0, 0, 0.09, 0, 4, 0.00, 12123, 0
1695447146, 0, 0, 8, 0, 0, 21115.63, 1, 0, 0, 0.46, 4, 6, 19889.84, 54056, 50918
1695447159, 0, 0, 9, 0, 0, 21139.06, 1, 0, 0, 0.07, 5, 6, 19913.28, 54116, 50978
1695447160, 0, 0, 13, 0, 0, 21428.91, 1, 0, 0, 22.73, 9, 10, 20287.50, 54858, 51936
1695447172, 0, 0, 20, 0, 0, 21608.20, 1, 0, 0, 0.97, 14, 17, 20391.02, 55317, 52201
1695447184, 0, 0, 22, 0, 0, 21619.14, 1, 0, 0, 0.73, 21, 19, 20401.95, 55345, 52229
1695447197, 0, 0, 24, 0, 0, 21635.55, 1, 0, 0, 1.32, 30, 27, 20418.36, 55387, 52271
1695447213, 0, 0, 25, 0, 0, 22024.61, 1, 0, 0, 0.81, 38, 32, 20814.45, 56383, 53285
1695447225, 0, 0, 27, 0, 0, 22039.84, 1, 0, 0, 0.49, 44, 32, 20829.69, 56422, 53324
1695447242, 0, 0, 28, 0, 0, 22040.63, 1, 0, 0, 0.43, 50, 33, 20830.47, 56424, 53326
1695447252, 0, 0, 28, 0, 0, 22040.63, 2, 0, 0, 0.19, 50, 35, 20830.47, 56424, 53326
1695447264, 0, 0, 29, 0, 0, 22041.41, 2, 0, 0, 0.26, 52, 36, 20831.25, 56426, 53328
1695447275, 0, 0, 30, 0, 0, 22042.19, 2, 0, 0, 0.92, 55, 43, 20832.03, 56428, 53330
1695447289, 0, 0, 31, 0, 0, 22053.13, 2, 0, 0, 0.14, 56, 44, 20842.97, 56456, 53358
1695447302, 0, 0, 32, 0, 0, 22062.50, 2, 0, 0, 0.08, 57, 44, 20852.34, 56480, 53382
1695447314, 0, 0, 34, 0, 0, 22067.58, 2, 0, 0, 0.17, 58, 45, 20853.52, 56493, 53385
1695447327, 0, 0, 35, 0, 0, 22090.23, 2, 0, 0, 0.73, 67, 46, 20876.17, 56551, 53443
1695447339, 0, 0, 36, 0, 0, 22281.64, 2, 0, 0, 0.67, 72, 49, 21067.58, 57041, 53933
1695447351, 0, 0, 37, 0, 0, 22302.34, 2, 0, 0, 1.33, 79, 58, 21088.28, 57094, 53986
1695447363, 0, 0, 38, 0, 0, 22303.91, 2, 0, 0, 0.90, 85, 63, 21089.84, 57098, 53990
1695447375, 0, 0, 38, 0, 0, 22303.91, 2, 0, 0, 0.86, 91, 67, 21089.84, 57098, 53990
1695447387, 0, 0, 38, 0, 0, 22303.91, 2, 0, 0, 0.42, 93, 70, 21089.84, 57098, 53990
1695447398, 0, 0, 38, 0, 0, 22303.91, 2, 0, 0, 0.54, 97, 72, 21089.84, 57098, 53990
1695447409, 0, 0, 38, 0, 0, 22303.91, 2, 0, 0, 0.98, 105, 75, 21089.84, 57098, 53990
1695447420, 0, 0, 38, 0, 0, 22303.91, 2, 0, 0, 0.46, 109, 76, 21089.84, 57098, 53990
1695447431, 0, 0, 38, 0, 0, 22303.91, 2, 0, 0, 1.42, 122, 79, 21089.84, 57098, 53990
1695447443, 0, 0, 39, 0, 0, 22320.31, 2, 0, 0, 0.08, 123, 79, 21106.25, 57140, 54032
1695447455, 0, 0, 40, 0, 0, 22320.70, 2, 0, 0, 0.08, 124, 79, 21106.64, 57141, 54033
1695447467, 0, 0, 40, 0, 0, 22320.70, 2, 0, 0, 0.09, 125, 79, 21106.64, 57141, 54033
1695447483, 0, 0, 40, 0, 0, 22320.70, 2, 0, 0, 0.12, 126, 80, 21106.64, 57141, 54033
1695447497, 0, 0, 41, 0, 0, 22321.48, 2, 0, 0, 0.71, 128, 88, 21107.42, 57143, 54035
1695447509, 0, 0, 41, 0, 0, 22321.48, 2, 0, 0, 0.25, 131, 88, 21107.42, 57143, 54035
1695447520, 0, 0, 41, 0, 0, 22321.48, 2, 0, 0, 0.09, 132, 88, 21107.42, 57143, 54035
1695447531, 0, 0, 41, 0, 0, 22321.48, 2, 0, 0, 0.37, 134, 90, 21107.42, 57143, 54035
1695447544, 0, 0, 41, 0, 0, 22321.48, 2, 0, 0, 0.80, 141, 93, 21107.42, 57143, 54035
1695447555, 0, 0, 41, 0, 0, 22321.48, 2, 0, 0, 1.09, 146, 100, 21107.42, 57143, 54035
1695447566, 0, 0, 41, 0, 0, 22321.48, 2, 0, 0, 0.26, 148, 101, 21107.42, 57143, 54035
1695447581, 0, 0, 41, 0, 0, 22321.48, 2, 0, 0, 0.76, 155, 105, 21107.42, 57143, 54035
1695447612, 0, 0, 42, 0, 0, 22324.61, 2, 0, 0, 0.67, 167, 114, 21110.55, 57151, 54043
1695447624, 0, 0, 42, 0, 0, 22324.61, 2, 0, 0, 0.42, 171, 115, 21110.55, 57151, 54043
1695447636, 0, 0, 42, 0, 0, 22324.61, 2, 0, 0, 0.66, 175, 119, 21110.55, 57151, 54043
1695447648, 0, 0, 42, 0, 0, 22324.61, 2, 0, 0, 0.50, 177, 123, 21110.55, 57151, 54043
1695447669, 0, 0, 43, 0, 0, 22395.70, 2, 0, 0, 0.74, 185, 131, 21181.64, 57333, 54225
1695447683, 0, 0, 44, 0, 0, 22397.27, 2, 0, 0, 0.59, 189, 135, 21183.20, 57337, 54229
1695447694, 0, 0, 44, 0, 0, 22397.27, 2, 0, 0, 0.89, 193, 141, 21183.20, 57337, 54229
1695447705, 0, 0, 44, 0, 0, 22397.27, 2, 0, 0, 0.18, 194, 142, 21183.20, 57337, 54229
1695447717, 0, 0, 44, 0, 0, 22397.27, 2, 0, 0, 0.35, 198, 142, 21183.20, 57337, 54229
1695447734, 0, 0, 45, 0, 0, 22397.66, 2, 0, 0, 0.76, 206, 147, 21183.59, 57338, 54230
1695447750, 0, 0, 45, 0, 0, 22397.66, 2, 0, 0, 0.19, 208, 148, 21183.59, 57338, 54230
1695447761, 0, 0, 45, 0, 0, 22397.66, 2, 0, 0, 0.26, 210, 149, 21183.59, 57338, 54230
1695447772, 0, 0, 45, 0, 0, 22397.66, 2, 0, 0, 0.62, 214, 152, 21183.59, 57338, 54230
1695447783, 0, 0, 45, 0, 0, 22397.66, 2, 0, 0, 0.54, 219, 153, 21183.59, 57338, 54230
1695447795, 0, 0, 45, 0, 0, 22397.66, 2, 0, 0, 0.26, 221, 154, 21183.59, 57338, 54230
1695447806, 0, 0, 45, 0, 0, 22397.66, 2, 0, 0, 0.38, 221, 158, 21183.59, 57338, 54230
1695447817, 0, 0, 45, 0, 0, 22397.66, 2, 0, 0, 0.62, 226, 160, 21183.59, 57338, 54230
1695447831, 0, 0, 45, 0, 0, 22397.66, 2, 0, 0, 0.80, 230, 167, 21183.59, 57338, 54230
1695447842, 0, 0, 46, 0, 0, 22397.66, 2, 0, 0, 0.86, 238, 169, 21191.80, 57338, 54251
1695447854, 0, 0, 46, 0, 0, 22397.66, 2, 0, 0, 1.21, 244, 177, 21191.80, 57338, 54251
1695447866, 0, 0, 46, 0, 0, 22397.66, 2, 0, 0, 0.09, 245, 177, 21191.80, 57338, 54251
1695447877, 0, 0, 46, 0, 0, 22397.66, 2, 0, 0, 0.26, 247, 178, 21191.80, 57338, 54251
1695447890, 0, 0, 46, 0, 0, 22397.66, 2, 0, 0, 0.87, 253, 183, 21191.80, 57338, 54251
1695447902, 0, 0, 46, 0, 0, 22397.66, 2, 0, 0, 1.17, 263, 187, 21191.80, 57338, 54251
1695447918, 0, 0, 46, 0, 0, 22397.66, 2, 0, 0, 0.49, 266, 192, 21191.80, 57338, 54251
1695447930, 0, 0, 46, 0, 0, 22397.66, 2, 0, 0, 0.25, 268, 193, 21191.80, 57338, 54251
1695447931, 0, 0, 46, 0, 0, 22397.66, 2, 0, 0, 72.61, 285, 198, 21191.80, 57338, 54251
1695447931, 0, 0, 46, 0, 0, 22397.66, 2, 0, 0, 43.33, 294, 202, 21191.80, 57338, 54251
1695447943, 0, 0, 46, 0, 0, 22397.66, 2, 0, 0, 0.87, 300, 207, 21191.80, 57338, 54251
1695447957, 0, 0, 47, 0, 0, 22398.05, 2, 0, 0, 0.51, 306, 208, 21192.19, 57339, 54252
1695447969, 0, 0, 47, 0, 0, 22398.05, 2, 0, 0, 0.09, 307, 208, 21192.19, 57339, 54252
1695447981, 0, 0, 48, 0, 0, 22398.44, 2, 0, 0, 0.91, 312, 214, 21192.58, 57340, 54253
1695447992, 0, 0, 48, 0, 0, 22398.44, 2, 0, 0, 0.43, 316, 215, 21192.58, 57340, 54253
1695448003, 0, 0, 48, 0, 0, 22398.44, 2, 0, 0, 0.09, 317, 215, 21192.58, 57340, 54253
1695448004, 0, 0, 48, 0, 0, 22398.44, 2, 0, 0, 30.69, 326, 218, 21192.58, 57340, 54253
1695448015, 0, 0, 48, 0, 0, 22398.44, 2, 0, 0, 0.37, 328, 220, 21192.58, 57340, 54253
1695448027, 0, 0, 48, 0, 0, 22398.44, 2, 0, 0, 0.83, 335, 223, 21192.58, 57340, 54253
1695448042, 0, 0, 49, 0, 0, 22399.22, 2, 0, 0, 0.47, 341, 224, 21193.36, 57342, 54255
1695448058, 0, 0, 50, 0, 0, 22399.61, 2, 0, 0, 0.31, 345, 225, 21193.75, 57343, 54256
1695448058, 0, 0, 50, 0, 0, 22399.61, 2, 0, 0, 13.62, 349, 226, 21193.75, 57343, 54256
1695448070, 0, 0, 50, 0, 0, 22399.61, 2, 0, 0, 0.42, 352, 228, 21193.75, 57343, 54256
1695448083, 0, 0, 50, 0, 0, 22399.61, 2, 0, 0, 0.87, 360, 231, 21193.75, 57343, 54256
1695448095, 0, 0, 50, 0, 0, 22399.61, 2, 0, 0, 0.17, 362, 231, 21193.75, 57343, 54256
1695448107, 0, 0, 50, 0, 0, 22399.61, 2, 0, 0, 0.25, 365, 231, 21193.75, 57343, 54256
1695448118, 0, 0, 50, 0, 0, 22399.61, 2, 0, 0, 0.71, 371, 233, 21193.75, 57343, 54256
1695448136, 0, 0, 50, 0, 0, 22399.61, 2, 0, 0, 0.34, 373, 237, 21193.75, 57343, 54256
1695448149, 0, 0, 50, 0, 0, 22399.61, 2, 0, 0, 1.55, 383, 248, 21193.75, 57343, 54256
1695448149, 0, 0, 50, 0, 0, 22399.61, 2, 0, 0, 62.13, 393, 259, 21193.75, 57343, 54256
1695448172, 0, 0, 51, 0, 0, 22423.05, 2, 0, 0, 0.62, 399, 267, 21217.58, 57403, 54317
1695448188, 0, 0, 52, 0, 0, 22424.61, 2, 0, 0, 0.37, 403, 269, 21220.31, 57407, 54324
1695448188, 0, 0, 52, 0, 0, 22424.61, 2, 0, 0, 33.95, 411, 272, 21220.31, 57407, 54324
1695448203, 0, 0, 52, 0, 0, 22424.61, 2, 0, 0, 0.21, 414, 272, 21220.31, 57407, 54324
1695448215, 0, 0, 53, 0, 0, 22425.00, 2, 0, 0, 0.16, 416, 272, 21220.70, 57408, 54325
1695448229, 0, 0, 53, 0, 0, 22425.00, 2, 0, 0, 0.30, 419, 273, 21220.70, 57408, 54325
1695448241, 0, 0, 53, 0, 0, 22425.00, 2, 0, 0, 0.17, 421, 273, 21220.70, 57408, 54325
1695448259, 0, 0, 53, 0, 0, 22425.00, 2, 0, 0, 0.49, 429, 274, 21220.70, 57408, 54325
1695448272, 0, 0, 54, 0, 0, 22425.39, 2, 0, 0, 0.71, 436, 276, 21221.09, 57409, 54326
1695448283, 0, 0, 54, 0, 0, 22425.39, 2, 0, 0, 0.34, 438, 278, 21221.09, 57409, 54326
1695448298, 0, 0, 54, 0, 0, 22425.39, 2, 0, 0, 0.27, 441, 279, 21221.09, 57409, 54326
1695448299, 0, 0, 54, 0, 0, 22425.39, 2, 0, 0, 49.67, 452, 283, 21221.09, 57409, 54326
1695448312, 0, 0, 54, 0, 0, 22425.39, 2, 0, 0, 0.61, 458, 285, 21221.09, 57409, 54326
1695448324, 0, 0, 54, 0, 0, 22425.39, 2, 0, 0, 0.48, 462, 287, 21221.09, 57409, 54326
1695448336, 0, 0, 54, 0, 0, 22425.39, 2, 0, 0, 0.17, 463, 288, 21221.09, 57409, 54326
1695448348, 0, 0, 54, 0, 0, 22425.39, 2, 0, 0, 0.33, 466, 289, 21221.09, 57409, 54326
1695448360, 0, 0, 54, 0, 0, 22425.39, 2, 0, 0, 0.25, 468, 290, 21221.09, 57409, 54326
1695448361, 0, 0, 54, 0, 0, 22425.39, 2, 0, 0, 52.29, 478, 296, 21221.09, 57409, 54326
1695448373, 0, 0, 54, 0, 0, 22425.39, 2, 0, 0, 0.25, 479, 298, 21221.09, 57409, 54326
1695448385, 0, 0, 54, 0, 0, 22425.39, 2, 0, 0, 1.11, 487, 304, 21221.09, 57409, 54326
1695448398, 0, 0, 54, 0, 0, 22425.39, 2, 0, 0, 0.58, 491, 307, 21221.09, 57409, 54326
1695448398, 0, 0, 54, 0, 0, 22425.39, 2, 0, 0, 28.13, 496, 311, 21221.09, 57409, 54326
1695448409, 0, 0, 54, 0, 0, 22425.39, 2, 0, 0, 0.26, 496, 314, 21221.09, 57409, 54326
1695448423, 0, 0, 55, 0, 0, 22426.17, 2, 0, 0, 0.37, 500, 315, 21221.09, 57411, 54326
1695448423, 0, 0, 55, 0, 0, 22426.17, 2, 0, 0, 31.06, 507, 318, 21221.09, 57411, 54326
1695448437, 0, 0, 55, 0, 0, 22426.17, 2, 0, 0, 0.29, 510, 319, 21221.09, 57411, 54326
1695448458, 0, 0, 55, 0, 0, 22426.17, 2, 0, 0, 0.23, 513, 321, 21221.09, 57411, 54326
1695448458, 0, 0, 55, 0, 0, 22426.17, 2, 0, 0, 33.11, 520, 324, 21221.09, 57411, 54326
1695448472, 0, 0, 55, 0, 0, 22426.17, 2, 0, 0, 0.60, 525, 327, 21221.09, 57411, 54326
1695448484, 0, 0, 55, 0, 0, 22426.17, 2, 0, 0, 0.16, 527, 327, 21221.09, 57411, 54326
1695448496, 0, 0, 56, 0, 0, 22433.98, 2, 0, 0, 0.59, 531, 330, 21228.91, 57431, 54346
1695448510, 0, 0, 57, 0, 0, 22434.38, 2, 0, 0, 0.43, 537, 330, 21229.30, 57432, 54347
1695448523, 0, 0, 58, 0, 0, 22435.16, 2, 0, 0, 0.08, 538, 330, 21230.08, 57434, 54349
1695448537, 0, 0, 58, 0, 0, 22435.16, 2, 0, 0, 0.15, 540, 330, 21230.08, 57434, 54349
1695448551, 0, 0, 58, 0, 0, 22435.16, 2, 0, 0, 0.07, 541, 330, 21230.08, 57434, 54349
1695448564, 0, 0, 58, 0, 0, 22435.16, 2, 0, 0, 0.08, 542, 330, 21230.08, 57434, 54349
1695448564, 0, 0, 58, 0, 0, 22435.16, 2, 0, 0, 17.96, 547, 331, 21230.08, 57434, 54349
1695448564, 0, 0, 58, 0, 0, 22435.16, 2, 0, 0, 30.00, 555, 332, 21230.08, 57434, 54349
1695448577, 0, 0, 58, 0, 0, 22435.16, 2, 0, 0, 0.71, 561, 335, 21230.08, 57434, 54349
1695448589, 0, 0, 58, 0, 0, 22435.16, 2, 0, 0, 0.34, 565, 335, 21230.08, 57434, 54349
1695448601, 0, 0, 59, 0, 0, 22435.55, 2, 0, 0, 0.25, 568, 335, 21230.47, 57435, 54350
1695448601, 0, 0, 59, 0, 0, 22435.55, 2, 0, 0, 19.87, 571, 338, 21230.47, 57435, 54350
1695448601, 0, 0, 59, 0, 0, 22435.55, 2, 0, 0, 13.59, 576, 338, 21230.47, 57435, 54350
1695448623, 0, 0, 59, 0, 0, 22435.55, 2, 0, 0, 0.37, 582, 340, 21230.47, 57435, 54350
1695448636, 0, 0, 59, 0, 0, 22435.55, 2, 0, 0, 0.08, 583, 340, 21230.47, 57435, 54350
1695448650, 0, 0, 60, 0, 0, 22435.94, 2, 0, 0, 0.77, 589, 345, 21230.86, 57436, 54351
1695448651, 0, 0, 60, 0, 0, 22435.94, 2, 0, 0, 10.42, 592, 347, 21230.86, 57436, 54351
1695448666, 0, 0, 60, 0, 0, 22435.94, 2, 0, 0, 0.07, 593, 347, 21230.86, 57436, 54351
1695448679, 0, 0, 60, 0, 0, 22435.94, 2, 0, 0, 0.37, 597, 348, 21230.86, 57436, 54351
1695448692, 0, 0, 60, 0, 0, 22435.94, 2, 0, 0, 0.47, 602, 349, 21230.86, 57436, 54351
1695448692, 0, 0, 60, 0, 0, 22435.94, 2, 0, 0, 37.27, 609, 354, 21230.86, 57436, 54351
1695448705, 0, 0, 60, 0, 0, 22435.94, 2, 0, 0, 0.81, 618, 355, 21230.86, 57436, 54351
1695448705, 0, 0, 60, 0, 0, 22435.94, 2, 0, 0, 32.43, 624, 361, 21230.86, 57436, 54351
1695448719, 0, 0, 60, 0, 0, 22435.94, 2, 0, 0, 0.93, 628, 370, 21230.86, 57436, 54351
1695448730, 0, 0, 60, 0, 0, 22435.94, 2, 0, 0, 0.62, 631, 374, 21230.86, 57436, 54351
1695448742, 0, 0, 60, 0, 0, 22435.94, 2, 0, 0, 0.53, 636, 375, 21230.86, 57436, 54351
1695448754, 0, 0, 60, 0, 0, 22435.94, 2, 0, 0, 0.41, 640, 376, 21230.86, 57436, 54351
1695448766, 0, 0, 60, 0, 0, 22435.94, 2, 0, 0, 0.08, 641, 376, 21230.86, 57436, 54351
1695448766, 0, 0, 60, 0, 0, 22435.94, 2, 0, 0, 14.96, 646, 377, 21230.86, 57436, 54351
1695448778, 0, 0, 60, 0, 0, 22435.94, 2, 0, 0, 0.26, 648, 378, 21230.86, 57436, 54351
1695448790, 0, 0, 60, 0, 0, 22435.94, 2, 0, 0, 0.08, 649, 378, 21230.86, 57436, 54351
1695448833, 0, 0, 60, 0, 0, 22435.94, 2, 0, 0, 0.23, 655, 382, 21230.86, 57436, 54351
1695448846, 0, 0, 60, 0, 0, 22435.94, 2, 0, 0, 0.54, 659, 385, 21230.86, 57436, 54351
1695448858, 0, 0, 60, 0, 0, 22435.94, 2, 0, 0, 0.08, 660, 385, 21230.86, 57436, 54351
1695448870, 0, 0, 60, 0, 0, 22435.94, 2, 0, 0, 0.09, 661, 385, 21230.86, 57436, 54351
1695448881, 0, 0, 60, 0, 0, 22435.94, 2, 0, 0, 0.34, 664, 386, 21230.86, 57436, 54351
1695448894, 0, 0, 60, 0, 0, 22435.94, 2, 0, 0, 0.71, 670, 389, 21230.86, 57436, 54351
1695448911, 0, 0, 60, 0, 0, 22435.94, 2, 0, 0, 0.49, 675, 392, 21230.86, 57436, 54351
1695448931, 0, 0, 60, 0, 0, 22435.94, 2, 0, 0, 0.15, 677, 393, 21230.86, 57436, 54351
1695448931, 0, 0, 60, 0, 0, 22435.94, 2, 0, 0, 22.95, 680, 397, 21230.86, 57436, 54351
1695448944, 0, 0, 60, 0, 0, 22435.94, 2, 0, 0, 0.15, 682, 397, 21230.86, 57436, 54351
1695448956, 0, 0, 60, 0, 0, 22435.94, 2, 0, 0, 0.33, 683, 400, 21230.86, 57436, 54351
1695448970, 0, 0, 60, 0, 0, 22435.94, 2, 0, 0, 0.30, 684, 403, 21230.86, 57436, 54351
1695448970, 0, 0, 60, 0, 0, 22435.94, 2, 0, 0, 32.47, 689, 408, 21230.86, 57436, 54351
1695448992, 0, 0, 60, 0, 0, 22435.94, 2, 0, 0, 0.09, 690, 409, 21230.86, 57436, 54351
1695449003, 0, 0, 60, 0, 0, 22435.94, 2, 0, 0, 0.09, 691, 409, 21230.86, 57436, 54351
1695449015, 0, 0, 60, 0, 0, 22435.94, 2, 0, 0, 0.26, 692, 411, 21230.86, 57436, 54351
1695449027, 0, 0, 60, 0, 0, 22435.94, 2, 0, 0, 0.08, 693, 411, 21230.86, 57436, 54351
1695449041, 0, 0, 60, 0, 0, 22435.94, 2, 0, 0, 0.07, 694, 411, 21230.86, 57436, 54351
1695449041, 0, 0, 60, 0, 0, 22435.94, 2, 0, 0, 21.67, 699, 413, 21230.86, 57436, 54351
1695449041, 0, 0, 60, 0, 0, 22435.94, 2, 0, 0, 25.48, 704, 416, 21230.86, 57436, 54351
1695449042, 0, 0, 60, 0, 0, 22435.94, 2, 0, 0, 33.33, 707, 423, 21230.86, 57436, 54351
1695449053, 0, 0, 60, 0, 0, 22435.94, 2, 0, 0, 0.08, 708, 423, 21230.86, 57436, 54351
1695449054, 0, 0, 60, 0, 0, 22435.94, 2, 0, 0, 34.27, 715, 427, 21230.86, 57436, 54351
1695449066, 0, 0, 60, 0, 0, 22435.94, 2, 0, 0, 0.08, 716, 427, 21230.86, 57436, 54351
1695449106, 0, 0, 60, 0, 0, 22435.94, 2, 0, 0, 0.27, 723, 431, 21230.86, 57436, 54351
1695449121, 0, 0, 60, 0, 0, 22435.94, 2, 0, 0, 0.35, 724, 435, 21230.86, 57436, 54351
1695449133, 0, 0, 60, 0, 0, 22435.94, 2, 0, 0, 0.08, 725, 435, 21230.86, 57436, 54351
1695449145, 0, 0, 60, 0, 0, 22435.94, 2, 0, 0, 0.16, 726, 436, 21230.86, 57436, 54351
1695449145, 0, 0, 60, 0, 0, 22435.94, 2, 0, 0, 5.85, 728, 436, 21230.86, 57436, 54351
1695449159, 0, 0, 60, 0, 0, 22435.94, 2, 0, 0, 0.38, 732, 437, 21230.86, 57436, 54351
1695449172, 0, 0, 60, 0, 0, 22435.94, 2, 0, 0, 0.23, 735, 437, 21230.86, 57436, 54351
1695449192, 0, 0, 61, 0, 0, 22439.06, 2, 0, 0, 0.10, 737, 437, 21233.98, 57444, 54359
1695449192, 0, 0, 61, 0, 0, 22439.06, 2, 0, 0, 9.93, 741, 437, 21233.98, 57444, 54359
1695449206, 0, 0, 61, 0, 0, 22439.06, 2, 0, 0, 0.22, 743, 438, 21233.98, 57444, 54359
1695449206, 0, 0, 61, 0, 0, 22439.06, 2, 0, 0, 24.77, 748, 441, 21233.98, 57444, 54359
1695449220, 0, 0, 61, 0, 0, 22439.06, 2, 0, 0, 0.07, 749, 441, 21233.98, 57444, 54359
1695449234, 0, 0, 61, 0, 0, 22439.06, 2, 0, 0, 0.28, 751, 443, 21233.98, 57444, 54359
1695449250, 0, 0, 61, 0, 0, 22439.06, 2, 0, 0, 0.40, 755, 445, 21233.98, 57444, 54359
1695449267, 0, 0, 61, 0, 0, 22439.06, 2, 0, 0, 0.06, 756, 445, 21233.98, 57444, 54359
1695449281, 0, 0, 61, 0, 0, 22439.06, 2, 0, 0, 0.44, 759, 448, 21233.98, 57444, 54359
1695449281, 0, 0, 61, 0, 0, 22439.06, 2, 0, 0, 25.56, 763, 452, 21233.98, 57444, 54359
1695449281, 0, 0, 61, 0, 0, 22439.06, 2, 0, 0, 19.87, 766, 455, 21233.98, 57444, 54359
1695449295, 0, 0, 61, 0, 0, 22439.06, 2, 0, 0, 0.53, 770, 458, 21233.98, 57444, 54359
1695449295, 0, 0, 61, 0, 0, 22439.06, 2, 0, 0, 7.46, 773, 458, 21233.98, 57444, 54359
1695449296, 0, 0, 61, 0, 0, 22439.06, 2, 0, 0, 7.28, 775, 459, 21233.98, 57444, 54359
1695449309, 0, 0, 61, 0, 0, 22439.06, 2, 0, 0, 0.50, 780, 461, 21233.98, 57444, 54359
1695449322, 0, 0, 61, 0, 0, 22439.06, 2, 0, 0, 0.40, 784, 462, 21233.98, 57444, 54359
1695449323, 0, 0, 61, 0, 0, 22439.06, 2, 0, 0, 17.32, 789, 465, 21233.98, 57444, 54359
1695449336, 0, 0, 61, 0, 0, 22439.06, 2, 0, 0, 0.15, 791, 465, 21233.98, 57444, 54359
1695449350, 0, 0, 62, 0, 0, 22439.84, 2, 0, 0, 0.07, 792, 465, 21234.77, 57446, 54361
1695449362, 0, 0, 62, 0, 0, 22439.84, 2, 0, 0, 0.24, 794, 466, 21234.77, 57446, 54361
1695449375, 0, 0, 62, 0, 0, 22439.84, 2, 0, 0, 0.08, 795, 466, 21234.77, 57446, 54361
1695449388, 0, 0, 62, 0, 0, 22439.84, 2, 0, 0, 0.08, 796, 466, 21234.77, 57446, 54361
1695449400, 0, 0, 62, 0, 0, 22439.84, 2, 0, 0, 0.08, 797, 466, 21234.77, 57446, 54361
1695449418, 0, 0, 63, 0, 0, 22440.23, 2, 0, 0, 0.22, 799, 468, 21235.16, 57447, 54362
1695449418, 0, 0, 63, 0, 0, 22440.23, 2, 0, 0, 5.57, 800, 470, 21235.16, 57447, 54362
1695449431, 0, 0, 63, 0, 0, 22440.23, 2, 0, 0, 0.08, 801, 470, 21235.16, 57447, 54362
1695449431, 0, 0, 63, 0, 0, 22440.23, 2, 0, 0, 19.55, 805, 473, 21235.16, 57447, 54362
1695449445, 0, 0, 63, 0, 0, 22440.23, 2, 0, 0, 0.29, 809, 473, 21235.16, 57447, 54362
1695449445, 0, 0, 63, 0, 0, 22440.23, 2, 0, 0, 19.13, 813, 476, 21235.16, 57447, 54362
1695449457, 0, 0, 63, 0, 0, 22440.23, 2, 0, 0, 0.17, 815, 476, 21235.16, 57447, 54362
1695449470, 0, 0, 63, 0, 0, 22440.23, 2, 0, 0, 0.08, 816, 476, 21235.16, 57447, 54362
1695449484, 0, 0, 63, 0, 0, 22440.23, 2, 0, 0, 0.51, 820, 479, 21235.16, 57447, 54362
1695449484, 0, 0, 63, 0, 0, 22440.23, 2, 0, 0, 25.16, 826, 481, 21235.16, 57447, 54362
1695449497, 0, 0, 63, 0, 0, 22440.23, 2, 0, 0, 0.08, 827, 481, 21235.16, 57447, 54362
1695449512, 0, 0, 63, 0, 0, 22440.23, 2, 0, 0, 0.07, 828, 481, 21235.16, 57447, 54362
1695449527, 0, 0, 63, 0, 0, 22440.23, 2, 0, 0, 0.27, 829, 484, 21235.16, 57447, 54362
1695449527, 0, 0, 63, 0, 0, 22440.23, 2, 0, 0, 15.34, 831, 487, 21235.16, 57447, 54362
1695449542, 0, 0, 63, 0, 0, 22440.23, 2, 0, 0, 0.14, 833, 487, 21235.16, 57447, 54362
1695449554, 0, 0, 63, 0, 0, 22440.23, 2, 0, 0, 0.64, 835, 493, 21235.16, 57447, 54362
1695449554, 0, 0, 63, 0, 0, 22440.23, 2, 0, 0, 15.43, 839, 494, 21235.16, 57447, 54362
1695449567, 0, 0, 63, 0, 0, 22440.23, 2, 0, 0, 0.62, 844, 497, 21235.16, 57447, 54362
1695449568, 0, 0, 63, 0, 0, 22440.23, 2, 0, 0, 12.31, 847, 498, 21235.16, 57447, 54362
1695449581, 0, 0, 63, 0, 0, 22440.23, 2, 0, 0, 0.15, 849, 498, 21235.16, 57447, 54362
1695449593, 0, 0, 63, 0, 0, 22440.23, 2, 0, 0, 0.25, 850, 500, 21235.16, 57447, 54362
1695449606, 0, 0, 63, 0, 0, 22440.23, 2, 0, 0, 0.63, 855, 503, 21235.16, 57447, 54362
1695449606, 0, 0, 63, 0, 0, 22440.23, 2, 0, 0, 18.40, 860, 504, 21235.16, 57447, 54362
1695449620, 0, 0, 63, 0, 0, 22440.23, 2, 0, 0, 0.07, 861, 504, 21235.16, 57447, 54362
1695449632, 0, 0, 63, 0, 0, 22440.23, 2, 0, 0, 0.32, 864, 505, 21235.16, 57447, 54362
1695449646, 0, 0, 63, 0, 0, 22440.23, 2, 0, 0, 0.15, 866, 505, 21235.16, 57447, 54362
1695449659, 0, 0, 63, 0, 0, 22440.23, 2, 0, 0, 0.07, 867, 505, 21235.16, 57447, 54362
1695449676, 0, 0, 63, 0, 0, 22440.23, 2, 0, 0, 0.06, 868, 505, 21235.16, 57447, 54362
1695449676, 0, 0, 63, 0, 0, 22440.23, 2, 0, 0, 15.20, 871, 507, 21235.16, 57447, 54362
1695449703, 0, 0, 63, 0, 0, 22440.23, 2, 0, 0, 0.11, 873, 508, 21235.16, 57447, 54362
1695449721, 0, 0, 63, 0, 0, 22440.23, 2, 0, 0, 0.17, 876, 508, 21235.16, 57447, 54362
1695449721, 0, 0, 63, 0, 0, 22440.23, 2, 0, 0, 12.05, 879, 509, 21235.16, 57447, 54362
1695449734, 0, 0, 63, 0, 0, 22440.23, 2, 0, 0, 0.08, 880, 509, 21235.16, 57447, 54362
1695449734, 0, 0, 63, 0, 0, 22440.23, 2, 0, 0, 18.87, 883, 512, 21235.16, 57447, 54362
1695449748, 0, 0, 63, 0, 0, 22440.23, 2, 0, 0, 0.08, 884, 512, 21235.16, 57447, 54362
1695449748, 0, 0, 63, 0, 0, 22440.23, 2, 0, 0, 8.33, 887, 512, 21235.16, 57447, 54362
1695449761, 0, 0, 63, 0, 0, 22440.23, 2, 0, 0, 0.31, 891, 512, 21235.16, 57447, 54362
1695449775, 0, 0, 63, 0, 0, 22440.23, 2, 0, 0, 0.21, 892, 514, 21235.16, 57447, 54362
1695449787, 0, 0, 63, 0, 0, 22440.23, 2, 0, 0, 0.16, 893, 515, 21235.16, 57447, 54362
1695449788, 0, 0, 63, 0, 0, 22440.23, 2, 0, 0, 22.58, 895, 520, 21235.16, 57447, 54362
1695449788, 0, 0, 63, 0, 0, 22440.23, 2, 0, 0, 19.80, 897, 524, 21235.16, 57447, 54362
1695449788, 0, 0, 63, 0, 0, 22440.23, 2, 0, 0, 22.08, 901, 527, 21235.16, 57447, 54362
1695449801, 0, 0, 63, 0, 0, 22440.23, 2, 0, 0, 0.08, 902, 527, 21235.16, 57447, 54362
1695449815, 0, 0, 63, 0, 0, 22440.23, 2, 0, 0, 0.30, 906, 527, 21235.16, 57447, 54362
1695449815, 0, 0, 63, 0, 0, 22440.23, 2, 0, 0, 18.58, 909, 530, 21235.16, 57447, 54362
1695449839, 0, 0, 64, 0, 0, 22441.02, 2, 0, 0, 0.25, 912, 533, 21235.94, 57449, 54364
1695449852, 0, 0, 64, 0, 0, 22441.02, 2, 0, 0, 0.08, 913, 533, 21235.94, 57449, 54364
1695449852, 0, 0, 64, 0, 0, 22441.02, 2, 0, 0, 11.33, 916, 534, 21235.94, 57449, 54364
1695449853, 0, 0, 64, 0, 0, 22441.02, 2, 0, 0, 9.68, 917, 536, 21235.94, 57449, 54364
1695449853, 0, 0, 64, 0, 0, 22441.02, 2, 0, 0, 7.14, 919, 537, 21235.94, 57449, 54364
1695449854, 0, 0, 64, 0, 0, 22441.02, 2, 0, 0, 14.45, 922, 539, 21235.94, 57449, 54364
1695449854, 0, 0, 64, 0, 0, 22441.02, 2, 0, 0, 19.35, 927, 540, 21235.94, 57449, 54364
1695449867, 0, 0, 64, 0, 0, 22441.02, 2, 0, 0, 0.30, 930, 541, 21235.94, 57449, 54364
1695449881, 0, 0, 64, 0, 0, 22441.02, 2, 0, 0, 0.07, 931, 541, 21235.94, 57449, 54364
1695449881, 0, 0, 64, 0, 0, 22441.02, 2, 0, 0, 15.08, 937, 541, 21235.94, 57449, 54364
1695449894, 0, 0, 64, 0, 0, 22441.02, 2, 0, 0, 0.08, 938, 541, 21235.94, 57449, 54364
1695449907, 0, 0, 64, 0, 0, 22441.02, 2, 0, 0, 0.15, 939, 542, 21235.94, 57449, 54364
1695449920, 0, 0, 65, 0, 0, 22441.80, 2, 0, 0, 0.08, 940, 542, 21236.72, 57451, 54366
1695449921, 0, 0, 65, 0, 0, 22441.80, 2, 0, 0, 7.63, 942, 544, 21236.72, 57451, 54366
1695449921, 0, 0, 65, 0, 0, 22441.80, 2, 0, 0, 24.10, 949, 545, 21236.72, 57451, 54366
1695449921, 0, 0, 65, 0, 0, 22441.80, 2, 0, 0, 19.13, 953, 548, 21236.72, 57451, 54366
1695449922, 0, 0, 65, 0, 0, 22441.80, 2, 0, 0, 19.48, 956, 551, 21236.72, 57451, 54366
1695449922, 0, 0, 65, 0, 0, 22441.80, 2, 0, 0, 19.87, 959, 554, 21236.72, 57451, 54366
1695449922, 0, 0, 65, 0, 0, 22441.80, 2, 0, 0, 25.89, 964, 557, 21236.72, 57451, 54366
1695449935, 0, 0, 65, 0, 0, 22441.80, 2, 0, 0, 0.15, 966, 557, 21236.72, 57451, 54366
1695449936, 0, 0, 65, 0, 0, 22441.80, 2, 0, 0, 7.56, 968, 558, 21236.72, 57451, 54366
1695449936, 0, 0, 65, 0, 0, 22441.80, 2, 0, 0, 9.28, 970, 560, 21236.72, 57451, 54366
1695449936, 0, 0, 65, 0, 0, 22441.80, 2, 0, 0, 11.87, 974, 560, 21236.72, 57451, 54366
1695449954, 0, 0, 65, 0, 0, 22441.80, 2, 0, 0, 0.12, 976, 560, 21236.72, 57451, 54366
1695449965, 0, 0, 65, 0, 0, 22441.80, 2, 0, 0, 0.26, 978, 561, 21236.72, 57451, 54366
1695449965, 0, 0, 65, 0, 0, 22441.80, 2, 0, 0, 24.02, 982, 565, 21236.72, 57451, 54366
1695449977, 0, 0, 65, 0, 0, 22441.80, 2, 0, 0, 0.25, 984, 566, 21236.72, 57451, 54366
1695450023, 0, 0, 65, 0, 0, 22441.80, 2, 0, 0, 0.04, 986, 566, 21236.72, 57451, 54366
1695450035, 0, 0, 65, 0, 0, 22441.80, 2, 0, 0, 0.16, 988, 566, 21236.72, 57451, 54366
1695450048, 0, 0, 65, 0, 0, 22441.80, 2, 0, 0, 0.08, 989, 566, 21236.72, 57451, 54366
1695450048, 0, 0, 65, 0, 0, 22441.80, 2, 0, 0, 12.20, 992, 567, 21236.72, 57451, 54366
1695450049, 0, 0, 65, 0, 0, 22441.80, 2, 0, 0, 22.58, 996, 570, 21236.72, 57451, 54366
1695450061, 0, 0, 65, 0, 0, 22441.80, 2, 0, 0, 0.40, 998, 573, 21236.72, 57451, 54366
1695450062, 0, 0, 65, 0, 0, 22441.80, 2, 0, 0, 8.98, 1001, 573, 21236.72, 57451, 54366
1695450075, 0, 0, 65, 0, 0, 22441.80, 2, 0, 0, 0.45, 1007, 573, 21236.72, 57451, 54366
1695450089, 0, 0, 65, 0, 0, 22441.80, 2, 0, 0, 0.34, 1011, 574, 21236.72, 57451, 54366
1695450108, 0, 0, 65, 0, 0, 22441.80, 2, 0, 0, 0.26, 1014, 576, 21236.72, 57451, 54366
1695450121, 0, 0, 65, 0, 0, 22441.80, 2, 0, 0, 0.23, 1015, 578, 21236.72, 57451, 54366
1695450138, 0, 0, 65, 0, 0, 22441.80, 2, 0, 0, 0.06, 1016, 578, 21236.72, 57451, 54366
1695450138, 0, 0, 65, 0, 0, 22441.80, 2, 0, 0, 12.16, 1019, 579, 21236.72, 57451, 54366
1695450151, 0, 0, 65, 0, 0, 22441.80, 2, 0, 0, 0.08, 1020, 579, 21236.72, 57451, 54366
1695450165, 0, 0, 65, 0, 0, 22441.80, 2, 0, 0, 0.37, 1022, 582, 21236.72, 57451, 54366
1695450166, 0, 0, 65, 0, 0, 22441.80, 2, 0, 0, 12.29, 1025, 584, 21236.72, 57451, 54366
1695450179, 0, 0, 65, 0, 0, 22441.80, 2, 0, 0, 0.08, 1026, 584, 21236.72, 57451, 54366
1695450179, 0, 0, 65, 0, 0, 22441.80, 2, 0, 0, 15.24, 1029, 586, 21236.72, 57451, 54366
1695450192, 0, 0, 65, 0, 0, 22441.80, 2, 0, 0, 0.31, 1032, 587, 21236.72, 57451, 54366
1695450193, 0, 0, 65, 0, 0, 22441.80, 2, 0, 0, 15.34, 1035, 589, 21236.72, 57451, 54366
1695450207, 0, 0, 65, 0, 0, 22441.80, 2, 0, 0, 0.27, 1039, 589, 21236.72, 57451, 54366
1695450208, 0, 0, 65, 0, 0, 22441.80, 2, 0, 0, 11.82, 1043, 590, 21236.72, 57451, 54366
1695450226, 0, 0, 65, 0, 0, 22441.80, 2, 0, 0, 0.28, 1047, 591, 21236.72, 57451, 54366
1695450226, 0, 0, 65, 0, 0, 22441.80, 2, 0, 0, 15.67, 1050, 593, 21236.72, 57451, 54366
1695450239, 0, 0, 65, 0, 0, 22441.80, 2, 0, 0, 0.16, 1052, 593, 21236.72, 57451, 54366
1695450239, 0, 0, 65, 0, 0, 22441.80, 2, 0, 0, 22.08, 1056, 596, 21236.72, 57451, 54366
1695450239, 0, 0, 65, 0, 0, 22441.80, 2, 0, 0, 12.66, 1057, 599, 21236.72, 57451, 54366
1695450240, 0, 0, 65, 0, 0, 22441.80, 2, 0, 0, 13.70, 1058, 603, 21236.72, 57451, 54366
1695450240, 0, 0, 65, 0, 0, 22441.80, 2, 0, 0, 8.67, 1060, 604, 21236.72, 57451, 54366
1695450255, 0, 0, 65, 0, 0, 22441.80, 2, 0, 0, 0.34, 1064, 605, 21236.72, 57451, 54366
1695450268, 0, 0, 65, 0, 0, 22441.80, 2, 0, 0, 0.07, 1065, 605, 21236.72, 57451, 54366
1695450269, 0, 0, 65, 0, 0, 22441.80, 2, 0, 0, 21.67, 1069, 608, 21236.72, 57451, 54366
1695450282, 0, 0, 65, 0, 0, 22441.80, 2, 0, 0, 0.15, 1070, 609, 21236.72, 57451, 54366
1695450296, 0, 0, 65, 0, 0, 22441.80, 2, 0, 0, 0.07, 1071, 609, 21236.72, 57451, 54366
1695450297, 0, 0, 65, 0, 0, 22441.80, 2, 0, 0, 12.16, 1074, 610, 21236.72, 57451, 54366
1695450310, 0, 0, 65, 0, 0, 22441.80, 2, 0, 0, 0.37, 1077, 612, 21236.72, 57451, 54366
1695450310, 0, 0, 65, 0, 0, 22441.80, 2, 0, 0, 12.12, 1079, 614, 21236.72, 57451, 54366
1695450311, 0, 0, 65, 0, 0, 22441.80, 2, 0, 0, 12.74, 1083, 616, 21236.72, 57451, 54366
1695450311, 0, 0, 65, 0, 0, 22441.80, 2, 0, 0, 17.75, 1084, 621, 21236.72, 57451, 54366
1695450325, 0, 0, 65, 0, 0, 22441.80, 2, 0, 0, 0.14, 1085, 622, 21236.72, 57451, 54366
1695450338, 0, 0, 65, 0, 0, 22441.80, 2, 0, 0, 0.47, 1089, 624, 21236.72, 57451, 54366
1695450338, 0, 0, 65, 0, 0, 22441.80, 2, 0, 0, 9.55, 1092, 624, 21236.72, 57451, 54366
1695450351, 0, 0, 65, 0, 0, 22441.80, 2, 0, 0, 0.08, 1093, 624, 21236.72, 57451, 54366
1695450363, 0, 0, 65, 0, 0, 22441.80, 2, 0, 0, 0.16, 1095, 624, 21236.72, 57451, 54366
1695450363, 0, 0, 65, 0, 0, 22441.80, 2, 0, 0, 18.75, 1098, 627, 21236.72, 57451, 54366
1695450364, 0, 0, 65, 0, 0, 22441.80, 2, 0, 0, 6.54, 1100, 627, 21236.72, 57451, 54366
1695450364, 0, 0, 65, 0, 0, 22441.80, 2, 0, 0, 13.70, 1104, 628, 21236.72, 57451, 54366
1695450364, 0, 0, 65, 0, 0, 22441.80, 2, 0, 0, 12.20, 1105, 631, 21236.72, 57451, 54366
1695450365, 0, 0, 65, 0, 0, 22441.80, 2, 0, 0, 18.46, 1108, 634, 21236.72, 57451, 54366
1695450378, 0, 0, 65, 0, 0, 22441.80, 2, 0, 0, 0.23, 1110, 635, 21236.72, 57451, 54366
1695450378, 0, 0, 65, 0, 0, 22441.80, 2, 0, 0, 14.20, 1112, 638, 21236.72, 57451, 54366
1695450379, 0, 0, 65, 0, 0, 22441.80, 2, 0, 0, 8.85, 1114, 639, 21236.72, 57451, 54366
1695450379, 0, 0, 65, 0, 0, 22441.80, 2, 0, 0, 11.57, 1116, 642, 21236.72, 57451, 54366
1695450379, 0, 0, 65, 0, 0, 22441.80, 2, 0, 0, 12.90, 1119, 643, 21236.72, 57451, 54366
1695450393, 0, 0, 65, 0, 0, 22441.80, 2, 0, 0, 0.30, 1122, 644, 21236.72, 57451, 54366
1695450393, 0, 0, 65, 0, 0, 22441.80, 2, 0, 0, 6.58, 1122, 646, 21236.72, 57451, 54366
1695450406, 0, 0, 65, 0, 0, 22441.80, 2, 0, 0, 0.16, 1124, 646, 21236.72, 57451, 54366
1695450419, 0, 0, 65, 0, 0, 22441.80, 2, 0, 0, 0.07, 1125, 646, 21236.72, 57451, 54366
1695450420, 0, 0, 65, 0, 0, 22441.80, 2, 0, 0, 18.99, 1128, 649, 21236.72, 57451, 54366
1695450420, 0, 0, 65, 0, 0, 22441.80, 2, 0, 0, 8.50, 1130, 650, 21236.72, 57451, 54366
1695450420, 0, 0, 65, 0, 0, 22441.80, 2, 0, 0, 19.29, 1133, 653, 21236.72, 57451, 54366
1695450435, 0, 0, 65, 0, 0, 22441.80, 2, 0, 0, 0.07, 1134, 653, 21236.72, 57451, 54366
1695450449, 0, 0, 65, 0, 0, 22441.80, 2, 0, 0, 0.36, 1138, 654, 21236.72, 57451, 54366
1695450462, 0, 0, 65, 0, 0, 22441.80, 2, 0, 0, 0.15, 1139, 655, 21236.72, 57451, 54366
1695450477, 0, 0, 65, 0, 0, 22441.80, 2, 0, 0, 0.13, 1140, 656, 21236.72, 57451, 54366
1695450493, 0, 0, 65, 0, 0, 22441.80, 2, 0, 0, 0.19, 1142, 657, 21236.72, 57451, 54366
1695450493, 0, 0, 65, 0, 0, 22441.80, 2, 0, 0, 6.25, 1144, 657, 21236.72, 57451, 54366
1695450493, 0, 0, 65, 0, 0, 22441.80, 2, 0, 0, 11.06, 1147, 659, 21236.72, 57451, 54366
1695450494, 0, 0, 65, 0, 0, 22441.80, 2, 0, 0, 11.94, 1149, 661, 21236.72, 57451, 54366
1695450494, 0, 0, 65, 0, 0, 22441.80, 2, 0, 0, 17.70, 1151, 665, 21236.72, 57451, 54366
1695450507, 0, 0, 65, 0, 0, 22441.80, 2, 0, 0, 0.45, 1154, 668, 21236.72, 57451, 54366
1695450522, 0, 0, 65, 0, 0, 22441.80, 2, 0, 0, 0.13, 1156, 668, 21236.72, 57451, 54366
1695450523, 0, 0, 65, 0, 0, 22441.80, 2, 0, 0, 15.34, 1158, 671, 21236.72, 57451, 54366
1695450523, 0, 0, 65, 0, 0, 22441.80, 2, 0, 0, 8.29, 1161, 671, 21236.72, 57451, 54366
1695450524, 0, 0, 65, 0, 0, 22441.80, 2, 0, 0, 9.73, 1165, 671, 21236.72, 57451, 54366
1695450524, 0, 0, 65, 0, 0, 22441.80, 2, 0, 0, 12.70, 1167, 673, 21236.72, 57451, 54366
1695450524, 0, 0, 65, 0, 0, 22441.80, 2, 0, 0, 14.25, 1171, 675, 21236.72, 57451, 54366
1695450536, 0, 0, 65, 0, 0, 22441.80, 2, 0, 0, 0.08, 1172, 675, 21236.72, 57451, 54366
1695450537, 0, 0, 65, 0, 0, 22441.80, 2, 0, 0, 9.71, 1174, 676, 21236.72, 57451, 54366
1695450537, 0, 0, 65, 0, 0, 22441.80, 2, 0, 0, 9.93, 1177, 676, 21236.72, 57451, 54366
1695450538, 0, 0, 65, 0, 0, 22441.80, 2, 0, 0, 6.77, 1180, 676, 21236.72, 57451, 54366
1695450538, 0, 0, 65, 0, 0, 22441.80, 2, 0, 0, 14.88, 1181, 680, 21236.72, 57451, 54366
1695450538, 0, 0, 65, 0, 0, 22441.80, 2, 0, 0, 13.33, 1183, 683, 21236.72, 57451, 54366
1695450539, 0, 0, 65, 0, 0, 22441.80, 2, 0, 0, 13.73, 1185, 687, 21236.72, 57451, 54366
1695450539, 0, 0, 65, 0, 0, 22441.80, 2, 0, 0, 16.50, 1188, 689, 21236.72, 57451, 54366
1695450539, 0, 0, 65, 0, 0, 22441.80, 2, 0, 0, 9.20, 1191, 690, 21236.72, 57451, 54366
1695450552, 0, 0, 65, 0, 0, 22441.80, 2, 0, 0, 0.24, 1194, 690, 21236.72, 57451, 54366
1695450552, 0, 0, 65, 0, 0, 22441.80, 2, 0, 0, 13.02, 1198, 691, 21236.72, 57451, 54366
1695450565, 0, 0, 65, 0, 0, 22441.80, 2, 0, 0, 0.23, 1199, 693, 21236.72, 57451, 54366
1695450566, 0, 0, 65, 0, 0, 22441.80, 2, 0, 0, 6.31, 1201, 693, 21236.72, 57451, 54366
1695450580, 0, 0, 65, 0, 0, 22441.80, 2, 0, 0, 0.34, 1205, 694, 21236.72, 57451, 54366
1695450581, 0, 0, 65, 0, 0, 22441.80, 2, 0, 0, 9.28, 1209, 694, 21236.72, 57451, 54366
1695450581, 0, 0, 65, 0, 0, 22441.80, 2, 0, 0, 9.20, 1212, 695, 21236.72, 57451, 54366
1695450582, 0, 0, 65, 0, 0, 22441.80, 2, 0, 0, 7.18, 1214, 696, 21236.72, 57451, 54366
1695450582, 0, 0, 65, 0, 0, 22441.80, 2, 0, 0, 8.65, 1216, 697, 21236.72, 57451, 54366
1695450582, 0, 0, 65, 0, 0, 22441.80, 2, 0, 0, 8.79, 1219, 698, 21236.72, 57451, 54366
1695450583, 0, 0, 65, 0, 0, 22441.80, 2, 0, 0, 16.50, 1221, 701, 21236.72, 57451, 54366
1695450583, 0, 0, 65, 0, 0, 22441.80, 2, 0, 0, 17.54, 1222, 706, 21236.72, 57451, 54366
1695450597, 0, 0, 65, 0, 0, 22441.80, 2, 0, 0, 0.15, 1223, 707, 21236.72, 57451, 54366
1695450611, 0, 0, 65, 0, 0, 22441.80, 2, 0, 0, 0.21, 1224, 709, 21236.72, 57451, 54366
1695450643, 0, 0, 65, 0, 0, 22441.80, 2, 0, 0, 0.03, 1225, 709, 21236.72, 57451, 54366
1695450643, 0, 0, 65, 0, 0, 22441.80, 2, 0, 0, 12.78, 1228, 710, 21236.72, 57451, 54366
1695450643, 0, 0, 65, 0, 0, 22441.80, 2, 0, 0, 11.56, 1232, 710, 21236.72, 57451, 54366
1695450644, 0, 0, 65, 0, 0, 22441.80, 2, 0, 0, 4.25, 1234, 710, 21236.72, 57451, 54366
1695450644, 0, 0, 65, 0, 0, 22441.80, 2, 0, 0, 7.92, 1236, 711, 21236.72, 57451, 54366
1695450644, 0, 0, 65, 0, 0, 22441.80, 2, 0, 0, 9.06, 1238, 712, 21236.72, 57451, 54366
1695450645, 0, 0, 65, 0, 0, 22441.80, 2, 0, 0, 11.05, 1241, 713, 21236.72, 57451, 54366
1695450645, 0, 0, 65, 0, 0, 22441.80, 2, 0, 0, 16.29, 1244, 715, 21236.72, 57451, 54366
1695450646, 0, 0, 65, 0, 0, 22441.80, 2, 0, 0, 10.26, 1245, 718, 21236.72, 57451, 54366
1695450646, 0, 0, 65, 0, 0, 22441.80, 2, 0, 0, 11.43, 1246, 721, 21236.72, 57451, 54366
1695450661, 0, 0, 66, 0, 0, 22442.19, 2, 0, 0, 0.07, 1247, 721, 21237.11, 57452, 54367
1695450675, 0, 0, 66, 0, 0, 22442.19, 2, 0, 0, 0.14, 1248, 722, 21237.11, 57452, 54367
1695450675, 0, 0, 66, 0, 0, 22442.19, 2, 0, 0, 16.29, 1249, 726, 21237.11, 57452, 54367
1695450689, 0, 0, 67, 0, 0, 22442.58, 2, 0, 0, 0.15, 1251, 726, 21237.50, 57453, 54368
1695450689, 0, 0, 67, 0, 0, 22442.58, 2, 0, 0, 11.86, 1255, 728, 21237.50, 57453, 54368
1695450702, 0, 0, 67, 0, 0, 22442.58, 2, 0, 0, 0.31, 1258, 729, 21237.50, 57453, 54368
1695450721, 0, 0, 67, 0, 0, 22442.58, 2, 0, 0, 0.05, 1259, 729, 21237.50, 57453, 54368
1695450721, 0, 0, 67, 0, 0, 22442.58, 2, 0, 0, 0.00, 1259, 729, 21237.50, 57453, 54368
