# unix_time, cycles_done, cur_path, paths_total, pending_total, pending_favs, map_size, unique_crashes, unique_hangs, max_depth, execs_per_sec, valid_inputs, invalid_inputs, valid_cov, all_covered_probes, valid_covered_probes
1693430383, 0, 0, 1, 0, 0, 2527.34, 0, 0, 0, 0.04, 0, 1, 0.00, 6470, 0
1693430407, 0, 0, 2, 0, 0, 2588.67, 0, 0, 0, 0.04, 0, 2, 0.00, 6627, 0
1693430430, 0, 0, 3, 0, 0, 2590.63, 0, 0, 0, 0.04, 0, 3, 0.00, 6632, 0
1693430452, 0, 0, 3, 0, 0, 2590.63, 0, 0, 0, 0.05, 0, 4, 0.00, 6632, 0
1693430476, 0, 0, 4, 0, 0, 2591.80, 0, 0, 0, 0.04, 0, 5, 0.00, 6635, 0
1693430496, 0, 0, 4, 0, 0, 2591.80, 0, 0, 0, 0.05, 0, 6, 0.00, 6635, 0
1693430516, 0, 0, 4, 0, 0, 2591.80, 0, 0, 0, 0.05, 0, 7, 0.00, 6635, 0
1693430537, 0, 0, 4, 0, 0, 2591.80, 0, 0, 0, 0.05, 0, 8, 0.00, 6635, 0
1693430559, 0, 0, 4, 0, 0, 2591.80, 0, 0, 0, 0.05, 0, 9, 0.00, 6635, 0
1693430580, 0, 0, 4, 0, 0, 2591.80, 0, 0, 0, 0.05, 0, 10, 0.00, 6635, 0
1693430598, 0, 0, 4, 0, 0, 2591.80, 0, 0, 0, 0.06, 0, 11, 0.00, 6635, 0
1693430612, 0, 0, 4, 0, 0, 2591.80, 0, 0, 0, 0.08, 0, 12, 0.00, 6635, 0
1693430624, 0, 0, 4, 0, 0, 2591.80, 0, 0, 0, 0.08, 0, 13, 0.00, 6635, 0
1693430635, 0, 0, 4, 0, 0, 2591.80, 0, 0, 0, 0.09, 0, 14, 0.00, 6635, 0
1693430647, 0, 0, 4, 0, 0, 2591.80, 0, 0, 0, 0.08, 0, 15, 0.00, 6635, 0
1693430660, 0, 0, 4, 0, 0, 2591.80, 0, 0, 0, 0.08, 0, 16, 0.00, 6635, 0
1693430672, 0, 0, 4, 0, 0, 2591.80, 0, 0, 0, 0.08, 0, 17, 0.00, 6635, 0
1693430684, 0, 0, 4, 0, 0, 2591.80, 0, 0, 0, 0.08, 0, 18, 0.00, 6635, 0
1693430696, 0, 0, 4, 0, 0, 2591.80, 0, 0, 0, 0.08, 0, 19, 0.00, 6635, 0
1693430708, 0, 0, 4, 0, 0, 2591.80, 0, 0, 0, 0.08, 0, 20, 0.00, 6635, 0
1693430721, 0, 0, 4, 0, 0, 2591.80, 0, 0, 0, 0.08, 0, 21, 0.00, 6635, 0
1693430733, 0, 0, 4, 0, 0, 2591.80, 0, 0, 0, 0.08, 0, 22, 0.00, 6635, 0
1693430745, 0, 0, 4, 0, 0, 2591.80, 0, 0, 0, 0.08, 0, 23, 0.00, 6635, 0
1693430757, 0, 0, 4, 0, 0, 2591.80, 0, 0, 0, 0.08, 0, 24, 0.00, 6635, 0
1693430769, 0, 0, 4, 0, 0, 2591.80, 0, 0, 0, 0.08, 0, 25, 0.00, 6635, 0
1693430781, 0, 0, 4, 0, 0, 2591.80, 0, 0, 0, 0.08, 0, 26, 0.00, 6635, 0
1693430793, 0, 0, 4, 0, 0, 2591.80, 0, 0, 0, 0.09, 0, 27, 0.00, 6635, 0
1693430804, 0, 0, 4, 0, 0, 2591.80, 0, 0, 0, 0.09, 0, 28, 0.00, 6635, 0
1693430815, 0, 0, 4, 0, 0, 2591.80, 0, 0, 0, 0.09, 0, 29, 0.00, 6635, 0
1693430828, 0, 0, 4, 0, 0, 2591.80, 0, 0, 0, 0.08, 0, 30, 0.00, 6635, 0
1693430842, 0, 0, 4, 0, 0, 2591.80, 0, 0, 0, 0.07, 0, 31, 0.00, 6635, 0
1693430855, 0, 0, 4, 0, 0, 2591.80, 0, 0, 0, 0.08, 0, 32, 0.00, 6635, 0
1693430868, 0, 0, 4, 0, 0, 2591.80, 0, 0, 0, 0.08, 0, 33, 0.00, 6635, 0
1693430874, 0, 0, 5, 0, 0, 2592.19, 0, 0, 0, 0.17, 0, 34, 0.00, 6636, 0
