# unix_time, cycles_done, cur_path, paths_total, pending_total, pending_favs, map_size, unique_crashes, unique_hangs, max_depth, execs_per_sec, valid_inputs, invalid_inputs, valid_cov, all_covered_probes, valid_covered_probes
1695252142, 0, 0, 1, 0, 0, 981.25, 0, 0, 0, 0.51, 0, 1, 0.00, 2512, 0
1695252157, 0, 0, 5, 0, 0, 1098.05, 1, 0, 0, 0.53, 2, 7, 487.11, 2811, 1247
1695252157, 0, 0, 9, 0, 0, 1439.84, 1, 0, 0, 27.61, 7, 11, 918.75, 3686, 2352
1695252164, 0, 0, 11, 0, 0, 6387.11, 1, 0, 0, 0.90, 11, 13, 5881.64, 16351, 15057
1695252170, 0, 0, 13, 0, 0, 6420.70, 1, 0, 0, 1.27, 15, 17, 5889.84, 16437, 15078
1695252174, 0, 0, 15, 0, 0, 6490.63, 1, 0, 0, 1.47, 21, 17, 5959.77, 16616, 15257
1695252178, 0, 0, 15, 0, 0, 6490.63, 2, 0, 0, 2.22, 24, 22, 5959.77, 16616, 15257
1695252178, 0, 0, 15, 0, 0, 6490.63, 2, 0, 0, 36.30, 31, 26, 5959.77, 16616, 15257
1695252182, 0, 0, 18, 0, 0, 6690.23, 2, 0, 0, 0.87, 33, 28, 6088.67, 17127, 15587
1695252187, 0, 0, 19, 0, 0, 6696.88, 2, 0, 0, 0.24, 34, 28, 6095.31, 17144, 15604
1695252190, 0, 0, 19, 0, 0, 6696.88, 2, 0, 0, 3.19, 42, 32, 6095.31, 17144, 15604
1695252194, 0, 0, 22, 0, 0, 6714.45, 2, 0, 0, 7.72, 60, 43, 6107.03, 17189, 15634
1695252194, 0, 0, 22, 0, 0, 6714.45, 2, 0, 0, 16.13, 65, 43, 6107.03, 17189, 15634
1695252211, 0, 0, 23, 0, 0, 6754.69, 2, 0, 0, 0.24, 67, 45, 6147.27, 17292, 15737
1695252214, 0, 0, 24, 0, 0, 6761.33, 2, 0, 0, 7.62, 80, 57, 6153.91, 17309, 15754
1695252219, 0, 0, 25, 0, 0, 6764.45, 2, 0, 0, 0.47, 81, 58, 6157.03, 17317, 15762
1695252221, 0, 0, 25, 0, 0, 6764.45, 2, 0, 0, 5.13, 90, 63, 6157.03, 17317, 15762
1695252225, 0, 0, 25, 0, 0, 6764.45, 2, 0, 0, 4.14, 98, 70, 6157.03, 17317, 15762
1695252227, 0, 0, 25, 0, 0, 6764.45, 2, 0, 0, 2.20, 100, 73, 6157.03, 17317, 15762
1695252237, 0, 0, 25, 0, 0, 6764.45, 2, 0, 0, 0.11, 101, 73, 6157.03, 17317, 15762
1695252240, 0, 0, 25, 0, 0, 6764.45, 2, 0, 0, 0.54, 102, 74, 6157.03, 17317, 15762
1695252244, 0, 0, 26, 0, 0, 6764.84, 2, 0, 0, 2.52, 108, 78, 6157.42, 17318, 15763
1695252247, 0, 0, 26, 0, 0, 6764.84, 2, 0, 0, 1.87, 111, 81, 6157.42, 17318, 15763
1695252253, 0, 0, 26, 0, 0, 6764.84, 2, 0, 0, 0.39, 112, 82, 6157.42, 17318, 15763
1695252256, 0, 0, 26, 0, 0, 6764.84, 2, 0, 0, 0.27, 113, 82, 6157.42, 17318, 15763
1695252259, 0, 0, 26, 0, 0, 6764.84, 2, 0, 0, 4.61, 122, 84, 6157.42, 17318, 15763
1695252264, 0, 0, 26, 0, 0, 6764.84, 2, 0, 0, 0.52, 124, 85, 6157.42, 17318, 15763
1695252268, 0, 0, 26, 0, 0, 6764.84, 2, 0, 0, 0.60, 126, 85, 6157.42, 17318, 15763
1695252281, 0, 0, 27, 0, 0, 6791.80, 2, 0, 0, 1.55, 137, 94, 6184.38, 17387, 15832
1695252283, 0, 0, 27, 0, 0, 6791.80, 2, 0, 0, 1.92, 140, 96, 6184.38, 17387, 15832
1695252286, 0, 0, 27, 0, 0, 6791.80, 2, 0, 0, 1.40, 142, 98, 6184.38, 17387, 15832
1695252289, 0, 0, 27, 0, 0, 6791.80, 2, 0, 0, 2.41, 148, 99, 6184.38, 17387, 15832
1695252291, 0, 0, 27, 0, 0, 6791.80, 2, 0, 0, 2.34, 151, 101, 6184.38, 17387, 15832
1695252295, 0, 0, 27, 0, 0, 6791.80, 2, 0, 0, 1.81, 156, 102, 6184.38, 17387, 15832
1695252297, 0, 0, 27, 0, 0, 6791.80, 2, 0, 0, 0.35, 157, 102, 6184.38, 17387, 15832
1695252301, 0, 0, 27, 0, 0, 6791.80, 2, 0, 0, 1.64, 161, 104, 6184.38, 17387, 15832
1695252304, 0, 0, 27, 0, 0, 6791.80, 2, 0, 0, 1.19, 164, 105, 6184.38, 17387, 15832
1695252307, 0, 0, 27, 0, 0, 6791.80, 2, 0, 0, 1.11, 167, 105, 6184.38, 17387, 15832
1695252311, 0, 0, 27, 0, 0, 6791.80, 2, 0, 0, 0.46, 169, 105, 6184.38, 17387, 15832
1695252314, 0, 0, 27, 0, 0, 6791.80, 2, 0, 0, 5.63, 178, 108, 6184.38, 17387, 15832
1695252317, 0, 0, 27, 0, 0, 6791.80, 2, 0, 0, 8.30, 196, 121, 6184.38, 17387, 15832
1695252320, 0, 0, 27, 0, 0, 6791.80, 2, 0, 0, 6.63, 207, 126, 6184.38, 17387, 15832
1695252323, 0, 0, 27, 0, 0, 6791.80, 2, 0, 0, 1.10, 209, 128, 6184.38, 17387, 15832
1695252326, 0, 0, 27, 0, 0, 6791.80, 2, 0, 0, 3.53, 217, 131, 6184.38, 17387, 15832
1695252329, 0, 0, 27, 0, 0, 6791.80, 2, 0, 0, 2.26, 222, 132, 6184.38, 17387, 15832
1695252333, 0, 0, 27, 0, 0, 6791.80, 2, 0, 0, 0.28, 223, 132, 6184.38, 17387, 15832
1695252335, 0, 0, 27, 0, 0, 6791.80, 2, 0, 0, 1.51, 224, 134, 6184.38, 17387, 15832
1695252338, 0, 0, 27, 0, 0, 6791.80, 2, 0, 0, 1.83, 228, 136, 6184.38, 17387, 15832
1695252341, 0, 0, 27, 0, 0, 6791.80, 2, 0, 0, 0.35, 229, 136, 6184.38, 17387, 15832
1695252345, 0, 0, 27, 0, 0, 6791.80, 2, 0, 0, 0.27, 230, 136, 6184.38, 17387, 15832
1695252348, 0, 0, 27, 0, 0, 6791.80, 2, 0, 0, 0.91, 233, 136, 6184.38, 17387, 15832
1695252350, 0, 0, 27, 0, 0, 6791.80, 2, 0, 0, 3.21, 240, 137, 6184.38, 17387, 15832
1695252353, 0, 0, 27, 0, 0, 6791.80, 2, 0, 0, 1.73, 242, 140, 6184.38, 17387, 15832
1695252356, 0, 0, 27, 0, 0, 6791.80, 2, 0, 0, 3.45, 248, 143, 6184.38, 17387, 15832
1695252362, 0, 0, 27, 0, 0, 6791.80, 2, 0, 0, 0.31, 249, 144, 6184.38, 17387, 15832
1695252365, 0, 0, 27, 0, 0, 6791.80, 2, 0, 0, 1.54, 250, 147, 6184.38, 17387, 15832
1695252368, 0, 0, 27, 0, 0, 6791.80, 2, 0, 0, 4.60, 257, 155, 6184.38, 17387, 15832
1695252372, 0, 0, 27, 0, 0, 6791.80, 2, 0, 0, 1.21, 259, 157, 6184.38, 17387, 15832
1695252374, 0, 0, 27, 0, 0, 6791.80, 2, 0, 0, 1.31, 261, 158, 6184.38, 17387, 15832
1695252378, 0, 0, 27, 0, 0, 6791.80, 2, 0, 0, 2.01, 266, 161, 6184.38, 17387, 15832
1695252381, 0, 0, 27, 0, 0, 6791.80, 2, 0, 0, 0.59, 268, 161, 6184.38, 17387, 15832
1695252384, 0, 0, 27, 0, 0, 6791.80, 2, 0, 0, 3.74, 274, 164, 6184.38, 17387, 15832
1695252389, 0, 0, 27, 0, 0, 6791.80, 2, 0, 0, 1.40, 278, 167, 6184.38, 17387, 15832
1695252391, 0, 0, 27, 0, 0, 6791.80, 2, 0, 0, 2.22, 282, 168, 6184.38, 17387, 15832
1695252394, 0, 0, 27, 0, 0, 6791.80, 2, 0, 0, 2.06, 287, 170, 6184.38, 17387, 15832
1695252398, 0, 0, 27, 0, 0, 6791.80, 2, 0, 0, 1.96, 291, 173, 6184.38, 17387, 15832
1695252400, 0, 0, 27, 0, 0, 6791.80, 3, 0, 0, 3.86, 297, 177, 6184.38, 17387, 15832
1695252407, 0, 0, 27, 0, 0, 6791.80, 3, 0, 0, 0.64, 301, 177, 6184.38, 17387, 15832
1695252414, 0, 0, 27, 0, 0, 6791.80, 3, 0, 0, 0.78, 307, 177, 6184.38, 17387, 15832
1695252417, 0, 0, 27, 0, 0, 6791.80, 3, 0, 0, 2.92, 311, 181, 6184.38, 17387, 15832
1695252419, 0, 0, 27, 0, 0, 6791.80, 3, 0, 0, 3.23, 313, 185, 6184.38, 17387, 15832
1695252422, 0, 0, 27, 0, 0, 6791.80, 3, 0, 0, 2.40, 317, 189, 6184.38, 17387, 15832
1695252434, 0, 0, 27, 0, 0, 6791.80, 3, 0, 0, 0.70, 321, 193, 6184.38, 17387, 15832
1695252459, 0, 0, 28, 0, 0, 6807.42, 3, 0, 0, 0.27, 324, 197, 6200.00, 17427, 15872
1695252463, 0, 0, 28, 0, 0, 6807.42, 3, 0, 0, 0.60, 326, 197, 6200.00, 17427, 15872
1695252467, 0, 0, 28, 0, 0, 6807.42, 3, 0, 0, 0.67, 329, 197, 6200.00, 17427, 15872
1695252474, 0, 0, 28, 0, 0, 6807.42, 3, 0, 0, 0.14, 330, 197, 6200.00, 17427, 15872
1695252490, 0, 0, 28, 0, 0, 6807.42, 3, 0, 0, 0.83, 336, 204, 6200.00, 17427, 15872
1695252496, 0, 0, 28, 0, 0, 6807.42, 3, 0, 0, 1.65, 340, 209, 6200.00, 17427, 15872
1695252500, 0, 0, 28, 0, 0, 6807.42, 3, 0, 0, 0.95, 344, 209, 6200.00, 17427, 15872
1695252502, 0, 0, 28, 0, 0, 6807.42, 3, 0, 0, 2.89, 349, 211, 6200.00, 17427, 15872
1695252506, 0, 0, 28, 0, 0, 6807.42, 3, 0, 0, 0.29, 350, 211, 6200.00, 17427, 15872
1695252508, 0, 0, 28, 0, 0, 6807.42, 3, 0, 0, 0.38, 351, 211, 6200.00, 17427, 15872
1695252511, 0, 0, 28, 0, 0, 6807.42, 3, 0, 0, 4.05, 356, 216, 6200.00, 17427, 15872
1695252516, 0, 0, 28, 0, 0, 6807.42, 3, 0, 0, 4.40, 366, 227, 6200.00, 17427, 15872
1695252518, 0, 0, 28, 0, 0, 6807.42, 3, 0, 0, 4.98, 375, 230, 6200.00, 17427, 15872
1695252522, 0, 0, 28, 0, 0, 6807.42, 3, 0, 0, 6.47, 386, 243, 6200.00, 17427, 15872
1695252524, 0, 0, 28, 0, 0, 6807.42, 3, 0, 0, 10.29, 397, 255, 6200.00, 17427, 15872
1695252527, 0, 0, 28, 0, 0, 6807.42, 3, 0, 0, 1.68, 403, 255, 6200.00, 17427, 15872
1695252530, 0, 0, 28, 0, 0, 6807.42, 3, 0, 0, 0.78, 405, 255, 6200.00, 17427, 15872
1695252537, 0, 0, 28, 0, 0, 6807.42, 3, 0, 0, 1.68, 413, 258, 6200.00, 17427, 15872
1695252540, 0, 0, 28, 0, 0, 6807.42, 3, 0, 0, 3.73, 421, 261, 6200.00, 17427, 15872
1695252542, 0, 0, 28, 0, 0, 6807.42, 3, 0, 0, 2.24, 425, 263, 6200.00, 17427, 15872
1695252545, 0, 0, 28, 0, 0, 6807.42, 3, 0, 0, 2.05, 428, 266, 6200.00, 17427, 15872
1695252548, 0, 0, 28, 0, 0, 6807.42, 3, 0, 0, 0.91, 430, 267, 6200.00, 17427, 15872
1695252550, 0, 0, 28, 0, 0, 6807.42, 3, 0, 0, 2.47, 433, 269, 6200.00, 17427, 15872
1695252554, 0, 0, 28, 0, 0, 6807.42, 3, 0, 0, 0.82, 435, 270, 6200.00, 17427, 15872
1695252556, 0, 0, 28, 0, 0, 6807.42, 3, 0, 0, 1.68, 437, 272, 6200.00, 17427, 15872
1695252562, 0, 0, 28, 0, 0, 6807.42, 3, 0, 0, 0.53, 440, 272, 6200.00, 17427, 15872
1695252564, 0, 0, 28, 0, 0, 6807.42, 3, 0, 0, 0.51, 441, 272, 6200.00, 17427, 15872
1695252568, 0, 0, 28, 0, 0, 6807.42, 3, 0, 0, 0.28, 442, 272, 6200.00, 17427, 15872
1695252571, 0, 0, 28, 0, 0, 6807.42, 3, 0, 0, 0.60, 444, 272, 6200.00, 17427, 15872
1695252574, 0, 0, 28, 0, 0, 6807.42, 3, 0, 0, 4.00, 452, 276, 6200.00, 17427, 15872
1695252577, 0, 0, 28, 0, 0, 6807.42, 3, 0, 0, 1.89, 455, 279, 6200.00, 17427, 15872
1695252580, 0, 0, 28, 0, 0, 6807.42, 3, 0, 0, 2.80, 459, 283, 6200.00, 17427, 15872
1695252584, 0, 0, 28, 0, 0, 6807.42, 3, 0, 0, 1.27, 461, 286, 6200.00, 17427, 15872
1695252584, 0, 0, 28, 0, 0, 6807.42, 3, 0, 0, 68.85, 470, 298, 6200.00, 17427, 15872
1695252587, 0, 0, 28, 0, 0, 6807.42, 3, 0, 0, 2.26, 472, 302, 6200.00, 17427, 15872
1695252590, 0, 0, 28, 0, 0, 6807.42, 3, 0, 0, 0.67, 473, 303, 6200.00, 17427, 15872
1695252596, 0, 0, 28, 0, 0, 6807.42, 3, 0, 0, 2.71, 481, 311, 6200.00, 17427, 15872
1695252599, 0, 0, 28, 0, 0, 6807.42, 3, 0, 0, 2.28, 485, 315, 6200.00, 17427, 15872
1695252605, 0, 0, 28, 0, 0, 6807.42, 3, 0, 0, 0.70, 489, 315, 6200.00, 17427, 15872
1695252609, 0, 0, 28, 0, 0, 6807.42, 3, 0, 0, 0.57, 491, 315, 6200.00, 17427, 15872
1695252613, 0, 0, 28, 0, 0, 6807.42, 3, 0, 0, 2.93, 500, 318, 6200.00, 17427, 15872
1695252616, 0, 0, 28, 0, 0, 6807.42, 3, 0, 0, 1.71, 503, 320, 6200.00, 17427, 15872
1695252619, 0, 0, 28, 0, 0, 6807.42, 3, 0, 0, 0.61, 504, 321, 6200.00, 17427, 15872
1695252624, 0, 0, 28, 0, 0, 6807.42, 3, 0, 0, 0.38, 506, 321, 6200.00, 17427, 15872
1695252627, 0, 0, 28, 0, 0, 6807.42, 3, 0, 0, 2.42, 511, 324, 6200.00, 17427, 15872
1695252630, 0, 0, 28, 0, 0, 6807.42, 3, 0, 0, 0.33, 512, 324, 6200.00, 17427, 15872
1695252634, 0, 0, 28, 0, 0, 6807.42, 3, 0, 0, 3.55, 518, 330, 6200.00, 17427, 15872
1695252637, 0, 0, 28, 0, 0, 6807.42, 3, 0, 0, 0.33, 519, 330, 6200.00, 17427, 15872
1695252639, 0, 0, 28, 0, 0, 6807.42, 3, 0, 0, 1.91, 523, 331, 6200.00, 17427, 15872
1695252642, 0, 0, 28, 0, 0, 6807.42, 3, 0, 0, 3.13, 528, 335, 6200.00, 17427, 15872
1695252643, 0, 0, 28, 0, 0, 6807.42, 3, 0, 0, 60.00, 539, 342, 6200.00, 17427, 15872
1695252646, 0, 0, 28, 0, 0, 6807.42, 3, 0, 0, 0.99, 541, 343, 6200.00, 17427, 15872
1695252678, 0, 0, 28, 0, 0, 6807.42, 3, 0, 0, 0.06, 542, 344, 6200.00, 17427, 15872
1695252691, 0, 0, 28, 0, 0, 6807.42, 3, 0, 0, 0.39, 545, 346, 6200.00, 17427, 15872
1695252693, 0, 0, 28, 0, 0, 6807.42, 3, 0, 0, 2.67, 549, 348, 6200.00, 17427, 15872
1695252697, 0, 0, 28, 0, 0, 6807.42, 3, 0, 0, 0.55, 550, 349, 6200.00, 17427, 15872
1695252725, 0, 0, 28, 0, 0, 6807.42, 3, 0, 0, 0.07, 551, 350, 6200.00, 17427, 15872
1695252738, 0, 0, 28, 0, 0, 6807.42, 3, 0, 0, 1.08, 561, 354, 6200.00, 17427, 15872
1695252741, 0, 0, 28, 0, 0, 6807.42, 3, 0, 0, 1.93, 567, 355, 6200.00, 17427, 15872
1695252747, 0, 0, 28, 0, 0, 6807.42, 3, 0, 0, 1.45, 572, 359, 6200.00, 17427, 15872
1695252748, 0, 0, 28, 0, 0, 6807.42, 3, 0, 0, 8.57, 574, 360, 6200.00, 17427, 15872
1695252751, 0, 0, 28, 0, 0, 6807.42, 3, 0, 0, 0.83, 577, 360, 6200.00, 17427, 15872
1695252758, 0, 0, 28, 0, 0, 6807.42, 3, 0, 0, 0.31, 578, 361, 6200.00, 17427, 15872
1695252761, 0, 0, 28, 0, 0, 6807.42, 3, 0, 0, 1.31, 581, 362, 6200.00, 17427, 15872
1695252763, 0, 0, 28, 0, 0, 6807.42, 3, 0, 0, 0.57, 581, 363, 6200.00, 17427, 15872
1695252767, 0, 0, 28, 0, 0, 6807.42, 3, 0, 0, 2.97, 589, 367, 6200.00, 17427, 15872
1695252769, 0, 0, 28, 0, 0, 6807.42, 3, 0, 0, 0.38, 589, 368, 6200.00, 17427, 15872
1695252773, 0, 0, 28, 0, 0, 6807.42, 3, 0, 0, 0.60, 590, 369, 6200.00, 17427, 15872
1695252773, 0, 0, 28, 0, 0, 6807.42, 3, 0, 0, 60.00, 600, 377, 6200.00, 17427, 15872
1695252777, 0, 0, 28, 0, 0, 6807.42, 3, 0, 0, 3.01, 606, 382, 6200.00, 17427, 15872
1695252797, 0, 0, 28, 0, 0, 6807.42, 3, 0, 0, 1.05, 620, 389, 6200.00, 17427, 15872
1695252800, 0, 0, 29, 0, 0, 6808.20, 3, 0, 0, 1.75, 625, 390, 6200.78, 17429, 15874
1695252803, 0, 0, 29, 0, 0, 6808.20, 3, 0, 0, 0.71, 627, 390, 6200.78, 17429, 15874
1695252806, 0, 0, 29, 0, 0, 6808.20, 3, 0, 0, 0.66, 627, 392, 6200.78, 17429, 15874
1695252814, 0, 0, 29, 0, 0, 6808.20, 3, 0, 0, 1.77, 634, 399, 6200.78, 17429, 15874
1695252814, 0, 0, 29, 0, 0, 6808.20, 3, 0, 0, 44.64, 644, 404, 6200.78, 17429, 15874
1695252816, 0, 0, 29, 0, 0, 6808.20, 3, 0, 0, 1.76, 648, 404, 6200.78, 17429, 15874
1695252820, 0, 0, 29, 0, 0, 6808.20, 3, 0, 0, 5.69, 659, 412, 6200.78, 17429, 15874
1695252823, 0, 0, 29, 0, 0, 6808.20, 3, 0, 0, 1.55, 663, 413, 6200.78, 17429, 15874
1695252825, 0, 0, 29, 0, 0, 6808.20, 3, 0, 0, 0.89, 664, 414, 6200.78, 17429, 15874
1695252827, 0, 0, 29, 0, 0, 6808.20, 3, 0, 0, 1.32, 666, 415, 6200.78, 17429, 15874
1695252834, 0, 0, 29, 0, 0, 6808.20, 3, 0, 0, 0.15, 667, 415, 6200.78, 17429, 15874
1695252838, 0, 0, 29, 0, 0, 6808.20, 3, 0, 0, 1.18, 670, 417, 6200.78, 17429, 15874
1695252853, 0, 0, 29, 0, 0, 6808.20, 3, 0, 0, 0.60, 675, 421, 6200.78, 17429, 15874
1695252858, 0, 0, 29, 0, 0, 6808.20, 3, 0, 0, 1.81, 682, 422, 6200.78, 17429, 15874
1695252860, 0, 0, 29, 0, 0, 6808.20, 3, 0, 0, 3.73, 691, 422, 6200.78, 17429, 15874
1695252863, 0, 0, 29, 0, 0, 6808.20, 3, 0, 0, 2.14, 697, 422, 6200.78, 17429, 15874
1695252866, 0, 0, 29, 0, 0, 6808.20, 3, 0, 0, 8.06, 711, 431, 6200.78, 17429, 15874
1695252869, 0, 0, 29, 0, 0, 6808.20, 3, 0, 0, 0.99, 714, 431, 6200.78, 17429, 15874
1695252872, 0, 0, 29, 0, 0, 6808.20, 3, 0, 0, 0.86, 715, 433, 6200.78, 17429, 15874
1695252875, 0, 0, 29, 0, 0, 6808.20, 3, 0, 0, 2.10, 718, 435, 6200.78, 17429, 15874
1695252879, 0, 0, 29, 0, 0, 6808.20, 3, 0, 0, 4.20, 727, 442, 6200.78, 17429, 15874
1695252881, 0, 0, 29, 0, 0, 6808.20, 3, 0, 0, 4.96, 731, 448, 6200.78, 17429, 15874
1695252884, 0, 0, 29, 0, 0, 6808.20, 3, 0, 0, 0.30, 732, 448, 6200.78, 17429, 15874
1695252884, 0, 0, 29, 0, 0, 6808.20, 3, 0, 0, 52.29, 742, 454, 6200.78, 17429, 15874
1695252888, 0, 0, 29, 0, 0, 6808.20, 3, 0, 0, 0.93, 745, 455, 6200.78, 17429, 15874
1695252892, 0, 0, 29, 0, 0, 6808.20, 3, 0, 0, 1.82, 751, 455, 6200.78, 17429, 15874
1695252897, 0, 0, 29, 0, 0, 6808.20, 3, 0, 0, 0.20, 752, 455, 6200.78, 17429, 15874
1695252902, 0, 0, 29, 0, 0, 6808.20, 3, 0, 0, 1.39, 757, 457, 6200.78, 17429, 15874
1695252902, 0, 0, 29, 0, 0, 6808.20, 3, 0, 0, 31.95, 761, 463, 6200.78, 17429, 15874
1695252905, 0, 0, 29, 0, 0, 6808.20, 3, 0, 0, 1.15, 763, 464, 6200.78, 17429, 15874
1695252907, 0, 0, 29, 0, 0, 6808.20, 3, 0, 0, 7.39, 775, 471, 6200.78, 17429, 15874
1695252910, 0, 0, 29, 0, 0, 6808.20, 3, 0, 0, 8.55, 786, 482, 6200.78, 17429, 15874
1695252914, 0, 0, 29, 0, 0, 6808.20, 3, 0, 0, 1.26, 789, 484, 6200.78, 17429, 15874
1695252921, 0, 0, 29, 0, 0, 6808.20, 3, 0, 0, 0.70, 791, 487, 6200.78, 17429, 15874
1695252923, 0, 0, 29, 0, 0, 6808.20, 3, 0, 0, 4.77, 799, 491, 6200.78, 17429, 15874
1695252965, 0, 0, 29, 0, 0, 6808.20, 3, 0, 0, 0.17, 804, 493, 6200.78, 17429, 15874
1695252965, 0, 0, 29, 0, 0, 6808.20, 3, 0, 0, 101.97, 819, 509, 6200.78, 17429, 15874
1695252969, 0, 0, 29, 0, 0, 6808.20, 3, 0, 0, 4.24, 831, 515, 6200.78, 17429, 15874
1695252972, 0, 0, 29, 0, 0, 6808.20, 3, 0, 0, 2.71, 836, 518, 6200.78, 17429, 15874
1695252975, 0, 0, 29, 0, 0, 6808.20, 3, 0, 0, 4.54, 847, 521, 6200.78, 17429, 15874
1695252979, 0, 0, 29, 0, 0, 6808.20, 3, 0, 0, 1.87, 848, 527, 6200.78, 17429, 15874
1695252981, 0, 0, 29, 0, 0, 6808.20, 3, 0, 0, 0.44, 849, 527, 6200.78, 17429, 15874
1695252982, 0, 0, 29, 0, 0, 6808.20, 3, 0, 0, 55.56, 860, 533, 6200.78, 17429, 15874
1695252982, 0, 0, 29, 0, 0, 6808.20, 3, 0, 0, 72.19, 873, 547, 6200.78, 17429, 15874
1695252993, 0, 0, 29, 0, 0, 6808.20, 3, 0, 0, 0.37, 875, 549, 6200.78, 17429, 15874
1695252996, 0, 0, 29, 0, 0, 6808.20, 3, 0, 0, 0.86, 877, 550, 6200.78, 17429, 15874
1695252999, 0, 0, 29, 0, 0, 6808.20, 3, 0, 0, 4.01, 886, 552, 6200.78, 17429, 15874
1695253003, 0, 0, 29, 0, 0, 6808.20, 3, 0, 0, 0.93, 890, 552, 6200.78, 17429, 15874
1695253006, 0, 0, 29, 0, 0, 6808.20, 3, 0, 0, 0.41, 891, 552, 6200.78, 17429, 15874
1695253010, 0, 0, 29, 0, 0, 6808.20, 3, 0, 0, 1.05, 894, 553, 6200.78, 17429, 15874
1695253012, 0, 0, 29, 0, 0, 6808.20, 3, 0, 0, 0.73, 895, 554, 6200.78, 17429, 15874
1695253015, 0, 0, 29, 0, 0, 6808.20, 3, 0, 0, 4.73, 904, 558, 6200.78, 17429, 15874
1695253020, 0, 0, 29, 0, 0, 6808.20, 3, 0, 0, 0.88, 905, 561, 6200.78, 17429, 15874
1695253020, 0, 0, 29, 0, 0, 6808.20, 3, 0, 0, 51.78, 912, 570, 6200.78, 17429, 15874
1695253023, 0, 0, 29, 0, 0, 6808.20, 3, 0, 0, 0.40, 913, 570, 6200.78, 17429, 15874
1695253026, 0, 0, 29, 0, 0, 6808.20, 3, 0, 0, 1.68, 916, 573, 6200.78, 17429, 15874
1695253029, 0, 0, 29, 0, 0, 6808.20, 3, 0, 0, 2.96, 922, 576, 6200.78, 17429, 15874
1695253033, 0, 0, 29, 0, 0, 6808.20, 3, 0, 0, 3.09, 930, 579, 6200.78, 17429, 15874
1695253036, 0, 0, 29, 0, 0, 6808.20, 3, 0, 0, 0.91, 932, 580, 6200.78, 17429, 15874
1695253039, 0, 0, 29, 0, 0, 6808.20, 3, 0, 0, 0.70, 933, 581, 6200.78, 17429, 15874
1695253044, 0, 0, 29, 0, 0, 6808.20, 3, 0, 0, 2.03, 942, 583, 6200.78, 17429, 15874
1695253048, 0, 0, 29, 0, 0, 6808.20, 3, 0, 0, 0.55, 943, 584, 6200.78, 17429, 15874
1695253050, 0, 0, 29, 0, 0, 6808.20, 3, 0, 0, 0.41, 943, 585, 6200.78, 17429, 15874
1695253053, 0, 0, 29, 0, 0, 6808.20, 3, 0, 0, 6.80, 954, 594, 6200.78, 17429, 15874
1695253057, 0, 0, 29, 0, 0, 6808.20, 3, 0, 0, 0.56, 956, 594, 6200.78, 17429, 15874
1695253061, 0, 0, 29, 0, 0, 6808.20, 3, 0, 0, 0.83, 957, 596, 6200.78, 17429, 15874
1695253063, 0, 0, 29, 0, 0, 6808.20, 3, 0, 0, 0.35, 958, 596, 6200.78, 17429, 15874
1695253069, 0, 0, 29, 0, 0, 6808.20, 3, 0, 0, 0.70, 962, 596, 6200.78, 17429, 15874
1695253071, 0, 0, 29, 0, 0, 6808.20, 3, 0, 0, 2.55, 964, 600, 6200.78, 17429, 15874
1695253077, 0, 0, 29, 0, 0, 6808.20, 3, 0, 0, 0.57, 966, 601, 6200.78, 17429, 15874
1695253087, 0, 0, 29, 0, 0, 6808.20, 3, 0, 0, 0.80, 973, 602, 6200.78, 17429, 15874
1695253089, 0, 0, 29, 0, 0, 6808.20, 3, 0, 0, 5.75, 980, 608, 6200.78, 17429, 15874
1695253092, 0, 0, 29, 0, 0, 6808.20, 3, 0, 0, 0.68, 981, 609, 6200.78, 17429, 15874
1695253095, 0, 0, 29, 0, 0, 6808.20, 3, 0, 0, 0.77, 983, 609, 6200.78, 17429, 15874
1695253098, 0, 0, 29, 0, 0, 6808.20, 3, 0, 0, 0.77, 985, 610, 6200.78, 17429, 15874
1695253102, 0, 0, 29, 0, 0, 6808.20, 3, 0, 0, 1.31, 987, 612, 6200.78, 17429, 15874
1695253105, 0, 0, 29, 0, 0, 6808.20, 3, 0, 0, 3.54, 995, 618, 6200.78, 17429, 15874
1695253109, 0, 0, 29, 0, 0, 6808.20, 3, 0, 0, 0.60, 996, 619, 6200.78, 17429, 15874
1695253116, 0, 0, 29, 0, 0, 6808.20, 3, 0, 0, 0.73, 999, 621, 6200.78, 17429, 15874
1695253118, 0, 0, 29, 0, 0, 6808.20, 3, 0, 0, 1.49, 1003, 621, 6200.78, 17429, 15874
1695253119, 0, 0, 29, 0, 0, 6808.20, 3, 0, 0, 49.50, 1011, 628, 6200.78, 17429, 15874
1695253122, 0, 0, 29, 0, 0, 6808.20, 3, 0, 0, 0.28, 1012, 628, 6200.78, 17429, 15874
1695253124, 0, 0, 29, 0, 0, 6808.20, 3, 0, 0, 0.52, 1013, 628, 6200.78, 17429, 15874
1695253124, 0, 0, 29, 0, 0, 6808.20, 3, 0, 0, 33.03, 1020, 632, 6200.78, 17429, 15874
1695253129, 0, 0, 29, 0, 0, 6808.20, 3, 0, 0, 0.42, 1021, 633, 6200.78, 17429, 15874
1695253132, 0, 0, 29, 0, 0, 6808.20, 3, 0, 0, 3.61, 1024, 639, 6200.78, 17429, 15874
1695253137, 0, 0, 29, 0, 0, 6808.20, 3, 0, 0, 2.65, 1030, 646, 6200.78, 17429, 15874
1695253137, 0, 0, 29, 0, 0, 6808.20, 3, 0, 0, 64.94, 1040, 656, 6200.78, 17429, 15874
1695253140, 0, 0, 29, 0, 0, 6808.20, 3, 0, 0, 4.50, 1049, 661, 6200.78, 17429, 15874
1695253144, 0, 0, 29, 0, 0, 6808.20, 3, 0, 0, 1.40, 1052, 663, 6200.78, 17429, 15874
1695253146, 0, 0, 29, 0, 0, 6808.20, 3, 0, 0, 2.09, 1057, 663, 6200.78, 17429, 15874
1695253151, 0, 0, 29, 0, 0, 6808.20, 3, 0, 0, 1.87, 1066, 664, 6200.78, 17429, 15874
1695253154, 0, 0, 30, 0, 0, 6813.67, 3, 0, 0, 6.62, 1076, 673, 6206.25, 17443, 15888
1695253158, 0, 0, 30, 0, 0, 6813.67, 3, 0, 0, 2.01, 1081, 675, 6206.25, 17443, 15888
1695253161, 0, 0, 30, 0, 0, 6813.67, 3, 0, 0, 3.73, 1086, 681, 6206.25, 17443, 15888
1695253161, 0, 0, 30, 0, 0, 6813.67, 3, 0, 0, 38.01, 1093, 687, 6206.25, 17443, 15888
1695253164, 0, 0, 30, 0, 0, 6813.67, 3, 0, 0, 1.26, 1095, 689, 6206.25, 17443, 15888
1695253164, 0, 0, 30, 0, 0, 6813.67, 3, 0, 0, 37.15, 1103, 693, 6206.25, 17443, 15888
1695253166, 0, 0, 30, 0, 0, 6813.67, 3, 0, 0, 5.32, 1107, 699, 6206.25, 17443, 15888
1695253171, 0, 0, 30, 0, 0, 6813.67, 3, 0, 0, 2.11, 1114, 701, 6206.25, 17443, 15888
1695253173, 0, 0, 30, 0, 0, 6813.67, 3, 0, 0, 2.74, 1116, 705, 6206.25, 17443, 15888
1695253177, 0, 0, 30, 0, 0, 6813.67, 3, 0, 0, 0.88, 1119, 706, 6206.25, 17443, 15888
1695253178, 0, 0, 30, 0, 0, 6813.67, 3, 0, 0, 43.73, 1127, 713, 6206.25, 17443, 15888
1695253181, 0, 0, 30, 0, 0, 6813.67, 3, 0, 0, 1.70, 1132, 714, 6206.25, 17443, 15888
1695253181, 0, 0, 30, 0, 0, 6813.67, 3, 0, 0, 52.12, 1145, 717, 6206.25, 17443, 15888
1695253184, 0, 0, 30, 0, 0, 6813.67, 3, 0, 0, 2.61, 1150, 719, 6206.25, 17443, 15888
1695253184, 0, 0, 30, 0, 0, 6813.67, 3, 0, 0, 46.51, 1157, 726, 6206.25, 17443, 15888
1695253188, 0, 0, 30, 0, 0, 6813.67, 3, 0, 0, 1.79, 1160, 729, 6206.25, 17443, 15888
1695253190, 0, 0, 30, 0, 0, 6813.67, 3, 0, 0, 1.70, 1161, 732, 6206.25, 17443, 15888
1695253193, 0, 0, 30, 0, 0, 6813.67, 3, 0, 0, 1.29, 1163, 734, 6206.25, 17443, 15888
1695253196, 0, 0, 30, 0, 0, 6813.67, 3, 0, 0, 2.47, 1167, 737, 6206.25, 17443, 15888
1695253199, 0, 0, 30, 0, 0, 6813.67, 3, 0, 0, 0.92, 1170, 737, 6206.25, 17443, 15888
1695253203, 0, 0, 30, 0, 0, 6813.67, 3, 0, 0, 2.24, 1173, 743, 6206.25, 17443, 15888
1695253204, 0, 0, 30, 0, 0, 6813.67, 3, 0, 0, 32.68, 1178, 748, 6206.25, 17443, 15888
1695253214, 0, 0, 30, 0, 0, 6813.67, 3, 0, 0, 0.10, 1179, 748, 6206.25, 17443, 15888
1695253223, 0, 0, 30, 0, 0, 6813.67, 3, 0, 0, 0.47, 1183, 748, 6206.25, 17443, 15888
1695253226, 0, 0, 30, 0, 0, 6813.67, 3, 0, 0, 0.27, 1184, 748, 6206.25, 17443, 15888
1695253233, 0, 0, 30, 0, 0, 6813.67, 3, 0, 0, 1.65, 1190, 753, 6206.25, 17443, 15888
1695253236, 0, 0, 30, 0, 0, 6813.67, 3, 0, 0, 0.92, 1193, 753, 6206.25, 17443, 15888
1695253239, 0, 0, 30, 0, 0, 6813.67, 3, 0, 0, 4.83, 1199, 761, 6206.25, 17443, 15888
1695253243, 0, 0, 30, 0, 0, 6813.67, 3, 0, 0, 0.83, 1201, 762, 6206.25, 17443, 15888
1695253246, 0, 0, 30, 0, 0, 6813.67, 3, 0, 0, 2.54, 1206, 765, 6206.25, 17443, 15888
1695253249, 0, 0, 30, 0, 0, 6813.67, 3, 0, 0, 1.12, 1209, 766, 6206.25, 17443, 15888
1695253267, 0, 0, 30, 0, 0, 6813.67, 3, 0, 0, 0.12, 1210, 767, 6206.25, 17443, 15888
1695253271, 0, 0, 30, 0, 0, 6813.67, 3, 0, 0, 1.43, 1214, 769, 6206.25, 17443, 15888
1695253278, 0, 0, 30, 0, 0, 6813.67, 3, 0, 0, 1.55, 1219, 775, 6206.25, 17443, 15888
1695253282, 0, 0, 30, 0, 0, 6813.67, 3, 0, 0, 2.73, 1226, 779, 6206.25, 17443, 15888
1695253285, 0, 0, 30, 0, 0, 6813.67, 3, 0, 0, 2.21, 1232, 780, 6206.25, 17443, 15888
1695253292, 0, 0, 30, 0, 0, 6813.67, 3, 0, 0, 1.34, 1236, 785, 6206.25, 17443, 15888
1695253292, 0, 0, 30, 0, 0, 6813.67, 3, 0, 0, 37.57, 1243, 791, 6206.25, 17443, 15888
1695253298, 0, 0, 30, 0, 0, 6813.67, 3, 0, 0, 1.72, 1251, 793, 6206.25, 17443, 15888
1695253299, 0, 0, 30, 0, 0, 6813.67, 3, 0, 0, 29.41, 1257, 796, 6206.25, 17443, 15888
1695253301, 0, 0, 30, 0, 0, 6813.67, 3, 0, 0, 1.35, 1259, 797, 6206.25, 17443, 15888
1695253304, 0, 0, 30, 0, 0, 6813.67, 3, 0, 0, 1.15, 1262, 798, 6206.25, 17443, 15888
1695253308, 0, 0, 30, 0, 0, 6813.67, 3, 0, 0, 0.85, 1264, 799, 6206.25, 17443, 15888
1695253311, 0, 0, 30, 0, 0, 6813.67, 3, 0, 0, 4.60, 1274, 805, 6206.25, 17443, 15888
1695253312, 0, 0, 30, 0, 0, 6813.67, 3, 0, 0, 26.14, 1279, 808, 6206.25, 17443, 15888
1695253312, 0, 0, 30, 0, 0, 6813.67, 3, 0, 0, 28.35, 1284, 814, 6206.25, 17443, 15888
1695253318, 0, 0, 30, 0, 0, 6813.67, 3, 0, 0, 0.84, 1288, 815, 6206.25, 17443, 15888
1695253318, 0, 0, 30, 0, 0, 6813.67, 3, 0, 0, 36.93, 1296, 820, 6206.25, 17443, 15888
1695253322, 0, 0, 30, 0, 0, 6813.67, 3, 0, 0, 0.27, 1297, 820, 6206.25, 17443, 15888
1695253325, 0, 0, 30, 0, 0, 6813.67, 3, 0, 0, 0.65, 1299, 820, 6206.25, 17443, 15888
1695253329, 0, 0, 30, 0, 0, 6813.67, 3, 0, 0, 1.27, 1304, 820, 6206.25, 17443, 15888
1695253332, 0, 0, 30, 0, 0, 6813.67, 3, 0, 0, 1.75, 1309, 820, 6206.25, 17443, 15888
1695253335, 0, 0, 30, 0, 0, 6813.67, 3, 0, 0, 2.04, 1315, 821, 6206.25, 17443, 15888
1695253342, 0, 0, 30, 0, 0, 6813.67, 3, 0, 0, 1.00, 1317, 826, 6206.25, 17443, 15888
1695253359, 0, 0, 30, 0, 0, 6813.67, 3, 0, 0, 0.30, 1322, 826, 6206.25, 17443, 15888
1695253363, 0, 0, 30, 0, 0, 6813.67, 3, 0, 0, 1.84, 1327, 829, 6206.25, 17443, 15888
1695253366, 0, 0, 30, 0, 0, 6813.67, 3, 0, 0, 0.31, 1328, 829, 6206.25, 17443, 15888
1695253367, 0, 0, 30, 0, 0, 6813.67, 3, 0, 0, 11.08, 1331, 830, 6206.25, 17443, 15888
1695253421, 0, 0, 30, 0, 0, 6813.67, 3, 0, 0, 0.07, 1333, 832, 6206.25, 17443, 15888
1695253457, 0, 0, 30, 0, 0, 6813.67, 3, 0, 0, 0.11, 1336, 833, 6206.25, 17443, 15888
1695253460, 0, 0, 30, 0, 0, 6813.67, 3, 0, 0, 0.66, 1338, 833, 6206.25, 17443, 15888
1695253463, 0, 0, 30, 0, 0, 6813.67, 3, 0, 0, 0.34, 1339, 833, 6206.25, 17443, 15888
1695253466, 0, 0, 30, 0, 0, 6813.67, 3, 0, 0, 2.37, 1342, 837, 6206.25, 17443, 15888
1695253469, 0, 0, 30, 0, 0, 6813.67, 3, 0, 0, 4.04, 1348, 843, 6206.25, 17443, 15888
1695253473, 0, 0, 30, 0, 0, 6813.67, 3, 0, 0, 0.83, 1351, 843, 6206.25, 17443, 15888
1695253475, 0, 0, 30, 0, 0, 6813.67, 3, 0, 0, 4.46, 1359, 846, 6206.25, 17443, 15888
1695253480, 0, 0, 30, 0, 0, 6813.67, 3, 0, 0, 1.93, 1366, 848, 6206.25, 17443, 15888
1695253486, 0, 0, 30, 0, 0, 6813.67, 3, 0, 0, 0.36, 1367, 849, 6206.25, 17443, 15888
1695253490, 0, 0, 30, 0, 0, 6813.67, 3, 0, 0, 1.02, 1370, 850, 6206.25, 17443, 15888
1695253499, 0, 0, 30, 0, 0, 6813.67, 3, 0, 0, 0.91, 1375, 854, 6206.25, 17443, 15888
1695253500, 0, 0, 30, 0, 0, 6813.67, 3, 0, 0, 19.29, 1379, 856, 6206.25, 17443, 15888
1695253502, 0, 0, 30, 0, 0, 6813.67, 3, 0, 0, 0.36, 1380, 856, 6206.25, 17443, 15888
1695253508, 0, 0, 30, 0, 0, 6813.67, 3, 0, 0, 0.58, 1382, 857, 6206.25, 17443, 15888
1695253511, 0, 0, 30, 0, 0, 6813.67, 3, 0, 0, 1.21, 1384, 859, 6206.25, 17443, 15888
1695253514, 0, 0, 30, 0, 0, 6813.67, 3, 0, 0, 2.73, 1389, 861, 6206.25, 17443, 15888
1695253518, 0, 0, 30, 0, 0, 6813.67, 3, 0, 0, 1.35, 1391, 865, 6206.25, 17443, 15888
1695253522, 0, 0, 30, 0, 0, 6813.67, 3, 0, 0, 1.91, 1396, 867, 6206.25, 17443, 15888
1695253522, 0, 0, 30, 0, 0, 6813.67, 3, 0, 0, 22.15, 1398, 872, 6206.25, 17443, 15888
1695253526, 0, 0, 30, 0, 0, 6813.67, 3, 0, 0, 0.25, 1399, 872, 6206.25, 17443, 15888
1695253528, 0, 0, 30, 0, 0, 6813.67, 3, 0, 0, 0.92, 1400, 873, 6206.25, 17443, 15888
1695253528, 0, 0, 30, 0, 0, 6813.67, 3, 0, 0, 29.90, 1404, 878, 6206.25, 17443, 15888
1695253534, 0, 0, 30, 0, 0, 6813.67, 3, 0, 0, 1.61, 1408, 883, 6206.25, 17443, 15888
1695253538, 0, 0, 30, 0, 0, 6813.67, 3, 0, 0, 0.44, 1410, 883, 6206.25, 17443, 15888
1695253542, 0, 0, 30, 0, 0, 6813.67, 3, 0, 0, 1.08, 1412, 885, 6206.25, 17443, 15888
1695253546, 0, 0, 30, 0, 0, 6813.67, 3, 0, 0, 0.29, 1413, 885, 6206.25, 17443, 15888
1695253550, 0, 0, 30, 0, 0, 6813.67, 3, 0, 0, 1.12, 1416, 887, 6206.25, 17443, 15888
1695253555, 0, 0, 30, 0, 0, 6813.67, 3, 0, 0, 1.09, 1419, 889, 6206.25, 17443, 15888
1695253559, 0, 0, 30, 0, 0, 6813.67, 3, 0, 0, 0.51, 1420, 890, 6206.25, 17443, 15888
1695253562, 0, 0, 30, 0, 0, 6813.67, 3, 0, 0, 1.30, 1422, 892, 6206.25, 17443, 15888
1695253566, 0, 0, 30, 0, 0, 6813.67, 3, 0, 0, 0.86, 1426, 892, 6206.25, 17443, 15888
1695253569, 0, 0, 30, 0, 0, 6813.67, 3, 0, 0, 2.09, 1430, 894, 6206.25, 17443, 15888
1695253575, 0, 0, 30, 0, 0, 6813.67, 3, 0, 0, 1.32, 1435, 896, 6206.25, 17443, 15888
1695253578, 0, 0, 30, 0, 0, 6813.67, 3, 0, 0, 1.03, 1437, 898, 6206.25, 17443, 15888
1695253611, 0, 0, 30, 0, 0, 6813.67, 3, 0, 0, 0.03, 1438, 898, 6206.25, 17443, 15888
1695253616, 0, 0, 30, 0, 0, 6813.67, 3, 0, 0, 2.03, 1441, 904, 6206.25, 17443, 15888
1695253616, 0, 0, 30, 0, 0, 6813.67, 3, 0, 0, 19.61, 1443, 908, 6206.25, 17443, 15888
1695253620, 0, 0, 30, 0, 0, 6813.67, 3, 0, 0, 1.32, 1445, 911, 6206.25, 17443, 15888
1695253641, 0, 0, 30, 0, 0, 6813.67, 3, 0, 0, 0.19, 1448, 912, 6206.25, 17443, 15888
1695253644, 0, 0, 30, 0, 0, 6813.67, 3, 0, 0, 1.06, 1450, 913, 6206.25, 17443, 15888
1695253649, 0, 0, 30, 0, 0, 6813.67, 3, 0, 0, 1.18, 1455, 914, 6206.25, 17443, 15888
1695253650, 0, 0, 30, 0, 0, 6813.67, 3, 0, 0, 33.11, 1459, 920, 6206.25, 17443, 15888
1695253650, 0, 0, 30, 0, 0, 6813.67, 3, 0, 0, 18.35, 1464, 921, 6206.25, 17443, 15888
1695253650, 0, 0, 30, 0, 0, 6813.67, 3, 0, 0, 26.40, 1467, 926, 6206.25, 17443, 15888
1695253654, 0, 0, 30, 0, 0, 6813.67, 3, 0, 0, 0.81, 1470, 926, 6206.25, 17443, 15888
1695253654, 0, 0, 30, 0, 0, 6813.67, 3, 0, 0, 24.00, 1477, 928, 6206.25, 17443, 15888
1695253660, 0, 0, 30, 0, 0, 6813.67, 3, 0, 0, 0.68, 1480, 929, 6206.25, 17443, 15888
1695253663, 0, 0, 30, 0, 0, 6813.67, 3, 0, 0, 2.54, 1485, 932, 6206.25, 17443, 15888
1695253664, 0, 0, 30, 0, 0, 6813.67, 3, 0, 0, 13.04, 1489, 934, 6206.25, 17443, 15888
1695253664, 0, 0, 30, 0, 0, 6813.67, 3, 0, 0, 13.55, 1491, 937, 6206.25, 17443, 15888
1695253669, 0, 0, 30, 0, 0, 6813.67, 3, 0, 0, 0.67, 1494, 937, 6206.25, 17443, 15888
1695253672, 0, 0, 30, 0, 0, 6813.67, 3, 0, 0, 2.25, 1498, 941, 6206.25, 17443, 15888
1695253680, 0, 0, 30, 0, 0, 6813.67, 3, 0, 0, 1.35, 1505, 944, 6206.25, 17443, 15888
1695253699, 0, 0, 30, 0, 0, 6813.67, 3, 0, 0, 0.05, 1506, 944, 6206.25, 17443, 15888
1695253706, 0, 0, 30, 0, 0, 6813.67, 3, 0, 0, 0.59, 1508, 946, 6206.25, 17443, 15888
1695253706, 0, 0, 30, 0, 0, 6813.67, 3, 0, 0, 15.43, 1510, 949, 6206.25, 17443, 15888
1695253711, 0, 0, 30, 0, 0, 6813.67, 3, 0, 0, 0.58, 1511, 951, 6206.25, 17443, 15888
1695253715, 0, 0, 30, 0, 0, 6813.67, 3, 0, 0, 0.28, 1512, 951, 6206.25, 17443, 15888
1695253722, 0, 0, 30, 0, 0, 6813.67, 3, 0, 0, 0.29, 1514, 951, 6206.25, 17443, 15888
1695253731, 0, 0, 30, 0, 0, 6813.67, 3, 0, 0, 0.76, 1519, 953, 6206.25, 17443, 15888
1695253731, 0, 0, 30, 0, 0, 6813.67, 3, 0, 0, 19.80, 1522, 956, 6206.25, 17443, 15888
1695253734, 0, 0, 30, 0, 0, 6813.67, 3, 0, 0, 0.96, 1525, 956, 6206.25, 17443, 15888
1695253739, 0, 0, 30, 0, 0, 6813.67, 3, 0, 0, 0.85, 1528, 957, 6206.25, 17443, 15888
1695253739, 0, 0, 30, 0, 0, 6813.67, 3, 0, 0, 22.29, 1532, 960, 6206.25, 17443, 15888
1695253744, 0, 0, 30, 0, 0, 6813.67, 3, 0, 0, 1.41, 1533, 965, 6206.25, 17443, 15888
1695253748, 0, 0, 30, 0, 0, 6813.67, 3, 0, 0, 0.48, 1535, 965, 6206.25, 17443, 15888
1695253752, 0, 0, 30, 0, 0, 6813.67, 3, 0, 0, 1.87, 1539, 969, 6206.25, 17443, 15888
1695253756, 0, 0, 30, 0, 0, 6813.67, 3, 0, 0, 0.93, 1542, 970, 6206.25, 17443, 15888
1695253761, 0, 0, 30, 0, 0, 6813.67, 3, 0, 0, 0.89, 1544, 972, 6206.25, 17443, 15888
1695253764, 0, 0, 30, 0, 0, 6813.67, 3, 0, 0, 0.98, 1545, 974, 6206.25, 17443, 15888
1695253769, 0, 0, 30, 0, 0, 6813.67, 3, 0, 0, 0.42, 1547, 974, 6206.25, 17443, 15888
1695253773, 0, 0, 30, 0, 0, 6813.67, 3, 0, 0, 1.50, 1551, 976, 6206.25, 17443, 15888
1695253773, 0, 0, 30, 0, 0, 6813.67, 3, 0, 0, 20.57, 1554, 981, 6206.25, 17443, 15888
1695253778, 0, 0, 30, 0, 0, 6813.67, 3, 0, 0, 0.93, 1558, 982, 6206.25, 17443, 15888
1695253779, 0, 0, 30, 0, 0, 6813.67, 3, 0, 0, 23.32, 1562, 986, 6206.25, 17443, 15888
1695253779, 0, 0, 30, 0, 0, 6813.67, 3, 0, 0, 19.29, 1566, 988, 6206.25, 17443, 15888
1695253783, 0, 0, 30, 0, 0, 6813.67, 3, 0, 0, 0.46, 1568, 988, 6206.25, 17443, 15888
1695253784, 0, 0, 30, 0, 0, 6813.67, 3, 0, 0, 19.48, 1571, 991, 6206.25, 17443, 15888
1695253784, 0, 0, 30, 0, 0, 6813.67, 3, 0, 0, 18.93, 1572, 996, 6206.25, 17443, 15888
1695253784, 0, 0, 30, 0, 0, 6813.67, 3, 0, 0, 16.50, 1576, 997, 6206.25, 17443, 15888
1695253796, 0, 0, 30, 0, 0, 6813.67, 3, 0, 0, 0.43, 1580, 998, 6206.25, 17443, 15888
1695253796, 0, 0, 30, 0, 0, 6813.67, 3, 0, 0, 13.03, 1581, 1001, 6206.25, 17443, 15888
1695253797, 0, 0, 30, 0, 0, 6813.67, 3, 0, 0, 11.46, 1584, 1002, 6206.25, 17443, 15888
1695253797, 0, 0, 30, 0, 0, 6813.67, 3, 0, 0, 13.25, 1587, 1003, 6206.25, 17443, 15888
1695253801, 0, 0, 30, 0, 0, 6813.67, 3, 0, 0, 0.78, 1590, 1003, 6206.25, 17443, 15888
1695253801, 0, 0, 30, 0, 0, 6813.67, 3, 0, 0, 22.01, 1595, 1005, 6206.25, 17443, 15888
1695253801, 0, 0, 30, 0, 0, 6813.67, 3, 0, 0, 19.28, 1600, 1007, 6206.25, 17443, 15888
1695253808, 0, 0, 30, 0, 0, 6813.67, 3, 0, 0, 0.16, 1601, 1007, 6206.25, 17443, 15888
1695253812, 0, 0, 30, 0, 0, 6813.67, 3, 0, 0, 1.01, 1604, 1008, 6206.25, 17443, 15888
1695253818, 0, 0, 30, 0, 0, 6813.67, 3, 0, 0, 0.64, 1607, 1009, 6206.25, 17443, 15888
1695253818, 0, 0, 30, 0, 0, 6813.67, 3, 0, 0, 19.74, 1611, 1011, 6206.25, 17443, 15888
1695253818, 0, 0, 30, 0, 0, 6813.67, 3, 0, 0, 16.13, 1614, 1013, 6206.25, 17443, 15888
1695253819, 0, 0, 30, 0, 0, 6813.67, 3, 0, 0, 18.35, 1618, 1015, 6206.25, 17443, 15888
1695253819, 0, 0, 30, 0, 0, 6813.67, 3, 0, 0, 17.54, 1622, 1017, 6206.25, 17443, 15888
1695253822, 0, 0, 30, 0, 0, 6813.67, 3, 0, 0, 1.39, 1622, 1021, 6206.25, 17443, 15888
1695253827, 0, 0, 30, 0, 0, 6813.67, 3, 0, 0, 0.19, 1623, 1021, 6206.25, 17443, 15888
1695253835, 0, 0, 30, 0, 0, 6813.67, 3, 0, 0, 0.25, 1625, 1021, 6206.25, 17443, 15888
1695253836, 0, 0, 30, 0, 0, 6813.67, 3, 0, 0, 17.07, 1628, 1025, 6206.25, 17443, 15888
1695253836, 0, 0, 30, 0, 0, 6813.67, 3, 0, 0, 15.92, 1633, 1026, 6206.25, 17443, 15888
1695253836, 0, 0, 30, 0, 0, 6813.67, 3, 0, 0, 17.39, 1637, 1028, 6206.25, 17443, 15888
1695253840, 0, 0, 30, 0, 0, 6813.67, 3, 0, 0, 0.49, 1639, 1028, 6206.25, 17443, 15888
1695253845, 0, 0, 30, 0, 0, 6813.67, 3, 0, 0, 0.22, 1640, 1028, 6206.25, 17443, 15888
1695253845, 0, 0, 30, 0, 0, 6813.67, 3, 0, 0, 6.30, 1643, 1028, 6206.25, 17443, 15888
1695253846, 0, 0, 30, 0, 0, 6813.67, 3, 0, 0, 19.74, 1646, 1031, 6206.25, 17443, 15888
1695253846, 0, 0, 30, 0, 0, 6813.67, 3, 0, 0, 15.92, 1648, 1034, 6206.25, 17443, 15888
1695253846, 0, 0, 30, 0, 0, 6813.67, 3, 0, 0, 15.15, 1652, 1035, 6206.25, 17443, 15888
1695253852, 0, 0, 30, 0, 0, 6813.67, 3, 0, 0, 0.17, 1653, 1035, 6206.25, 17443, 15888
1695253856, 0, 0, 30, 0, 0, 6813.67, 3, 0, 0, 0.79, 1655, 1036, 6206.25, 17443, 15888
1695253860, 0, 0, 30, 0, 0, 6813.67, 3, 0, 0, 0.70, 1658, 1036, 6206.25, 17443, 15888
1695253866, 0, 0, 30, 0, 0, 6813.67, 3, 0, 0, 0.18, 1659, 1036, 6206.25, 17443, 15888
1695253866, 0, 0, 30, 0, 0, 6813.67, 3, 0, 0, 22.58, 1662, 1040, 6206.25, 17443, 15888
1695253870, 0, 0, 30, 0, 0, 6813.67, 3, 0, 0, 0.87, 1664, 1041, 6206.25, 17443, 15888
1695253877, 0, 0, 30, 0, 0, 6813.67, 3, 0, 0, 0.50, 1668, 1041, 6206.25, 17443, 15888
1695253908, 0, 0, 30, 0, 0, 6813.67, 3, 0, 0, 0.13, 1671, 1042, 6206.25, 17443, 15888
1695253909, 0, 0, 30, 0, 0, 6813.67, 3, 0, 0, 14.20, 1674, 1044, 6206.25, 17443, 15888
1695253922, 0, 0, 30, 0, 0, 6813.67, 3, 0, 0, 0.08, 1675, 1044, 6206.25, 17443, 15888
1695253926, 0, 0, 30, 0, 0, 6813.67, 3, 0, 0, 0.50, 1676, 1045, 6206.25, 17443, 15888
1695253929, 0, 0, 30, 0, 0, 6813.67, 3, 0, 0, 0.33, 1677, 1045, 6206.25, 17443, 15888
1695253936, 0, 0, 30, 0, 0, 6813.67, 3, 0, 0, 0.14, 1678, 1045, 6206.25, 17443, 15888
1695253936, 0, 0, 30, 0, 0, 6813.67, 3, 0, 0, 22.58, 1680, 1050, 6206.25, 17443, 15888
1695253937, 0, 0, 30, 0, 0, 6813.67, 3, 0, 0, 26.40, 1684, 1054, 6206.25, 17443, 15888
1695253937, 0, 0, 30, 0, 0, 6813.67, 3, 0, 0, 31.15, 1693, 1055, 6206.25, 17443, 15888
1695253943, 0, 0, 30, 0, 0, 6813.67, 3, 0, 0, 0.74, 1695, 1057, 6206.25, 17443, 15888
1695253943, 0, 0, 30, 0, 0, 6813.67, 3, 0, 0, 17.65, 1698, 1060, 6206.25, 17443, 15888
1695253964, 0, 0, 30, 0, 0, 6813.67, 3, 0, 0, 0.05, 1699, 1060, 6206.25, 17443, 15888
1695253965, 0, 0, 30, 0, 0, 6813.67, 3, 0, 0, 14.41, 1701, 1063, 6206.25, 17443, 15888
1695253970, 0, 0, 30, 0, 0, 6813.67, 3, 0, 0, 0.55, 1704, 1063, 6206.25, 17443, 15888
1695253970, 0, 0, 30, 0, 0, 6813.67, 3, 0, 0, 25.72, 1707, 1068, 6206.25, 17443, 15888
1695253974, 0, 0, 30, 0, 0, 6813.67, 3, 0, 0, 0.54, 1708, 1069, 6206.25, 17443, 15888
1695253979, 0, 0, 30, 0, 0, 6813.67, 3, 0, 0, 0.81, 1709, 1072, 6206.25, 17443, 15888
1695253979, 0, 0, 30, 0, 0, 6813.67, 3, 0, 0, 14.79, 1713, 1073, 6206.25, 17443, 15888
1695253980, 0, 0, 30, 0, 0, 6813.67, 3, 0, 0, 16.13, 1714, 1077, 6206.25, 17443, 15888
1695253980, 0, 0, 30, 0, 0, 6813.67, 3, 0, 0, 18.58, 1718, 1079, 6206.25, 17443, 15888
1695253985, 0, 0, 30, 0, 0, 6813.67, 3, 0, 0, 0.73, 1720, 1081, 6206.25, 17443, 15888
1695253992, 0, 0, 30, 0, 0, 6813.67, 3, 0, 0, 0.42, 1722, 1082, 6206.25, 17443, 15888
1695253996, 0, 0, 30, 0, 0, 6813.67, 3, 0, 0, 0.51, 1723, 1083, 6206.25, 17443, 15888
1695253997, 0, 0, 30, 0, 0, 6813.67, 3, 0, 0, 10.31, 1727, 1083, 6206.25, 17443, 15888
1695254001, 0, 0, 30, 0, 0, 6813.67, 3, 0, 0, 1.31, 1731, 1085, 6206.25, 17443, 15888
1695254007, 0, 0, 30, 0, 0, 6813.67, 3, 0, 0, 0.38, 1732, 1086, 6206.25, 17443, 15888
1695254016, 0, 0, 30, 0, 0, 6813.67, 3, 0, 0, 0.10, 1733, 1086, 6206.25, 17443, 15888
1695254017, 0, 0, 30, 0, 0, 6813.67, 3, 0, 0, 8.88, 1736, 1086, 6206.25, 17443, 15888
1695254020, 0, 0, 30, 0, 0, 6813.67, 3, 0, 0, 0.27, 1737, 1086, 6206.25, 17443, 15888
1695254025, 0, 0, 30, 0, 0, 6813.67, 3, 0, 0, 0.22, 1738, 1086, 6206.25, 17443, 15888
1695254029, 0, 0, 30, 0, 0, 6813.67, 3, 0, 0, 0.25, 1739, 1086, 6206.25, 17443, 15888
1695254033, 0, 0, 30, 0, 0, 6813.67, 3, 0, 0, 0.25, 1740, 1086, 6206.25, 17443, 15888
1695254033, 0, 0, 30, 0, 0, 6813.67, 3, 0, 0, 10.00, 1742, 1087, 6206.25, 17443, 15888
1695254034, 0, 0, 30, 0, 0, 6813.67, 3, 0, 0, 9.20, 1744, 1089, 6206.25, 17443, 15888
1695254043, 0, 0, 30, 0, 0, 6813.67, 3, 0, 0, 0.20, 1745, 1090, 6206.25, 17443, 15888
1695254044, 0, 0, 30, 0, 0, 6813.67, 3, 0, 0, 8.70, 1747, 1091, 6206.25, 17443, 15888
1695254049, 0, 0, 30, 0, 0, 6813.67, 3, 0, 0, 0.37, 1749, 1091, 6206.25, 17443, 15888
1695254050, 0, 0, 30, 0, 0, 6813.67, 3, 0, 0, 15.43, 1752, 1093, 6206.25, 17443, 15888
1695254058, 0, 0, 30, 0, 0, 6813.67, 3, 0, 0, 0.11, 1753, 1093, 6206.25, 17443, 15888
1695254062, 0, 0, 30, 0, 0, 6813.67, 3, 0, 0, 1.17, 1756, 1094, 6206.25, 17443, 15888
1695254066, 0, 0, 30, 0, 0, 6813.67, 3, 0, 0, 1.27, 1758, 1098, 6206.25, 17443, 15888
1695254067, 0, 0, 30, 0, 0, 6813.67, 3, 0, 0, 9.71, 1760, 1100, 6206.25, 17443, 15888
1695254072, 0, 0, 30, 0, 0, 6813.67, 3, 0, 0, 0.88, 1764, 1101, 6206.25, 17443, 15888
1695254076, 0, 0, 30, 0, 0, 6813.67, 3, 0, 0, 0.77, 1766, 1102, 6206.25, 17443, 15888
1695254081, 0, 0, 30, 0, 0, 6813.67, 3, 0, 0, 0.66, 1768, 1103, 6206.25, 17443, 15888
1695254081, 0, 0, 30, 0, 0, 6813.67, 3, 0, 0, 12.74, 1770, 1105, 6206.25, 17443, 15888
1695254082, 0, 0, 30, 0, 0, 6813.67, 3, 0, 0, 7.81, 1773, 1105, 6206.25, 17443, 15888
1695254082, 0, 0, 30, 0, 0, 6813.67, 3, 0, 0, 15.15, 1775, 1108, 6206.25, 17443, 15888
1695254082, 0, 0, 30, 0, 0, 6813.67, 3, 0, 0, 8.88, 1776, 1110, 6206.25, 17443, 15888
1695254083, 0, 0, 30, 0, 0, 6813.67, 3, 0, 0, 8.71, 1778, 1112, 6206.25, 17443, 15888
1695254083, 0, 0, 30, 0, 0, 6813.67, 3, 0, 0, 7.73, 1779, 1114, 6206.25, 17443, 15888
1695254087, 0, 0, 30, 0, 0, 6813.67, 3, 0, 0, 0.70, 1782, 1114, 6206.25, 17443, 15888
1695254101, 0, 0, 30, 0, 0, 6813.67, 3, 0, 0, 0.43, 1786, 1116, 6206.25, 17443, 15888
1695254102, 0, 0, 30, 0, 0, 6813.67, 3, 0, 0, 16.56, 1787, 1120, 6206.25, 17443, 15888
1695254107, 0, 0, 30, 0, 0, 6813.67, 3, 0, 0, 0.85, 1789, 1123, 6206.25, 17443, 15888
1695254128, 0, 0, 30, 0, 0, 6813.67, 3, 0, 0, 0.19, 1791, 1125, 6206.25, 17443, 15888
1695254128, 0, 0, 30, 0, 0, 6813.67, 3, 0, 0, 13.07, 1793, 1127, 6206.25, 17443, 15888
1695254132, 0, 0, 30, 0, 0, 6813.67, 3, 0, 0, 0.88, 1794, 1129, 6206.25, 17443, 15888
1695254144, 0, 0, 30, 0, 0, 6813.67, 3, 0, 0, 0.08, 1795, 1129, 6206.25, 17443, 15888
1695254145, 0, 0, 30, 0, 0, 6813.67, 3, 0, 0, 12.41, 1798, 1131, 6206.25, 17443, 15888
1695254150, 0, 0, 30, 0, 0, 6813.67, 3, 0, 0, 0.21, 1799, 1131, 6206.25, 17443, 15888
1695254150, 0, 0, 30, 0, 0, 6813.67, 3, 0, 0, 25.72, 1804, 1134, 6206.25, 17443, 15888
1695254154, 0, 0, 30, 0, 0, 6813.67, 3, 0, 0, 0.46, 1806, 1134, 6206.25, 17443, 15888
1695254160, 0, 0, 30, 0, 0, 6813.67, 3, 0, 0, 0.64, 1807, 1137, 6206.25, 17443, 15888
1695254165, 0, 0, 30, 0, 0, 6813.67, 3, 0, 0, 0.20, 1808, 1137, 6206.25, 17443, 15888
1695254166, 0, 0, 30, 0, 0, 6813.67, 3, 0, 0, 8.65, 1809, 1139, 6206.25, 17443, 15888
1695254166, 0, 0, 30, 0, 0, 6813.67, 3, 0, 0, 9.20, 1810, 1141, 6206.25, 17443, 15888
1695254170, 0, 0, 30, 0, 0, 6813.67, 3, 0, 0, 0.93, 1812, 1143, 6206.25, 17443, 15888
1695254171, 0, 0, 30, 0, 0, 6813.67, 3, 0, 0, 15.11, 1815, 1145, 6206.25, 17443, 15888
1695254175, 0, 0, 30, 0, 0, 6813.67, 3, 0, 0, 0.43, 1816, 1146, 6206.25, 17443, 15888
1695254176, 0, 0, 30, 0, 0, 6813.67, 3, 0, 0, 16.13, 1819, 1148, 6206.25, 17443, 15888
1695254181, 0, 0, 30, 0, 0, 6813.67, 3, 0, 0, 0.56, 1820, 1150, 6206.25, 17443, 15888
1695254186, 0, 0, 30, 0, 0, 6813.67, 3, 0, 0, 0.21, 1821, 1150, 6206.25, 17443, 15888
1695254186, 0, 0, 30, 0, 0, 6813.67, 3, 0, 0, 9.58, 1822, 1152, 6206.25, 17443, 15888
1695254200, 0, 0, 30, 0, 0, 6813.67, 3, 0, 0, 0.28, 1825, 1153, 6206.25, 17443, 15888
1695254204, 0, 0, 30, 0, 0, 6813.67, 3, 0, 0, 0.52, 1827, 1153, 6206.25, 17443, 15888
1695254210, 0, 0, 30, 0, 0, 6813.67, 3, 0, 0, 0.54, 1829, 1154, 6206.25, 17443, 15888
1695254210, 0, 0, 30, 0, 0, 6813.67, 3, 0, 0, 22.51, 1833, 1157, 6206.25, 17443, 15888
1695254213, 0, 0, 30, 0, 0, 6813.67, 3, 0, 0, 1.00, 1835, 1158, 6206.25, 17443, 15888
1695254214, 0, 0, 30, 0, 0, 6813.67, 3, 0, 0, 9.55, 1838, 1159, 6206.25, 17443, 15888
1695254219, 0, 0, 30, 0, 0, 6813.67, 3, 0, 0, 0.35, 1840, 1159, 6206.25, 17443, 15888
1695254223, 0, 0, 30, 0, 0, 6813.67, 3, 0, 0, 0.29, 1841, 1159, 6206.25, 17443, 15888
1695254223, 0, 0, 30, 0, 0, 6813.67, 3, 0, 0, 13.26, 1845, 1160, 6206.25, 17443, 15888
1695254228, 0, 0, 30, 0, 0, 6813.67, 3, 0, 0, 0.21, 1846, 1160, 6206.25, 17443, 15888
1695254232, 0, 0, 30, 0, 0, 6813.67, 3, 0, 0, 0.25, 1847, 1160, 6206.25, 17443, 15888
1695254252, 0, 0, 30, 0, 0, 6813.67, 3, 0, 0, 0.30, 1851, 1162, 6206.25, 17443, 15888
1695254252, 0, 0, 30, 0, 0, 6813.67, 3, 0, 0, 6.21, 1853, 1162, 6206.25, 17443, 15888
1695254253, 0, 0, 30, 0, 0, 6813.67, 3, 0, 0, 12.42, 1855, 1164, 6206.25, 17443, 15888
1695254253, 0, 0, 30, 0, 0, 6813.67, 3, 0, 0, 8.17, 1857, 1165, 6206.25, 17443, 15888
1695254259, 0, 0, 30, 0, 0, 6813.67, 3, 0, 0, 0.17, 1858, 1165, 6206.25, 17443, 15888
1695254263, 0, 0, 30, 0, 0, 6813.67, 3, 0, 0, 0.23, 1859, 1165, 6206.25, 17443, 15888
1695254268, 0, 0, 30, 0, 0, 6813.67, 3, 0, 0, 0.64, 1862, 1165, 6206.25, 17443, 15888
1695254268, 0, 0, 30, 0, 0, 6813.67, 3, 0, 0, 18.99, 1864, 1169, 6206.25, 17443, 15888
1695254269, 0, 0, 30, 0, 0, 6813.67, 3, 0, 0, 17.96, 1867, 1172, 6206.25, 17443, 15888
1695254269, 0, 0, 30, 0, 0, 6813.67, 3, 0, 0, 15.82, 1870, 1174, 6206.25, 17443, 15888
1695254269, 0, 0, 30, 0, 0, 6813.67, 3, 0, 0, 19.61, 1874, 1176, 6206.25, 17443, 15888
1695254269, 0, 0, 30, 0, 0, 6813.67, 3, 0, 0, 20.83, 1877, 1180, 6206.25, 17443, 15888
1695254270, 0, 0, 30, 0, 0, 6813.67, 3, 0, 0, 19.54, 1879, 1184, 6206.25, 17443, 15888
1695254274, 0, 0, 30, 0, 0, 6813.67, 3, 0, 0, 0.66, 1880, 1186, 6206.25, 17443, 15888
1695254275, 0, 0, 30, 0, 0, 6813.67, 3, 0, 0, 12.99, 1881, 1189, 6206.25, 17443, 15888
1695254275, 0, 0, 30, 0, 0, 6813.67, 3, 0, 0, 11.02, 1881, 1193, 6206.25, 17443, 15888
1695254275, 0, 0, 30, 0, 0, 6813.67, 3, 0, 0, 7.75, 1882, 1195, 6206.25, 17443, 15888
1695254276, 0, 0, 30, 0, 0, 6813.67, 3, 0, 0, 9.65, 1884, 1196, 6206.25, 17443, 15888
1695254276, 0, 0, 30, 0, 0, 6813.67, 3, 0, 0, 9.74, 1886, 1197, 6206.25, 17443, 15888
1695254276, 0, 0, 30, 0, 0, 6813.67, 3, 0, 0, 8.57, 1888, 1198, 6206.25, 17443, 15888
1695254277, 0, 0, 30, 0, 0, 6813.67, 3, 0, 0, 14.62, 1891, 1200, 6206.25, 17443, 15888
1695254281, 0, 0, 30, 0, 0, 6813.67, 3, 0, 0, 0.49, 1893, 1200, 6206.25, 17443, 15888
1695254281, 0, 0, 30, 0, 0, 6813.67, 3, 0, 0, 7.37, 1894, 1202, 6206.25, 17443, 15888
1695254282, 0, 0, 30, 0, 0, 6813.67, 3, 0, 0, 8.09, 1896, 1203, 6206.25, 17443, 15888
1695254287, 0, 0, 30, 0, 0, 6813.67, 3, 0, 0, 0.18, 1897, 1203, 6206.25, 17443, 15888
1695254287, 0, 0, 30, 0, 0, 6813.67, 3, 0, 0, 22.73, 1901, 1206, 6206.25, 17443, 15888
1695254291, 0, 0, 30, 0, 0, 6813.67, 3, 0, 0, 0.31, 1902, 1206, 6206.25, 17443, 15888
1695254296, 0, 0, 30, 0, 0, 6813.67, 3, 0, 0, 0.18, 1903, 1206, 6206.25, 17443, 15888
1695254297, 0, 0, 30, 0, 0, 6813.67, 3, 0, 0, 15.97, 1906, 1208, 6206.25, 17443, 15888
1695254297, 0, 0, 30, 0, 0, 6813.67, 3, 0, 0, 8.11, 1908, 1209, 6206.25, 17443, 15888
1695254297, 0, 0, 30, 0, 0, 6813.67, 3, 0, 0, 18.69, 1913, 1210, 6206.25, 17443, 15888
1695254298, 0, 0, 30, 0, 0, 6813.67, 3, 0, 0, 17.75, 1917, 1212, 6206.25, 17443, 15888
1695254303, 0, 0, 30, 0, 0, 6813.67, 3, 0, 0, 0.57, 1919, 1213, 6206.25, 17443, 15888
1695254303, 0, 0, 30, 0, 0, 6813.67, 3, 0, 0, 15.15, 1921, 1216, 6206.25, 17443, 15888
1695254308, 0, 0, 30, 0, 0, 6813.67, 3, 0, 0, 0.43, 1923, 1216, 6206.25, 17443, 15888
1695254308, 0, 0, 30, 0, 0, 6813.67, 3, 0, 0, 17.80, 1926, 1219, 6206.25, 17443, 15888
1695254314, 0, 0, 30, 0, 0, 6813.67, 3, 0, 0, 0.17, 1927, 1219, 6206.25, 17443, 15888
1695254314, 0, 0, 30, 0, 0, 6813.67, 3, 0, 0, 10.00, 1928, 1221, 6206.25, 17443, 15888
1695254315, 0, 0, 30, 0, 0, 6813.67, 3, 0, 0, 11.56, 1931, 1222, 6206.25, 17443, 15888
1695254315, 0, 0, 30, 0, 0, 6813.67, 3, 0, 0, 8.67, 1932, 1224, 6206.25, 17443, 15888
1695254315, 0, 0, 30, 0, 0, 6813.67, 3, 0, 0, 11.05, 1935, 1225, 6206.25, 17443, 15888
1695254326, 0, 0, 30, 0, 0, 6813.67, 3, 0, 0, 0.37, 1938, 1226, 6206.25, 17443, 15888
1695254326, 0, 0, 30, 0, 0, 6813.67, 3, 0, 0, 18.99, 1940, 1230, 6206.25, 17443, 15888
1695254333, 0, 0, 30, 0, 0, 6813.67, 3, 0, 0, 0.59, 1943, 1231, 6206.25, 17443, 15888
1695254338, 0, 0, 30, 0, 0, 6813.67, 3, 0, 0, 0.23, 1944, 1231, 6206.25, 17443, 15888
1695254338, 0, 0, 30, 0, 0, 6813.67, 3, 0, 0, 15.87, 1945, 1235, 6206.25, 17443, 15888
1695254345, 0, 0, 30, 0, 0, 6813.67, 3, 0, 0, 0.14, 1946, 1235, 6206.25, 17443, 15888
1695254345, 0, 0, 30, 0, 0, 6813.67, 3, 0, 0, 5.76, 1947, 1236, 6206.25, 17443, 15888
1695254346, 0, 0, 30, 0, 0, 6813.67, 3, 0, 0, 5.15, 1950, 1236, 6206.25, 17443, 15888
1695254346, 0, 0, 30, 0, 0, 6813.67, 3, 0, 0, 12.69, 1953, 1238, 6206.25, 17443, 15888
1695254351, 0, 0, 30, 0, 0, 6813.67, 3, 0, 0, 0.37, 1955, 1238, 6206.25, 17443, 15888
1695254366, 0, 0, 30, 0, 0, 6813.67, 3, 0, 0, 0.21, 1958, 1238, 6206.25, 17443, 15888
1695254366, 0, 0, 30, 0, 0, 6813.67, 3, 0, 0, 12.23, 1962, 1238, 6206.25, 17443, 15888
1695254366, 0, 0, 30, 0, 0, 6813.67, 3, 0, 0, 13.16, 1965, 1239, 6206.25, 17443, 15888
1695254373, 0, 0, 31, 0, 0, 6814.84, 3, 0, 0, 0.44, 1967, 1240, 6207.42, 17446, 15891
1695254373, 0, 0, 31, 0, 0, 6814.84, 3, 0, 0, 16.03, 1972, 1240, 6207.42, 17446, 15891
1695254374, 0, 0, 31, 0, 0, 6814.84, 3, 0, 0, 7.92, 1974, 1241, 6207.42, 17446, 15891
1695254374, 0, 0, 31, 0, 0, 6814.84, 3, 0, 0, 12.27, 1977, 1242, 6207.42, 17446, 15891
1695254374, 0, 0, 31, 0, 0, 6814.84, 3, 0, 0, 14.53, 1979, 1245, 6207.42, 17446, 15891
1695254380, 0, 0, 31, 0, 0, 6814.84, 3, 0, 0, 0.35, 1980, 1246, 6207.42, 17446, 15891
1695254380, 0, 0, 31, 0, 0, 6814.84, 3, 0, 0, 22.73, 1983, 1250, 6207.42, 17446, 15891
1695254381, 0, 0, 31, 0, 0, 6814.84, 3, 0, 0, 16.50, 1987, 1251, 6207.42, 17446, 15891
1695254381, 0, 0, 31, 0, 0, 6814.84, 3, 0, 0, 18.69, 1990, 1254, 6207.42, 17446, 15891
1695254383, 0, 0, 31, 0, 0, 6814.84, 3, 0, 0, 2.41, 1993, 1256, 6207.42, 17446, 15891
1695254383, 0, 0, 31, 0, 0, 6814.84, 3, 0, 0, 17.80, 1999, 1256, 6207.42, 17446, 15891
1695254386, 0, 0, 31, 0, 0, 6814.84, 3, 0, 0, 0.40, 2000, 1256, 6207.42, 17446, 15891
1695254386, 0, 0, 31, 0, 0, 6814.84, 3, 0, 0, 15.92, 2001, 1260, 6207.42, 17446, 15891
1695254391, 0, 0, 31, 0, 0, 6814.84, 3, 0, 0, 0.23, 2002, 1260, 6207.42, 17446, 15891
1695254391, 0, 0, 31, 0, 0, 6814.84, 3, 0, 0, 22.36, 2007, 1262, 6207.42, 17446, 15891
1695254393, 0, 0, 31, 0, 0, 6814.84, 3, 0, 0, 0.41, 2008, 1262, 6207.42, 17446, 15891
1695254394, 0, 0, 31, 0, 0, 6814.84, 3, 0, 0, 18.93, 2010, 1266, 6207.42, 17446, 15891
1695254397, 0, 0, 31, 0, 0, 6814.84, 3, 0, 0, 1.42, 2013, 1267, 6207.42, 17446, 15891
1695254399, 0, 0, 31, 0, 0, 6814.84, 3, 0, 0, 0.39, 2013, 1268, 6207.42, 17446, 15891
1695254400, 0, 0, 31, 0, 0, 6814.84, 3, 0, 0, 9.26, 2016, 1268, 6207.42, 17446, 15891
1695254405, 0, 0, 31, 0, 0, 6814.84, 3, 0, 0, 0.19, 2017, 1268, 6207.42, 17446, 15891
1695254408, 0, 0, 31, 0, 0, 6814.84, 3, 0, 0, 0.30, 2018, 1268, 6207.42, 17446, 15891
1695254408, 0, 0, 31, 0, 0, 6814.84, 3, 0, 0, 12.50, 2020, 1270, 6207.42, 17446, 15891
1695254409, 0, 0, 31, 0, 0, 6814.84, 3, 0, 0, 16.56, 2022, 1273, 6207.42, 17446, 15891
1695254414, 0, 0, 31, 0, 0, 6814.84, 3, 0, 0, 0.56, 2023, 1275, 6207.42, 17446, 15891
1695254414, 0, 0, 31, 0, 0, 6814.84, 3, 0, 0, 7.28, 2023, 1278, 6207.42, 17446, 15891
1695254418, 0, 0, 31, 0, 0, 6814.84, 3, 0, 0, 0.27, 2024, 1278, 6207.42, 17446, 15891
1695254424, 0, 0, 31, 0, 0, 6814.84, 3, 0, 0, 0.18, 2025, 1278, 6207.42, 17446, 15891
1695254424, 0, 0, 31, 0, 0, 6814.84, 3, 0, 0, 6.62, 2026, 1279, 6207.42, 17446, 15891
1695254424, 0, 0, 31, 0, 0, 6814.84, 3, 0, 0, 7.04, 2029, 1279, 6207.42, 17446, 15891
1695254425, 0, 0, 31, 0, 0, 6814.84, 3, 0, 0, 13.20, 2031, 1281, 6207.42, 17446, 15891
1695254425, 0, 0, 31, 0, 0, 6814.84, 3, 0, 0, 11.83, 2034, 1282, 6207.42, 17446, 15891
1695254425, 0, 0, 31, 0, 0, 6814.84, 3, 0, 0, 13.30, 2035, 1286, 6207.42, 17446, 15891
1695254429, 0, 0, 31, 0, 0, 6814.84, 3, 0, 0, 0.55, 2036, 1287, 6207.42, 17446, 15891
1695254434, 0, 0, 31, 0, 0, 6814.84, 3, 0, 0, 0.54, 2039, 1287, 6207.42, 17446, 15891
1695254435, 0, 0, 31, 0, 0, 6814.84, 3, 0, 0, 11.53, 2040, 1290, 6207.42, 17446, 15891
1695254435, 0, 0, 31, 0, 0, 6814.84, 3, 0, 0, 12.94, 2042, 1292, 6207.42, 17446, 15891
1695254435, 0, 0, 31, 0, 0, 6814.84, 3, 0, 0, 11.70, 2044, 1294, 6207.42, 17446, 15891
1695254436, 0, 0, 31, 0, 0, 6814.84, 3, 0, 0, 8.93, 2047, 1294, 6207.42, 17446, 15891
1695254436, 0, 0, 31, 0, 0, 6814.84, 3, 0, 0, 9.32, 2049, 1295, 6207.42, 17446, 15891
1695254439, 0, 0, 31, 0, 0, 6814.84, 3, 0, 0, 1.01, 2052, 1295, 6207.42, 17446, 15891
1695254448, 0, 0, 31, 0, 0, 6814.84, 3, 0, 0, 0.33, 2055, 1295, 6207.42, 17446, 15891
1695254449, 0, 0, 31, 0, 0, 6814.84, 3, 0, 0, 13.07, 2059, 1295, 6207.42, 17446, 15891
1695254454, 0, 0, 31, 0, 0, 6814.84, 3, 0, 0, 0.97, 2061, 1298, 6207.42, 17446, 15891
1695254454, 0, 0, 31, 0, 0, 6814.84, 3, 0, 0, 7.73, 2063, 1299, 6207.42, 17446, 15891
1695254458, 0, 0, 31, 0, 0, 6814.84, 3, 0, 0, 0.74, 2065, 1300, 6207.42, 17446, 15891
1695254463, 0, 0, 31, 0, 0, 6814.84, 3, 0, 0, 0.38, 2067, 1300, 6207.42, 17446, 15891
1695254464, 0, 0, 31, 0, 0, 6814.84, 3, 0, 0, 8.88, 2068, 1302, 6207.42, 17446, 15891
1695254467, 0, 0, 31, 0, 0, 6814.84, 3, 0, 0, 1.21, 2071, 1303, 6207.42, 17446, 15891
1695254498, 0, 0, 31, 0, 0, 6814.84, 3, 0, 0, 0.06, 2073, 1303, 6207.42, 17446, 15891
1695254498, 0, 0, 31, 0, 0, 6814.84, 3, 0, 0, 10.23, 2075, 1305, 6207.42, 17446, 15891
1695254499, 0, 0, 31, 0, 0, 6814.84, 3, 0, 0, 12.05, 2078, 1307, 6207.42, 17446, 15891
1695254508, 0, 0, 31, 0, 0, 6814.84, 3, 0, 0, 0.11, 2079, 1307, 6207.42, 17446, 15891
1695254508, 0, 0, 31, 0, 0, 6814.84, 3, 0, 0, 8.38, 2080, 1309, 6207.42, 17446, 15891
1695254513, 0, 0, 31, 0, 0, 6814.84, 3, 0, 0, 0.97, 2084, 1310, 6207.42, 17446, 15891
1695254517, 0, 0, 31, 0, 0, 6814.84, 3, 0, 0, 1.14, 2087, 1311, 6207.42, 17446, 15891
1695254517, 0, 0, 31, 0, 0, 6814.84, 3, 0, 0, 9.38, 2089, 1312, 6207.42, 17446, 15891
1695254517, 0, 0, 31, 0, 0, 6814.84, 3, 0, 0, 14.49, 2094, 1312, 6207.42, 17446, 15891
1695254522, 0, 0, 31, 0, 0, 6814.84, 3, 0, 0, 0.60, 2097, 1312, 6207.42, 17446, 15891
1695254523, 0, 0, 31, 0, 0, 6814.84, 3, 0, 0, 11.70, 2100, 1313, 6207.42, 17446, 15891
1695254526, 0, 0, 31, 0, 0, 6814.84, 3, 0, 0, 0.28, 2101, 1313, 6207.42, 17446, 15891
1695254527, 0, 0, 31, 0, 0, 6814.84, 3, 0, 0, 13.33, 2102, 1316, 6207.42, 17446, 15891
1695254532, 0, 0, 31, 0, 0, 6814.84, 3, 0, 0, 0.54, 2103, 1318, 6207.42, 17446, 15891
1695254533, 0, 0, 31, 0, 0, 6814.84, 3, 0, 0, 9.52, 2104, 1320, 6207.42, 17446, 15891
1695254533, 0, 0, 31, 0, 0, 6814.84, 3, 0, 0, 11.73, 2106, 1322, 6207.42, 17446, 15891
1695254542, 0, 0, 31, 0, 0, 6814.84, 3, 0, 0, 0.22, 2107, 1323, 6207.42, 17446, 15891
1695254542, 0, 0, 31, 0, 0, 6814.84, 3, 0, 0, 8.45, 2107, 1326, 6207.42, 17446, 15891
1695254543, 0, 0, 31, 0, 0, 6814.84, 3, 0, 0, 11.02, 2110, 1327, 6207.42, 17446, 15891
1695254547, 0, 0, 31, 0, 0, 6814.84, 3, 0, 0, 0.70, 2113, 1327, 6207.42, 17446, 15891
1695254548, 0, 0, 31, 0, 0, 6814.84, 3, 0, 0, 6.73, 2116, 1327, 6207.42, 17446, 15891
1695254548, 0, 0, 31, 0, 0, 6814.84, 3, 0, 0, 4.76, 2117, 1328, 6207.42, 17446, 15891
1695254548, 0, 0, 31, 0, 0, 6814.84, 3, 0, 0, 9.76, 2119, 1330, 6207.42, 17446, 15891
1695254549, 0, 0, 31, 0, 0, 6814.84, 3, 0, 0, 9.48, 2119, 1334, 6207.42, 17446, 15891
1695254549, 0, 0, 31, 0, 0, 6814.84, 3, 0, 0, 5.97, 2120, 1335, 6207.42, 17446, 15891
1695254564, 0, 0, 31, 0, 0, 6814.84, 3, 0, 0, 0.20, 2122, 1336, 6207.42, 17446, 15891
1695254564, 0, 0, 31, 0, 0, 6814.84, 3, 0, 0, 8.00, 2123, 1338, 6207.42, 17446, 15891
1695254565, 0, 0, 31, 0, 0, 6814.84, 3, 0, 0, 8.40, 2125, 1339, 6207.42, 17446, 15891
1695254565, 0, 0, 31, 0, 0, 6814.84, 3, 0, 0, 16.39, 2126, 1343, 6207.42, 17446, 15891
1695254565, 0, 0, 31, 0, 0, 6814.84, 3, 0, 0, 11.24, 2128, 1346, 6207.42, 17446, 15891
1695254566, 0, 0, 31, 0, 0, 6814.84, 3, 0, 0, 12.70, 2129, 1349, 6207.42, 17446, 15891
1695254569, 0, 0, 31, 0, 0, 6814.84, 3, 0, 0, 0.86, 2132, 1349, 6207.42, 17446, 15891
1695254570, 0, 0, 31, 0, 0, 6814.84, 3, 0, 0, 7.38, 2135, 1350, 6207.42, 17446, 15891
1695254570, 0, 0, 31, 0, 0, 6814.84, 3, 0, 0, 4.72, 2136, 1351, 6207.42, 17446, 15891
1695254576, 0, 0, 31, 0, 0, 6814.84, 3, 0, 0, 0.36, 2137, 1352, 6207.42, 17446, 15891
1695254579, 0, 0, 31, 0, 0, 6814.84, 3, 0, 0, 0.56, 2139, 1352, 6207.42, 17446, 15891
1695254580, 0, 0, 31, 0, 0, 6814.84, 3, 0, 0, 7.61, 2141, 1353, 6207.42, 17446, 15891
1695254580, 0, 0, 31, 0, 0, 6814.84, 3, 0, 0, 9.49, 2144, 1353, 6207.42, 17446, 15891
1695254581, 0, 0, 31, 0, 0, 6814.84, 3, 0, 0, 4.34, 2145, 1354, 6207.42, 17446, 15891
1695254581, 0, 0, 31, 0, 0, 6814.84, 3, 0, 0, 5.71, 2147, 1354, 6207.42, 17446, 15891
1695254585, 0, 0, 31, 0, 0, 6814.84, 3, 0, 0, 0.23, 2148, 1354, 6207.42, 17446, 15891
1695254599, 0, 0, 31, 0, 0, 6814.84, 3, 0, 0, 0.07, 2149, 1354, 6207.42, 17446, 15891
1695254599, 0, 0, 31, 0, 0, 6814.84, 3, 0, 0, 12.54, 2152, 1355, 6207.42, 17446, 15891
1695254600, 0, 0, 31, 0, 0, 6814.84, 3, 0, 0, 6.54, 2154, 1356, 6207.42, 17446, 15891
1695254603, 0, 0, 31, 0, 0, 6814.84, 3, 0, 0, 0.30, 2154, 1357, 6207.42, 17446, 15891
1695254604, 0, 0, 31, 0, 0, 6814.84, 3, 0, 0, 6.29, 2155, 1358, 6207.42, 17446, 15891
1695254604, 0, 0, 31, 0, 0, 6814.84, 3, 0, 0, 6.35, 2156, 1359, 6207.42, 17446, 15891
1695254604, 0, 0, 31, 0, 0, 6814.84, 3, 0, 0, 9.43, 2156, 1362, 6207.42, 17446, 15891
1695254605, 0, 0, 31, 0, 0, 6814.84, 3, 0, 0, 7.98, 2157, 1364, 6207.42, 17446, 15891
1695254605, 0, 0, 31, 0, 0, 6814.84, 3, 0, 0, 5.56, 2158, 1365, 6207.42, 17446, 15891
1695254605, 0, 0, 31, 0, 0, 6814.84, 3, 0, 0, 5.85, 2160, 1365, 6207.42, 17446, 15891
1695254606, 0, 0, 31, 0, 0, 6814.84, 3, 0, 0, 4.83, 2161, 1366, 6207.42, 17446, 15891
1695254610, 0, 0, 31, 0, 0, 6814.84, 3, 0, 0, 0.47, 2163, 1366, 6207.42, 17446, 15891
1695254614, 0, 0, 31, 0, 0, 6814.84, 3, 0, 0, 0.47, 2165, 1366, 6207.42, 17446, 15891
1695254614, 0, 0, 31, 0, 0, 6814.84, 3, 0, 0, 9.68, 2167, 1367, 6207.42, 17446, 15891
1695254619, 0, 0, 31, 0, 0, 6814.84, 3, 0, 0, 0.41, 2169, 1367, 6207.42, 17446, 15891
1695254620, 0, 0, 31, 0, 0, 6814.84, 3, 0, 0, 13.81, 2172, 1369, 6207.42, 17446, 15891
1695254625, 0, 0, 31, 0, 0, 6814.84, 3, 0, 0, 0.53, 2175, 1369, 6207.42, 17446, 15891
1695254630, 0, 0, 31, 0, 0, 6814.84, 3, 0, 0, 0.23, 2176, 1369, 6207.42, 17446, 15891
1695254630, 0, 0, 31, 0, 0, 6814.84, 3, 0, 0, 9.32, 2178, 1370, 6207.42, 17446, 15891
1695254633, 0, 0, 31, 0, 0, 6814.84, 3, 0, 0, 1.62, 2178, 1375, 6207.42, 17446, 15891
1695254633, 0, 0, 31, 0, 0, 6814.84, 3, 0, 0, 11.98, 2181, 1376, 6207.42, 17446, 15891
1695254634, 0, 0, 31, 0, 0, 6814.84, 3, 0, 0, 5.92, 2183, 1376, 6207.42, 17446, 15891
1695254639, 0, 0, 31, 0, 0, 6814.84, 3, 0, 0, 0.62, 2185, 1377, 6207.42, 17446, 15891
1695254643, 0, 0, 31, 0, 0, 6814.84, 3, 0, 0, 0.70, 2187, 1378, 6207.42, 17446, 15891
1695254649, 0, 0, 31, 0, 0, 6814.84, 3, 0, 0, 0.15, 2188, 1378, 6207.42, 17446, 15891
1695254663, 0, 0, 31, 0, 0, 6814.84, 3, 0, 0, 0.23, 2190, 1379, 6207.42, 17446, 15891
1695254666, 0, 0, 31, 0, 0, 6814.84, 3, 0, 0, 1.28, 2193, 1381, 6207.42, 17446, 15891
1695254667, 0, 0, 31, 0, 0, 6814.84, 3, 0, 0, 2.15, 2194, 1381, 6207.42, 17446, 15891
1695254667, 0, 0, 31, 0, 0, 6814.84, 3, 0, 0, 8.90, 2196, 1382, 6207.42, 17446, 15891
1695254668, 0, 0, 31, 0, 0, 6814.84, 3, 0, 0, 7.77, 2198, 1383, 6207.42, 17446, 15891
1695254668, 0, 0, 31, 0, 0, 6814.84, 3, 0, 0, 7.26, 2199, 1385, 6207.42, 17446, 15891
1695254669, 0, 0, 31, 0, 0, 6814.84, 3, 0, 0, 3.95, 2199, 1387, 6207.42, 17446, 15891
1695254674, 0, 0, 31, 0, 0, 6814.84, 3, 0, 0, 0.36, 2201, 1387, 6207.42, 17446, 15891
1695254674, 0, 0, 31, 0, 0, 6814.84, 3, 0, 0, 12.69, 2204, 1389, 6207.42, 17446, 15891
1695254675, 0, 0, 31, 0, 0, 6814.84, 3, 0, 0, 6.43, 2206, 1389, 6207.42, 17446, 15891
1695254681, 0, 0, 31, 0, 0, 6814.84, 3, 0, 0, 0.17, 2207, 1389, 6207.42, 17446, 15891
1695254681, 0, 0, 31, 0, 0, 6814.84, 3, 0, 0, 7.44, 2209, 1390, 6207.42, 17446, 15891
1695254682, 0, 0, 31, 0, 0, 6814.84, 3, 0, 0, 5.81, 2210, 1391, 6207.42, 17446, 15891
1695254682, 0, 0, 31, 0, 0, 6814.84, 3, 0, 0, 4.87, 2210, 1393, 6207.42, 17446, 15891
1695254682, 0, 0, 31, 0, 0, 6814.84, 3, 0, 0, 8.00, 2211, 1395, 6207.42, 17446, 15891
1695254688, 0, 0, 31, 0, 0, 6814.84, 3, 0, 0, 0.33, 2212, 1396, 6207.42, 17446, 15891
1695254696, 0, 0, 31, 0, 0, 6814.84, 3, 0, 0, 0.53, 2215, 1397, 6207.42, 17446, 15891
1695254696, 0, 0, 31, 0, 0, 6814.84, 3, 0, 0, 8.88, 2218, 1397, 6207.42, 17446, 15891
1695254697, 0, 0, 31, 0, 0, 6814.84, 3, 0, 0, 9.90, 2221, 1398, 6207.42, 17446, 15891
1695254697, 0, 0, 31, 0, 0, 6814.84, 3, 0, 0, 15.15, 2225, 1399, 6207.42, 17446, 15891
1695254697, 0, 0, 31, 0, 0, 6814.84, 3, 0, 0, 9.23, 2227, 1400, 6207.42, 17446, 15891
1695254698, 0, 0, 31, 0, 0, 6814.84, 3, 0, 0, 9.43, 2229, 1401, 6207.42, 17446, 15891
1695254698, 0, 0, 31, 0, 0, 6814.84, 3, 0, 0, 13.03, 2231, 1403, 6207.42, 17446, 15891
1695254698, 0, 0, 31, 0, 0, 6814.84, 3, 0, 0, 9.97, 2234, 1403, 6207.42, 17446, 15891
1695254699, 0, 0, 31, 0, 0, 6814.84, 3, 0, 0, 11.33, 2238, 1403, 6207.42, 17446, 15891
1695254699, 0, 0, 31, 0, 0, 6814.84, 3, 0, 0, 9.17, 2241, 1403, 6207.42, 17446, 15891
1695254699, 0, 0, 31, 0, 0, 6814.84, 3, 0, 0, 9.35, 2243, 1404, 6207.42, 17446, 15891
1695254706, 0, 0, 31, 0, 0, 6814.84, 3, 0, 0, 0.15, 2244, 1404, 6207.42, 17446, 15891
1695254710, 0, 0, 31, 0, 0, 6814.84, 3, 0, 0, 0.43, 2245, 1405, 6207.42, 17446, 15891
1695254711, 0, 0, 31, 0, 0, 6814.84, 3, 0, 0, 9.55, 2248, 1405, 6207.42, 17446, 15891
1695254711, 0, 0, 31, 0, 0, 6814.84, 3, 0, 0, 5.70, 2250, 1405, 6207.42, 17446, 15891
1695254711, 0, 0, 31, 0, 0, 6814.84, 3, 0, 0, 2.81, 2250, 1406, 6207.42, 17446, 15891
1695254712, 0, 0, 31, 0, 0, 6814.84, 3, 0, 0, 3.05, 2250, 1407, 6207.42, 17446, 15891
1695254712, 0, 0, 31, 0, 0, 6814.84, 3, 0, 0, 2.91, 2251, 1407, 6207.42, 17446, 15891
1695254717, 0, 0, 31, 0, 0, 6814.84, 3, 0, 0, 0.62, 2254, 1407, 6207.42, 17446, 15891
1695254717, 0, 0, 31, 0, 0, 6814.84, 3, 0, 0, 10.00, 2256, 1408, 6207.42, 17446, 15891
1695254721, 0, 0, 31, 0, 0, 6814.84, 3, 0, 0, 0.76, 2258, 1409, 6207.42, 17446, 15891
1695254722, 0, 0, 31, 0, 0, 6814.84, 3, 0, 0, 5.24, 2259, 1410, 6207.42, 17446, 15891
1695254727, 0, 0, 31, 0, 0, 6814.84, 3, 0, 0, 0.72, 2262, 1411, 6207.42, 17446, 15891
1695254727, 0, 0, 31, 0, 0, 6814.84, 3, 0, 0, 9.20, 2263, 1413, 6207.42, 17446, 15891
1695254728, 0, 0, 31, 0, 0, 6814.84, 3, 0, 0, 11.56, 2267, 1413, 6207.42, 17446, 15891
1695254728, 0, 0, 31, 0, 0, 6814.84, 3, 0, 0, 13.89, 2269, 1416, 6207.42, 17446, 15891
1695254754, 0, 0, 31, 0, 0, 6814.84, 3, 0, 0, 0.12, 2272, 1416, 6207.42, 17446, 15891
1695254759, 0, 0, 31, 0, 0, 6814.84, 3, 0, 0, 0.69, 2275, 1416, 6207.42, 17446, 15891
1695254767, 0, 0, 31, 0, 0, 6814.84, 3, 0, 0, 0.34, 2276, 1418, 6207.42, 17446, 15891
1695254771, 0, 0, 31, 0, 0, 6814.84, 3, 0, 0, 0.56, 2277, 1419, 6207.42, 17446, 15891
1695254771, 0, 0, 31, 0, 0, 6814.84, 3, 0, 0, 5.41, 2279, 1420, 6207.42, 17446, 15891
1695254781, 0, 0, 31, 0, 0, 6814.84, 3, 0, 0, 0.20, 2280, 1421, 6207.42, 17446, 15891
1695254782, 0, 0, 31, 0, 0, 6814.84, 3, 0, 0, 8.82, 2283, 1421, 6207.42, 17446, 15891
1695254782, 0, 0, 31, 0, 0, 6814.84, 3, 0, 0, 9.83, 2285, 1423, 6207.42, 17446, 15891
1695254782, 0, 0, 31, 0, 0, 6814.84, 3, 0, 0, 11.59, 2286, 1426, 6207.42, 17446, 15891
1695254783, 0, 0, 31, 0, 0, 6814.84, 3, 0, 0, 7.41, 2288, 1428, 6207.42, 17446, 15891
1695254783, 0, 0, 31, 0, 0, 6814.84, 3, 0, 0, 5.78, 2289, 1430, 6207.42, 17446, 15891
1695254790, 0, 0, 31, 0, 0, 6814.84, 3, 0, 0, 0.29, 2291, 1430, 6207.42, 17446, 15891
1695254796, 0, 0, 31, 0, 0, 6814.84, 3, 0, 0, 0.55, 2292, 1432, 6207.42, 17446, 15891
1695254796, 0, 0, 31, 0, 0, 6814.84, 3, 0, 0, 5.51, 2294, 1432, 6207.42, 17446, 15891
1695254797, 0, 0, 31, 0, 0, 6814.84, 3, 0, 0, 5.47, 2296, 1433, 6207.42, 17446, 15891
1695254797, 0, 0, 31, 0, 0, 6814.84, 3, 0, 0, 3.76, 2298, 1433, 6207.42, 17446, 15891
1695254804, 0, 0, 31, 0, 0, 6814.84, 3, 0, 0, 0.30, 2300, 1433, 6207.42, 17446, 15891
1695254804, 0, 0, 31, 0, 0, 6814.84, 3, 0, 0, 5.48, 2302, 1433, 6207.42, 17446, 15891
1695254810, 0, 0, 31, 0, 0, 6814.84, 3, 0, 0, 0.18, 2303, 1433, 6207.42, 17446, 15891
1695254810, 0, 0, 31, 0, 0, 6814.84, 3, 0, 0, 9.90, 2303, 1436, 6207.42, 17446, 15891
1695254811, 0, 0, 31, 0, 0, 6814.84, 3, 0, 0, 9.04, 2305, 1437, 6207.42, 17446, 15891
1695254811, 0, 0, 31, 0, 0, 6814.84, 3, 0, 0, 8.00, 2306, 1439, 6207.42, 17446, 15891
1695254811, 0, 0, 31, 0, 0, 6814.84, 3, 0, 0, 9.06, 2308, 1440, 6207.42, 17446, 15891
1695254812, 0, 0, 31, 0, 0, 6814.84, 3, 0, 0, 11.27, 2310, 1442, 6207.42, 17446, 15891
1695254812, 0, 0, 31, 0, 0, 6814.84, 3, 0, 0, 6.55, 2311, 1444, 6207.42, 17446, 15891
1695254813, 0, 0, 31, 0, 0, 6814.84, 3, 0, 0, 7.50, 2312, 1446, 6207.42, 17446, 15891
1695254813, 0, 0, 31, 0, 0, 6814.84, 3, 0, 0, 5.51, 2312, 1448, 6207.42, 17446, 15891
1695254814, 0, 0, 31, 0, 0, 6814.84, 3, 0, 0, 6.36, 2315, 1449, 6207.42, 17446, 15891
1695254814, 0, 0, 31, 0, 0, 6814.84, 3, 0, 0, 3.11, 2316, 1449, 6207.42, 17446, 15891
1695254838, 0, 0, 31, 0, 0, 6814.84, 3, 0, 0, 0.08, 2318, 1449, 6207.42, 17446, 15891
1695254838, 0, 0, 31, 0, 0, 6814.84, 3, 0, 0, 9.90, 2319, 1451, 6207.42, 17446, 15891
1695254838, 0, 0, 31, 0, 0, 6814.84, 3, 0, 0, 9.38, 2320, 1453, 6207.42, 17446, 15891
1695254845, 0, 0, 31, 0, 0, 6814.84, 3, 0, 0, 0.14, 2321, 1453, 6207.42, 17446, 15891
1695254849, 0, 0, 31, 0, 0, 6814.84, 3, 0, 0, 0.26, 2322, 1453, 6207.42, 17446, 15891
1695254850, 0, 0, 31, 0, 0, 6814.84, 3, 0, 0, 5.40, 2324, 1454, 6207.42, 17446, 15891
1695254850, 0, 0, 31, 0, 0, 6814.84, 3, 0, 0, 4.94, 2325, 1455, 6207.42, 17446, 15891
1695254851, 0, 0, 31, 0, 0, 6814.84, 3, 0, 0, 6.35, 2326, 1456, 6207.42, 17446, 15891
1695254851, 0, 0, 31, 0, 0, 6814.84, 3, 0, 0, 7.18, 2327, 1458, 6207.42, 17446, 15891
1695254851, 0, 0, 31, 0, 0, 6814.84, 3, 0, 0, 4.56, 2329, 1458, 6207.42, 17446, 15891
1695254857, 0, 0, 31, 0, 0, 6814.84, 3, 0, 0, 0.35, 2330, 1459, 6207.42, 17446, 15891
1695254881, 0, 0, 31, 0, 0, 6814.84, 3, 0, 0, 0.13, 2333, 1459, 6207.42, 17446, 15891
1695254881, 0, 0, 31, 0, 0, 6814.84, 3, 0, 0, 5.68, 2335, 1459, 6207.42, 17446, 15891
1695254881, 0, 0, 31, 0, 0, 6814.84, 3, 0, 0, 9.26, 2337, 1460, 6207.42, 17446, 15891
1695254885, 0, 0, 31, 0, 0, 6814.84, 3, 0, 0, 0.57, 2339, 1460, 6207.42, 17446, 15891
1695254885, 0, 0, 31, 0, 0, 6814.84, 3, 0, 0, 10.61, 2342, 1461, 6207.42, 17446, 15891
1695254886, 0, 0, 31, 0, 0, 6814.84, 3, 0, 0, 4.05, 2344, 1461, 6207.42, 17446, 15891
1695254897, 0, 0, 31, 0, 0, 6814.84, 3, 0, 0, 0.27, 2345, 1463, 6207.42, 17446, 15891
1695254897, 0, 0, 31, 0, 0, 6814.84, 3, 0, 0, 9.90, 2347, 1464, 6207.42, 17446, 15891
1695254897, 0, 0, 31, 0, 0, 6814.84, 3, 0, 0, 8.13, 2349, 1465, 6207.42, 17446, 15891
1695254898, 0, 0, 31, 0, 0, 6814.84, 3, 0, 0, 3.97, 2350, 1466, 6207.42, 17446, 15891
1695254898, 0, 0, 31, 0, 0, 6814.84, 3, 0, 0, 9.90, 2351, 1469, 6207.42, 17446, 15891
1695254899, 0, 0, 31, 0, 0, 6814.84, 3, 0, 0, 5.04, 2353, 1469, 6207.42, 17446, 15891
1695254899, 0, 0, 31, 0, 0, 6814.84, 3, 0, 0, 6.58, 2355, 1469, 6207.42, 17446, 15891
1695254903, 0, 0, 31, 0, 0, 6814.84, 3, 0, 0, 0.23, 2356, 1469, 6207.42, 17446, 15891
1695254904, 0, 0, 31, 0, 0, 6814.84, 3, 0, 0, 13.62, 2360, 1470, 6207.42, 17446, 15891
1695254932, 0, 0, 31, 0, 0, 6814.84, 3, 0, 0, 0.04, 2361, 1470, 6207.42, 17446, 15891
1695254932, 0, 0, 31, 0, 0, 6814.84, 3, 0, 0, 12.86, 2364, 1471, 6207.42, 17446, 15891
1695254936, 0, 0, 31, 0, 0, 6814.84, 3, 0, 0, 0.27, 2365, 1471, 6207.42, 17446, 15891
1695254937, 0, 0, 31, 0, 0, 6814.84, 3, 0, 0, 4.71, 2367, 1472, 6207.42, 17446, 15891
1695254937, 0, 0, 31, 0, 0, 6814.84, 3, 0, 0, 5.92, 2369, 1472, 6207.42, 17446, 15891
1695254937, 0, 0, 31, 0, 0, 6814.84, 3, 0, 0, 7.75, 2370, 1474, 6207.42, 17446, 15891
1695254938, 0, 0, 31, 0, 0, 6814.84, 3, 0, 0, 4.02, 2371, 1475, 6207.42, 17446, 15891
1695254938, 0, 0, 31, 0, 0, 6814.84, 3, 0, 0, 6.60, 2372, 1476, 6207.42, 17446, 15891
1695254945, 0, 0, 31, 0, 0, 6814.84, 3, 0, 0, 0.29, 2373, 1477, 6207.42, 17446, 15891
1695254951, 0, 0, 31, 0, 0, 6814.84, 3, 0, 0, 0.51, 2375, 1478, 6207.42, 17446, 15891
1695254951, 0, 0, 31, 0, 0, 6814.84, 3, 0, 0, 11.36, 2377, 1480, 6207.42, 17446, 15891
1695254952, 0, 0, 31, 0, 0, 6814.84, 3, 0, 0, 5.45, 2378, 1481, 6207.42, 17446, 15891
1695254952, 0, 0, 31, 0, 0, 6814.84, 3, 0, 0, 11.83, 2380, 1483, 6207.42, 17446, 15891
1695254953, 0, 0, 31, 0, 0, 6814.84, 3, 0, 0, 14.66, 2382, 1486, 6207.42, 17446, 15891
1695254958, 0, 0, 31, 0, 0, 6814.84, 3, 0, 0, 0.40, 2383, 1487, 6207.42, 17446, 15891
1695254958, 0, 0, 31, 0, 0, 6814.84, 3, 0, 0, 2.34, 2384, 1487, 6207.42, 17446, 15891
1695254958, 0, 0, 31, 0, 0, 6814.84, 3, 0, 0, 4.82, 2385, 1488, 6207.42, 17446, 15891
1695254959, 0, 0, 31, 0, 0, 6814.84, 3, 0, 0, 8.60, 2386, 1490, 6207.42, 17446, 15891
1695254972, 0, 0, 31, 0, 0, 6814.84, 3, 0, 0, 0.15, 2388, 1490, 6207.42, 17446, 15891
1695254972, 0, 0, 31, 0, 0, 6814.84, 3, 0, 0, 10.99, 2391, 1491, 6207.42, 17446, 15891
1695254973, 0, 0, 31, 0, 0, 6814.84, 3, 0, 0, 7.41, 2394, 1491, 6207.42, 17446, 15891
1695254973, 0, 0, 31, 0, 0, 6814.84, 3, 0, 0, 11.70, 2396, 1493, 6207.42, 17446, 15891
1695254973, 0, 0, 31, 0, 0, 6814.84, 3, 0, 0, 16.03, 2398, 1496, 6207.42, 17446, 15891
1695254978, 0, 0, 31, 0, 0, 6814.84, 3, 0, 0, 0.46, 2400, 1496, 6207.42, 17446, 15891
1695254991, 0, 0, 31, 0, 0, 6814.84, 3, 0, 0, 0.15, 2402, 1496, 6207.42, 17446, 15891
1695254992, 0, 0, 31, 0, 0, 6814.84, 3, 0, 0, 11.80, 2404, 1498, 6207.42, 17446, 15891
1695254995, 0, 0, 31, 0, 0, 6814.84, 3, 0, 0, 0.95, 2407, 1498, 6207.42, 17446, 15891
1695254995, 0, 0, 31, 0, 0, 6814.84, 3, 0, 0, 9.97, 2410, 1498, 6207.42, 17446, 15891
1695254995, 0, 0, 31, 0, 0, 6814.84, 3, 0, 0, 12.66, 2413, 1499, 6207.42, 17446, 15891
1695254996, 0, 0, 31, 0, 0, 6814.84, 3, 0, 0, 8.06, 2416, 1499, 6207.42, 17446, 15891
1695254996, 0, 0, 31, 0, 0, 6814.84, 3, 0, 0, 6.52, 2417, 1501, 6207.42, 17446, 15891
1695255003, 0, 0, 31, 0, 0, 6814.84, 3, 0, 0, 0.15, 2418, 1501, 6207.42, 17446, 15891
1695255008, 0, 0, 31, 0, 0, 6814.84, 3, 0, 0, 0.19, 2419, 1501, 6207.42, 17446, 15891
1695255009, 0, 0, 31, 0, 0, 6814.84, 3, 0, 0, 4.73, 2420, 1502, 6207.42, 17446, 15891
1695255009, 0, 0, 31, 0, 0, 6814.84, 3, 0, 0, 5.56, 2421, 1503, 6207.42, 17446, 15891
1695255010, 0, 0, 31, 0, 0, 6814.84, 3, 0, 0, 6.05, 2424, 1503, 6207.42, 17446, 15891
1695255010, 0, 0, 31, 0, 0, 6814.84, 3, 0, 0, 11.02, 2426, 1505, 6207.42, 17446, 15891
1695255010, 0, 0, 31, 0, 0, 6814.84, 3, 0, 0, 10.55, 2428, 1507, 6207.42, 17446, 15891
1695255011, 0, 0, 31, 0, 0, 6814.84, 3, 0, 0, 5.48, 2428, 1509, 6207.42, 17446, 15891
1695255015, 0, 0, 31, 0, 0, 6814.84, 3, 0, 0, 0.24, 2429, 1509, 6207.42, 17446, 15891
1695255015, 0, 0, 31, 0, 0, 6814.84, 3, 0, 0, 6.64, 2431, 1510, 6207.42, 17446, 15891
1695255016, 0, 0, 31, 0, 0, 6814.84, 3, 0, 0, 8.62, 2433, 1511, 6207.42, 17446, 15891
1695255016, 0, 0, 31, 0, 0, 6814.84, 3, 0, 0, 11.40, 2434, 1514, 6207.42, 17446, 15891
1695255022, 0, 0, 31, 0, 0, 6814.84, 3, 0, 0, 0.33, 2436, 1514, 6207.42, 17446, 15891
1695255023, 0, 0, 31, 0, 0, 6814.84, 3, 0, 0, 5.95, 2437, 1515, 6207.42, 17446, 15891
1695255023, 0, 0, 31, 0, 0, 6814.84, 3, 0, 0, 9.52, 2439, 1516, 6207.42, 17446, 15891
1695255026, 0, 0, 31, 0, 0, 6814.84, 3, 0, 0, 0.29, 2440, 1516, 6207.42, 17446, 15891
1695255027, 0, 0, 31, 0, 0, 6814.84, 3, 0, 0, 10.58, 2442, 1518, 6207.42, 17446, 15891
1695255032, 0, 0, 31, 0, 0, 6814.84, 3, 0, 0, 0.76, 2445, 1519, 6207.42, 17446, 15891
1695255032, 0, 0, 31, 0, 0, 6814.84, 3, 0, 0, 2.91, 2445, 1520, 6207.42, 17446, 15891
1695255033, 0, 0, 31, 0, 0, 6814.84, 3, 0, 0, 5.99, 2447, 1520, 6207.42, 17446, 15891
1695255033, 0, 0, 31, 0, 0, 6814.84, 3, 0, 0, 10.70, 2449, 1522, 6207.42, 17446, 15891
1695255038, 0, 0, 31, 0, 0, 6814.84, 3, 0, 0, 0.43, 2450, 1523, 6207.42, 17446, 15891
1695255038, 0, 0, 31, 0, 0, 6814.84, 3, 0, 0, 8.55, 2451, 1525, 6207.42, 17446, 15891
1695255038, 0, 0, 31, 0, 0, 6814.84, 3, 0, 0, 6.02, 2453, 1525, 6207.42, 17446, 15891
1695255039, 0, 0, 31, 0, 0, 6814.84, 3, 0, 0, 4.85, 2453, 1527, 6207.42, 17446, 15891
1695255039, 0, 0, 31, 0, 0, 6814.84, 3, 0, 0, 8.88, 2455, 1528, 6207.42, 17446, 15891
1695255045, 0, 0, 31, 0, 0, 6814.84, 3, 0, 0, 0.37, 2457, 1528, 6207.42, 17446, 15891
1695255045, 0, 0, 31, 0, 0, 6814.84, 3, 0, 0, 11.80, 2459, 1530, 6207.42, 17446, 15891
1695255057, 0, 0, 31, 0, 0, 6814.84, 3, 0, 0, 0.17, 2461, 1530, 6207.42, 17446, 15891
1695255057, 0, 0, 31, 0, 0, 6814.84, 3, 0, 0, 7.28, 2463, 1531, 6207.42, 17446, 15891
1695255065, 0, 0, 31, 0, 0, 6814.84, 3, 0, 0, 0.13, 2464, 1531, 6207.42, 17446, 15891
1695255065, 0, 0, 31, 0, 0, 6814.84, 3, 0, 0, 9.38, 2465, 1533, 6207.42, 17446, 15891
1695255065, 0, 0, 31, 0, 0, 6814.84, 3, 0, 0, 6.04, 2467, 1533, 6207.42, 17446, 15891
1695255070, 0, 0, 31, 0, 0, 6814.84, 3, 0, 0, 0.46, 2469, 1533, 6207.42, 17446, 15891
1695255076, 0, 0, 31, 0, 0, 6814.84, 3, 0, 0, 0.45, 2472, 1533, 6207.42, 17446, 15891
1695255080, 0, 0, 31, 0, 0, 6814.84, 3, 0, 0, 0.26, 2473, 1533, 6207.42, 17446, 15891
1695255081, 0, 0, 31, 0, 0, 6814.84, 3, 0, 0, 7.07, 2476, 1534, 6207.42, 17446, 15891
1695255106, 0, 0, 31, 0, 0, 6814.84, 3, 0, 0, 0.04, 2477, 1534, 6207.42, 17446, 15891
1695255106, 0, 0, 31, 0, 0, 6814.84, 3, 0, 0, 10.26, 2480, 1535, 6207.42, 17446, 15891
1695255122, 0, 0, 31, 0, 0, 6814.84, 3, 0, 0, 0.07, 2481, 1535, 6207.42, 17446, 15891
1695255122, 0, 0, 31, 0, 0, 6814.84, 3, 0, 0, 7.69, 2481, 1538, 6207.42, 17446, 15891
1695255123, 0, 0, 31, 0, 0, 6814.84, 3, 0, 0, 5.99, 2483, 1538, 6207.42, 17446, 15891
1695255123, 0, 0, 31, 0, 0, 6814.84, 3, 0, 0, 5.38, 2484, 1539, 6207.42, 17446, 15891
1695255124, 0, 0, 31, 0, 0, 6814.84, 3, 0, 0, 4.78, 2484, 1542, 6207.42, 17446, 15891
1695255124, 0, 0, 31, 0, 0, 6814.84, 3, 0, 0, 3.07, 2485, 1542, 6207.42, 17446, 15891
1695255124, 0, 0, 31, 0, 0, 6814.84, 3, 0, 0, 5.88, 2485, 1544, 6207.42, 17446, 15891
1695255125, 0, 0, 31, 0, 0, 6814.84, 3, 0, 0, 3.17, 2487, 1544, 6207.42, 17446, 15891
1695255125, 0, 0, 31, 0, 0, 6814.84, 3, 0, 0, 3.18, 2487, 1545, 6207.42, 17446, 15891
1695255126, 0, 0, 31, 0, 0, 6814.84, 3, 0, 0, 4.13, 2488, 1546, 6207.42, 17446, 15891
1695255126, 0, 0, 31, 0, 0, 6814.84, 3, 0, 0, 6.17, 2489, 1547, 6207.42, 17446, 15891
1695255126, 0, 0, 31, 0, 0, 6814.84, 3, 0, 0, 5.60, 2491, 1547, 6207.42, 17446, 15891
1695255127, 0, 0, 31, 0, 0, 6814.84, 3, 0, 0, 4.75, 2493, 1547, 6207.42, 17446, 15891
1695255133, 0, 0, 31, 0, 0, 6814.84, 3, 0, 0, 0.17, 2494, 1547, 6207.42, 17446, 15891
1695255140, 0, 0, 31, 0, 0, 6814.84, 3, 0, 0, 0.38, 2497, 1547, 6207.42, 17446, 15891
1695255141, 0, 0, 31, 0, 0, 6814.84, 3, 0, 0, 4.91, 2497, 1549, 6207.42, 17446, 15891
1695255141, 0, 0, 31, 0, 0, 6814.84, 3, 0, 0, 5.03, 2499, 1549, 6207.42, 17446, 15891
1695255142, 0, 0, 31, 0, 0, 6814.84, 3, 0, 0, 4.26, 2500, 1550, 6207.42, 17446, 15891
1695255142, 0, 0, 31, 0, 0, 6814.84, 3, 0, 0, 5.97, 2502, 1550, 6207.42, 17446, 15891
1695255143, 0, 0, 31, 0, 0, 6814.84, 3, 0, 0, 4.45, 2504, 1550, 6207.42, 17446, 15891
1695255143, 0, 0, 31, 0, 0, 6814.84, 3, 0, 0, 5.25, 2506, 1550, 6207.42, 17446, 15891
1695255172, 0, 0, 31, 0, 0, 6814.84, 3, 0, 0, 0.07, 2507, 1551, 6207.42, 17446, 15891
1695255172, 0, 0, 31, 0, 0, 6814.84, 3, 0, 0, 6.29, 2509, 1552, 6207.42, 17446, 15891
1695255179, 0, 0, 31, 0, 0, 6814.84, 3, 0, 0, 0.14, 2510, 1552, 6207.42, 17446, 15891
1695255180, 0, 0, 31, 0, 0, 6814.84, 3, 0, 0, 2.65, 2511, 1552, 6207.42, 17446, 15891
1695255184, 0, 0, 31, 0, 0, 6814.84, 3, 0, 0, 0.47, 2513, 1552, 6207.42, 17446, 15891
1695255184, 0, 0, 31, 0, 0, 6814.84, 3, 0, 0, 8.31, 2515, 1553, 6207.42, 17446, 15891
1695255185, 0, 0, 31, 0, 0, 6814.84, 3, 0, 0, 6.12, 2518, 1554, 6207.42, 17446, 15891
1695255186, 0, 0, 31, 0, 0, 6814.84, 3, 0, 0, 4.19, 2520, 1555, 6207.42, 17446, 15891
1695255186, 0, 0, 31, 0, 0, 6814.84, 3, 0, 0, 4.42, 2521, 1556, 6207.42, 17446, 15891
1695255186, 0, 0, 31, 0, 0, 6814.84, 3, 0, 0, 5.48, 2523, 1556, 6207.42, 17446, 15891
1695255187, 0, 0, 31, 0, 0, 6814.84, 3, 0, 0, 3.24, 2524, 1556, 6207.42, 17446, 15891
1695255187, 0, 0, 31, 0, 0, 6814.84, 3, 0, 0, 8.88, 2527, 1556, 6207.42, 17446, 15891
1695255187, 0, 0, 31, 0, 0, 6814.84, 3, 0, 0, 6.67, 2529, 1557, 6207.42, 17446, 15891
1695255188, 0, 0, 31, 0, 0, 6814.84, 3, 0, 0, 5.31, 2531, 1557, 6207.42, 17446, 15891
1695255192, 0, 0, 31, 0, 0, 6814.84, 3, 0, 0, 0.23, 2532, 1557, 6207.42, 17446, 15891
1695255232, 0, 0, 31, 0, 0, 6814.84, 3, 0, 0, 0.08, 2535, 1557, 6207.42, 17446, 15891
1695255232, 0, 0, 31, 0, 0, 6814.84, 3, 0, 0, 9.35, 2537, 1559, 6207.42, 17446, 15891
1695255233, 0, 0, 31, 0, 0, 6814.84, 3, 0, 0, 12.16, 2539, 1561, 6207.42, 17446, 15891
1695255233, 0, 0, 31, 0, 0, 6814.84, 3, 0, 0, 11.43, 2541, 1563, 6207.42, 17446, 15891
1695255237, 0, 0, 31, 0, 0, 6814.84, 3, 0, 0, 0.51, 2542, 1564, 6207.42, 17446, 15891
1695255247, 0, 0, 31, 0, 0, 6814.84, 3, 0, 0, 0.41, 2545, 1565, 6207.42, 17446, 15891
1695255251, 0, 0, 31, 0, 0, 6814.84, 3, 0, 0, 0.24, 2546, 1565, 6207.42, 17446, 15891
1695255251, 0, 0, 31, 0, 0, 6814.84, 3, 0, 0, 3.18, 2547, 1565, 6207.42, 17446, 15891
1695255251, 0, 0, 31, 0, 0, 6814.84, 3, 0, 0, 4.48, 2548, 1566, 6207.42, 17446, 15891
1695255257, 0, 0, 31, 0, 0, 6814.84, 3, 0, 0, 0.19, 2549, 1566, 6207.42, 17446, 15891
1695255257, 0, 0, 31, 0, 0, 6814.84, 3, 0, 0, 8.47, 2551, 1567, 6207.42, 17446, 15891
1695255257, 0, 0, 31, 0, 0, 6814.84, 3, 0, 0, 13.59, 2554, 1569, 6207.42, 17446, 15891
1695255258, 0, 0, 31, 0, 0, 6814.84, 3, 0, 0, 7.71, 2556, 1570, 6207.42, 17446, 15891
1695255258, 0, 0, 31, 0, 0, 6814.84, 3, 0, 0, 10.13, 2557, 1573, 6207.42, 17446, 15891
1695255265, 0, 0, 31, 0, 0, 6814.84, 3, 0, 0, 0.45, 2559, 1574, 6207.42, 17446, 15891
1695255265, 0, 0, 31, 0, 0, 6814.84, 3, 0, 0, 7.65, 2562, 1574, 6207.42, 17446, 15891
1695255265, 0, 0, 31, 0, 0, 6814.84, 3, 0, 0, 6.27, 2562, 1576, 6207.42, 17446, 15891
1695255266, 0, 0, 31, 0, 0, 6814.84, 3, 0, 0, 4.55, 2562, 1578, 6207.42, 17446, 15891
1695255266, 0, 0, 31, 0, 0, 6814.84, 3, 0, 0, 8.67, 2564, 1579, 6207.42, 17446, 15891
1695255294, 0, 0, 31, 0, 0, 6814.84, 3, 0, 0, 0.07, 2566, 1579, 6207.42, 17446, 15891
1695255295, 0, 0, 31, 0, 0, 6814.84, 3, 0, 0, 4.20, 2567, 1580, 6207.42, 17446, 15891
1695255295, 0, 0, 31, 0, 0, 6814.84, 3, 0, 0, 5.68, 2568, 1581, 6207.42, 17446, 15891
1695255295, 0, 0, 31, 0, 0, 6814.84, 3, 0, 0, 8.29, 2570, 1582, 6207.42, 17446, 15891
1695255303, 0, 0, 31, 0, 0, 6814.84, 3, 0, 0, 0.42, 2572, 1583, 6207.42, 17446, 15891
1695255303, 0, 0, 31, 0, 0, 6814.84, 3, 0, 0, 2.98, 2573, 1583, 6207.42, 17446, 15891
1695255303, 0, 0, 31, 0, 0, 6814.84, 3, 0, 0, 5.29, 2574, 1584, 6207.42, 17446, 15891
1695255308, 0, 0, 31, 0, 0, 6814.84, 3, 0, 0, 0.21, 2575, 1584, 6207.42, 17446, 15891
1695255313, 0, 0, 31, 0, 0, 6814.84, 3, 0, 0, 0.20, 2576, 1584, 6207.42, 17446, 15891
1695255313, 0, 0, 31, 0, 0, 6814.84, 3, 0, 0, 9.23, 2576, 1587, 6207.42, 17446, 15891
1695255318, 0, 0, 31, 0, 0, 6814.84, 3, 0, 0, 0.22, 2577, 1587, 6207.42, 17446, 15891
1695255318, 0, 0, 31, 0, 0, 6814.84, 3, 0, 0, 9.62, 2579, 1588, 6207.42, 17446, 15891
1695255319, 0, 0, 31, 0, 0, 6814.84, 3, 0, 0, 7.26, 2582, 1589, 6207.42, 17446, 15891
1695255319, 0, 0, 31, 0, 0, 6814.84, 3, 0, 0, 10.08, 2585, 1590, 6207.42, 17446, 15891
1695255320, 0, 0, 31, 0, 0, 6814.84, 3, 0, 0, 5.43, 2586, 1591, 6207.42, 17446, 15891
1695255320, 0, 0, 31, 0, 0, 6814.84, 3, 0, 0, 9.90, 2586, 1594, 6207.42, 17446, 15891
1695255320, 0, 0, 31, 0, 0, 6814.84, 3, 0, 0, 7.48, 2588, 1595, 6207.42, 17446, 15891
1695255364, 0, 0, 31, 0, 0, 6814.84, 3, 0, 0, 0.07, 2591, 1595, 6207.42, 17446, 15891
1695255364, 0, 0, 31, 0, 0, 6814.84, 3, 0, 0, 8.82, 2593, 1596, 6207.42, 17446, 15891
1695255364, 0, 0, 31, 0, 0, 6814.84, 3, 0, 0, 9.23, 2594, 1598, 6207.42, 17446, 15891
1695255365, 0, 0, 31, 0, 0, 6814.84, 3, 0, 0, 6.64, 2596, 1598, 6207.42, 17446, 15891
1695255365, 0, 0, 31, 0, 0, 6814.84, 3, 0, 0, 8.93, 2596, 1601, 6207.42, 17446, 15891
1695255365, 0, 0, 31, 0, 0, 6814.84, 3, 0, 0, 8.62, 2597, 1603, 6207.42, 17446, 15891
1695255366, 0, 0, 31, 0, 0, 6814.84, 3, 0, 0, 4.41, 2599, 1604, 6207.42, 17446, 15891
1695255370, 0, 0, 31, 0, 0, 6814.84, 3, 0, 0, 0.23, 2599, 1605, 6207.42, 17446, 15891
1695255371, 0, 0, 31, 0, 0, 6814.84, 3, 0, 0, 5.88, 2601, 1605, 6207.42, 17446, 15891
1695255371, 0, 0, 31, 0, 0, 6814.84, 3, 0, 0, 9.46, 2601, 1608, 6207.42, 17446, 15891
1695255371, 0, 0, 31, 0, 0, 6814.84, 3, 0, 0, 9.68, 2602, 1610, 6207.42, 17446, 15891
1695255372, 0, 0, 31, 0, 0, 6814.84, 3, 0, 0, 6.64, 2604, 1610, 6207.42, 17446, 15891
1695255372, 0, 0, 31, 0, 0, 6814.84, 3, 0, 0, 7.85, 2605, 1612, 6207.42, 17446, 15891
1695255372, 0, 0, 31, 0, 0, 6814.84, 3, 0, 0, 7.81, 2605, 1615, 6207.42, 17446, 15891
1695255373, 0, 0, 31, 0, 0, 6814.84, 3, 0, 0, 9.74, 2608, 1615, 6207.42, 17446, 15891
1695255373, 0, 0, 31, 0, 0, 6814.84, 3, 0, 0, 10.13, 2611, 1616, 6207.42, 17446, 15891
1695255373, 0, 0, 31, 0, 0, 6814.84, 3, 0, 0, 8.77, 2613, 1617, 6207.42, 17446, 15891
1695255374, 0, 0, 31, 0, 0, 6814.84, 3, 0, 0, 10.15, 2615, 1619, 6207.42, 17446, 15891
1695255374, 0, 0, 31, 0, 0, 6814.84, 3, 0, 0, 9.85, 2615, 1623, 6207.42, 17446, 15891
1695255375, 0, 0, 31, 0, 0, 6814.84, 3, 0, 0, 7.30, 2617, 1624, 6207.42, 17446, 15891
1695255380, 0, 0, 31, 0, 0, 6814.84, 3, 0, 0, 0.18, 2618, 1624, 6207.42, 17446, 15891
1695255381, 0, 0, 31, 0, 0, 6814.84, 3, 0, 0, 4.32, 2620, 1624, 6207.42, 17446, 15891
1695255381, 0, 0, 31, 0, 0, 6814.84, 3, 0, 0, 4.88, 2622, 1624, 6207.42, 17446, 15891
1695255386, 0, 0, 31, 0, 0, 6814.84, 3, 0, 0, 0.23, 2623, 1624, 6207.42, 17446, 15891
1695255386, 0, 0, 31, 0, 0, 6814.84, 3, 0, 0, 8.43, 2623, 1627, 6207.42, 17446, 15891
1695255386, 0, 0, 31, 0, 0, 6814.84, 3, 0, 0, 7.69, 2625, 1628, 6207.42, 17446, 15891
1695255393, 0, 0, 31, 0, 0, 6814.84, 3, 0, 0, 0.14, 2626, 1628, 6207.42, 17446, 15891
1695255398, 0, 0, 31, 0, 0, 6814.84, 3, 0, 0, 0.22, 2627, 1628, 6207.42, 17446, 15891
1695255398, 0, 0, 31, 0, 0, 6814.84, 3, 0, 0, 5.00, 2628, 1629, 6207.42, 17446, 15891
1695255417, 0, 0, 31, 0, 0, 6814.84, 3, 0, 0, 0.16, 2631, 1629, 6207.42, 17446, 15891
1695255417, 0, 0, 31, 0, 0, 6814.84, 3, 0, 0, 5.57, 2633, 1629, 6207.42, 17446, 15891
1695255417, 0, 0, 31, 0, 0, 6814.84, 3, 0, 0, 6.13, 2634, 1630, 6207.42, 17446, 15891
1695255424, 0, 0, 31, 0, 0, 6814.84, 3, 0, 0, 0.30, 2635, 1631, 6207.42, 17446, 15891
1695255424, 0, 0, 31, 0, 0, 6814.84, 3, 0, 0, 5.75, 2636, 1632, 6207.42, 17446, 15891
1695255431, 0, 0, 31, 0, 0, 6814.84, 3, 0, 0, 0.31, 2638, 1632, 6207.42, 17446, 15891
1695255431, 0, 0, 31, 0, 0, 6814.84, 3, 0, 0, 9.93, 2639, 1634, 6207.42, 17446, 15891
1695255434, 0, 0, 31, 0, 0, 6814.84, 3, 0, 0, 0.59, 2641, 1634, 6207.42, 17446, 15891
1695255442, 0, 0, 31, 0, 0, 6814.84, 3, 0, 0, 0.40, 2644, 1634, 6207.42, 17446, 15891
1695255442, 0, 0, 31, 0, 0, 6814.84, 3, 0, 0, 6.64, 2646, 1634, 6207.42, 17446, 15891
1695255446, 0, 0, 31, 0, 0, 6814.84, 3, 0, 0, 0.82, 2649, 1634, 6207.42, 17446, 15891
1695255450, 0, 0, 31, 0, 0, 6814.84, 3, 0, 0, 0.44, 2650, 1635, 6207.42, 17446, 15891
1695255451, 0, 0, 31, 0, 0, 6814.84, 3, 0, 0, 6.65, 2651, 1637, 6207.42, 17446, 15891
1695255455, 0, 0, 31, 0, 0, 6814.84, 3, 0, 0, 0.52, 2652, 1638, 6207.42, 17446, 15891
1695255460, 0, 0, 31, 0, 0, 6814.84, 3, 0, 0, 0.57, 2654, 1639, 6207.42, 17446, 15891
1695255466, 0, 0, 31, 0, 0, 6814.84, 3, 0, 0, 0.36, 2656, 1639, 6207.42, 17446, 15891
1695255466, 0, 0, 31, 0, 0, 6814.84, 3, 0, 0, 11.87, 2659, 1640, 6207.42, 17446, 15891
1695255466, 0, 0, 31, 0, 0, 6814.84, 3, 0, 0, 9.71, 2660, 1642, 6207.42, 17446, 15891
1695255467, 0, 0, 31, 0, 0, 6814.84, 3, 0, 0, 9.43, 2662, 1643, 6207.42, 17446, 15891
1695255467, 0, 0, 31, 0, 0, 6814.84, 3, 0, 0, 9.80, 2663, 1645, 6207.42, 17446, 15891
1695255467, 0, 0, 31, 0, 0, 6814.84, 3, 0, 0, 8.09, 2666, 1645, 6207.42, 17446, 15891
1695255468, 0, 0, 31, 0, 0, 6814.84, 3, 0, 0, 4.74, 2668, 1645, 6207.42, 17446, 15891
1695255468, 0, 0, 31, 0, 0, 6814.84, 3, 0, 0, 4.57, 2669, 1646, 6207.42, 17446, 15891
1695255468, 0, 0, 31, 0, 0, 6814.84, 3, 0, 0, 2.85, 2670, 1646, 6207.42, 17446, 15891
1695255469, 0, 0, 31, 0, 0, 6814.84, 3, 0, 0, 6.58, 2671, 1647, 6207.42, 17446, 15891
1695255469, 0, 0, 31, 0, 0, 6814.84, 3, 0, 0, 7.92, 2674, 1647, 6207.42, 17446, 15891
1695255470, 0, 0, 31, 0, 0, 6814.84, 3, 0, 0, 6.20, 2676, 1648, 6207.42, 17446, 15891
1695255470, 0, 0, 31, 0, 0, 6814.84, 3, 0, 0, 5.76, 2678, 1648, 6207.42, 17446, 15891
1695255471, 0, 0, 31, 0, 0, 6814.84, 3, 0, 0, 5.42, 2681, 1648, 6207.42, 17446, 15891
1695255471, 0, 0, 31, 0, 0, 6814.84, 3, 0, 0, 4.76, 2682, 1649, 6207.42, 17446, 15891
1695255471, 0, 0, 31, 0, 0, 6814.84, 3, 0, 0, 9.52, 2683, 1651, 6207.42, 17446, 15891
1695255472, 0, 0, 31, 0, 0, 6814.84, 3, 0, 0, 6.20, 2685, 1652, 6207.42, 17446, 15891
1695255472, 0, 0, 31, 0, 0, 6814.84, 3, 0, 0, 6.21, 2687, 1652, 6207.42, 17446, 15891
1695255472, 0, 0, 31, 0, 0, 6814.84, 3, 0, 0, 6.54, 2689, 1652, 6207.42, 17446, 15891
1695255476, 0, 0, 31, 0, 0, 6814.84, 3, 0, 0, 0.27, 2690, 1652, 6207.42, 17446, 15891
1695255477, 0, 0, 31, 0, 0, 6814.84, 3, 0, 0, 4.07, 2691, 1653, 6207.42, 17446, 15891
1695255484, 0, 0, 31, 0, 0, 6814.84, 3, 0, 0, 0.29, 2693, 1653, 6207.42, 17446, 15891
1695255491, 0, 0, 31, 0, 0, 6814.84, 3, 0, 0, 0.40, 2695, 1654, 6207.42, 17446, 15891
1695255496, 0, 0, 31, 0, 0, 6814.84, 3, 0, 0, 0.22, 2696, 1654, 6207.42, 17446, 15891
1695255496, 0, 0, 31, 0, 0, 6814.84, 3, 0, 0, 9.68, 2698, 1655, 6207.42, 17446, 15891
1695255496, 0, 0, 31, 0, 0, 6814.84, 3, 0, 0, 9.57, 2699, 1658, 6207.42, 17446, 15891
1695255500, 0, 0, 31, 0, 0, 6814.84, 3, 0, 0, 0.55, 2699, 1660, 6207.42, 17446, 15891
1695255500, 0, 0, 31, 0, 0, 6814.84, 3, 0, 0, 7.69, 2702, 1660, 6207.42, 17446, 15891
1695255501, 0, 0, 31, 0, 0, 6814.84, 3, 0, 0, 6.29, 2704, 1660, 6207.42, 17446, 15891
1695255501, 0, 0, 31, 0, 0, 6814.84, 3, 0, 0, 6.02, 2705, 1661, 6207.42, 17446, 15891
1695255502, 0, 0, 31, 0, 0, 6814.84, 3, 0, 0, 5.56, 2706, 1663, 6207.42, 17446, 15891
1695255502, 0, 0, 31, 0, 0, 6814.84, 3, 0, 0, 4.06, 2708, 1663, 6207.42, 17446, 15891
1695255503, 0, 0, 31, 0, 0, 6814.84, 3, 0, 0, 6.64, 2710, 1664, 6207.42, 17446, 15891
1695255506, 0, 0, 31, 0, 0, 6814.84, 3, 0, 0, 0.79, 2712, 1665, 6207.42, 17446, 15891
1695255507, 0, 0, 31, 0, 0, 6814.84, 3, 0, 0, 10.96, 2715, 1666, 6207.42, 17446, 15891
1695255514, 0, 0, 31, 0, 0, 6814.84, 3, 0, 0, 0.27, 2716, 1667, 6207.42, 17446, 15891
1695255515, 0, 0, 31, 0, 0, 6814.84, 3, 0, 0, 8.20, 2718, 1668, 6207.42, 17446, 15891
1695255515, 0, 0, 31, 0, 0, 6814.84, 3, 0, 0, 12.16, 2719, 1671, 6207.42, 17446, 15891
1695255515, 0, 0, 31, 0, 0, 6814.84, 3, 0, 0, 12.62, 2721, 1673, 6207.42, 17446, 15891
1695255527, 0, 0, 31, 0, 0, 6814.84, 3, 0, 0, 0.26, 2722, 1675, 6207.42, 17446, 15891
1695255527, 0, 0, 31, 0, 0, 6814.84, 3, 0, 0, 4.87, 2724, 1675, 6207.42, 17446, 15891
1695255528, 0, 0, 31, 0, 0, 6814.84, 3, 0, 0, 10.18, 2726, 1677, 6207.42, 17446, 15891
1695255528, 0, 0, 31, 0, 0, 6814.84, 3, 0, 0, 9.29, 2727, 1679, 6207.42, 17446, 15891
1695255528, 0, 0, 31, 0, 0, 6814.84, 3, 0, 0, 8.43, 2728, 1681, 6207.42, 17446, 15891
1695255538, 0, 0, 31, 0, 0, 6814.84, 3, 0, 0, 0.11, 2729, 1681, 6207.42, 17446, 15891
1695255538, 0, 0, 31, 0, 0, 6814.84, 3, 0, 0, 9.77, 2731, 1682, 6207.42, 17446, 15891
1695255538, 0, 0, 31, 0, 0, 6814.84, 3, 0, 0, 11.08, 2733, 1684, 6207.42, 17446, 15891
1695255539, 0, 0, 31, 0, 0, 6814.84, 3, 0, 0, 12.74, 2733, 1688, 6207.42, 17446, 15891
1695255539, 0, 0, 31, 0, 0, 6814.84, 3, 0, 0, 11.43, 2735, 1690, 6207.42, 17446, 15891
1695255539, 0, 0, 31, 0, 0, 6814.84, 3, 0, 0, 8.47, 2737, 1691, 6207.42, 17446, 15891
1695255540, 0, 0, 31, 0, 0, 6814.84, 3, 0, 0, 9.87, 2739, 1692, 6207.42, 17446, 15891
1695255545, 0, 0, 31, 0, 0, 6814.84, 3, 0, 0, 0.38, 2741, 1692, 6207.42, 17446, 15891
1695255552, 0, 0, 31, 0, 0, 6814.84, 3, 0, 0, 0.14, 2742, 1692, 6207.42, 17446, 15891
1695255553, 0, 0, 31, 0, 0, 6814.84, 3, 0, 0, 5.00, 2744, 1692, 6207.42, 17446, 15891
1695255553, 0, 0, 31, 0, 0, 6814.84, 3, 0, 0, 1.77, 2745, 1692, 6207.42, 17446, 15891
1695255554, 0, 0, 31, 0, 0, 6814.84, 3, 0, 0, 3.26, 2745, 1693, 6207.42, 17446, 15891
1695255554, 0, 0, 31, 0, 0, 6814.84, 3, 0, 0, 2.87, 2746, 1693, 6207.42, 17446, 15891
1695255554, 0, 0, 31, 0, 0, 6814.84, 3, 0, 0, 2.63, 2747, 1693, 6207.42, 17446, 15891
1695255555, 0, 0, 31, 0, 0, 6814.84, 3, 0, 0, 3.93, 2748, 1694, 6207.42, 17446, 15891
1695255559, 0, 0, 31, 0, 0, 6814.84, 3, 0, 0, 0.78, 2750, 1695, 6207.42, 17446, 15891
1695255565, 0, 0, 31, 0, 0, 6814.84, 3, 0, 0, 0.33, 2751, 1696, 6207.42, 17446, 15891
1695255565, 0, 0, 31, 0, 0, 6814.84, 3, 0, 0, 5.95, 2753, 1696, 6207.42, 17446, 15891
1695255565, 0, 0, 31, 0, 0, 6814.84, 3, 0, 0, 5.51, 2755, 1696, 6207.42, 17446, 15891
1695255569, 0, 0, 31, 0, 0, 6814.84, 3, 0, 0, 0.61, 2756, 1697, 6207.42, 17446, 15891
1695255569, 0, 0, 31, 0, 0, 6814.84, 3, 0, 0, 7.39, 2758, 1698, 6207.42, 17446, 15891
1695255574, 0, 0, 31, 0, 0, 6814.84, 3, 0, 0, 0.58, 2761, 1698, 6207.42, 17446, 15891
1695255574, 0, 0, 31, 0, 0, 6814.84, 3, 0, 0, 9.38, 2761, 1701, 6207.42, 17446, 15891
1695255579, 0, 0, 31, 0, 0, 6814.84, 3, 0, 0, 0.66, 2763, 1702, 6207.42, 17446, 15891
1695255579, 0, 0, 31, 0, 0, 6814.84, 3, 0, 0, 9.06, 2766, 1702, 6207.42, 17446, 15891
1695255580, 0, 0, 31, 0, 0, 6814.84, 3, 0, 0, 7.71, 2769, 1702, 6207.42, 17446, 15891
1695255586, 0, 0, 31, 0, 0, 6814.84, 3, 0, 0, 0.34, 2770, 1703, 6207.42, 17446, 15891
1695255586, 0, 0, 31, 0, 0, 6814.84, 3, 0, 0, 4.04, 2771, 1704, 6207.42, 17446, 15891
1695255586, 0, 0, 31, 0, 0, 6814.84, 3, 0, 0, 8.70, 2772, 1706, 6207.42, 17446, 15891
1695255591, 0, 0, 31, 0, 0, 6814.84, 3, 0, 0, 0.24, 2773, 1706, 6207.42, 17446, 15891
1695255595, 0, 0, 31, 0, 0, 6814.84, 3, 0, 0, 0.23, 2774, 1706, 6207.42, 17446, 15891
1695255595, 0, 0, 31, 0, 0, 6814.84, 3, 0, 0, 8.70, 2775, 1708, 6207.42, 17446, 15891
1695255596, 0, 0, 31, 0, 0, 6814.84, 3, 0, 0, 7.32, 2778, 1708, 6207.42, 17446, 15891
1695255596, 0, 0, 31, 0, 0, 6814.84, 3, 0, 0, 4.81, 2779, 1709, 6207.42, 17446, 15891
1695255597, 0, 0, 31, 0, 0, 6814.84, 3, 0, 0, 4.30, 2780, 1710, 6207.42, 17446, 15891
1695255601, 0, 0, 31, 0, 0, 6814.84, 3, 0, 0, 0.23, 2781, 1710, 6207.42, 17446, 15891
1695255601, 0, 0, 31, 0, 0, 6814.84, 3, 0, 0, 7.43, 2784, 1710, 6207.42, 17446, 15891
1695255607, 0, 0, 31, 0, 0, 6814.84, 3, 0, 0, 0.17, 2785, 1710, 6207.42, 17446, 15891
1695255608, 0, 0, 31, 0, 0, 6814.84, 3, 0, 0, 5.21, 2787, 1710, 6207.42, 17446, 15891
1695255608, 0, 0, 31, 0, 0, 6814.84, 3, 0, 0, 7.14, 2788, 1712, 6207.42, 17446, 15891
1695255609, 0, 0, 31, 0, 0, 6814.84, 3, 0, 0, 5.87, 2789, 1713, 6207.42, 17446, 15891
1695255612, 0, 0, 31, 0, 0, 6814.84, 3, 0, 0, 0.57, 2791, 1713, 6207.42, 17446, 15891
1695255612, 0, 0, 31, 0, 0, 6814.84, 3, 0, 0, 5.67, 2793, 1713, 6207.42, 17446, 15891
1695255617, 0, 0, 31, 0, 0, 6814.84, 3, 0, 0, 0.44, 2794, 1714, 6207.42, 17446, 15891
1695255618, 0, 0, 31, 0, 0, 6814.84, 3, 0, 0, 3.96, 2796, 1714, 6207.42, 17446, 15891
1695255618, 0, 0, 31, 0, 0, 6814.84, 3, 0, 0, 9.15, 2798, 1715, 6207.42, 17446, 15891
1695255618, 0, 0, 31, 0, 0, 6814.84, 3, 0, 0, 2.55, 2799, 1715, 6207.42, 17446, 15891
1695255619, 0, 0, 31, 0, 0, 6814.84, 3, 0, 0, 5.18, 2800, 1716, 6207.42, 17446, 15891
1695255619, 0, 0, 31, 0, 0, 6814.84, 3, 0, 0, 7.85, 2801, 1718, 6207.42, 17446, 15891
1695255619, 0, 0, 31, 0, 0, 6814.84, 3, 0, 0, 8.60, 2802, 1720, 6207.42, 17446, 15891
1695255620, 0, 0, 31, 0, 0, 6814.84, 3, 0, 0, 3.19, 2803, 1720, 6207.42, 17446, 15891
1695255620, 0, 0, 31, 0, 0, 6814.84, 3, 0, 0, 7.65, 2805, 1721, 6207.42, 17446, 15891
1695255624, 0, 0, 31, 0, 0, 6814.84, 3, 0, 0, 0.48, 2806, 1722, 6207.42, 17446, 15891
1695255647, 0, 0, 31, 0, 0, 6814.84, 3, 0, 0, 0.04, 2807, 1722, 6207.42, 17446, 15891
1695255648, 0, 0, 31, 0, 0, 6814.84, 3, 0, 0, 8.13, 2809, 1723, 6207.42, 17446, 15891
1695255648, 0, 0, 31, 0, 0, 6814.84, 3, 0, 0, 8.85, 2810, 1725, 6207.42, 17446, 15891
1695255649, 0, 0, 31, 0, 0, 6814.84, 3, 0, 0, 7.30, 2811, 1727, 6207.42, 17446, 15891
1695255655, 0, 0, 31, 0, 0, 6814.84, 3, 0, 0, 0.45, 2813, 1728, 6207.42, 17446, 15891
1695255665, 0, 0, 31, 0, 0, 6814.84, 3, 0, 0, 0.31, 2814, 1730, 6207.42, 17446, 15891
1695255665, 0, 0, 31, 0, 0, 6814.84, 3, 0, 0, 6.25, 2814, 1732, 6207.42, 17446, 15891
1695255665, 0, 0, 31, 0, 0, 6814.84, 3, 0, 0, 6.39, 2815, 1733, 6207.42, 17446, 15891
1695255666, 0, 0, 31, 0, 0, 6814.84, 3, 0, 0, 10.70, 2817, 1735, 6207.42, 17446, 15891
1695255671, 0, 0, 31, 0, 0, 6814.84, 3, 0, 0, 0.42, 2819, 1735, 6207.42, 17446, 15891
1695255676, 0, 0, 31, 0, 0, 6814.84, 3, 0, 0, 0.35, 2820, 1736, 6207.42, 17446, 15891
1695255677, 0, 0, 31, 0, 0, 6814.84, 3, 0, 0, 7.61, 2822, 1737, 6207.42, 17446, 15891
1695255683, 0, 0, 31, 0, 0, 6814.84, 3, 0, 0, 0.33, 2823, 1738, 6207.42, 17446, 15891
1695255683, 0, 0, 31, 0, 0, 6814.84, 3, 0, 0, 3.33, 2824, 1738, 6207.42, 17446, 15891
1695255683, 0, 0, 31, 0, 0, 6814.84, 3, 0, 0, 5.10, 2825, 1739, 6207.42, 17446, 15891
1695255684, 0, 0, 31, 0, 0, 6814.84, 3, 0, 0, 5.17, 2826, 1740, 6207.42, 17446, 15891
1695255684, 0, 0, 31, 0, 0, 6814.84, 3, 0, 0, 4.18, 2828, 1740, 6207.42, 17446, 15891
1695255685, 0, 0, 31, 0, 0, 6814.84, 3, 0, 0, 2.52, 2829, 1740, 6207.42, 17446, 15891
1695255685, 0, 0, 31, 0, 0, 6814.84, 3, 0, 0, 7.65, 2831, 1741, 6207.42, 17446, 15891
1695255685, 0, 0, 31, 0, 0, 6814.84, 3, 0, 0, 6.13, 2832, 1742, 6207.42, 17446, 15891
1695255686, 0, 0, 31, 0, 0, 6814.84, 3, 0, 0, 6.15, 2833, 1743, 6207.42, 17446, 15891
1695255689, 0, 0, 31, 0, 0, 6814.84, 3, 0, 0, 0.28, 2834, 1743, 6207.42, 17446, 15891
1695255690, 0, 0, 31, 0, 0, 6814.84, 3, 0, 0, 6.15, 2835, 1744, 6207.42, 17446, 15891
1695255690, 0, 0, 31, 0, 0, 6814.84, 3, 0, 0, 4.91, 2836, 1745, 6207.42, 17446, 15891
1695255716, 0, 0, 31, 0, 0, 6814.84, 3, 0, 0, 0.04, 2837, 1745, 6207.42, 17446, 15891
1695255716, 0, 0, 31, 0, 0, 6814.84, 3, 0, 0, 5.90, 2837, 1747, 6207.42, 17446, 15891
1695255721, 0, 0, 31, 0, 0, 6814.84, 3, 0, 0, 0.19, 2838, 1747, 6207.42, 17446, 15891
1695255722, 0, 0, 31, 0, 0, 6814.84, 3, 0, 0, 8.52, 2840, 1748, 6207.42, 17446, 15891
1695255722, 0, 0, 31, 0, 0, 6814.84, 3, 0, 0, 9.71, 2843, 1748, 6207.42, 17446, 15891
1695255722, 0, 0, 31, 0, 0, 6814.84, 3, 0, 0, 8.22, 2844, 1750, 6207.42, 17446, 15891
1695255723, 0, 0, 31, 0, 0, 6814.84, 3, 0, 0, 5.73, 2845, 1751, 6207.42, 17446, 15891
1695255723, 0, 0, 31, 0, 0, 6814.84, 3, 0, 0, 2.94, 2846, 1751, 6207.42, 17446, 15891
1695255724, 0, 0, 31, 0, 0, 6814.84, 3, 0, 0, 4.09, 2846, 1753, 6207.42, 17446, 15891
1695255724, 0, 0, 31, 0, 0, 6814.84, 3, 0, 0, 6.10, 2846, 1756, 6207.42, 17446, 15891
1695255730, 0, 0, 31, 0, 0, 6814.84, 3, 0, 0, 0.33, 2848, 1756, 6207.42, 17446, 15891
1695255731, 0, 0, 31, 0, 0, 6814.84, 3, 0, 0, 5.25, 2849, 1757, 6207.42, 17446, 15891
1695255736, 0, 0, 31, 0, 0, 6814.84, 3, 0, 0, 0.56, 2852, 1757, 6207.42, 17446, 15891
1695255736, 0, 0, 31, 0, 0, 6814.84, 3, 0, 0, 10.00, 2853, 1759, 6207.42, 17446, 15891
1695255740, 0, 0, 31, 0, 0, 6814.84, 3, 0, 0, 1.21, 2854, 1762, 6207.42, 17446, 15891
1695255740, 0, 0, 31, 0, 0, 6814.84, 3, 0, 0, 9.01, 2855, 1763, 6207.42, 17446, 15891
