# unix_time, cycles_done, cur_path, paths_total, pending_total, pending_favs, map_size, unique_crashes, unique_hangs, max_depth, execs_per_sec, valid_inputs, invalid_inputs, valid_cov, all_covered_probes, valid_covered_probes
1694934937, 0, 0, 1, 0, 0, 807.81, 0, 0, 0, 0.53, 1, 0, 807.81, 2068, 2068
1694934937, 0, 0, 5, 0, 0, 1068.75, 0, 0, 0, 12.99, 3, 2, 845.31, 2736, 2164
1694934955, 0, 0, 7, 0, 0, 7375.00, 0, 0, 0, 0.11, 4, 3, 7195.31, 18880, 18420
1694934964, 0, 0, 9, 0, 0, 7400.39, 1, 0, 0, 0.49, 4, 7, 7195.31, 18945, 18420
1694934964, 0, 0, 11, 0, 0, 7546.09, 1, 0, 0, 5.04, 5, 8, 7204.69, 19318, 18444
1694934971, 0, 0, 14, 0, 0, 7839.84, 1, 0, 0, 0.70, 9, 9, 7519.14, 20070, 19249
1694934972, 0, 0, 16, 0, 0, 7841.41, 1, 0, 0, 12.12, 13, 11, 7520.70, 20074, 19253
1694934979, 0, 0, 17, 0, 0, 7845.31, 1, 0, 0, 0.54, 16, 12, 7524.61, 20084, 19263
1694935005, 0, 0, 19, 0, 0, 7855.86, 1, 0, 0, 0.19, 19, 14, 7531.25, 20111, 19280
1694935010, 0, 0, 20, 0, 0, 7863.28, 1, 0, 0, 3.72, 29, 22, 7531.25, 20130, 19280
1694935014, 0, 0, 21, 0, 0, 7866.02, 1, 0, 0, 0.83, 31, 23, 7531.25, 20137, 19280
1694935018, 0, 0, 22, 0, 0, 7989.06, 1, 0, 0, 0.50, 32, 24, 7654.30, 20452, 19595
1694935018, 0, 0, 22, 0, 0, 7989.06, 1, 0, 0, 6.41, 32, 26, 7654.30, 20452, 19595
1694935028, 0, 0, 22, 0, 0, 7989.06, 1, 0, 0, 0.50, 36, 27, 7654.30, 20452, 19595
1694935033, 0, 0, 23, 0, 0, 7993.75, 1, 0, 0, 0.19, 37, 27, 7658.98, 20464, 19607
1694935038, 0, 0, 23, 0, 0, 7993.75, 1, 0, 0, 0.40, 39, 27, 7658.98, 20464, 19607
1694935065, 0, 0, 24, 0, 0, 7995.70, 1, 0, 0, 0.23, 44, 28, 7660.94, 20469, 19612
1694935075, 0, 0, 24, 0, 0, 7995.70, 1, 0, 0, 0.10, 45, 28, 7660.94, 20469, 19612
1694935079, 0, 0, 25, 0, 0, 8022.66, 1, 0, 0, 2.59, 52, 32, 7687.89, 20538, 19681
1694935083, 0, 0, 25, 0, 0, 8022.66, 1, 0, 0, 0.22, 53, 32, 7687.89, 20538, 19681
1694935087, 0, 0, 25, 0, 0, 8022.66, 1, 0, 0, 1.42, 55, 35, 7687.89, 20538, 19681
1694935090, 0, 0, 25, 0, 0, 8022.66, 2, 0, 0, 0.30, 55, 36, 7687.89, 20538, 19681
1694935095, 0, 0, 25, 0, 0, 8022.66, 2, 0, 0, 0.76, 58, 37, 7687.89, 20538, 19681
1694935099, 0, 0, 25, 0, 0, 8022.66, 3, 0, 0, 3.56, 66, 42, 7687.89, 20538, 19681
1694935103, 0, 0, 25, 0, 0, 8022.66, 3, 0, 0, 0.23, 67, 42, 7687.89, 20538, 19681
1694935109, 0, 0, 27, 0, 0, 8039.06, 3, 0, 0, 1.97, 73, 46, 7704.30, 20580, 19723
1694935112, 0, 0, 27, 0, 0, 8039.06, 3, 0, 0, 1.03, 74, 49, 7704.30, 20580, 19723
1694935116, 0, 0, 27, 0, 0, 8039.06, 3, 0, 0, 3.11, 80, 54, 7704.30, 20580, 19723
1694935119, 0, 0, 27, 0, 0, 8039.06, 3, 0, 0, 1.48, 84, 55, 7704.30, 20580, 19723
1694935123, 0, 0, 28, 0, 0, 8045.70, 3, 0, 0, 4.12, 90, 63, 7710.94, 20597, 19740
1694935126, 0, 0, 28, 0, 0, 8045.70, 3, 0, 0, 1.56, 92, 66, 7710.94, 20597, 19740
1694935130, 0, 0, 28, 0, 0, 8045.70, 3, 0, 0, 1.65, 95, 70, 7710.94, 20597, 19740
1694935134, 0, 0, 28, 0, 0, 8045.70, 3, 0, 0, 3.12, 99, 77, 7710.94, 20597, 19740
1694935139, 0, 0, 29, 0, 0, 8046.48, 3, 0, 0, 3.23, 107, 86, 7711.72, 20599, 19742
1694935139, 0, 0, 29, 0, 0, 8046.48, 3, 0, 0, 2.14, 108, 86, 7711.72, 20599, 19742
1694935143, 0, 0, 29, 0, 0, 8046.48, 3, 0, 0, 1.09, 111, 87, 7711.72, 20599, 19742
1694935155, 0, 0, 29, 0, 0, 8046.48, 3, 0, 0, 0.67, 114, 92, 7711.72, 20599, 19742
1694935161, 0, 0, 29, 0, 0, 8046.48, 3, 0, 0, 3.65, 129, 98, 7711.72, 20599, 19742
1694935165, 0, 0, 29, 0, 0, 8046.48, 3, 0, 0, 0.46, 131, 98, 7711.72, 20599, 19742
1694935169, 0, 0, 29, 0, 0, 8046.48, 3, 0, 0, 0.87, 134, 98, 7711.72, 20599, 19742
1694935173, 0, 0, 29, 0, 0, 8046.48, 3, 0, 0, 3.15, 145, 100, 7711.72, 20599, 19742
1694935178, 0, 0, 29, 0, 0, 8046.48, 3, 0, 0, 0.75, 148, 101, 7711.72, 20599, 19742
1694935184, 0, 0, 29, 0, 0, 8046.48, 3, 0, 0, 0.34, 149, 102, 7711.72, 20599, 19742
1694935189, 0, 0, 29, 0, 0, 8046.48, 3, 0, 0, 1.30, 154, 103, 7711.72, 20599, 19742
1694935198, 0, 0, 29, 0, 0, 8046.48, 3, 0, 0, 2.12, 167, 109, 7711.72, 20599, 19742
1694935202, 0, 0, 29, 0, 0, 8046.48, 3, 0, 0, 0.23, 168, 109, 7711.72, 20599, 19742
1694935205, 0, 0, 29, 0, 0, 8046.48, 3, 0, 0, 0.31, 168, 110, 7711.72, 20599, 19742
1694935211, 0, 0, 29, 0, 0, 8046.48, 3, 0, 0, 0.38, 170, 110, 7711.72, 20599, 19742
1694935227, 0, 0, 29, 0, 0, 8046.48, 3, 0, 0, 0.36, 175, 111, 7711.72, 20599, 19742
1694935232, 0, 0, 29, 0, 0, 8046.48, 3, 0, 0, 1.40, 180, 112, 7711.72, 20599, 19742
1694935236, 0, 0, 29, 0, 0, 8046.48, 3, 0, 0, 2.14, 185, 116, 7711.72, 20599, 19742
1694935240, 0, 0, 29, 0, 0, 8046.48, 3, 0, 0, 4.77, 193, 126, 7711.72, 20599, 19742
1694935244, 0, 0, 29, 0, 0, 8046.48, 3, 0, 0, 2.43, 200, 129, 7711.72, 20599, 19742
1694935248, 0, 0, 29, 0, 0, 8046.48, 3, 0, 0, 0.73, 202, 130, 7711.72, 20599, 19742
1694935254, 0, 0, 29, 0, 0, 8046.48, 3, 0, 0, 2.34, 215, 131, 7711.72, 20599, 19742
1694935257, 0, 0, 29, 0, 0, 8046.48, 3, 0, 0, 5.83, 225, 142, 7711.72, 20599, 19742
1694935260, 0, 0, 29, 0, 0, 8046.48, 3, 0, 0, 1.09, 226, 144, 7711.72, 20599, 19742
1694935264, 0, 0, 30, 0, 0, 8062.89, 3, 0, 0, 2.25, 228, 151, 7728.13, 20641, 19784
1694935269, 0, 0, 30, 0, 0, 8062.89, 3, 0, 0, 0.23, 229, 151, 7728.13, 20641, 19784
1694935272, 0, 0, 30, 0, 0, 8062.89, 3, 0, 0, 0.35, 229, 152, 7728.13, 20641, 19784
1694935272, 0, 0, 30, 0, 0, 8062.89, 3, 0, 0, 61.35, 239, 162, 7728.13, 20641, 19784
1694935278, 0, 0, 30, 0, 0, 8062.89, 3, 0, 0, 0.15, 240, 162, 7728.13, 20641, 19784
1694935282, 0, 0, 30, 0, 0, 8062.89, 3, 0, 0, 2.63, 245, 166, 7728.13, 20641, 19784
1694935285, 0, 0, 30, 0, 0, 8062.89, 3, 0, 0, 4.31, 257, 170, 7728.13, 20641, 19784
1694935290, 0, 0, 30, 0, 0, 8062.89, 3, 0, 0, 3.13, 262, 178, 7728.13, 20641, 19784
1694935295, 0, 0, 30, 0, 0, 8062.89, 3, 0, 0, 1.08, 265, 181, 7728.13, 20641, 19784
1694935301, 0, 0, 30, 0, 0, 8062.89, 3, 0, 0, 0.36, 266, 182, 7728.13, 20641, 19784
1694935305, 0, 0, 30, 0, 0, 8062.89, 3, 0, 0, 0.95, 270, 182, 7728.13, 20641, 19784
1694935308, 0, 0, 30, 0, 0, 8062.89, 3, 0, 0, 0.33, 270, 183, 7728.13, 20641, 19784
1694935313, 0, 0, 30, 0, 0, 8062.89, 3, 0, 0, 3.88, 282, 191, 7728.13, 20641, 19784
1694935358, 0, 0, 30, 0, 0, 8062.89, 3, 0, 0, 0.09, 284, 193, 7728.13, 20641, 19784
1694935361, 0, 0, 30, 0, 0, 8062.89, 3, 0, 0, 2.16, 287, 197, 7728.13, 20641, 19784
1694935365, 0, 0, 30, 0, 0, 8062.89, 3, 0, 0, 0.29, 288, 197, 7728.13, 20641, 19784
1694935368, 0, 0, 30, 0, 0, 8062.89, 3, 0, 0, 4.57, 298, 203, 7728.13, 20641, 19784
1694935372, 0, 0, 30, 0, 0, 8062.89, 3, 0, 0, 5.13, 307, 214, 7728.13, 20641, 19784
1694935375, 0, 0, 30, 0, 0, 8062.89, 3, 0, 0, 0.99, 309, 215, 7728.13, 20641, 19784
1694935379, 0, 0, 30, 0, 0, 8062.89, 3, 0, 0, 2.36, 315, 217, 7728.13, 20641, 19784
1694935383, 0, 0, 30, 0, 0, 8062.89, 3, 0, 0, 1.70, 319, 221, 7728.13, 20641, 19784
1694935391, 0, 0, 31, 0, 0, 8063.28, 3, 0, 0, 0.14, 320, 221, 7728.52, 20642, 19785
1694935399, 0, 0, 31, 0, 0, 8063.28, 3, 0, 0, 0.99, 327, 222, 7728.52, 20642, 19785
1694935403, 0, 0, 31, 0, 0, 8063.28, 3, 0, 0, 1.27, 330, 224, 7728.52, 20642, 19785
1694935407, 0, 0, 31, 0, 0, 8063.28, 3, 0, 0, 3.19, 337, 231, 7728.52, 20642, 19785
1694935411, 0, 0, 31, 0, 0, 8063.28, 3, 0, 0, 0.70, 339, 232, 7728.52, 20642, 19785
1694935416, 0, 0, 31, 0, 0, 8063.28, 3, 0, 0, 6.30, 353, 245, 7728.52, 20642, 19785
1694935439, 0, 0, 31, 0, 0, 8063.28, 3, 0, 0, 0.13, 356, 245, 7728.52, 20642, 19785
1694935443, 0, 0, 32, 0, 0, 8101.56, 3, 0, 0, 0.21, 357, 245, 7766.80, 20740, 19883
1694935448, 0, 0, 32, 0, 0, 8101.56, 3, 0, 0, 3.80, 371, 250, 7766.80, 20740, 19883
1694935453, 0, 0, 32, 0, 0, 8101.56, 3, 0, 0, 4.60, 383, 259, 7766.80, 20740, 19883
1694935472, 0, 0, 32, 0, 0, 8101.56, 3, 0, 0, 0.26, 386, 261, 7766.80, 20740, 19883
1694935476, 0, 0, 32, 0, 0, 8101.56, 3, 0, 0, 1.17, 390, 261, 7766.80, 20740, 19883
1694935488, 0, 0, 32, 0, 0, 8101.56, 3, 0, 0, 0.16, 391, 262, 7766.80, 20740, 19883
1694935493, 0, 0, 32, 0, 0, 8101.56, 3, 0, 0, 0.67, 394, 262, 7766.80, 20740, 19883
1694935497, 0, 0, 32, 0, 0, 8101.56, 3, 0, 0, 5.47, 410, 268, 7766.80, 20740, 19883
1694935500, 0, 0, 32, 0, 0, 8101.56, 3, 0, 0, 0.58, 412, 268, 7766.80, 20740, 19883
1694935505, 0, 0, 32, 0, 0, 8101.56, 3, 0, 0, 0.22, 413, 268, 7766.80, 20740, 19883
1694935509, 0, 0, 32, 0, 0, 8101.56, 3, 0, 0, 1.01, 415, 270, 7766.80, 20740, 19883
1694935513, 0, 0, 32, 0, 0, 8101.56, 3, 0, 0, 0.74, 418, 270, 7766.80, 20740, 19883
1694935517, 0, 0, 32, 0, 0, 8101.56, 3, 0, 0, 1.61, 424, 270, 7766.80, 20740, 19883
1694935520, 0, 0, 32, 0, 0, 8101.56, 3, 0, 0, 0.27, 425, 270, 7766.80, 20740, 19883
1694935524, 0, 0, 32, 0, 0, 8101.56, 3, 0, 0, 4.82, 435, 277, 7766.80, 20740, 19883
1694935529, 0, 0, 32, 0, 0, 8101.56, 3, 0, 0, 0.87, 438, 278, 7766.80, 20740, 19883
1694935537, 0, 0, 32, 0, 0, 8101.56, 3, 0, 0, 1.26, 440, 287, 7766.80, 20740, 19883
1694935548, 0, 0, 33, 0, 0, 8104.69, 3, 0, 0, 0.77, 446, 289, 7769.92, 20748, 19891
1694935551, 0, 0, 33, 0, 0, 8104.69, 3, 0, 0, 1.34, 448, 292, 7769.92, 20748, 19891
1694935554, 0, 0, 33, 0, 0, 8104.69, 3, 0, 0, 0.32, 448, 293, 7769.92, 20748, 19891
1694935559, 0, 0, 33, 0, 0, 8104.69, 3, 0, 0, 0.50, 449, 294, 7769.92, 20748, 19891
1694935563, 0, 0, 33, 0, 0, 8104.69, 3, 0, 0, 0.70, 451, 295, 7769.92, 20748, 19891
1694935567, 0, 0, 33, 0, 0, 8104.69, 3, 0, 0, 1.89, 455, 299, 7769.92, 20748, 19891
1694935571, 0, 0, 33, 0, 0, 8104.69, 3, 0, 0, 5.15, 467, 306, 7769.92, 20748, 19891
1694935574, 0, 0, 33, 0, 0, 8104.69, 3, 0, 0, 0.33, 468, 306, 7769.92, 20748, 19891
1694935578, 0, 0, 33, 0, 0, 8104.69, 3, 0, 0, 0.98, 470, 308, 7769.92, 20748, 19891
1694935581, 0, 0, 33, 0, 0, 8104.69, 3, 0, 0, 0.60, 472, 308, 7769.92, 20748, 19891
1694935586, 0, 0, 33, 0, 0, 8104.69, 3, 0, 0, 0.69, 473, 310, 7769.92, 20748, 19891
1694935586, 0, 0, 33, 0, 0, 8104.69, 3, 0, 0, 80.39, 489, 319, 7769.92, 20748, 19891
1694935590, 0, 0, 33, 0, 0, 8104.69, 3, 0, 0, 0.46, 491, 319, 7769.92, 20748, 19891
1694935595, 0, 0, 33, 0, 0, 8104.69, 3, 0, 0, 2.25, 496, 324, 7769.92, 20748, 19891
1694935601, 0, 0, 33, 0, 0, 8104.69, 3, 0, 0, 1.36, 501, 328, 7769.92, 20748, 19891
1694935606, 0, 0, 33, 0, 0, 8104.69, 3, 0, 0, 1.00, 505, 329, 7769.92, 20748, 19891
1694935610, 0, 0, 33, 0, 0, 8104.69, 3, 0, 0, 1.96, 507, 334, 7769.92, 20748, 19891
1694935613, 0, 0, 33, 0, 0, 8104.69, 3, 0, 0, 2.45, 512, 337, 7769.92, 20748, 19891
1694935616, 0, 0, 33, 0, 0, 8104.69, 3, 0, 0, 1.25, 513, 340, 7769.92, 20748, 19891
1694935621, 0, 0, 33, 0, 0, 8104.69, 3, 0, 0, 1.67, 517, 343, 7769.92, 20748, 19891
1694935624, 0, 0, 33, 0, 0, 8104.69, 3, 0, 0, 0.31, 518, 343, 7769.92, 20748, 19891
1694935633, 0, 0, 33, 0, 0, 8104.69, 3, 0, 0, 0.21, 520, 343, 7769.92, 20748, 19891
1694935638, 0, 0, 33, 0, 0, 8104.69, 3, 0, 0, 0.83, 524, 343, 7769.92, 20748, 19891
1694935645, 0, 0, 33, 0, 0, 8104.69, 3, 0, 0, 1.80, 530, 349, 7769.92, 20748, 19891
1694935650, 0, 0, 33, 0, 0, 8104.69, 3, 0, 0, 0.88, 532, 352, 7769.92, 20748, 19891
1694935654, 0, 0, 33, 0, 0, 8104.69, 3, 0, 0, 1.10, 535, 353, 7769.92, 20748, 19891
1694935658, 0, 0, 33, 0, 0, 8104.69, 3, 0, 0, 3.50, 545, 357, 7769.92, 20748, 19891
1694935665, 0, 0, 33, 0, 0, 8104.69, 3, 0, 0, 0.27, 546, 358, 7769.92, 20748, 19891
1694935669, 0, 0, 33, 0, 0, 8104.69, 3, 0, 0, 5.47, 558, 367, 7769.92, 20748, 19891
1694935672, 0, 0, 33, 0, 0, 8104.69, 3, 0, 0, 1.34, 561, 368, 7769.92, 20748, 19891
1694935676, 0, 0, 33, 0, 0, 8104.69, 3, 0, 0, 0.81, 562, 370, 7769.92, 20748, 19891
1694935676, 0, 0, 33, 0, 0, 8104.69, 3, 0, 0, 55.92, 573, 376, 7769.92, 20748, 19891
1694935679, 0, 0, 33, 0, 0, 8104.69, 3, 0, 0, 2.13, 577, 378, 7769.92, 20748, 19891
1694935688, 0, 0, 33, 0, 0, 8104.69, 3, 0, 0, 1.00, 582, 382, 7769.92, 20748, 19891
1694935692, 0, 0, 33, 0, 0, 8104.69, 3, 0, 0, 1.54, 585, 385, 7769.92, 20748, 19891
1694935697, 0, 0, 33, 0, 0, 8104.69, 3, 0, 0, 1.96, 591, 389, 7769.92, 20748, 19891
1694935703, 0, 0, 33, 0, 0, 8104.69, 3, 0, 0, 0.67, 594, 390, 7769.92, 20748, 19891
1694935703, 0, 0, 33, 0, 0, 8104.69, 3, 0, 0, 68.63, 602, 403, 7769.92, 20748, 19891
1694935706, 0, 0, 33, 0, 0, 8104.69, 3, 0, 0, 0.63, 603, 404, 7769.92, 20748, 19891
1694935710, 0, 0, 33, 0, 0, 8104.69, 3, 0, 0, 1.49, 607, 406, 7769.92, 20748, 19891
1694935711, 0, 0, 33, 0, 0, 8104.69, 3, 0, 0, 36.20, 615, 414, 7769.92, 20748, 19891
1694935711, 0, 0, 33, 0, 0, 8104.69, 3, 0, 0, 51.08, 628, 420, 7769.92, 20748, 19891
1694935718, 0, 0, 33, 0, 0, 8104.69, 3, 0, 0, 0.62, 629, 423, 7769.92, 20748, 19891
1694935722, 0, 0, 33, 0, 0, 8104.69, 3, 0, 0, 0.75, 631, 424, 7769.92, 20748, 19891
1694935725, 0, 0, 33, 0, 0, 8104.69, 3, 0, 0, 1.18, 634, 425, 7769.92, 20748, 19891
1694935729, 0, 0, 33, 0, 0, 8104.69, 3, 0, 0, 1.05, 637, 426, 7769.92, 20748, 19891
1694935733, 0, 0, 33, 0, 0, 8104.69, 3, 0, 0, 2.05, 642, 429, 7769.92, 20748, 19891
1694935738, 0, 0, 33, 0, 0, 8104.69, 3, 0, 0, 3.02, 650, 438, 7769.92, 20748, 19891
1694935743, 0, 0, 33, 0, 0, 8104.69, 3, 0, 0, 2.86, 657, 443, 7769.92, 20748, 19891
1694935747, 0, 0, 33, 0, 0, 8104.69, 3, 0, 0, 2.06, 665, 444, 7769.92, 20748, 19891
1694935753, 0, 0, 33, 0, 0, 8104.69, 3, 0, 0, 1.41, 671, 446, 7769.92, 20748, 19891
1694935757, 0, 0, 33, 0, 0, 8104.69, 3, 0, 0, 1.96, 679, 447, 7769.92, 20748, 19891
1694935761, 0, 0, 33, 0, 0, 8104.69, 3, 0, 0, 1.10, 683, 447, 7769.92, 20748, 19891
1694935767, 0, 0, 33, 0, 0, 8104.69, 3, 0, 0, 1.20, 690, 447, 7769.92, 20748, 19891
1694935775, 0, 0, 33, 0, 0, 8104.69, 3, 0, 0, 0.51, 693, 448, 7769.92, 20748, 19891
1694935775, 0, 0, 33, 0, 0, 8104.69, 3, 0, 0, 52.15, 703, 455, 7769.92, 20748, 19891
1694935780, 0, 0, 33, 0, 0, 8104.69, 3, 0, 0, 2.05, 710, 459, 7769.92, 20748, 19891
1694935781, 0, 0, 33, 0, 0, 8104.69, 3, 0, 0, 18.02, 714, 461, 7769.92, 20748, 19891
1694935787, 0, 0, 33, 0, 0, 8104.69, 3, 0, 0, 0.99, 717, 464, 7769.92, 20748, 19891
1694935787, 0, 0, 33, 0, 0, 8104.69, 3, 0, 0, 37.15, 724, 469, 7769.92, 20748, 19891
1694935792, 0, 0, 33, 0, 0, 8104.69, 3, 0, 0, 0.83, 726, 471, 7769.92, 20748, 19891
1694935797, 0, 0, 33, 0, 0, 8104.69, 3, 0, 0, 0.19, 727, 471, 7769.92, 20748, 19891
1694935803, 0, 0, 33, 0, 0, 8104.69, 3, 0, 0, 0.18, 728, 471, 7769.92, 20748, 19891
1694935808, 0, 0, 33, 0, 0, 8104.69, 3, 0, 0, 1.29, 734, 472, 7769.92, 20748, 19891
1694935813, 0, 0, 33, 0, 0, 8104.69, 3, 0, 0, 1.09, 738, 473, 7769.92, 20748, 19891
1694935816, 0, 0, 33, 0, 0, 8104.69, 3, 0, 0, 0.51, 740, 473, 7769.92, 20748, 19891
1694935817, 0, 0, 33, 0, 0, 8104.69, 3, 0, 0, 27.86, 746, 476, 7769.92, 20748, 19891
1694935822, 0, 0, 33, 0, 0, 8104.69, 3, 0, 0, 0.57, 749, 476, 7769.92, 20748, 19891
1694935827, 0, 0, 33, 0, 0, 8104.69, 3, 0, 0, 1.92, 753, 481, 7769.92, 20748, 19891
1694935833, 0, 0, 33, 0, 0, 8104.69, 3, 0, 0, 0.47, 756, 481, 7769.92, 20748, 19891
1694935841, 0, 0, 33, 0, 0, 8104.69, 3, 0, 0, 1.08, 759, 487, 7769.92, 20748, 19891
1694935846, 0, 0, 33, 0, 0, 8104.69, 3, 0, 0, 0.83, 763, 487, 7769.92, 20748, 19891
1694935851, 0, 0, 33, 0, 0, 8104.69, 3, 0, 0, 1.53, 768, 489, 7769.92, 20748, 19891
1694935858, 0, 0, 33, 0, 0, 8104.69, 3, 0, 0, 0.72, 772, 490, 7769.92, 20748, 19891
1694935863, 0, 0, 33, 0, 0, 8104.69, 3, 0, 0, 1.04, 776, 491, 7769.92, 20748, 19891
1694935868, 0, 0, 33, 0, 0, 8104.69, 3, 0, 0, 0.40, 778, 491, 7769.92, 20748, 19891
1694935871, 0, 0, 33, 0, 0, 8104.69, 3, 0, 0, 0.26, 779, 491, 7769.92, 20748, 19891
1694935875, 0, 0, 33, 0, 0, 8104.69, 3, 0, 0, 0.48, 780, 492, 7769.92, 20748, 19891
1694935876, 0, 0, 33, 0, 0, 8104.69, 3, 0, 0, 53.41, 790, 500, 7769.92, 20748, 19891
1694935882, 0, 0, 33, 0, 0, 8104.69, 3, 0, 0, 0.15, 791, 500, 7769.92, 20748, 19891
1694935883, 0, 0, 33, 0, 0, 8104.69, 3, 0, 0, 38.96, 802, 501, 7769.92, 20748, 19891
1694935888, 0, 0, 33, 0, 0, 8104.69, 3, 0, 0, 2.36, 808, 507, 7769.92, 20748, 19891
1694935893, 0, 0, 33, 0, 0, 8104.69, 3, 0, 0, 1.47, 812, 511, 7769.92, 20748, 19891
1694935898, 0, 0, 33, 0, 0, 8104.69, 3, 0, 0, 1.54, 817, 513, 7769.92, 20748, 19891
1694935904, 0, 0, 33, 0, 0, 8104.69, 3, 0, 0, 1.10, 822, 515, 7769.92, 20748, 19891
1694935908, 0, 0, 33, 0, 0, 8104.69, 3, 0, 0, 2.12, 829, 516, 7769.92, 20748, 19891
1694935908, 0, 0, 33, 0, 0, 8104.69, 3, 0, 0, 28.85, 835, 519, 7769.92, 20748, 19891
1694935908, 0, 0, 33, 0, 0, 8104.69, 3, 0, 0, 28.85, 842, 521, 7769.92, 20748, 19891
1694935913, 0, 0, 33, 0, 0, 8104.69, 3, 0, 0, 0.42, 844, 521, 7769.92, 20748, 19891
1694935926, 0, 0, 33, 0, 0, 8104.69, 3, 0, 0, 0.71, 850, 524, 7769.92, 20748, 19891
1694935930, 0, 0, 33, 0, 0, 8104.69, 3, 0, 0, 0.91, 852, 526, 7769.92, 20748, 19891
1694935931, 0, 0, 33, 0, 0, 8104.69, 3, 0, 0, 31.61, 856, 533, 7769.92, 20748, 19891
1694935935, 0, 0, 33, 0, 0, 8104.69, 3, 0, 0, 0.76, 858, 534, 7769.92, 20748, 19891
1694935944, 0, 0, 33, 0, 0, 8104.69, 3, 0, 0, 0.10, 859, 534, 7769.92, 20748, 19891
1694935949, 0, 0, 33, 0, 0, 8104.69, 3, 0, 0, 1.52, 862, 538, 7769.92, 20748, 19891
1694935949, 0, 0, 33, 0, 0, 8104.69, 3, 0, 0, 17.54, 867, 540, 7769.92, 20748, 19891
1694935954, 0, 0, 33, 0, 0, 8104.69, 3, 0, 0, 1.16, 870, 542, 7769.92, 20748, 19891
1694935962, 0, 0, 33, 0, 0, 8104.69, 3, 0, 0, 0.12, 871, 542, 7769.92, 20748, 19891
1694935966, 0, 0, 33, 0, 0, 8104.69, 3, 0, 0, 0.46, 872, 543, 7769.92, 20748, 19891
1694935972, 0, 0, 33, 0, 0, 8104.69, 3, 0, 0, 2.46, 879, 550, 7769.92, 20748, 19891
1694935978, 0, 0, 33, 0, 0, 8104.69, 3, 0, 0, 1.96, 888, 553, 7769.92, 20748, 19891
1694935987, 0, 0, 33, 0, 0, 8104.69, 3, 0, 0, 0.66, 893, 554, 7769.92, 20748, 19891
1694935992, 0, 0, 33, 0, 0, 8104.69, 3, 0, 0, 1.08, 897, 555, 7769.92, 20748, 19891
1694935992, 0, 0, 33, 0, 0, 8104.69, 3, 0, 0, 29.33, 903, 559, 7769.92, 20748, 19891
1694935993, 0, 0, 33, 0, 0, 8104.69, 3, 0, 0, 29.67, 910, 562, 7769.92, 20748, 19891
1694935998, 0, 0, 33, 0, 0, 8104.69, 3, 0, 0, 2.02, 918, 565, 7769.92, 20748, 19891
1694936002, 0, 0, 33, 0, 0, 8104.69, 3, 0, 0, 0.45, 920, 565, 7769.92, 20748, 19891
1694936003, 0, 0, 33, 0, 0, 8104.69, 3, 0, 0, 42.35, 928, 570, 7769.92, 20748, 19891
1694936007, 0, 0, 33, 0, 0, 8104.69, 3, 0, 0, 1.45, 931, 573, 7769.92, 20748, 19891
1694936018, 0, 0, 33, 0, 0, 8104.69, 3, 0, 0, 0.70, 934, 578, 7769.92, 20748, 19891
1694936019, 0, 0, 33, 0, 0, 8104.69, 3, 0, 0, 30.90, 941, 582, 7769.92, 20748, 19891
1694936024, 0, 0, 33, 0, 0, 8104.69, 3, 0, 0, 0.73, 945, 582, 7769.92, 20748, 19891
1694936029, 0, 0, 33, 0, 0, 8104.69, 3, 0, 0, 1.60, 948, 587, 7769.92, 20748, 19891
1694936034, 0, 0, 33, 0, 0, 8104.69, 3, 0, 0, 1.83, 953, 590, 7769.92, 20748, 19891
1694936044, 0, 0, 33, 0, 0, 8104.69, 3, 0, 0, 0.77, 959, 592, 7769.92, 20748, 19891
1694936048, 0, 0, 33, 0, 0, 8104.69, 3, 0, 0, 0.51, 961, 592, 7769.92, 20748, 19891
1694936052, 0, 0, 33, 0, 0, 8104.69, 3, 0, 0, 1.60, 966, 593, 7769.92, 20748, 19891
1694936056, 0, 0, 33, 0, 0, 8104.69, 3, 0, 0, 1.69, 968, 599, 7769.92, 20748, 19891
1694936062, 0, 0, 33, 0, 0, 8104.69, 3, 0, 0, 0.82, 972, 600, 7769.92, 20748, 19891
1694936067, 0, 0, 33, 0, 0, 8104.69, 3, 0, 0, 0.85, 974, 602, 7769.92, 20748, 19891
1694936067, 0, 0, 33, 0, 0, 8104.69, 3, 0, 0, 23.32, 979, 605, 7769.92, 20748, 19891
1694936073, 0, 0, 33, 0, 0, 8104.69, 3, 0, 0, 1.14, 982, 608, 7769.92, 20748, 19891
1694936080, 0, 0, 33, 0, 0, 8104.69, 3, 0, 0, 0.15, 983, 608, 7769.92, 20748, 19891
1694936085, 0, 0, 33, 0, 0, 8104.69, 3, 0, 0, 1.44, 987, 612, 7769.92, 20748, 19891
1694936090, 0, 0, 33, 0, 0, 8104.69, 3, 0, 0, 0.19, 988, 612, 7769.92, 20748, 19891
1694936095, 0, 0, 33, 0, 0, 8104.69, 3, 0, 0, 1.28, 994, 612, 7769.92, 20748, 19891
1694936100, 0, 0, 33, 0, 0, 8104.69, 3, 0, 0, 1.21, 998, 614, 7769.92, 20748, 19891
1694936106, 0, 0, 33, 0, 0, 8104.69, 3, 0, 0, 1.36, 1004, 616, 7769.92, 20748, 19891
1694936113, 0, 0, 33, 0, 0, 8104.69, 3, 0, 0, 0.28, 1005, 617, 7769.92, 20748, 19891
1694936113, 0, 0, 33, 0, 0, 8104.69, 3, 0, 0, 25.56, 1010, 620, 7769.92, 20748, 19891
1694936118, 0, 0, 33, 0, 0, 8104.69, 3, 0, 0, 0.21, 1011, 620, 7769.92, 20748, 19891
1694936118, 0, 0, 33, 0, 0, 8104.69, 3, 0, 0, 25.00, 1018, 621, 7769.92, 20748, 19891
1694936122, 0, 0, 33, 0, 0, 8104.69, 3, 0, 0, 0.84, 1019, 623, 7769.92, 20748, 19891
1694936127, 0, 0, 33, 0, 0, 8104.69, 3, 0, 0, 1.26, 1022, 626, 7769.92, 20748, 19891
1694936136, 0, 0, 33, 0, 0, 8104.69, 3, 0, 0, 0.21, 1024, 626, 7769.92, 20748, 19891
1694936141, 0, 0, 34, 0, 0, 8105.47, 3, 0, 0, 3.74, 1035, 632, 7770.70, 20750, 19893
1694936146, 0, 0, 34, 0, 0, 8105.47, 3, 0, 0, 0.54, 1037, 633, 7770.70, 20750, 19893
1694936152, 0, 0, 34, 0, 0, 8105.47, 3, 0, 0, 1.42, 1042, 636, 7770.70, 20750, 19893
1694936160, 0, 0, 34, 0, 0, 8105.47, 3, 0, 0, 0.26, 1043, 637, 7770.70, 20750, 19893
1694936160, 0, 0, 34, 0, 0, 8105.47, 3, 0, 0, 31.75, 1048, 642, 7770.70, 20750, 19893
1694936160, 0, 0, 34, 0, 0, 8105.47, 3, 0, 0, 18.97, 1053, 644, 7770.70, 20750, 19893
1694936166, 0, 0, 34, 0, 0, 8105.47, 3, 0, 0, 0.53, 1055, 645, 7770.70, 20750, 19893
1694936172, 0, 0, 34, 0, 0, 8105.47, 3, 0, 0, 0.18, 1056, 645, 7770.70, 20750, 19893
1694936172, 0, 0, 34, 0, 0, 8105.47, 3, 0, 0, 18.29, 1059, 648, 7770.70, 20750, 19893
1694936177, 0, 0, 34, 0, 0, 8105.47, 3, 0, 0, 1.10, 1063, 650, 7770.70, 20750, 19893
1694936178, 0, 0, 34, 0, 0, 8105.47, 3, 0, 0, 16.62, 1068, 651, 7770.70, 20750, 19893
1694936182, 0, 0, 34, 0, 0, 8105.47, 3, 0, 0, 0.77, 1070, 652, 7770.70, 20750, 19893
1694936187, 0, 0, 34, 0, 0, 8105.47, 3, 0, 0, 1.25, 1073, 655, 7770.70, 20750, 19893
1694936192, 0, 0, 34, 0, 0, 8105.47, 3, 0, 0, 0.60, 1075, 656, 7770.70, 20750, 19893
1694936198, 0, 0, 34, 0, 0, 8105.47, 3, 0, 0, 0.16, 1076, 656, 7770.70, 20750, 19893
1694936204, 0, 0, 34, 0, 0, 8105.47, 3, 0, 0, 0.50, 1079, 656, 7770.70, 20750, 19893
1694936208, 0, 0, 34, 0, 0, 8105.47, 3, 0, 0, 1.32, 1083, 658, 7770.70, 20750, 19893
1694936213, 0, 0, 34, 0, 0, 8105.47, 3, 0, 0, 1.21, 1088, 658, 7770.70, 20750, 19893
1694936213, 0, 0, 34, 0, 0, 8105.47, 3, 0, 0, 16.56, 1091, 660, 7770.70, 20750, 19893
1694936213, 0, 0, 34, 0, 0, 8105.47, 3, 0, 0, 24.10, 1095, 664, 7770.70, 20750, 19893
1694936226, 0, 0, 34, 0, 0, 8105.47, 3, 0, 0, 0.08, 1096, 664, 7770.70, 20750, 19893
1694936231, 0, 0, 34, 0, 0, 8105.47, 3, 0, 0, 0.39, 1097, 665, 7770.70, 20750, 19893
1694936231, 0, 0, 34, 0, 0, 8105.47, 3, 0, 0, 38.10, 1103, 671, 7770.70, 20750, 19893
1694936231, 0, 0, 34, 0, 0, 8105.47, 3, 0, 0, 16.13, 1106, 673, 7770.70, 20750, 19893
1694936232, 0, 0, 34, 0, 0, 8105.47, 3, 0, 0, 29.90, 1110, 678, 7770.70, 20750, 19893
1694936237, 0, 0, 34, 0, 0, 8105.47, 3, 0, 0, 0.75, 1112, 680, 7770.70, 20750, 19893
1694936237, 0, 0, 34, 0, 0, 8105.47, 3, 0, 0, 13.16, 1114, 682, 7770.70, 20750, 19893
1694936243, 0, 0, 34, 0, 0, 8105.47, 3, 0, 0, 0.33, 1116, 682, 7770.70, 20750, 19893
1694936248, 0, 0, 34, 0, 0, 8105.47, 3, 0, 0, 1.80, 1121, 686, 7770.70, 20750, 19893
1694936255, 0, 0, 34, 0, 0, 8105.47, 3, 0, 0, 0.16, 1122, 686, 7770.70, 20750, 19893
1694936255, 0, 0, 34, 0, 0, 8105.47, 3, 0, 0, 23.39, 1127, 689, 7770.70, 20750, 19893
1694936259, 0, 0, 34, 0, 0, 8105.47, 3, 0, 0, 1.11, 1130, 691, 7770.70, 20750, 19893
1694936264, 0, 0, 34, 0, 0, 8105.47, 3, 0, 0, 1.10, 1134, 692, 7770.70, 20750, 19893
1694936269, 0, 0, 34, 0, 0, 8105.47, 3, 0, 0, 0.63, 1136, 693, 7770.70, 20750, 19893
1694936273, 0, 0, 34, 0, 0, 8105.47, 3, 0, 0, 0.42, 1137, 694, 7770.70, 20750, 19893
1694936274, 0, 0, 34, 0, 0, 8105.47, 3, 0, 0, 22.80, 1139, 699, 7770.70, 20750, 19893
1694936278, 0, 0, 34, 0, 0, 8105.47, 3, 0, 0, 1.32, 1144, 700, 7770.70, 20750, 19893
1694936286, 0, 0, 34, 0, 0, 8105.47, 3, 0, 0, 1.04, 1149, 703, 7770.70, 20750, 19893
1694936290, 0, 0, 34, 0, 0, 8105.47, 3, 0, 0, 0.26, 1149, 704, 7770.70, 20750, 19893
1694936295, 0, 0, 34, 0, 0, 8105.47, 3, 0, 0, 1.05, 1151, 707, 7770.70, 20750, 19893
1694936302, 0, 0, 34, 0, 0, 8105.47, 3, 0, 0, 0.42, 1153, 708, 7770.70, 20750, 19893
1694936307, 0, 0, 34, 0, 0, 8105.47, 3, 0, 0, 0.55, 1155, 709, 7770.70, 20750, 19893
1694936313, 0, 0, 34, 0, 0, 8105.47, 3, 0, 0, 0.48, 1158, 709, 7770.70, 20750, 19893
1694936314, 0, 0, 34, 0, 0, 8105.47, 3, 0, 0, 25.89, 1163, 712, 7770.70, 20750, 19893
1694936314, 0, 0, 34, 0, 0, 8105.47, 3, 0, 0, 22.67, 1169, 715, 7770.70, 20750, 19893
1694936319, 0, 0, 34, 0, 0, 8105.47, 3, 0, 0, 0.41, 1170, 716, 7770.70, 20750, 19893
1694936325, 0, 0, 34, 0, 0, 8105.47, 3, 0, 0, 2.35, 1178, 721, 7770.70, 20750, 19893
1694936330, 0, 0, 34, 0, 0, 8105.47, 3, 0, 0, 1.40, 1181, 725, 7770.70, 20750, 19893
1694936330, 0, 0, 34, 0, 0, 8105.47, 3, 0, 0, 39.34, 1188, 730, 7770.70, 20750, 19893
1694936336, 0, 0, 34, 0, 0, 8105.47, 3, 0, 0, 0.17, 1189, 730, 7770.70, 20750, 19893
1694936343, 0, 0, 34, 0, 0, 8105.47, 3, 0, 0, 0.83, 1191, 734, 7770.70, 20750, 19893
1694936343, 0, 0, 34, 0, 0, 8105.47, 3, 0, 0, 34.58, 1200, 737, 7770.70, 20750, 19893
1694936348, 0, 0, 34, 0, 0, 8105.47, 3, 0, 0, 0.84, 1202, 739, 7770.70, 20750, 19893
1694936352, 0, 0, 34, 0, 0, 8105.47, 3, 0, 0, 1.84, 1207, 742, 7770.70, 20750, 19893
1694936353, 0, 0, 34, 0, 0, 8105.47, 3, 0, 0, 26.23, 1213, 744, 7770.70, 20750, 19893
1694936356, 0, 0, 34, 0, 0, 8105.47, 3, 0, 0, 0.26, 1214, 744, 7770.70, 20750, 19893
1694936357, 0, 0, 34, 0, 0, 8105.47, 3, 0, 0, 19.48, 1219, 745, 7770.70, 20750, 19893
1694936357, 0, 0, 34, 0, 0, 8105.47, 3, 0, 0, 16.61, 1221, 748, 7770.70, 20750, 19893
1694936357, 0, 0, 34, 0, 0, 8105.47, 3, 0, 0, 17.44, 1225, 750, 7770.70, 20750, 19893
1694936358, 0, 0, 34, 0, 0, 8105.47, 3, 0, 0, 22.65, 1229, 753, 7770.70, 20750, 19893
1694936358, 0, 0, 34, 0, 0, 8105.47, 3, 0, 0, 12.74, 1230, 756, 7770.70, 20750, 19893
1694936362, 0, 0, 34, 0, 0, 8105.47, 3, 0, 0, 1.32, 1233, 758, 7770.70, 20750, 19893
1694936367, 0, 0, 34, 0, 0, 8105.47, 3, 0, 0, 0.57, 1235, 759, 7770.70, 20750, 19893
1694936371, 0, 0, 34, 0, 0, 8105.47, 3, 0, 0, 0.75, 1237, 760, 7770.70, 20750, 19893
1694936377, 0, 0, 34, 0, 0, 8105.47, 3, 0, 0, 0.16, 1238, 760, 7770.70, 20750, 19893
1694936382, 0, 0, 34, 0, 0, 8105.47, 3, 0, 0, 0.21, 1239, 760, 7770.70, 20750, 19893
1694936386, 0, 0, 34, 0, 0, 8105.47, 3, 0, 0, 0.70, 1241, 761, 7770.70, 20750, 19893
1694936387, 0, 0, 34, 0, 0, 8105.47, 3, 0, 0, 22.51, 1246, 763, 7770.70, 20750, 19893
1694936395, 0, 0, 34, 0, 0, 8105.47, 3, 0, 0, 0.76, 1252, 763, 7770.70, 20750, 19893
1694936402, 0, 0, 34, 0, 0, 8105.47, 3, 0, 0, 0.14, 1253, 763, 7770.70, 20750, 19893
1694936407, 0, 0, 34, 0, 0, 8105.47, 3, 0, 0, 1.46, 1256, 767, 7770.70, 20750, 19893
1694936407, 0, 0, 34, 0, 0, 8105.47, 3, 0, 0, 25.00, 1259, 773, 7770.70, 20750, 19893
1694936408, 0, 0, 34, 0, 0, 8105.47, 3, 0, 0, 10.37, 1261, 776, 7770.70, 20750, 19893
1694936408, 0, 0, 34, 0, 0, 8105.47, 3, 0, 0, 24.92, 1264, 781, 7770.70, 20750, 19893
1694936414, 0, 0, 34, 0, 0, 8105.47, 3, 0, 0, 1.23, 1267, 785, 7770.70, 20750, 19893
1694936414, 0, 0, 34, 0, 0, 8105.47, 3, 0, 0, 15.34, 1270, 787, 7770.70, 20750, 19893
1694936418, 0, 0, 34, 0, 0, 8105.47, 3, 0, 0, 0.66, 1272, 788, 7770.70, 20750, 19893
1694936419, 0, 0, 34, 0, 0, 8105.47, 3, 0, 0, 25.35, 1278, 791, 7770.70, 20750, 19893
1694936419, 0, 0, 34, 0, 0, 8105.47, 3, 0, 0, 30.00, 1283, 795, 7770.70, 20750, 19893
1694936425, 0, 0, 34, 0, 0, 8105.47, 3, 0, 0, 0.51, 1285, 796, 7770.70, 20750, 19893
1694936431, 0, 0, 34, 0, 0, 8105.47, 3, 0, 0, 1.07, 1289, 798, 7770.70, 20750, 19893
1694936431, 0, 0, 34, 0, 0, 8105.47, 3, 0, 0, 29.61, 1296, 800, 7770.70, 20750, 19893
1694936431, 0, 0, 34, 0, 0, 8105.47, 3, 0, 0, 10.00, 1300, 800, 7770.70, 20750, 19893
1694936436, 0, 0, 34, 0, 0, 8105.47, 3, 0, 0, 0.70, 1302, 801, 7770.70, 20750, 19893
1694936436, 0, 0, 34, 0, 0, 8105.47, 3, 0, 0, 8.73, 1304, 803, 7770.70, 20750, 19893
1694936442, 0, 0, 34, 0, 0, 8105.47, 3, 0, 0, 1.44, 1308, 807, 7770.70, 20750, 19893
1694936445, 0, 0, 34, 0, 0, 8105.47, 3, 0, 0, 0.51, 1310, 807, 7770.70, 20750, 19893
1694936446, 0, 0, 34, 0, 0, 8105.47, 3, 0, 0, 18.52, 1315, 808, 7770.70, 20750, 19893
1694936451, 0, 0, 34, 0, 0, 8105.47, 3, 0, 0, 1.73, 1320, 812, 7770.70, 20750, 19893
1694936456, 0, 0, 34, 0, 0, 8105.47, 3, 0, 0, 0.39, 1322, 812, 7770.70, 20750, 19893
1694936462, 0, 0, 34, 0, 0, 8105.47, 3, 0, 0, 0.94, 1326, 813, 7770.70, 20750, 19893
1694936462, 0, 0, 34, 0, 0, 8105.47, 3, 0, 0, 12.23, 1328, 815, 7770.70, 20750, 19893
1694936467, 0, 0, 34, 0, 0, 8105.47, 3, 0, 0, 0.42, 1330, 815, 7770.70, 20750, 19893
1694936467, 0, 0, 34, 0, 0, 8105.47, 3, 0, 0, 18.62, 1336, 816, 7770.70, 20750, 19893
1694936473, 0, 0, 34, 0, 0, 8105.47, 3, 0, 0, 0.34, 1337, 817, 7770.70, 20750, 19893
1694936478, 0, 0, 34, 0, 0, 8105.47, 3, 0, 0, 1.15, 1342, 818, 7770.70, 20750, 19893
1694936483, 0, 0, 34, 0, 0, 8105.47, 3, 0, 0, 0.19, 1343, 818, 7770.70, 20750, 19893
1694936488, 0, 0, 34, 0, 0, 8105.47, 3, 0, 0, 0.22, 1344, 818, 7770.70, 20750, 19893
1694936488, 0, 0, 34, 0, 0, 8105.47, 3, 0, 0, 8.88, 1346, 819, 7770.70, 20750, 19893
1694936493, 0, 0, 34, 0, 0, 8105.47, 3, 0, 0, 0.78, 1349, 820, 7770.70, 20750, 19893
1694936494, 0, 0, 34, 0, 0, 8105.47, 3, 0, 0, 13.33, 1350, 823, 7770.70, 20750, 19893
1694936498, 0, 0, 34, 0, 0, 8105.47, 3, 0, 0, 0.99, 1352, 825, 7770.70, 20750, 19893
1694936501, 0, 0, 34, 0, 0, 8105.47, 3, 0, 0, 1.09, 1353, 828, 7770.70, 20750, 19893
1694936506, 0, 0, 34, 0, 0, 8105.47, 3, 0, 0, 1.85, 1358, 832, 7770.70, 20750, 19893
1694936511, 0, 0, 34, 0, 0, 8105.47, 3, 0, 0, 1.15, 1362, 833, 7770.70, 20750, 19893
1694936511, 0, 0, 34, 0, 0, 8105.47, 3, 0, 0, 15.20, 1364, 836, 7770.70, 20750, 19893
1694936516, 0, 0, 34, 0, 0, 8105.47, 3, 0, 0, 0.18, 1365, 836, 7770.70, 20750, 19893
1694936521, 0, 0, 34, 0, 0, 8105.47, 3, 0, 0, 0.78, 1367, 838, 7770.70, 20750, 19893
1694936522, 0, 0, 34, 0, 0, 8105.47, 3, 0, 0, 18.87, 1371, 841, 7770.70, 20750, 19893
1694936522, 0, 0, 34, 0, 0, 8105.47, 3, 0, 0, 26.67, 1376, 844, 7770.70, 20750, 19893
1694936522, 0, 0, 34, 0, 0, 8105.47, 3, 0, 0, 15.97, 1378, 847, 7770.70, 20750, 19893
1694936535, 0, 0, 34, 0, 0, 8105.47, 3, 0, 0, 0.38, 1382, 848, 7770.70, 20750, 19893
1694936540, 0, 0, 34, 0, 0, 8105.47, 3, 0, 0, 2.12, 1386, 853, 7770.70, 20750, 19893
1694936543, 0, 0, 34, 0, 0, 8105.47, 3, 0, 0, 0.83, 1388, 854, 7770.70, 20750, 19893
1694936544, 0, 0, 34, 0, 0, 8105.47, 3, 0, 0, 19.87, 1391, 857, 7770.70, 20750, 19893
1694936553, 0, 0, 34, 0, 0, 8105.47, 3, 0, 0, 0.22, 1393, 857, 7770.70, 20750, 19893
1694936558, 0, 0, 34, 0, 0, 8105.47, 3, 0, 0, 0.20, 1394, 857, 7770.70, 20750, 19893
1694936562, 0, 0, 34, 0, 0, 8105.47, 3, 0, 0, 1.57, 1397, 861, 7770.70, 20750, 19893
1694936563, 0, 0, 34, 0, 0, 8105.47, 3, 0, 0, 15.58, 1399, 864, 7770.70, 20750, 19893
1694936567, 0, 0, 34, 0, 0, 8105.47, 3, 0, 0, 2.24, 1407, 866, 7770.70, 20750, 19893
1694936572, 0, 0, 34, 0, 0, 8105.47, 3, 0, 0, 0.43, 1408, 867, 7770.70, 20750, 19893
1694936572, 0, 0, 34, 0, 0, 8105.47, 3, 0, 0, 26.40, 1413, 870, 7770.70, 20750, 19893
1694936576, 0, 0, 34, 0, 0, 8105.47, 3, 0, 0, 0.26, 1414, 870, 7770.70, 20750, 19893
1694936576, 0, 0, 34, 0, 0, 8105.47, 3, 0, 0, 9.94, 1416, 873, 7770.70, 20750, 19893
1694936577, 0, 0, 34, 0, 0, 8105.47, 3, 0, 0, 13.23, 1420, 874, 7770.70, 20750, 19893
1694936577, 0, 0, 34, 0, 0, 8105.47, 3, 0, 0, 11.71, 1424, 875, 7770.70, 20750, 19893
1694936577, 0, 0, 34, 0, 0, 8105.47, 3, 0, 0, 18.52, 1429, 876, 7770.70, 20750, 19893
1694936578, 0, 0, 34, 0, 0, 8105.47, 3, 0, 0, 22.28, 1434, 879, 7770.70, 20750, 19893
1694936596, 0, 0, 34, 0, 0, 8105.47, 3, 0, 0, 0.33, 1438, 881, 7770.70, 20750, 19893
1694936597, 0, 0, 34, 0, 0, 8105.47, 3, 0, 0, 15.87, 1440, 885, 7770.70, 20750, 19893
1694936597, 0, 0, 34, 0, 0, 8105.47, 3, 0, 0, 13.02, 1444, 886, 7770.70, 20750, 19893
1694936602, 0, 0, 34, 0, 0, 8105.47, 3, 0, 0, 0.64, 1446, 887, 7770.70, 20750, 19893
1694936606, 0, 0, 34, 0, 0, 8105.47, 3, 0, 0, 0.21, 1447, 887, 7770.70, 20750, 19893
1694936611, 0, 0, 34, 0, 0, 8105.47, 3, 0, 0, 0.80, 1451, 887, 7770.70, 20750, 19893
1694936612, 0, 0, 34, 0, 0, 8105.47, 3, 0, 0, 14.75, 1454, 889, 7770.70, 20750, 19893
1694936618, 0, 0, 34, 0, 0, 8105.47, 3, 0, 0, 0.48, 1456, 890, 7770.70, 20750, 19893
1694936623, 0, 0, 34, 0, 0, 8105.47, 3, 0, 0, 0.57, 1458, 891, 7770.70, 20750, 19893
1694936630, 0, 0, 34, 0, 0, 8105.47, 3, 0, 0, 0.46, 1461, 891, 7770.70, 20750, 19893
1694936635, 0, 0, 34, 0, 0, 8105.47, 3, 0, 0, 1.22, 1467, 892, 7770.70, 20750, 19893
1694936640, 0, 0, 34, 0, 0, 8105.47, 3, 0, 0, 0.43, 1468, 893, 7770.70, 20750, 19893
1694936640, 0, 0, 34, 0, 0, 8105.47, 3, 0, 0, 18.07, 1472, 895, 7770.70, 20750, 19893
1694936649, 0, 0, 34, 0, 0, 8105.47, 3, 0, 0, 0.23, 1473, 896, 7770.70, 20750, 19893
1694936649, 0, 0, 34, 0, 0, 8105.47, 3, 0, 0, 12.46, 1476, 897, 7770.70, 20750, 19893
1694936655, 0, 0, 34, 0, 0, 8105.47, 3, 0, 0, 0.93, 1479, 899, 7770.70, 20750, 19893
1694936661, 0, 0, 34, 0, 0, 8105.47, 3, 0, 0, 0.52, 1482, 899, 7770.70, 20750, 19893
1694936677, 0, 0, 34, 0, 0, 8105.47, 3, 0, 0, 0.06, 1483, 899, 7770.70, 20750, 19893
1694936683, 0, 0, 34, 0, 0, 8105.47, 3, 0, 0, 0.17, 1484, 899, 7770.70, 20750, 19893
1694936684, 0, 0, 34, 0, 0, 8105.47, 3, 0, 0, 9.49, 1485, 901, 7770.70, 20750, 19893
1694936690, 0, 0, 34, 0, 0, 8105.47, 3, 0, 0, 0.32, 1486, 902, 7770.70, 20750, 19893
1694936690, 0, 0, 34, 0, 0, 8105.47, 3, 0, 0, 19.11, 1491, 903, 7770.70, 20750, 19893
1694936691, 0, 0, 34, 0, 0, 8105.47, 3, 0, 0, 19.95, 1497, 905, 7770.70, 20750, 19893
1694936691, 0, 0, 34, 0, 0, 8105.47, 3, 0, 0, 16.13, 1503, 905, 7770.70, 20750, 19893
1694936696, 0, 0, 34, 0, 0, 8105.47, 3, 0, 0, 0.95, 1505, 908, 7770.70, 20750, 19893
1694936696, 0, 0, 34, 0, 0, 8105.47, 3, 0, 0, 9.29, 1508, 908, 7770.70, 20750, 19893
1694936697, 0, 0, 34, 0, 0, 8105.47, 3, 0, 0, 13.23, 1512, 909, 7770.70, 20750, 19893
1694936697, 0, 0, 34, 0, 0, 8105.47, 3, 0, 0, 13.03, 1515, 910, 7770.70, 20750, 19893
1694936697, 0, 0, 34, 0, 0, 8105.47, 3, 0, 0, 19.17, 1518, 913, 7770.70, 20750, 19893
1694936704, 0, 0, 34, 0, 0, 8105.47, 3, 0, 0, 0.58, 1521, 914, 7770.70, 20750, 19893
1694936709, 0, 0, 34, 0, 0, 8105.47, 3, 0, 0, 0.80, 1523, 916, 7770.70, 20750, 19893
1694936714, 0, 0, 34, 0, 0, 8105.47, 3, 0, 0, 0.98, 1526, 918, 7770.70, 20750, 19893
1694936715, 0, 0, 34, 0, 0, 8105.47, 3, 0, 0, 12.38, 1528, 920, 7770.70, 20750, 19893
1694936715, 0, 0, 34, 0, 0, 8105.47, 3, 0, 0, 22.01, 1531, 924, 7770.70, 20750, 19893
1694936715, 0, 0, 34, 0, 0, 8105.47, 3, 0, 0, 21.74, 1533, 929, 7770.70, 20750, 19893
1694936720, 0, 0, 34, 0, 0, 8105.47, 3, 0, 0, 1.56, 1538, 931, 7770.70, 20750, 19893
1694936720, 0, 0, 34, 0, 0, 8105.47, 3, 0, 0, 19.89, 1542, 934, 7770.70, 20750, 19893
1694936724, 0, 0, 34, 0, 0, 8105.47, 3, 0, 0, 0.94, 1545, 935, 7770.70, 20750, 19893
1694936725, 0, 0, 34, 0, 0, 8105.47, 3, 0, 0, 23.19, 1549, 939, 7770.70, 20750, 19893
1694936732, 0, 0, 34, 0, 0, 8105.47, 3, 0, 0, 0.59, 1553, 939, 7770.70, 20750, 19893
1694936732, 0, 0, 34, 0, 0, 8105.47, 3, 0, 0, 21.02, 1560, 939, 7770.70, 20750, 19893
1694936732, 0, 0, 34, 0, 0, 8105.47, 3, 0, 0, 9.80, 1561, 941, 7770.70, 20750, 19893
1694936738, 0, 0, 34, 0, 0, 8105.47, 3, 0, 0, 1.14, 1565, 943, 7770.70, 20750, 19893
1694936744, 0, 0, 34, 0, 0, 8105.47, 3, 0, 0, 0.83, 1568, 945, 7770.70, 20750, 19893
1694936749, 0, 0, 34, 0, 0, 8105.47, 3, 0, 0, 0.75, 1571, 946, 7770.70, 20750, 19893
1694936749, 0, 0, 34, 0, 0, 8105.47, 3, 0, 0, 14.29, 1574, 948, 7770.70, 20750, 19893
1694936757, 0, 0, 34, 0, 0, 8105.47, 3, 0, 0, 0.13, 1575, 948, 7770.70, 20750, 19893
1694936757, 0, 0, 34, 0, 0, 8105.47, 3, 0, 0, 25.25, 1582, 951, 7770.70, 20750, 19893
1694936758, 0, 0, 34, 0, 0, 8105.47, 3, 0, 0, 9.95, 1583, 954, 7770.70, 20750, 19893
1694936763, 0, 0, 34, 0, 0, 8105.47, 3, 0, 0, 0.97, 1586, 956, 7770.70, 20750, 19893
1694936770, 0, 0, 34, 0, 0, 8105.47, 3, 0, 0, 0.42, 1588, 957, 7770.70, 20750, 19893
1694936776, 0, 0, 34, 0, 0, 8105.47, 3, 0, 0, 0.96, 1590, 961, 7770.70, 20750, 19893
1694936777, 0, 0, 34, 0, 0, 8105.47, 3, 0, 0, 18.35, 1592, 965, 7770.70, 20750, 19893
1694936777, 0, 0, 34, 0, 0, 8105.47, 3, 0, 0, 13.59, 1594, 968, 7770.70, 20750, 19893
1694936780, 0, 0, 34, 0, 0, 8105.47, 3, 0, 0, 0.58, 1595, 969, 7770.70, 20750, 19893
1694936781, 0, 0, 34, 0, 0, 8105.47, 3, 0, 0, 11.46, 1598, 970, 7770.70, 20750, 19893
1694936781, 0, 0, 34, 0, 0, 8105.47, 3, 0, 0, 8.80, 1599, 972, 7770.70, 20750, 19893
1694936789, 0, 0, 34, 0, 0, 8105.47, 3, 0, 0, 0.60, 1603, 973, 7770.70, 20750, 19893
1694936794, 0, 0, 34, 0, 0, 8105.47, 3, 0, 0, 0.39, 1605, 973, 7770.70, 20750, 19893
1694936795, 0, 0, 34, 0, 0, 8105.47, 3, 0, 0, 20.53, 1609, 976, 7770.70, 20750, 19893
1694936795, 0, 0, 34, 0, 0, 8105.47, 3, 0, 0, 21.54, 1612, 980, 7770.70, 20750, 19893
1694936796, 0, 0, 34, 0, 0, 8105.47, 3, 0, 0, 10.10, 1616, 980, 7770.70, 20750, 19893
1694936804, 0, 0, 34, 0, 0, 8105.47, 3, 0, 0, 0.23, 1618, 980, 7770.70, 20750, 19893
1694936804, 0, 0, 34, 0, 0, 8105.47, 3, 0, 0, 15.48, 1622, 981, 7770.70, 20750, 19893
1694936805, 0, 0, 34, 0, 0, 8105.47, 3, 0, 0, 8.96, 1625, 981, 7770.70, 20750, 19893
1694936812, 0, 0, 34, 0, 0, 8105.47, 3, 0, 0, 0.58, 1628, 982, 7770.70, 20750, 19893
1694936817, 0, 0, 34, 0, 0, 8105.47, 3, 0, 0, 0.52, 1630, 983, 7770.70, 20750, 19893
1694936833, 0, 0, 34, 0, 0, 8105.47, 3, 0, 0, 0.40, 1633, 986, 7770.70, 20750, 19893
1694936838, 0, 0, 34, 0, 0, 8105.47, 3, 0, 0, 0.19, 1634, 986, 7770.70, 20750, 19893
1694936846, 0, 0, 34, 0, 0, 8105.47, 3, 0, 0, 0.12, 1635, 986, 7770.70, 20750, 19893
1694936851, 0, 0, 34, 0, 0, 8105.47, 3, 0, 0, 0.21, 1636, 986, 7770.70, 20750, 19893
1694936857, 0, 0, 34, 0, 0, 8105.47, 3, 0, 0, 0.33, 1638, 986, 7770.70, 20750, 19893
1694936857, 0, 0, 34, 0, 0, 8105.47, 3, 0, 0, 9.71, 1640, 987, 7770.70, 20750, 19893
1694936857, 0, 0, 34, 0, 0, 8105.47, 3, 0, 0, 9.12, 1642, 988, 7770.70, 20750, 19893
1694936863, 0, 0, 34, 0, 0, 8105.47, 3, 0, 0, 0.78, 1646, 988, 7770.70, 20750, 19893
1694936863, 0, 0, 34, 0, 0, 8105.47, 3, 0, 0, 13.03, 1649, 989, 7770.70, 20750, 19893
1694936870, 0, 0, 34, 0, 0, 8105.47, 3, 0, 0, 0.14, 1650, 989, 7770.70, 20750, 19893
1694936870, 0, 0, 34, 0, 0, 8105.47, 3, 0, 0, 13.07, 1653, 990, 7770.70, 20750, 19893
1694936874, 0, 0, 34, 0, 0, 8105.47, 3, 0, 0, 2.00, 1655, 995, 7770.70, 20750, 19893
1694936879, 0, 0, 34, 0, 0, 8105.47, 3, 0, 0, 0.62, 1658, 995, 7770.70, 20750, 19893
1694936884, 0, 0, 34, 0, 0, 8105.47, 3, 0, 0, 0.80, 1661, 996, 7770.70, 20750, 19893
1694936884, 0, 0, 34, 0, 0, 8105.47, 3, 0, 0, 12.44, 1664, 998, 7770.70, 20750, 19893
1694936890, 0, 0, 34, 0, 0, 8105.47, 3, 0, 0, 0.74, 1667, 999, 7770.70, 20750, 19893
1694936890, 0, 0, 34, 0, 0, 8105.47, 3, 0, 0, 22.51, 1670, 1003, 7770.70, 20750, 19893
1694936890, 0, 0, 34, 0, 0, 8105.47, 3, 0, 0, 19.05, 1674, 1005, 7770.70, 20750, 19893
1694936894, 0, 0, 34, 0, 0, 8105.47, 3, 0, 0, 1.30, 1675, 1009, 7770.70, 20750, 19893
1694936894, 0, 0, 34, 0, 0, 8105.47, 3, 0, 0, 14.79, 1679, 1010, 7770.70, 20750, 19893
1694936901, 0, 0, 34, 0, 0, 8105.47, 3, 0, 0, 0.65, 1682, 1011, 7770.70, 20750, 19893
1694936901, 0, 0, 34, 0, 0, 8105.47, 3, 0, 0, 8.93, 1683, 1013, 7770.70, 20750, 19893
1694936905, 0, 0, 34, 0, 0, 8105.47, 3, 0, 0, 0.69, 1684, 1015, 7770.70, 20750, 19893
1694936912, 0, 0, 34, 0, 0, 8105.47, 3, 0, 0, 0.60, 1686, 1017, 7770.70, 20750, 19893
1694936912, 0, 0, 34, 0, 0, 8105.47, 3, 0, 0, 12.94, 1687, 1020, 7770.70, 20750, 19893
1694936919, 0, 0, 34, 0, 0, 8105.47, 3, 0, 0, 0.44, 1690, 1020, 7770.70, 20750, 19893
1694936919, 0, 0, 34, 0, 0, 8105.47, 3, 0, 0, 9.87, 1692, 1021, 7770.70, 20750, 19893
1694936926, 0, 0, 34, 0, 0, 8105.47, 3, 0, 0, 0.15, 1693, 1021, 7770.70, 20750, 19893
1694936932, 0, 0, 34, 0, 0, 8105.47, 3, 0, 0, 0.52, 1696, 1021, 7770.70, 20750, 19893
1694936932, 0, 0, 34, 0, 0, 8105.47, 3, 0, 0, 15.43, 1699, 1023, 7770.70, 20750, 19893
1694936937, 0, 0, 34, 0, 0, 8105.47, 3, 0, 0, 1.30, 1703, 1026, 7770.70, 20750, 19893
1694936943, 0, 0, 34, 0, 0, 8105.47, 3, 0, 0, 0.17, 1704, 1026, 7770.70, 20750, 19893
1694936948, 0, 0, 34, 0, 0, 8105.47, 3, 0, 0, 0.45, 1706, 1026, 7770.70, 20750, 19893
1694936954, 0, 0, 34, 0, 0, 8105.47, 3, 0, 0, 0.74, 1710, 1027, 7770.70, 20750, 19893
1694936955, 0, 0, 34, 0, 0, 8105.47, 3, 0, 0, 7.35, 1712, 1028, 7770.70, 20750, 19893
1694936973, 0, 0, 34, 0, 0, 8105.47, 3, 0, 0, 0.06, 1713, 1028, 7770.70, 20750, 19893
1694936973, 0, 0, 34, 0, 0, 8105.47, 3, 0, 0, 12.01, 1714, 1031, 7770.70, 20750, 19893
1694936973, 0, 0, 34, 0, 0, 8105.47, 3, 0, 0, 5.95, 1716, 1031, 7770.70, 20750, 19893
1694936981, 0, 0, 34, 0, 0, 8105.47, 3, 0, 0, 0.40, 1719, 1031, 7770.70, 20750, 19893
1694936981, 0, 0, 34, 0, 0, 8105.47, 3, 0, 0, 9.17, 1720, 1034, 7770.70, 20750, 19893
1694936988, 0, 0, 34, 0, 0, 8105.47, 3, 0, 0, 0.15, 1721, 1034, 7770.70, 20750, 19893
1694936994, 0, 0, 34, 0, 0, 8105.47, 3, 0, 0, 0.73, 1725, 1034, 7770.70, 20750, 19893
1694937000, 0, 0, 34, 0, 0, 8105.47, 3, 0, 0, 0.31, 1727, 1034, 7770.70, 20750, 19893
1694937014, 0, 0, 34, 0, 0, 8105.47, 3, 0, 0, 0.07, 1728, 1034, 7770.70, 20750, 19893
1694937015, 0, 0, 34, 0, 0, 8105.47, 3, 0, 0, 12.23, 1731, 1035, 7770.70, 20750, 19893
1694937015, 0, 0, 34, 0, 0, 8105.47, 3, 0, 0, 8.02, 1733, 1036, 7770.70, 20750, 19893
1694937024, 0, 0, 34, 0, 0, 8105.47, 3, 0, 0, 0.32, 1735, 1037, 7770.70, 20750, 19893
1694937025, 0, 0, 34, 0, 0, 8105.47, 3, 0, 0, 11.30, 1738, 1038, 7770.70, 20750, 19893
1694937031, 0, 0, 34, 0, 0, 8105.47, 3, 0, 0, 0.68, 1740, 1040, 7770.70, 20750, 19893
1694937037, 0, 0, 34, 0, 0, 8105.47, 3, 0, 0, 0.64, 1743, 1041, 7770.70, 20750, 19893
1694937042, 0, 0, 34, 0, 0, 8105.47, 3, 0, 0, 0.40, 1744, 1042, 7770.70, 20750, 19893
1694937042, 0, 0, 34, 0, 0, 8105.47, 3, 0, 0, 5.56, 1746, 1042, 7770.70, 20750, 19893
1694937043, 0, 0, 34, 0, 0, 8105.47, 3, 0, 0, 7.28, 1748, 1043, 7770.70, 20750, 19893
1694937043, 0, 0, 34, 0, 0, 8105.47, 3, 0, 0, 3.28, 1749, 1043, 7770.70, 20750, 19893
1694937048, 0, 0, 34, 0, 0, 8105.47, 3, 0, 0, 0.99, 1752, 1045, 7770.70, 20750, 19893
1694937053, 0, 0, 34, 0, 0, 8105.47, 3, 0, 0, 0.38, 1754, 1045, 7770.70, 20750, 19893
1694937059, 0, 0, 34, 0, 0, 8105.47, 3, 0, 0, 0.71, 1757, 1046, 7770.70, 20750, 19893
1694937066, 0, 0, 34, 0, 0, 8105.47, 3, 0, 0, 0.42, 1759, 1047, 7770.70, 20750, 19893
1694937088, 0, 0, 34, 0, 0, 8105.47, 3, 0, 0, 0.05, 1760, 1047, 7770.70, 20750, 19893
1694937088, 0, 0, 34, 0, 0, 8105.47, 3, 0, 0, 8.75, 1763, 1047, 7770.70, 20750, 19893
1694937089, 0, 0, 34, 0, 0, 8105.47, 3, 0, 0, 16.91, 1767, 1050, 7770.70, 20750, 19893
1694937093, 0, 0, 34, 0, 0, 8105.47, 3, 0, 0, 1.30, 1770, 1053, 7770.70, 20750, 19893
1694937094, 0, 0, 34, 0, 0, 8105.47, 3, 0, 0, 5.86, 1772, 1054, 7770.70, 20750, 19893
1694937094, 0, 0, 34, 0, 0, 8105.47, 3, 0, 0, 8.45, 1773, 1056, 7770.70, 20750, 19893
1694937100, 0, 0, 34, 0, 0, 8105.47, 3, 0, 0, 0.32, 1775, 1056, 7770.70, 20750, 19893
1694937105, 0, 0, 34, 0, 0, 8105.47, 3, 0, 0, 0.41, 1777, 1056, 7770.70, 20750, 19893
1694937106, 0, 0, 34, 0, 0, 8105.47, 3, 0, 0, 18.18, 1781, 1059, 7770.70, 20750, 19893
1694937106, 0, 0, 34, 0, 0, 8105.47, 3, 0, 0, 6.21, 1782, 1060, 7770.70, 20750, 19893
1694937114, 0, 0, 34, 0, 0, 8105.47, 3, 0, 0, 0.13, 1783, 1060, 7770.70, 20750, 19893
1694937114, 0, 0, 34, 0, 0, 8105.47, 3, 0, 0, 10.67, 1783, 1064, 7770.70, 20750, 19893
1694937115, 0, 0, 34, 0, 0, 8105.47, 3, 0, 0, 18.75, 1786, 1067, 7770.70, 20750, 19893
1694937115, 0, 0, 34, 0, 0, 8105.47, 3, 0, 0, 18.35, 1788, 1071, 7770.70, 20750, 19893
1694937115, 0, 0, 34, 0, 0, 8105.47, 3, 0, 0, 10.58, 1791, 1072, 7770.70, 20750, 19893
1694937116, 0, 0, 34, 0, 0, 8105.47, 3, 0, 0, 6.19, 1793, 1072, 7770.70, 20750, 19893
1694937116, 0, 0, 34, 0, 0, 8105.47, 3, 0, 0, 4.36, 1794, 1073, 7770.70, 20750, 19893
1694937121, 0, 0, 34, 0, 0, 8105.47, 3, 0, 0, 0.38, 1795, 1074, 7770.70, 20750, 19893
1694937122, 0, 0, 34, 0, 0, 8105.47, 3, 0, 0, 18.58, 1798, 1077, 7770.70, 20750, 19893
1694937122, 0, 0, 34, 0, 0, 8105.47, 3, 0, 0, 12.16, 1800, 1079, 7770.70, 20750, 19893
1694937122, 0, 0, 34, 0, 0, 8105.47, 3, 0, 0, 15.02, 1802, 1082, 7770.70, 20750, 19893
1694937128, 0, 0, 34, 0, 0, 8105.47, 3, 0, 0, 0.18, 1803, 1082, 7770.70, 20750, 19893
1694937128, 0, 0, 34, 0, 0, 8105.47, 3, 0, 0, 9.38, 1804, 1084, 7770.70, 20750, 19893
1694937128, 0, 0, 34, 0, 0, 8105.47, 3, 0, 0, 13.29, 1806, 1086, 7770.70, 20750, 19893
1694937129, 0, 0, 34, 0, 0, 8105.47, 3, 0, 0, 5.15, 1807, 1088, 7770.70, 20750, 19893
1694937137, 0, 0, 34, 0, 0, 8105.47, 3, 0, 0, 0.75, 1812, 1089, 7770.70, 20750, 19893
1694937137, 0, 0, 34, 0, 0, 8105.47, 3, 0, 0, 8.24, 1815, 1089, 7770.70, 20750, 19893
1694937145, 0, 0, 34, 0, 0, 8105.47, 3, 0, 0, 0.37, 1818, 1089, 7770.70, 20750, 19893
1694937150, 0, 0, 34, 0, 0, 8105.47, 3, 0, 0, 0.22, 1819, 1089, 7770.70, 20750, 19893
1694937150, 0, 0, 34, 0, 0, 8105.47, 3, 0, 0, 14.12, 1821, 1092, 7770.70, 20750, 19893
1694937151, 0, 0, 34, 0, 0, 8105.47, 3, 0, 0, 7.69, 1822, 1094, 7770.70, 20750, 19893
1694937151, 0, 0, 34, 0, 0, 8105.47, 3, 0, 0, 11.87, 1824, 1096, 7770.70, 20750, 19893
1694937151, 0, 0, 34, 0, 0, 8105.47, 3, 0, 0, 15.29, 1827, 1098, 7770.70, 20750, 19893
1694937152, 0, 0, 34, 0, 0, 8105.47, 3, 0, 0, 15.38, 1830, 1100, 7770.70, 20750, 19893
1694937152, 0, 0, 34, 0, 0, 8105.47, 3, 0, 0, 15.34, 1834, 1101, 7770.70, 20750, 19893
1694937152, 0, 0, 34, 0, 0, 8105.47, 3, 0, 0, 21.60, 1838, 1104, 7770.70, 20750, 19893
1694937153, 0, 0, 34, 0, 0, 8105.47, 3, 0, 0, 12.23, 1841, 1105, 7770.70, 20750, 19893
1694937153, 0, 0, 34, 0, 0, 8105.47, 3, 0, 0, 18.02, 1844, 1108, 7770.70, 20750, 19893
1694937158, 0, 0, 34, 0, 0, 8105.47, 3, 0, 0, 0.62, 1846, 1109, 7770.70, 20750, 19893
1694937163, 0, 0, 34, 0, 0, 8105.47, 3, 0, 0, 0.60, 1848, 1110, 7770.70, 20750, 19893
1694937180, 0, 0, 34, 0, 0, 8105.47, 3, 0, 0, 0.06, 1849, 1110, 7770.70, 20750, 19893
1694937185, 0, 0, 34, 0, 0, 8105.47, 3, 0, 0, 0.34, 1851, 1110, 7770.70, 20750, 19893
1694937190, 0, 0, 34, 0, 0, 8105.47, 3, 0, 0, 0.21, 1852, 1110, 7770.70, 20750, 19893
1694937195, 0, 0, 34, 0, 0, 8105.47, 3, 0, 0, 0.95, 1854, 1113, 7770.70, 20750, 19893
1694937196, 0, 0, 34, 0, 0, 8105.47, 3, 0, 0, 7.13, 1857, 1113, 7770.70, 20750, 19893
1694937196, 0, 0, 34, 0, 0, 8105.47, 3, 0, 0, 9.65, 1858, 1115, 7770.70, 20750, 19893
1694937201, 0, 0, 34, 0, 0, 8105.47, 3, 0, 0, 0.41, 1860, 1115, 7770.70, 20750, 19893
1694937201, 0, 0, 34, 0, 0, 8105.47, 3, 0, 0, 13.07, 1861, 1118, 7770.70, 20750, 19893
1694937202, 0, 0, 34, 0, 0, 8105.47, 3, 0, 0, 7.85, 1864, 1118, 7770.70, 20750, 19893
1694937202, 0, 0, 34, 0, 0, 8105.47, 3, 0, 0, 12.92, 1867, 1120, 7770.70, 20750, 19893
1694937202, 0, 0, 34, 0, 0, 8105.47, 3, 0, 0, 7.81, 1869, 1121, 7770.70, 20750, 19893
1694937207, 0, 0, 34, 0, 0, 8105.47, 3, 0, 0, 0.42, 1871, 1121, 7770.70, 20750, 19893
1694937208, 0, 0, 34, 0, 0, 8105.47, 3, 0, 0, 2.20, 1872, 1121, 7770.70, 20750, 19893
1694937212, 0, 0, 34, 0, 0, 8105.47, 3, 0, 0, 0.42, 1873, 1122, 7770.70, 20750, 19893
1694937213, 0, 0, 34, 0, 0, 8105.47, 3, 0, 0, 11.98, 1876, 1123, 7770.70, 20750, 19893
1694937220, 0, 0, 34, 0, 0, 8105.47, 3, 0, 0, 0.26, 1878, 1123, 7770.70, 20750, 19893
1694937227, 0, 0, 34, 0, 0, 8105.47, 3, 0, 0, 0.15, 1879, 1123, 7770.70, 20750, 19893
1694937228, 0, 0, 34, 0, 0, 8105.47, 3, 0, 0, 10.75, 1882, 1124, 7770.70, 20750, 19893
1694937228, 0, 0, 34, 0, 0, 8105.47, 3, 0, 0, 15.97, 1885, 1126, 7770.70, 20750, 19893
1694937228, 0, 0, 34, 0, 0, 8105.47, 3, 0, 0, 11.73, 1888, 1127, 7770.70, 20750, 19893
1694937234, 0, 0, 34, 0, 0, 8105.47, 3, 0, 0, 0.18, 1889, 1127, 7770.70, 20750, 19893
1694937240, 0, 0, 34, 0, 0, 8105.47, 3, 0, 0, 0.49, 1892, 1127, 7770.70, 20750, 19893
1694937240, 0, 0, 34, 0, 0, 8105.47, 3, 0, 0, 9.15, 1893, 1129, 7770.70, 20750, 19893
1694937245, 0, 0, 34, 0, 0, 8105.47, 3, 0, 0, 0.97, 1897, 1130, 7770.70, 20750, 19893
1694937246, 0, 0, 34, 0, 0, 8105.47, 3, 0, 0, 8.20, 1898, 1132, 7770.70, 20750, 19893
1694937246, 0, 0, 34, 0, 0, 8105.47, 3, 0, 0, 12.23, 1900, 1134, 7770.70, 20750, 19893
1694937246, 0, 0, 34, 0, 0, 8105.47, 3, 0, 0, 13.11, 1901, 1137, 7770.70, 20750, 19893
1694937247, 0, 0, 34, 0, 0, 8105.47, 3, 0, 0, 21.41, 1904, 1141, 7770.70, 20750, 19893
1694937254, 0, 0, 34, 0, 0, 8105.47, 3, 0, 0, 0.57, 1907, 1142, 7770.70, 20750, 19893
1694937254, 0, 0, 34, 0, 0, 8105.47, 3, 0, 0, 8.70, 1908, 1144, 7770.70, 20750, 19893
1694937254, 0, 0, 34, 0, 0, 8105.47, 3, 0, 0, 7.16, 1910, 1145, 7770.70, 20750, 19893
1694937255, 0, 0, 34, 0, 0, 8105.47, 3, 0, 0, 8.82, 1913, 1145, 7770.70, 20750, 19893
1694937261, 0, 0, 34, 0, 0, 8105.47, 3, 0, 0, 0.32, 1914, 1146, 7770.70, 20750, 19893
1694937261, 0, 0, 34, 0, 0, 8105.47, 3, 0, 0, 16.67, 1916, 1149, 7770.70, 20750, 19893
1694937262, 0, 0, 34, 0, 0, 8105.47, 3, 0, 0, 6.25, 1917, 1150, 7770.70, 20750, 19893
1694937262, 0, 0, 34, 0, 0, 8105.47, 3, 0, 0, 19.61, 1921, 1152, 7770.70, 20750, 19893
1694937263, 0, 0, 34, 0, 0, 8105.47, 3, 0, 0, 8.77, 1923, 1154, 7770.70, 20750, 19893
1694937268, 0, 0, 34, 0, 0, 8105.47, 3, 0, 0, 0.78, 1926, 1155, 7770.70, 20750, 19893
1694937272, 0, 0, 34, 0, 0, 8105.47, 3, 0, 0, 0.50, 1926, 1157, 7770.70, 20750, 19893
1694937272, 0, 0, 34, 0, 0, 8105.47, 3, 0, 0, 12.78, 1929, 1158, 7770.70, 20750, 19893
1694937272, 0, 0, 34, 0, 0, 8105.47, 3, 0, 0, 5.76, 1931, 1158, 7770.70, 20750, 19893
1694937273, 0, 0, 34, 0, 0, 8105.47, 3, 0, 0, 9.46, 1933, 1159, 7770.70, 20750, 19893
1694937273, 0, 0, 34, 0, 0, 8105.47, 3, 0, 0, 5.09, 1935, 1159, 7770.70, 20750, 19893
1694937273, 0, 0, 34, 0, 0, 8105.47, 3, 0, 0, 11.94, 1937, 1161, 7770.70, 20750, 19893
1694937274, 0, 0, 34, 0, 0, 8105.47, 3, 0, 0, 9.93, 1939, 1162, 7770.70, 20750, 19893
1694937280, 0, 0, 34, 0, 0, 8105.47, 3, 0, 0, 0.44, 1941, 1163, 7770.70, 20750, 19893
1694937288, 0, 0, 34, 0, 0, 8105.47, 3, 0, 0, 0.25, 1942, 1164, 7770.70, 20750, 19893
1694937289, 0, 0, 34, 0, 0, 8105.47, 3, 0, 0, 9.26, 1945, 1164, 7770.70, 20750, 19893
1694937289, 0, 0, 34, 0, 0, 8105.47, 3, 0, 0, 11.56, 1948, 1165, 7770.70, 20750, 19893
1694937290, 0, 0, 34, 0, 0, 8105.47, 3, 0, 0, 12.85, 1951, 1167, 7770.70, 20750, 19893
1694937295, 0, 0, 34, 0, 0, 8105.47, 3, 0, 0, 0.56, 1954, 1167, 7770.70, 20750, 19893
1694937295, 0, 0, 34, 0, 0, 8105.47, 3, 0, 0, 12.92, 1957, 1169, 7770.70, 20750, 19893
1694937296, 0, 0, 34, 0, 0, 8105.47, 3, 0, 0, 10.84, 1961, 1169, 7770.70, 20750, 19893
1694937302, 0, 0, 34, 0, 0, 8105.47, 3, 0, 0, 0.29, 1963, 1169, 7770.70, 20750, 19893
1694937307, 0, 0, 34, 0, 0, 8105.47, 3, 0, 0, 0.21, 1964, 1169, 7770.70, 20750, 19893
1694937307, 0, 0, 34, 0, 0, 8105.47, 3, 0, 0, 9.85, 1965, 1172, 7770.70, 20750, 19893
1694937308, 0, 0, 34, 0, 0, 8105.47, 3, 0, 0, 8.36, 1968, 1172, 7770.70, 20750, 19893
1694937308, 0, 0, 34, 0, 0, 8105.47, 3, 0, 0, 15.24, 1971, 1174, 7770.70, 20750, 19893
1694937313, 0, 0, 34, 0, 0, 8105.47, 3, 0, 0, 0.76, 1974, 1175, 7770.70, 20750, 19893
1694937319, 0, 0, 34, 0, 0, 8105.47, 3, 0, 0, 0.39, 1976, 1175, 7770.70, 20750, 19893
1694937325, 0, 0, 34, 0, 0, 8105.47, 3, 0, 0, 0.45, 1979, 1175, 7770.70, 20750, 19893
1694937326, 0, 0, 34, 0, 0, 8105.47, 3, 0, 0, 5.54, 1980, 1176, 7770.70, 20750, 19893
1694937326, 0, 0, 34, 0, 0, 8105.47, 3, 0, 0, 9.09, 1983, 1177, 7770.70, 20750, 19893
1694937327, 0, 0, 34, 0, 0, 8105.47, 3, 0, 0, 5.78, 1985, 1179, 7770.70, 20750, 19893
1694937340, 0, 0, 34, 0, 0, 8105.47, 3, 0, 0, 0.16, 1986, 1180, 7770.70, 20750, 19893
1694937340, 0, 0, 34, 0, 0, 8105.47, 3, 0, 0, 11.11, 1988, 1182, 7770.70, 20750, 19893
1694937345, 0, 0, 34, 0, 0, 8105.47, 3, 0, 0, 0.57, 1990, 1183, 7770.70, 20750, 19893
1694937346, 0, 0, 34, 0, 0, 8105.47, 3, 0, 0, 10.99, 1991, 1186, 7770.70, 20750, 19893
1694937352, 0, 0, 34, 0, 0, 8105.47, 3, 0, 0, 0.32, 1992, 1187, 7770.70, 20750, 19893
1694937361, 0, 0, 34, 0, 0, 8105.47, 3, 0, 0, 0.11, 1993, 1187, 7770.70, 20750, 19893
1694937368, 0, 0, 34, 0, 0, 8105.47, 3, 0, 0, 0.15, 1994, 1187, 7770.70, 20750, 19893
1694937368, 0, 0, 34, 0, 0, 8105.47, 3, 0, 0, 3.13, 1995, 1188, 7770.70, 20750, 19893
1694937369, 0, 0, 34, 0, 0, 8105.47, 3, 0, 0, 10.36, 1997, 1190, 7770.70, 20750, 19893
1694937381, 0, 0, 34, 0, 0, 8105.47, 3, 0, 0, 0.17, 1999, 1190, 7770.70, 20750, 19893
1694937388, 0, 0, 34, 0, 0, 8105.47, 3, 0, 0, 0.39, 2002, 1190, 7770.70, 20750, 19893
1694937389, 0, 0, 34, 0, 0, 8105.47, 3, 0, 0, 5.49, 2003, 1191, 7770.70, 20750, 19893
1694937389, 0, 0, 34, 0, 0, 8105.47, 3, 0, 0, 11.66, 2006, 1192, 7770.70, 20750, 19893
1694937389, 0, 0, 34, 0, 0, 8105.47, 3, 0, 0, 6.39, 2008, 1192, 7770.70, 20750, 19893
1694937390, 0, 0, 34, 0, 0, 8105.47, 3, 0, 0, 6.39, 2009, 1193, 7770.70, 20750, 19893
1694937390, 0, 0, 34, 0, 0, 8105.47, 3, 0, 0, 9.26, 2012, 1194, 7770.70, 20750, 19893
1694937399, 0, 0, 34, 0, 0, 8105.47, 3, 0, 0, 0.12, 2013, 1194, 7770.70, 20750, 19893
1694937399, 0, 0, 34, 0, 0, 8105.47, 3, 0, 0, 9.32, 2016, 1195, 7770.70, 20750, 19893
1694937399, 0, 0, 34, 0, 0, 8105.47, 3, 0, 0, 9.62, 2017, 1197, 7770.70, 20750, 19893
1694937400, 0, 0, 34, 0, 0, 8105.47, 3, 0, 0, 13.07, 2018, 1200, 7770.70, 20750, 19893
1694937400, 0, 0, 34, 0, 0, 8105.47, 3, 0, 0, 8.04, 2021, 1200, 7770.70, 20750, 19893
1694937400, 0, 0, 34, 0, 0, 8105.47, 3, 0, 0, 12.70, 2024, 1201, 7770.70, 20750, 19893
1694937406, 0, 0, 34, 0, 0, 8105.47, 3, 0, 0, 0.37, 2025, 1202, 7770.70, 20750, 19893
1694937406, 0, 0, 34, 0, 0, 8105.47, 3, 0, 0, 6.19, 2026, 1203, 7770.70, 20750, 19893
1694937411, 0, 0, 34, 0, 0, 8105.47, 3, 0, 0, 0.19, 2027, 1203, 7770.70, 20750, 19893
1694937412, 0, 0, 34, 0, 0, 8105.47, 3, 0, 0, 12.05, 2029, 1205, 7770.70, 20750, 19893
1694937412, 0, 0, 34, 0, 0, 8105.47, 3, 0, 0, 12.44, 2033, 1206, 7770.70, 20750, 19893
1694937412, 0, 0, 34, 0, 0, 8105.47, 3, 0, 0, 5.49, 2034, 1207, 7770.70, 20750, 19893
1694937413, 0, 0, 34, 0, 0, 8105.47, 3, 0, 0, 8.67, 2035, 1209, 7770.70, 20750, 19893
1694937413, 0, 0, 34, 0, 0, 8105.47, 3, 0, 0, 9.20, 2036, 1211, 7770.70, 20750, 19893
1694937419, 0, 0, 34, 0, 0, 8105.47, 3, 0, 0, 0.16, 2037, 1211, 7770.70, 20750, 19893
1694937425, 0, 0, 34, 0, 0, 8105.47, 3, 0, 0, 0.17, 2038, 1211, 7770.70, 20750, 19893
1694937426, 0, 0, 34, 0, 0, 8105.47, 3, 0, 0, 4.27, 2040, 1211, 7770.70, 20750, 19893
1694937430, 0, 0, 34, 0, 0, 8105.47, 3, 0, 0, 0.22, 2040, 1212, 7770.70, 20750, 19893
1694937436, 0, 0, 34, 0, 0, 8105.47, 3, 0, 0, 0.35, 2041, 1213, 7770.70, 20750, 19893
1694937436, 0, 0, 34, 0, 0, 8105.47, 3, 0, 0, 9.77, 2042, 1215, 7770.70, 20750, 19893
1694937437, 0, 0, 34, 0, 0, 8105.47, 3, 0, 0, 5.62, 2045, 1215, 7770.70, 20750, 19893
1694937443, 0, 0, 34, 0, 0, 8105.47, 3, 0, 0, 0.17, 2046, 1215, 7770.70, 20750, 19893
1694937452, 0, 0, 34, 0, 0, 8105.47, 3, 0, 0, 0.22, 2047, 1216, 7770.70, 20750, 19893
1694937457, 0, 0, 34, 0, 0, 8105.47, 3, 0, 0, 0.36, 2048, 1217, 7770.70, 20750, 19893
1694937458, 0, 0, 34, 0, 0, 8105.47, 3, 0, 0, 6.33, 2050, 1217, 7770.70, 20750, 19893
1694937458, 0, 0, 34, 0, 0, 8105.47, 3, 0, 0, 18.13, 2053, 1220, 7770.70, 20750, 19893
1694937464, 0, 0, 34, 0, 0, 8105.47, 3, 0, 0, 0.53, 2055, 1221, 7770.70, 20750, 19893
1694937464, 0, 0, 34, 0, 0, 8105.47, 3, 0, 0, 9.22, 2057, 1223, 7770.70, 20750, 19893
1694937464, 0, 0, 34, 0, 0, 8105.47, 3, 0, 0, 8.75, 2057, 1226, 7770.70, 20750, 19893
1694937465, 0, 0, 34, 0, 0, 8105.47, 3, 0, 0, 15.34, 2061, 1227, 7770.70, 20750, 19893
1694937465, 0, 0, 34, 0, 0, 8105.47, 3, 0, 0, 9.98, 2063, 1229, 7770.70, 20750, 19893
1694937466, 0, 0, 34, 0, 0, 8105.47, 3, 0, 0, 6.10, 2066, 1229, 7770.70, 20750, 19893
1694937471, 0, 0, 34, 0, 0, 8105.47, 3, 0, 0, 0.86, 2069, 1231, 7770.70, 20750, 19893
1694937472, 0, 0, 34, 0, 0, 8105.47, 3, 0, 0, 9.80, 2070, 1233, 7770.70, 20750, 19893
1694937472, 0, 0, 34, 0, 0, 8105.47, 3, 0, 0, 8.90, 2071, 1235, 7770.70, 20750, 19893
1694937473, 0, 0, 34, 0, 0, 8105.47, 3, 0, 0, 7.61, 2073, 1236, 7770.70, 20750, 19893
1694937478, 0, 0, 34, 0, 0, 8105.47, 3, 0, 0, 0.79, 2076, 1237, 7770.70, 20750, 19893
1694937478, 0, 0, 34, 0, 0, 8105.47, 3, 0, 0, 11.66, 2079, 1238, 7770.70, 20750, 19893
1694937478, 0, 0, 34, 0, 0, 8105.47, 3, 0, 0, 8.57, 2081, 1239, 7770.70, 20750, 19893
1694937479, 0, 0, 34, 0, 0, 8105.47, 3, 0, 0, 2.82, 2081, 1240, 7770.70, 20750, 19893
1694937483, 0, 0, 34, 0, 0, 8105.47, 3, 0, 0, 0.22, 2081, 1241, 7770.70, 20750, 19893
1694937484, 0, 0, 34, 0, 0, 8105.47, 3, 0, 0, 4.25, 2082, 1242, 7770.70, 20750, 19893
1694937484, 0, 0, 34, 0, 0, 8105.47, 3, 0, 0, 7.75, 2084, 1243, 7770.70, 20750, 19893
1694937484, 0, 0, 34, 0, 0, 8105.47, 3, 0, 0, 10.84, 2085, 1246, 7770.70, 20750, 19893
1694937491, 0, 0, 34, 0, 0, 8105.47, 3, 0, 0, 0.43, 2087, 1247, 7770.70, 20750, 19893
1694937492, 0, 0, 34, 0, 0, 8105.47, 3, 0, 0, 6.55, 2089, 1248, 7770.70, 20750, 19893
1694937492, 0, 0, 34, 0, 0, 8105.47, 3, 0, 0, 9.20, 2090, 1250, 7770.70, 20750, 19893
1694937492, 0, 0, 34, 0, 0, 8105.47, 3, 0, 0, 14.84, 2094, 1251, 7770.70, 20750, 19893
1694937493, 0, 0, 34, 0, 0, 8105.47, 3, 0, 0, 5.95, 2095, 1252, 7770.70, 20750, 19893
1694937493, 0, 0, 34, 0, 0, 8105.47, 3, 0, 0, 14.88, 2097, 1255, 7770.70, 20750, 19893
1694937494, 0, 0, 34, 0, 0, 8105.47, 3, 0, 0, 8.06, 2099, 1256, 7770.70, 20750, 19893
1694937494, 0, 0, 34, 0, 0, 8105.47, 3, 0, 0, 9.74, 2100, 1258, 7770.70, 20750, 19893
1694937494, 0, 0, 34, 0, 0, 8105.47, 3, 0, 0, 7.52, 2103, 1258, 7770.70, 20750, 19893
1694937500, 0, 0, 34, 0, 0, 8105.47, 3, 0, 0, 0.17, 2104, 1258, 7770.70, 20750, 19893
1694937501, 0, 0, 34, 0, 0, 8105.47, 3, 0, 0, 9.58, 2104, 1261, 7770.70, 20750, 19893
1694937501, 0, 0, 34, 0, 0, 8105.47, 3, 0, 0, 5.31, 2104, 1263, 7770.70, 20750, 19893
1694937501, 0, 0, 34, 0, 0, 8105.47, 3, 0, 0, 12.66, 2106, 1265, 7770.70, 20750, 19893
1694937502, 0, 0, 34, 0, 0, 8105.47, 3, 0, 0, 8.09, 2108, 1266, 7770.70, 20750, 19893
1694937502, 0, 0, 34, 0, 0, 8105.47, 3, 0, 0, 7.04, 2110, 1267, 7770.70, 20750, 19893
1694937502, 0, 0, 34, 0, 0, 8105.47, 3, 0, 0, 7.44, 2111, 1269, 7770.70, 20750, 19893
1694937511, 0, 0, 34, 0, 0, 8105.47, 3, 0, 0, 0.11, 2112, 1269, 7770.70, 20750, 19893
1694937517, 0, 0, 34, 0, 0, 8105.47, 3, 0, 0, 0.52, 2114, 1270, 7770.70, 20750, 19893
1694937518, 0, 0, 34, 0, 0, 8105.47, 3, 0, 0, 6.16, 2116, 1271, 7770.70, 20750, 19893
1694937518, 0, 0, 34, 0, 0, 8105.47, 3, 0, 0, 5.17, 2118, 1271, 7770.70, 20750, 19893
1694937531, 0, 0, 34, 0, 0, 8105.47, 3, 0, 0, 0.15, 2119, 1272, 7770.70, 20750, 19893
1694937537, 0, 0, 34, 0, 0, 8105.47, 3, 0, 0, 0.53, 2120, 1274, 7770.70, 20750, 19893
1694937537, 0, 0, 34, 0, 0, 8105.47, 3, 0, 0, 9.74, 2121, 1276, 7770.70, 20750, 19893
1694937543, 0, 0, 34, 0, 0, 8105.47, 3, 0, 0, 0.35, 2123, 1276, 7770.70, 20750, 19893
1694937543, 0, 0, 34, 0, 0, 8105.47, 3, 0, 0, 11.30, 2127, 1276, 7770.70, 20750, 19893
1694937549, 0, 0, 34, 0, 0, 8105.47, 3, 0, 0, 0.50, 2130, 1276, 7770.70, 20750, 19893
1694937555, 0, 0, 34, 0, 0, 8105.47, 3, 0, 0, 0.18, 2131, 1276, 7770.70, 20750, 19893
1694937555, 0, 0, 34, 0, 0, 8105.47, 3, 0, 0, 4.56, 2133, 1276, 7770.70, 20750, 19893
1694937564, 0, 0, 34, 0, 0, 8105.47, 3, 0, 0, 0.36, 2135, 1277, 7770.70, 20750, 19893
1694937564, 0, 0, 34, 0, 0, 8105.47, 3, 0, 0, 10.78, 2138, 1278, 7770.70, 20750, 19893
1694937564, 0, 0, 34, 0, 0, 8105.47, 3, 0, 0, 11.70, 2141, 1279, 7770.70, 20750, 19893
1694937565, 0, 0, 34, 0, 0, 8105.47, 3, 0, 0, 14.46, 2144, 1282, 7770.70, 20750, 19893
1694937570, 0, 0, 34, 0, 0, 8105.47, 3, 0, 0, 0.20, 2145, 1282, 7770.70, 20750, 19893
1694937570, 0, 0, 34, 0, 0, 8105.47, 3, 0, 0, 5.22, 2146, 1283, 7770.70, 20750, 19893
1694937578, 0, 0, 34, 0, 0, 8105.47, 3, 0, 0, 0.36, 2147, 1285, 7770.70, 20750, 19893
1694937583, 0, 0, 34, 0, 0, 8105.47, 3, 0, 0, 0.41, 2148, 1286, 7770.70, 20750, 19893
1694937584, 0, 0, 34, 0, 0, 8105.47, 3, 0, 0, 2.28, 2149, 1286, 7770.70, 20750, 19893
1694937584, 0, 0, 34, 0, 0, 8105.47, 3, 0, 0, 6.47, 2150, 1287, 7770.70, 20750, 19893
1694937591, 0, 0, 34, 0, 0, 8105.47, 3, 0, 0, 0.44, 2152, 1288, 7770.70, 20750, 19893
1694937598, 0, 0, 34, 0, 0, 8105.47, 3, 0, 0, 0.43, 2155, 1288, 7770.70, 20750, 19893
1694937598, 0, 0, 34, 0, 0, 8105.47, 3, 0, 0, 4.41, 2156, 1289, 7770.70, 20750, 19893
1694937599, 0, 0, 34, 0, 0, 8105.47, 3, 0, 0, 4.22, 2156, 1291, 7770.70, 20750, 19893
1694937605, 0, 0, 34, 0, 0, 8105.47, 3, 0, 0, 0.33, 2158, 1291, 7770.70, 20750, 19893
1694937611, 0, 0, 34, 0, 0, 8105.47, 3, 0, 0, 0.16, 2159, 1291, 7770.70, 20750, 19893
1694937611, 0, 0, 34, 0, 0, 8105.47, 3, 0, 0, 6.49, 2160, 1292, 7770.70, 20750, 19893
1694937612, 0, 0, 34, 0, 0, 8105.47, 3, 0, 0, 5.83, 2161, 1293, 7770.70, 20750, 19893
1694937612, 0, 0, 34, 0, 0, 8105.47, 3, 0, 0, 3.06, 2162, 1293, 7770.70, 20750, 19893
1694937621, 0, 0, 34, 0, 0, 8105.47, 3, 0, 0, 0.22, 2163, 1294, 7770.70, 20750, 19893
1694937621, 0, 0, 34, 0, 0, 8105.47, 3, 0, 0, 4.95, 2164, 1295, 7770.70, 20750, 19893
1694937622, 0, 0, 34, 0, 0, 8105.47, 3, 0, 0, 7.71, 2167, 1295, 7770.70, 20750, 19893
1694937628, 0, 0, 34, 0, 0, 8105.47, 3, 0, 0, 0.16, 2168, 1295, 7770.70, 20750, 19893
1694937628, 0, 0, 34, 0, 0, 8105.47, 3, 0, 0, 5.88, 2169, 1296, 7770.70, 20750, 19893
1694937628, 0, 0, 34, 0, 0, 8105.47, 3, 0, 0, 12.01, 2169, 1300, 7770.70, 20750, 19893
1694937629, 0, 0, 34, 0, 0, 8105.47, 3, 0, 0, 8.88, 2172, 1300, 7770.70, 20750, 19893
1694937629, 0, 0, 34, 0, 0, 8105.47, 3, 0, 0, 2.74, 2173, 1300, 7770.70, 20750, 19893
1694937630, 0, 0, 34, 0, 0, 8105.47, 3, 0, 0, 4.42, 2174, 1301, 7770.70, 20750, 19893
1694937638, 0, 0, 34, 0, 0, 8105.47, 3, 0, 0, 0.12, 2175, 1301, 7770.70, 20750, 19893
1694937638, 0, 0, 34, 0, 0, 8105.47, 3, 0, 0, 7.98, 2177, 1302, 7770.70, 20750, 19893
1694937645, 0, 0, 34, 0, 0, 8105.47, 3, 0, 0, 0.16, 2178, 1302, 7770.70, 20750, 19893
1694937645, 0, 0, 34, 0, 0, 8105.47, 3, 0, 0, 11.73, 2180, 1304, 7770.70, 20750, 19893
1694937650, 0, 0, 34, 0, 0, 8105.47, 3, 0, 0, 0.74, 2182, 1306, 7770.70, 20750, 19893
1694937661, 0, 0, 34, 0, 0, 8105.47, 3, 0, 0, 0.10, 2183, 1306, 7770.70, 20750, 19893
1694937661, 0, 0, 34, 0, 0, 8105.47, 3, 0, 0, 7.46, 2186, 1306, 7770.70, 20750, 19893
1694937662, 0, 0, 34, 0, 0, 8105.47, 3, 0, 0, 3.33, 2188, 1306, 7770.70, 20750, 19893
1694937662, 0, 0, 34, 0, 0, 8105.47, 3, 0, 0, 5.78, 2189, 1307, 7770.70, 20750, 19893
1694937662, 0, 0, 34, 0, 0, 8105.47, 3, 0, 0, 11.20, 2192, 1308, 7770.70, 20750, 19893
1694937663, 0, 0, 34, 0, 0, 8105.47, 3, 0, 0, 7.65, 2194, 1309, 7770.70, 20750, 19893
1694937663, 0, 0, 34, 0, 0, 8105.47, 3, 0, 0, 3.28, 2195, 1309, 7770.70, 20750, 19893
1694937673, 0, 0, 34, 0, 0, 8105.47, 3, 0, 0, 0.41, 2198, 1310, 7770.70, 20750, 19893
1694937685, 0, 0, 34, 0, 0, 8105.47, 3, 0, 0, 0.08, 2199, 1310, 7770.70, 20750, 19893
1694937693, 0, 0, 34, 0, 0, 8105.47, 3, 0, 0, 0.23, 2200, 1311, 7770.70, 20750, 19893
1694937694, 0, 0, 34, 0, 0, 8105.47, 3, 0, 0, 5.54, 2202, 1311, 7770.70, 20750, 19893
1694937694, 0, 0, 34, 0, 0, 8105.47, 3, 0, 0, 6.62, 2203, 1312, 7770.70, 20750, 19893
1694937694, 0, 0, 34, 0, 0, 8105.47, 3, 0, 0, 7.81, 2204, 1314, 7770.70, 20750, 19893
1694937695, 0, 0, 34, 0, 0, 8105.47, 3, 0, 0, 3.10, 2205, 1314, 7770.70, 20750, 19893
1694937695, 0, 0, 34, 0, 0, 8105.47, 3, 0, 0, 6.82, 2207, 1315, 7770.70, 20750, 19893
1694937695, 0, 0, 34, 0, 0, 8105.47, 3, 0, 0, 10.90, 2209, 1317, 7770.70, 20750, 19893
1694937702, 0, 0, 34, 0, 0, 8105.47, 3, 0, 0, 0.46, 2210, 1319, 7770.70, 20750, 19893
1694937702, 0, 0, 34, 0, 0, 8105.47, 3, 0, 0, 6.56, 2212, 1319, 7770.70, 20750, 19893
1694937714, 0, 0, 34, 0, 0, 8105.47, 3, 0, 0, 0.09, 2213, 1319, 7770.70, 20750, 19893
1694937721, 0, 0, 34, 0, 0, 8105.47, 3, 0, 0, 0.15, 2214, 1319, 7770.70, 20750, 19893
1694937721, 0, 0, 34, 0, 0, 8105.47, 3, 0, 0, 8.77, 2216, 1320, 7770.70, 20750, 19893
1694937730, 0, 0, 34, 0, 0, 8105.47, 3, 0, 0, 0.44, 2217, 1323, 7770.70, 20750, 19893
1694937730, 0, 0, 34, 0, 0, 8105.47, 3, 0, 0, 10.75, 2218, 1326, 7770.70, 20750, 19893
1694937738, 0, 0, 34, 0, 0, 8105.47, 3, 0, 0, 0.26, 2220, 1326, 7770.70, 20750, 19893
1694937750, 0, 0, 34, 0, 0, 8105.47, 3, 0, 0, 0.09, 2221, 1326, 7770.70, 20750, 19893
1694937750, 0, 0, 34, 0, 0, 8105.47, 3, 0, 0, 9.38, 2224, 1326, 7770.70, 20750, 19893
1694937761, 0, 0, 34, 0, 0, 8105.47, 3, 0, 0, 0.18, 2226, 1326, 7770.70, 20750, 19893
1694937761, 0, 0, 34, 0, 0, 8105.47, 3, 0, 0, 5.45, 2226, 1328, 7770.70, 20750, 19893
1694937761, 0, 0, 34, 0, 0, 8105.47, 3, 0, 0, 4.95, 2227, 1329, 7770.70, 20750, 19893
1694937762, 0, 0, 34, 0, 0, 8105.47, 3, 0, 0, 5.39, 2229, 1329, 7770.70, 20750, 19893
1694937762, 0, 0, 34, 0, 0, 8105.47, 3, 0, 0, 12.12, 2232, 1330, 7770.70, 20750, 19893
1694937771, 0, 0, 34, 0, 0, 8105.47, 3, 0, 0, 0.23, 2234, 1330, 7770.70, 20750, 19893
1694937771, 0, 0, 34, 0, 0, 8105.47, 3, 0, 0, 6.82, 2235, 1332, 7770.70, 20750, 19893
1694937772, 0, 0, 34, 0, 0, 8105.47, 3, 0, 0, 9.46, 2236, 1335, 7770.70, 20750, 19893
1694937772, 0, 0, 34, 0, 0, 8105.47, 3, 0, 0, 7.73, 2237, 1337, 7770.70, 20750, 19893
1694937777, 0, 0, 34, 0, 0, 8105.47, 3, 0, 0, 0.79, 2239, 1339, 7770.70, 20750, 19893
1694937778, 0, 0, 34, 0, 0, 8105.47, 3, 0, 0, 11.94, 2242, 1340, 7770.70, 20750, 19893
1694937778, 0, 0, 34, 0, 0, 8105.47, 3, 0, 0, 11.53, 2244, 1342, 7770.70, 20750, 19893
1694937778, 0, 0, 34, 0, 0, 8105.47, 3, 0, 0, 5.97, 2246, 1342, 7770.70, 20750, 19893
1694937785, 0, 0, 34, 0, 0, 8105.47, 3, 0, 0, 0.47, 2248, 1343, 7770.70, 20750, 19893
1694937785, 0, 0, 34, 0, 0, 8105.47, 3, 0, 0, 5.81, 2250, 1343, 7770.70, 20750, 19893
1694937785, 0, 0, 34, 0, 0, 8105.47, 3, 0, 0, 5.28, 2252, 1343, 7770.70, 20750, 19893
1694937786, 0, 0, 34, 0, 0, 8105.47, 3, 0, 0, 5.36, 2253, 1344, 7770.70, 20750, 19893
1694937793, 0, 0, 34, 0, 0, 8105.47, 3, 0, 0, 0.26, 2254, 1345, 7770.70, 20750, 19893
1694937794, 0, 0, 34, 0, 0, 8105.47, 3, 0, 0, 6.39, 2254, 1347, 7770.70, 20750, 19893
1694937794, 0, 0, 34, 0, 0, 8105.47, 3, 0, 0, 7.59, 2255, 1349, 7770.70, 20750, 19893
1694937794, 0, 0, 34, 0, 0, 8105.47, 3, 0, 0, 9.77, 2257, 1350, 7770.70, 20750, 19893
1694937801, 0, 0, 34, 0, 0, 8105.47, 3, 0, 0, 0.45, 2258, 1352, 7770.70, 20750, 19893
1694937801, 0, 0, 34, 0, 0, 8105.47, 3, 0, 0, 6.19, 2259, 1353, 7770.70, 20750, 19893
1694937802, 0, 0, 34, 0, 0, 8105.47, 3, 0, 0, 7.69, 2261, 1354, 7770.70, 20750, 19893
1694937802, 0, 0, 34, 0, 0, 8105.47, 3, 0, 0, 6.10, 2262, 1356, 7770.70, 20750, 19893
1694937803, 0, 0, 34, 0, 0, 8105.47, 3, 0, 0, 13.33, 2266, 1357, 7770.70, 20750, 19893
1694937803, 0, 0, 34, 0, 0, 8105.47, 3, 0, 0, 8.02, 2269, 1357, 7770.70, 20750, 19893
1694937803, 0, 0, 34, 0, 0, 8105.47, 3, 0, 0, 9.38, 2270, 1359, 7770.70, 20750, 19893
1694937804, 0, 0, 34, 0, 0, 8105.47, 3, 0, 0, 6.56, 2272, 1360, 7770.70, 20750, 19893
1694937804, 0, 0, 34, 0, 0, 8105.47, 3, 0, 0, 4.66, 2274, 1360, 7770.70, 20750, 19893
1694937805, 0, 0, 34, 0, 0, 8105.47, 3, 0, 0, 7.33, 2277, 1360, 7770.70, 20750, 19893
1694937810, 0, 0, 34, 0, 0, 8105.47, 3, 0, 0, 0.35, 2278, 1361, 7770.70, 20750, 19893
1694937811, 0, 0, 34, 0, 0, 8105.47, 3, 0, 0, 6.82, 2281, 1361, 7770.70, 20750, 19893
1694937811, 0, 0, 34, 0, 0, 8105.47, 3, 0, 0, 6.08, 2283, 1361, 7770.70, 20750, 19893
1694937817, 0, 0, 34, 0, 0, 8105.47, 3, 0, 0, 0.32, 2285, 1361, 7770.70, 20750, 19893
1694937818, 0, 0, 34, 0, 0, 8105.47, 3, 0, 0, 9.58, 2288, 1361, 7770.70, 20750, 19893
1694937831, 0, 0, 34, 0, 0, 8105.47, 3, 0, 0, 0.15, 2290, 1361, 7770.70, 20750, 19893
1694937831, 0, 0, 34, 0, 0, 8105.47, 3, 0, 0, 8.85, 2291, 1363, 7770.70, 20750, 19893
1694937832, 0, 0, 34, 0, 0, 8105.47, 3, 0, 0, 6.60, 2293, 1363, 7770.70, 20750, 19893
1694937832, 0, 0, 34, 0, 0, 8105.47, 3, 0, 0, 6.58, 2294, 1365, 7770.70, 20750, 19893
1694937838, 0, 0, 34, 0, 0, 8105.47, 3, 0, 0, 0.17, 2295, 1365, 7770.70, 20750, 19893
1694937848, 0, 0, 34, 0, 0, 8105.47, 3, 0, 0, 0.20, 2296, 1366, 7770.70, 20750, 19893
1694937854, 0, 0, 34, 0, 0, 8105.47, 3, 0, 0, 0.16, 2297, 1366, 7770.70, 20750, 19893
1694937855, 0, 0, 34, 0, 0, 8105.47, 3, 0, 0, 6.64, 2299, 1366, 7770.70, 20750, 19893
1694937855, 0, 0, 34, 0, 0, 8105.47, 3, 0, 0, 4.45, 2299, 1368, 7770.70, 20750, 19893
1694937861, 0, 0, 34, 0, 0, 8105.47, 3, 0, 0, 0.53, 2302, 1368, 7770.70, 20750, 19893
1694937866, 0, 0, 34, 0, 0, 8105.47, 3, 0, 0, 0.19, 2303, 1368, 7770.70, 20750, 19893
1694937866, 0, 0, 34, 0, 0, 8105.47, 3, 0, 0, 9.26, 2306, 1368, 7770.70, 20750, 19893
1694937867, 0, 0, 34, 0, 0, 8105.47, 3, 0, 0, 11.02, 2307, 1371, 7770.70, 20750, 19893
1694937873, 0, 0, 34, 0, 0, 8105.47, 3, 0, 0, 0.32, 2309, 1371, 7770.70, 20750, 19893
1694937882, 0, 0, 34, 0, 0, 8105.47, 3, 0, 0, 0.22, 2311, 1371, 7770.70, 20750, 19893
1694937890, 0, 0, 34, 0, 0, 8105.47, 3, 0, 0, 0.13, 2312, 1371, 7770.70, 20750, 19893
1694937895, 0, 0, 34, 0, 0, 8105.47, 3, 0, 0, 0.53, 2313, 1373, 7770.70, 20750, 19893
1694937896, 0, 0, 34, 0, 0, 8105.47, 3, 0, 0, 7.61, 2315, 1374, 7770.70, 20750, 19893
1694937896, 0, 0, 34, 0, 0, 8105.47, 3, 0, 0, 6.31, 2316, 1375, 7770.70, 20750, 19893
1694937896, 0, 0, 34, 0, 0, 8105.47, 3, 0, 0, 7.71, 2318, 1376, 7770.70, 20750, 19893
1694937897, 0, 0, 34, 0, 0, 8105.47, 3, 0, 0, 10.99, 2319, 1379, 7770.70, 20750, 19893
1694937901, 0, 0, 34, 0, 0, 8105.47, 3, 0, 0, 0.44, 2321, 1379, 7770.70, 20750, 19893
1694937906, 0, 0, 34, 0, 0, 8105.47, 3, 0, 0, 0.38, 2322, 1380, 7770.70, 20750, 19893
1694937907, 0, 0, 34, 0, 0, 8105.47, 3, 0, 0, 7.33, 2324, 1381, 7770.70, 20750, 19893
1694937907, 0, 0, 34, 0, 0, 8105.47, 3, 0, 0, 8.98, 2324, 1384, 7770.70, 20750, 19893
1694937913, 0, 0, 34, 0, 0, 8105.47, 3, 0, 0, 0.53, 2327, 1384, 7770.70, 20750, 19893
1694937913, 0, 0, 34, 0, 0, 8105.47, 3, 0, 0, 6.37, 2329, 1384, 7770.70, 20750, 19893
1694937918, 0, 0, 34, 0, 0, 8105.47, 3, 0, 0, 0.19, 2330, 1384, 7770.70, 20750, 19893
1694937929, 0, 0, 34, 0, 0, 8105.47, 3, 0, 0, 0.20, 2332, 1384, 7770.70, 20750, 19893
1694937935, 0, 0, 34, 0, 0, 8105.47, 3, 0, 0, 0.30, 2334, 1384, 7770.70, 20750, 19893
1694937941, 0, 0, 34, 0, 0, 8105.47, 3, 0, 0, 0.16, 2335, 1384, 7770.70, 20750, 19893
1694937947, 0, 0, 34, 0, 0, 8105.47, 3, 0, 0, 0.18, 2336, 1384, 7770.70, 20750, 19893
1694937953, 0, 0, 34, 0, 0, 8105.47, 3, 0, 0, 0.17, 2337, 1384, 7770.70, 20750, 19893
1694937959, 0, 0, 34, 0, 0, 8105.47, 3, 0, 0, 0.33, 2339, 1384, 7770.70, 20750, 19893
1694937967, 0, 0, 34, 0, 0, 8105.47, 3, 0, 0, 0.38, 2341, 1385, 7770.70, 20750, 19893
1694937967, 0, 0, 34, 0, 0, 8105.47, 3, 0, 0, 2.87, 2342, 1385, 7770.70, 20750, 19893
1694937968, 0, 0, 34, 0, 0, 8105.47, 3, 0, 0, 4.81, 2344, 1385, 7770.70, 20750, 19893
1694937974, 0, 0, 34, 0, 0, 8105.47, 3, 0, 0, 0.15, 2345, 1385, 7770.70, 20750, 19893
1694937974, 0, 0, 34, 0, 0, 8105.47, 3, 0, 0, 4.89, 2346, 1386, 7770.70, 20750, 19893
1694937981, 0, 0, 34, 0, 0, 8105.47, 3, 0, 0, 0.29, 2347, 1387, 7770.70, 20750, 19893
1694937982, 0, 0, 34, 0, 0, 8105.47, 3, 0, 0, 9.80, 2349, 1388, 7770.70, 20750, 19893
1694937988, 0, 0, 34, 0, 0, 8105.47, 3, 0, 0, 0.15, 2350, 1388, 7770.70, 20750, 19893
1694937989, 0, 0, 34, 0, 0, 8105.47, 3, 0, 0, 4.99, 2352, 1388, 7770.70, 20750, 19893
1694937989, 0, 0, 34, 0, 0, 8105.47, 3, 0, 0, 6.06, 2354, 1388, 7770.70, 20750, 19893
1694937989, 0, 0, 34, 0, 0, 8105.47, 3, 0, 0, 6.12, 2355, 1389, 7770.70, 20750, 19893
1694937994, 0, 0, 34, 0, 0, 8105.47, 3, 0, 0, 0.39, 2357, 1389, 7770.70, 20750, 19893
1694937995, 0, 0, 34, 0, 0, 8105.47, 3, 0, 0, 7.85, 2359, 1390, 7770.70, 20750, 19893
1694937995, 0, 0, 34, 0, 0, 8105.47, 3, 0, 0, 5.52, 2361, 1390, 7770.70, 20750, 19893
1694937996, 0, 0, 34, 0, 0, 8105.47, 3, 0, 0, 6.56, 2363, 1391, 7770.70, 20750, 19893
1694937996, 0, 0, 34, 0, 0, 8105.47, 3, 0, 0, 6.51, 2364, 1393, 7770.70, 20750, 19893
1694937997, 0, 0, 34, 0, 0, 8105.47, 3, 0, 0, 4.96, 2365, 1395, 7770.70, 20750, 19893
1694937997, 0, 0, 34, 0, 0, 8105.47, 3, 0, 0, 5.94, 2366, 1397, 7770.70, 20750, 19893
1694938003, 0, 0, 34, 0, 0, 8105.47, 3, 0, 0, 0.18, 2367, 1397, 7770.70, 20750, 19893
1694938003, 0, 0, 34, 0, 0, 8105.47, 3, 0, 0, 6.31, 2368, 1398, 7770.70, 20750, 19893
1694938004, 0, 0, 34, 0, 0, 8105.47, 3, 0, 0, 10.61, 2368, 1402, 7770.70, 20750, 19893
1694938004, 0, 0, 34, 0, 0, 8105.47, 3, 0, 0, 4.96, 2369, 1403, 7770.70, 20750, 19893
1694938004, 0, 0, 34, 0, 0, 8105.47, 3, 0, 0, 5.26, 2371, 1403, 7770.70, 20750, 19893
1694938005, 0, 0, 34, 0, 0, 8105.47, 3, 0, 0, 7.08, 2372, 1405, 7770.70, 20750, 19893
1694938015, 0, 0, 34, 0, 0, 8105.47, 3, 0, 0, 0.10, 2373, 1405, 7770.70, 20750, 19893
1694938015, 0, 0, 34, 0, 0, 8105.47, 3, 0, 0, 7.30, 2375, 1406, 7770.70, 20750, 19893
1694938016, 0, 0, 34, 0, 0, 8105.47, 3, 0, 0, 5.26, 2376, 1407, 7770.70, 20750, 19893
1694938024, 0, 0, 34, 0, 0, 8105.47, 3, 0, 0, 0.13, 2377, 1407, 7770.70, 20750, 19893
1694938030, 0, 0, 34, 0, 0, 8105.47, 3, 0, 0, 0.15, 2378, 1407, 7770.70, 20750, 19893
1694938031, 0, 0, 34, 0, 0, 8105.47, 3, 0, 0, 4.00, 2380, 1407, 7770.70, 20750, 19893
1694938031, 0, 0, 34, 0, 0, 8105.47, 3, 0, 0, 7.50, 2381, 1409, 7770.70, 20750, 19893
1694938038, 0, 0, 34, 0, 0, 8105.47, 3, 0, 0, 0.44, 2382, 1411, 7770.70, 20750, 19893
1694938038, 0, 0, 34, 0, 0, 8105.47, 3, 0, 0, 4.74, 2383, 1412, 7770.70, 20750, 19893
1694938039, 0, 0, 34, 0, 0, 8105.47, 3, 0, 0, 10.90, 2385, 1414, 7770.70, 20750, 19893
1694938039, 0, 0, 34, 0, 0, 8105.47, 3, 0, 0, 3.12, 2386, 1414, 7770.70, 20750, 19893
1694938046, 0, 0, 34, 0, 0, 8105.47, 3, 0, 0, 0.14, 2387, 1414, 7770.70, 20750, 19893
1694938047, 0, 0, 34, 0, 0, 8105.47, 3, 0, 0, 7.54, 2389, 1415, 7770.70, 20750, 19893
1694938047, 0, 0, 34, 0, 0, 8105.47, 3, 0, 0, 7.96, 2391, 1416, 7770.70, 20750, 19893
1694938047, 0, 0, 34, 0, 0, 8105.47, 3, 0, 0, 7.69, 2393, 1417, 7770.70, 20750, 19893
1694938052, 0, 0, 34, 0, 0, 8105.47, 3, 0, 0, 0.23, 2393, 1418, 7770.70, 20750, 19893
1694938065, 0, 0, 34, 0, 0, 8105.47, 3, 0, 0, 0.08, 2394, 1418, 7770.70, 20750, 19893
1694938065, 0, 0, 34, 0, 0, 8105.47, 3, 0, 0, 3.13, 2395, 1418, 7770.70, 20750, 19893
1694938065, 0, 0, 34, 0, 0, 8105.47, 3, 0, 0, 3.10, 2396, 1418, 7770.70, 20750, 19893
1694938066, 0, 0, 34, 0, 0, 8105.47, 3, 0, 0, 8.72, 2398, 1419, 7770.70, 20750, 19893
1694938073, 0, 0, 34, 0, 0, 8105.47, 3, 0, 0, 0.41, 2399, 1421, 7770.70, 20750, 19893
1694938074, 0, 0, 34, 0, 0, 8105.47, 3, 0, 0, 4.26, 2400, 1422, 7770.70, 20750, 19893
1694938074, 0, 0, 34, 0, 0, 8105.47, 3, 0, 0, 3.31, 2401, 1422, 7770.70, 20750, 19893
1694938084, 0, 0, 34, 0, 0, 8105.47, 3, 0, 0, 0.10, 2402, 1422, 7770.70, 20750, 19893
1694938085, 0, 0, 34, 0, 0, 8105.47, 3, 0, 0, 8.60, 2403, 1424, 7770.70, 20750, 19893
1694938085, 0, 0, 34, 0, 0, 8105.47, 3, 0, 0, 13.16, 2405, 1426, 7770.70, 20750, 19893
1694938085, 0, 0, 34, 0, 0, 8105.47, 3, 0, 0, 9.95, 2408, 1427, 7770.70, 20750, 19893
1694938086, 0, 0, 34, 0, 0, 8105.47, 3, 0, 0, 10.58, 2408, 1431, 7770.70, 20750, 19893
1694938086, 0, 0, 34, 0, 0, 8105.47, 3, 0, 0, 7.58, 2409, 1433, 7770.70, 20750, 19893
1694938086, 0, 0, 34, 0, 0, 8105.47, 3, 0, 0, 7.23, 2411, 1434, 7770.70, 20750, 19893
1694938087, 0, 0, 34, 0, 0, 8105.47, 3, 0, 0, 9.40, 2412, 1436, 7770.70, 20750, 19893
1694938087, 0, 0, 34, 0, 0, 8105.47, 3, 0, 0, 8.57, 2413, 1438, 7770.70, 20750, 19893
1694938087, 0, 0, 34, 0, 0, 8105.47, 3, 0, 0, 5.70, 2415, 1438, 7770.70, 20750, 19893
1694938088, 0, 0, 34, 0, 0, 8105.47, 3, 0, 0, 6.45, 2416, 1439, 7770.70, 20750, 19893
1694938099, 0, 0, 34, 0, 0, 8105.47, 3, 0, 0, 0.26, 2418, 1440, 7770.70, 20750, 19893
1694938100, 0, 0, 34, 0, 0, 8105.47, 3, 0, 0, 5.08, 2420, 1441, 7770.70, 20750, 19893
1694938100, 0, 0, 34, 0, 0, 8105.47, 3, 0, 0, 5.49, 2421, 1442, 7770.70, 20750, 19893
1694938109, 0, 0, 34, 0, 0, 8105.47, 3, 0, 0, 0.47, 2422, 1445, 7770.70, 20750, 19893
1694938109, 0, 0, 34, 0, 0, 8105.47, 3, 0, 0, 9.39, 2422, 1449, 7770.70, 20750, 19893
1694938110, 0, 0, 34, 0, 0, 8105.47, 3, 0, 0, 6.17, 2422, 1451, 7770.70, 20750, 19893
1694938126, 0, 0, 34, 0, 0, 8105.47, 3, 0, 0, 0.12, 2424, 1451, 7770.70, 20750, 19893
1694938133, 0, 0, 34, 0, 0, 8105.47, 3, 0, 0, 0.57, 2426, 1453, 7770.70, 20750, 19893
1694938133, 0, 0, 34, 0, 0, 8105.47, 3, 0, 0, 4.31, 2428, 1453, 7770.70, 20750, 19893
1694938139, 0, 0, 34, 0, 0, 8105.47, 3, 0, 0, 0.34, 2430, 1453, 7770.70, 20750, 19893
1694938140, 0, 0, 34, 0, 0, 8105.47, 3, 0, 0, 5.62, 2432, 1453, 7770.70, 20750, 19893
1694938140, 0, 0, 34, 0, 0, 8105.47, 3, 0, 0, 9.40, 2434, 1454, 7770.70, 20750, 19893
1694938140, 0, 0, 34, 0, 0, 8105.47, 3, 0, 0, 10.13, 2437, 1455, 7770.70, 20750, 19893
1694938141, 0, 0, 34, 0, 0, 8105.47, 3, 0, 0, 6.64, 2437, 1458, 7770.70, 20750, 19893
1694938141, 0, 0, 34, 0, 0, 8105.47, 3, 0, 0, 2.60, 2438, 1458, 7770.70, 20750, 19893
1694938141, 0, 0, 34, 0, 0, 8105.47, 3, 0, 0, 7.83, 2439, 1460, 7770.70, 20750, 19893
1694938142, 0, 0, 34, 0, 0, 8105.47, 3, 0, 0, 6.42, 2439, 1463, 7770.70, 20750, 19893
1694938142, 0, 0, 34, 0, 0, 8105.47, 3, 0, 0, 5.00, 2441, 1463, 7770.70, 20750, 19893
1694938143, 0, 0, 34, 0, 0, 8105.47, 3, 0, 0, 6.08, 2442, 1464, 7770.70, 20750, 19893
1694938143, 0, 0, 34, 0, 0, 8105.47, 3, 0, 0, 5.35, 2443, 1465, 7770.70, 20750, 19893
1694938143, 0, 0, 34, 0, 0, 8105.47, 3, 0, 0, 4.88, 2444, 1466, 7770.70, 20750, 19893
1694938144, 0, 0, 34, 0, 0, 8105.47, 3, 0, 0, 4.76, 2445, 1467, 7770.70, 20750, 19893
1694938144, 0, 0, 34, 0, 0, 8105.47, 3, 0, 0, 5.90, 2446, 1468, 7770.70, 20750, 19893
1694938156, 0, 0, 34, 0, 0, 8105.47, 3, 0, 0, 0.08, 2447, 1468, 7770.70, 20750, 19893
1694938156, 0, 0, 34, 0, 0, 8105.47, 3, 0, 0, 5.63, 2447, 1470, 7770.70, 20750, 19893
1694938157, 0, 0, 34, 0, 0, 8105.47, 3, 0, 0, 3.78, 2448, 1471, 7770.70, 20750, 19893
1694938157, 0, 0, 34, 0, 0, 8105.47, 3, 0, 0, 9.15, 2449, 1473, 7770.70, 20750, 19893
1694938158, 0, 0, 34, 0, 0, 8105.47, 3, 0, 0, 4.07, 2451, 1473, 7770.70, 20750, 19893
1694938158, 0, 0, 34, 0, 0, 8105.47, 3, 0, 0, 7.46, 2454, 1473, 7770.70, 20750, 19893
1694938158, 0, 0, 34, 0, 0, 8105.47, 3, 0, 0, 3.12, 2454, 1474, 7770.70, 20750, 19893
1694938164, 0, 0, 34, 0, 0, 8105.47, 3, 0, 0, 0.36, 2455, 1475, 7770.70, 20750, 19893
1694938170, 0, 0, 34, 0, 0, 8105.47, 3, 0, 0, 0.35, 2457, 1475, 7770.70, 20750, 19893
1694938170, 0, 0, 34, 0, 0, 8105.47, 3, 0, 0, 5.13, 2459, 1475, 7770.70, 20750, 19893
1694938170, 0, 0, 34, 0, 0, 8105.47, 3, 0, 0, 7.46, 2461, 1476, 7770.70, 20750, 19893
1694938171, 0, 0, 34, 0, 0, 8105.47, 3, 0, 0, 6.37, 2462, 1477, 7770.70, 20750, 19893
1694938177, 0, 0, 34, 0, 0, 8105.47, 3, 0, 0, 0.35, 2463, 1478, 7770.70, 20750, 19893
1694938177, 0, 0, 34, 0, 0, 8105.47, 3, 0, 0, 4.94, 2465, 1478, 7770.70, 20750, 19893
1694938183, 0, 0, 34, 0, 0, 8105.47, 3, 0, 0, 0.17, 2466, 1478, 7770.70, 20750, 19893
1694938189, 0, 0, 34, 0, 0, 8105.47, 3, 0, 0, 0.17, 2467, 1478, 7770.70, 20750, 19893
1694938189, 0, 0, 34, 0, 0, 8105.47, 3, 0, 0, 5.09, 2468, 1479, 7770.70, 20750, 19893
1694938194, 0, 0, 34, 0, 0, 8105.47, 3, 0, 0, 0.21, 2469, 1479, 7770.70, 20750, 19893
1694938194, 0, 0, 34, 0, 0, 8105.47, 3, 0, 0, 6.41, 2471, 1479, 7770.70, 20750, 19893
1694938195, 0, 0, 34, 0, 0, 8105.47, 3, 0, 0, 3.94, 2472, 1480, 7770.70, 20750, 19893
1694938195, 0, 0, 34, 0, 0, 8105.47, 3, 0, 0, 4.52, 2474, 1480, 7770.70, 20750, 19893
1694938196, 0, 0, 34, 0, 0, 8105.47, 3, 0, 0, 5.99, 2474, 1482, 7770.70, 20750, 19893
1694938196, 0, 0, 34, 0, 0, 8105.47, 3, 0, 0, 12.82, 2476, 1484, 7770.70, 20750, 19893
1694938196, 0, 0, 34, 0, 0, 8105.47, 3, 0, 0, 6.23, 2477, 1485, 7770.70, 20750, 19893
1694938196, 0, 0, 34, 0, 0, 8105.47, 3, 0, 0, 6.37, 2478, 1486, 7770.70, 20750, 19893
1694938197, 0, 0, 34, 0, 0, 8105.47, 3, 0, 0, 5.12, 2479, 1487, 7770.70, 20750, 19893
1694938197, 0, 0, 34, 0, 0, 8105.47, 3, 0, 0, 3.79, 2480, 1488, 7770.70, 20750, 19893
1694938198, 0, 0, 34, 0, 0, 8105.47, 3, 0, 0, 5.60, 2480, 1490, 7770.70, 20750, 19893
1694938198, 0, 0, 34, 0, 0, 8105.47, 3, 0, 0, 5.09, 2481, 1491, 7770.70, 20750, 19893
1694938198, 0, 0, 34, 0, 0, 8105.47, 3, 0, 0, 11.33, 2481, 1495, 7770.70, 20750, 19893
1694938199, 0, 0, 34, 0, 0, 8105.47, 3, 0, 0, 11.36, 2483, 1497, 7770.70, 20750, 19893
1694938205, 0, 0, 34, 0, 0, 8105.47, 3, 0, 0, 0.18, 2484, 1497, 7770.70, 20750, 19893
1694938205, 0, 0, 34, 0, 0, 8105.47, 3, 0, 0, 3.72, 2486, 1497, 7770.70, 20750, 19893
1694938205, 0, 0, 34, 0, 0, 8105.47, 3, 0, 0, 4.96, 2487, 1498, 7770.70, 20750, 19893
1694938206, 0, 0, 34, 0, 0, 8105.47, 3, 0, 0, 6.56, 2488, 1499, 7770.70, 20750, 19893
1694938206, 0, 0, 34, 0, 0, 8105.47, 3, 0, 0, 5.41, 2490, 1499, 7770.70, 20750, 19893
1694938206, 0, 0, 34, 0, 0, 8105.47, 3, 0, 0, 9.68, 2493, 1499, 7770.70, 20750, 19893
1694938207, 0, 0, 34, 0, 0, 8105.47, 3, 0, 0, 10.96, 2493, 1503, 7770.70, 20750, 19893
1694938207, 0, 0, 34, 0, 0, 8105.47, 3, 0, 0, 5.92, 2494, 1504, 7770.70, 20750, 19893
1694938208, 0, 0, 34, 0, 0, 8105.47, 3, 0, 0, 5.15, 2496, 1505, 7770.70, 20750, 19893
1694938208, 0, 0, 34, 0, 0, 8105.47, 3, 0, 0, 3.24, 2496, 1506, 7770.70, 20750, 19893
1694938208, 0, 0, 34, 0, 0, 8105.47, 3, 0, 0, 3.22, 2497, 1506, 7770.70, 20750, 19893
1694938209, 0, 0, 34, 0, 0, 8105.47, 3, 0, 0, 4.87, 2498, 1507, 7770.70, 20750, 19893
1694938209, 0, 0, 34, 0, 0, 8105.47, 3, 0, 0, 5.73, 2500, 1507, 7770.70, 20750, 19893
1694938230, 0, 0, 34, 0, 0, 8105.47, 3, 0, 0, 0.14, 2502, 1508, 7770.70, 20750, 19893
1694938234, 0, 0, 34, 0, 0, 8105.47, 3, 0, 0, 0.73, 2502, 1511, 7770.70, 20750, 19893
1694938235, 0, 0, 34, 0, 0, 8105.47, 3, 0, 0, 6.37, 2503, 1513, 7770.70, 20750, 19893
1694938235, 0, 0, 34, 0, 0, 8105.47, 3, 0, 0, 7.98, 2505, 1514, 7770.70, 20750, 19893
1694938236, 0, 0, 34, 0, 0, 8105.47, 3, 0, 0, 7.77, 2506, 1516, 7770.70, 20750, 19893
1694938236, 0, 0, 34, 0, 0, 8105.47, 3, 0, 0, 6.62, 2508, 1516, 7770.70, 20750, 19893
1694938241, 0, 0, 34, 0, 0, 8105.47, 3, 0, 0, 0.42, 2509, 1517, 7770.70, 20750, 19893
1694938241, 0, 0, 34, 0, 0, 8105.47, 3, 0, 0, 2.99, 2510, 1517, 7770.70, 20750, 19893
1694938241, 0, 0, 34, 0, 0, 8105.47, 3, 0, 0, 6.98, 2511, 1519, 7770.70, 20750, 19893
1694938257, 0, 0, 34, 0, 0, 8105.47, 3, 0, 0, 0.13, 2513, 1519, 7770.70, 20750, 19893
1694938257, 0, 0, 34, 0, 0, 8105.47, 3, 0, 0, 7.44, 2515, 1520, 7770.70, 20750, 19893
1694938258, 0, 0, 34, 0, 0, 8105.47, 3, 0, 0, 9.48, 2519, 1520, 7770.70, 20750, 19893
1694938258, 0, 0, 34, 0, 0, 8105.47, 3, 0, 0, 9.80, 2519, 1523, 7770.70, 20750, 19893
1694938259, 0, 0, 34, 0, 0, 8105.47, 3, 0, 0, 8.40, 2523, 1523, 7770.70, 20750, 19893
1694938265, 0, 0, 34, 0, 0, 8105.47, 3, 0, 0, 0.61, 2525, 1525, 7770.70, 20750, 19893
1694938265, 0, 0, 34, 0, 0, 8105.47, 3, 0, 0, 6.49, 2525, 1527, 7770.70, 20750, 19893
1694938271, 0, 0, 34, 0, 0, 8105.47, 3, 0, 0, 0.34, 2526, 1528, 7770.70, 20750, 19893
1694938272, 0, 0, 34, 0, 0, 8105.47, 3, 0, 0, 5.68, 2526, 1530, 7770.70, 20750, 19893
1694938272, 0, 0, 34, 0, 0, 8105.47, 3, 0, 0, 6.86, 2527, 1532, 7770.70, 20750, 19893
1694938281, 0, 0, 34, 0, 0, 8105.47, 3, 0, 0, 0.23, 2529, 1532, 7770.70, 20750, 19893
1694938281, 0, 0, 34, 0, 0, 8105.47, 3, 0, 0, 6.47, 2531, 1532, 7770.70, 20750, 19893
1694938288, 0, 0, 34, 0, 0, 8105.47, 3, 0, 0, 0.29, 2533, 1532, 7770.70, 20750, 19893
1694938288, 0, 0, 34, 0, 0, 8105.47, 3, 0, 0, 8.62, 2536, 1532, 7770.70, 20750, 19893
1694938288, 0, 0, 34, 0, 0, 8105.47, 3, 0, 0, 5.85, 2537, 1533, 7770.70, 20750, 19893
1694938289, 0, 0, 34, 0, 0, 8105.47, 3, 0, 0, 6.16, 2540, 1533, 7770.70, 20750, 19893
1694938289, 0, 0, 34, 0, 0, 8105.47, 3, 0, 0, 6.33, 2542, 1533, 7770.70, 20750, 19893
1694938293, 0, 0, 34, 0, 0, 8105.47, 3, 0, 0, 0.24, 2542, 1534, 7770.70, 20750, 19893
1694938294, 0, 0, 34, 0, 0, 8105.47, 3, 0, 0, 5.83, 2542, 1536, 7770.70, 20750, 19893
1694938294, 0, 0, 34, 0, 0, 8105.47, 3, 0, 0, 2.00, 2543, 1536, 7770.70, 20750, 19893
1694938295, 0, 0, 34, 0, 0, 8105.47, 3, 0, 0, 5.01, 2543, 1538, 7770.70, 20750, 19893
1694938295, 0, 0, 34, 0, 0, 8105.47, 3, 0, 0, 9.15, 2544, 1540, 7770.70, 20750, 19893
1694938295, 0, 0, 34, 0, 0, 8105.47, 3, 0, 0, 6.49, 2545, 1541, 7770.70, 20750, 19893
1694938301, 0, 0, 34, 0, 0, 8105.47, 3, 0, 0, 0.19, 2546, 1541, 7770.70, 20750, 19893
1694938301, 0, 0, 34, 0, 0, 8105.47, 3, 0, 0, 2.60, 2547, 1542, 7770.70, 20750, 19893
1694938302, 0, 0, 34, 0, 0, 8105.47, 3, 0, 0, 4.81, 2549, 1542, 7770.70, 20750, 19893
1694938302, 0, 0, 34, 0, 0, 8105.47, 3, 0, 0, 6.29, 2550, 1543, 7770.70, 20750, 19893
1694938303, 0, 0, 34, 0, 0, 8105.47, 3, 0, 0, 7.59, 2552, 1544, 7770.70, 20750, 19893
1694938303, 0, 0, 34, 0, 0, 8105.47, 3, 0, 0, 9.04, 2555, 1544, 7770.70, 20750, 19893
1694938309, 0, 0, 34, 0, 0, 8105.47, 3, 0, 0, 0.16, 2556, 1544, 7770.70, 20750, 19893
1694938309, 0, 0, 34, 0, 0, 8105.47, 3, 0, 0, 6.58, 2557, 1545, 7770.70, 20750, 19893
1694938310, 0, 0, 34, 0, 0, 8105.47, 3, 0, 0, 3.71, 2558, 1546, 7770.70, 20750, 19893
1694938317, 0, 0, 34, 0, 0, 8105.47, 3, 0, 0, 0.13, 2559, 1546, 7770.70, 20750, 19893
1694938318, 0, 0, 34, 0, 0, 8105.47, 3, 0, 0, 5.12, 2560, 1547, 7770.70, 20750, 19893
1694938323, 0, 0, 34, 0, 0, 8105.47, 3, 0, 0, 0.18, 2561, 1547, 7770.70, 20750, 19893
1694938324, 0, 0, 34, 0, 0, 8105.47, 3, 0, 0, 4.76, 2562, 1548, 7770.70, 20750, 19893
1694938330, 0, 0, 34, 0, 0, 8105.47, 3, 0, 0, 0.49, 2564, 1549, 7770.70, 20750, 19893
1694938330, 0, 0, 34, 0, 0, 8105.47, 3, 0, 0, 4.63, 2565, 1550, 7770.70, 20750, 19893
1694938336, 0, 0, 34, 0, 0, 8105.47, 3, 0, 0, 0.17, 2566, 1550, 7770.70, 20750, 19893
1694938342, 0, 0, 34, 0, 0, 8105.47, 3, 0, 0, 0.17, 2567, 1550, 7770.70, 20750, 19893
1694938342, 0, 0, 34, 0, 0, 8105.47, 3, 0, 0, 5.78, 2568, 1552, 7770.70, 20750, 19893
1694938343, 0, 0, 34, 0, 0, 8105.47, 3, 0, 0, 7.73, 2569, 1554, 7770.70, 20750, 19893
1694938343, 0, 0, 34, 0, 0, 8105.47, 3, 0, 0, 8.45, 2570, 1556, 7770.70, 20750, 19893
1694938352, 0, 0, 34, 0, 0, 8105.47, 3, 0, 0, 0.12, 2571, 1556, 7770.70, 20750, 19893
1694938352, 0, 0, 34, 0, 0, 8105.47, 3, 0, 0, 8.40, 2572, 1558, 7770.70, 20750, 19893
1694938352, 0, 0, 34, 0, 0, 8105.47, 3, 0, 0, 6.56, 2574, 1559, 7770.70, 20750, 19893
1694938353, 0, 0, 34, 0, 0, 8105.47, 3, 0, 0, 5.49, 2575, 1560, 7770.70, 20750, 19893
1694938353, 0, 0, 34, 0, 0, 8105.47, 3, 0, 0, 2.77, 2576, 1561, 7770.70, 20750, 19893
1694938354, 0, 0, 34, 0, 0, 8105.47, 3, 0, 0, 2.80, 2577, 1561, 7770.70, 20750, 19893
1694938354, 0, 0, 34, 0, 0, 8105.47, 3, 0, 0, 10.96, 2577, 1565, 7770.70, 20750, 19893
1694938355, 0, 0, 34, 0, 0, 8105.47, 3, 0, 0, 9.12, 2579, 1566, 7770.70, 20750, 19893
1694938367, 0, 0, 34, 0, 0, 8105.47, 3, 0, 0, 0.16, 2581, 1566, 7770.70, 20750, 19893
1694938367, 0, 0, 34, 0, 0, 8105.47, 3, 0, 0, 5.29, 2581, 1568, 7770.70, 20750, 19893
1694938368, 0, 0, 34, 0, 0, 8105.47, 3, 0, 0, 5.52, 2581, 1570, 7770.70, 20750, 19893
1694938368, 0, 0, 34, 0, 0, 8105.47, 3, 0, 0, 6.13, 2582, 1571, 7770.70, 20750, 19893
1694938369, 0, 0, 34, 0, 0, 8105.47, 3, 0, 0, 7.35, 2585, 1571, 7770.70, 20750, 19893
1694938373, 0, 0, 34, 0, 0, 8105.47, 3, 0, 0, 0.25, 2585, 1572, 7770.70, 20750, 19893
1694938378, 0, 0, 34, 0, 0, 8105.47, 3, 0, 0, 0.34, 2587, 1572, 7770.70, 20750, 19893
1694938386, 0, 0, 34, 0, 0, 8105.47, 3, 0, 0, 0.27, 2589, 1572, 7770.70, 20750, 19893
1694938386, 0, 0, 34, 0, 0, 8105.47, 3, 0, 0, 7.77, 2590, 1574, 7770.70, 20750, 19893
1694938387, 0, 0, 34, 0, 0, 8105.47, 3, 0, 0, 3.16, 2591, 1574, 7770.70, 20750, 19893
1694938393, 0, 0, 34, 0, 0, 8105.47, 3, 0, 0, 0.15, 2592, 1574, 7770.70, 20750, 19893
1694938394, 0, 0, 34, 0, 0, 8105.47, 3, 0, 0, 5.62, 2592, 1576, 7770.70, 20750, 19893
1694938399, 0, 0, 34, 0, 0, 8105.47, 3, 0, 0, 0.18, 2593, 1576, 7770.70, 20750, 19893
1694938405, 0, 0, 34, 0, 0, 8105.47, 3, 0, 0, 0.36, 2595, 1576, 7770.70, 20750, 19893
1694938405, 0, 0, 34, 0, 0, 8105.47, 3, 0, 0, 5.05, 2597, 1576, 7770.70, 20750, 19893
1694938405, 0, 0, 34, 0, 0, 8105.47, 3, 0, 0, 6.26, 2599, 1577, 7770.70, 20750, 19893
1694938406, 0, 0, 34, 0, 0, 8105.47, 3, 0, 0, 6.10, 2601, 1577, 7770.70, 20750, 19893
1694938406, 0, 0, 34, 0, 0, 8105.47, 3, 0, 0, 4.94, 2602, 1578, 7770.70, 20750, 19893
1694938406, 0, 0, 34, 0, 0, 8105.47, 3, 0, 0, 6.56, 2603, 1579, 7770.70, 20750, 19893
1694938407, 0, 0, 34, 0, 0, 8105.47, 3, 0, 0, 3.68, 2605, 1579, 7770.70, 20750, 19893
1694938407, 0, 0, 34, 0, 0, 8105.47, 3, 0, 0, 4.91, 2606, 1580, 7770.70, 20750, 19893
1694938408, 0, 0, 34, 0, 0, 8105.47, 3, 0, 0, 4.14, 2607, 1581, 7770.70, 20750, 19893
1694938408, 0, 0, 34, 0, 0, 8105.47, 3, 0, 0, 5.67, 2608, 1583, 7770.70, 20750, 19893
1694938409, 0, 0, 34, 0, 0, 8105.47, 3, 0, 0, 4.75, 2610, 1583, 7770.70, 20750, 19893
1694938409, 0, 0, 34, 0, 0, 8105.47, 3, 0, 0, 1.81, 2611, 1583, 7770.70, 20750, 19893
1694938416, 0, 0, 34, 0, 0, 8105.47, 3, 0, 0, 0.14, 2612, 1583, 7770.70, 20750, 19893
1694938417, 0, 0, 34, 0, 0, 8105.47, 3, 0, 0, 8.43, 2613, 1585, 7770.70, 20750, 19893
1694938417, 0, 0, 34, 0, 0, 8105.47, 3, 0, 0, 2.90, 2614, 1585, 7770.70, 20750, 19893
1694938417, 0, 0, 34, 0, 0, 8105.47, 3, 0, 0, 4.59, 2615, 1586, 7770.70, 20750, 19893
1694938418, 0, 0, 34, 0, 0, 8105.47, 3, 0, 0, 8.24, 2616, 1588, 7770.70, 20750, 19893
1694938418, 0, 0, 34, 0, 0, 8105.47, 3, 0, 0, 3.14, 2617, 1588, 7770.70, 20750, 19893
1694938425, 0, 0, 34, 0, 0, 8105.47, 3, 0, 0, 0.16, 2618, 1588, 7770.70, 20750, 19893
1694938425, 0, 0, 34, 0, 0, 8105.47, 3, 0, 0, 5.60, 2620, 1589, 7770.70, 20750, 19893
1694938425, 0, 0, 34, 0, 0, 8105.47, 3, 0, 0, 2.73, 2620, 1590, 7770.70, 20750, 19893
1694938433, 0, 0, 34, 0, 0, 8105.47, 3, 0, 0, 0.13, 2621, 1590, 7770.70, 20750, 19893
1694938434, 0, 0, 34, 0, 0, 8105.47, 3, 0, 0, 6.47, 2622, 1591, 7770.70, 20750, 19893
1694938442, 0, 0, 34, 0, 0, 8105.47, 3, 0, 0, 0.51, 2625, 1592, 7770.70, 20750, 19893
1694938442, 0, 0, 34, 0, 0, 8105.47, 3, 0, 0, 5.04, 2627, 1592, 7770.70, 20750, 19893
1694938451, 0, 0, 34, 0, 0, 8105.47, 3, 0, 0, 0.21, 2628, 1593, 7770.70, 20750, 19893
1694938452, 0, 0, 34, 0, 0, 8105.47, 3, 0, 0, 4.91, 2629, 1594, 7770.70, 20750, 19893
1694938452, 0, 0, 34, 0, 0, 8105.47, 3, 0, 0, 6.29, 2630, 1595, 7770.70, 20750, 19893
1694938453, 0, 0, 34, 0, 0, 8105.47, 3, 0, 0, 7.01, 2632, 1596, 7770.70, 20750, 19893
1694938453, 0, 0, 34, 0, 0, 8105.47, 3, 0, 0, 5.36, 2633, 1597, 7770.70, 20750, 19893
1694938453, 0, 0, 34, 0, 0, 8105.47, 3, 0, 0, 4.34, 2634, 1598, 7770.70, 20750, 19893
1694938454, 0, 0, 34, 0, 0, 8105.47, 3, 0, 0, 6.67, 2634, 1600, 7770.70, 20750, 19893
1694938454, 0, 0, 34, 0, 0, 8105.47, 3, 0, 0, 4.29, 2635, 1601, 7770.70, 20750, 19893
1694938455, 0, 0, 34, 0, 0, 8105.47, 3, 0, 0, 8.24, 2638, 1601, 7770.70, 20750, 19893
1694938455, 0, 0, 34, 0, 0, 8105.47, 3, 0, 0, 5.05, 2640, 1601, 7770.70, 20750, 19893
1694938455, 0, 0, 34, 0, 0, 8105.47, 3, 0, 0, 9.26, 2641, 1603, 7770.70, 20750, 19893
1694938456, 0, 0, 34, 0, 0, 8105.47, 3, 0, 0, 4.17, 2643, 1603, 7770.70, 20750, 19893
1694938456, 0, 0, 34, 0, 0, 8105.47, 3, 0, 0, 5.31, 2643, 1605, 7770.70, 20750, 19893
1694938457, 0, 0, 34, 0, 0, 8105.47, 3, 0, 0, 4.72, 2644, 1606, 7770.70, 20750, 19893
1694938457, 0, 0, 34, 0, 0, 8105.47, 3, 0, 0, 3.53, 2646, 1606, 7770.70, 20750, 19893
1694938457, 0, 0, 34, 0, 0, 8105.47, 3, 0, 0, 6.49, 2647, 1607, 7770.70, 20750, 19893
1694938458, 0, 0, 34, 0, 0, 8105.47, 3, 0, 0, 8.85, 2648, 1609, 7770.70, 20750, 19893
1694938464, 0, 0, 34, 0, 0, 8105.47, 3, 0, 0, 0.45, 2651, 1609, 7770.70, 20750, 19893
1694938465, 0, 0, 34, 0, 0, 8105.47, 3, 0, 0, 3.94, 2652, 1610, 7770.70, 20750, 19893
1694938465, 0, 0, 34, 0, 0, 8105.47, 3, 0, 0, 5.04, 2654, 1610, 7770.70, 20750, 19893
1694938466, 0, 0, 34, 0, 0, 8105.47, 3, 0, 0, 6.40, 2657, 1610, 7770.70, 20750, 19893
1694938472, 0, 0, 34, 0, 0, 8105.47, 3, 0, 0, 0.16, 2658, 1610, 7770.70, 20750, 19893
1694938472, 0, 0, 34, 0, 0, 8105.47, 3, 0, 0, 6.37, 2660, 1610, 7770.70, 20750, 19893
1694938473, 0, 0, 34, 0, 0, 8105.47, 3, 0, 0, 4.08, 2660, 1612, 7770.70, 20750, 19893
1694938478, 0, 0, 34, 0, 0, 8105.47, 3, 0, 0, 0.36, 2662, 1612, 7770.70, 20750, 19893
1694938504, 0, 0, 34, 0, 0, 8105.47, 3, 0, 0, 0.04, 2663, 1612, 7770.70, 20750, 19893
1694938505, 0, 0, 34, 0, 0, 8105.47, 3, 0, 0, 4.05, 2664, 1613, 7770.70, 20750, 19893
1694938505, 0, 0, 34, 0, 0, 8105.47, 3, 0, 0, 3.48, 2665, 1614, 7770.70, 20750, 19893
1694938506, 0, 0, 34, 0, 0, 8105.47, 3, 0, 0, 8.93, 2666, 1616, 7770.70, 20750, 19893
1694938513, 0, 0, 34, 0, 0, 8105.47, 3, 0, 0, 0.27, 2667, 1617, 7770.70, 20750, 19893
1694938514, 0, 0, 34, 0, 0, 8105.47, 3, 0, 0, 3.75, 2668, 1618, 7770.70, 20750, 19893
1694938528, 0, 0, 34, 0, 0, 8105.47, 3, 0, 0, 0.07, 2669, 1618, 7770.70, 20750, 19893
1694938528, 0, 0, 34, 0, 0, 8105.47, 3, 0, 0, 3.29, 2669, 1619, 7770.70, 20750, 19893
1694938529, 0, 0, 34, 0, 0, 8105.47, 3, 0, 0, 2.01, 2670, 1619, 7770.70, 20750, 19893
1694938529, 0, 0, 34, 0, 0, 8105.47, 3, 0, 0, 2.70, 2671, 1619, 7770.70, 20750, 19893
1694938529, 0, 0, 34, 0, 0, 8105.47, 3, 0, 0, 8.80, 2671, 1622, 7770.70, 20750, 19893
1694938530, 0, 0, 34, 0, 0, 8105.47, 3, 0, 0, 4.47, 2672, 1623, 7770.70, 20750, 19893
1694938537, 0, 0, 34, 0, 0, 8105.47, 3, 0, 0, 0.13, 2673, 1623, 7770.70, 20750, 19893
1694938537, 0, 0, 34, 0, 0, 8105.47, 3, 0, 0, 0.00, 2673, 1623, 7770.70, 20750, 19893
