# unix_time, cycles_done, cur_path, paths_total, pending_total, pending_favs, map_size, unique_crashes, unique_hangs, max_depth, execs_per_sec, valid_inputs, invalid_inputs, valid_cov, all_covered_probes, valid_covered_probes
1694900780, 0, 0, 1, 0, 0, 761.33, 0, 0, 0, 0.44, 0, 1, 0.00, 1949, 0
1694900780, 0, 0, 4, 0, 0, 1042.58, 0, 0, 0, 7.18, 2, 2, 462.50, 2669, 1184
1694900807, 0, 0, 5, 0, 0, 7367.97, 0, 0, 0, 0.04, 3, 2, 6931.64, 18862, 17745
1694900817, 0, 0, 6, 0, 0, 7462.89, 0, 0, 0, 0.11, 4, 2, 7026.56, 19105, 17988
1694900817, 0, 0, 7, 0, 0, 7476.17, 0, 0, 0, 3.15, 4, 3, 7026.56, 19139, 17988
1694900822, 0, 0, 10, 0, 0, 7487.89, 1, 0, 0, 0.73, 7, 4, 7038.28, 19169, 18018
1694900823, 0, 0, 12, 0, 0, 7558.59, 1, 0, 0, 6.56, 8, 5, 7040.23, 19350, 18023
1694900833, 0, 0, 14, 0, 0, 7854.69, 1, 0, 0, 0.56, 13, 6, 7197.27, 20108, 18425
1694900839, 0, 0, 17, 0, 0, 8064.06, 1, 0, 0, 1.52, 19, 8, 7420.31, 20644, 18996
1694900844, 0, 0, 18, 0, 0, 8064.45, 1, 0, 0, 1.41, 23, 11, 7420.70, 20645, 18997
1694900844, 0, 0, 18, 0, 0, 8064.45, 1, 0, 0, 24.46, 28, 14, 7420.70, 20645, 18997
1694900858, 0, 0, 20, 0, 0, 8067.58, 1, 0, 0, 0.49, 32, 17, 7421.09, 20653, 18998
1694900863, 0, 0, 21, 0, 0, 8068.75, 1, 0, 0, 0.59, 33, 19, 7421.09, 20656, 18998
1694900870, 0, 0, 23, 0, 0, 8119.53, 1, 0, 0, 0.96, 36, 22, 7469.14, 20786, 19121
1694900874, 0, 0, 23, 0, 0, 8119.53, 1, 0, 0, 2.15, 42, 26, 7469.14, 20786, 19121
1694900880, 0, 0, 24, 0, 0, 8126.17, 1, 0, 0, 3.17, 51, 35, 7475.78, 20803, 19138
1694900887, 0, 0, 24, 0, 0, 8126.17, 1, 0, 0, 0.15, 52, 35, 7475.78, 20803, 19138
1694900891, 0, 0, 25, 0, 0, 8137.11, 1, 0, 0, 1.75, 57, 38, 7486.72, 20831, 19166
1694900895, 0, 0, 25, 0, 0, 8137.11, 1, 0, 0, 2.05, 62, 42, 7486.72, 20831, 19166
1694900899, 0, 0, 25, 0, 0, 8137.11, 1, 0, 0, 1.04, 64, 44, 7486.72, 20831, 19166
1694900904, 0, 0, 25, 0, 0, 8137.11, 1, 0, 0, 1.67, 69, 47, 7486.72, 20831, 19166
1694900909, 0, 0, 25, 0, 0, 8137.11, 1, 0, 0, 2.40, 77, 51, 7486.72, 20831, 19166
1694900917, 0, 0, 25, 0, 0, 8137.11, 1, 0, 0, 0.84, 82, 53, 7486.72, 20831, 19166
1694900921, 0, 0, 25, 0, 0, 8137.11, 2, 0, 0, 3.78, 86, 63, 7486.72, 20831, 19166
1694900927, 0, 0, 25, 0, 0, 8137.11, 2, 0, 0, 0.53, 88, 64, 7486.72, 20831, 19166
1694900932, 0, 0, 25, 0, 0, 8137.11, 2, 0, 0, 1.18, 93, 65, 7486.72, 20831, 19166
1694900940, 0, 0, 25, 0, 0, 8137.11, 2, 0, 0, 0.12, 94, 65, 7486.72, 20831, 19166
1694900944, 0, 0, 25, 0, 0, 8137.11, 2, 0, 0, 2.31, 102, 66, 7486.72, 20831, 19166
1694900950, 0, 0, 25, 0, 0, 8137.11, 2, 0, 0, 0.76, 106, 67, 7486.72, 20831, 19166
1694900954, 0, 0, 25, 0, 0, 8137.11, 2, 0, 0, 1.26, 111, 67, 7486.72, 20831, 19166
1694900959, 0, 0, 25, 0, 0, 8137.11, 2, 0, 0, 2.41, 116, 72, 7486.72, 20831, 19166
1694900962, 0, 0, 25, 0, 0, 8137.11, 2, 0, 0, 1.63, 121, 73, 7486.72, 20831, 19166
1694900967, 0, 0, 25, 0, 0, 8137.11, 2, 0, 0, 0.19, 122, 73, 7486.72, 20831, 19166
1694900976, 0, 0, 25, 0, 0, 8137.11, 2, 0, 0, 3.60, 140, 87, 7486.72, 20831, 19166
1694900980, 0, 0, 25, 0, 0, 8137.11, 2, 0, 0, 8.99, 160, 102, 7486.72, 20831, 19166
1694900984, 0, 0, 25, 0, 0, 8137.11, 2, 0, 0, 0.49, 162, 102, 7486.72, 20831, 19166
1694900988, 0, 0, 25, 0, 0, 8137.11, 2, 0, 0, 0.97, 165, 103, 7486.72, 20831, 19166
1694900996, 0, 0, 25, 0, 0, 8137.11, 2, 0, 0, 0.83, 171, 103, 7486.72, 20831, 19166
1694900999, 0, 0, 25, 0, 0, 8137.11, 2, 0, 0, 0.28, 172, 103, 7486.72, 20831, 19166
1694901000, 0, 0, 25, 0, 0, 8137.11, 2, 0, 0, 43.48, 185, 109, 7486.72, 20831, 19166
1694901005, 0, 0, 25, 0, 0, 8137.11, 2, 0, 0, 0.41, 187, 109, 7486.72, 20831, 19166
1694901008, 0, 0, 25, 0, 0, 8137.11, 2, 0, 0, 0.88, 189, 110, 7486.72, 20831, 19166
1694901011, 0, 0, 25, 0, 0, 8137.11, 2, 0, 0, 2.56, 196, 112, 7486.72, 20831, 19166
1694901015, 0, 0, 25, 0, 0, 8137.11, 2, 0, 0, 0.27, 197, 112, 7486.72, 20831, 19166
1694901019, 0, 0, 25, 0, 0, 8137.11, 2, 0, 0, 2.54, 201, 118, 7486.72, 20831, 19166
1694901024, 0, 0, 25, 0, 0, 8137.11, 2, 0, 0, 0.21, 202, 118, 7486.72, 20831, 19166
1694901028, 0, 0, 25, 0, 0, 8137.11, 2, 0, 0, 0.29, 203, 118, 7486.72, 20831, 19166
1694901032, 0, 0, 25, 0, 0, 8137.11, 2, 0, 0, 0.65, 204, 120, 7486.72, 20831, 19166
1694901036, 0, 0, 25, 0, 0, 8137.11, 2, 0, 0, 0.27, 205, 120, 7486.72, 20831, 19166
1694901040, 0, 0, 25, 0, 0, 8137.11, 2, 0, 0, 2.18, 210, 124, 7486.72, 20831, 19166
1694901049, 0, 0, 25, 0, 0, 8137.11, 2, 0, 0, 2.16, 218, 135, 7486.72, 20831, 19166
1694901053, 0, 0, 25, 0, 0, 8137.11, 2, 0, 0, 4.49, 231, 139, 7486.72, 20831, 19166
1694901056, 0, 0, 25, 0, 0, 8137.11, 2, 0, 0, 1.64, 235, 141, 7486.72, 20831, 19166
1694901060, 0, 0, 25, 0, 0, 8137.11, 2, 0, 0, 2.74, 240, 145, 7486.72, 20831, 19166
1694901060, 0, 0, 25, 0, 0, 8137.11, 2, 0, 0, 96.03, 255, 159, 7486.72, 20831, 19166
1694901065, 0, 0, 25, 0, 0, 8137.11, 2, 0, 0, 1.57, 259, 163, 7486.72, 20831, 19166
1694901068, 0, 0, 25, 0, 0, 8137.11, 2, 0, 0, 1.92, 261, 167, 7486.72, 20831, 19166
1694901074, 0, 0, 26, 0, 0, 8137.89, 2, 0, 0, 1.44, 268, 168, 7486.72, 20833, 19166
1694901079, 0, 0, 26, 0, 0, 8137.89, 2, 0, 0, 0.19, 269, 168, 7486.72, 20833, 19166
1694901100, 0, 0, 26, 0, 0, 8137.89, 2, 0, 0, 0.24, 272, 170, 7486.72, 20833, 19166
1694901104, 0, 0, 26, 0, 0, 8137.89, 2, 0, 0, 0.27, 273, 170, 7486.72, 20833, 19166
1694901109, 0, 0, 26, 0, 0, 8137.89, 2, 0, 0, 1.05, 276, 172, 7486.72, 20833, 19166
1694901113, 0, 0, 26, 0, 0, 8137.89, 2, 0, 0, 2.30, 283, 175, 7486.72, 20833, 19166
1694901117, 0, 0, 26, 0, 0, 8137.89, 2, 0, 0, 2.37, 289, 179, 7486.72, 20833, 19166
1694901121, 0, 0, 26, 0, 0, 8137.89, 2, 0, 0, 0.51, 290, 180, 7486.72, 20833, 19166
1694901130, 0, 0, 27, 0, 0, 8154.30, 2, 0, 0, 0.76, 294, 183, 7503.13, 20875, 19208
1694901150, 0, 0, 27, 0, 0, 8154.30, 2, 0, 0, 0.71, 305, 186, 7503.13, 20875, 19208
1694901155, 0, 0, 27, 0, 0, 8154.30, 2, 0, 0, 0.59, 308, 186, 7503.13, 20875, 19208
1694901159, 0, 0, 27, 0, 0, 8154.30, 2, 0, 0, 5.36, 322, 191, 7503.13, 20875, 19208
1694901165, 0, 0, 27, 0, 0, 8154.30, 2, 0, 0, 0.47, 324, 192, 7503.13, 20875, 19208
1694901168, 0, 0, 27, 0, 0, 8154.30, 3, 0, 0, 1.25, 326, 194, 7503.13, 20875, 19208
1694901173, 0, 0, 28, 0, 0, 8155.08, 3, 0, 0, 0.85, 329, 195, 7503.91, 20877, 19210
1694901179, 0, 0, 28, 0, 0, 8155.08, 3, 0, 0, 1.41, 334, 199, 7503.91, 20877, 19210
1694901187, 0, 0, 28, 0, 0, 8155.08, 3, 0, 0, 0.13, 335, 199, 7503.91, 20877, 19210
1694901192, 0, 0, 28, 0, 0, 8155.08, 3, 0, 0, 0.58, 338, 199, 7503.91, 20877, 19210
1694901196, 0, 0, 28, 0, 0, 8155.08, 3, 0, 0, 2.32, 343, 204, 7503.91, 20877, 19210
1694901201, 0, 0, 28, 0, 0, 8155.08, 3, 0, 0, 1.26, 348, 205, 7503.91, 20877, 19210
1694901205, 0, 0, 28, 0, 0, 8155.08, 3, 0, 0, 0.47, 349, 206, 7503.91, 20877, 19210
1694901210, 0, 0, 28, 0, 0, 8155.08, 3, 0, 0, 0.23, 350, 206, 7503.91, 20877, 19210
1694901212, 0, 0, 28, 0, 0, 8155.08, 3, 0, 0, 0.40, 350, 207, 7503.91, 20877, 19210
1694901215, 0, 0, 28, 0, 0, 8155.08, 3, 0, 0, 1.79, 352, 210, 7503.91, 20877, 19210
1694901219, 0, 0, 28, 0, 0, 8155.08, 3, 0, 0, 0.81, 355, 210, 7503.91, 20877, 19210
1694901224, 0, 0, 29, 0, 0, 8160.55, 3, 0, 0, 0.86, 358, 211, 7509.38, 20891, 19224
1694901227, 0, 0, 29, 0, 0, 8160.55, 3, 0, 0, 1.71, 363, 212, 7509.38, 20891, 19224
1694901232, 0, 0, 29, 0, 0, 8160.55, 3, 0, 0, 0.39, 365, 212, 7509.38, 20891, 19224
1694901237, 0, 0, 29, 0, 0, 8160.55, 3, 0, 0, 1.38, 370, 213, 7509.38, 20891, 19224
1694901241, 0, 0, 29, 0, 0, 8160.55, 3, 0, 0, 0.87, 373, 214, 7509.38, 20891, 19224
1694901245, 0, 0, 29, 0, 0, 8160.55, 3, 0, 0, 0.88, 374, 216, 7509.38, 20891, 19224
1694901251, 0, 0, 29, 0, 0, 8160.55, 3, 0, 0, 0.15, 375, 216, 7509.38, 20891, 19224
1694901256, 0, 0, 29, 0, 0, 8160.55, 3, 0, 0, 0.21, 376, 216, 7509.38, 20891, 19224
1694901260, 0, 0, 29, 0, 0, 8160.55, 3, 0, 0, 0.27, 377, 216, 7509.38, 20891, 19224
1694901264, 0, 0, 29, 0, 0, 8160.55, 3, 0, 0, 1.76, 384, 217, 7509.38, 20891, 19224
1694901268, 0, 0, 29, 0, 0, 8160.55, 3, 0, 0, 0.70, 386, 218, 7509.38, 20891, 19224
1694901273, 0, 0, 29, 0, 0, 8160.55, 3, 0, 0, 2.59, 393, 222, 7509.38, 20891, 19224
1694901276, 0, 0, 29, 0, 0, 8160.55, 3, 0, 0, 1.06, 397, 222, 7509.38, 20891, 19224
1694901280, 0, 0, 29, 0, 0, 8160.55, 3, 0, 0, 1.90, 399, 226, 7509.38, 20891, 19224
1694901283, 0, 0, 29, 0, 0, 8160.55, 3, 0, 0, 2.43, 403, 231, 7509.38, 20891, 19224
1694901286, 0, 0, 29, 0, 0, 8160.55, 3, 0, 0, 0.32, 404, 231, 7509.38, 20891, 19224
1694901290, 0, 0, 29, 0, 0, 8160.55, 3, 0, 0, 3.25, 409, 238, 7509.38, 20891, 19224
1694901294, 0, 0, 29, 0, 0, 8160.55, 3, 0, 0, 1.35, 413, 239, 7509.38, 20891, 19224
1694901298, 0, 0, 29, 0, 0, 8160.55, 3, 0, 0, 0.44, 415, 239, 7509.38, 20891, 19224
1694901311, 0, 0, 29, 0, 0, 8160.55, 3, 0, 0, 0.39, 419, 240, 7509.38, 20891, 19224
1694901315, 0, 0, 29, 0, 0, 8160.55, 3, 0, 0, 1.52, 423, 242, 7509.38, 20891, 19224
1694901320, 0, 0, 29, 0, 0, 8160.55, 3, 0, 0, 2.25, 429, 246, 7509.38, 20891, 19224
1694901340, 0, 0, 29, 0, 0, 8160.55, 3, 0, 0, 0.58, 435, 252, 7509.38, 20891, 19224
1694901345, 0, 0, 29, 0, 0, 8160.55, 3, 0, 0, 0.42, 436, 253, 7509.38, 20891, 19224
1694901345, 0, 0, 29, 0, 0, 8160.55, 3, 0, 0, 80.00, 452, 263, 7509.38, 20891, 19224
1694901351, 0, 0, 29, 0, 0, 8160.55, 3, 0, 0, 0.69, 456, 263, 7509.38, 20891, 19224
1694901356, 0, 0, 29, 0, 0, 8160.55, 3, 0, 0, 0.19, 457, 263, 7509.38, 20891, 19224
1694901362, 0, 0, 29, 0, 0, 8160.55, 3, 0, 0, 1.26, 462, 265, 7509.38, 20891, 19224
1694901366, 0, 0, 29, 0, 0, 8160.55, 3, 0, 0, 0.95, 465, 266, 7509.38, 20891, 19224
1694901371, 0, 0, 29, 0, 0, 8160.55, 3, 0, 0, 4.27, 477, 275, 7509.38, 20891, 19224
1694901375, 0, 0, 29, 0, 0, 8160.55, 3, 0, 0, 1.39, 479, 279, 7509.38, 20891, 19224
1694901379, 0, 0, 29, 0, 0, 8160.55, 3, 0, 0, 0.91, 481, 280, 7509.38, 20891, 19224
1694901383, 0, 0, 29, 0, 0, 8160.55, 3, 0, 0, 0.61, 483, 281, 7509.38, 20891, 19224
1694901387, 0, 0, 29, 0, 0, 8160.55, 3, 0, 0, 0.27, 484, 281, 7509.38, 20891, 19224
1694901391, 0, 0, 29, 0, 0, 8160.55, 3, 0, 0, 1.35, 488, 282, 7509.38, 20891, 19224
1694901394, 0, 0, 29, 0, 0, 8160.55, 3, 0, 0, 3.07, 490, 289, 7509.38, 20891, 19224
1694901398, 0, 0, 29, 0, 0, 8160.55, 3, 0, 0, 5.04, 501, 299, 7509.38, 20891, 19224
1694901402, 0, 0, 29, 0, 0, 8160.55, 3, 0, 0, 1.45, 505, 301, 7509.38, 20891, 19224
1694901406, 0, 0, 29, 0, 0, 8160.55, 3, 0, 0, 0.83, 507, 302, 7509.38, 20891, 19224
1694901410, 0, 0, 29, 0, 0, 8160.55, 3, 0, 0, 1.86, 513, 303, 7509.38, 20891, 19224
1694901414, 0, 0, 29, 0, 0, 8160.55, 3, 0, 0, 1.39, 519, 303, 7509.38, 20891, 19224
1694901419, 0, 0, 29, 0, 0, 8160.55, 3, 0, 0, 2.66, 528, 307, 7509.38, 20891, 19224
1694901423, 0, 0, 29, 0, 0, 8160.55, 3, 0, 0, 0.21, 529, 307, 7509.38, 20891, 19224
1694901430, 0, 0, 29, 0, 0, 8160.55, 3, 0, 0, 1.05, 531, 312, 7509.38, 20891, 19224
1694901435, 0, 0, 29, 0, 0, 8160.55, 3, 0, 0, 0.22, 532, 312, 7509.38, 20891, 19224
1694901445, 0, 0, 29, 0, 0, 8160.55, 3, 0, 0, 0.99, 535, 319, 7509.38, 20891, 19224
1694901449, 0, 0, 29, 0, 0, 8160.55, 3, 0, 0, 0.25, 536, 319, 7509.38, 20891, 19224
1694901454, 0, 0, 29, 0, 0, 8160.55, 3, 0, 0, 3.97, 547, 327, 7509.38, 20891, 19224
1694901461, 0, 0, 29, 0, 0, 8160.55, 3, 0, 0, 0.90, 550, 331, 7509.38, 20891, 19224
1694901465, 0, 0, 29, 0, 0, 8160.55, 3, 0, 0, 0.83, 552, 332, 7509.38, 20891, 19224
1694901469, 0, 0, 29, 0, 0, 8160.55, 3, 0, 0, 0.72, 555, 332, 7509.38, 20891, 19224
1694901473, 0, 0, 29, 0, 0, 8160.55, 3, 0, 0, 4.56, 563, 342, 7509.38, 20891, 19224
1694901478, 0, 0, 29, 0, 0, 8160.55, 3, 0, 0, 0.43, 565, 342, 7509.38, 20891, 19224
1694901482, 0, 0, 29, 0, 0, 8160.55, 3, 0, 0, 0.77, 567, 343, 7509.38, 20891, 19224
1694901482, 0, 0, 29, 0, 0, 8160.55, 3, 0, 0, 63.69, 576, 354, 7509.38, 20891, 19224
1694901486, 0, 0, 29, 0, 0, 8160.55, 3, 0, 0, 0.50, 578, 354, 7509.38, 20891, 19224
1694901490, 0, 0, 29, 0, 0, 8160.55, 3, 0, 0, 0.72, 579, 356, 7509.38, 20891, 19224
1694901495, 0, 0, 29, 0, 0, 8160.55, 3, 0, 0, 1.39, 585, 357, 7509.38, 20891, 19224
1694901503, 0, 0, 29, 0, 0, 8160.55, 3, 0, 0, 0.13, 586, 357, 7509.38, 20891, 19224
1694901508, 0, 0, 29, 0, 0, 8160.55, 3, 0, 0, 0.57, 588, 358, 7509.38, 20891, 19224
1694901513, 0, 0, 29, 0, 0, 8160.55, 3, 0, 0, 0.66, 590, 359, 7509.38, 20891, 19224
1694901517, 0, 0, 29, 0, 0, 8160.55, 3, 0, 0, 1.13, 594, 360, 7509.38, 20891, 19224
1694901545, 0, 0, 29, 0, 0, 8160.55, 3, 0, 0, 0.11, 595, 362, 7509.38, 20891, 19224
1694901550, 0, 0, 29, 0, 0, 8160.55, 3, 0, 0, 0.36, 597, 362, 7509.38, 20891, 19224
1694901554, 0, 0, 29, 0, 0, 8160.55, 3, 0, 0, 0.28, 597, 363, 7509.38, 20891, 19224
1694901558, 0, 0, 29, 0, 0, 8160.55, 3, 0, 0, 2.62, 603, 368, 7509.38, 20891, 19224
1694901564, 0, 0, 29, 0, 0, 8160.55, 3, 0, 0, 0.31, 605, 368, 7509.38, 20891, 19224
1694901573, 0, 0, 29, 0, 0, 8160.55, 3, 0, 0, 0.12, 606, 368, 7509.38, 20891, 19224
1694901577, 0, 0, 29, 0, 0, 8160.55, 3, 0, 0, 0.74, 608, 369, 7509.38, 20891, 19224
1694901582, 0, 0, 29, 0, 0, 8160.55, 3, 0, 0, 0.72, 611, 370, 7509.38, 20891, 19224
1694901588, 0, 0, 29, 0, 0, 8160.55, 3, 0, 0, 1.98, 617, 375, 7509.38, 20891, 19224
1694901593, 0, 0, 29, 0, 0, 8160.55, 3, 0, 0, 2.55, 626, 379, 7509.38, 20891, 19224
1694901598, 0, 0, 29, 0, 0, 8160.55, 3, 0, 0, 1.19, 629, 382, 7509.38, 20891, 19224
1694901603, 0, 0, 29, 0, 0, 8160.55, 3, 0, 0, 2.60, 637, 387, 7509.38, 20891, 19224
1694901603, 0, 0, 29, 0, 0, 8160.55, 3, 0, 0, 30.00, 641, 392, 7509.38, 20891, 19224
1694901604, 0, 0, 29, 0, 0, 8160.55, 3, 0, 0, 26.14, 646, 395, 7509.38, 20891, 19224
1694901618, 0, 0, 29, 0, 0, 8160.55, 3, 0, 0, 0.27, 650, 395, 7509.38, 20891, 19224
1694901623, 0, 0, 29, 0, 0, 8160.55, 3, 0, 0, 0.71, 652, 396, 7509.38, 20891, 19224
1694901634, 0, 0, 29, 0, 0, 8160.55, 3, 0, 0, 0.18, 653, 397, 7509.38, 20891, 19224
1694901645, 0, 0, 29, 0, 0, 8160.55, 3, 0, 0, 0.45, 656, 399, 7509.38, 20891, 19224
1694901649, 0, 0, 29, 0, 0, 8160.55, 3, 0, 0, 0.72, 658, 400, 7509.38, 20891, 19224
1694901661, 0, 0, 29, 0, 0, 8160.55, 3, 0, 0, 0.68, 662, 404, 7509.38, 20891, 19224
1694901666, 0, 0, 29, 0, 0, 8160.55, 3, 0, 0, 0.19, 663, 404, 7509.38, 20891, 19224
1694901670, 0, 0, 29, 0, 0, 8160.55, 3, 0, 0, 2.78, 670, 408, 7509.38, 20891, 19224
1694901671, 0, 0, 29, 0, 0, 8160.55, 3, 0, 0, 43.08, 678, 414, 7509.38, 20891, 19224
1694901671, 0, 0, 29, 0, 0, 8160.55, 3, 0, 0, 19.67, 681, 417, 7509.38, 20891, 19224
1694901676, 0, 0, 29, 0, 0, 8160.55, 3, 0, 0, 0.42, 682, 418, 7509.38, 20891, 19224
1694901680, 0, 0, 29, 0, 0, 8160.55, 3, 0, 0, 0.22, 683, 418, 7509.38, 20891, 19224
1694901685, 0, 0, 29, 0, 0, 8160.55, 3, 0, 0, 0.63, 686, 418, 7509.38, 20891, 19224
1694901689, 0, 0, 29, 0, 0, 8160.55, 3, 0, 0, 0.77, 688, 419, 7509.38, 20891, 19224
1694901697, 0, 0, 29, 0, 0, 8160.55, 3, 0, 0, 1.34, 695, 423, 7509.38, 20891, 19224
1694901702, 0, 0, 29, 0, 0, 8160.55, 3, 0, 0, 2.35, 701, 427, 7509.38, 20891, 19224
1694901702, 0, 0, 29, 0, 0, 8160.55, 3, 0, 0, 23.03, 707, 428, 7509.38, 20891, 19224
1694901702, 0, 0, 29, 0, 0, 8160.55, 3, 0, 0, 22.10, 713, 430, 7509.38, 20891, 19224
1694901707, 0, 0, 29, 0, 0, 8160.55, 3, 0, 0, 2.01, 717, 435, 7509.38, 20891, 19224
1694901712, 0, 0, 29, 0, 0, 8160.55, 3, 0, 0, 0.36, 719, 435, 7509.38, 20891, 19224
1694901713, 0, 0, 29, 0, 0, 8160.55, 3, 0, 0, 55.02, 728, 443, 7509.38, 20891, 19224
1694901717, 0, 0, 29, 0, 0, 8160.55, 3, 0, 0, 2.60, 736, 446, 7509.38, 20891, 19224
1694901722, 0, 0, 29, 0, 0, 8160.55, 3, 0, 0, 0.40, 738, 446, 7509.38, 20891, 19224
1694901727, 0, 0, 29, 0, 0, 8160.55, 3, 0, 0, 0.18, 739, 446, 7509.38, 20891, 19224
1694901728, 0, 0, 29, 0, 0, 8160.55, 3, 0, 0, 40.63, 749, 449, 7509.38, 20891, 19224
1694901728, 0, 0, 29, 0, 0, 8160.55, 3, 0, 0, 65.36, 759, 459, 7509.38, 20891, 19224
1694901737, 0, 0, 29, 0, 0, 8160.55, 3, 0, 0, 0.68, 762, 462, 7509.38, 20891, 19224
1694901746, 0, 0, 29, 0, 0, 8160.55, 3, 0, 0, 0.90, 766, 466, 7509.38, 20891, 19224
1694901750, 0, 0, 29, 0, 0, 8160.55, 3, 0, 0, 0.24, 767, 466, 7509.38, 20891, 19224
1694901755, 0, 0, 29, 0, 0, 8160.55, 3, 0, 0, 1.89, 774, 468, 7509.38, 20891, 19224
1694901763, 0, 0, 29, 0, 0, 8160.55, 3, 0, 0, 1.08, 779, 472, 7509.38, 20891, 19224
1694901768, 0, 0, 29, 0, 0, 8160.55, 3, 0, 0, 0.97, 783, 473, 7509.38, 20891, 19224
1694901773, 0, 0, 29, 0, 0, 8160.55, 3, 0, 0, 1.14, 787, 475, 7509.38, 20891, 19224
1694901778, 0, 0, 29, 0, 0, 8160.55, 3, 0, 0, 1.01, 791, 476, 7509.38, 20891, 19224
1694901784, 0, 0, 29, 0, 0, 8160.55, 3, 0, 0, 0.84, 794, 478, 7509.38, 20891, 19224
1694901789, 0, 0, 29, 0, 0, 8160.55, 3, 0, 0, 1.28, 798, 480, 7509.38, 20891, 19224
1694901794, 0, 0, 29, 0, 0, 8160.55, 3, 0, 0, 0.95, 801, 482, 7509.38, 20891, 19224
1694901798, 0, 0, 29, 0, 0, 8160.55, 3, 0, 0, 0.72, 803, 483, 7509.38, 20891, 19224
1694901803, 0, 0, 29, 0, 0, 8160.55, 3, 0, 0, 0.21, 804, 483, 7509.38, 20891, 19224
1694901808, 0, 0, 29, 0, 0, 8160.55, 3, 0, 0, 0.40, 805, 484, 7509.38, 20891, 19224
1694901813, 0, 0, 29, 0, 0, 8160.55, 3, 0, 0, 2.12, 814, 485, 7509.38, 20891, 19224
1694901819, 0, 0, 29, 0, 0, 8160.55, 3, 0, 0, 0.15, 815, 485, 7509.38, 20891, 19224
1694901857, 0, 0, 29, 0, 0, 8160.55, 3, 0, 0, 0.05, 817, 485, 7509.38, 20891, 19224
1694901857, 0, 0, 29, 0, 0, 8160.55, 3, 0, 0, 37.50, 826, 488, 7509.38, 20891, 19224
1694901862, 0, 0, 29, 0, 0, 8160.55, 3, 0, 0, 0.67, 828, 489, 7509.38, 20891, 19224
1694901862, 0, 0, 29, 0, 0, 8160.55, 3, 0, 0, 12.31, 830, 491, 7509.38, 20891, 19224
1694901867, 0, 0, 29, 0, 0, 8160.55, 3, 0, 0, 1.57, 832, 496, 7509.38, 20891, 19224
1694901878, 0, 0, 29, 0, 0, 8160.55, 3, 0, 0, 0.17, 834, 496, 7509.38, 20891, 19224
1694901884, 0, 0, 29, 0, 0, 8160.55, 3, 0, 0, 0.57, 837, 496, 7509.38, 20891, 19224
1694901887, 0, 0, 29, 0, 0, 8160.55, 3, 0, 0, 1.39, 840, 497, 7509.38, 20891, 19224
1694901908, 0, 0, 29, 0, 0, 8160.55, 3, 0, 0, 0.56, 848, 501, 7509.38, 20891, 19224
1694901914, 0, 0, 29, 0, 0, 8160.55, 3, 0, 0, 0.17, 849, 501, 7509.38, 20891, 19224
1694901914, 0, 0, 29, 0, 0, 8160.55, 3, 0, 0, 31.35, 854, 506, 7509.38, 20891, 19224
1694901922, 0, 0, 29, 0, 0, 8160.55, 3, 0, 0, 0.97, 859, 508, 7509.38, 20891, 19224
1694901927, 0, 0, 29, 0, 0, 8160.55, 3, 0, 0, 0.75, 862, 509, 7509.38, 20891, 19224
1694901939, 0, 0, 29, 0, 0, 8160.55, 3, 0, 0, 0.17, 863, 510, 7509.38, 20891, 19224
1694901943, 0, 0, 29, 0, 0, 8160.55, 3, 0, 0, 2.33, 868, 516, 7509.38, 20891, 19224
1694901944, 0, 0, 29, 0, 0, 8160.55, 3, 0, 0, 39.47, 874, 522, 7509.38, 20891, 19224
1694901950, 0, 0, 29, 0, 0, 8160.55, 3, 0, 0, 0.33, 876, 522, 7509.38, 20891, 19224
1694901961, 0, 0, 29, 0, 0, 8160.55, 3, 0, 0, 0.36, 878, 524, 7509.38, 20891, 19224
1694901967, 0, 0, 29, 0, 0, 8160.55, 3, 0, 0, 0.67, 882, 524, 7509.38, 20891, 19224
1694901971, 0, 0, 29, 0, 0, 8160.55, 3, 0, 0, 2.00, 887, 527, 7509.38, 20891, 19224
1694901977, 0, 0, 29, 0, 0, 8160.55, 3, 0, 0, 1.29, 892, 530, 7509.38, 20891, 19224
1694901983, 0, 0, 29, 0, 0, 8160.55, 3, 0, 0, 0.55, 895, 530, 7509.38, 20891, 19224
1694901983, 0, 0, 29, 0, 0, 8160.55, 3, 0, 0, 33.42, 902, 536, 7509.38, 20891, 19224
1694901988, 0, 0, 29, 0, 0, 8160.55, 3, 0, 0, 0.81, 905, 537, 7509.38, 20891, 19224
1694901988, 0, 0, 29, 0, 0, 8160.55, 3, 0, 0, 13.51, 909, 538, 7509.38, 20891, 19224
1694901989, 0, 0, 29, 0, 0, 8160.55, 3, 0, 0, 49.83, 919, 543, 7509.38, 20891, 19224
1694901993, 0, 0, 29, 0, 0, 8160.55, 3, 0, 0, 0.22, 920, 543, 7509.38, 20891, 19224
1694902006, 0, 0, 29, 0, 0, 8160.55, 3, 0, 0, 0.56, 924, 546, 7509.38, 20891, 19224
1694902006, 0, 0, 29, 0, 0, 8160.55, 3, 0, 0, 46.36, 935, 549, 7509.38, 20891, 19224
1694902011, 0, 0, 29, 0, 0, 8160.55, 3, 0, 0, 1.25, 940, 550, 7509.38, 20891, 19224
1694902022, 0, 0, 29, 0, 0, 8160.55, 3, 0, 0, 0.52, 944, 552, 7509.38, 20891, 19224
1694902023, 0, 0, 29, 0, 0, 8160.55, 3, 0, 0, 43.19, 951, 558, 7509.38, 20891, 19224
1694902028, 0, 0, 29, 0, 0, 8160.55, 3, 0, 0, 0.93, 954, 560, 7509.38, 20891, 19224
1694902033, 0, 0, 29, 0, 0, 8160.55, 3, 0, 0, 2.24, 956, 569, 7509.38, 20891, 19224
1694902040, 0, 0, 29, 0, 0, 8160.55, 3, 0, 0, 0.26, 957, 570, 7509.38, 20891, 19224
1694902047, 0, 0, 29, 0, 0, 8160.55, 3, 0, 0, 1.61, 962, 576, 7509.38, 20891, 19224
1694902054, 0, 0, 29, 0, 0, 8160.55, 3, 0, 0, 0.57, 963, 579, 7509.38, 20891, 19224
1694902061, 0, 0, 29, 0, 0, 8160.55, 3, 0, 0, 0.58, 964, 582, 7509.38, 20891, 19224
1694902068, 0, 0, 29, 0, 0, 8160.55, 3, 0, 0, 0.42, 966, 583, 7509.38, 20891, 19224
1694902073, 0, 0, 29, 0, 0, 8160.55, 3, 0, 0, 0.20, 967, 583, 7509.38, 20891, 19224
1694902084, 0, 0, 29, 0, 0, 8160.55, 3, 0, 0, 0.88, 972, 587, 7509.38, 20891, 19224
1694902088, 0, 0, 29, 0, 0, 8160.55, 3, 0, 0, 0.42, 973, 588, 7509.38, 20891, 19224
1694902096, 0, 0, 29, 0, 0, 8160.55, 3, 0, 0, 0.41, 976, 588, 7509.38, 20891, 19224
1694902100, 0, 0, 29, 0, 0, 8160.55, 3, 0, 0, 2.04, 982, 591, 7509.38, 20891, 19224
1694902100, 0, 0, 29, 0, 0, 8160.55, 3, 0, 0, 29.90, 986, 596, 7509.38, 20891, 19224
1694902104, 0, 0, 29, 0, 0, 8160.55, 3, 0, 0, 1.50, 990, 598, 7509.38, 20891, 19224
1694902105, 0, 0, 29, 0, 0, 8160.55, 3, 0, 0, 40.50, 998, 603, 7509.38, 20891, 19224
1694902110, 0, 0, 29, 0, 0, 8160.55, 3, 0, 0, 0.58, 1001, 603, 7509.38, 20891, 19224
1694902110, 0, 0, 29, 0, 0, 8160.55, 3, 0, 0, 27.10, 1007, 607, 7509.38, 20891, 19224
1694902115, 0, 0, 29, 0, 0, 8160.55, 3, 0, 0, 0.66, 1008, 609, 7509.38, 20891, 19224
1694902126, 0, 0, 29, 0, 0, 8160.55, 3, 0, 0, 0.28, 1009, 611, 7509.38, 20891, 19224
1694902130, 0, 0, 29, 0, 0, 8160.55, 3, 0, 0, 1.03, 1012, 613, 7509.38, 20891, 19224
1694902135, 0, 0, 29, 0, 0, 8160.55, 3, 0, 0, 0.22, 1013, 613, 7509.38, 20891, 19224
1694902147, 0, 0, 29, 0, 0, 8160.55, 3, 0, 0, 0.65, 1018, 616, 7509.38, 20891, 19224
1694902151, 0, 0, 29, 0, 0, 8160.55, 3, 0, 0, 1.27, 1019, 620, 7509.38, 20891, 19224
1694902157, 0, 0, 29, 0, 0, 8160.55, 3, 0, 0, 0.32, 1020, 621, 7509.38, 20891, 19224
1694902158, 0, 0, 29, 0, 0, 8160.55, 3, 0, 0, 24.24, 1026, 623, 7509.38, 20891, 19224
1694902158, 0, 0, 29, 0, 0, 8160.55, 3, 0, 0, 30.77, 1034, 625, 7509.38, 20891, 19224
1694902164, 0, 0, 29, 0, 0, 8160.55, 3, 0, 0, 0.98, 1038, 627, 7509.38, 20891, 19224
1694902164, 0, 0, 29, 0, 0, 8160.55, 3, 0, 0, 32.68, 1043, 632, 7509.38, 20891, 19224
1694902165, 0, 0, 29, 0, 0, 8160.55, 3, 0, 0, 39.33, 1050, 639, 7509.38, 20891, 19224
1694902171, 0, 0, 29, 0, 0, 8160.55, 3, 0, 0, 1.03, 1056, 639, 7509.38, 20891, 19224
1694902177, 0, 0, 29, 0, 0, 8160.55, 3, 0, 0, 1.14, 1061, 641, 7509.38, 20891, 19224
1694902177, 0, 0, 29, 0, 0, 8160.55, 3, 0, 0, 32.02, 1067, 648, 7509.38, 20891, 19224
1694902184, 0, 0, 29, 0, 0, 8160.55, 3, 0, 0, 0.30, 1068, 649, 7509.38, 20891, 19224
1694902184, 0, 0, 29, 0, 0, 8160.55, 3, 0, 0, 31.95, 1072, 655, 7509.38, 20891, 19224
1694902184, 0, 0, 29, 0, 0, 8160.55, 3, 0, 0, 22.88, 1075, 659, 7509.38, 20891, 19224
1694902189, 0, 0, 29, 0, 0, 8160.55, 3, 0, 0, 0.21, 1076, 659, 7509.38, 20891, 19224
1694902194, 0, 0, 29, 0, 0, 8160.55, 3, 0, 0, 0.20, 1077, 659, 7509.38, 20891, 19224
1694902194, 0, 0, 29, 0, 0, 8160.55, 3, 0, 0, 38.96, 1083, 665, 7509.38, 20891, 19224
1694902200, 0, 0, 29, 0, 0, 8160.55, 3, 0, 0, 0.54, 1085, 666, 7509.38, 20891, 19224
1694902200, 0, 0, 29, 0, 0, 8160.55, 3, 0, 0, 23.53, 1089, 670, 7509.38, 20891, 19224
1694902206, 0, 0, 29, 0, 0, 8160.55, 3, 0, 0, 0.94, 1092, 672, 7509.38, 20891, 19224
1694902206, 0, 0, 29, 0, 0, 8160.55, 3, 0, 0, 18.72, 1096, 675, 7509.38, 20891, 19224
1694902211, 0, 0, 29, 0, 0, 8160.55, 3, 0, 0, 0.22, 1097, 675, 7509.38, 20891, 19224
1694902215, 0, 0, 29, 0, 0, 8160.55, 3, 0, 0, 0.82, 1098, 678, 7509.38, 20891, 19224
1694902216, 0, 0, 29, 0, 0, 8160.55, 3, 0, 0, 17.59, 1101, 682, 7509.38, 20891, 19224
1694902216, 0, 0, 29, 0, 0, 8160.55, 3, 0, 0, 39.74, 1107, 688, 7509.38, 20891, 19224
1694902221, 0, 0, 29, 0, 0, 8160.55, 3, 0, 0, 0.19, 1108, 688, 7509.38, 20891, 19224
1694902227, 0, 0, 29, 0, 0, 8160.55, 3, 0, 0, 0.18, 1109, 688, 7509.38, 20891, 19224
1694902227, 0, 0, 29, 0, 0, 8160.55, 3, 0, 0, 32.52, 1115, 694, 7509.38, 20891, 19224
1694902233, 0, 0, 29, 0, 0, 8160.55, 3, 0, 0, 0.38, 1117, 694, 7509.38, 20891, 19224
1694902237, 0, 0, 29, 0, 0, 8160.55, 3, 0, 0, 0.72, 1118, 696, 7509.38, 20891, 19224
1694902237, 0, 0, 29, 0, 0, 8160.55, 3, 0, 0, 35.26, 1122, 703, 7509.38, 20891, 19224
1694902247, 0, 0, 29, 0, 0, 8160.55, 3, 0, 0, 0.38, 1125, 704, 7509.38, 20891, 19224
1694902252, 0, 0, 29, 0, 0, 8160.55, 3, 0, 0, 0.22, 1126, 704, 7509.38, 20891, 19224
1694902257, 0, 0, 29, 0, 0, 8160.55, 3, 0, 0, 1.05, 1127, 708, 7509.38, 20891, 19224
1694902261, 0, 0, 29, 0, 0, 8160.55, 3, 0, 0, 0.95, 1129, 710, 7509.38, 20891, 19224
1694902266, 0, 0, 29, 0, 0, 8160.55, 3, 0, 0, 0.21, 1130, 710, 7509.38, 20891, 19224
1694902270, 0, 0, 29, 0, 0, 8160.55, 3, 0, 0, 0.22, 1131, 710, 7509.38, 20891, 19224
1694902270, 0, 0, 29, 0, 0, 8160.55, 3, 0, 0, 23.10, 1137, 711, 7509.38, 20891, 19224
1694902276, 0, 0, 29, 0, 0, 8160.55, 3, 0, 0, 0.79, 1138, 714, 7509.38, 20891, 19224
1694902280, 0, 0, 29, 0, 0, 8160.55, 3, 0, 0, 0.71, 1140, 715, 7509.38, 20891, 19224
1694902285, 0, 0, 29, 0, 0, 8160.55, 3, 0, 0, 0.78, 1143, 716, 7509.38, 20891, 19224
1694902290, 0, 0, 29, 0, 0, 8160.55, 3, 0, 0, 0.21, 1144, 716, 7509.38, 20891, 19224
1694902290, 0, 0, 29, 0, 0, 8160.55, 3, 0, 0, 17.19, 1148, 718, 7509.38, 20891, 19224
1694902294, 0, 0, 29, 0, 0, 8160.55, 3, 0, 0, 1.56, 1152, 721, 7509.38, 20891, 19224
1694902295, 0, 0, 29, 0, 0, 8160.55, 3, 0, 0, 22.22, 1156, 724, 7509.38, 20891, 19224
1694902295, 0, 0, 29, 0, 0, 8160.55, 3, 0, 0, 10.31, 1159, 725, 7509.38, 20891, 19224
1694902300, 0, 0, 29, 0, 0, 8160.55, 3, 0, 0, 1.33, 1163, 728, 7509.38, 20891, 19224
1694902301, 0, 0, 29, 0, 0, 8160.55, 3, 0, 0, 17.96, 1167, 730, 7509.38, 20891, 19224
1694902301, 0, 0, 29, 0, 0, 8160.55, 3, 0, 0, 15.97, 1171, 731, 7509.38, 20891, 19224
1694902301, 0, 0, 29, 0, 0, 8160.55, 3, 0, 0, 24.92, 1178, 732, 7509.38, 20891, 19224
1694902308, 0, 0, 29, 0, 0, 8160.55, 3, 0, 0, 0.30, 1179, 733, 7509.38, 20891, 19224
1694902314, 0, 0, 29, 0, 0, 8160.55, 3, 0, 0, 0.35, 1180, 734, 7509.38, 20891, 19224
1694902320, 0, 0, 29, 0, 0, 8160.55, 3, 0, 0, 0.33, 1181, 735, 7509.38, 20891, 19224
1694902325, 0, 0, 29, 0, 0, 8160.55, 3, 0, 0, 0.91, 1185, 736, 7509.38, 20891, 19224
1694902330, 0, 0, 29, 0, 0, 8160.55, 3, 0, 0, 0.39, 1187, 736, 7509.38, 20891, 19224
1694902336, 0, 0, 29, 0, 0, 8160.55, 3, 0, 0, 0.18, 1188, 736, 7509.38, 20891, 19224
1694902336, 0, 0, 29, 0, 0, 8160.55, 3, 0, 0, 42.48, 1197, 740, 7509.38, 20891, 19224
1694902342, 0, 0, 29, 0, 0, 8160.55, 3, 0, 0, 0.18, 1198, 740, 7509.38, 20891, 19224
1694902348, 0, 0, 29, 0, 0, 8160.55, 3, 0, 0, 0.35, 1199, 741, 7509.38, 20891, 19224
1694902352, 0, 0, 29, 0, 0, 8160.55, 3, 0, 0, 1.29, 1200, 745, 7509.38, 20891, 19224
1694902358, 0, 0, 29, 0, 0, 8160.55, 3, 0, 0, 0.17, 1201, 745, 7509.38, 20891, 19224
1694902364, 0, 0, 29, 0, 0, 8160.55, 3, 0, 0, 0.32, 1203, 745, 7509.38, 20891, 19224
1694902364, 0, 0, 29, 0, 0, 8160.55, 3, 0, 0, 23.03, 1206, 749, 7509.38, 20891, 19224
1694902364, 0, 0, 29, 0, 0, 8160.55, 3, 0, 0, 15.06, 1209, 751, 7509.38, 20891, 19224
1694902369, 0, 0, 29, 0, 0, 8160.55, 3, 0, 0, 0.46, 1211, 751, 7509.38, 20891, 19224
1694902374, 0, 0, 29, 0, 0, 8160.55, 3, 0, 0, 0.61, 1213, 752, 7509.38, 20891, 19224
1694902374, 0, 0, 29, 0, 0, 8160.55, 3, 0, 0, 15.06, 1218, 752, 7509.38, 20891, 19224
1694902379, 0, 0, 29, 0, 0, 8160.55, 3, 0, 0, 0.37, 1220, 752, 7509.38, 20891, 19224
1694902384, 0, 0, 29, 0, 0, 8160.55, 3, 0, 0, 0.43, 1221, 753, 7509.38, 20891, 19224
1694902409, 0, 0, 29, 0, 0, 8160.55, 3, 0, 0, 0.04, 1222, 753, 7509.38, 20891, 19224
1694902416, 0, 0, 29, 0, 0, 8160.55, 3, 0, 0, 0.54, 1225, 754, 7509.38, 20891, 19224
1694902416, 0, 0, 29, 0, 0, 8160.55, 3, 0, 0, 40.25, 1233, 759, 7509.38, 20891, 19224
1694902417, 0, 0, 29, 0, 0, 8160.55, 3, 0, 0, 23.18, 1238, 761, 7509.38, 20891, 19224
1694902422, 0, 0, 29, 0, 0, 8160.55, 3, 0, 0, 0.74, 1241, 762, 7509.38, 20891, 19224
1694902428, 0, 0, 29, 0, 0, 8160.55, 3, 0, 0, 0.67, 1244, 763, 7509.38, 20891, 19224
1694902434, 0, 0, 29, 0, 0, 8160.55, 3, 0, 0, 0.68, 1247, 764, 7509.38, 20891, 19224
1694902434, 0, 0, 29, 0, 0, 8160.55, 3, 0, 0, 29.76, 1253, 768, 7509.38, 20891, 19224
1694902440, 0, 0, 29, 0, 0, 8160.55, 3, 0, 0, 0.69, 1256, 769, 7509.38, 20891, 19224
1694902446, 0, 0, 29, 0, 0, 8160.55, 3, 0, 0, 0.90, 1258, 772, 7509.38, 20891, 19224
1694902450, 0, 0, 29, 0, 0, 8160.55, 3, 0, 0, 0.46, 1259, 773, 7509.38, 20891, 19224
1694902456, 0, 0, 29, 0, 0, 8160.55, 3, 0, 0, 0.69, 1263, 773, 7509.38, 20891, 19224
1694902456, 0, 0, 29, 0, 0, 8160.55, 3, 0, 0, 17.37, 1267, 776, 7509.38, 20891, 19224
1694902456, 0, 0, 29, 0, 0, 8160.55, 3, 0, 0, 22.58, 1270, 780, 7509.38, 20891, 19224
1694902462, 0, 0, 29, 0, 0, 8160.55, 3, 0, 0, 0.71, 1273, 781, 7509.38, 20891, 19224
1694902462, 0, 0, 29, 0, 0, 8160.55, 3, 0, 0, 26.32, 1278, 784, 7509.38, 20891, 19224
1694902463, 0, 0, 29, 0, 0, 8160.55, 3, 0, 0, 22.80, 1281, 788, 7509.38, 20891, 19224
1694902468, 0, 0, 29, 0, 0, 8160.55, 3, 0, 0, 0.20, 1282, 788, 7509.38, 20891, 19224
1694902473, 0, 0, 29, 0, 0, 8160.55, 3, 0, 0, 2.24, 1291, 791, 7509.38, 20891, 19224
1694902473, 0, 0, 29, 0, 0, 8160.55, 3, 0, 0, 16.09, 1295, 793, 7509.38, 20891, 19224
1694902474, 0, 0, 29, 0, 0, 8160.55, 3, 0, 0, 10.00, 1298, 793, 7509.38, 20891, 19224
1694902481, 0, 0, 29, 0, 0, 8160.55, 3, 0, 0, 0.80, 1300, 797, 7509.38, 20891, 19224
1694902481, 0, 0, 29, 0, 0, 8160.55, 3, 0, 0, 9.77, 1301, 799, 7509.38, 20891, 19224
1694902482, 0, 0, 29, 0, 0, 8160.55, 3, 0, 0, 16.02, 1305, 802, 7509.38, 20891, 19224
1694902482, 0, 0, 29, 0, 0, 8160.55, 3, 0, 0, 17.70, 1309, 804, 7509.38, 20891, 19224
1694902487, 0, 0, 29, 0, 0, 8160.55, 3, 0, 0, 0.66, 1311, 805, 7509.38, 20891, 19224
1694902487, 0, 0, 29, 0, 0, 8160.55, 3, 0, 0, 20.00, 1314, 808, 7509.38, 20891, 19224
1694902487, 0, 0, 29, 0, 0, 8160.55, 3, 0, 0, 14.41, 1317, 810, 7509.38, 20891, 19224
1694902488, 0, 0, 29, 0, 0, 8160.55, 3, 0, 0, 18.35, 1320, 813, 7509.38, 20891, 19224
1694902488, 0, 0, 29, 0, 0, 8160.55, 3, 0, 0, 19.87, 1322, 817, 7509.38, 20891, 19224
1694902492, 0, 0, 29, 0, 0, 8160.55, 3, 0, 0, 1.01, 1324, 819, 7509.38, 20891, 19224
1694902498, 0, 0, 29, 0, 0, 8160.55, 3, 0, 0, 0.50, 1326, 820, 7509.38, 20891, 19224
1694902498, 0, 0, 29, 0, 0, 8160.55, 3, 0, 0, 28.75, 1330, 825, 7509.38, 20891, 19224
1694902504, 0, 0, 29, 0, 0, 8160.55, 3, 0, 0, 0.92, 1334, 826, 7509.38, 20891, 19224
1694902508, 0, 0, 29, 0, 0, 8160.55, 3, 0, 0, 1.01, 1335, 829, 7509.38, 20891, 19224
1694902514, 0, 0, 29, 0, 0, 8160.55, 3, 0, 0, 0.67, 1337, 831, 7509.38, 20891, 19224
1694902530, 0, 0, 29, 0, 0, 8160.55, 3, 0, 0, 0.25, 1340, 832, 7509.38, 20891, 19224
1694902530, 0, 0, 29, 0, 0, 8160.55, 3, 0, 0, 19.29, 1345, 833, 7509.38, 20891, 19224
1694902531, 0, 0, 29, 0, 0, 8160.55, 3, 0, 0, 15.54, 1349, 835, 7509.38, 20891, 19224
1694902531, 0, 0, 29, 0, 0, 8160.55, 3, 0, 0, 12.17, 1352, 837, 7509.38, 20891, 19224
1694902531, 0, 0, 29, 0, 0, 8160.55, 3, 0, 0, 15.92, 1355, 839, 7509.38, 20891, 19224
1694902537, 0, 0, 29, 0, 0, 8160.55, 3, 0, 0, 0.54, 1357, 840, 7509.38, 20891, 19224
1694902537, 0, 0, 29, 0, 0, 8160.55, 3, 0, 0, 21.02, 1359, 845, 7509.38, 20891, 19224
1694902538, 0, 0, 29, 0, 0, 8160.55, 3, 0, 0, 24.32, 1362, 850, 7509.38, 20891, 19224
1694902543, 0, 0, 29, 0, 0, 8160.55, 3, 0, 0, 0.19, 1363, 850, 7509.38, 20891, 19224
1694902543, 0, 0, 29, 0, 0, 8160.55, 3, 0, 0, 12.20, 1367, 850, 7509.38, 20891, 19224
1694902549, 0, 0, 29, 0, 0, 8160.55, 3, 0, 0, 1.46, 1372, 853, 7509.38, 20891, 19224
1694902554, 0, 0, 29, 0, 0, 8160.55, 3, 0, 0, 0.38, 1374, 853, 7509.38, 20891, 19224
1694902554, 0, 0, 29, 0, 0, 8160.55, 3, 0, 0, 18.75, 1379, 854, 7509.38, 20891, 19224
1694902554, 0, 0, 29, 0, 0, 8160.55, 3, 0, 0, 15.20, 1380, 858, 7509.38, 20891, 19224
1694902555, 0, 0, 29, 0, 0, 8160.55, 3, 0, 0, 16.45, 1382, 861, 7509.38, 20891, 19224
1694902562, 0, 0, 29, 0, 0, 8160.55, 3, 0, 0, 0.13, 1383, 861, 7509.38, 20891, 19224
1694902563, 0, 0, 29, 0, 0, 8160.55, 3, 0, 0, 9.20, 1385, 862, 7509.38, 20891, 19224
1694902568, 0, 0, 29, 0, 0, 8160.55, 3, 0, 0, 0.77, 1387, 864, 7509.38, 20891, 19224
1694902568, 0, 0, 29, 0, 0, 8160.55, 3, 0, 0, 19.29, 1393, 864, 7509.38, 20891, 19224
1694902576, 0, 0, 29, 0, 0, 8160.55, 3, 0, 0, 0.40, 1396, 864, 7509.38, 20891, 19224
1694902576, 0, 0, 29, 0, 0, 8160.55, 3, 0, 0, 12.94, 1400, 864, 7509.38, 20891, 19224
1694902576, 0, 0, 29, 0, 0, 8160.55, 3, 0, 0, 14.53, 1403, 867, 7509.38, 20891, 19224
1694902584, 0, 0, 29, 0, 0, 8160.55, 3, 0, 0, 0.50, 1406, 868, 7509.38, 20891, 19224
1694902585, 0, 0, 29, 0, 0, 8160.55, 3, 0, 0, 19.17, 1407, 873, 7509.38, 20891, 19224
1694902595, 0, 0, 29, 0, 0, 8160.55, 3, 0, 0, 0.10, 1408, 873, 7509.38, 20891, 19224
1694902595, 0, 0, 29, 0, 0, 8160.55, 3, 0, 0, 10.05, 1411, 874, 7509.38, 20891, 19224
1694902599, 0, 0, 29, 0, 0, 8160.55, 3, 0, 0, 0.49, 1412, 875, 7509.38, 20891, 19224
1694902604, 0, 0, 29, 0, 0, 8160.55, 3, 0, 0, 0.23, 1413, 875, 7509.38, 20891, 19224
1694902604, 0, 0, 29, 0, 0, 8160.55, 3, 0, 0, 21.47, 1418, 877, 7509.38, 20891, 19224
1694902608, 0, 0, 29, 0, 0, 8160.55, 3, 0, 0, 0.70, 1420, 878, 7509.38, 20891, 19224
1694902615, 0, 0, 29, 0, 0, 8160.55, 3, 0, 0, 0.14, 1421, 878, 7509.38, 20891, 19224
1694902620, 0, 0, 29, 0, 0, 8160.55, 3, 0, 0, 0.42, 1422, 879, 7509.38, 20891, 19224
1694902620, 0, 0, 29, 0, 0, 8160.55, 3, 0, 0, 30.96, 1429, 882, 7509.38, 20891, 19224
1694902627, 0, 0, 29, 0, 0, 8160.55, 3, 0, 0, 0.74, 1432, 884, 7509.38, 20891, 19224
1694902627, 0, 0, 29, 0, 0, 8160.55, 3, 0, 0, 16.18, 1436, 885, 7509.38, 20891, 19224
1694902633, 0, 0, 29, 0, 0, 8160.55, 3, 0, 0, 0.78, 1439, 886, 7509.38, 20891, 19224
1694902640, 0, 0, 29, 0, 0, 8160.55, 3, 0, 0, 0.52, 1441, 888, 7509.38, 20891, 19224
1694902645, 0, 0, 29, 0, 0, 8160.55, 3, 0, 0, 1.36, 1444, 891, 7509.38, 20891, 19224
1694902652, 0, 0, 29, 0, 0, 8160.55, 3, 0, 0, 0.42, 1446, 892, 7509.38, 20891, 19224
1694902652, 0, 0, 29, 0, 0, 8160.55, 3, 0, 0, 10.64, 1448, 894, 7509.38, 20891, 19224
1694902658, 0, 0, 29, 0, 0, 8160.55, 3, 0, 0, 0.33, 1449, 895, 7509.38, 20891, 19224
1694902667, 0, 0, 29, 0, 0, 8160.55, 3, 0, 0, 0.24, 1451, 895, 7509.38, 20891, 19224
1694902667, 0, 0, 29, 0, 0, 8160.55, 3, 0, 0, 12.47, 1454, 897, 7509.38, 20891, 19224
1694902668, 0, 0, 29, 0, 0, 8160.55, 3, 0, 0, 3.26, 1455, 897, 7509.38, 20891, 19224
1694902674, 0, 0, 29, 0, 0, 8160.55, 3, 0, 0, 0.67, 1458, 898, 7509.38, 20891, 19224
1694902674, 0, 0, 29, 0, 0, 8160.55, 3, 0, 0, 11.63, 1462, 898, 7509.38, 20891, 19224
1694902674, 0, 0, 29, 0, 0, 8160.55, 3, 0, 0, 17.39, 1465, 901, 7509.38, 20891, 19224
1694902683, 0, 0, 29, 0, 0, 8160.55, 3, 0, 0, 0.55, 1469, 902, 7509.38, 20891, 19224
1694902690, 0, 0, 29, 0, 0, 8160.55, 3, 0, 0, 0.16, 1470, 902, 7509.38, 20891, 19224
1694902695, 0, 0, 29, 0, 0, 8160.55, 3, 0, 0, 0.77, 1473, 903, 7509.38, 20891, 19224
1694902695, 0, 0, 29, 0, 0, 8160.55, 3, 0, 0, 16.03, 1475, 906, 7509.38, 20891, 19224
1694902696, 0, 0, 29, 0, 0, 8160.55, 3, 0, 0, 11.99, 1478, 908, 7509.38, 20891, 19224
1694902696, 0, 0, 29, 0, 0, 8160.55, 3, 0, 0, 14.37, 1480, 911, 7509.38, 20891, 19224
1694902702, 0, 0, 29, 0, 0, 8160.55, 3, 0, 0, 0.17, 1481, 911, 7509.38, 20891, 19224
1694902702, 0, 0, 29, 0, 0, 8160.55, 3, 0, 0, 24.10, 1482, 918, 7509.38, 20891, 19224
1694902725, 0, 0, 29, 0, 0, 8160.55, 3, 0, 0, 0.17, 1486, 918, 7509.38, 20891, 19224
1694902726, 0, 0, 29, 0, 0, 8160.55, 3, 0, 0, 33.85, 1489, 926, 7509.38, 20891, 19224
1694902726, 0, 0, 29, 0, 0, 8160.55, 3, 0, 0, 8.55, 1493, 926, 7509.38, 20891, 19224
1694902726, 0, 0, 29, 0, 0, 8160.55, 3, 0, 0, 6.54, 1495, 926, 7509.38, 20891, 19224
1694902732, 0, 0, 29, 0, 0, 8160.55, 3, 0, 0, 0.85, 1498, 928, 7509.38, 20891, 19224
1694902733, 0, 0, 29, 0, 0, 8160.55, 3, 0, 0, 13.33, 1501, 929, 7509.38, 20891, 19224
1694902733, 0, 0, 29, 0, 0, 8160.55, 3, 0, 0, 12.35, 1504, 930, 7509.38, 20891, 19224
1694902733, 0, 0, 29, 0, 0, 8160.55, 3, 0, 0, 16.08, 1506, 933, 7509.38, 20891, 19224
1694902734, 0, 0, 29, 0, 0, 8160.55, 3, 0, 0, 18.58, 1509, 936, 7509.38, 20891, 19224
1694902734, 0, 0, 29, 0, 0, 8160.55, 3, 0, 0, 20.47, 1513, 939, 7509.38, 20891, 19224
1694902742, 0, 0, 29, 0, 0, 8160.55, 3, 0, 0, 0.23, 1514, 940, 7509.38, 20891, 19224
1694902750, 0, 0, 29, 0, 0, 8160.55, 3, 0, 0, 0.27, 1515, 941, 7509.38, 20891, 19224
1694902750, 0, 0, 29, 0, 0, 8160.55, 3, 0, 0, 11.94, 1519, 941, 7509.38, 20891, 19224
1694902751, 0, 0, 29, 0, 0, 8160.55, 3, 0, 0, 20.47, 1522, 945, 7509.38, 20891, 19224
1694902751, 0, 0, 29, 0, 0, 8160.55, 3, 0, 0, 22.01, 1527, 947, 7509.38, 20891, 19224
1694902751, 0, 0, 29, 0, 0, 8160.55, 3, 0, 0, 18.69, 1531, 949, 7509.38, 20891, 19224
1694902752, 0, 0, 29, 0, 0, 8160.55, 3, 0, 0, 12.38, 1535, 950, 7509.38, 20891, 19224
1694902758, 0, 0, 29, 0, 0, 8160.55, 3, 0, 0, 0.29, 1536, 951, 7509.38, 20891, 19224
1694902764, 0, 0, 29, 0, 0, 8160.55, 3, 0, 0, 0.17, 1537, 951, 7509.38, 20891, 19224
1694902771, 0, 0, 29, 0, 0, 8160.55, 3, 0, 0, 0.14, 1538, 951, 7509.38, 20891, 19224
1694902778, 0, 0, 29, 0, 0, 8160.55, 3, 0, 0, 0.49, 1540, 952, 7509.38, 20891, 19224
1694902782, 0, 0, 29, 0, 0, 8160.55, 3, 0, 0, 1.51, 1545, 954, 7509.38, 20891, 19224
1694902782, 0, 0, 29, 0, 0, 8160.55, 3, 0, 0, 9.80, 1547, 955, 7509.38, 20891, 19224
1694902788, 0, 0, 29, 0, 0, 8160.55, 3, 0, 0, 0.88, 1550, 957, 7509.38, 20891, 19224
1694902789, 0, 0, 29, 0, 0, 8160.55, 3, 0, 0, 19.07, 1555, 959, 7509.38, 20891, 19224
1694902789, 0, 0, 29, 0, 0, 8160.55, 3, 0, 0, 9.98, 1559, 959, 7509.38, 20891, 19224
1694902789, 0, 0, 29, 0, 0, 8160.55, 3, 0, 0, 20.83, 1562, 963, 7509.38, 20891, 19224
1694902790, 0, 0, 29, 0, 0, 8160.55, 3, 0, 0, 11.43, 1563, 966, 7509.38, 20891, 19224
1694902790, 0, 0, 29, 0, 0, 8160.55, 3, 0, 0, 9.15, 1565, 967, 7509.38, 20891, 19224
1694902795, 0, 0, 30, 0, 0, 8161.72, 3, 0, 0, 0.82, 1567, 969, 7510.55, 20894, 19227
1694902795, 0, 0, 30, 0, 0, 8161.72, 3, 0, 0, 2.63, 1568, 969, 7510.55, 20894, 19227
1694902802, 0, 0, 30, 0, 0, 8161.72, 3, 0, 0, 0.15, 1569, 969, 7510.55, 20894, 19227
1694902802, 0, 0, 30, 0, 0, 8161.72, 3, 0, 0, 8.82, 1572, 969, 7510.55, 20894, 19227
1694902803, 0, 0, 30, 0, 0, 8161.72, 3, 0, 0, 14.62, 1574, 972, 7510.55, 20894, 19227
1694902807, 0, 0, 30, 0, 0, 8161.72, 3, 0, 0, 0.41, 1576, 972, 7510.55, 20894, 19227
1694902808, 0, 0, 30, 0, 0, 8161.72, 3, 0, 0, 8.62, 1577, 974, 7510.55, 20894, 19227
1694902813, 0, 0, 30, 0, 0, 8161.72, 3, 0, 0, 0.60, 1579, 975, 7510.55, 20894, 19227
1694902813, 0, 0, 30, 0, 0, 8161.72, 3, 0, 0, 19.35, 1583, 977, 7510.55, 20894, 19227
1694902818, 0, 0, 30, 0, 0, 8161.72, 3, 0, 0, 0.19, 1584, 977, 7510.55, 20894, 19227
1694902824, 0, 0, 30, 0, 0, 8161.72, 3, 0, 0, 0.78, 1587, 978, 7510.55, 20894, 19227
1694902824, 0, 0, 30, 0, 0, 8161.72, 3, 0, 0, 8.77, 1589, 979, 7510.55, 20894, 19227
1694902824, 0, 0, 30, 0, 0, 8161.72, 3, 0, 0, 7.23, 1590, 981, 7510.55, 20894, 19227
1694902825, 0, 0, 30, 0, 0, 8161.72, 3, 0, 0, 10.96, 1593, 982, 7510.55, 20894, 19227
1694902825, 0, 0, 30, 0, 0, 8161.72, 3, 0, 0, 13.16, 1597, 982, 7510.55, 20894, 19227
1694902825, 0, 0, 30, 0, 0, 8161.72, 3, 0, 0, 12.66, 1599, 984, 7510.55, 20894, 19227
1694902826, 0, 0, 30, 0, 0, 8161.72, 3, 0, 0, 12.66, 1601, 986, 7510.55, 20894, 19227
1694902826, 0, 0, 30, 0, 0, 8161.72, 3, 0, 0, 15.58, 1603, 989, 7510.55, 20894, 19227
1694902826, 0, 0, 30, 0, 0, 8161.72, 3, 0, 0, 15.11, 1604, 993, 7510.55, 20894, 19227
1694902833, 0, 0, 30, 0, 0, 8161.72, 3, 0, 0, 0.15, 1605, 993, 7510.55, 20894, 19227
1694902839, 0, 0, 30, 0, 0, 8161.72, 3, 0, 0, 0.52, 1607, 994, 7510.55, 20894, 19227
1694902839, 0, 0, 30, 0, 0, 8161.72, 3, 0, 0, 13.11, 1610, 995, 7510.55, 20894, 19227
1694902844, 0, 0, 30, 0, 0, 8161.72, 3, 0, 0, 0.60, 1612, 996, 7510.55, 20894, 19227
1694902851, 0, 0, 30, 0, 0, 8161.72, 3, 0, 0, 0.16, 1613, 996, 7510.55, 20894, 19227
1694902851, 0, 0, 30, 0, 0, 8161.72, 3, 0, 0, 2.28, 1614, 996, 7510.55, 20894, 19227
1694902851, 0, 0, 30, 0, 0, 8161.72, 3, 0, 0, 23.26, 1617, 1000, 7510.55, 20894, 19227
1694902852, 0, 0, 30, 0, 0, 8161.72, 3, 0, 0, 14.37, 1622, 1000, 7510.55, 20894, 19227
1694902852, 0, 0, 30, 0, 0, 8161.72, 3, 0, 0, 18.58, 1624, 1004, 7510.55, 20894, 19227
1694902852, 0, 0, 30, 0, 0, 8161.72, 3, 0, 0, 9.52, 1627, 1004, 7510.55, 20894, 19227
1694902853, 0, 0, 30, 0, 0, 8161.72, 3, 0, 0, 9.97, 1628, 1006, 7510.55, 20894, 19227
1694902853, 0, 0, 30, 0, 0, 8161.72, 3, 0, 0, 19.29, 1631, 1009, 7510.55, 20894, 19227
1694902859, 0, 0, 30, 0, 0, 8161.72, 3, 0, 0, 1.22, 1636, 1011, 7510.55, 20894, 19227
1694902859, 0, 0, 30, 0, 0, 8161.72, 3, 0, 0, 6.29, 1637, 1012, 7510.55, 20894, 19227
1694902863, 0, 0, 30, 0, 0, 8161.72, 3, 0, 0, 0.91, 1639, 1014, 7510.55, 20894, 19227
1694902885, 0, 0, 30, 0, 0, 8161.72, 3, 0, 0, 0.24, 1642, 1016, 7510.55, 20894, 19227
1694902885, 0, 0, 30, 0, 0, 8161.72, 3, 0, 0, 12.86, 1645, 1017, 7510.55, 20894, 19227
1694902890, 0, 0, 30, 0, 0, 8161.72, 3, 0, 0, 0.20, 1646, 1017, 7510.55, 20894, 19227
1694902895, 0, 0, 30, 0, 0, 8161.72, 3, 0, 0, 1.04, 1648, 1020, 7510.55, 20894, 19227
1694902901, 0, 0, 30, 0, 0, 8161.72, 3, 0, 0, 0.49, 1650, 1021, 7510.55, 20894, 19227
1694902909, 0, 0, 30, 0, 0, 8161.72, 3, 0, 0, 0.38, 1653, 1021, 7510.55, 20894, 19227
1694902909, 0, 0, 30, 0, 0, 8161.72, 3, 0, 0, 15.72, 1658, 1021, 7510.55, 20894, 19227
1694902916, 0, 0, 30, 0, 0, 8161.72, 3, 0, 0, 0.59, 1661, 1022, 7510.55, 20894, 19227
1694902922, 0, 0, 30, 0, 0, 8161.72, 3, 0, 0, 0.17, 1662, 1022, 7510.55, 20894, 19227
1694902922, 0, 0, 30, 0, 0, 8161.72, 3, 0, 0, 11.27, 1663, 1025, 7510.55, 20894, 19227
1694902923, 0, 0, 30, 0, 0, 8161.72, 3, 0, 0, 11.99, 1666, 1027, 7510.55, 20894, 19227
1694902923, 0, 0, 30, 0, 0, 8161.72, 3, 0, 0, 9.52, 1668, 1028, 7510.55, 20894, 19227
1694902924, 0, 0, 30, 0, 0, 8161.72, 3, 0, 0, 9.66, 1672, 1028, 7510.55, 20894, 19227
1694902927, 0, 0, 30, 0, 0, 8161.72, 3, 0, 0, 0.27, 1673, 1028, 7510.55, 20894, 19227
1694902941, 0, 0, 30, 0, 0, 8161.72, 3, 0, 0, 0.07, 1674, 1028, 7510.55, 20894, 19227
1694902942, 0, 0, 30, 0, 0, 8161.72, 3, 0, 0, 21.02, 1678, 1031, 7510.55, 20894, 19227
1694902946, 0, 0, 30, 0, 0, 8161.72, 3, 0, 0, 1.36, 1681, 1034, 7510.55, 20894, 19227
1694902953, 0, 0, 30, 0, 0, 8161.72, 3, 0, 0, 0.28, 1683, 1034, 7510.55, 20894, 19227
1694902953, 0, 0, 30, 0, 0, 8161.72, 3, 0, 0, 9.52, 1685, 1035, 7510.55, 20894, 19227
1694902954, 0, 0, 30, 0, 0, 8161.72, 3, 0, 0, 8.75, 1689, 1035, 7510.55, 20894, 19227
1694902961, 0, 0, 30, 0, 0, 8161.72, 3, 0, 0, 0.27, 1690, 1036, 7510.55, 20894, 19227
1694902962, 0, 0, 30, 0, 0, 8161.72, 3, 0, 0, 13.03, 1691, 1039, 7510.55, 20894, 19227
1694902962, 0, 0, 30, 0, 0, 8161.72, 3, 0, 0, 6.29, 1692, 1040, 7510.55, 20894, 19227
1694902968, 0, 0, 30, 0, 0, 8161.72, 3, 0, 0, 0.32, 1694, 1040, 7510.55, 20894, 19227
1694902969, 0, 0, 30, 0, 0, 8161.72, 3, 0, 0, 8.13, 1697, 1040, 7510.55, 20894, 19227
1694902969, 0, 0, 30, 0, 0, 8161.72, 3, 0, 0, 8.04, 1698, 1042, 7510.55, 20894, 19227
1694902969, 0, 0, 30, 0, 0, 8161.72, 3, 0, 0, 12.01, 1700, 1044, 7510.55, 20894, 19227
1694902970, 0, 0, 30, 0, 0, 8161.72, 3, 0, 0, 10.96, 1703, 1045, 7510.55, 20894, 19227
1694902970, 0, 0, 30, 0, 0, 8161.72, 3, 0, 0, 7.92, 1704, 1047, 7510.55, 20894, 19227
1694902976, 0, 0, 30, 0, 0, 8161.72, 3, 0, 0, 0.32, 1706, 1047, 7510.55, 20894, 19227
1694902977, 0, 0, 30, 0, 0, 8161.72, 3, 0, 0, 14.53, 1709, 1049, 7510.55, 20894, 19227
1694902977, 0, 0, 30, 0, 0, 8161.72, 3, 0, 0, 12.78, 1712, 1050, 7510.55, 20894, 19227
1694902977, 0, 0, 30, 0, 0, 8161.72, 3, 0, 0, 8.17, 1713, 1052, 7510.55, 20894, 19227
1694902978, 0, 0, 30, 0, 0, 8161.72, 3, 0, 0, 16.39, 1716, 1054, 7510.55, 20894, 19227
1694902978, 0, 0, 30, 0, 0, 8161.72, 3, 0, 0, 12.90, 1719, 1055, 7510.55, 20894, 19227
1694902983, 0, 0, 30, 0, 0, 8161.72, 3, 0, 0, 0.38, 1720, 1056, 7510.55, 20894, 19227
1694902991, 0, 0, 30, 0, 0, 8161.72, 3, 0, 0, 0.26, 1722, 1056, 7510.55, 20894, 19227
1694902991, 0, 0, 30, 0, 0, 8161.72, 3, 0, 0, 6.22, 1724, 1057, 7510.55, 20894, 19227
1694902992, 0, 0, 30, 0, 0, 8161.72, 3, 0, 0, 5.45, 1726, 1057, 7510.55, 20894, 19227
1694902992, 0, 0, 30, 0, 0, 8161.72, 3, 0, 0, 13.11, 1726, 1061, 7510.55, 20894, 19227
1694902992, 0, 0, 30, 0, 0, 8161.72, 3, 0, 0, 16.45, 1728, 1064, 7510.55, 20894, 19227
1694902993, 0, 0, 30, 0, 0, 8161.72, 3, 0, 0, 4.78, 1729, 1065, 7510.55, 20894, 19227
1694902999, 0, 0, 30, 0, 0, 8161.72, 3, 0, 0, 0.32, 1730, 1066, 7510.55, 20894, 19227
1694903000, 0, 0, 30, 0, 0, 8161.72, 3, 0, 0, 14.25, 1735, 1066, 7510.55, 20894, 19227
1694903009, 0, 0, 30, 0, 0, 8161.72, 3, 0, 0, 0.10, 1736, 1066, 7510.55, 20894, 19227
1694903010, 0, 0, 30, 0, 0, 8161.72, 3, 0, 0, 8.20, 1737, 1068, 7510.55, 20894, 19227
1694903015, 0, 0, 30, 0, 0, 8161.72, 3, 0, 0, 0.19, 1738, 1068, 7510.55, 20894, 19227
1694903015, 0, 0, 30, 0, 0, 8161.72, 3, 0, 0, 12.47, 1741, 1070, 7510.55, 20894, 19227
1694903016, 0, 0, 30, 0, 0, 8161.72, 3, 0, 0, 14.37, 1744, 1072, 7510.55, 20894, 19227
1694903016, 0, 0, 30, 0, 0, 8161.72, 3, 0, 0, 9.90, 1746, 1073, 7510.55, 20894, 19227
1694903021, 0, 0, 30, 0, 0, 8161.72, 3, 0, 0, 0.98, 1750, 1074, 7510.55, 20894, 19227
1694903022, 0, 0, 30, 0, 0, 8161.72, 3, 0, 0, 12.94, 1753, 1075, 7510.55, 20894, 19227
1694903028, 0, 0, 30, 0, 0, 8161.72, 3, 0, 0, 0.45, 1754, 1077, 7510.55, 20894, 19227
1694903034, 0, 0, 30, 0, 0, 8161.72, 3, 0, 0, 0.18, 1755, 1077, 7510.55, 20894, 19227
1694903040, 0, 0, 30, 0, 0, 8161.72, 3, 0, 0, 0.49, 1757, 1078, 7510.55, 20894, 19227
1694903049, 0, 0, 30, 0, 0, 8161.72, 3, 0, 0, 0.23, 1759, 1078, 7510.55, 20894, 19227
1694903049, 0, 0, 30, 0, 0, 8161.72, 3, 0, 0, 10.71, 1762, 1080, 7510.55, 20894, 19227
1694903065, 0, 0, 30, 0, 0, 8161.72, 3, 0, 0, 0.06, 1763, 1080, 7510.55, 20894, 19227
1694903078, 0, 0, 30, 0, 0, 8161.72, 3, 0, 0, 0.23, 1765, 1081, 7510.55, 20894, 19227
1694903084, 0, 0, 30, 0, 0, 8161.72, 3, 0, 0, 0.17, 1766, 1081, 7510.55, 20894, 19227
1694903084, 0, 0, 30, 0, 0, 8161.72, 3, 0, 0, 9.74, 1768, 1082, 7510.55, 20894, 19227
1694903084, 0, 0, 30, 0, 0, 8161.72, 3, 0, 0, 13.07, 1770, 1084, 7510.55, 20894, 19227
1694903085, 0, 0, 30, 0, 0, 8161.72, 3, 0, 0, 5.45, 1773, 1084, 7510.55, 20894, 19227
1694903089, 0, 0, 30, 0, 0, 8161.72, 3, 0, 0, 0.44, 1775, 1084, 7510.55, 20894, 19227
1694903094, 0, 0, 30, 0, 0, 8161.72, 3, 0, 0, 0.39, 1776, 1085, 7510.55, 20894, 19227
1694903100, 0, 0, 30, 0, 0, 8161.72, 3, 0, 0, 0.56, 1779, 1085, 7510.55, 20894, 19227
1694903106, 0, 0, 30, 0, 0, 8161.72, 3, 0, 0, 0.16, 1780, 1085, 7510.55, 20894, 19227
1694903106, 0, 0, 30, 0, 0, 8161.72, 3, 0, 0, 13.70, 1783, 1087, 7510.55, 20894, 19227
1694903107, 0, 0, 30, 0, 0, 8161.72, 3, 0, 0, 15.72, 1785, 1090, 7510.55, 20894, 19227
1694903112, 0, 0, 30, 0, 0, 8161.72, 3, 0, 0, 0.34, 1786, 1091, 7510.55, 20894, 19227
1694903113, 0, 0, 30, 0, 0, 8161.72, 3, 0, 0, 5.32, 1787, 1092, 7510.55, 20894, 19227
1694903113, 0, 0, 30, 0, 0, 8161.72, 3, 0, 0, 8.90, 1790, 1092, 7510.55, 20894, 19227
1694903113, 0, 0, 30, 0, 0, 8161.72, 3, 0, 0, 12.66, 1791, 1095, 7510.55, 20894, 19227
1694903114, 0, 0, 30, 0, 0, 8161.72, 3, 0, 0, 13.85, 1794, 1097, 7510.55, 20894, 19227
1694903114, 0, 0, 30, 0, 0, 8161.72, 3, 0, 0, 7.63, 1795, 1099, 7510.55, 20894, 19227
1694903121, 0, 0, 30, 0, 0, 8161.72, 3, 0, 0, 0.63, 1797, 1101, 7510.55, 20894, 19227
1694903121, 0, 0, 30, 0, 0, 8161.72, 3, 0, 0, 1.76, 1798, 1101, 7510.55, 20894, 19227
1694903126, 0, 0, 31, 0, 0, 8162.50, 3, 0, 0, 0.96, 1801, 1103, 7511.33, 20896, 19229
1694903134, 0, 0, 31, 0, 0, 8162.50, 3, 0, 0, 0.25, 1803, 1103, 7511.33, 20896, 19229
1694903150, 0, 0, 31, 0, 0, 8162.50, 3, 0, 0, 0.19, 1805, 1104, 7511.33, 20896, 19229
1694903156, 0, 0, 31, 0, 0, 8162.50, 3, 0, 0, 0.35, 1807, 1104, 7511.33, 20896, 19229
1694903156, 0, 0, 31, 0, 0, 8162.50, 3, 0, 0, 14.66, 1810, 1106, 7511.33, 20896, 19229
1694903157, 0, 0, 31, 0, 0, 8162.50, 3, 0, 0, 3.51, 1812, 1106, 7511.33, 20896, 19229
1694903157, 0, 0, 31, 0, 0, 8162.50, 3, 0, 0, 14.97, 1815, 1108, 7511.33, 20896, 19229
1694903164, 0, 0, 31, 0, 0, 8162.50, 3, 0, 0, 0.15, 1816, 1108, 7511.33, 20896, 19229
1694903169, 0, 0, 31, 0, 0, 8162.50, 3, 0, 0, 0.18, 1817, 1108, 7511.33, 20896, 19229
1694903175, 0, 0, 31, 0, 0, 8162.50, 3, 0, 0, 0.56, 1819, 1109, 7511.33, 20896, 19229
1694903175, 0, 0, 31, 0, 0, 8162.50, 3, 0, 0, 7.89, 1821, 1110, 7511.33, 20896, 19229
1694903176, 0, 0, 31, 0, 0, 8162.50, 3, 0, 0, 7.41, 1823, 1111, 7511.33, 20896, 19229
1694903176, 0, 0, 31, 0, 0, 8162.50, 3, 0, 0, 13.25, 1825, 1113, 7511.33, 20896, 19229
1694903176, 0, 0, 31, 0, 0, 8162.50, 3, 0, 0, 8.91, 1827, 1115, 7511.33, 20896, 19229
1694903177, 0, 0, 31, 0, 0, 8162.50, 3, 0, 0, 6.58, 1829, 1116, 7511.33, 20896, 19229
1694903182, 0, 0, 31, 0, 0, 8162.50, 3, 0, 0, 0.55, 1830, 1118, 7511.33, 20896, 19229
1694903183, 0, 0, 31, 0, 0, 8162.50, 3, 0, 0, 12.35, 1833, 1119, 7511.33, 20896, 19229
1694903183, 0, 0, 31, 0, 0, 8162.50, 3, 0, 0, 12.38, 1835, 1121, 7511.33, 20896, 19229
1694903183, 0, 0, 31, 0, 0, 8162.50, 3, 0, 0, 7.14, 1836, 1123, 7511.33, 20896, 19229
1694903184, 0, 0, 31, 0, 0, 8162.50, 3, 0, 0, 6.94, 1838, 1124, 7511.33, 20896, 19229
1694903191, 0, 0, 31, 0, 0, 8162.50, 3, 0, 0, 0.26, 1839, 1125, 7511.33, 20896, 19229
1694903196, 0, 0, 31, 0, 0, 8162.50, 3, 0, 0, 0.64, 1841, 1126, 7511.33, 20896, 19229
1694903196, 0, 0, 31, 0, 0, 8162.50, 3, 0, 0, 11.90, 1843, 1128, 7511.33, 20896, 19229
1694903204, 0, 0, 31, 0, 0, 8162.50, 3, 0, 0, 0.54, 1845, 1130, 7511.33, 20896, 19229
1694903209, 0, 0, 31, 0, 0, 8162.50, 3, 0, 0, 0.64, 1847, 1131, 7511.33, 20896, 19229
1694903209, 0, 0, 31, 0, 0, 8162.50, 3, 0, 0, 15.72, 1849, 1134, 7511.33, 20896, 19229
1694903209, 0, 0, 31, 0, 0, 8162.50, 3, 0, 0, 15.83, 1853, 1136, 7511.33, 20896, 19229
1694903215, 0, 0, 31, 0, 0, 8162.50, 3, 0, 0, 0.97, 1855, 1140, 7511.33, 20896, 19229
1694903216, 0, 0, 31, 0, 0, 8162.50, 3, 0, 0, 17.09, 1857, 1144, 7511.33, 20896, 19229
1694903221, 0, 0, 31, 0, 0, 8162.50, 3, 0, 0, 0.38, 1859, 1144, 7511.33, 20896, 19229
1694903226, 0, 0, 31, 0, 0, 8162.50, 3, 0, 0, 0.44, 1860, 1145, 7511.33, 20896, 19229
1694903226, 0, 0, 31, 0, 0, 8162.50, 3, 0, 0, 10.28, 1863, 1146, 7511.33, 20896, 19229
1694903226, 0, 0, 31, 0, 0, 8162.50, 3, 0, 0, 14.29, 1866, 1148, 7511.33, 20896, 19229
1694903227, 0, 0, 31, 0, 0, 8162.50, 3, 0, 0, 11.11, 1869, 1149, 7511.33, 20896, 19229
1694903231, 0, 0, 31, 0, 0, 8162.50, 3, 0, 0, 0.21, 1870, 1149, 7511.33, 20896, 19229
1694903232, 0, 0, 31, 0, 0, 8162.50, 3, 0, 0, 10.99, 1873, 1150, 7511.33, 20896, 19229
1694903232, 0, 0, 31, 0, 0, 8162.50, 3, 0, 0, 7.96, 1874, 1152, 7511.33, 20896, 19229
1694903233, 0, 0, 31, 0, 0, 8162.50, 3, 0, 0, 6.37, 1875, 1153, 7511.33, 20896, 19229
1694903233, 0, 0, 31, 0, 0, 8162.50, 3, 0, 0, 19.48, 1876, 1158, 7511.33, 20896, 19229
1694903233, 0, 0, 31, 0, 0, 8162.50, 3, 0, 0, 21.47, 1880, 1161, 7511.33, 20896, 19229
1694903234, 0, 0, 31, 0, 0, 8162.50, 3, 0, 0, 13.89, 1882, 1164, 7511.33, 20896, 19229
1694903239, 0, 0, 31, 0, 0, 8162.50, 3, 0, 0, 0.71, 1884, 1166, 7511.33, 20896, 19229
1694903243, 0, 0, 31, 0, 0, 8162.50, 3, 0, 0, 0.24, 1885, 1166, 7511.33, 20896, 19229
1694903251, 0, 0, 31, 0, 0, 8162.50, 3, 0, 0, 0.13, 1886, 1166, 7511.33, 20896, 19229
1694903256, 0, 0, 31, 0, 0, 8162.50, 3, 0, 0, 0.75, 1889, 1167, 7511.33, 20896, 19229
1694903257, 0, 0, 31, 0, 0, 8162.50, 3, 0, 0, 8.80, 1892, 1167, 7511.33, 20896, 19229
1694903266, 0, 0, 31, 0, 0, 8162.50, 3, 0, 0, 0.31, 1894, 1168, 7511.33, 20896, 19229
1694903273, 0, 0, 31, 0, 0, 8162.50, 3, 0, 0, 0.43, 1896, 1169, 7511.33, 20896, 19229
1694903274, 0, 0, 31, 0, 0, 8162.50, 3, 0, 0, 10.34, 1897, 1172, 7511.33, 20896, 19229
1694903281, 0, 0, 31, 0, 0, 8162.50, 3, 0, 0, 0.14, 1898, 1172, 7511.33, 20896, 19229
1694903305, 0, 0, 31, 0, 0, 8162.50, 3, 0, 0, 0.08, 1899, 1173, 7511.33, 20896, 19229
1694903305, 0, 0, 31, 0, 0, 8162.50, 3, 0, 0, 12.05, 1900, 1176, 7511.33, 20896, 19229
1694903306, 0, 0, 31, 0, 0, 8162.50, 3, 0, 0, 3.50, 1902, 1176, 7511.33, 20896, 19229
1694903311, 0, 0, 31, 0, 0, 8162.50, 3, 0, 0, 0.61, 1904, 1177, 7511.33, 20896, 19229
1694903311, 0, 0, 31, 0, 0, 8162.50, 3, 0, 0, 10.84, 1907, 1178, 7511.33, 20896, 19229
1694903312, 0, 0, 31, 0, 0, 8162.50, 3, 0, 0, 13.66, 1910, 1180, 7511.33, 20896, 19229
1694903316, 0, 0, 31, 0, 0, 8162.50, 3, 0, 0, 0.76, 1912, 1181, 7511.33, 20896, 19229
1694903316, 0, 0, 31, 0, 0, 8162.50, 3, 0, 0, 11.14, 1913, 1184, 7511.33, 20896, 19229
1694903321, 0, 0, 31, 0, 0, 8162.50, 3, 0, 0, 0.36, 1914, 1185, 7511.33, 20896, 19229
1694903327, 0, 0, 31, 0, 0, 8162.50, 3, 0, 0, 0.18, 1915, 1185, 7511.33, 20896, 19229
1694903336, 0, 0, 31, 0, 0, 8162.50, 3, 0, 0, 0.11, 1916, 1185, 7511.33, 20896, 19229
1694903337, 0, 0, 31, 0, 0, 8162.50, 3, 0, 0, 1.99, 1917, 1185, 7511.33, 20896, 19229
1694903337, 0, 0, 31, 0, 0, 8162.50, 3, 0, 0, 10.75, 1918, 1188, 7511.33, 20896, 19229
1694903343, 0, 0, 31, 0, 0, 8162.50, 3, 0, 0, 0.52, 1920, 1189, 7511.33, 20896, 19229
1694903348, 0, 0, 31, 0, 0, 8162.50, 3, 0, 0, 0.74, 1921, 1192, 7511.33, 20896, 19229
1694903353, 0, 0, 31, 0, 0, 8162.50, 3, 0, 0, 0.42, 1923, 1192, 7511.33, 20896, 19229
1694903365, 0, 0, 31, 0, 0, 8162.50, 3, 0, 0, 0.08, 1924, 1192, 7511.33, 20896, 19229
1694903365, 0, 0, 31, 0, 0, 8162.50, 3, 0, 0, 15.48, 1927, 1194, 7511.33, 20896, 19229
1694903365, 0, 0, 31, 0, 0, 8162.50, 3, 0, 0, 5.01, 1929, 1194, 7511.33, 20896, 19229
1694903366, 0, 0, 31, 0, 0, 8162.50, 3, 0, 0, 14.45, 1931, 1197, 7511.33, 20896, 19229
1694903366, 0, 0, 31, 0, 0, 8162.50, 3, 0, 0, 12.74, 1933, 1199, 7511.33, 20896, 19229
1694903371, 0, 0, 31, 0, 0, 8162.50, 3, 0, 0, 0.82, 1935, 1201, 7511.33, 20896, 19229
1694903377, 0, 0, 31, 0, 0, 8162.50, 3, 0, 0, 0.36, 1937, 1201, 7511.33, 20896, 19229
1694903377, 0, 0, 31, 0, 0, 8162.50, 3, 0, 0, 14.12, 1941, 1202, 7511.33, 20896, 19229
1694903377, 0, 0, 31, 0, 0, 8162.50, 3, 0, 0, 15.67, 1944, 1204, 7511.33, 20896, 19229
1694903385, 0, 0, 31, 0, 0, 8162.50, 3, 0, 0, 0.67, 1946, 1207, 7511.33, 20896, 19229
1694903392, 0, 0, 31, 0, 0, 8162.50, 3, 0, 0, 0.13, 1947, 1207, 7511.33, 20896, 19229
1694903397, 0, 0, 31, 0, 0, 8162.50, 3, 0, 0, 0.48, 1948, 1208, 7511.33, 20896, 19229
1694903397, 0, 0, 31, 0, 0, 8162.50, 3, 0, 0, 14.42, 1953, 1209, 7511.33, 20896, 19229
1694903397, 0, 0, 31, 0, 0, 8162.50, 3, 0, 0, 11.17, 1955, 1211, 7511.33, 20896, 19229
1694903404, 0, 0, 31, 0, 0, 8162.50, 3, 0, 0, 0.65, 1958, 1212, 7511.33, 20896, 19229
1694903404, 0, 0, 31, 0, 0, 8162.50, 3, 0, 0, 9.83, 1960, 1214, 7511.33, 20896, 19229
1694903416, 0, 0, 31, 0, 0, 8162.50, 3, 0, 0, 0.16, 1962, 1214, 7511.33, 20896, 19229
1694903417, 0, 0, 31, 0, 0, 8162.50, 3, 0, 0, 7.96, 1964, 1215, 7511.33, 20896, 19229
1694903417, 0, 0, 31, 0, 0, 8162.50, 3, 0, 0, 12.94, 1966, 1217, 7511.33, 20896, 19229
1694903417, 0, 0, 31, 0, 0, 8162.50, 3, 0, 0, 5.36, 1966, 1219, 7511.33, 20896, 19229
1694903418, 0, 0, 31, 0, 0, 8162.50, 3, 0, 0, 6.88, 1967, 1221, 7511.33, 20896, 19229
1694903418, 0, 0, 31, 0, 0, 8162.50, 3, 0, 0, 4.99, 1969, 1221, 7511.33, 20896, 19229
1694903419, 0, 0, 31, 0, 0, 8162.50, 3, 0, 0, 5.28, 1971, 1222, 7511.33, 20896, 19229
1694903419, 0, 0, 31, 0, 0, 8162.50, 3, 0, 0, 6.38, 1973, 1223, 7511.33, 20896, 19229
1694903425, 0, 0, 31, 0, 0, 8162.50, 3, 0, 0, 0.17, 1974, 1223, 7511.33, 20896, 19229
1694903426, 0, 0, 31, 0, 0, 8162.50, 3, 0, 0, 6.67, 1976, 1223, 7511.33, 20896, 19229
1694903426, 0, 0, 31, 0, 0, 8162.50, 3, 0, 0, 8.17, 1976, 1226, 7511.33, 20896, 19229
1694903436, 0, 0, 31, 0, 0, 8162.50, 3, 0, 0, 0.10, 1977, 1226, 7511.33, 20896, 19229
1694903442, 0, 0, 31, 0, 0, 8162.50, 3, 0, 0, 0.33, 1978, 1227, 7511.33, 20896, 19229
1694903443, 0, 0, 31, 0, 0, 8162.50, 3, 0, 0, 6.37, 1979, 1228, 7511.33, 20896, 19229
1694903443, 0, 0, 31, 0, 0, 8162.50, 3, 0, 0, 7.85, 1981, 1229, 7511.33, 20896, 19229
1694903443, 0, 0, 31, 0, 0, 8162.50, 3, 0, 0, 9.09, 1984, 1229, 7511.33, 20896, 19229
1694903444, 0, 0, 31, 0, 0, 8162.50, 3, 0, 0, 11.80, 1986, 1231, 7511.33, 20896, 19229
1694903450, 0, 0, 31, 0, 0, 8162.50, 3, 0, 0, 0.60, 1988, 1233, 7511.33, 20896, 19229
1694903458, 0, 0, 31, 0, 0, 8162.50, 3, 0, 0, 0.27, 1989, 1234, 7511.33, 20896, 19229
1694903458, 0, 0, 31, 0, 0, 8162.50, 3, 0, 0, 8.29, 1992, 1234, 7511.33, 20896, 19229
1694903458, 0, 0, 31, 0, 0, 8162.50, 3, 0, 0, 15.43, 1994, 1237, 7511.33, 20896, 19229
1694903459, 0, 0, 31, 0, 0, 8162.50, 3, 0, 0, 12.86, 1996, 1239, 7511.33, 20896, 19229
1694903459, 0, 0, 31, 0, 0, 8162.50, 3, 0, 0, 3.80, 1998, 1239, 7511.33, 20896, 19229
1694903460, 0, 0, 31, 0, 0, 8162.50, 3, 0, 0, 5.39, 2000, 1239, 7511.33, 20896, 19229
1694903466, 0, 0, 31, 0, 0, 8162.50, 3, 0, 0, 0.32, 2002, 1239, 7511.33, 20896, 19229
1694903466, 0, 0, 31, 0, 0, 8162.50, 3, 0, 0, 8.72, 2004, 1240, 7511.33, 20896, 19229
1694903472, 0, 0, 31, 0, 0, 8162.50, 3, 0, 0, 0.18, 2005, 1240, 7511.33, 20896, 19229
1694903472, 0, 0, 31, 0, 0, 8162.50, 3, 0, 0, 9.55, 2008, 1241, 7511.33, 20896, 19229
1694903477, 0, 0, 31, 0, 0, 8162.50, 3, 0, 0, 0.57, 2010, 1242, 7511.33, 20896, 19229
1694903478, 0, 0, 31, 0, 0, 8162.50, 3, 0, 0, 6.33, 2011, 1243, 7511.33, 20896, 19229
1694903478, 0, 0, 31, 0, 0, 8162.50, 3, 0, 0, 7.61, 2012, 1245, 7511.33, 20896, 19229
1694903490, 0, 0, 31, 0, 0, 8162.50, 3, 0, 0, 0.09, 2013, 1245, 7511.33, 20896, 19229
1694903496, 0, 0, 31, 0, 0, 8162.50, 3, 0, 0, 0.77, 2015, 1248, 7511.33, 20896, 19229
1694903512, 0, 0, 31, 0, 0, 8162.50, 3, 0, 0, 0.25, 2019, 1248, 7511.33, 20896, 19229
1694903513, 0, 0, 31, 0, 0, 8162.50, 3, 0, 0, 3.24, 2020, 1248, 7511.33, 20896, 19229
1694903519, 0, 0, 31, 0, 0, 8162.50, 3, 0, 0, 0.16, 2021, 1248, 7511.33, 20896, 19229
1694903519, 0, 0, 31, 0, 0, 8162.50, 3, 0, 0, 11.27, 2023, 1250, 7511.33, 20896, 19229
1694903520, 0, 0, 31, 0, 0, 8162.50, 3, 0, 0, 9.29, 2026, 1250, 7511.33, 20896, 19229
1694903525, 0, 0, 31, 0, 0, 8162.50, 3, 0, 0, 0.17, 2027, 1250, 7511.33, 20896, 19229
1694903532, 0, 0, 31, 0, 0, 8162.50, 3, 0, 0, 0.32, 2029, 1250, 7511.33, 20896, 19229
1694903532, 0, 0, 31, 0, 0, 8162.50, 3, 0, 0, 12.70, 2030, 1253, 7511.33, 20896, 19229
1694903532, 0, 0, 31, 0, 0, 8162.50, 3, 0, 0, 6.67, 2032, 1254, 7511.33, 20896, 19229
1694903533, 0, 0, 31, 0, 0, 8162.50, 3, 0, 0, 4.82, 2033, 1255, 7511.33, 20896, 19229
1694903557, 0, 0, 31, 0, 0, 8162.50, 3, 0, 0, 0.13, 2036, 1255, 7511.33, 20896, 19229
1694903568, 0, 0, 31, 0, 0, 8162.50, 3, 0, 0, 0.27, 2039, 1255, 7511.33, 20896, 19229
1694903568, 0, 0, 31, 0, 0, 8162.50, 3, 0, 0, 11.80, 2042, 1256, 7511.33, 20896, 19229
1694903569, 0, 0, 31, 0, 0, 8162.50, 3, 0, 0, 4.01, 2044, 1256, 7511.33, 20896, 19229
1694903577, 0, 0, 31, 0, 0, 8162.50, 3, 0, 0, 0.13, 2045, 1256, 7511.33, 20896, 19229
1694903577, 0, 0, 31, 0, 0, 8162.50, 3, 0, 0, 6.58, 2046, 1257, 7511.33, 20896, 19229
1694903577, 0, 0, 31, 0, 0, 8162.50, 3, 0, 0, 6.13, 2048, 1257, 7511.33, 20896, 19229
1694903578, 0, 0, 31, 0, 0, 8162.50, 3, 0, 0, 9.71, 2049, 1260, 7511.33, 20896, 19229
1694903578, 0, 0, 31, 0, 0, 8162.50, 3, 0, 0, 8.67, 2051, 1261, 7511.33, 20896, 19229
1694903578, 0, 0, 31, 0, 0, 8162.50, 3, 0, 0, 16.23, 2053, 1264, 7511.33, 20896, 19229
1694903586, 0, 0, 31, 0, 0, 8162.50, 3, 0, 0, 0.38, 2055, 1265, 7511.33, 20896, 19229
1694903586, 0, 0, 31, 0, 0, 8162.50, 3, 0, 0, 9.93, 2055, 1268, 7511.33, 20896, 19229
1694903587, 0, 0, 31, 0, 0, 8162.50, 3, 0, 0, 8.43, 2057, 1269, 7511.33, 20896, 19229
1694903587, 0, 0, 31, 0, 0, 8162.50, 3, 0, 0, 4.25, 2058, 1270, 7511.33, 20896, 19229
1694903588, 0, 0, 31, 0, 0, 8162.50, 3, 0, 0, 2.99, 2059, 1270, 7511.33, 20896, 19229
1694903588, 0, 0, 31, 0, 0, 8162.50, 3, 0, 0, 6.61, 2061, 1271, 7511.33, 20896, 19229
1694903589, 0, 0, 31, 0, 0, 8162.50, 3, 0, 0, 3.98, 2062, 1272, 7511.33, 20896, 19229
1694903589, 0, 0, 31, 0, 0, 8162.50, 3, 0, 0, 9.40, 2062, 1275, 7511.33, 20896, 19229
1694903594, 0, 0, 31, 0, 0, 8162.50, 3, 0, 0, 0.18, 2063, 1275, 7511.33, 20896, 19229
1694903595, 0, 0, 31, 0, 0, 8162.50, 3, 0, 0, 9.09, 2066, 1276, 7511.33, 20896, 19229
1694903595, 0, 0, 31, 0, 0, 8162.50, 3, 0, 0, 7.21, 2068, 1277, 7511.33, 20896, 19229
1694903596, 0, 0, 31, 0, 0, 8162.50, 3, 0, 0, 7.32, 2071, 1277, 7511.33, 20896, 19229
1694903602, 0, 0, 31, 0, 0, 8162.50, 3, 0, 0, 0.15, 2072, 1277, 7511.33, 20896, 19229
1694903602, 0, 0, 31, 0, 0, 8162.50, 3, 0, 0, 11.20, 2074, 1279, 7511.33, 20896, 19229
1694903603, 0, 0, 31, 0, 0, 8162.50, 3, 0, 0, 6.58, 2075, 1280, 7511.33, 20896, 19229
1694903603, 0, 0, 31, 0, 0, 8162.50, 3, 0, 0, 8.06, 2077, 1281, 7511.33, 20896, 19229
1694903603, 0, 0, 31, 0, 0, 8162.50, 3, 0, 0, 10.39, 2079, 1283, 7511.33, 20896, 19229
1694903604, 0, 0, 31, 0, 0, 8162.50, 3, 0, 0, 4.65, 2081, 1283, 7511.33, 20896, 19229
1694903604, 0, 0, 31, 0, 0, 8162.50, 3, 0, 0, 5.56, 2081, 1285, 7511.33, 20896, 19229
1694903605, 0, 0, 31, 0, 0, 8162.50, 3, 0, 0, 8.67, 2082, 1287, 7511.33, 20896, 19229
1694903605, 0, 0, 31, 0, 0, 8162.50, 3, 0, 0, 10.39, 2084, 1289, 7511.33, 20896, 19229
1694903605, 0, 0, 31, 0, 0, 8162.50, 3, 0, 0, 8.43, 2085, 1291, 7511.33, 20896, 19229
1694903606, 0, 0, 31, 0, 0, 8162.50, 3, 0, 0, 8.77, 2087, 1292, 7511.33, 20896, 19229
1694903627, 0, 0, 31, 0, 0, 8162.50, 3, 0, 0, 0.09, 2089, 1292, 7511.33, 20896, 19229
1694903635, 0, 0, 31, 0, 0, 8162.50, 3, 0, 0, 0.38, 2092, 1292, 7511.33, 20896, 19229
1694903635, 0, 0, 31, 0, 0, 8162.50, 3, 0, 0, 9.23, 2093, 1294, 7511.33, 20896, 19229
1694903640, 0, 0, 31, 0, 0, 8162.50, 3, 0, 0, 0.41, 2094, 1295, 7511.33, 20896, 19229
1694903646, 0, 0, 31, 0, 0, 8162.50, 3, 0, 0, 0.17, 2095, 1295, 7511.33, 20896, 19229
1694903646, 0, 0, 31, 0, 0, 8162.50, 3, 0, 0, 5.80, 2097, 1295, 7511.33, 20896, 19229
1694903647, 0, 0, 31, 0, 0, 8162.50, 3, 0, 0, 6.51, 2098, 1296, 7511.33, 20896, 19229
1694903654, 0, 0, 31, 0, 0, 8162.50, 3, 0, 0, 0.26, 2100, 1296, 7511.33, 20896, 19229
1694903655, 0, 0, 31, 0, 0, 8162.50, 3, 0, 0, 13.93, 2100, 1301, 7511.33, 20896, 19229
1694903655, 0, 0, 31, 0, 0, 8162.50, 3, 0, 0, 11.73, 2101, 1304, 7511.33, 20896, 19229
1694903661, 0, 0, 31, 0, 0, 8162.50, 3, 0, 0, 0.48, 2103, 1305, 7511.33, 20896, 19229
1694903662, 0, 0, 31, 0, 0, 8162.50, 3, 0, 0, 7.89, 2104, 1307, 7511.33, 20896, 19229
1694903662, 0, 0, 31, 0, 0, 8162.50, 3, 0, 0, 5.12, 2106, 1307, 7511.33, 20896, 19229
1694903662, 0, 0, 31, 0, 0, 8162.50, 3, 0, 0, 4.87, 2107, 1308, 7511.33, 20896, 19229
1694903668, 0, 0, 31, 0, 0, 8162.50, 3, 0, 0, 0.37, 2109, 1308, 7511.33, 20896, 19229
1694903668, 0, 0, 31, 0, 0, 8162.50, 3, 0, 0, 5.91, 2111, 1309, 7511.33, 20896, 19229
1694903669, 0, 0, 31, 0, 0, 8162.50, 3, 0, 0, 4.32, 2112, 1310, 7511.33, 20896, 19229
1694903669, 0, 0, 31, 0, 0, 8162.50, 3, 0, 0, 4.02, 2113, 1311, 7511.33, 20896, 19229
1694903682, 0, 0, 31, 0, 0, 8162.50, 3, 0, 0, 0.08, 2114, 1311, 7511.33, 20896, 19229
1694903687, 0, 0, 31, 0, 0, 8162.50, 3, 0, 0, 0.18, 2115, 1311, 7511.33, 20896, 19229
1694903688, 0, 0, 31, 0, 0, 8162.50, 3, 0, 0, 5.63, 2115, 1313, 7511.33, 20896, 19229
1694903688, 0, 0, 31, 0, 0, 8162.50, 3, 0, 0, 7.35, 2115, 1316, 7511.33, 20896, 19229
1694903695, 0, 0, 31, 0, 0, 8162.50, 3, 0, 0, 0.29, 2117, 1316, 7511.33, 20896, 19229
1694903710, 0, 0, 31, 0, 0, 8162.50, 3, 0, 0, 0.21, 2120, 1316, 7511.33, 20896, 19229
1694903715, 0, 0, 31, 0, 0, 8162.50, 3, 0, 0, 0.36, 2122, 1316, 7511.33, 20896, 19229
1694903715, 0, 0, 31, 0, 0, 8162.50, 3, 0, 0, 9.29, 2124, 1317, 7511.33, 20896, 19229
1694903723, 0, 0, 31, 0, 0, 8162.50, 3, 0, 0, 0.37, 2127, 1317, 7511.33, 20896, 19229
1694903724, 0, 0, 31, 0, 0, 8162.50, 3, 0, 0, 8.00, 2131, 1317, 7511.33, 20896, 19229
1694903724, 0, 0, 31, 0, 0, 8162.50, 3, 0, 0, 5.38, 2133, 1317, 7511.33, 20896, 19229
1694903725, 0, 0, 31, 0, 0, 8162.50, 3, 0, 0, 6.01, 2134, 1318, 7511.33, 20896, 19229
1694903725, 0, 0, 31, 0, 0, 8162.50, 3, 0, 0, 8.72, 2134, 1321, 7511.33, 20896, 19229
1694903732, 0, 0, 31, 0, 0, 8162.50, 3, 0, 0, 0.15, 2135, 1321, 7511.33, 20896, 19229
1694903732, 0, 0, 31, 0, 0, 8162.50, 3, 0, 0, 10.81, 2138, 1322, 7511.33, 20896, 19229
1694903739, 0, 0, 31, 0, 0, 8162.50, 3, 0, 0, 0.42, 2140, 1323, 7511.33, 20896, 19229
1694903740, 0, 0, 31, 0, 0, 8162.50, 3, 0, 0, 9.30, 2141, 1326, 7511.33, 20896, 19229
1694903740, 0, 0, 31, 0, 0, 8162.50, 3, 0, 0, 6.39, 2142, 1327, 7511.33, 20896, 19229
1694903746, 0, 0, 31, 0, 0, 8162.50, 3, 0, 0, 0.34, 2143, 1328, 7511.33, 20896, 19229
1694903751, 0, 0, 31, 0, 0, 8162.50, 3, 0, 0, 0.18, 2144, 1328, 7511.33, 20896, 19229
1694903752, 0, 0, 31, 0, 0, 8162.50, 3, 0, 0, 2.72, 2145, 1328, 7511.33, 20896, 19229
1694903752, 0, 0, 31, 0, 0, 8162.50, 3, 0, 0, 6.25, 2146, 1329, 7511.33, 20896, 19229
1694903752, 0, 0, 31, 0, 0, 8162.50, 3, 0, 0, 7.63, 2147, 1331, 7511.33, 20896, 19229
1694903753, 0, 0, 31, 0, 0, 8162.50, 3, 0, 0, 8.96, 2149, 1332, 7511.33, 20896, 19229
1694903753, 0, 0, 31, 0, 0, 8162.50, 3, 0, 0, 8.09, 2151, 1333, 7511.33, 20896, 19229
1694903754, 0, 0, 31, 0, 0, 8162.50, 3, 0, 0, 8.24, 2153, 1334, 7511.33, 20896, 19229
1694903754, 0, 0, 31, 0, 0, 8162.50, 3, 0, 0, 5.08, 2154, 1335, 7511.33, 20896, 19229
1694903754, 0, 0, 31, 0, 0, 8162.50, 3, 0, 0, 5.56, 2155, 1336, 7511.33, 20896, 19229
1694903755, 0, 0, 31, 0, 0, 8162.50, 3, 0, 0, 5.35, 2155, 1338, 7511.33, 20896, 19229
1694903755, 0, 0, 31, 0, 0, 8162.50, 3, 0, 0, 3.96, 2158, 1338, 7511.33, 20896, 19229
1694903761, 0, 0, 31, 0, 0, 8162.50, 3, 0, 0, 0.18, 2159, 1338, 7511.33, 20896, 19229
1694903768, 0, 0, 31, 0, 0, 8162.50, 3, 0, 0, 0.14, 2160, 1338, 7511.33, 20896, 19229
1694903776, 0, 0, 31, 0, 0, 8162.50, 3, 0, 0, 0.26, 2162, 1338, 7511.33, 20896, 19229
1694903776, 0, 0, 31, 0, 0, 8162.50, 3, 0, 0, 5.09, 2163, 1339, 7511.33, 20896, 19229
1694903776, 0, 0, 31, 0, 0, 8162.50, 3, 0, 0, 7.77, 2165, 1340, 7511.33, 20896, 19229
1694903782, 0, 0, 31, 0, 0, 8162.50, 3, 0, 0, 0.17, 2166, 1340, 7511.33, 20896, 19229
1694903782, 0, 0, 31, 0, 0, 8162.50, 3, 0, 0, 9.09, 2169, 1340, 7511.33, 20896, 19229
1694903788, 0, 0, 31, 0, 0, 8162.50, 3, 0, 0, 0.51, 2172, 1340, 7511.33, 20896, 19229
1694903789, 0, 0, 31, 0, 0, 8162.50, 3, 0, 0, 6.60, 2173, 1341, 7511.33, 20896, 19229
1694903794, 0, 0, 31, 0, 0, 8162.50, 3, 0, 0, 0.56, 2174, 1343, 7511.33, 20896, 19229
1694903801, 0, 0, 31, 0, 0, 8162.50, 3, 0, 0, 0.14, 2175, 1343, 7511.33, 20896, 19229
1694903808, 0, 0, 31, 0, 0, 8162.50, 3, 0, 0, 0.56, 2177, 1345, 7511.33, 20896, 19229
1694903809, 0, 0, 31, 0, 0, 8162.50, 3, 0, 0, 4.64, 2179, 1345, 7511.33, 20896, 19229
1694903809, 0, 0, 31, 0, 0, 8162.50, 3, 0, 0, 10.31, 2181, 1347, 7511.33, 20896, 19229
1694903810, 0, 0, 31, 0, 0, 8162.50, 3, 0, 0, 6.33, 2182, 1349, 7511.33, 20896, 19229
1694903815, 0, 0, 31, 0, 0, 8162.50, 3, 0, 0, 0.20, 2183, 1349, 7511.33, 20896, 19229
1694903815, 0, 0, 31, 0, 0, 8162.50, 3, 0, 0, 2.88, 2184, 1349, 7511.33, 20896, 19229
1694903820, 0, 0, 31, 0, 0, 8162.50, 3, 0, 0, 0.38, 2185, 1350, 7511.33, 20896, 19229
1694903821, 0, 0, 31, 0, 0, 8162.50, 3, 0, 0, 5.32, 2187, 1350, 7511.33, 20896, 19229
1694903821, 0, 0, 31, 0, 0, 8162.50, 3, 0, 0, 8.88, 2190, 1350, 7511.33, 20896, 19229
1694903837, 0, 0, 31, 0, 0, 8162.50, 3, 0, 0, 0.06, 2191, 1350, 7511.33, 20896, 19229
1694903837, 0, 0, 31, 0, 0, 8162.50, 3, 0, 0, 3.49, 2193, 1350, 7511.33, 20896, 19229
1694903838, 0, 0, 31, 0, 0, 8162.50, 3, 0, 0, 12.20, 2195, 1352, 7511.33, 20896, 19229
1694903838, 0, 0, 31, 0, 0, 8162.50, 3, 0, 0, 8.17, 2198, 1352, 7511.33, 20896, 19229
1694903838, 0, 0, 31, 0, 0, 8162.50, 3, 0, 0, 4.68, 2200, 1352, 7511.33, 20896, 19229
1694903844, 0, 0, 31, 0, 0, 8162.50, 3, 0, 0, 0.19, 2201, 1352, 7511.33, 20896, 19229
1694903844, 0, 0, 31, 0, 0, 8162.50, 3, 0, 0, 11.70, 2203, 1354, 7511.33, 20896, 19229
1694903844, 0, 0, 31, 0, 0, 8162.50, 3, 0, 0, 13.66, 2205, 1357, 7511.33, 20896, 19229
1694903845, 0, 0, 31, 0, 0, 8162.50, 3, 0, 0, 8.80, 2206, 1359, 7511.33, 20896, 19229
1694903852, 0, 0, 31, 0, 0, 8162.50, 3, 0, 0, 0.26, 2208, 1359, 7511.33, 20896, 19229
1694903853, 0, 0, 31, 0, 0, 8162.50, 3, 0, 0, 6.29, 2208, 1361, 7511.33, 20896, 19229
1694903853, 0, 0, 31, 0, 0, 8162.50, 3, 0, 0, 5.14, 2209, 1362, 7511.33, 20896, 19229
1694903859, 0, 0, 31, 0, 0, 8162.50, 3, 0, 0, 0.32, 2211, 1362, 7511.33, 20896, 19229
1694903860, 0, 0, 31, 0, 0, 8162.50, 3, 0, 0, 4.60, 2213, 1362, 7511.33, 20896, 19229
1694903860, 0, 0, 31, 0, 0, 8162.50, 3, 0, 0, 13.30, 2217, 1363, 7511.33, 20896, 19229
1694903867, 0, 0, 31, 0, 0, 8162.50, 3, 0, 0, 0.31, 2219, 1363, 7511.33, 20896, 19229
1694903867, 0, 0, 31, 0, 0, 8162.50, 3, 0, 0, 8.09, 2220, 1365, 7511.33, 20896, 19229
1694903867, 0, 0, 31, 0, 0, 8162.50, 3, 0, 0, 5.76, 2222, 1365, 7511.33, 20896, 19229
1694903868, 0, 0, 31, 0, 0, 8162.50, 3, 0, 0, 6.76, 2225, 1365, 7511.33, 20896, 19229
1694903868, 0, 0, 31, 0, 0, 8162.50, 3, 0, 0, 8.24, 2227, 1366, 7511.33, 20896, 19229
1694903868, 0, 0, 31, 0, 0, 8162.50, 3, 0, 0, 10.31, 2230, 1367, 7511.33, 20896, 19229
1694903869, 0, 0, 31, 0, 0, 8162.50, 3, 0, 0, 7.96, 2232, 1368, 7511.33, 20896, 19229
1694903869, 0, 0, 31, 0, 0, 8162.50, 3, 0, 0, 4.84, 2234, 1368, 7511.33, 20896, 19229
1694903870, 0, 0, 31, 0, 0, 8162.50, 3, 0, 0, 5.06, 2235, 1369, 7511.33, 20896, 19229
1694903875, 0, 0, 31, 0, 0, 8162.50, 3, 0, 0, 0.38, 2236, 1370, 7511.33, 20896, 19229
1694903875, 0, 0, 31, 0, 0, 8162.50, 3, 0, 0, 3.26, 2237, 1370, 7511.33, 20896, 19229
1694903876, 0, 0, 31, 0, 0, 8162.50, 3, 0, 0, 6.04, 2239, 1370, 7511.33, 20896, 19229
1694903876, 0, 0, 31, 0, 0, 8162.50, 3, 0, 0, 4.51, 2241, 1370, 7511.33, 20896, 19229
1694903876, 0, 0, 31, 0, 0, 8162.50, 3, 0, 0, 5.33, 2242, 1371, 7511.33, 20896, 19229
1694903877, 0, 0, 31, 0, 0, 8162.50, 3, 0, 0, 9.35, 2244, 1372, 7511.33, 20896, 19229
1694903877, 0, 0, 31, 0, 0, 8162.50, 3, 0, 0, 5.10, 2245, 1373, 7511.33, 20896, 19229
1694903878, 0, 0, 31, 0, 0, 8162.50, 3, 0, 0, 8.15, 2248, 1373, 7511.33, 20896, 19229
1694903885, 0, 0, 31, 0, 0, 8162.50, 3, 0, 0, 0.42, 2250, 1374, 7511.33, 20896, 19229
1694903891, 0, 0, 31, 0, 0, 8162.50, 3, 0, 0, 0.16, 2251, 1374, 7511.33, 20896, 19229
1694903891, 0, 0, 31, 0, 0, 8162.50, 3, 0, 0, 6.17, 2251, 1376, 7511.33, 20896, 19229
1694903892, 0, 0, 31, 0, 0, 8162.50, 3, 0, 0, 2.93, 2252, 1377, 7511.33, 20896, 19229
1694903892, 0, 0, 31, 0, 0, 8162.50, 3, 0, 0, 6.12, 2254, 1377, 7511.33, 20896, 19229
1694903893, 0, 0, 31, 0, 0, 8162.50, 3, 0, 0, 5.26, 2256, 1377, 7511.33, 20896, 19229
1694903893, 0, 0, 31, 0, 0, 8162.50, 3, 0, 0, 6.29, 2258, 1377, 7511.33, 20896, 19229
1694903893, 0, 0, 31, 0, 0, 8162.50, 3, 0, 0, 3.22, 2259, 1377, 7511.33, 20896, 19229
1694903898, 0, 0, 31, 0, 0, 8162.50, 3, 0, 0, 0.38, 2260, 1378, 7511.33, 20896, 19229
1694903904, 0, 0, 31, 0, 0, 8162.50, 3, 0, 0, 0.58, 2262, 1379, 7511.33, 20896, 19229
1694903904, 0, 0, 31, 0, 0, 8162.50, 3, 0, 0, 8.38, 2264, 1380, 7511.33, 20896, 19229
1694903904, 0, 0, 31, 0, 0, 8162.50, 3, 0, 0, 6.62, 2265, 1381, 7511.33, 20896, 19229
1694903905, 0, 0, 31, 0, 0, 8162.50, 3, 0, 0, 4.24, 2266, 1382, 7511.33, 20896, 19229
1694903912, 0, 0, 31, 0, 0, 8162.50, 3, 0, 0, 0.15, 2267, 1382, 7511.33, 20896, 19229
1694903912, 0, 0, 31, 0, 0, 8162.50, 3, 0, 0, 9.65, 2269, 1383, 7511.33, 20896, 19229
1694903912, 0, 0, 31, 0, 0, 8162.50, 3, 0, 0, 8.40, 2272, 1383, 7511.33, 20896, 19229
1694903913, 0, 0, 31, 0, 0, 8162.50, 3, 0, 0, 3.98, 2274, 1383, 7511.33, 20896, 19229
1694903913, 0, 0, 31, 0, 0, 8162.50, 3, 0, 0, 5.83, 2276, 1383, 7511.33, 20896, 19229
1694903913, 0, 0, 31, 0, 0, 8162.50, 3, 0, 0, 8.33, 2277, 1385, 7511.33, 20896, 19229
1694903914, 0, 0, 31, 0, 0, 8162.50, 3, 0, 0, 6.67, 2277, 1388, 7511.33, 20896, 19229
1694903922, 0, 0, 31, 0, 0, 8162.50, 3, 0, 0, 0.13, 2278, 1388, 7511.33, 20896, 19229
1694903928, 0, 0, 31, 0, 0, 8162.50, 3, 0, 0, 0.66, 2280, 1390, 7511.33, 20896, 19229
1694903935, 0, 0, 31, 0, 0, 8162.50, 3, 0, 0, 0.26, 2282, 1390, 7511.33, 20896, 19229
1694903936, 0, 0, 31, 0, 0, 8162.50, 3, 0, 0, 10.84, 2284, 1392, 7511.33, 20896, 19229
1694903942, 0, 0, 31, 0, 0, 8162.50, 3, 0, 0, 0.46, 2286, 1393, 7511.33, 20896, 19229
1694903943, 0, 0, 31, 0, 0, 8162.50, 3, 0, 0, 12.31, 2288, 1395, 7511.33, 20896, 19229
1694903943, 0, 0, 31, 0, 0, 8162.50, 3, 0, 0, 9.04, 2291, 1395, 7511.33, 20896, 19229
1694903943, 0, 0, 31, 0, 0, 8162.50, 3, 0, 0, 8.65, 2293, 1396, 7511.33, 20896, 19229
1694903944, 0, 0, 31, 0, 0, 8162.50, 3, 0, 0, 12.74, 2294, 1399, 7511.33, 20896, 19229
1694903944, 0, 0, 31, 0, 0, 8162.50, 3, 0, 0, 12.42, 2296, 1401, 7511.33, 20896, 19229
1694903944, 0, 0, 31, 0, 0, 8162.50, 3, 0, 0, 8.75, 2298, 1403, 7511.33, 20896, 19229
1694903945, 0, 0, 31, 0, 0, 8162.50, 3, 0, 0, 14.20, 2301, 1405, 7511.33, 20896, 19229
1694903945, 0, 0, 31, 0, 0, 8162.50, 3, 0, 0, 13.25, 2302, 1408, 7511.33, 20896, 19229
1694903945, 0, 0, 31, 0, 0, 8162.50, 3, 0, 0, 9.80, 2303, 1410, 7511.33, 20896, 19229
1694903946, 0, 0, 31, 0, 0, 8162.50, 3, 0, 0, 7.77, 2304, 1412, 7511.33, 20896, 19229
1694903946, 0, 0, 31, 0, 0, 8162.50, 3, 0, 0, 7.26, 2305, 1414, 7511.33, 20896, 19229
1694903946, 0, 0, 31, 0, 0, 8162.50, 3, 0, 0, 10.47, 2307, 1416, 7511.33, 20896, 19229
1694903947, 0, 0, 31, 0, 0, 8162.50, 3, 0, 0, 12.58, 2307, 1420, 7511.33, 20896, 19229
1694903953, 0, 0, 31, 0, 0, 8162.50, 3, 0, 0, 0.15, 2308, 1420, 7511.33, 20896, 19229
1694903954, 0, 0, 31, 0, 0, 8162.50, 3, 0, 0, 10.84, 2311, 1421, 7511.33, 20896, 19229
1694903962, 0, 0, 31, 0, 0, 8162.50, 3, 0, 0, 0.39, 2313, 1422, 7511.33, 20896, 19229
1694903962, 0, 0, 31, 0, 0, 8162.50, 3, 0, 0, 11.30, 2315, 1424, 7511.33, 20896, 19229
1694903962, 0, 0, 31, 0, 0, 8162.50, 3, 0, 0, 6.74, 2317, 1425, 7511.33, 20896, 19229
1694903968, 0, 0, 31, 0, 0, 8162.50, 3, 0, 0, 0.49, 2318, 1427, 7511.33, 20896, 19229
1694903976, 0, 0, 31, 0, 0, 8162.50, 3, 0, 0, 0.26, 2320, 1427, 7511.33, 20896, 19229
1694903976, 0, 0, 31, 0, 0, 8162.50, 3, 0, 0, 6.58, 2321, 1428, 7511.33, 20896, 19229
1694903977, 0, 0, 31, 0, 0, 8162.50, 3, 0, 0, 6.56, 2321, 1430, 7511.33, 20896, 19229
1694903977, 0, 0, 31, 0, 0, 8162.50, 3, 0, 0, 7.06, 2324, 1430, 7511.33, 20896, 19229
1694903987, 0, 0, 31, 0, 0, 8162.50, 3, 0, 0, 0.11, 2325, 1430, 7511.33, 20896, 19229
1694903993, 0, 0, 31, 0, 0, 8162.50, 3, 0, 0, 0.15, 2326, 1430, 7511.33, 20896, 19229
1694903999, 0, 0, 31, 0, 0, 8162.50, 3, 0, 0, 0.34, 2327, 1431, 7511.33, 20896, 19229
1694904007, 0, 0, 31, 0, 0, 8162.50, 3, 0, 0, 0.41, 2329, 1432, 7511.33, 20896, 19229
1694904007, 0, 0, 31, 0, 0, 8162.50, 3, 0, 0, 3.29, 2330, 1432, 7511.33, 20896, 19229
1694904007, 0, 0, 31, 0, 0, 8162.50, 3, 0, 0, 4.51, 2331, 1433, 7511.33, 20896, 19229
1694904008, 0, 0, 31, 0, 0, 8162.50, 3, 0, 0, 5.78, 2333, 1433, 7511.33, 20896, 19229
1694904008, 0, 0, 31, 0, 0, 8162.50, 3, 0, 0, 9.77, 2335, 1434, 7511.33, 20896, 19229
1694904009, 0, 0, 31, 0, 0, 8162.50, 3, 0, 0, 1.65, 2336, 1434, 7511.33, 20896, 19229
1694904009, 0, 0, 31, 0, 0, 8162.50, 3, 0, 0, 6.23, 2336, 1436, 7511.33, 20896, 19229
1694904009, 0, 0, 31, 0, 0, 8162.50, 3, 0, 0, 5.85, 2338, 1436, 7511.33, 20896, 19229
1694904016, 0, 0, 31, 0, 0, 8162.50, 3, 0, 0, 0.16, 2339, 1436, 7511.33, 20896, 19229
1694904016, 0, 0, 31, 0, 0, 8162.50, 3, 0, 0, 2.92, 2340, 1436, 7511.33, 20896, 19229
1694904016, 0, 0, 31, 0, 0, 8162.50, 3, 0, 0, 4.60, 2341, 1437, 7511.33, 20896, 19229
1694904017, 0, 0, 31, 0, 0, 8162.50, 3, 0, 0, 3.06, 2342, 1437, 7511.33, 20896, 19229
1694904017, 0, 0, 31, 0, 0, 8162.50, 3, 0, 0, 2.30, 2343, 1437, 7511.33, 20896, 19229
1694904023, 0, 0, 31, 0, 0, 8162.50, 3, 0, 0, 0.34, 2344, 1438, 7511.33, 20896, 19229
1694904029, 0, 0, 31, 0, 0, 8162.50, 3, 0, 0, 0.32, 2346, 1438, 7511.33, 20896, 19229
1694904030, 0, 0, 31, 0, 0, 8162.50, 3, 0, 0, 6.43, 2347, 1439, 7511.33, 20896, 19229
1694904030, 0, 0, 31, 0, 0, 8162.50, 3, 0, 0, 4.68, 2348, 1440, 7511.33, 20896, 19229
1694904030, 0, 0, 31, 0, 0, 8162.50, 3, 0, 0, 5.05, 2350, 1440, 7511.33, 20896, 19229
1694904031, 0, 0, 31, 0, 0, 8162.50, 3, 0, 0, 3.73, 2351, 1441, 7511.33, 20896, 19229
1694904031, 0, 0, 31, 0, 0, 8162.50, 3, 0, 0, 4.52, 2351, 1443, 7511.33, 20896, 19229
1694904032, 0, 0, 31, 0, 0, 8162.50, 3, 0, 0, 4.52, 2352, 1444, 7511.33, 20896, 19229
1694904032, 0, 0, 31, 0, 0, 8162.50, 3, 0, 0, 6.67, 2354, 1444, 7511.33, 20896, 19229
1694904038, 0, 0, 31, 0, 0, 8162.50, 3, 0, 0, 0.35, 2356, 1444, 7511.33, 20896, 19229
1694904038, 0, 0, 31, 0, 0, 8162.50, 3, 0, 0, 6.49, 2357, 1445, 7511.33, 20896, 19229
1694904039, 0, 0, 31, 0, 0, 8162.50, 3, 0, 0, 4.31, 2358, 1446, 7511.33, 20896, 19229
1694904044, 0, 0, 31, 0, 0, 8162.50, 3, 0, 0, 0.17, 2359, 1446, 7511.33, 20896, 19229
1694904045, 0, 0, 31, 0, 0, 8162.50, 3, 0, 0, 2.74, 2360, 1446, 7511.33, 20896, 19229
1694904050, 0, 0, 31, 0, 0, 8162.50, 3, 0, 0, 0.61, 2361, 1448, 7511.33, 20896, 19229
1694904056, 0, 0, 31, 0, 0, 8162.50, 3, 0, 0, 0.33, 2363, 1448, 7511.33, 20896, 19229
1694904061, 0, 0, 31, 0, 0, 8162.50, 3, 0, 0, 0.35, 2364, 1449, 7511.33, 20896, 19229
1694904062, 0, 0, 31, 0, 0, 8162.50, 3, 0, 0, 9.04, 2366, 1450, 7511.33, 20896, 19229
1694904062, 0, 0, 31, 0, 0, 8162.50, 3, 0, 0, 7.85, 2367, 1452, 7511.33, 20896, 19229
1694904063, 0, 0, 31, 0, 0, 8162.50, 3, 0, 0, 6.73, 2369, 1453, 7511.33, 20896, 19229
1694904063, 0, 0, 31, 0, 0, 8162.50, 3, 0, 0, 5.00, 2370, 1454, 7511.33, 20896, 19229
1694904063, 0, 0, 31, 0, 0, 8162.50, 3, 0, 0, 10.64, 2372, 1456, 7511.33, 20896, 19229
1694904064, 0, 0, 31, 0, 0, 8162.50, 3, 0, 0, 5.56, 2372, 1458, 7511.33, 20896, 19229
1694904064, 0, 0, 31, 0, 0, 8162.50, 3, 0, 0, 3.87, 2374, 1458, 7511.33, 20896, 19229
1694904065, 0, 0, 31, 0, 0, 8162.50, 3, 0, 0, 7.61, 2376, 1459, 7511.33, 20896, 19229
1694904065, 0, 0, 31, 0, 0, 8162.50, 3, 0, 0, 9.62, 2376, 1462, 7511.33, 20896, 19229
1694904072, 0, 0, 31, 0, 0, 8162.50, 3, 0, 0, 0.45, 2378, 1463, 7511.33, 20896, 19229
1694904072, 0, 0, 31, 0, 0, 8162.50, 3, 0, 0, 6.41, 2379, 1464, 7511.33, 20896, 19229
1694904078, 0, 0, 31, 0, 0, 8162.50, 3, 0, 0, 0.16, 2380, 1464, 7511.33, 20896, 19229
1694904085, 0, 0, 31, 0, 0, 8162.50, 3, 0, 0, 0.43, 2382, 1465, 7511.33, 20896, 19229
1694904086, 0, 0, 31, 0, 0, 8162.50, 3, 0, 0, 3.57, 2384, 1465, 7511.33, 20896, 19229
1694904086, 0, 0, 31, 0, 0, 8162.50, 3, 0, 0, 5.92, 2385, 1466, 7511.33, 20896, 19229
1694904087, 0, 0, 31, 0, 0, 8162.50, 3, 0, 0, 4.96, 2386, 1467, 7511.33, 20896, 19229
1694904091, 0, 0, 31, 0, 0, 8162.50, 3, 0, 0, 0.63, 2386, 1470, 7511.33, 20896, 19229
1694904092, 0, 0, 31, 0, 0, 8162.50, 3, 0, 0, 5.01, 2387, 1471, 7511.33, 20896, 19229
1694904106, 0, 0, 31, 0, 0, 8162.50, 3, 0, 0, 0.14, 2388, 1472, 7511.33, 20896, 19229
1694904106, 0, 0, 31, 0, 0, 8162.50, 3, 0, 0, 6.47, 2390, 1472, 7511.33, 20896, 19229
1694904107, 0, 0, 31, 0, 0, 8162.50, 3, 0, 0, 5.38, 2392, 1472, 7511.33, 20896, 19229
1694904107, 0, 0, 31, 0, 0, 8162.50, 3, 0, 0, 4.41, 2394, 1472, 7511.33, 20896, 19229
1694904115, 0, 0, 31, 0, 0, 8162.50, 3, 0, 0, 0.13, 2395, 1472, 7511.33, 20896, 19229
1694904115, 0, 0, 31, 0, 0, 8162.50, 3, 0, 0, 10.55, 2396, 1475, 7511.33, 20896, 19229
1694904120, 0, 0, 31, 0, 0, 8162.50, 3, 0, 0, 0.38, 2396, 1477, 7511.33, 20896, 19229
1694904126, 0, 0, 31, 0, 0, 8162.50, 3, 0, 0, 0.51, 2398, 1478, 7511.33, 20896, 19229
1694904127, 0, 0, 31, 0, 0, 8162.50, 3, 0, 0, 6.51, 2400, 1478, 7511.33, 20896, 19229
1694904127, 0, 0, 31, 0, 0, 8162.50, 3, 0, 0, 2.87, 2401, 1478, 7511.33, 20896, 19229
1694904133, 0, 0, 31, 0, 0, 8162.50, 3, 0, 0, 0.34, 2402, 1479, 7511.33, 20896, 19229
1694904133, 0, 0, 31, 0, 0, 8162.50, 3, 0, 0, 4.67, 2403, 1480, 7511.33, 20896, 19229
1694904134, 0, 0, 31, 0, 0, 8162.50, 3, 0, 0, 5.70, 2405, 1481, 7511.33, 20896, 19229
1694904134, 0, 0, 31, 0, 0, 8162.50, 3, 0, 0, 6.27, 2406, 1482, 7511.33, 20896, 19229
1694904141, 0, 0, 31, 0, 0, 8162.50, 3, 0, 0, 0.46, 2408, 1483, 7511.33, 20896, 19229
1694904147, 0, 0, 31, 0, 0, 8162.50, 3, 0, 0, 0.30, 2410, 1483, 7511.33, 20896, 19229
1694904154, 0, 0, 31, 0, 0, 8162.50, 3, 0, 0, 0.14, 2411, 1483, 7511.33, 20896, 19229
1694904155, 0, 0, 31, 0, 0, 8162.50, 3, 0, 0, 7.39, 2414, 1483, 7511.33, 20896, 19229
1694904155, 0, 0, 31, 0, 0, 8162.50, 3, 0, 0, 5.70, 2415, 1484, 7511.33, 20896, 19229
1694904155, 0, 0, 31, 0, 0, 8162.50, 3, 0, 0, 2.81, 2416, 1484, 7511.33, 20896, 19229
1694904162, 0, 0, 31, 0, 0, 8162.50, 3, 0, 0, 0.29, 2417, 1485, 7511.33, 20896, 19229
1694904163, 0, 0, 31, 0, 0, 8162.50, 3, 0, 0, 5.48, 2417, 1487, 7511.33, 20896, 19229
1694904169, 0, 0, 31, 0, 0, 8162.50, 3, 0, 0, 0.33, 2419, 1487, 7511.33, 20896, 19229
1694904176, 0, 0, 31, 0, 0, 8162.50, 3, 0, 0, 0.13, 2420, 1487, 7511.33, 20896, 19229
1694904177, 0, 0, 31, 0, 0, 8162.50, 3, 0, 0, 2.70, 2421, 1487, 7511.33, 20896, 19229
1694904177, 0, 0, 31, 0, 0, 8162.50, 3, 0, 0, 4.94, 2421, 1489, 7511.33, 20896, 19229
1694904178, 0, 0, 31, 0, 0, 8162.50, 3, 0, 0, 6.41, 2423, 1490, 7511.33, 20896, 19229
1694904183, 0, 0, 31, 0, 0, 8162.50, 3, 0, 0, 0.52, 2426, 1490, 7511.33, 20896, 19229
1694904189, 0, 0, 31, 0, 0, 8162.50, 3, 0, 0, 0.71, 2430, 1490, 7511.33, 20896, 19229
1694904189, 0, 0, 31, 0, 0, 8162.50, 3, 0, 0, 8.31, 2431, 1492, 7511.33, 20896, 19229
1694904190, 0, 0, 31, 0, 0, 8162.50, 3, 0, 0, 9.90, 2432, 1494, 7511.33, 20896, 19229
1694904190, 0, 0, 31, 0, 0, 8162.50, 3, 0, 0, 9.09, 2434, 1495, 7511.33, 20896, 19229
1694904198, 0, 0, 31, 0, 0, 8162.50, 3, 0, 0, 0.25, 2436, 1495, 7511.33, 20896, 19229
1694904203, 0, 0, 31, 0, 0, 8162.50, 3, 0, 0, 0.18, 2437, 1495, 7511.33, 20896, 19229
1694904204, 0, 0, 31, 0, 0, 8162.50, 3, 0, 0, 9.52, 2439, 1496, 7511.33, 20896, 19229
1694904209, 0, 0, 31, 0, 0, 8162.50, 3, 0, 0, 0.20, 2440, 1496, 7511.33, 20896, 19229
1694904209, 0, 0, 31, 0, 0, 8162.50, 3, 0, 0, 6.93, 2443, 1496, 7511.33, 20896, 19229
1694904210, 0, 0, 31, 0, 0, 8162.50, 3, 0, 0, 4.51, 2444, 1497, 7511.33, 20896, 19229
1694904210, 0, 0, 31, 0, 0, 8162.50, 3, 0, 0, 4.99, 2446, 1497, 7511.33, 20896, 19229
1694904220, 0, 0, 31, 0, 0, 8162.50, 3, 0, 0, 0.21, 2448, 1497, 7511.33, 20896, 19229
1694904226, 0, 0, 31, 0, 0, 8162.50, 3, 0, 0, 0.31, 2449, 1498, 7511.33, 20896, 19229
1694904227, 0, 0, 31, 0, 0, 8162.50, 3, 0, 0, 6.05, 2452, 1498, 7511.33, 20896, 19229
1694904234, 0, 0, 31, 0, 0, 8162.50, 3, 0, 0, 0.28, 2454, 1498, 7511.33, 20896, 19229
1694904234, 0, 0, 31, 0, 0, 8162.50, 3, 0, 0, 5.51, 2455, 1500, 7511.33, 20896, 19229
1694904235, 0, 0, 31, 0, 0, 8162.50, 3, 0, 0, 3.79, 2456, 1501, 7511.33, 20896, 19229
1694904235, 0, 0, 31, 0, 0, 8162.50, 3, 0, 0, 4.18, 2458, 1501, 7511.33, 20896, 19229
1694904236, 0, 0, 31, 0, 0, 8162.50, 3, 0, 0, 3.42, 2459, 1502, 7511.33, 20896, 19229
1694904242, 0, 0, 31, 0, 0, 8162.50, 3, 0, 0, 0.34, 2460, 1503, 7511.33, 20896, 19229
1694904242, 0, 0, 31, 0, 0, 8162.50, 3, 0, 0, 5.59, 2462, 1503, 7511.33, 20896, 19229
1694904243, 0, 0, 31, 0, 0, 8162.50, 3, 0, 0, 5.92, 2463, 1504, 7511.33, 20896, 19229
1694904243, 0, 0, 31, 0, 0, 8162.50, 3, 0, 0, 6.60, 2465, 1504, 7511.33, 20896, 19229
1694904243, 0, 0, 31, 0, 0, 8162.50, 3, 0, 0, 8.06, 2465, 1507, 7511.33, 20896, 19229
1694904252, 0, 0, 31, 0, 0, 8162.50, 3, 0, 0, 0.12, 2466, 1507, 7511.33, 20896, 19229
1694904252, 0, 0, 31, 0, 0, 8162.50, 3, 0, 0, 5.28, 2468, 1507, 7511.33, 20896, 19229
1694904252, 0, 0, 31, 0, 0, 8162.50, 3, 0, 0, 4.71, 2469, 1508, 7511.33, 20896, 19229
1694904253, 0, 0, 31, 0, 0, 8162.50, 3, 0, 0, 6.58, 2470, 1509, 7511.33, 20896, 19229
1694904253, 0, 0, 31, 0, 0, 8162.50, 3, 0, 0, 9.01, 2473, 1509, 7511.33, 20896, 19229
1694904260, 0, 0, 31, 0, 0, 8162.50, 3, 0, 0, 0.44, 2475, 1510, 7511.33, 20896, 19229
1694904273, 0, 0, 31, 0, 0, 8162.50, 3, 0, 0, 0.15, 2476, 1511, 7511.33, 20896, 19229
1694904274, 0, 0, 31, 0, 0, 8162.50, 3, 0, 0, 2.35, 2477, 1511, 7511.33, 20896, 19229
1694904274, 0, 0, 31, 0, 0, 8162.50, 3, 0, 0, 4.46, 2478, 1512, 7511.33, 20896, 19229
1694904275, 0, 0, 31, 0, 0, 8162.50, 3, 0, 0, 8.93, 2478, 1515, 7511.33, 20896, 19229
1694904281, 0, 0, 31, 0, 0, 8162.50, 3, 0, 0, 0.16, 2479, 1515, 7511.33, 20896, 19229
1694904287, 0, 0, 31, 0, 0, 8162.50, 3, 0, 0, 0.16, 2480, 1515, 7511.33, 20896, 19229
1694904287, 0, 0, 31, 0, 0, 8162.50, 3, 0, 0, 6.23, 2480, 1517, 7511.33, 20896, 19229
1694904288, 0, 0, 31, 0, 0, 8162.50, 3, 0, 0, 3.98, 2482, 1517, 7511.33, 20896, 19229
1694904288, 0, 0, 31, 0, 0, 8162.50, 3, 0, 0, 7.58, 2483, 1519, 7511.33, 20896, 19229
1694904289, 0, 0, 31, 0, 0, 8162.50, 3, 0, 0, 7.16, 2486, 1519, 7511.33, 20896, 19229
1694904289, 0, 0, 31, 0, 0, 8162.50, 3, 0, 0, 6.15, 2488, 1519, 7511.33, 20896, 19229
1694904289, 0, 0, 31, 0, 0, 8162.50, 3, 0, 0, 8.85, 2490, 1520, 7511.33, 20896, 19229
1694904290, 0, 0, 31, 0, 0, 8162.50, 3, 0, 0, 8.11, 2492, 1521, 7511.33, 20896, 19229
1694904290, 0, 0, 31, 0, 0, 8162.50, 3, 0, 0, 7.73, 2493, 1523, 7511.33, 20896, 19229
1694904296, 0, 0, 31, 0, 0, 8162.50, 3, 0, 0, 0.17, 2494, 1523, 7511.33, 20896, 19229
1694904296, 0, 0, 31, 0, 0, 8162.50, 3, 0, 0, 7.28, 2497, 1523, 7511.33, 20896, 19229
1694904302, 0, 0, 31, 0, 0, 8162.50, 3, 0, 0, 0.17, 2498, 1523, 7511.33, 20896, 19229
1694904308, 0, 0, 31, 0, 0, 8162.50, 3, 0, 0, 0.34, 2500, 1523, 7511.33, 20896, 19229
1694904309, 0, 0, 31, 0, 0, 8162.50, 3, 0, 0, 5.80, 2502, 1523, 7511.33, 20896, 19229
1694904309, 0, 0, 31, 0, 0, 8162.50, 3, 0, 0, 5.19, 2503, 1524, 7511.33, 20896, 19229
1694904309, 0, 0, 31, 0, 0, 8162.50, 3, 0, 0, 9.66, 2506, 1525, 7511.33, 20896, 19229
1694904310, 0, 0, 31, 0, 0, 8162.50, 3, 0, 0, 8.72, 2508, 1526, 7511.33, 20896, 19229
1694904314, 0, 0, 31, 0, 0, 8162.50, 3, 0, 0, 0.21, 2508, 1527, 7511.33, 20896, 19229
1694904315, 0, 0, 31, 0, 0, 8162.50, 3, 0, 0, 2.62, 2509, 1527, 7511.33, 20896, 19229
1694904315, 0, 0, 31, 0, 0, 8162.50, 3, 0, 0, 2.14, 2510, 1527, 7511.33, 20896, 19229
1694904316, 0, 0, 31, 0, 0, 8162.50, 3, 0, 0, 4.55, 2511, 1528, 7511.33, 20896, 19229
1694904316, 0, 0, 31, 0, 0, 8162.50, 3, 0, 0, 2.07, 2512, 1528, 7511.33, 20896, 19229
1694904317, 0, 0, 31, 0, 0, 8162.50, 3, 0, 0, 6.25, 2515, 1528, 7511.33, 20896, 19229
1694904317, 0, 0, 31, 0, 0, 8162.50, 3, 0, 0, 5.56, 2515, 1530, 7511.33, 20896, 19229
1694904323, 0, 0, 31, 0, 0, 8162.50, 3, 0, 0, 0.17, 2516, 1530, 7511.33, 20896, 19229
1694904330, 0, 0, 31, 0, 0, 8162.50, 3, 0, 0, 0.15, 2517, 1530, 7511.33, 20896, 19229
1694904330, 0, 0, 31, 0, 0, 8162.50, 3, 0, 0, 6.83, 2518, 1532, 7511.33, 20896, 19229
1694904330, 0, 0, 31, 0, 0, 8162.50, 3, 0, 0, 3.02, 2519, 1532, 7511.33, 20896, 19229
1694904331, 0, 0, 31, 0, 0, 8162.50, 3, 0, 0, 5.21, 2521, 1532, 7511.33, 20896, 19229
1694904331, 0, 0, 31, 0, 0, 8162.50, 3, 0, 0, 6.58, 2522, 1533, 7511.33, 20896, 19229
1694904332, 0, 0, 31, 0, 0, 8162.50, 3, 0, 0, 2.00, 2523, 1533, 7511.33, 20896, 19229
1694904332, 0, 0, 31, 0, 0, 8162.50, 3, 0, 0, 3.68, 2524, 1534, 7511.33, 20896, 19229
1694904333, 0, 0, 31, 0, 0, 8162.50, 3, 0, 0, 5.57, 2524, 1536, 7511.33, 20896, 19229
1694904340, 0, 0, 31, 0, 0, 8162.50, 3, 0, 0, 0.13, 2525, 1536, 7511.33, 20896, 19229
1694904349, 0, 0, 31, 0, 0, 8162.50, 3, 0, 0, 0.21, 2527, 1536, 7511.33, 20896, 19229
1694904350, 0, 0, 31, 0, 0, 8162.50, 3, 0, 0, 5.31, 2528, 1537, 7511.33, 20896, 19229
1694904350, 0, 0, 31, 0, 0, 8162.50, 3, 0, 0, 5.14, 2530, 1537, 7511.33, 20896, 19229
1694904351, 0, 0, 31, 0, 0, 8162.50, 3, 0, 0, 9.93, 2532, 1538, 7511.33, 20896, 19229
1694904351, 0, 0, 31, 0, 0, 8162.50, 3, 0, 0, 8.98, 2534, 1539, 7511.33, 20896, 19229
1694904359, 0, 0, 31, 0, 0, 8162.50, 3, 0, 0, 0.25, 2536, 1539, 7511.33, 20896, 19229
1694904366, 0, 0, 31, 0, 0, 8162.50, 3, 0, 0, 0.13, 2537, 1539, 7511.33, 20896, 19229
1694904372, 0, 0, 31, 0, 0, 8162.50, 3, 0, 0, 0.33, 2539, 1539, 7511.33, 20896, 19229
1694904373, 0, 0, 31, 0, 0, 8162.50, 3, 0, 0, 11.46, 2540, 1542, 7511.33, 20896, 19229
1694904373, 0, 0, 31, 0, 0, 8162.50, 3, 0, 0, 7.48, 2543, 1542, 7511.33, 20896, 19229
1694904374, 0, 0, 31, 0, 0, 8162.50, 3, 0, 0, 5.19, 2544, 1543, 7511.33, 20896, 19229
1694904374, 0, 0, 31, 0, 0, 8162.50, 3, 0, 0, 9.62, 2545, 1545, 7511.33, 20896, 19229
1694904387, 0, 0, 31, 0, 0, 8162.50, 3, 0, 0, 0.07, 2546, 1545, 7511.33, 20896, 19229
1694904387, 0, 0, 31, 0, 0, 8162.50, 3, 0, 0, 0.00, 2546, 1545, 7511.33, 20896, 19229
