# unix_time, cycles_done, cur_path, paths_total, pending_total, pending_favs, map_size, unique_crashes, unique_hangs, max_depth, execs_per_sec, valid_inputs, invalid_inputs, valid_cov, all_covered_probes, valid_covered_probes
1695418191, 0, 0, 1, 0, 0, 4242.58, 0, 0, 0, 0.39, 0, 1, 0.00, 10861, 0
1695418192, 0, 0, 4, 0, 0, 4518.36, 0, 0, 0, 9.71, 0, 4, 0.00, 11567, 0
1695418218, 0, 0, 8, 0, 0, 24951.56, 0, 0, 0, 0.15, 1, 7, 24136.33, 63876, 61789
1695418218, 0, 0, 11, 0, 0, 25354.69, 0, 0, 0, 9.06, 3, 8, 24584.77, 64908, 62937
1695418219, 0, 0, 16, 0, 0, 25361.33, 0, 0, 0, 18.02, 3, 14, 24584.77, 64925, 62937
1695418219, 0, 0, 20, 0, 0, 25367.19, 0, 0, 0, 19.11, 5, 18, 24587.50, 64940, 62944
1695418219, 0, 0, 24, 0, 0, 25649.22, 0, 0, 0, 15.29, 7, 21, 24616.02, 65662, 63017
1695418220, 0, 0, 27, 0, 0, 25651.95, 0, 0, 0, 22.95, 8, 27, 24617.97, 65669, 63022
1695418220, 0, 0, 28, 0, 0, 25651.95, 0, 0, 0, 23.18, 12, 30, 24617.97, 65669, 63022
1695418220, 0, 0, 29, 0, 0, 25651.95, 0, 0, 0, 19.93, 15, 33, 24617.97, 65669, 63022
1695418221, 0, 0, 30, 0, 0, 25660.16, 0, 0, 0, 20.25, 18, 38, 24617.97, 65690, 63022
1695418236, 0, 0, 31, 0, 0, 25830.08, 0, 0, 0, 0.06, 19, 38, 24796.48, 66125, 63479
1695418236, 0, 0, 40, 0, 0, 25841.02, 0, 0, 0, 58.82, 26, 53, 24807.42, 66153, 63507
1695418248, 0, 0, 40, 0, 0, 25841.02, 1, 0, 0, 0.51, 27, 58, 24807.42, 66153, 63507
1695418263, 0, 0, 41, 0, 0, 25889.45, 1, 0, 0, 0.07, 28, 58, 24871.09, 66277, 63670
1695418277, 0, 0, 47, 0, 0, 26079.30, 1, 0, 0, 1.30, 33, 70, 25062.50, 66763, 64160
1695418289, 0, 0, 54, 0, 0, 26085.16, 1, 0, 0, 2.57, 47, 87, 25068.36, 66778, 64175
1695418302, 0, 0, 56, 0, 0, 26094.14, 1, 0, 0, 0.15, 48, 88, 25077.34, 66801, 64198
1695418313, 0, 0, 57, 0, 0, 26094.14, 1, 0, 0, 0.09, 49, 88, 25077.34, 66801, 64198
1695418325, 0, 1, 65, 0, 0, 26094.14, 1, 0, 0, 2.37, 61, 103, 25077.34, 66801, 64198
1695418338, 0, 1, 68, 0, 0, 26094.92, 1, 0, 0, 1.87, 66, 124, 25078.13, 66803, 64200
1695418339, 0, 1, 74, 0, 0, 26095.70, 1, 0, 0, 152.32, 75, 161, 25078.91, 66805, 64202
1695418354, 0, 2, 75, 0, 0, 26100.00, 1, 0, 0, 2.08, 86, 181, 25083.20, 66816, 64213
1695418366, 0, 2, 76, 0, 0, 26100.00, 1, 0, 0, 0.08, 87, 181, 25083.20, 66816, 64213
1695418378, 0, 2, 82, 0, 0, 26100.39, 1, 0, 0, 1.30, 100, 183, 25083.59, 66817, 64214
1695418378, 0, 2, 88, 0, 0, 26107.03, 1, 0, 0, 34.48, 109, 185, 25090.23, 66834, 64231
1695418391, 0, 2, 89, 0, 0, 26128.52, 1, 0, 0, 0.08, 110, 185, 25111.72, 66889, 64286
1695418403, 0, 2, 90, 0, 0, 26128.91, 1, 0, 0, 0.33, 113, 186, 25112.11, 66890, 64287
1695418415, 0, 2, 94, 0, 0, 26128.91, 1, 0, 0, 1.60, 128, 190, 25112.11, 66890, 64287
1695418415, 0, 2, 95, 0, 0, 26128.91, 1, 0, 0, 40.88, 138, 193, 25112.11, 66890, 64287
1695418435, 0, 2, 97, 0, 0, 26144.14, 1, 0, 0, 0.26, 141, 195, 25127.34, 66929, 64326
1695418447, 0, 5, 102, 0, 0, 26147.27, 1, 0, 0, 2.12, 151, 211, 25130.47, 66937, 64334
1695418459, 0, 5, 104, 0, 0, 26148.05, 1, 0, 0, 0.58, 153, 216, 25131.25, 66939, 64336
1695418471, 0, 5, 109, 0, 0, 26148.05, 2, 0, 0, 2.33, 160, 235, 25131.25, 66939, 64336
1695418484, 0, 6, 114, 0, 0, 26148.44, 2, 0, 0, 1.67, 165, 253, 25131.64, 66940, 64337
1695418497, 0, 6, 116, 0, 0, 26148.44, 2, 0, 0, 0.63, 167, 259, 25131.64, 66940, 64337
1695418522, 0, 7, 119, 0, 0, 26149.61, 2, 0, 0, 0.80, 172, 274, 25132.81, 66943, 64340
1695418535, 0, 7, 120, 0, 0, 26149.61, 2, 0, 0, 0.07, 173, 274, 25132.81, 66943, 64340
1695418549, 0, 7, 121, 0, 0, 26166.02, 2, 0, 0, 0.07, 174, 274, 25149.22, 66985, 64382
1695418562, 0, 7, 122, 0, 0, 26166.02, 2, 0, 0, 0.08, 175, 274, 25149.22, 66985, 64382
1695418576, 0, 7, 123, 0, 0, 26166.80, 2, 0, 0, 0.07, 176, 274, 25150.00, 66987, 64384
1695418589, 0, 7, 124, 0, 0, 26167.19, 2, 0, 0, 0.08, 177, 274, 25150.39, 66988, 64385
1695418602, 0, 7, 125, 0, 0, 26167.19, 2, 0, 0, 0.08, 178, 274, 25150.39, 66988, 64385
1695418615, 0, 7, 126, 0, 0, 26167.58, 2, 0, 0, 0.08, 179, 274, 25150.78, 66989, 64386
1695418629, 0, 7, 127, 0, 0, 26167.58, 2, 0, 0, 0.07, 180, 274, 25150.78, 66989, 64386
1695418642, 0, 7, 128, 0, 0, 26167.58, 2, 0, 0, 0.07, 181, 274, 25150.78, 66989, 64386
1695418656, 0, 7, 129, 0, 0, 26167.58, 2, 0, 0, 0.07, 182, 274, 25150.78, 66989, 64386
1695418669, 0, 7, 130, 0, 0, 26167.58, 2, 0, 0, 0.08, 183, 274, 25150.78, 66989, 64386
1695418689, 0, 7, 131, 0, 0, 26167.58, 2, 0, 0, 0.05, 184, 274, 25150.78, 66989, 64386
1695418702, 0, 7, 132, 0, 0, 26167.58, 2, 0, 0, 0.07, 185, 274, 25150.78, 66989, 64386
1695418716, 0, 7, 133, 0, 0, 26167.58, 2, 0, 0, 0.08, 186, 274, 25150.78, 66989, 64386
1695418729, 0, 7, 134, 0, 0, 26167.58, 2, 0, 0, 0.08, 187, 274, 25150.78, 66989, 64386
1695418742, 0, 7, 134, 0, 0, 26167.58, 2, 0, 0, 0.07, 188, 274, 25150.78, 66989, 64386
1695418755, 0, 7, 135, 0, 0, 26167.58, 2, 0, 0, 0.08, 189, 274, 25150.78, 66989, 64386
1695418770, 0, 7, 136, 0, 0, 26167.58, 2, 0, 0, 0.07, 190, 274, 25150.78, 66989, 64386
1695418784, 0, 7, 137, 0, 0, 26167.58, 2, 0, 0, 0.07, 191, 274, 25150.78, 66989, 64386
1695418798, 0, 7, 138, 0, 0, 26167.58, 2, 0, 0, 0.07, 192, 274, 25150.78, 66989, 64386
1695418812, 0, 7, 139, 0, 0, 26167.58, 2, 0, 0, 0.07, 193, 274, 25150.78, 66989, 64386
1695418825, 0, 7, 140, 0, 0, 26167.58, 2, 0, 0, 0.08, 194, 274, 25150.78, 66989, 64386
1695418840, 0, 7, 141, 0, 0, 26167.58, 2, 0, 0, 0.07, 195, 274, 25150.78, 66989, 64386
1695418854, 0, 7, 142, 0, 0, 26167.58, 2, 0, 0, 0.07, 196, 274, 25150.78, 66989, 64386
1695418868, 0, 7, 142, 0, 0, 26167.58, 2, 0, 0, 0.07, 197, 274, 25150.78, 66989, 64386
1695418881, 0, 7, 143, 0, 0, 26167.58, 2, 0, 0, 0.08, 198, 274, 25150.78, 66989, 64386
1695418895, 0, 7, 144, 0, 0, 26167.58, 2, 0, 0, 0.07, 199, 274, 25150.78, 66989, 64386
1695418909, 0, 7, 145, 0, 0, 26167.97, 2, 0, 0, 0.07, 200, 274, 25151.17, 66990, 64387
1695418928, 0, 7, 146, 0, 0, 26167.97, 2, 0, 0, 0.05, 201, 274, 25151.17, 66990, 64387
1695418943, 0, 7, 147, 0, 0, 26167.97, 2, 0, 0, 0.07, 202, 274, 25151.17, 66990, 64387
1695418955, 0, 7, 148, 0, 0, 26167.97, 2, 0, 0, 0.08, 203, 274, 25151.17, 66990, 64387
1695418970, 0, 7, 149, 0, 0, 26167.97, 2, 0, 0, 0.07, 204, 274, 25151.17, 66990, 64387
1695418984, 0, 7, 150, 0, 0, 26167.97, 2, 0, 0, 0.07, 205, 274, 25151.17, 66990, 64387
1695419000, 0, 7, 151, 0, 0, 26167.97, 2, 0, 0, 0.06, 206, 274, 25151.17, 66990, 64387
1695419015, 0, 7, 152, 0, 0, 26168.75, 2, 0, 0, 0.07, 207, 274, 25151.95, 66992, 64389
1695419029, 0, 7, 153, 0, 0, 26168.75, 2, 0, 0, 0.07, 208, 274, 25151.95, 66992, 64389
1695419044, 0, 7, 154, 0, 0, 26168.75, 2, 0, 0, 0.07, 209, 274, 25151.95, 66992, 64389
1695419058, 0, 7, 155, 0, 0, 26168.75, 2, 0, 0, 0.07, 210, 274, 25151.95, 66992, 64389
1695419073, 0, 7, 156, 0, 0, 26168.75, 2, 0, 0, 0.07, 211, 274, 25151.95, 66992, 64389
1695419086, 0, 7, 157, 0, 0, 26168.75, 2, 0, 0, 0.07, 212, 274, 25151.95, 66992, 64389
1695419100, 0, 7, 158, 0, 0, 26168.75, 2, 0, 0, 0.07, 213, 274, 25151.95, 66992, 64389
1695419115, 0, 7, 159, 0, 0, 26168.75, 2, 0, 0, 0.07, 214, 274, 25151.95, 66992, 64389
1695419130, 0, 7, 160, 0, 0, 26169.14, 2, 0, 0, 0.07, 215, 274, 25152.34, 66993, 64390
1695419144, 0, 7, 161, 0, 0, 26169.53, 2, 0, 0, 0.07, 216, 274, 25152.73, 66994, 64391
1695419159, 0, 7, 162, 0, 0, 26169.53, 2, 0, 0, 0.07, 217, 274, 25152.73, 66994, 64391
1695419174, 0, 7, 163, 0, 0, 26169.53, 2, 0, 0, 0.07, 218, 274, 25152.73, 66994, 64391
1695419189, 0, 7, 164, 0, 0, 26169.53, 2, 0, 0, 0.06, 219, 274, 25152.73, 66994, 64391
1695419203, 0, 7, 165, 0, 0, 26169.53, 2, 0, 0, 0.07, 220, 274, 25152.73, 66994, 64391
1695419217, 0, 7, 166, 0, 0, 26169.53, 2, 0, 0, 0.07, 221, 274, 25152.73, 66994, 64391
1695419232, 0, 7, 167, 0, 0, 26169.53, 2, 0, 0, 0.07, 222, 274, 25152.73, 66994, 64391
1695419248, 0, 7, 168, 0, 0, 26169.53, 2, 0, 0, 0.06, 223, 274, 25152.73, 66994, 64391
1695419266, 0, 7, 169, 0, 0, 26169.53, 2, 0, 0, 0.06, 224, 274, 25152.73, 66994, 64391
1695419297, 0, 7, 170, 0, 0, 26169.53, 2, 0, 0, 0.03, 225, 274, 25152.73, 66994, 64391
1695419313, 0, 7, 171, 0, 0, 26169.53, 2, 0, 0, 0.06, 226, 274, 25152.73, 66994, 64391
1695419332, 0, 7, 172, 0, 0, 26169.53, 2, 0, 0, 0.05, 227, 274, 25152.73, 66994, 64391
1695419355, 0, 7, 173, 0, 0, 26169.53, 2, 0, 0, 0.04, 228, 274, 25152.73, 66994, 64391
1695419369, 0, 7, 173, 0, 0, 26169.53, 2, 0, 0, 0.07, 229, 274, 25152.73, 66994, 64391
1695419383, 0, 7, 174, 0, 0, 26169.53, 2, 0, 0, 0.07, 230, 274, 25152.73, 66994, 64391
1695419397, 0, 7, 175, 0, 0, 26169.53, 2, 0, 0, 0.07, 231, 274, 25152.73, 66994, 64391
1695419412, 0, 7, 176, 0, 0, 26169.53, 2, 0, 0, 0.07, 232, 274, 25152.73, 66994, 64391
1695419427, 0, 7, 177, 0, 0, 26169.53, 2, 0, 0, 0.07, 233, 274, 25152.73, 66994, 64391
1695419441, 0, 7, 178, 0, 0, 26169.92, 2, 0, 0, 0.07, 234, 274, 25153.13, 66995, 64392
1695419454, 0, 7, 179, 0, 0, 26169.92, 2, 0, 0, 0.07, 235, 274, 25153.13, 66995, 64392
1695419469, 0, 7, 180, 0, 0, 26169.92, 2, 0, 0, 0.07, 236, 274, 25153.13, 66995, 64392
1695419484, 0, 7, 181, 0, 0, 26169.92, 2, 0, 0, 0.06, 237, 274, 25153.13, 66995, 64392
1695419500, 0, 7, 182, 0, 0, 26169.92, 2, 0, 0, 0.07, 238, 274, 25153.13, 66995, 64392
1695419514, 0, 7, 182, 0, 0, 26169.92, 2, 0, 0, 0.07, 239, 274, 25153.13, 66995, 64392
1695419529, 0, 7, 183, 0, 0, 26169.92, 2, 0, 0, 0.07, 240, 274, 25153.13, 66995, 64392
1695419543, 0, 7, 184, 0, 0, 26169.92, 2, 0, 0, 0.07, 241, 274, 25153.13, 66995, 64392
1695419557, 0, 7, 185, 0, 0, 26169.92, 2, 0, 0, 0.07, 242, 274, 25153.13, 66995, 64392
1695419571, 0, 7, 186, 0, 0, 26169.92, 2, 0, 0, 0.07, 243, 274, 25153.13, 66995, 64392
1695419586, 0, 7, 186, 0, 0, 26169.92, 2, 0, 0, 0.07, 244, 274, 25153.13, 66995, 64392
1695419600, 0, 7, 187, 0, 0, 26169.92, 2, 0, 0, 0.07, 245, 274, 25153.13, 66995, 64392
1695419614, 0, 7, 188, 0, 0, 26169.92, 2, 0, 0, 0.07, 246, 274, 25153.13, 66995, 64392
1695419629, 0, 7, 189, 0, 0, 26169.92, 2, 0, 0, 0.07, 247, 274, 25153.13, 66995, 64392
1695419643, 0, 7, 190, 0, 0, 26171.48, 2, 0, 0, 0.07, 248, 274, 25154.69, 66999, 64396
1695419658, 0, 7, 191, 0, 0, 26171.48, 2, 0, 0, 0.07, 249, 274, 25154.69, 66999, 64396
1695419673, 0, 7, 192, 0, 0, 26171.48, 2, 0, 0, 0.07, 250, 274, 25154.69, 66999, 64396
1695419687, 0, 7, 193, 0, 0, 26171.48, 2, 0, 0, 0.07, 251, 274, 25154.69, 66999, 64396
1695419701, 0, 7, 194, 0, 0, 26171.48, 2, 0, 0, 0.07, 252, 274, 25154.69, 66999, 64396
1695419716, 0, 7, 194, 0, 0, 26171.48, 2, 0, 0, 0.07, 253, 274, 25154.69, 66999, 64396
1695419732, 0, 7, 195, 0, 0, 26171.48, 2, 0, 0, 0.06, 254, 274, 25154.69, 66999, 64396
1695419746, 0, 7, 196, 0, 0, 26171.48, 2, 0, 0, 0.07, 255, 274, 25154.69, 66999, 64396
1695419760, 0, 7, 197, 0, 0, 26171.48, 2, 0, 0, 0.07, 256, 274, 25154.69, 66999, 64396
1695419775, 0, 7, 198, 0, 0, 26171.48, 2, 0, 0, 0.07, 257, 274, 25154.69, 66999, 64396
1695419788, 0, 7, 199, 0, 0, 26171.48, 2, 0, 0, 0.07, 258, 274, 25154.69, 66999, 64396
1695419804, 0, 7, 200, 0, 0, 26171.48, 2, 0, 0, 0.06, 259, 274, 25154.69, 66999, 64396
1695419818, 0, 7, 201, 0, 0, 26171.48, 2, 0, 0, 0.07, 260, 274, 25154.69, 66999, 64396
1695419833, 0, 7, 202, 0, 0, 26171.48, 2, 0, 0, 0.07, 261, 274, 25154.69, 66999, 64396
1695419847, 0, 7, 203, 0, 0, 26171.48, 2, 0, 0, 0.07, 262, 274, 25154.69, 66999, 64396
1695419862, 0, 7, 204, 0, 0, 26171.48, 2, 0, 0, 0.07, 263, 274, 25154.69, 66999, 64396
1695419877, 0, 7, 205, 0, 0, 26171.48, 2, 0, 0, 0.07, 264, 274, 25154.69, 66999, 64396
1695419891, 0, 7, 206, 0, 0, 26171.48, 2, 0, 0, 0.07, 265, 274, 25154.69, 66999, 64396
1695419906, 0, 7, 207, 0, 0, 26171.48, 2, 0, 0, 0.07, 266, 274, 25154.69, 66999, 64396
1695419921, 0, 7, 208, 0, 0, 26171.48, 2, 0, 0, 0.07, 267, 274, 25154.69, 66999, 64396
1695419935, 0, 7, 209, 0, 0, 26171.48, 2, 0, 0, 0.07, 268, 274, 25154.69, 66999, 64396
1695419950, 0, 7, 210, 0, 0, 26171.48, 2, 0, 0, 0.07, 269, 274, 25154.69, 66999, 64396
1695419964, 0, 7, 211, 0, 0, 26171.48, 2, 0, 0, 0.07, 270, 274, 25154.69, 66999, 64396
1695419978, 0, 7, 212, 0, 0, 26171.48, 2, 0, 0, 0.07, 271, 274, 25154.69, 66999, 64396
1695419992, 0, 7, 213, 0, 0, 26171.48, 2, 0, 0, 0.07, 272, 274, 25154.69, 66999, 64396
1695420008, 0, 7, 214, 0, 0, 26171.48, 2, 0, 0, 0.07, 273, 274, 25154.69, 66999, 64396
1695420023, 0, 7, 215, 0, 0, 26171.48, 2, 0, 0, 0.07, 274, 274, 25154.69, 66999, 64396
1695420037, 0, 7, 216, 0, 0, 26171.48, 2, 0, 0, 0.07, 275, 274, 25154.69, 66999, 64396
1695420052, 0, 7, 217, 0, 0, 26171.48, 2, 0, 0, 0.07, 276, 274, 25154.69, 66999, 64396
1695420067, 0, 7, 218, 0, 0, 26171.48, 2, 0, 0, 0.07, 277, 274, 25154.69, 66999, 64396
1695420083, 0, 7, 219, 0, 0, 26171.48, 2, 0, 0, 0.06, 278, 274, 25154.69, 66999, 64396
1695420099, 0, 7, 220, 0, 0, 26171.48, 2, 0, 0, 0.06, 279, 274, 25154.69, 66999, 64396
1695420114, 0, 7, 221, 0, 0, 26171.48, 2, 0, 0, 0.07, 280, 274, 25154.69, 66999, 64396
1695420130, 0, 7, 222, 0, 0, 26171.48, 2, 0, 0, 0.06, 281, 274, 25154.69, 66999, 64396
1695420145, 0, 7, 223, 0, 0, 26171.48, 2, 0, 0, 0.07, 282, 274, 25154.69, 66999, 64396
1695420159, 0, 7, 224, 0, 0, 26171.48, 2, 0, 0, 0.07, 283, 274, 25154.69, 66999, 64396
1695420174, 0, 7, 225, 0, 0, 26171.48, 2, 0, 0, 0.07, 284, 274, 25154.69, 66999, 64396
1695420189, 0, 7, 226, 0, 0, 26171.48, 2, 0, 0, 0.07, 285, 274, 25154.69, 66999, 64396
1695420204, 0, 7, 227, 0, 0, 26171.48, 2, 0, 0, 0.07, 286, 274, 25154.69, 66999, 64396
1695420219, 0, 7, 228, 0, 0, 26171.48, 2, 0, 0, 0.07, 287, 274, 25154.69, 66999, 64396
1695420233, 0, 7, 229, 0, 0, 26171.48, 2, 0, 0, 0.07, 288, 274, 25154.69, 66999, 64396
1695420248, 0, 7, 230, 0, 0, 26171.48, 2, 0, 0, 0.07, 289, 274, 25154.69, 66999, 64396
1695420262, 0, 7, 231, 0, 0, 26171.48, 2, 0, 0, 0.07, 290, 274, 25154.69, 66999, 64396
1695420276, 0, 7, 232, 0, 0, 26171.48, 2, 0, 0, 0.07, 291, 274, 25154.69, 66999, 64396
1695420290, 0, 7, 233, 0, 0, 26171.48, 2, 0, 0, 0.07, 292, 274, 25154.69, 66999, 64396
1695420304, 0, 7, 233, 0, 0, 26171.48, 2, 0, 0, 0.07, 293, 274, 25154.69, 66999, 64396
1695420317, 0, 7, 234, 0, 0, 26171.48, 2, 0, 0, 0.07, 294, 274, 25154.69, 66999, 64396
1695420333, 0, 7, 235, 0, 0, 26171.48, 2, 0, 0, 0.06, 295, 274, 25154.69, 66999, 64396
1695420347, 0, 7, 236, 0, 0, 26171.48, 2, 0, 0, 0.07, 296, 274, 25154.69, 66999, 64396
1695420361, 0, 7, 236, 0, 0, 26171.48, 2, 0, 0, 0.07, 297, 274, 25154.69, 66999, 64396
1695420376, 0, 7, 236, 0, 0, 26171.48, 2, 0, 0, 0.07, 298, 274, 25154.69, 66999, 64396
1695420390, 0, 7, 236, 0, 0, 26171.48, 2, 0, 0, 0.07, 299, 274, 25154.69, 66999, 64396
1695420405, 0, 7, 237, 0, 0, 26171.48, 2, 0, 0, 0.07, 300, 274, 25154.69, 66999, 64396
1695420419, 0, 7, 238, 0, 0, 26171.48, 2, 0, 0, 0.07, 301, 274, 25154.69, 66999, 64396
1695420434, 0, 7, 239, 0, 0, 26171.48, 2, 0, 0, 0.07, 302, 274, 25154.69, 66999, 64396
1695420450, 0, 7, 240, 0, 0, 26171.48, 2, 0, 0, 0.06, 303, 274, 25154.69, 66999, 64396
1695420468, 0, 7, 241, 0, 0, 26171.48, 2, 0, 0, 0.05, 304, 274, 25154.69, 66999, 64396
1695420484, 0, 7, 242, 0, 0, 26171.48, 2, 0, 0, 0.06, 305, 274, 25154.69, 66999, 64396
1695420500, 0, 7, 243, 0, 0, 26171.48, 2, 0, 0, 0.06, 306, 274, 25154.69, 66999, 64396
1695420515, 0, 7, 244, 0, 0, 26171.88, 2, 0, 0, 0.06, 307, 274, 25155.08, 67000, 64397
1695420530, 0, 7, 245, 0, 0, 26171.88, 2, 0, 0, 0.07, 308, 274, 25155.08, 67000, 64397
1695420546, 0, 7, 246, 0, 0, 26172.27, 2, 0, 0, 0.06, 309, 274, 25155.47, 67001, 64398
1695420562, 0, 7, 247, 0, 0, 26172.27, 2, 0, 0, 0.06, 310, 274, 25155.47, 67001, 64398
1695420578, 0, 7, 248, 0, 0, 26172.27, 2, 0, 0, 0.06, 311, 274, 25155.47, 67001, 64398
1695420593, 0, 7, 249, 0, 0, 26172.27, 2, 0, 0, 0.07, 312, 274, 25155.47, 67001, 64398
1695420620, 0, 7, 250, 0, 0, 26172.27, 2, 0, 0, 0.04, 313, 274, 25155.47, 67001, 64398
1695420643, 0, 7, 251, 0, 0, 26172.27, 2, 0, 0, 0.04, 314, 274, 25155.47, 67001, 64398
1695420659, 0, 7, 252, 0, 0, 26172.27, 2, 0, 0, 0.06, 315, 274, 25155.47, 67001, 64398
1695420674, 0, 7, 253, 0, 0, 26172.27, 2, 0, 0, 0.07, 316, 274, 25155.47, 67001, 64398
1695420689, 0, 7, 254, 0, 0, 26172.27, 2, 0, 0, 0.06, 317, 274, 25155.47, 67001, 64398
1695420703, 0, 7, 255, 0, 0, 26172.27, 2, 0, 0, 0.07, 318, 274, 25155.47, 67001, 64398
1695420719, 0, 7, 256, 0, 0, 26172.27, 2, 0, 0, 0.06, 319, 274, 25155.47, 67001, 64398
1695420734, 0, 7, 257, 0, 0, 26172.27, 2, 0, 0, 0.07, 320, 274, 25155.47, 67001, 64398
1695420753, 0, 7, 258, 0, 0, 26172.27, 2, 0, 0, 0.05, 321, 274, 25155.47, 67001, 64398
1695420767, 0, 7, 259, 0, 0, 26172.27, 2, 0, 0, 0.07, 322, 274, 25155.47, 67001, 64398
1695420785, 0, 7, 260, 0, 0, 26172.27, 2, 0, 0, 0.06, 323, 274, 25155.47, 67001, 64398
1695420800, 0, 7, 261, 0, 0, 26172.27, 2, 0, 0, 0.07, 324, 274, 25155.47, 67001, 64398
1695420817, 0, 7, 262, 0, 0, 26172.27, 2, 0, 0, 0.06, 325, 274, 25155.47, 67001, 64398
1695420832, 0, 7, 263, 0, 0, 26172.27, 2, 0, 0, 0.07, 326, 274, 25155.47, 67001, 64398
1695420846, 0, 7, 264, 0, 0, 26180.08, 2, 0, 0, 0.07, 327, 274, 25163.28, 67021, 64418
1695420861, 0, 7, 265, 0, 0, 26180.08, 2, 0, 0, 0.07, 328, 274, 25163.28, 67021, 64418
1695420877, 0, 7, 266, 0, 0, 26180.08, 2, 0, 0, 0.06, 329, 274, 25163.28, 67021, 64418
1695420892, 0, 7, 267, 0, 0, 26180.08, 2, 0, 0, 0.06, 330, 274, 25163.28, 67021, 64418
1695420908, 0, 7, 268, 0, 0, 26180.08, 2, 0, 0, 0.06, 331, 274, 25163.28, 67021, 64418
1695420923, 0, 7, 269, 0, 0, 26180.08, 2, 0, 0, 0.07, 332, 274, 25163.28, 67021, 64418
1695420938, 0, 7, 270, 0, 0, 26180.08, 2, 0, 0, 0.06, 333, 274, 25163.28, 67021, 64418
1695420955, 0, 7, 271, 0, 0, 26180.08, 2, 0, 0, 0.06, 334, 274, 25163.28, 67021, 64418
1695420969, 0, 7, 272, 0, 0, 26180.08, 2, 0, 0, 0.07, 335, 274, 25163.28, 67021, 64418
1695420983, 0, 7, 272, 0, 0, 26180.08, 2, 0, 0, 0.07, 336, 274, 25163.28, 67021, 64418
1695420998, 0, 7, 273, 0, 0, 26180.08, 2, 0, 0, 0.07, 337, 274, 25163.28, 67021, 64418
1695421012, 0, 7, 274, 0, 0, 26180.08, 2, 0, 0, 0.07, 338, 274, 25163.28, 67021, 64418
1695421027, 0, 7, 275, 0, 0, 26180.08, 2, 0, 0, 0.07, 339, 274, 25163.28, 67021, 64418
1695421042, 0, 7, 275, 0, 0, 26180.08, 2, 0, 0, 0.07, 340, 274, 25163.28, 67021, 64418
1695421056, 0, 7, 275, 0, 0, 26180.08, 2, 0, 0, 0.07, 341, 274, 25163.28, 67021, 64418
1695421071, 0, 7, 275, 0, 0, 26180.08, 2, 0, 0, 0.07, 342, 274, 25163.28, 67021, 64418
1695421086, 0, 7, 276, 0, 0, 26180.08, 2, 0, 0, 0.07, 343, 274, 25163.28, 67021, 64418
1695421100, 0, 7, 277, 0, 0, 26180.08, 2, 0, 0, 0.07, 344, 274, 25163.28, 67021, 64418
1695421115, 0, 7, 278, 0, 0, 26180.08, 2, 0, 0, 0.07, 345, 274, 25163.28, 67021, 64418
1695421130, 0, 7, 278, 0, 0, 26180.08, 2, 0, 0, 0.07, 346, 274, 25163.28, 67021, 64418
1695421144, 0, 7, 279, 0, 0, 26180.08, 2, 0, 0, 0.07, 347, 274, 25163.28, 67021, 64418
1695421158, 0, 7, 279, 0, 0, 26180.08, 2, 0, 0, 0.07, 348, 274, 25163.28, 67021, 64418
1695421172, 0, 7, 279, 0, 0, 26180.08, 2, 0, 0, 0.07, 349, 274, 25163.28, 67021, 64418
1695421187, 0, 7, 280, 0, 0, 26180.08, 2, 0, 0, 0.07, 350, 274, 25163.28, 67021, 64418
1695421201, 0, 7, 281, 0, 0, 26180.08, 2, 0, 0, 0.07, 351, 274, 25163.28, 67021, 64418
1695421216, 0, 7, 282, 0, 0, 26180.47, 2, 0, 0, 0.07, 352, 274, 25163.67, 67022, 64419
1695421231, 0, 7, 283, 0, 0, 26180.47, 2, 0, 0, 0.07, 353, 274, 25163.67, 67022, 64419
1695421246, 0, 7, 283, 0, 0, 26180.47, 2, 0, 0, 0.07, 354, 274, 25163.67, 67022, 64419
1695421260, 0, 7, 284, 0, 0, 26180.47, 2, 0, 0, 0.07, 355, 274, 25163.67, 67022, 64419
1695421274, 0, 7, 285, 0, 0, 26180.47, 2, 0, 0, 0.07, 356, 274, 25163.67, 67022, 64419
1695421288, 0, 7, 285, 0, 0, 26180.47, 2, 0, 0, 0.07, 357, 274, 25163.67, 67022, 64419
1695421303, 0, 7, 285, 0, 0, 26180.47, 2, 0, 0, 0.07, 358, 274, 25163.67, 67022, 64419
1695421318, 0, 7, 285, 0, 0, 26180.47, 2, 0, 0, 0.07, 359, 274, 25163.67, 67022, 64419
1695421332, 0, 7, 285, 0, 0, 26180.47, 2, 0, 0, 0.07, 360, 274, 25163.67, 67022, 64419
1695421346, 0, 7, 285, 0, 0, 26180.47, 2, 0, 0, 0.07, 361, 274, 25163.67, 67022, 64419
1695421361, 0, 7, 285, 0, 0, 26180.47, 2, 0, 0, 0.07, 362, 274, 25163.67, 67022, 64419
1695421375, 0, 7, 285, 0, 0, 26180.47, 2, 0, 0, 0.07, 363, 274, 25163.67, 67022, 64419
1695421390, 0, 7, 286, 0, 0, 26180.47, 2, 0, 0, 0.07, 364, 274, 25163.67, 67022, 64419
1695421404, 0, 7, 286, 0, 0, 26180.47, 2, 0, 0, 0.07, 365, 274, 25163.67, 67022, 64419
1695421419, 0, 7, 287, 0, 0, 26180.47, 2, 0, 0, 0.07, 366, 274, 25163.67, 67022, 64419
1695421433, 0, 7, 287, 0, 0, 26180.47, 2, 0, 0, 0.07, 367, 274, 25163.67, 67022, 64419
1695421448, 0, 7, 288, 0, 0, 26180.47, 2, 0, 0, 0.07, 368, 274, 25163.67, 67022, 64419
1695421462, 0, 7, 289, 0, 0, 26180.47, 2, 0, 0, 0.07, 369, 274, 25163.67, 67022, 64419
1695421477, 0, 7, 290, 0, 0, 26180.47, 2, 0, 0, 0.07, 370, 274, 25163.67, 67022, 64419
1695421491, 0, 7, 291, 0, 0, 26180.47, 2, 0, 0, 0.07, 371, 274, 25163.67, 67022, 64419
1695421506, 0, 7, 292, 0, 0, 26180.47, 2, 0, 0, 0.07, 372, 274, 25163.67, 67022, 64419
1695421521, 0, 7, 293, 0, 0, 26180.47, 2, 0, 0, 0.07, 373, 274, 25163.67, 67022, 64419
1695421541, 0, 7, 294, 0, 0, 26180.47, 2, 0, 0, 0.05, 374, 274, 25163.67, 67022, 64419
1695421556, 0, 7, 295, 0, 0, 26180.47, 2, 0, 0, 0.07, 375, 274, 25163.67, 67022, 64419
1695421571, 0, 7, 296, 0, 0, 26180.47, 2, 0, 0, 0.07, 376, 274, 25163.67, 67022, 64419
1695421586, 0, 7, 297, 0, 0, 26180.47, 2, 0, 0, 0.07, 377, 274, 25163.67, 67022, 64419
1695421600, 0, 7, 298, 0, 0, 26180.47, 2, 0, 0, 0.07, 378, 274, 25163.67, 67022, 64419
1695421615, 0, 7, 299, 0, 0, 26180.47, 2, 0, 0, 0.07, 379, 274, 25163.67, 67022, 64419
1695421630, 0, 7, 299, 0, 0, 26180.47, 2, 0, 0, 0.07, 380, 274, 25163.67, 67022, 64419
1695421644, 0, 7, 300, 0, 0, 26180.47, 2, 0, 0, 0.07, 381, 274, 25163.67, 67022, 64419
1695421659, 0, 7, 300, 0, 0, 26180.47, 2, 0, 0, 0.07, 382, 274, 25163.67, 67022, 64419
1695421674, 0, 7, 300, 0, 0, 26180.47, 2, 0, 0, 0.07, 383, 274, 25163.67, 67022, 64419
1695421689, 0, 7, 300, 0, 0, 26180.47, 2, 0, 0, 0.06, 384, 274, 25163.67, 67022, 64419
1695421704, 0, 7, 301, 0, 0, 26180.47, 2, 0, 0, 0.07, 385, 274, 25163.67, 67022, 64419
1695421719, 0, 7, 301, 0, 0, 26180.47, 2, 0, 0, 0.07, 386, 274, 25163.67, 67022, 64419
1695421734, 0, 7, 301, 0, 0, 26180.47, 2, 0, 0, 0.07, 387, 274, 25163.67, 67022, 64419
1695421748, 0, 7, 302, 0, 0, 26180.47, 2, 0, 0, 0.07, 388, 274, 25163.67, 67022, 64419
1695421763, 0, 7, 303, 0, 0, 26182.03, 2, 0, 0, 0.07, 389, 274, 25165.23, 67026, 64423
1695421777, 0, 7, 303, 0, 0, 26182.03, 2, 0, 0, 0.07, 390, 274, 25165.23, 67026, 64423
1695421792, 0, 7, 303, 0, 0, 26182.03, 2, 0, 0, 0.07, 391, 274, 25165.23, 67026, 64423
1695421792, 0, 7, 303, 0, 0, 26182.03, 2, 0, 0, 0.00, 391, 274, 25165.23, 67026, 64423
