# unix_time, cycles_done, cur_path, paths_total, pending_total, pending_favs, map_size, unique_crashes, unique_hangs, max_depth, execs_per_sec, valid_inputs, invalid_inputs, valid_cov, all_covered_probes, valid_covered_probes
1694949543, 0, 0, 1, 0, 0, 837.11, 0, 0, 0, 0.34, 0, 1, 0.00, 2143, 0
1694949544, 0, 0, 3, 0, 0, 919.92, 0, 0, 0, 5.87, 2, 1, 462.50, 2355, 1184
1694949567, 0, 0, 6, 0, 0, 948.83, 1, 0, 0, 0.25, 4, 5, 488.28, 2429, 1250
1694949576, 0, 0, 8, 0, 0, 1280.47, 2, 0, 0, 0.46, 7, 6, 916.41, 3278, 2346
1694949576, 0, 0, 9, 0, 0, 1297.66, 2, 0, 0, 3.30, 8, 6, 933.59, 3322, 2390
1694949576, 0, 0, 13, 0, 0, 1542.97, 2, 0, 0, 11.49, 9, 9, 964.45, 3950, 2469
1694949590, 0, 0, 14, 0, 0, 6446.09, 2, 0, 0, 0.07, 10, 9, 5919.14, 16502, 15153
1694949590, 0, 0, 15, 0, 0, 6450.00, 2, 0, 0, 11.76, 11, 12, 5919.14, 16512, 15153
1694949599, 0, 0, 15, 0, 0, 6450.00, 3, 0, 0, 0.44, 12, 15, 5919.14, 16512, 15153
1694949600, 0, 0, 15, 0, 0, 6450.00, 3, 0, 0, 5.46, 14, 15, 5919.14, 16512, 15153
1694949611, 0, 0, 17, 0, 0, 6582.81, 3, 0, 0, 0.72, 19, 18, 6051.95, 16852, 15493
1694949621, 0, 0, 18, 0, 0, 6589.45, 3, 0, 0, 0.31, 21, 19, 6058.59, 16869, 15510
1694949630, 0, 0, 21, 0, 0, 6603.52, 3, 0, 0, 1.00, 26, 23, 6065.63, 16905, 15528
1694949637, 0, 0, 21, 0, 0, 6603.52, 3, 0, 0, 0.14, 27, 23, 6065.63, 16905, 15528
1694949645, 0, 0, 21, 0, 0, 6603.52, 3, 0, 0, 1.23, 33, 27, 6065.63, 16905, 15528
1694949652, 0, 0, 21, 0, 0, 6603.52, 3, 0, 0, 0.40, 36, 27, 6065.63, 16905, 15528
1694949653, 0, 0, 22, 0, 0, 6665.63, 3, 0, 0, 31.85, 37, 36, 6065.63, 17064, 15528
1694949670, 0, 0, 23, 0, 0, 6692.58, 3, 0, 0, 0.06, 38, 36, 6092.58, 17133, 15597
1694949680, 0, 0, 24, 0, 0, 6699.22, 3, 0, 0, 0.40, 41, 37, 6092.58, 17150, 15597
1694949688, 0, 0, 25, 0, 0, 6710.16, 3, 0, 0, 2.62, 50, 48, 6103.52, 17178, 15625
1694949696, 0, 0, 25, 0, 0, 6710.16, 3, 0, 0, 0.36, 52, 49, 6103.52, 17178, 15625
1694949710, 0, 0, 25, 0, 0, 6710.16, 3, 0, 0, 0.21, 54, 50, 6103.52, 17178, 15625
1694949718, 0, 0, 26, 0, 0, 6716.80, 3, 0, 0, 0.68, 56, 53, 6110.16, 17195, 15642
1694949726, 0, 0, 27, 0, 0, 6723.44, 3, 0, 0, 0.49, 60, 53, 6116.80, 17212, 15659
1694949726, 0, 0, 27, 0, 0, 6723.44, 3, 0, 0, 33.33, 68, 55, 6116.80, 17212, 15659
1694949726, 0, 0, 27, 0, 0, 6723.44, 3, 0, 0, 59.60, 75, 66, 6116.80, 17212, 15659
1694949735, 0, 0, 27, 0, 0, 6723.44, 3, 0, 0, 1.26, 83, 69, 6116.80, 17212, 15659
1694949746, 0, 0, 28, 0, 0, 6724.22, 3, 0, 0, 0.36, 85, 71, 6117.58, 17214, 15661
1694949746, 0, 0, 28, 0, 0, 6724.22, 3, 0, 0, 33.33, 90, 76, 6117.58, 17214, 15661
1694949752, 0, 0, 28, 0, 0, 6724.22, 3, 0, 0, 0.83, 93, 78, 6117.58, 17214, 15661
1694949760, 0, 0, 28, 0, 0, 6724.22, 3, 0, 0, 1.53, 98, 85, 6117.58, 17214, 15661
1694949767, 0, 0, 28, 0, 0, 6724.22, 3, 0, 0, 0.28, 99, 86, 6117.58, 17214, 15661
1694949774, 0, 0, 28, 0, 0, 6724.22, 3, 0, 0, 0.31, 100, 87, 6117.58, 17214, 15661
1694949783, 0, 0, 28, 0, 0, 6724.22, 3, 0, 0, 0.22, 102, 87, 6117.58, 17214, 15661
1694949783, 0, 0, 28, 0, 0, 6724.22, 3, 0, 0, 23.10, 106, 90, 6117.58, 17214, 15661
1694949794, 0, 0, 28, 0, 0, 6724.22, 3, 0, 0, 0.86, 115, 90, 6117.58, 17214, 15661
1694949799, 0, 0, 28, 0, 0, 6724.22, 3, 0, 0, 1.26, 120, 92, 6117.58, 17214, 15661
1694949806, 0, 0, 28, 0, 0, 6724.22, 3, 0, 0, 1.82, 131, 93, 6117.58, 17214, 15661
1694949813, 0, 0, 28, 0, 0, 6724.22, 3, 0, 0, 0.27, 132, 94, 6117.58, 17214, 15661
1694949820, 0, 0, 28, 0, 0, 6724.22, 3, 0, 0, 1.41, 134, 101, 6117.58, 17214, 15661
1694949826, 0, 0, 28, 0, 0, 6724.22, 3, 0, 0, 0.17, 135, 101, 6117.58, 17214, 15661
1694949835, 0, 0, 28, 0, 0, 6724.22, 3, 0, 0, 0.85, 140, 104, 6117.58, 17214, 15661
1694949851, 0, 0, 29, 0, 0, 6726.17, 3, 0, 0, 0.31, 144, 105, 6119.53, 17219, 15666
1694949861, 0, 0, 29, 0, 0, 6726.17, 3, 0, 0, 0.20, 145, 106, 6119.53, 17219, 15666
1694949869, 0, 0, 30, 0, 0, 6742.58, 3, 0, 0, 0.63, 148, 108, 6135.94, 17261, 15708
1694949877, 0, 0, 30, 0, 0, 6742.58, 3, 0, 0, 0.36, 150, 109, 6135.94, 17261, 15708
1694949884, 0, 0, 30, 0, 0, 6742.58, 3, 0, 0, 0.16, 151, 109, 6135.94, 17261, 15708
1694949891, 0, 0, 30, 0, 0, 6742.58, 3, 0, 0, 0.28, 152, 110, 6135.94, 17261, 15708
1694949899, 0, 0, 30, 0, 0, 6742.58, 3, 0, 0, 0.38, 154, 111, 6135.94, 17261, 15708
1694949917, 0, 0, 30, 0, 0, 6742.58, 3, 0, 0, 0.27, 157, 113, 6135.94, 17261, 15708
1694949924, 0, 0, 30, 0, 0, 6742.58, 3, 0, 0, 1.53, 162, 119, 6135.94, 17261, 15708
1694949932, 0, 0, 30, 0, 0, 6742.58, 3, 0, 0, 1.47, 167, 125, 6135.94, 17261, 15708
1694949939, 0, 0, 30, 0, 0, 6742.58, 3, 0, 0, 1.56, 170, 133, 6135.94, 17261, 15708
1694949946, 0, 0, 30, 0, 0, 6742.58, 3, 0, 0, 0.54, 174, 133, 6135.94, 17261, 15708
1694949955, 0, 0, 30, 0, 0, 6742.58, 3, 0, 0, 0.11, 175, 133, 6135.94, 17261, 15708
1694949963, 0, 0, 30, 0, 0, 6742.58, 3, 0, 0, 1.66, 181, 140, 6135.94, 17261, 15708
1694949970, 0, 0, 30, 0, 0, 6742.58, 3, 0, 0, 0.29, 183, 140, 6135.94, 17261, 15708
1694949977, 0, 0, 30, 0, 0, 6742.58, 3, 0, 0, 0.27, 185, 140, 6135.94, 17261, 15708
1694949978, 0, 0, 30, 0, 0, 6742.58, 3, 0, 0, 36.30, 191, 145, 6135.94, 17261, 15708
1694949985, 0, 0, 30, 0, 0, 6742.58, 3, 0, 0, 0.13, 192, 145, 6135.94, 17261, 15708
1694949994, 0, 0, 30, 0, 0, 6742.58, 3, 0, 0, 0.34, 194, 146, 6135.94, 17261, 15708
1694950004, 0, 0, 30, 0, 0, 6742.58, 3, 0, 0, 0.50, 198, 147, 6135.94, 17261, 15708
1694950015, 0, 0, 30, 0, 0, 6742.58, 3, 0, 0, 0.36, 199, 150, 6135.94, 17261, 15708
1694950024, 0, 0, 30, 0, 0, 6742.58, 3, 0, 0, 1.16, 206, 153, 6135.94, 17261, 15708
1694950031, 0, 0, 30, 0, 0, 6742.58, 3, 0, 0, 0.43, 209, 153, 6135.94, 17261, 15708
1694950039, 0, 0, 30, 0, 0, 6742.58, 3, 0, 0, 1.21, 214, 158, 6135.94, 17261, 15708
1694950039, 0, 0, 30, 0, 0, 6742.58, 3, 0, 0, 16.91, 218, 162, 6135.94, 17261, 15708
1694950048, 0, 0, 30, 0, 0, 6742.58, 3, 0, 0, 0.12, 219, 162, 6135.94, 17261, 15708
1694950054, 0, 0, 30, 0, 0, 6742.58, 3, 0, 0, 2.03, 223, 170, 6135.94, 17261, 15708
1694950064, 0, 0, 31, 0, 0, 6743.36, 3, 0, 0, 0.71, 228, 172, 6135.94, 17263, 15708
1694950064, 0, 0, 31, 0, 0, 6743.36, 3, 0, 0, 27.27, 234, 175, 6135.94, 17263, 15708
1694950077, 0, 0, 31, 0, 0, 6743.36, 3, 0, 0, 0.31, 235, 178, 6135.94, 17263, 15708
1694950077, 0, 0, 31, 0, 0, 6743.36, 3, 0, 0, 56.11, 243, 187, 6135.94, 17263, 15708
1694950085, 0, 0, 31, 0, 0, 6743.36, 3, 0, 0, 0.25, 244, 188, 6135.94, 17263, 15708
1694950092, 0, 0, 31, 0, 0, 6743.36, 3, 0, 0, 0.45, 246, 189, 6135.94, 17263, 15708
1694950104, 0, 0, 31, 0, 0, 6743.36, 3, 0, 0, 0.83, 253, 192, 6135.94, 17263, 15708
1694950111, 0, 0, 31, 0, 0, 6743.36, 3, 0, 0, 1.04, 258, 194, 6135.94, 17263, 15708
1694950111, 0, 0, 31, 0, 0, 6743.36, 3, 0, 0, 8.93, 262, 195, 6135.94, 17263, 15708
1694950119, 0, 0, 31, 0, 0, 6743.36, 3, 0, 0, 3.47, 277, 205, 6135.94, 17263, 15708
1694950138, 0, 0, 31, 0, 0, 6743.36, 3, 0, 0, 0.05, 278, 205, 6135.94, 17263, 15708
1694950147, 0, 0, 31, 0, 0, 6743.36, 3, 0, 0, 1.43, 286, 209, 6135.94, 17263, 15708
1694950154, 0, 0, 31, 0, 0, 6743.36, 3, 0, 0, 0.43, 289, 209, 6135.94, 17263, 15708
1694950178, 0, 0, 31, 0, 0, 6743.36, 3, 0, 0, 0.04, 290, 209, 6135.94, 17263, 15708
1694950186, 0, 0, 31, 0, 0, 6743.36, 3, 0, 0, 1.10, 294, 214, 6135.94, 17263, 15708
1694950194, 0, 0, 31, 0, 0, 6743.36, 3, 0, 0, 0.37, 296, 215, 6135.94, 17263, 15708
1694950203, 0, 0, 31, 0, 0, 6743.36, 3, 0, 0, 0.81, 300, 218, 6135.94, 17263, 15708
1694950212, 0, 0, 31, 0, 0, 6743.36, 3, 0, 0, 0.43, 304, 218, 6135.94, 17263, 15708
1694950224, 0, 0, 31, 0, 0, 6743.36, 3, 0, 0, 0.08, 305, 218, 6135.94, 17263, 15708
1694950231, 0, 0, 31, 0, 0, 6743.36, 3, 0, 0, 1.12, 311, 220, 6135.94, 17263, 15708
1694950232, 0, 0, 31, 0, 0, 6743.36, 3, 0, 0, 11.88, 318, 220, 6135.94, 17263, 15708
1694950238, 0, 0, 31, 0, 0, 6743.36, 3, 0, 0, 1.03, 320, 225, 6135.94, 17263, 15708
1694950246, 0, 0, 31, 0, 0, 6743.36, 3, 0, 0, 0.68, 325, 225, 6135.94, 17263, 15708
1694950253, 0, 0, 31, 0, 0, 6743.36, 3, 0, 0, 1.10, 332, 226, 6135.94, 17263, 15708
1694950253, 0, 0, 31, 0, 0, 6743.36, 3, 0, 0, 43.21, 341, 231, 6135.94, 17263, 15708
1694950260, 0, 0, 31, 0, 0, 6743.36, 3, 0, 0, 0.14, 342, 231, 6135.94, 17263, 15708
1694950269, 0, 0, 31, 0, 0, 6743.36, 3, 0, 0, 0.47, 345, 232, 6135.94, 17263, 15708
1694950275, 0, 0, 31, 0, 0, 6743.36, 3, 0, 0, 0.47, 347, 233, 6135.94, 17263, 15708
1694950276, 0, 0, 31, 0, 0, 6743.36, 3, 0, 0, 43.48, 357, 237, 6135.94, 17263, 15708
1694950284, 0, 0, 31, 0, 0, 6743.36, 3, 0, 0, 0.73, 362, 238, 6135.94, 17263, 15708
1694950293, 0, 0, 31, 0, 0, 6743.36, 3, 0, 0, 0.21, 364, 238, 6135.94, 17263, 15708
1694950307, 0, 0, 31, 0, 0, 6743.36, 3, 0, 0, 0.82, 369, 244, 6135.94, 17263, 15708
1694950321, 0, 0, 31, 0, 0, 6743.36, 3, 0, 0, 0.41, 374, 245, 6135.94, 17263, 15708
1694950328, 0, 0, 31, 0, 0, 6743.36, 3, 0, 0, 0.31, 375, 246, 6135.94, 17263, 15708
1694950347, 0, 0, 31, 0, 0, 6743.36, 3, 0, 0, 0.05, 376, 246, 6135.94, 17263, 15708
1694950354, 0, 0, 31, 0, 0, 6743.36, 3, 0, 0, 0.14, 377, 246, 6135.94, 17263, 15708
1694950363, 0, 0, 31, 0, 0, 6743.36, 3, 0, 0, 1.08, 380, 253, 6135.94, 17263, 15708
1694950374, 0, 0, 31, 0, 0, 6743.36, 3, 0, 0, 0.57, 384, 255, 6135.94, 17263, 15708
1694950382, 0, 0, 31, 0, 0, 6743.36, 3, 0, 0, 0.99, 388, 259, 6135.94, 17263, 15708
1694950390, 0, 0, 31, 0, 0, 6743.36, 3, 0, 0, 0.61, 391, 261, 6135.94, 17263, 15708
1694950398, 0, 0, 31, 0, 0, 6743.36, 3, 0, 0, 0.76, 395, 263, 6135.94, 17263, 15708
1694950406, 0, 0, 31, 0, 0, 6743.36, 3, 0, 0, 1.10, 399, 268, 6135.94, 17263, 15708
1694950413, 0, 0, 31, 0, 0, 6743.36, 3, 0, 0, 0.47, 401, 269, 6135.94, 17263, 15708
1694950420, 0, 0, 31, 0, 0, 6743.36, 3, 0, 0, 0.67, 405, 270, 6135.94, 17263, 15708
1694950428, 0, 0, 31, 0, 0, 6743.36, 3, 0, 0, 0.51, 407, 272, 6135.94, 17263, 15708
1694950428, 0, 0, 31, 0, 0, 6743.36, 3, 0, 0, 47.34, 418, 277, 6135.94, 17263, 15708
1694950436, 0, 0, 31, 0, 0, 6743.36, 3, 0, 0, 0.25, 419, 278, 6135.94, 17263, 15708
1694950446, 0, 0, 31, 0, 0, 6743.36, 3, 0, 0, 0.49, 421, 281, 6135.94, 17263, 15708
1694950454, 0, 0, 31, 0, 0, 6743.36, 3, 0, 0, 0.42, 423, 282, 6135.94, 17263, 15708
1694950462, 0, 0, 31, 0, 0, 6743.36, 3, 0, 0, 0.24, 425, 282, 6135.94, 17263, 15708
1694950469, 0, 0, 31, 0, 0, 6743.36, 3, 0, 0, 0.43, 428, 282, 6135.94, 17263, 15708
1694950476, 0, 0, 31, 0, 0, 6743.36, 3, 0, 0, 0.58, 430, 284, 6135.94, 17263, 15708
1694950486, 0, 0, 31, 0, 0, 6743.36, 3, 0, 0, 0.39, 433, 285, 6135.94, 17263, 15708
1694950493, 0, 0, 31, 0, 0, 6743.36, 3, 0, 0, 0.79, 437, 287, 6135.94, 17263, 15708
1694950502, 0, 0, 31, 0, 0, 6743.36, 3, 0, 0, 0.46, 440, 288, 6135.94, 17263, 15708
1694950502, 0, 0, 31, 0, 0, 6743.36, 3, 0, 0, 18.93, 443, 291, 6135.94, 17263, 15708
1694950520, 0, 0, 31, 0, 0, 6743.36, 3, 0, 0, 0.06, 444, 291, 6135.94, 17263, 15708
1694950530, 0, 0, 31, 0, 0, 6743.36, 3, 0, 0, 0.81, 449, 294, 6135.94, 17263, 15708
1694950539, 0, 0, 31, 0, 0, 6743.36, 3, 0, 0, 0.34, 452, 294, 6135.94, 17263, 15708
1694950550, 0, 0, 31, 0, 0, 6743.36, 3, 0, 0, 1.35, 463, 298, 6135.94, 17263, 15708
1694950556, 0, 0, 31, 0, 0, 6743.36, 3, 0, 0, 1.55, 466, 304, 6135.94, 17263, 15708
1694950563, 0, 0, 31, 0, 0, 6743.36, 3, 0, 0, 0.13, 467, 304, 6135.94, 17263, 15708
1694950571, 0, 0, 31, 0, 0, 6743.36, 3, 0, 0, 0.94, 468, 310, 6135.94, 17263, 15708
1694950604, 0, 0, 31, 0, 0, 6743.36, 3, 0, 0, 0.30, 474, 314, 6135.94, 17263, 15708
1694950622, 0, 0, 31, 0, 0, 6743.36, 3, 0, 0, 0.29, 477, 316, 6135.94, 17263, 15708
1694950630, 0, 0, 31, 0, 0, 6743.36, 3, 0, 0, 1.26, 485, 319, 6135.94, 17263, 15708
1694950631, 0, 0, 31, 0, 0, 6743.36, 3, 0, 0, 19.83, 491, 320, 6135.94, 17263, 15708
1694950639, 0, 0, 31, 0, 0, 6743.36, 3, 0, 0, 0.58, 493, 323, 6135.94, 17263, 15708
1694950649, 0, 0, 31, 0, 0, 6743.36, 3, 0, 0, 0.20, 494, 324, 6135.94, 17263, 15708
1694950650, 0, 0, 31, 0, 0, 6743.36, 3, 0, 0, 29.03, 500, 327, 6135.94, 17263, 15708
1694950662, 0, 0, 31, 0, 0, 6743.36, 3, 0, 0, 0.16, 502, 327, 6135.94, 17263, 15708
1694950668, 0, 0, 31, 0, 0, 6743.36, 3, 0, 0, 1.23, 507, 330, 6135.94, 17263, 15708
1694950669, 0, 0, 31, 0, 0, 6743.36, 3, 0, 0, 11.40, 509, 332, 6135.94, 17263, 15708
1694950679, 0, 0, 31, 0, 0, 6743.36, 3, 0, 0, 1.34, 517, 337, 6135.94, 17263, 15708
1694950687, 0, 0, 31, 0, 0, 6743.36, 3, 0, 0, 0.36, 519, 338, 6135.94, 17263, 15708
1694950695, 0, 0, 31, 0, 0, 6743.36, 3, 0, 0, 0.64, 522, 340, 6135.94, 17263, 15708
1694950702, 0, 0, 31, 0, 0, 6743.36, 3, 0, 0, 1.15, 525, 345, 6135.94, 17263, 15708
1694950710, 0, 0, 31, 0, 0, 6743.36, 3, 0, 0, 0.12, 526, 345, 6135.94, 17263, 15708
1694950718, 0, 0, 31, 0, 0, 6743.36, 3, 0, 0, 1.67, 535, 349, 6135.94, 17263, 15708
1694950729, 0, 0, 31, 0, 0, 6743.36, 3, 0, 0, 0.35, 539, 349, 6135.94, 17263, 15708
1694950736, 0, 0, 31, 0, 0, 6743.36, 3, 0, 0, 0.15, 539, 350, 6135.94, 17263, 15708
1694950744, 0, 0, 32, 0, 0, 6744.14, 3, 0, 0, 0.92, 544, 353, 6136.72, 17265, 15710
1694950751, 0, 0, 32, 0, 0, 6744.14, 3, 0, 0, 0.44, 545, 355, 6136.72, 17265, 15710
1694950752, 0, 0, 32, 0, 0, 6744.14, 3, 0, 0, 15.53, 549, 356, 6136.72, 17265, 15710
1694950768, 0, 0, 32, 0, 0, 6744.14, 3, 0, 0, 0.24, 552, 357, 6136.72, 17265, 15710
1694950776, 0, 0, 32, 0, 0, 6744.14, 3, 0, 0, 0.13, 553, 357, 6136.72, 17265, 15710
1694950783, 0, 0, 32, 0, 0, 6744.14, 3, 0, 0, 0.14, 554, 357, 6136.72, 17265, 15710
1694950784, 0, 0, 32, 0, 0, 6744.14, 3, 0, 0, 54.22, 561, 368, 6136.72, 17265, 15710
1694950784, 0, 0, 32, 0, 0, 6744.14, 3, 0, 0, 42.90, 571, 371, 6136.72, 17265, 15710
1694950795, 0, 0, 32, 0, 0, 6744.14, 3, 0, 0, 0.36, 574, 372, 6136.72, 17265, 15710
1694950795, 0, 0, 32, 0, 0, 6744.14, 3, 0, 0, 29.22, 579, 376, 6136.72, 17265, 15710
1694950803, 0, 0, 32, 0, 0, 6744.14, 3, 0, 0, 0.26, 581, 376, 6136.72, 17265, 15710
1694950803, 0, 0, 32, 0, 0, 6744.14, 3, 0, 0, 17.98, 584, 381, 6136.72, 17265, 15710
1694950804, 0, 0, 32, 0, 0, 6744.14, 3, 0, 0, 35.50, 593, 384, 6136.72, 17265, 15710
1694950810, 0, 0, 32, 0, 0, 6744.14, 4, 0, 0, 0.47, 594, 386, 6136.72, 17265, 15710
1694950820, 0, 0, 32, 0, 0, 6744.14, 4, 0, 0, 0.61, 597, 389, 6136.72, 17265, 15710
1694950820, 0, 0, 32, 0, 0, 6744.14, 4, 0, 0, 27.44, 603, 392, 6136.72, 17265, 15710
1694950820, 0, 0, 32, 0, 0, 6744.14, 4, 0, 0, 29.70, 609, 395, 6136.72, 17265, 15710
1694950830, 0, 0, 32, 0, 0, 6744.14, 4, 0, 0, 1.28, 615, 401, 6136.72, 17265, 15710
1694950840, 0, 0, 32, 0, 0, 6744.14, 4, 0, 0, 0.51, 619, 402, 6136.72, 17265, 15710
1694950850, 0, 0, 32, 0, 0, 6744.14, 4, 0, 0, 0.20, 621, 402, 6136.72, 17265, 15710
1694950858, 0, 0, 32, 0, 0, 6744.14, 4, 0, 0, 0.25, 623, 402, 6136.72, 17265, 15710
1694950858, 0, 0, 32, 0, 0, 6744.14, 4, 0, 0, 19.61, 627, 404, 6136.72, 17265, 15710
1694950869, 0, 0, 32, 0, 0, 6744.14, 4, 0, 0, 0.53, 630, 407, 6136.72, 17265, 15710
1694950882, 0, 0, 32, 0, 0, 6744.14, 4, 0, 0, 0.16, 632, 407, 6136.72, 17265, 15710
1694950891, 0, 0, 32, 0, 0, 6744.14, 4, 0, 0, 0.95, 636, 412, 6136.72, 17265, 15710
1694950898, 0, 0, 32, 0, 0, 6744.14, 4, 0, 0, 0.31, 638, 412, 6136.72, 17265, 15710
1694950907, 0, 0, 32, 0, 0, 6744.14, 4, 0, 0, 0.31, 641, 412, 6136.72, 17265, 15710
1694950914, 0, 0, 32, 0, 0, 6744.14, 4, 0, 0, 0.99, 646, 414, 6136.72, 17265, 15710
1694950922, 0, 0, 32, 0, 0, 6744.14, 4, 0, 0, 0.77, 650, 416, 6136.72, 17265, 15710
1694950932, 0, 0, 32, 0, 0, 6744.14, 4, 0, 0, 0.21, 652, 416, 6136.72, 17265, 15710
1694950939, 0, 0, 32, 0, 0, 6744.14, 4, 0, 0, 1.04, 657, 419, 6136.72, 17265, 15710
1694950950, 0, 0, 32, 0, 0, 6744.14, 4, 0, 0, 0.09, 658, 419, 6136.72, 17265, 15710
1694950958, 0, 0, 32, 0, 0, 6744.14, 4, 0, 0, 0.13, 659, 419, 6136.72, 17265, 15710
1694950966, 0, 0, 32, 0, 0, 6744.14, 4, 0, 0, 0.50, 661, 421, 6136.72, 17265, 15710
1694950966, 0, 0, 33, 0, 0, 6749.61, 4, 0, 0, 8.81, 664, 422, 6142.19, 17279, 15724
1694950973, 0, 0, 33, 0, 0, 6749.61, 4, 0, 0, 0.42, 667, 422, 6142.19, 17279, 15724
1694950980, 0, 0, 33, 0, 0, 6749.61, 4, 0, 0, 0.59, 669, 424, 6142.19, 17279, 15724
1694950980, 0, 0, 33, 0, 0, 6749.61, 4, 0, 0, 6.56, 671, 425, 6142.19, 17279, 15724
1694950988, 0, 0, 33, 0, 0, 6749.61, 4, 0, 0, 0.14, 672, 425, 6142.19, 17279, 15724
1694950996, 0, 0, 33, 0, 0, 6749.61, 4, 0, 0, 0.70, 677, 426, 6142.19, 17279, 15724
1694950997, 0, 0, 33, 0, 0, 6749.61, 4, 0, 0, 31.85, 682, 431, 6142.19, 17279, 15724
1694950997, 0, 0, 33, 0, 0, 6749.61, 4, 0, 0, 17.54, 690, 431, 6142.19, 17279, 15724
1694951006, 0, 0, 33, 0, 0, 6749.61, 4, 0, 0, 0.70, 694, 433, 6142.19, 17279, 15724
1694951012, 0, 0, 33, 0, 0, 6749.61, 4, 0, 0, 2.08, 701, 438, 6142.19, 17279, 15724
1694951018, 0, 0, 33, 0, 0, 6749.61, 4, 0, 0, 0.73, 704, 440, 6142.19, 17279, 15724
1694951028, 0, 0, 33, 0, 0, 6749.61, 4, 0, 0, 1.73, 714, 446, 6142.19, 17279, 15724
1694951036, 0, 0, 33, 0, 0, 6749.61, 4, 0, 0, 0.23, 716, 446, 6142.19, 17279, 15724
1694951046, 0, 0, 33, 0, 0, 6749.61, 4, 0, 0, 0.41, 719, 447, 6142.19, 17279, 15724
1694951059, 0, 0, 33, 0, 0, 6749.61, 4, 0, 0, 0.64, 726, 448, 6142.19, 17279, 15724
1694951070, 0, 0, 33, 0, 0, 6749.61, 4, 0, 0, 0.43, 730, 449, 6142.19, 17279, 15724
1694951079, 0, 0, 33, 0, 0, 6749.61, 4, 0, 0, 0.11, 731, 449, 6142.19, 17279, 15724
1694951088, 0, 0, 33, 0, 0, 6749.61, 4, 0, 0, 0.24, 732, 450, 6142.19, 17279, 15724
1694951088, 0, 0, 33, 0, 0, 6749.61, 4, 0, 0, 13.81, 736, 451, 6142.19, 17279, 15724
1694951093, 0, 0, 33, 0, 0, 6749.61, 4, 0, 0, 1.20, 740, 453, 6142.19, 17279, 15724
1694951093, 0, 0, 33, 0, 0, 6749.61, 4, 0, 0, 33.11, 746, 457, 6142.19, 17279, 15724
1694951094, 0, 0, 33, 0, 0, 6749.61, 4, 0, 0, 32.26, 751, 462, 6142.19, 17279, 15724
1694951101, 0, 0, 33, 0, 0, 6749.61, 4, 0, 0, 1.55, 756, 468, 6142.19, 17279, 15724
1694951108, 0, 0, 33, 0, 0, 6749.61, 4, 0, 0, 0.13, 757, 468, 6142.19, 17279, 15724
1694951109, 0, 0, 33, 0, 0, 6749.61, 4, 0, 0, 9.74, 760, 468, 6142.19, 17279, 15724
1694951109, 0, 0, 33, 0, 0, 6749.61, 4, 0, 0, 19.11, 764, 470, 6142.19, 17279, 15724
1694951115, 0, 0, 33, 0, 0, 6749.61, 4, 0, 0, 0.94, 767, 473, 6142.19, 17279, 15724
1694951123, 0, 0, 33, 0, 0, 6749.61, 4, 0, 0, 0.13, 768, 473, 6142.19, 17279, 15724
1694951133, 0, 0, 33, 0, 0, 6749.61, 4, 0, 0, 0.74, 774, 474, 6142.19, 17279, 15724
1694951141, 0, 0, 33, 0, 0, 6749.61, 4, 0, 0, 0.60, 777, 476, 6142.19, 17279, 15724
1694951149, 0, 0, 33, 0, 0, 6749.61, 4, 0, 0, 0.13, 778, 476, 6142.19, 17279, 15724
1694951155, 0, 0, 33, 0, 0, 6749.61, 4, 0, 0, 0.30, 780, 476, 6142.19, 17279, 15724
1694951156, 0, 0, 33, 0, 0, 6749.61, 4, 0, 0, 38.46, 786, 483, 6142.19, 17279, 15724
1694951164, 0, 0, 33, 0, 0, 6749.61, 4, 0, 0, 1.63, 795, 487, 6142.19, 17279, 15724
1694951164, 0, 0, 33, 0, 0, 6749.61, 4, 0, 0, 17.91, 799, 489, 6142.19, 17279, 15724
1694951171, 0, 0, 33, 0, 0, 6749.61, 4, 0, 0, 0.15, 800, 489, 6142.19, 17279, 15724
1694951178, 0, 0, 33, 0, 0, 6749.61, 4, 0, 0, 0.96, 805, 491, 6142.19, 17279, 15724
1694951179, 0, 0, 33, 0, 0, 6749.61, 4, 0, 0, 40.50, 815, 494, 6142.19, 17279, 15724
1694951187, 0, 0, 33, 0, 0, 6749.61, 4, 0, 0, 1.38, 819, 502, 6142.19, 17279, 15724
1694951194, 0, 0, 33, 0, 0, 6749.61, 4, 0, 0, 0.15, 820, 502, 6142.19, 17279, 15724
1694951201, 0, 0, 33, 0, 0, 6749.61, 4, 0, 0, 0.28, 822, 502, 6142.19, 17279, 15724
1694951202, 0, 0, 33, 0, 0, 6749.61, 4, 0, 0, 5.33, 823, 503, 6142.19, 17279, 15724
1694951209, 0, 0, 33, 0, 0, 6749.61, 4, 0, 0, 0.26, 824, 504, 6142.19, 17279, 15724
1694951216, 0, 0, 33, 0, 0, 6749.61, 4, 0, 0, 0.15, 825, 504, 6142.19, 17279, 15724
1694951217, 0, 0, 33, 0, 0, 6749.61, 4, 0, 0, 26.53, 830, 509, 6142.19, 17279, 15724
1694951225, 0, 0, 33, 0, 0, 6749.61, 4, 0, 0, 0.12, 831, 509, 6142.19, 17279, 15724
1694951225, 0, 0, 33, 0, 0, 6749.61, 4, 0, 0, 26.58, 835, 513, 6142.19, 17279, 15724
1694951231, 0, 0, 33, 0, 0, 6749.61, 4, 0, 0, 0.57, 836, 515, 6142.19, 17279, 15724
1694951231, 0, 0, 33, 0, 0, 6749.61, 4, 0, 0, 15.29, 839, 517, 6142.19, 17279, 15724
1694951231, 0, 0, 33, 0, 0, 6749.61, 4, 0, 0, 26.40, 841, 523, 6142.19, 17279, 15724
1694951238, 0, 0, 33, 0, 0, 6749.61, 4, 0, 0, 1.49, 848, 526, 6142.19, 17279, 15724
1694951245, 0, 0, 33, 0, 0, 6749.61, 4, 0, 0, 0.14, 849, 526, 6142.19, 17279, 15724
1694951246, 0, 0, 33, 0, 0, 6749.61, 4, 0, 0, 9.97, 852, 526, 6142.19, 17279, 15724
1694951277, 0, 0, 33, 0, 0, 6749.61, 4, 0, 0, 0.16, 855, 528, 6142.19, 17279, 15724
1694951284, 0, 0, 33, 0, 0, 6749.61, 4, 0, 0, 0.14, 856, 528, 6142.19, 17279, 15724
1694951295, 0, 0, 33, 0, 0, 6749.61, 4, 0, 0, 0.67, 860, 531, 6142.19, 17279, 15724
1694951302, 0, 0, 33, 0, 0, 6749.61, 4, 0, 0, 0.14, 861, 531, 6142.19, 17279, 15724
1694951302, 0, 0, 33, 0, 0, 6749.61, 4, 0, 0, 31.85, 867, 535, 6142.19, 17279, 15724
1694951302, 0, 0, 33, 0, 0, 6749.61, 4, 0, 0, 21.21, 871, 538, 6142.19, 17279, 15724
1694951303, 0, 0, 33, 0, 0, 6749.61, 4, 0, 0, 17.95, 876, 540, 6142.19, 17279, 15724
1694951315, 0, 0, 33, 0, 0, 6749.61, 4, 0, 0, 0.34, 879, 541, 6142.19, 17279, 15724
1694951351, 0, 0, 33, 0, 0, 6749.61, 4, 0, 0, 0.03, 880, 541, 6142.19, 17279, 15724
1694951351, 0, 0, 33, 0, 0, 6749.61, 4, 0, 0, 21.81, 886, 542, 6142.19, 17279, 15724
1694951359, 0, 0, 33, 0, 0, 6749.61, 4, 0, 0, 0.39, 888, 543, 6142.19, 17279, 15724
1694951359, 0, 0, 33, 0, 0, 6749.61, 4, 0, 0, 43.19, 897, 547, 6142.19, 17279, 15724
1694951369, 0, 0, 33, 0, 0, 6749.61, 4, 0, 0, 0.31, 899, 548, 6142.19, 17279, 15724
1694951398, 0, 0, 33, 0, 0, 6749.61, 4, 0, 0, 0.07, 901, 548, 6142.19, 17279, 15724
1694951399, 0, 0, 33, 0, 0, 6749.61, 4, 0, 0, 23.74, 906, 551, 6142.19, 17279, 15724
1694951399, 0, 0, 33, 0, 0, 6749.61, 4, 0, 0, 32.15, 911, 556, 6142.19, 17279, 15724
1694951409, 0, 0, 33, 0, 0, 6749.61, 4, 0, 0, 0.41, 913, 558, 6142.19, 17279, 15724
1694951417, 0, 0, 33, 0, 0, 6749.61, 4, 0, 0, 0.50, 916, 559, 6142.19, 17279, 15724
1694951417, 0, 0, 33, 0, 0, 6749.61, 4, 0, 0, 16.61, 919, 561, 6142.19, 17279, 15724
1694951418, 0, 0, 33, 0, 0, 6749.61, 4, 0, 0, 16.67, 922, 566, 6142.19, 17279, 15724
1694951426, 0, 0, 33, 0, 0, 6749.61, 4, 0, 0, 0.12, 923, 566, 6142.19, 17279, 15724
1694951426, 0, 0, 33, 0, 0, 6749.61, 4, 0, 0, 26.14, 928, 569, 6142.19, 17279, 15724
1694951435, 0, 0, 33, 0, 0, 6749.61, 4, 0, 0, 0.46, 931, 570, 6142.19, 17279, 15724
1694951443, 0, 0, 33, 0, 0, 6749.61, 4, 0, 0, 0.78, 933, 574, 6142.19, 17279, 15724
1694951451, 0, 0, 33, 0, 0, 6749.61, 4, 0, 0, 0.36, 935, 575, 6142.19, 17279, 15724
1694951451, 0, 0, 33, 0, 0, 6749.61, 4, 0, 0, 22.95, 938, 579, 6142.19, 17279, 15724
1694951459, 0, 0, 33, 0, 0, 6749.61, 4, 0, 0, 0.92, 944, 580, 6142.19, 17279, 15724
1694951459, 0, 0, 33, 0, 0, 6749.61, 4, 0, 0, 20.71, 948, 583, 6142.19, 17279, 15724
1694951459, 0, 0, 33, 0, 0, 6749.61, 4, 0, 0, 26.06, 953, 586, 6142.19, 17279, 15724
1694951466, 0, 0, 33, 0, 0, 6749.61, 4, 0, 0, 0.58, 956, 587, 6142.19, 17279, 15724
1694951480, 0, 0, 34, 0, 0, 6791.02, 4, 0, 0, 0.15, 957, 588, 6183.59, 17385, 15830
1694951491, 0, 0, 34, 0, 0, 6791.02, 4, 0, 0, 0.95, 965, 591, 6183.59, 17385, 15830
1694951501, 0, 0, 34, 0, 0, 6791.02, 4, 0, 0, 0.51, 969, 592, 6183.59, 17385, 15830
1694951509, 0, 0, 34, 0, 0, 6791.02, 4, 0, 0, 0.12, 970, 592, 6183.59, 17385, 15830
1694951510, 0, 0, 34, 0, 0, 6791.02, 4, 0, 0, 14.45, 973, 594, 6183.59, 17385, 15830
1694951520, 0, 0, 34, 0, 0, 6791.02, 4, 0, 0, 0.10, 974, 594, 6183.59, 17385, 15830
1694951529, 0, 0, 34, 0, 0, 6791.02, 4, 0, 0, 0.23, 976, 594, 6183.59, 17385, 15830
1694951529, 0, 0, 34, 0, 0, 6791.02, 4, 0, 0, 22.66, 981, 597, 6183.59, 17385, 15830
1694951529, 0, 0, 34, 0, 0, 6791.02, 4, 0, 0, 9.63, 984, 599, 6183.59, 17385, 15830
1694951530, 0, 0, 34, 0, 0, 6791.02, 4, 0, 0, 18.63, 989, 600, 6183.59, 17385, 15830
1694951536, 0, 0, 34, 0, 0, 6791.02, 4, 0, 0, 0.32, 990, 601, 6183.59, 17385, 15830
1694951544, 0, 0, 34, 0, 0, 6791.02, 4, 0, 0, 0.25, 991, 602, 6183.59, 17385, 15830
1694951552, 0, 0, 34, 0, 0, 6791.02, 4, 0, 0, 0.86, 996, 604, 6183.59, 17385, 15830
1694951552, 0, 0, 34, 0, 0, 6791.02, 4, 0, 0, 17.14, 1001, 605, 6183.59, 17385, 15830
1694951567, 0, 0, 34, 0, 0, 6791.02, 4, 0, 0, 0.28, 1003, 607, 6183.59, 17385, 15830
1694951567, 0, 0, 34, 0, 0, 6791.02, 4, 0, 0, 22.65, 1008, 609, 6183.59, 17385, 15830
1694951567, 0, 0, 34, 0, 0, 6791.02, 4, 0, 0, 16.45, 1013, 609, 6183.59, 17385, 15830
1694951568, 0, 0, 34, 0, 0, 6791.02, 4, 0, 0, 27.55, 1018, 614, 6183.59, 17385, 15830
1694951568, 0, 0, 34, 0, 0, 6791.02, 4, 0, 0, 22.22, 1023, 616, 6183.59, 17385, 15830
1694951575, 0, 0, 34, 0, 0, 6791.02, 4, 0, 0, 0.41, 1025, 617, 6183.59, 17385, 15830
1694951582, 0, 0, 34, 0, 0, 6791.02, 4, 0, 0, 0.32, 1027, 617, 6183.59, 17385, 15830
1694951582, 0, 0, 34, 0, 0, 6791.02, 4, 0, 0, 16.61, 1031, 618, 6183.59, 17385, 15830
1694951582, 0, 0, 34, 0, 0, 6791.02, 4, 0, 0, 22.22, 1034, 622, 6183.59, 17385, 15830
1694951583, 0, 0, 34, 0, 0, 6791.02, 4, 0, 0, 12.66, 1037, 624, 6183.59, 17385, 15830
1694951583, 0, 0, 34, 0, 0, 6791.02, 4, 0, 0, 7.95, 1040, 625, 6183.59, 17385, 15830
1694951590, 0, 0, 34, 0, 0, 6791.02, 4, 0, 0, 0.14, 1041, 625, 6183.59, 17385, 15830
1694951601, 0, 0, 34, 0, 0, 6791.02, 4, 0, 0, 0.56, 1046, 626, 6183.59, 17385, 15830
1694951602, 0, 0, 34, 0, 0, 6791.02, 4, 0, 0, 22.01, 1049, 630, 6183.59, 17385, 15830
1694951609, 0, 0, 34, 0, 0, 6791.02, 4, 0, 0, 0.13, 1050, 630, 6183.59, 17385, 15830
1694951625, 0, 0, 34, 0, 0, 6791.02, 4, 0, 0, 0.31, 1053, 632, 6183.59, 17385, 15830
1694951626, 0, 0, 34, 0, 0, 6791.02, 4, 0, 0, 19.42, 1055, 636, 6183.59, 17385, 15830
1694951633, 0, 0, 34, 0, 0, 6791.02, 4, 0, 0, 0.83, 1060, 637, 6183.59, 17385, 15830
1694951640, 0, 0, 34, 0, 0, 6791.02, 4, 0, 0, 0.15, 1061, 637, 6183.59, 17385, 15830
1694951640, 0, 0, 34, 0, 0, 6791.02, 4, 0, 0, 2.62, 1061, 638, 6183.59, 17385, 15830
1694951640, 0, 0, 34, 0, 0, 6791.02, 4, 0, 0, 16.44, 1065, 640, 6183.59, 17385, 15830
1694951651, 0, 0, 34, 0, 0, 6791.02, 4, 0, 0, 0.65, 1070, 642, 6183.59, 17385, 15830
1694951664, 0, 0, 34, 0, 0, 6791.02, 4, 0, 0, 0.41, 1072, 645, 6183.59, 17385, 15830
1694951664, 0, 0, 34, 0, 0, 6791.02, 4, 0, 0, 15.02, 1077, 645, 6183.59, 17385, 15830
1694951676, 0, 0, 34, 0, 0, 6791.02, 4, 0, 0, 0.09, 1078, 645, 6183.59, 17385, 15830
1694951683, 0, 0, 34, 0, 0, 6791.02, 4, 0, 0, 0.42, 1080, 646, 6183.59, 17385, 15830
1694951690, 0, 0, 34, 0, 0, 6791.02, 4, 0, 0, 0.40, 1081, 648, 6183.59, 17385, 15830
1694951691, 0, 0, 34, 0, 0, 6791.02, 4, 0, 0, 30.58, 1085, 654, 6183.59, 17385, 15830
1694951697, 0, 0, 34, 0, 0, 6791.02, 4, 0, 0, 0.49, 1087, 655, 6183.59, 17385, 15830
1694951697, 0, 0, 34, 0, 0, 6791.02, 4, 0, 0, 25.48, 1093, 657, 6183.59, 17385, 15830
1694951705, 0, 0, 34, 0, 0, 6791.02, 4, 0, 0, 0.65, 1097, 658, 6183.59, 17385, 15830
1694951705, 0, 0, 34, 0, 0, 6791.02, 4, 0, 0, 27.40, 1103, 662, 6183.59, 17385, 15830
1694951711, 0, 0, 34, 0, 0, 6791.02, 4, 0, 0, 0.48, 1105, 663, 6183.59, 17385, 15830
1694951719, 0, 0, 34, 0, 0, 6791.02, 4, 0, 0, 0.39, 1108, 663, 6183.59, 17385, 15830
1694951719, 0, 0, 34, 0, 0, 6791.02, 4, 0, 0, 6.41, 1108, 665, 6183.59, 17385, 15830
1694951720, 0, 0, 34, 0, 0, 6791.02, 4, 0, 0, 16.56, 1110, 668, 6183.59, 17385, 15830
1694951727, 0, 0, 34, 0, 0, 6791.02, 4, 0, 0, 0.27, 1112, 668, 6183.59, 17385, 15830
1694951735, 0, 0, 34, 0, 0, 6791.02, 4, 0, 0, 0.60, 1115, 670, 6183.59, 17385, 15830
1694951736, 0, 0, 34, 0, 0, 6791.02, 4, 0, 0, 10.42, 1119, 670, 6183.59, 17385, 15830
1694951743, 0, 0, 34, 0, 0, 6791.02, 4, 0, 0, 0.89, 1121, 674, 6183.59, 17385, 15830
1694951752, 0, 0, 34, 0, 0, 6791.02, 4, 0, 0, 0.32, 1123, 675, 6183.59, 17385, 15830
1694951773, 0, 0, 34, 0, 0, 6791.02, 4, 0, 0, 0.05, 1124, 675, 6183.59, 17385, 15830
1694951773, 0, 0, 34, 0, 0, 6791.02, 4, 0, 0, 11.55, 1127, 677, 6183.59, 17385, 15830
1694951781, 0, 0, 34, 0, 0, 6791.02, 4, 0, 0, 0.38, 1129, 678, 6183.59, 17385, 15830
1694951788, 0, 0, 34, 0, 0, 6791.02, 4, 0, 0, 0.46, 1131, 679, 6183.59, 17385, 15830
1694951788, 0, 0, 34, 0, 0, 6791.02, 4, 0, 0, 9.32, 1132, 681, 6183.59, 17385, 15830
1694951796, 0, 0, 34, 0, 0, 6791.02, 4, 0, 0, 0.13, 1133, 681, 6183.59, 17385, 15830
1694951808, 0, 0, 34, 0, 0, 6791.02, 4, 0, 0, 0.24, 1135, 682, 6183.59, 17385, 15830
1694951809, 0, 0, 34, 0, 0, 6791.02, 4, 0, 0, 18.52, 1139, 684, 6183.59, 17385, 15830
1694951817, 0, 0, 34, 0, 0, 6791.02, 4, 0, 0, 0.12, 1140, 684, 6183.59, 17385, 15830
1694951817, 0, 0, 34, 0, 0, 6791.02, 4, 0, 0, 9.90, 1144, 685, 6183.59, 17385, 15830
1694951827, 0, 0, 34, 0, 0, 6791.02, 4, 0, 0, 0.31, 1147, 685, 6183.59, 17385, 15830
1694951835, 0, 0, 34, 0, 0, 6791.02, 4, 0, 0, 0.12, 1148, 685, 6183.59, 17385, 15830
1694951844, 0, 0, 34, 0, 0, 6791.02, 4, 0, 0, 0.59, 1152, 686, 6183.59, 17385, 15830
1694951853, 0, 0, 34, 0, 0, 6791.02, 4, 0, 0, 0.21, 1153, 687, 6183.59, 17385, 15830
1694951861, 0, 0, 34, 0, 0, 6791.02, 4, 0, 0, 0.38, 1156, 687, 6183.59, 17385, 15830
1694951873, 0, 0, 34, 0, 0, 6791.02, 4, 0, 0, 0.17, 1158, 687, 6183.59, 17385, 15830
1694951873, 0, 0, 34, 0, 0, 6791.02, 4, 0, 0, 7.92, 1159, 689, 6183.59, 17385, 15830
1694951873, 0, 0, 34, 0, 0, 6791.02, 4, 0, 0, 16.29, 1162, 691, 6183.59, 17385, 15830
1694951874, 0, 0, 34, 0, 0, 6791.02, 4, 0, 0, 14.97, 1164, 694, 6183.59, 17385, 15830
1694951884, 0, 0, 34, 0, 0, 6791.02, 4, 0, 0, 0.49, 1166, 697, 6183.59, 17385, 15830
1694951891, 0, 0, 34, 0, 0, 6791.02, 4, 0, 0, 0.13, 1167, 697, 6183.59, 17385, 15830
1694951892, 0, 0, 34, 0, 0, 6791.02, 4, 0, 0, 21.28, 1170, 701, 6183.59, 17385, 15830
1694951905, 0, 0, 34, 0, 0, 6791.02, 4, 0, 0, 0.30, 1173, 702, 6183.59, 17385, 15830
1694951905, 0, 0, 34, 0, 0, 6791.02, 4, 0, 0, 9.40, 1176, 702, 6183.59, 17385, 15830
1694951913, 0, 0, 34, 0, 0, 6791.02, 4, 0, 0, 0.12, 1177, 702, 6183.59, 17385, 15830
1694951924, 0, 0, 34, 0, 0, 6791.02, 4, 0, 0, 0.19, 1178, 703, 6183.59, 17385, 15830
1694951932, 0, 0, 34, 0, 0, 6791.02, 4, 0, 0, 0.50, 1180, 705, 6183.59, 17385, 15830
1694951932, 0, 0, 34, 0, 0, 6791.02, 4, 0, 0, 20.41, 1183, 709, 6183.59, 17385, 15830
1694951940, 0, 0, 34, 0, 0, 6791.02, 4, 0, 0, 0.60, 1187, 710, 6183.59, 17385, 15830
1694951947, 0, 0, 34, 0, 0, 6791.02, 4, 0, 0, 0.29, 1188, 711, 6183.59, 17385, 15830
1694951954, 0, 0, 34, 0, 0, 6791.02, 4, 0, 0, 0.43, 1190, 712, 6183.59, 17385, 15830
1694951955, 0, 0, 34, 0, 0, 6791.02, 4, 0, 0, 6.08, 1192, 712, 6183.59, 17385, 15830
1694951972, 0, 0, 34, 0, 0, 6791.02, 4, 0, 0, 0.23, 1195, 713, 6183.59, 17385, 15830
1694951972, 0, 0, 34, 0, 0, 6791.02, 4, 0, 0, 16.39, 1199, 714, 6183.59, 17385, 15830
1694951991, 0, 0, 34, 0, 0, 6791.02, 4, 0, 0, 0.16, 1202, 714, 6183.59, 17385, 15830
1694951999, 0, 0, 34, 0, 0, 6791.02, 4, 0, 0, 0.78, 1204, 718, 6183.59, 17385, 15830
1694952009, 0, 0, 34, 0, 0, 6791.02, 4, 0, 0, 0.29, 1205, 720, 6183.59, 17385, 15830
1694952017, 0, 0, 34, 0, 0, 6791.02, 4, 0, 0, 0.13, 1206, 720, 6183.59, 17385, 15830
1694952017, 0, 0, 34, 0, 0, 6791.02, 4, 0, 0, 14.12, 1209, 722, 6183.59, 17385, 15830
1694952017, 0, 0, 34, 0, 0, 6791.02, 4, 0, 0, 21.81, 1214, 724, 6183.59, 17385, 15830
1694952018, 0, 0, 34, 0, 0, 6791.02, 4, 0, 0, 11.19, 1217, 726, 6183.59, 17385, 15830
1694952018, 0, 0, 34, 0, 0, 6791.02, 4, 0, 0, 14.62, 1220, 728, 6183.59, 17385, 15830
1694952019, 0, 0, 34, 0, 0, 6791.02, 4, 0, 0, 9.22, 1224, 728, 6183.59, 17385, 15830
1694952019, 0, 0, 34, 0, 0, 6791.02, 4, 0, 0, 12.42, 1226, 730, 6183.59, 17385, 15830
1694952031, 0, 0, 34, 0, 0, 6791.02, 4, 0, 0, 0.56, 1231, 732, 6183.59, 17385, 15830
1694952039, 0, 0, 34, 0, 0, 6791.02, 4, 0, 0, 0.54, 1233, 734, 6183.59, 17385, 15830
1694952039, 0, 0, 34, 0, 0, 6791.02, 4, 0, 0, 12.78, 1236, 735, 6183.59, 17385, 15830
1694952046, 0, 0, 34, 0, 0, 6791.02, 4, 0, 0, 0.41, 1238, 736, 6183.59, 17385, 15830
1694952054, 0, 0, 34, 0, 0, 6791.02, 4, 0, 0, 0.37, 1241, 736, 6183.59, 17385, 15830
1694952061, 0, 0, 34, 0, 0, 6791.02, 4, 0, 0, 1.06, 1244, 740, 6183.59, 17385, 15830
1694952070, 0, 0, 34, 0, 0, 6791.02, 4, 0, 0, 0.46, 1247, 741, 6183.59, 17385, 15830
1694952070, 0, 0, 34, 0, 0, 6791.02, 4, 0, 0, 17.91, 1248, 746, 6183.59, 17385, 15830
1694952070, 0, 0, 34, 0, 0, 6791.02, 4, 0, 0, 16.39, 1251, 748, 6183.59, 17385, 15830
1694952071, 0, 0, 34, 0, 0, 6791.02, 4, 0, 0, 11.66, 1252, 751, 6183.59, 17385, 15830
1694952078, 0, 0, 34, 0, 0, 6791.02, 4, 0, 0, 0.14, 1253, 751, 6183.59, 17385, 15830
1694952093, 0, 0, 34, 0, 0, 6791.02, 4, 0, 0, 0.26, 1255, 753, 6183.59, 17385, 15830
1694952102, 0, 0, 34, 0, 0, 6791.02, 4, 0, 0, 0.33, 1258, 753, 6183.59, 17385, 15830
1694952102, 0, 0, 34, 0, 0, 6791.02, 4, 0, 0, 15.67, 1258, 758, 6183.59, 17385, 15830
1694952110, 0, 0, 34, 0, 0, 6791.02, 4, 0, 0, 0.40, 1260, 759, 6183.59, 17385, 15830
1694952110, 0, 0, 34, 0, 0, 6791.02, 4, 0, 0, 16.03, 1262, 762, 6183.59, 17385, 15830
1694952116, 0, 0, 34, 0, 0, 6791.02, 4, 0, 0, 0.67, 1264, 764, 6183.59, 17385, 15830
1694952117, 0, 0, 34, 0, 0, 6791.02, 4, 0, 0, 5.33, 1266, 764, 6183.59, 17385, 15830
1694952124, 0, 0, 34, 0, 0, 6791.02, 4, 0, 0, 0.28, 1267, 765, 6183.59, 17385, 15830
1694952137, 0, 0, 34, 0, 0, 6791.02, 4, 0, 0, 0.30, 1271, 765, 6183.59, 17385, 15830
1694952137, 0, 0, 34, 0, 0, 6791.02, 4, 0, 0, 9.38, 1273, 766, 6183.59, 17385, 15830
1694952138, 0, 0, 34, 0, 0, 6791.02, 4, 0, 0, 16.39, 1275, 769, 6183.59, 17385, 15830
1694952147, 0, 0, 34, 0, 0, 6791.02, 4, 0, 0, 0.11, 1276, 769, 6183.59, 17385, 15830
1694952147, 0, 0, 34, 0, 0, 6791.02, 4, 0, 0, 17.65, 1278, 773, 6183.59, 17385, 15830
1694952155, 0, 0, 34, 0, 0, 6791.02, 4, 0, 0, 0.37, 1279, 775, 6183.59, 17385, 15830
1694952155, 0, 0, 34, 0, 0, 6791.02, 4, 0, 0, 9.15, 1282, 775, 6183.59, 17385, 15830
1694952167, 0, 0, 34, 0, 0, 6791.02, 4, 0, 0, 0.09, 1283, 775, 6183.59, 17385, 15830
1694952179, 0, 0, 34, 0, 0, 6791.02, 4, 0, 0, 0.08, 1284, 775, 6183.59, 17385, 15830
1694952189, 0, 0, 34, 0, 0, 6791.02, 4, 0, 0, 0.21, 1286, 775, 6183.59, 17385, 15830
1694952196, 0, 0, 34, 0, 0, 6791.02, 4, 0, 0, 0.14, 1287, 775, 6183.59, 17385, 15830
1694952204, 0, 0, 34, 0, 0, 6791.02, 4, 0, 0, 0.38, 1289, 776, 6183.59, 17385, 15830
1694952204, 0, 0, 34, 0, 0, 6791.02, 4, 0, 0, 12.50, 1290, 779, 6183.59, 17385, 15830
1694952212, 0, 0, 34, 0, 0, 6791.02, 4, 0, 0, 0.40, 1292, 780, 6183.59, 17385, 15830
1694952212, 0, 0, 34, 0, 0, 6791.02, 4, 0, 0, 6.56, 1294, 782, 6183.59, 17385, 15830
1694952222, 0, 0, 34, 0, 0, 6791.02, 4, 0, 0, 0.10, 1295, 782, 6183.59, 17385, 15830
1694952223, 0, 0, 34, 0, 0, 6791.02, 4, 0, 0, 6.39, 1297, 782, 6183.59, 17385, 15830
1694952230, 0, 0, 34, 0, 0, 6791.02, 4, 0, 0, 0.29, 1299, 782, 6183.59, 17385, 15830
1694952230, 0, 0, 34, 0, 0, 6791.02, 4, 0, 0, 13.97, 1301, 785, 6183.59, 17385, 15830
1694952239, 0, 0, 34, 0, 0, 6791.02, 4, 0, 0, 0.11, 1302, 785, 6183.59, 17385, 15830
1694952246, 0, 0, 34, 0, 0, 6791.02, 4, 0, 0, 0.33, 1303, 786, 6183.59, 17385, 15830
1694952253, 0, 0, 34, 0, 0, 6791.02, 4, 0, 0, 0.56, 1306, 787, 6183.59, 17385, 15830
1694952253, 0, 0, 34, 0, 0, 6791.02, 4, 0, 0, 13.29, 1308, 789, 6183.59, 17385, 15830
1694952253, 0, 0, 34, 0, 0, 6791.02, 4, 0, 0, 4.63, 1310, 789, 6183.59, 17385, 15830
1694952262, 0, 0, 34, 0, 0, 6791.02, 4, 0, 0, 0.58, 1314, 790, 6183.59, 17385, 15830
1694952263, 0, 0, 34, 0, 0, 6791.02, 4, 0, 0, 6.10, 1316, 791, 6183.59, 17385, 15830
1694952271, 0, 0, 34, 0, 0, 6791.02, 4, 0, 0, 0.12, 1317, 791, 6183.59, 17385, 15830
1694952271, 0, 0, 34, 0, 0, 6791.02, 4, 0, 0, 9.38, 1318, 793, 6183.59, 17385, 15830
1694952282, 0, 0, 34, 0, 0, 6791.02, 4, 0, 0, 0.09, 1319, 793, 6183.59, 17385, 15830
1694952282, 0, 0, 34, 0, 0, 6791.02, 4, 0, 0, 9.80, 1321, 794, 6183.59, 17385, 15830
1694952282, 0, 0, 34, 0, 0, 6791.02, 4, 0, 0, 9.69, 1325, 794, 6183.59, 17385, 15830
1694952292, 0, 0, 34, 0, 0, 6791.02, 4, 0, 0, 0.21, 1326, 795, 6183.59, 17385, 15830
1694952292, 0, 0, 34, 0, 0, 6791.02, 4, 0, 0, 15.48, 1328, 798, 6183.59, 17385, 15830
1694952301, 0, 0, 34, 0, 0, 6791.02, 4, 0, 0, 0.34, 1331, 798, 6183.59, 17385, 15830
1694952301, 0, 0, 34, 0, 0, 6791.02, 4, 0, 0, 4.18, 1333, 798, 6183.59, 17385, 15830
1694952309, 0, 0, 34, 0, 0, 6791.02, 4, 0, 0, 0.80, 1336, 801, 6183.59, 17385, 15830
1694952321, 0, 0, 34, 0, 0, 6791.02, 4, 0, 0, 0.47, 1340, 803, 6183.59, 17385, 15830
1694952331, 0, 0, 34, 0, 0, 6791.02, 4, 0, 0, 0.32, 1342, 804, 6183.59, 17385, 15830
1694952339, 0, 0, 34, 0, 0, 6791.02, 4, 0, 0, 0.13, 1343, 804, 6183.59, 17385, 15830
1694952339, 0, 0, 34, 0, 0, 6791.02, 4, 0, 0, 5.95, 1344, 806, 6183.59, 17385, 15830
1694952340, 0, 0, 34, 0, 0, 6791.02, 4, 0, 0, 21.74, 1347, 810, 6183.59, 17385, 15830
1694952340, 0, 0, 34, 0, 0, 6791.02, 4, 0, 0, 7.81, 1349, 811, 6183.59, 17385, 15830
1694952348, 0, 0, 34, 0, 0, 6791.02, 4, 0, 0, 0.26, 1350, 812, 6183.59, 17385, 15830
1694952348, 0, 0, 34, 0, 0, 6791.02, 4, 0, 0, 14.37, 1354, 813, 6183.59, 17385, 15830
1694952355, 0, 0, 34, 0, 0, 6791.02, 4, 0, 0, 0.14, 1355, 813, 6183.59, 17385, 15830
1694952363, 0, 0, 34, 0, 0, 6791.02, 4, 0, 0, 0.67, 1358, 815, 6183.59, 17385, 15830
1694952377, 0, 0, 34, 0, 0, 6791.02, 4, 0, 0, 0.07, 1359, 815, 6183.59, 17385, 15830
1694952377, 0, 0, 34, 0, 0, 6791.02, 4, 0, 0, 2.46, 1360, 815, 6183.59, 17385, 15830
1694952377, 0, 0, 34, 0, 0, 6791.02, 4, 0, 0, 17.00, 1364, 817, 6183.59, 17385, 15830
1694952385, 0, 0, 34, 0, 0, 6791.02, 4, 0, 0, 0.28, 1365, 818, 6183.59, 17385, 15830
1694952392, 0, 0, 34, 0, 0, 6791.02, 4, 0, 0, 0.57, 1368, 819, 6183.59, 17385, 15830
1694952392, 0, 0, 34, 0, 0, 6791.02, 4, 0, 0, 8.82, 1368, 822, 6183.59, 17385, 15830
1694952392, 0, 0, 34, 0, 0, 6791.02, 4, 0, 0, 7.85, 1370, 823, 6183.59, 17385, 15830
1694952401, 0, 0, 34, 0, 0, 6791.02, 4, 0, 0, 0.12, 1371, 823, 6183.59, 17385, 15830
1694952409, 0, 0, 34, 0, 0, 6791.02, 4, 0, 0, 0.13, 1372, 823, 6183.59, 17385, 15830
1694952409, 0, 0, 34, 0, 0, 6791.02, 4, 0, 0, 7.50, 1374, 825, 6183.59, 17385, 15830
1694952410, 0, 0, 34, 0, 0, 6791.02, 4, 0, 0, 12.27, 1375, 828, 6183.59, 17385, 15830
1694952426, 0, 0, 34, 0, 0, 6791.02, 4, 0, 0, 0.06, 1376, 828, 6183.59, 17385, 15830
1694952427, 0, 0, 34, 0, 0, 6791.02, 4, 0, 0, 10.90, 1379, 829, 6183.59, 17385, 15830
1694952427, 0, 0, 34, 0, 0, 6791.02, 4, 0, 0, 9.62, 1381, 830, 6183.59, 17385, 15830
1694952435, 0, 0, 34, 0, 0, 6791.02, 4, 0, 0, 0.13, 1382, 830, 6183.59, 17385, 15830
1694952435, 0, 0, 34, 0, 0, 6791.02, 4, 0, 0, 9.65, 1384, 833, 6183.59, 17385, 15830
1694952436, 0, 0, 34, 0, 0, 6791.02, 4, 0, 0, 7.37, 1386, 834, 6183.59, 17385, 15830
1694952443, 0, 0, 34, 0, 0, 6791.02, 4, 0, 0, 0.14, 1387, 834, 6183.59, 17385, 15830
1694952449, 0, 0, 34, 0, 0, 6791.02, 4, 0, 0, 0.49, 1389, 835, 6183.59, 17385, 15830
1694952449, 0, 0, 34, 0, 0, 6791.02, 4, 0, 0, 16.03, 1392, 837, 6183.59, 17385, 15830
1694952450, 0, 0, 34, 0, 0, 6791.02, 4, 0, 0, 6.17, 1394, 838, 6183.59, 17385, 15830
1694952460, 0, 0, 34, 0, 0, 6791.02, 4, 0, 0, 0.30, 1395, 840, 6183.59, 17385, 15830
1694952460, 0, 0, 34, 0, 0, 6791.02, 4, 0, 0, 10.96, 1399, 840, 6183.59, 17385, 15830
1694952469, 0, 0, 34, 0, 0, 6791.02, 4, 0, 0, 0.46, 1402, 841, 6183.59, 17385, 15830
1694952477, 0, 0, 34, 0, 0, 6791.02, 4, 0, 0, 0.12, 1403, 841, 6183.59, 17385, 15830
1694952477, 0, 0, 34, 0, 0, 6791.02, 4, 0, 0, 12.86, 1406, 842, 6183.59, 17385, 15830
1694952478, 0, 0, 34, 0, 0, 6791.02, 4, 0, 0, 10.53, 1409, 843, 6183.59, 17385, 15830
1694952478, 0, 0, 34, 0, 0, 6791.02, 4, 0, 0, 17.05, 1411, 847, 6183.59, 17385, 15830
1694952486, 0, 0, 34, 0, 0, 6791.02, 4, 0, 0, 0.78, 1413, 851, 6183.59, 17385, 15830
1694952494, 0, 0, 34, 0, 0, 6791.02, 4, 0, 0, 0.23, 1414, 852, 6183.59, 17385, 15830
1694952508, 0, 0, 34, 0, 0, 6791.02, 4, 0, 0, 0.15, 1416, 852, 6183.59, 17385, 15830
1694952509, 0, 0, 34, 0, 0, 6791.02, 4, 0, 0, 6.49, 1416, 855, 6183.59, 17385, 15830
1694952516, 0, 0, 34, 0, 0, 6791.02, 4, 0, 0, 0.14, 1417, 855, 6183.59, 17385, 15830
1694952524, 0, 0, 34, 0, 0, 6791.02, 4, 0, 0, 0.12, 1418, 855, 6183.59, 17385, 15830
1694952525, 0, 0, 34, 0, 0, 6791.02, 4, 0, 0, 13.66, 1420, 858, 6183.59, 17385, 15830
1694952534, 0, 0, 34, 0, 0, 6791.02, 4, 0, 0, 0.23, 1421, 859, 6183.59, 17385, 15830
1694952534, 0, 0, 34, 0, 0, 6791.02, 4, 0, 0, 14.58, 1423, 862, 6183.59, 17385, 15830
1694952534, 0, 0, 34, 0, 0, 6791.02, 4, 0, 0, 18.99, 1428, 863, 6183.59, 17385, 15830
1694952535, 0, 0, 34, 0, 0, 6791.02, 4, 0, 0, 14.33, 1429, 867, 6183.59, 17385, 15830
1694952544, 0, 0, 34, 0, 0, 6791.02, 4, 0, 0, 0.31, 1431, 868, 6183.59, 17385, 15830
1694952545, 0, 0, 34, 0, 0, 6791.02, 4, 0, 0, 10.03, 1433, 870, 6183.59, 17385, 15830
1694952553, 0, 0, 34, 0, 0, 6791.02, 4, 0, 0, 0.36, 1436, 870, 6183.59, 17385, 15830
1694952573, 0, 0, 34, 0, 0, 6791.02, 4, 0, 0, 0.10, 1438, 870, 6183.59, 17385, 15830
1694952582, 0, 0, 34, 0, 0, 6791.02, 4, 0, 0, 0.31, 1440, 871, 6183.59, 17385, 15830
1694952583, 0, 0, 34, 0, 0, 6791.02, 4, 0, 0, 5.41, 1441, 872, 6183.59, 17385, 15830
1694952583, 0, 0, 34, 0, 0, 6791.02, 4, 0, 0, 6.04, 1443, 872, 6183.59, 17385, 15830
1694952583, 0, 0, 34, 0, 0, 6791.02, 4, 0, 0, 5.08, 1444, 873, 6183.59, 17385, 15830
1694952593, 0, 0, 34, 0, 0, 6791.02, 4, 0, 0, 0.33, 1446, 874, 6183.59, 17385, 15830
1694952601, 0, 0, 34, 0, 0, 6791.02, 4, 0, 0, 0.37, 1449, 874, 6183.59, 17385, 15830
1694952610, 0, 0, 34, 0, 0, 6791.02, 4, 0, 0, 0.21, 1450, 875, 6183.59, 17385, 15830
1694952611, 0, 0, 34, 0, 0, 6791.02, 4, 0, 0, 9.87, 1453, 875, 6183.59, 17385, 15830
1694952611, 0, 0, 34, 0, 0, 6791.02, 4, 0, 0, 10.96, 1455, 877, 6183.59, 17385, 15830
1694952611, 0, 0, 34, 0, 0, 6791.02, 4, 0, 0, 9.35, 1458, 878, 6183.59, 17385, 15830
1694952612, 0, 0, 34, 0, 0, 6791.02, 4, 0, 0, 6.15, 1460, 878, 6183.59, 17385, 15830
1694952623, 0, 0, 34, 0, 0, 6791.02, 4, 0, 0, 0.18, 1462, 878, 6183.59, 17385, 15830
1694952646, 0, 0, 34, 0, 0, 6791.02, 4, 0, 0, 0.09, 1464, 878, 6183.59, 17385, 15830
1694952646, 0, 0, 34, 0, 0, 6791.02, 4, 0, 0, 8.13, 1465, 880, 6183.59, 17385, 15830
1694952647, 0, 0, 34, 0, 0, 6791.02, 4, 0, 0, 16.29, 1468, 882, 6183.59, 17385, 15830
1694952647, 0, 0, 34, 0, 0, 6791.02, 4, 0, 0, 11.66, 1470, 885, 6183.59, 17385, 15830
1694952648, 0, 0, 34, 0, 0, 6791.02, 4, 0, 0, 6.03, 1473, 886, 6183.59, 17385, 15830
1694952648, 0, 0, 34, 0, 0, 6791.02, 4, 0, 0, 9.80, 1473, 889, 6183.59, 17385, 15830
1694952656, 0, 0, 34, 0, 0, 6791.02, 4, 0, 0, 0.37, 1476, 889, 6183.59, 17385, 15830
1694952664, 0, 0, 34, 0, 0, 6791.02, 4, 0, 0, 0.52, 1477, 892, 6183.59, 17385, 15830
1694952671, 0, 0, 34, 0, 0, 6791.02, 4, 0, 0, 0.40, 1479, 893, 6183.59, 17385, 15830
1694952672, 0, 0, 34, 0, 0, 6791.02, 4, 0, 0, 6.27, 1480, 894, 6183.59, 17385, 15830
1694952672, 0, 0, 34, 0, 0, 6791.02, 4, 0, 0, 13.42, 1484, 896, 6183.59, 17385, 15830
1694952715, 0, 0, 34, 0, 0, 6791.02, 4, 0, 0, 0.05, 1485, 897, 6183.59, 17385, 15830
1694952724, 0, 0, 34, 0, 0, 6791.02, 4, 0, 0, 0.23, 1487, 897, 6183.59, 17385, 15830
1694952732, 0, 0, 34, 0, 0, 6791.02, 4, 0, 0, 0.37, 1489, 898, 6183.59, 17385, 15830
1694952732, 0, 0, 34, 0, 0, 6791.02, 4, 0, 0, 15.67, 1491, 901, 6183.59, 17385, 15830
1694952733, 0, 0, 34, 0, 0, 6791.02, 4, 0, 0, 9.77, 1493, 902, 6183.59, 17385, 15830
1694952733, 0, 0, 34, 0, 0, 6791.02, 4, 0, 0, 5.42, 1494, 903, 6183.59, 17385, 15830
1694952733, 0, 0, 34, 0, 0, 6791.02, 4, 0, 0, 9.29, 1495, 905, 6183.59, 17385, 15830
1694952734, 0, 0, 34, 0, 0, 6791.02, 4, 0, 0, 7.71, 1497, 906, 6183.59, 17385, 15830
1694952734, 0, 0, 34, 0, 0, 6791.02, 4, 0, 0, 11.24, 1500, 907, 6183.59, 17385, 15830
1694952734, 0, 0, 34, 0, 0, 6791.02, 4, 0, 0, 8.72, 1503, 907, 6183.59, 17385, 15830
1694952744, 0, 0, 34, 0, 0, 6791.02, 4, 0, 0, 0.41, 1507, 907, 6183.59, 17385, 15830
1694952745, 0, 0, 34, 0, 0, 6791.02, 4, 0, 0, 8.38, 1510, 907, 6183.59, 17385, 15830
1694952745, 0, 0, 34, 0, 0, 6791.02, 4, 0, 0, 7.65, 1511, 909, 6183.59, 17385, 15830
1694952745, 0, 0, 34, 0, 0, 6791.02, 4, 0, 0, 6.60, 1512, 910, 6183.59, 17385, 15830
1694952752, 0, 0, 34, 0, 0, 6791.02, 4, 0, 0, 0.48, 1512, 913, 6183.59, 17385, 15830
1694952752, 0, 0, 34, 0, 0, 6791.02, 4, 0, 0, 10.96, 1514, 915, 6183.59, 17385, 15830
1694952752, 0, 0, 34, 0, 0, 6791.02, 4, 0, 0, 8.72, 1516, 916, 6183.59, 17385, 15830
1694952753, 0, 0, 34, 0, 0, 6791.02, 4, 0, 0, 4.65, 1517, 917, 6183.59, 17385, 15830
1694952753, 0, 0, 34, 0, 0, 6791.02, 4, 0, 0, 3.32, 1518, 917, 6183.59, 17385, 15830
1694952761, 0, 0, 34, 0, 0, 6791.02, 4, 0, 0, 0.49, 1522, 917, 6183.59, 17385, 15830
1694952774, 0, 0, 34, 0, 0, 6791.02, 4, 0, 0, 0.16, 1524, 917, 6183.59, 17385, 15830
1694952784, 0, 0, 34, 0, 0, 6791.02, 4, 0, 0, 0.29, 1525, 919, 6183.59, 17385, 15830
1694952793, 0, 0, 34, 0, 0, 6791.02, 4, 0, 0, 0.11, 1526, 919, 6183.59, 17385, 15830
1694952794, 0, 0, 34, 0, 0, 6791.02, 4, 0, 0, 7.89, 1528, 921, 6183.59, 17385, 15830
1694952794, 0, 0, 34, 0, 0, 6791.02, 4, 0, 0, 9.35, 1531, 921, 6183.59, 17385, 15830
1694952795, 0, 0, 34, 0, 0, 6791.02, 4, 0, 0, 6.60, 1533, 921, 6183.59, 17385, 15830
1694952803, 0, 0, 34, 0, 0, 6791.02, 4, 0, 0, 0.12, 1534, 921, 6183.59, 17385, 15830
1694952812, 0, 0, 34, 0, 0, 6791.02, 4, 0, 0, 0.32, 1536, 922, 6183.59, 17385, 15830
1694952813, 0, 0, 34, 0, 0, 6791.02, 4, 0, 0, 2.38, 1537, 922, 6183.59, 17385, 15830
1694952813, 0, 0, 34, 0, 0, 6791.02, 4, 0, 0, 6.51, 1539, 922, 6183.59, 17385, 15830
1694952813, 0, 0, 34, 0, 0, 6791.02, 4, 0, 0, 5.62, 1541, 922, 6183.59, 17385, 15830
1694952822, 0, 0, 34, 0, 0, 6791.02, 4, 0, 0, 0.24, 1542, 923, 6183.59, 17385, 15830
1694952830, 0, 0, 34, 0, 0, 6791.02, 4, 0, 0, 0.24, 1544, 923, 6183.59, 17385, 15830
1694952830, 0, 0, 34, 0, 0, 6791.02, 4, 0, 0, 8.38, 1545, 925, 6183.59, 17385, 15830
1694952831, 0, 0, 34, 0, 0, 6791.02, 4, 0, 0, 4.68, 1547, 925, 6183.59, 17385, 15830
1694952838, 0, 0, 34, 0, 0, 6791.02, 4, 0, 0, 0.40, 1549, 926, 6183.59, 17385, 15830
1694952839, 0, 0, 34, 0, 0, 6791.02, 4, 0, 0, 4.89, 1550, 927, 6183.59, 17385, 15830
1694952845, 0, 0, 34, 0, 0, 6791.02, 4, 0, 0, 0.45, 1551, 929, 6183.59, 17385, 15830
1694952846, 0, 0, 34, 0, 0, 6791.02, 4, 0, 0, 10.87, 1552, 932, 6183.59, 17385, 15830
1694952858, 0, 0, 34, 0, 0, 6791.02, 4, 0, 0, 0.08, 1553, 932, 6183.59, 17385, 15830
1694952867, 0, 0, 34, 0, 0, 6791.02, 4, 0, 0, 0.24, 1555, 932, 6183.59, 17385, 15830
1694952867, 0, 0, 34, 0, 0, 6791.02, 4, 0, 0, 2.58, 1556, 932, 6183.59, 17385, 15830
1694952868, 0, 0, 34, 0, 0, 6791.02, 4, 0, 0, 7.79, 1556, 935, 6183.59, 17385, 15830
1694952868, 0, 0, 34, 0, 0, 6791.02, 4, 0, 0, 10.53, 1559, 936, 6183.59, 17385, 15830
1694952868, 0, 0, 34, 0, 0, 6791.02, 4, 0, 0, 13.29, 1561, 938, 6183.59, 17385, 15830
1694952869, 0, 0, 34, 0, 0, 6791.02, 4, 0, 0, 15.11, 1564, 940, 6183.59, 17385, 15830
1694952869, 0, 0, 34, 0, 0, 6791.02, 4, 0, 0, 4.96, 1566, 940, 6183.59, 17385, 15830
1694952876, 0, 0, 34, 0, 0, 6791.02, 4, 0, 0, 0.28, 1568, 940, 6183.59, 17385, 15830
1694952884, 0, 0, 34, 0, 0, 6791.02, 4, 0, 0, 0.13, 1569, 940, 6183.59, 17385, 15830
1694952893, 0, 0, 34, 0, 0, 6791.02, 4, 0, 0, 0.11, 1570, 940, 6183.59, 17385, 15830
1694952894, 0, 0, 34, 0, 0, 6791.02, 4, 0, 0, 4.72, 1572, 940, 6183.59, 17385, 15830
1694952894, 0, 0, 34, 0, 0, 6791.02, 4, 0, 0, 10.81, 1574, 942, 6183.59, 17385, 15830
1694952895, 0, 0, 34, 0, 0, 6791.02, 4, 0, 0, 4.95, 1576, 943, 6183.59, 17385, 15830
1694952900, 0, 0, 34, 0, 0, 6791.02, 4, 0, 0, 0.36, 1578, 943, 6183.59, 17385, 15830
1694952912, 0, 0, 34, 0, 0, 6791.02, 4, 0, 0, 0.08, 1579, 943, 6183.59, 17385, 15830
1694952913, 0, 0, 34, 0, 0, 6791.02, 4, 0, 0, 10.03, 1579, 947, 6183.59, 17385, 15830
1694952913, 0, 0, 34, 0, 0, 6791.02, 4, 0, 0, 9.97, 1582, 947, 6183.59, 17385, 15830
1694952913, 0, 0, 34, 0, 0, 6791.02, 4, 0, 0, 11.02, 1584, 949, 6183.59, 17385, 15830
1694952924, 0, 0, 34, 0, 0, 6791.02, 4, 0, 0, 0.10, 1585, 949, 6183.59, 17385, 15830
1694952924, 0, 0, 34, 0, 0, 6791.02, 4, 0, 0, 10.96, 1589, 949, 6183.59, 17385, 15830
1694952924, 0, 0, 34, 0, 0, 6791.02, 4, 0, 0, 8.96, 1591, 950, 6183.59, 17385, 15830
1694952932, 0, 0, 34, 0, 0, 6791.02, 4, 0, 0, 0.26, 1592, 951, 6183.59, 17385, 15830
1694952932, 0, 0, 34, 0, 0, 6791.02, 4, 0, 0, 2.22, 1593, 951, 6183.59, 17385, 15830
1694952933, 0, 0, 34, 0, 0, 6791.02, 4, 0, 0, 11.41, 1599, 951, 6183.59, 17385, 15830
1694952933, 0, 0, 34, 0, 0, 6791.02, 4, 0, 0, 5.54, 1601, 951, 6183.59, 17385, 15830
1694952934, 0, 0, 34, 0, 0, 6791.02, 4, 0, 0, 11.17, 1604, 952, 6183.59, 17385, 15830
1694952943, 0, 0, 34, 0, 0, 6791.02, 4, 0, 0, 0.21, 1605, 953, 6183.59, 17385, 15830
1694952944, 0, 0, 34, 0, 0, 6791.02, 4, 0, 0, 2.88, 1605, 954, 6183.59, 17385, 15830
1694952952, 0, 0, 34, 0, 0, 6791.02, 4, 0, 0, 0.36, 1607, 955, 6183.59, 17385, 15830
1694952952, 0, 0, 34, 0, 0, 6791.02, 4, 0, 0, 6.02, 1609, 955, 6183.59, 17385, 15830
1694952953, 0, 0, 34, 0, 0, 6791.02, 4, 0, 0, 5.12, 1610, 956, 6183.59, 17385, 15830
1694952953, 0, 0, 34, 0, 0, 6791.02, 4, 0, 0, 7.13, 1611, 958, 6183.59, 17385, 15830
1694952954, 0, 0, 34, 0, 0, 6791.02, 4, 0, 0, 5.52, 1613, 958, 6183.59, 17385, 15830
1694952954, 0, 0, 34, 0, 0, 6791.02, 4, 0, 0, 3.03, 1614, 958, 6183.59, 17385, 15830
1694952954, 0, 0, 34, 0, 0, 6791.02, 4, 0, 0, 4.01, 1616, 958, 6183.59, 17385, 15830
1694952955, 0, 0, 34, 0, 0, 6791.02, 4, 0, 0, 12.66, 1618, 960, 6183.59, 17385, 15830
1694952955, 0, 0, 34, 0, 0, 6791.02, 4, 0, 0, 5.54, 1620, 960, 6183.59, 17385, 15830
1694952965, 0, 0, 34, 0, 0, 6791.02, 4, 0, 0, 0.10, 1621, 960, 6183.59, 17385, 15830
1694952966, 0, 0, 34, 0, 0, 6791.02, 4, 0, 0, 10.93, 1624, 961, 6183.59, 17385, 15830
1694952966, 0, 0, 34, 0, 0, 6791.02, 4, 0, 0, 15.11, 1626, 964, 6183.59, 17385, 15830
1694952966, 0, 0, 34, 0, 0, 6791.02, 4, 0, 0, 9.46, 1627, 966, 6183.59, 17385, 15830
1694953005, 0, 0, 34, 0, 0, 6791.02, 4, 0, 0, 0.03, 1628, 966, 6183.59, 17385, 15830
1694953014, 0, 0, 34, 0, 0, 6791.02, 4, 0, 0, 0.33, 1629, 968, 6183.59, 17385, 15830
1694953024, 0, 0, 34, 0, 0, 6791.02, 4, 0, 0, 0.11, 1630, 968, 6183.59, 17385, 15830
1694953024, 0, 0, 34, 0, 0, 6791.02, 4, 0, 0, 9.52, 1634, 968, 6183.59, 17385, 15830
1694953024, 0, 0, 34, 0, 0, 6791.02, 4, 0, 0, 9.06, 1635, 970, 6183.59, 17385, 15830
1694953025, 0, 0, 34, 0, 0, 6791.02, 4, 0, 0, 7.52, 1636, 973, 6183.59, 17385, 15830
1694953025, 0, 0, 34, 0, 0, 6791.02, 4, 0, 0, 6.62, 1637, 974, 6183.59, 17385, 15830
1694953025, 0, 0, 34, 0, 0, 6791.02, 4, 0, 0, 9.12, 1638, 976, 6183.59, 17385, 15830
1694953026, 0, 0, 34, 0, 0, 6791.02, 4, 0, 0, 6.01, 1639, 978, 6183.59, 17385, 15830
1694953026, 0, 0, 34, 0, 0, 6791.02, 4, 0, 0, 7.56, 1641, 979, 6183.59, 17385, 15830
1694953027, 0, 0, 34, 0, 0, 6791.02, 4, 0, 0, 7.54, 1643, 980, 6183.59, 17385, 15830
1694953027, 0, 0, 34, 0, 0, 6791.02, 4, 0, 0, 5.21, 1644, 982, 6183.59, 17385, 15830
1694953028, 0, 0, 34, 0, 0, 6791.02, 4, 0, 0, 9.17, 1645, 984, 6183.59, 17385, 15830
1694953028, 0, 0, 34, 0, 0, 6791.02, 4, 0, 0, 2.04, 1646, 984, 6183.59, 17385, 15830
1694953029, 0, 0, 34, 0, 0, 6791.02, 4, 0, 0, 5.42, 1646, 986, 6183.59, 17385, 15830
1694953037, 0, 0, 34, 0, 0, 6791.02, 4, 0, 0, 0.23, 1647, 987, 6183.59, 17385, 15830
1694953044, 0, 0, 34, 0, 0, 6791.02, 4, 0, 0, 0.30, 1648, 988, 6183.59, 17385, 15830
1694953044, 0, 0, 34, 0, 0, 6791.02, 4, 0, 0, 5.00, 1649, 989, 6183.59, 17385, 15830
1694953045, 0, 0, 34, 0, 0, 6791.02, 4, 0, 0, 4.12, 1651, 989, 6183.59, 17385, 15830
1694953052, 0, 0, 34, 0, 0, 6791.02, 4, 0, 0, 0.27, 1652, 990, 6183.59, 17385, 15830
1694953061, 0, 0, 34, 0, 0, 6791.02, 4, 0, 0, 0.23, 1654, 990, 6183.59, 17385, 15830
1694953069, 0, 0, 34, 0, 0, 6791.02, 4, 0, 0, 0.12, 1655, 990, 6183.59, 17385, 15830
1694953070, 0, 0, 34, 0, 0, 6791.02, 4, 0, 0, 8.00, 1657, 991, 6183.59, 17385, 15830
1694953070, 0, 0, 34, 0, 0, 6791.02, 4, 0, 0, 11.70, 1658, 994, 6183.59, 17385, 15830
1694953070, 0, 0, 34, 0, 0, 6791.02, 4, 0, 0, 5.97, 1660, 994, 6183.59, 17385, 15830
1694953071, 0, 0, 34, 0, 0, 6791.02, 4, 0, 0, 7.13, 1663, 994, 6183.59, 17385, 15830
1694953079, 0, 0, 34, 0, 0, 6791.02, 4, 0, 0, 0.38, 1664, 996, 6183.59, 17385, 15830
1694953079, 0, 0, 34, 0, 0, 6791.02, 4, 0, 0, 9.04, 1666, 997, 6183.59, 17385, 15830
1694953079, 0, 0, 34, 0, 0, 6791.02, 4, 0, 0, 6.35, 1667, 998, 6183.59, 17385, 15830
1694953080, 0, 0, 34, 0, 0, 6791.02, 4, 0, 0, 5.85, 1668, 999, 6183.59, 17385, 15830
1694953080, 0, 0, 34, 0, 0, 6791.02, 4, 0, 0, 6.19, 1670, 999, 6183.59, 17385, 15830
1694953080, 0, 0, 34, 0, 0, 6791.02, 4, 0, 0, 6.04, 1671, 1000, 6183.59, 17385, 15830
1694953088, 0, 0, 34, 0, 0, 6791.02, 4, 0, 0, 0.26, 1673, 1000, 6183.59, 17385, 15830
1694953089, 0, 0, 34, 0, 0, 6791.02, 4, 0, 0, 4.26, 1675, 1001, 6183.59, 17385, 15830
1694953089, 0, 0, 34, 0, 0, 6791.02, 4, 0, 0, 1.43, 1676, 1001, 6183.59, 17385, 15830
1694953097, 0, 0, 34, 0, 0, 6791.02, 4, 0, 0, 0.12, 1677, 1001, 6183.59, 17385, 15830
1694953098, 0, 0, 34, 0, 0, 6791.02, 4, 0, 0, 2.17, 1677, 1002, 6183.59, 17385, 15830
1694953098, 0, 0, 34, 0, 0, 6791.02, 4, 0, 0, 6.19, 1678, 1003, 6183.59, 17385, 15830
1694953107, 0, 0, 34, 0, 0, 6791.02, 4, 0, 0, 0.23, 1680, 1003, 6183.59, 17385, 15830
1694953107, 0, 0, 34, 0, 0, 6791.02, 4, 0, 0, 12.23, 1684, 1003, 6183.59, 17385, 15830
1694953107, 0, 0, 34, 0, 0, 6791.02, 4, 0, 0, 6.48, 1685, 1005, 6183.59, 17385, 15830
1694953108, 0, 0, 34, 0, 0, 6791.02, 4, 0, 0, 13.33, 1686, 1009, 6183.59, 17385, 15830
1694953118, 0, 0, 34, 0, 0, 6791.02, 4, 0, 0, 0.41, 1689, 1010, 6183.59, 17385, 15830
1694953118, 0, 0, 34, 0, 0, 6791.02, 4, 0, 0, 12.12, 1691, 1012, 6183.59, 17385, 15830
1694953127, 0, 0, 34, 0, 0, 6791.02, 4, 0, 0, 0.22, 1693, 1012, 6183.59, 17385, 15830
1694953128, 0, 0, 34, 0, 0, 6791.02, 4, 0, 0, 2.82, 1695, 1012, 6183.59, 17385, 15830
1694953128, 0, 0, 34, 0, 0, 6791.02, 4, 0, 0, 11.93, 1696, 1016, 6183.59, 17385, 15830
1694953128, 0, 0, 34, 0, 0, 6791.02, 4, 0, 0, 6.35, 1698, 1016, 6183.59, 17385, 15830
1694953137, 0, 0, 34, 0, 0, 6791.02, 4, 0, 0, 0.11, 1699, 1016, 6183.59, 17385, 15830
1694953138, 0, 0, 34, 0, 0, 6791.02, 4, 0, 0, 5.00, 1701, 1016, 6183.59, 17385, 15830
1694953138, 0, 0, 34, 0, 0, 6791.02, 4, 0, 0, 5.00, 1703, 1016, 6183.59, 17385, 15830
1694953138, 0, 0, 34, 0, 0, 6791.02, 4, 0, 0, 9.93, 1704, 1018, 6183.59, 17385, 15830
1694953139, 0, 0, 34, 0, 0, 6791.02, 4, 0, 0, 6.64, 1706, 1019, 6183.59, 17385, 15830
1694953139, 0, 0, 34, 0, 0, 6791.02, 4, 0, 0, 6.47, 1708, 1019, 6183.59, 17385, 15830
1694953146, 0, 0, 34, 0, 0, 6791.02, 4, 0, 0, 0.14, 1709, 1019, 6183.59, 17385, 15830
1694953146, 0, 0, 34, 0, 0, 6791.02, 4, 0, 0, 0.00, 1709, 1019, 6183.59, 17385, 15830
