# unix_time, cycles_done, cur_path, paths_total, pending_total, pending_favs, map_size, unique_crashes, unique_hangs, max_depth, execs_per_sec, valid_inputs, invalid_inputs, valid_cov, all_covered_probes, valid_covered_probes
1695276485, 0, 0, 1, 0, 0, 761.33, 0, 0, 0, 0.44, 0, 1, 0.00, 1949, 0
1695276485, 0, 0, 2, 0, 0, 1006.25, 0, 0, 0, 3.01, 0, 2, 0.00, 2576, 0
1695276499, 0, 0, 4, 0, 0, 1042.58, 1, 0, 0, 0.22, 2, 3, 434.77, 2669, 1113
1695276499, 0, 0, 14, 0, 0, 1584.77, 1, 0, 0, 41.94, 11, 7, 935.94, 4057, 2396
1695276512, 0, 0, 18, 0, 0, 6559.38, 1, 0, 0, 1.12, 18, 15, 5953.91, 16792, 15242
1695276513, 0, 0, 18, 0, 0, 6559.38, 1, 0, 0, 20.00, 21, 18, 5953.91, 16792, 15242
1695276518, 0, 0, 19, 0, 0, 6560.94, 1, 0, 0, 0.95, 24, 20, 5955.47, 16796, 15246
1695276518, 0, 0, 21, 0, 0, 6564.84, 1, 0, 0, 48.54, 33, 26, 5955.47, 16806, 15246
1695276524, 0, 0, 22, 0, 0, 6571.48, 1, 0, 0, 1.49, 40, 27, 5962.11, 16823, 15263
1695276524, 0, 0, 22, 0, 0, 6571.48, 1, 0, 0, 29.03, 49, 27, 5962.11, 16823, 15263
1695276532, 0, 0, 23, 0, 0, 6572.66, 1, 0, 0, 0.79, 53, 29, 5963.28, 16826, 15266
1695276537, 0, 0, 23, 0, 0, 6572.66, 1, 0, 0, 0.20, 54, 29, 5963.28, 16826, 15266
1695276550, 0, 0, 23, 0, 0, 6572.66, 1, 0, 0, 0.22, 56, 30, 5963.28, 16826, 15266
1695276554, 0, 0, 24, 0, 0, 6707.03, 1, 0, 0, 1.11, 59, 31, 6097.66, 17170, 15610
1695276557, 0, 0, 24, 0, 0, 6707.03, 1, 0, 0, 7.36, 70, 44, 6097.66, 17170, 15610
1695276561, 0, 0, 24, 0, 0, 6707.03, 1, 0, 0, 0.54, 71, 45, 6097.66, 17170, 15610
1695276571, 0, 0, 24, 0, 0, 6707.03, 1, 0, 0, 0.49, 74, 47, 6097.66, 17170, 15610
1695276576, 0, 0, 24, 0, 0, 6707.03, 1, 0, 0, 0.77, 78, 47, 6097.66, 17170, 15610
1695276581, 0, 0, 25, 0, 0, 6733.98, 1, 0, 0, 0.43, 80, 47, 6124.61, 17239, 15679
1695276585, 0, 0, 26, 0, 0, 6734.38, 1, 0, 0, 0.22, 81, 47, 6125.00, 17240, 15680
1695276590, 0, 0, 27, 0, 0, 6741.41, 1, 0, 0, 0.43, 83, 47, 6132.03, 17258, 15698
1695276594, 0, 0, 27, 0, 0, 6741.41, 1, 0, 0, 3.63, 91, 54, 6132.03, 17258, 15698
1695276597, 0, 0, 27, 0, 0, 6741.41, 2, 0, 0, 1.38, 94, 55, 6132.03, 17258, 15698
1695276602, 0, 0, 27, 0, 0, 6741.41, 2, 0, 0, 1.79, 100, 58, 6132.03, 17258, 15698
1695276605, 0, 0, 27, 0, 0, 6741.41, 2, 0, 0, 1.25, 103, 59, 6132.03, 17258, 15698
1695276658, 0, 0, 28, 0, 0, 6743.36, 2, 0, 0, 0.02, 104, 59, 6133.98, 17263, 15703
1695276661, 0, 0, 28, 0, 0, 6743.36, 2, 0, 0, 0.98, 106, 60, 6133.98, 17263, 15703
1695276665, 0, 0, 28, 0, 0, 6743.36, 3, 0, 0, 0.80, 108, 61, 6133.98, 17263, 15703
1695276670, 0, 0, 28, 0, 0, 6743.36, 3, 0, 0, 0.41, 109, 62, 6133.98, 17263, 15703
1695276674, 0, 0, 28, 0, 0, 6743.36, 3, 0, 0, 1.09, 112, 64, 6133.98, 17263, 15703
1695276678, 0, 0, 28, 0, 0, 6743.36, 3, 0, 0, 0.82, 113, 66, 6133.98, 17263, 15703
1695276683, 0, 0, 29, 0, 0, 6781.64, 3, 0, 0, 0.53, 116, 66, 6172.27, 17361, 15801
1695276690, 0, 0, 29, 0, 0, 6781.64, 3, 0, 0, 0.16, 117, 66, 6172.27, 17361, 15801
1695276694, 0, 0, 29, 0, 0, 6781.64, 3, 0, 0, 0.23, 118, 66, 6172.27, 17361, 15801
1695276699, 0, 0, 29, 0, 0, 6781.64, 3, 0, 0, 1.28, 120, 70, 6172.27, 17361, 15801
1695276703, 0, 0, 29, 0, 0, 6781.64, 3, 0, 0, 0.64, 122, 71, 6172.27, 17361, 15801
1695276707, 0, 0, 29, 0, 0, 6781.64, 3, 0, 0, 3.94, 128, 78, 6172.27, 17361, 15801
1695276710, 0, 0, 29, 0, 0, 6781.64, 3, 0, 0, 0.30, 129, 78, 6172.27, 17361, 15801
1695276714, 0, 0, 29, 0, 0, 6781.64, 3, 0, 0, 1.40, 133, 79, 6172.27, 17361, 15801
1695276721, 0, 0, 29, 0, 0, 6781.64, 3, 0, 0, 0.77, 137, 81, 6172.27, 17361, 15801
1695276725, 0, 0, 29, 0, 0, 6781.64, 3, 0, 0, 3.38, 142, 89, 6172.27, 17361, 15801
1695276729, 0, 0, 29, 0, 0, 6781.64, 3, 0, 0, 3.43, 150, 95, 6172.27, 17361, 15801
1695276736, 0, 0, 29, 0, 0, 6781.64, 3, 0, 0, 0.31, 151, 96, 6172.27, 17361, 15801
1695276739, 0, 0, 29, 0, 0, 6781.64, 3, 0, 0, 1.15, 155, 96, 6172.27, 17361, 15801
1695276746, 0, 0, 29, 0, 0, 6781.64, 3, 0, 0, 0.45, 158, 96, 6172.27, 17361, 15801
1695276750, 0, 0, 29, 0, 0, 6781.64, 3, 0, 0, 0.85, 160, 97, 6172.27, 17361, 15801
1695276755, 0, 0, 29, 0, 0, 6781.64, 3, 0, 0, 2.00, 165, 102, 6172.27, 17361, 15801
1695276787, 0, 0, 29, 0, 0, 6781.64, 3, 0, 0, 0.24, 171, 104, 6172.27, 17361, 15801
1695276792, 0, 0, 29, 0, 0, 6781.64, 3, 0, 0, 4.41, 185, 108, 6172.27, 17361, 15801
1695276797, 0, 0, 29, 0, 0, 6781.64, 3, 0, 0, 0.18, 186, 108, 6172.27, 17361, 15801
1695276801, 0, 0, 30, 0, 0, 6797.27, 3, 0, 0, 0.26, 187, 108, 6187.89, 17401, 15841
1695276821, 0, 0, 30, 0, 0, 6797.27, 3, 0, 0, 0.10, 188, 109, 6187.89, 17401, 15841
1695276826, 0, 0, 30, 0, 0, 6797.27, 3, 0, 0, 1.53, 193, 112, 6187.89, 17401, 15841
1695276829, 0, 0, 30, 0, 0, 6797.27, 3, 0, 0, 0.70, 194, 113, 6187.89, 17401, 15841
1695276832, 0, 0, 30, 0, 0, 6797.27, 3, 0, 0, 5.30, 205, 117, 6187.89, 17401, 15841
1695276835, 0, 0, 30, 0, 0, 6797.27, 3, 0, 0, 0.54, 207, 117, 6187.89, 17401, 15841
1695276839, 0, 0, 30, 0, 0, 6797.27, 3, 0, 0, 4.24, 212, 126, 6187.89, 17401, 15841
1695276842, 0, 0, 30, 0, 0, 6797.27, 3, 0, 0, 5.35, 220, 133, 6187.89, 17401, 15841
1695276845, 0, 0, 30, 0, 0, 6797.27, 3, 0, 0, 0.31, 221, 133, 6187.89, 17401, 15841
1695276849, 0, 0, 30, 0, 0, 6797.27, 3, 0, 0, 4.31, 233, 141, 6187.89, 17401, 15841
1695276854, 0, 0, 30, 0, 0, 6797.27, 3, 0, 0, 0.44, 234, 142, 6187.89, 17401, 15841
1695276873, 0, 0, 30, 0, 0, 6797.27, 3, 0, 0, 0.31, 237, 145, 6187.89, 17401, 15841
1695276881, 0, 0, 30, 0, 0, 6797.27, 3, 0, 0, 0.63, 240, 147, 6187.89, 17401, 15841
1695276895, 0, 0, 30, 0, 0, 6797.27, 3, 0, 0, 1.34, 249, 156, 6187.89, 17401, 15841
1695276913, 0, 0, 30, 0, 0, 6797.27, 3, 0, 0, 1.29, 266, 163, 6187.89, 17401, 15841
1695276916, 0, 0, 30, 0, 0, 6797.27, 3, 0, 0, 0.33, 267, 163, 6187.89, 17401, 15841
1695276920, 0, 0, 30, 0, 0, 6797.27, 3, 0, 0, 0.79, 269, 164, 6187.89, 17401, 15841
1695276921, 0, 0, 30, 0, 0, 6797.27, 3, 0, 0, 59.41, 280, 171, 6187.89, 17401, 15841
1695276923, 0, 0, 30, 0, 0, 6797.27, 3, 0, 0, 1.38, 282, 173, 6187.89, 17401, 15841
1695276929, 0, 0, 30, 0, 0, 6797.27, 3, 0, 0, 3.49, 290, 183, 6187.89, 17401, 15841
1695276934, 0, 0, 30, 0, 0, 6797.27, 3, 0, 0, 1.98, 298, 186, 6187.89, 17401, 15841
1695276938, 0, 0, 30, 0, 0, 6797.27, 3, 0, 0, 0.30, 299, 186, 6187.89, 17401, 15841
1695276942, 0, 0, 30, 0, 0, 6797.27, 3, 0, 0, 1.06, 300, 190, 6187.89, 17401, 15841
1695276947, 0, 0, 30, 0, 0, 6797.27, 3, 0, 0, 3.67, 309, 198, 6187.89, 17401, 15841
1695276951, 0, 0, 30, 0, 0, 6797.27, 3, 0, 0, 0.76, 312, 198, 6187.89, 17401, 15841
1695276955, 0, 0, 31, 0, 0, 6802.73, 3, 0, 0, 4.47, 326, 202, 6193.36, 17415, 15855
1695276959, 0, 0, 31, 0, 0, 6802.73, 3, 0, 0, 3.98, 335, 210, 6193.36, 17415, 15855
1695276964, 0, 0, 31, 0, 0, 6802.73, 3, 0, 0, 6.39, 352, 223, 6193.36, 17415, 15855
1695276967, 0, 0, 31, 0, 0, 6802.73, 3, 0, 0, 0.32, 353, 223, 6193.36, 17415, 15855
1695276973, 0, 0, 31, 0, 0, 6802.73, 3, 0, 0, 0.66, 356, 224, 6193.36, 17415, 15855
1695276977, 0, 0, 31, 0, 0, 6802.73, 3, 0, 0, 2.31, 361, 229, 6193.36, 17415, 15855
1695276982, 0, 0, 31, 0, 0, 6802.73, 3, 0, 0, 2.20, 367, 233, 6193.36, 17415, 15855
1695276985, 0, 0, 31, 0, 0, 6802.73, 3, 0, 0, 3.43, 375, 237, 6193.36, 17415, 15855
1695276986, 0, 0, 31, 0, 0, 6802.73, 3, 0, 0, 73.49, 388, 252, 6193.36, 17415, 15855
1695276990, 0, 0, 31, 0, 0, 6802.73, 3, 0, 0, 5.48, 397, 265, 6193.36, 17415, 15855
1695276994, 0, 0, 31, 0, 0, 6802.73, 3, 0, 0, 0.26, 398, 265, 6193.36, 17415, 15855
1695276997, 0, 0, 31, 0, 0, 6802.73, 3, 0, 0, 1.30, 402, 266, 6193.36, 17415, 15855
1695277001, 0, 0, 31, 0, 0, 6802.73, 3, 0, 0, 0.28, 403, 266, 6193.36, 17415, 15855
1695277006, 0, 0, 31, 0, 0, 6802.73, 3, 0, 0, 1.92, 406, 273, 6193.36, 17415, 15855
1695277010, 0, 0, 31, 0, 0, 6802.73, 3, 0, 0, 0.27, 407, 273, 6193.36, 17415, 15855
1695277014, 0, 0, 31, 0, 0, 6802.73, 3, 0, 0, 1.82, 411, 276, 6193.36, 17415, 15855
1695277018, 0, 0, 31, 0, 0, 6802.73, 3, 0, 0, 3.88, 424, 280, 6193.36, 17415, 15855
1695277022, 0, 0, 31, 0, 0, 6802.73, 3, 0, 0, 3.67, 431, 288, 6193.36, 17415, 15855
1695277028, 0, 0, 31, 0, 0, 6802.73, 3, 0, 0, 1.66, 437, 292, 6193.36, 17415, 15855
1695277029, 0, 0, 31, 0, 0, 6802.73, 3, 0, 0, 81.76, 453, 302, 6193.36, 17415, 15855
1695277033, 0, 0, 31, 0, 0, 6802.73, 3, 0, 0, 0.67, 454, 304, 6193.36, 17415, 15855
1695277037, 0, 0, 31, 0, 0, 6802.73, 3, 0, 0, 0.29, 454, 305, 6193.36, 17415, 15855
1695277041, 0, 0, 31, 0, 0, 6802.73, 3, 0, 0, 3.04, 462, 310, 6193.36, 17415, 15855
1695277045, 0, 0, 31, 0, 0, 6802.73, 3, 0, 0, 1.01, 465, 311, 6193.36, 17415, 15855
1695277052, 0, 0, 32, 0, 0, 6805.86, 3, 0, 0, 0.41, 466, 313, 6196.48, 17423, 15863
1695277057, 0, 0, 32, 0, 0, 6805.86, 3, 0, 0, 0.83, 469, 314, 6196.48, 17423, 15863
1695277061, 0, 0, 32, 0, 0, 6805.86, 3, 0, 0, 0.67, 471, 315, 6196.48, 17423, 15863
1695277066, 0, 0, 32, 0, 0, 6805.86, 3, 0, 0, 2.68, 479, 318, 6196.48, 17423, 15863
1695277070, 0, 0, 32, 0, 0, 6805.86, 3, 0, 0, 3.40, 488, 323, 6196.48, 17423, 15863
1695277074, 0, 0, 32, 0, 0, 6805.86, 3, 0, 0, 2.25, 493, 327, 6196.48, 17423, 15863
1695277080, 0, 0, 32, 0, 0, 6805.86, 3, 0, 0, 0.31, 495, 327, 6196.48, 17423, 15863
1695277084, 0, 0, 32, 0, 0, 6805.86, 3, 0, 0, 0.24, 496, 327, 6196.48, 17423, 15863
1695277088, 0, 0, 32, 0, 0, 6805.86, 3, 0, 0, 0.50, 497, 328, 6196.48, 17423, 15863
1695277150, 0, 0, 32, 0, 0, 6805.86, 3, 0, 0, 0.11, 503, 329, 6196.48, 17423, 15863
1695277154, 0, 0, 32, 0, 0, 6805.86, 3, 0, 0, 1.71, 509, 329, 6196.48, 17423, 15863
1695277161, 0, 0, 32, 0, 0, 6805.86, 3, 0, 0, 1.52, 517, 332, 6196.48, 17423, 15863
1695277185, 0, 0, 32, 0, 0, 6805.86, 3, 0, 0, 0.13, 520, 332, 6196.48, 17423, 15863
1695277189, 0, 0, 32, 0, 0, 6805.86, 3, 0, 0, 2.32, 525, 336, 6196.48, 17423, 15863
1695277189, 0, 0, 32, 0, 0, 6805.86, 3, 0, 0, 77.92, 540, 345, 6196.48, 17423, 15863
1695277194, 0, 0, 32, 0, 0, 6805.86, 3, 0, 0, 1.30, 544, 348, 6196.48, 17423, 15863
1695277198, 0, 0, 32, 0, 0, 6805.86, 3, 0, 0, 3.04, 552, 350, 6196.48, 17423, 15863
1695277198, 0, 0, 32, 0, 0, 6805.86, 3, 0, 0, 56.29, 562, 357, 6196.48, 17423, 15863
1695277203, 0, 0, 32, 0, 0, 6805.86, 3, 0, 0, 1.04, 564, 360, 6196.48, 17423, 15863
1695277206, 0, 0, 32, 0, 0, 6805.86, 3, 0, 0, 1.46, 565, 364, 6196.48, 17423, 15863
1695277211, 0, 0, 33, 0, 0, 6806.64, 3, 0, 0, 1.91, 570, 368, 6196.48, 17425, 15863
1695277215, 0, 0, 33, 0, 0, 6806.64, 3, 0, 0, 1.97, 576, 370, 6196.48, 17425, 15863
1695277219, 0, 0, 33, 0, 0, 6806.64, 3, 0, 0, 0.26, 577, 370, 6196.48, 17425, 15863
1695277223, 0, 0, 33, 0, 0, 6806.64, 3, 0, 0, 1.05, 580, 372, 6196.48, 17425, 15863
1695277288, 0, 0, 34, 0, 0, 6852.73, 3, 0, 0, 0.08, 582, 375, 6242.58, 17543, 15981
1695277292, 0, 0, 34, 0, 0, 6852.73, 3, 0, 0, 1.24, 586, 377, 6242.58, 17543, 15981
1695277306, 0, 0, 34, 0, 0, 6852.73, 3, 0, 0, 0.45, 589, 380, 6242.58, 17543, 15981
1695277310, 0, 0, 34, 0, 0, 6852.73, 3, 0, 0, 0.77, 590, 382, 6242.58, 17543, 15981
1695277310, 0, 0, 34, 0, 0, 6852.73, 3, 0, 0, 49.34, 598, 389, 6242.58, 17543, 15981
1695277313, 0, 0, 34, 0, 0, 6852.73, 3, 0, 0, 1.19, 599, 392, 6242.58, 17543, 15981
1695277320, 0, 0, 34, 0, 0, 6852.73, 3, 0, 0, 1.01, 604, 394, 6242.58, 17543, 15981
1695277325, 0, 0, 34, 0, 0, 6852.73, 3, 0, 0, 0.44, 606, 394, 6242.58, 17543, 15981
1695277329, 0, 0, 34, 0, 0, 6852.73, 3, 0, 0, 1.59, 611, 396, 6242.58, 17543, 15981
1695277334, 0, 0, 34, 0, 0, 6852.73, 3, 0, 0, 1.16, 617, 396, 6242.58, 17543, 15981
1695277338, 0, 0, 34, 0, 0, 6852.73, 3, 0, 0, 0.85, 620, 396, 6242.58, 17543, 15981
1695277344, 0, 0, 34, 0, 0, 6852.73, 3, 0, 0, 1.07, 624, 398, 6242.58, 17543, 15981
1695277379, 0, 0, 34, 0, 0, 6852.73, 3, 0, 0, 0.03, 625, 398, 6242.58, 17543, 15981
1695277386, 0, 0, 34, 0, 0, 6852.73, 3, 0, 0, 0.62, 628, 399, 6242.58, 17543, 15981
1695277391, 0, 0, 34, 0, 0, 6852.73, 3, 0, 0, 0.36, 630, 399, 6242.58, 17543, 15981
1695277391, 0, 0, 34, 0, 0, 6852.73, 3, 0, 0, 25.08, 637, 400, 6242.58, 17543, 15981
1695277392, 0, 0, 34, 0, 0, 6852.73, 3, 0, 0, 32.68, 644, 403, 6242.58, 17543, 15981
1695277396, 0, 0, 34, 0, 0, 6852.73, 3, 0, 0, 0.47, 646, 403, 6242.58, 17543, 15981
1695277400, 0, 0, 34, 0, 0, 6852.73, 3, 0, 0, 2.15, 650, 408, 6242.58, 17543, 15981
1695277406, 0, 0, 34, 0, 0, 6852.73, 3, 0, 0, 0.16, 651, 408, 6242.58, 17543, 15981
1695277411, 0, 0, 34, 0, 0, 6852.73, 3, 0, 0, 0.45, 652, 409, 6242.58, 17543, 15981
1695277411, 0, 0, 34, 0, 0, 6852.73, 3, 0, 0, 12.82, 654, 412, 6242.58, 17543, 15981
1695277412, 0, 0, 34, 0, 0, 6852.73, 3, 0, 0, 50.00, 661, 421, 6242.58, 17543, 15981
1695277416, 0, 0, 34, 0, 0, 6852.73, 3, 0, 0, 1.05, 665, 422, 6242.58, 17543, 15981
1695277420, 0, 0, 34, 0, 0, 6852.73, 3, 0, 0, 0.24, 666, 422, 6242.58, 17543, 15981
1695277425, 0, 0, 34, 0, 0, 6852.73, 3, 0, 0, 0.71, 668, 423, 6242.58, 17543, 15981
1695277455, 0, 0, 34, 0, 0, 6852.73, 3, 0, 0, 0.13, 669, 426, 6242.58, 17543, 15981
1695277464, 0, 0, 34, 0, 0, 6852.73, 3, 0, 0, 0.21, 671, 426, 6242.58, 17543, 15981
1695277469, 0, 0, 34, 0, 0, 6852.73, 3, 0, 0, 0.20, 672, 426, 6242.58, 17543, 15981
1695277474, 0, 0, 34, 0, 0, 6852.73, 3, 0, 0, 0.56, 673, 428, 6242.58, 17543, 15981
1695277485, 0, 0, 34, 0, 0, 6852.73, 3, 0, 0, 0.95, 678, 433, 6242.58, 17543, 15981
1695277488, 0, 0, 34, 0, 0, 6852.73, 3, 0, 0, 0.59, 678, 435, 6242.58, 17543, 15981
1695277492, 0, 0, 34, 0, 0, 6852.73, 3, 0, 0, 1.55, 680, 439, 6242.58, 17543, 15981
1695277492, 0, 0, 34, 0, 0, 6852.73, 3, 0, 0, 39.87, 688, 443, 6242.58, 17543, 15981
1695277493, 0, 0, 34, 0, 0, 6852.73, 3, 0, 0, 64.62, 700, 452, 6242.58, 17543, 15981
1695277497, 0, 0, 34, 0, 0, 6852.73, 3, 0, 0, 0.43, 701, 453, 6242.58, 17543, 15981
1695277502, 0, 0, 34, 0, 0, 6852.73, 3, 0, 0, 0.23, 702, 453, 6242.58, 17543, 15981
1695277507, 0, 0, 34, 0, 0, 6852.73, 3, 0, 0, 0.57, 703, 455, 6242.58, 17543, 15981
1695277512, 0, 0, 34, 0, 0, 6852.73, 3, 0, 0, 1.04, 707, 456, 6242.58, 17543, 15981
1695277512, 0, 0, 34, 0, 0, 6852.73, 3, 0, 0, 34.48, 715, 459, 6242.58, 17543, 15981
1695277517, 0, 0, 34, 0, 0, 6852.73, 3, 0, 0, 1.22, 720, 460, 6242.58, 17543, 15981
1695277522, 0, 0, 34, 0, 0, 6852.73, 3, 0, 0, 1.49, 725, 462, 6242.58, 17543, 15981
1695277528, 0, 0, 34, 0, 0, 6852.73, 3, 0, 0, 1.86, 733, 466, 6242.58, 17543, 15981
1695277534, 0, 0, 34, 0, 0, 6852.73, 3, 0, 0, 1.70, 741, 467, 6242.58, 17543, 15981
1695277539, 0, 0, 34, 0, 0, 6852.73, 3, 0, 0, 1.40, 744, 471, 6242.58, 17543, 15981
1695277539, 0, 0, 34, 0, 0, 6852.73, 3, 0, 0, 62.09, 756, 478, 6242.58, 17543, 15981
1695277556, 0, 0, 34, 0, 0, 6852.73, 3, 0, 0, 0.54, 764, 479, 6242.58, 17543, 15981
1695277560, 0, 0, 34, 0, 0, 6852.73, 3, 0, 0, 0.22, 765, 479, 6242.58, 17543, 15981
1695277565, 0, 0, 34, 0, 0, 6852.73, 3, 0, 0, 0.23, 766, 479, 6242.58, 17543, 15981
1695277570, 0, 0, 35, 0, 0, 6853.52, 3, 0, 0, 1.21, 770, 482, 6243.36, 17545, 15983
1695277571, 0, 0, 35, 0, 0, 6853.52, 3, 0, 0, 53.33, 779, 489, 6243.36, 17545, 15983
1695277576, 0, 0, 35, 0, 0, 6853.52, 3, 0, 0, 0.53, 781, 490, 6243.36, 17545, 15983
1695277577, 0, 0, 35, 0, 0, 6853.52, 3, 0, 0, 19.94, 784, 494, 6243.36, 17545, 15983
1695277583, 0, 0, 35, 0, 0, 6853.52, 3, 0, 0, 0.32, 786, 494, 6243.36, 17545, 15983
1695277589, 0, 0, 35, 0, 0, 6853.52, 3, 0, 0, 0.49, 788, 495, 6243.36, 17545, 15983
1695277594, 0, 0, 35, 0, 0, 6853.52, 3, 0, 0, 0.42, 789, 496, 6243.36, 17545, 15983
1695277594, 0, 0, 35, 0, 0, 6853.52, 3, 0, 0, 39.00, 794, 505, 6243.36, 17545, 15983
1695277600, 0, 0, 35, 0, 0, 6853.52, 3, 0, 0, 1.29, 798, 509, 6243.36, 17545, 15983
1695277605, 0, 0, 35, 0, 0, 6853.52, 3, 0, 0, 0.93, 801, 510, 6243.36, 17545, 15983
1695277605, 0, 0, 35, 0, 0, 6853.52, 3, 0, 0, 44.87, 809, 516, 6243.36, 17545, 15983
1695277613, 0, 0, 35, 0, 0, 6853.52, 3, 0, 0, 1.90, 821, 520, 6243.36, 17545, 15983
1695277617, 0, 0, 35, 0, 0, 6853.52, 3, 0, 0, 0.75, 823, 521, 6243.36, 17545, 15983
1695277622, 0, 0, 35, 0, 0, 6853.52, 3, 0, 0, 0.22, 824, 521, 6243.36, 17545, 15983
1695277626, 0, 0, 35, 0, 0, 6853.52, 3, 0, 0, 0.23, 825, 521, 6243.36, 17545, 15983
1695277630, 0, 0, 35, 0, 0, 6853.52, 3, 0, 0, 0.57, 826, 522, 6243.36, 17545, 15983
1695277637, 0, 0, 35, 0, 0, 6853.52, 3, 0, 0, 0.58, 828, 524, 6243.36, 17545, 15983
1695277637, 0, 0, 35, 0, 0, 6853.52, 3, 0, 0, 39.60, 833, 531, 6243.36, 17545, 15983
1695277641, 0, 0, 35, 0, 0, 6853.52, 3, 0, 0, 1.57, 838, 533, 6243.36, 17545, 15983
1695277646, 0, 0, 35, 0, 0, 6853.52, 3, 0, 0, 0.44, 840, 533, 6243.36, 17545, 15983
1695277653, 0, 0, 35, 0, 0, 6853.52, 3, 0, 0, 2.38, 851, 538, 6243.36, 17545, 15983
1695277658, 0, 0, 35, 0, 0, 6853.52, 3, 0, 0, 3.07, 859, 545, 6243.36, 17545, 15983
1695277662, 0, 0, 35, 0, 0, 6853.52, 3, 0, 0, 1.04, 863, 546, 6243.36, 17545, 15983
1695277665, 0, 0, 35, 0, 0, 6853.52, 4, 0, 0, 1.98, 866, 549, 6243.36, 17545, 15983
1695277671, 0, 0, 35, 0, 0, 6853.52, 4, 0, 0, 0.19, 867, 549, 6243.36, 17545, 15983
1695277671, 0, 0, 35, 0, 0, 6853.52, 4, 0, 0, 27.95, 872, 553, 6243.36, 17545, 15983
1695277671, 0, 0, 35, 0, 0, 6853.52, 4, 0, 0, 35.37, 879, 557, 6243.36, 17545, 15983
1695277680, 0, 0, 35, 0, 0, 6853.52, 4, 0, 0, 0.78, 884, 559, 6243.36, 17545, 15983
1695277689, 0, 0, 35, 0, 0, 6853.52, 4, 0, 0, 1.21, 890, 564, 6243.36, 17545, 15983
1695277714, 0, 0, 35, 0, 0, 6853.52, 4, 0, 0, 0.04, 891, 564, 6243.36, 17545, 15983
1695277720, 0, 0, 35, 0, 0, 6853.52, 4, 0, 0, 1.83, 897, 568, 6243.36, 17545, 15983
1695277736, 0, 0, 35, 0, 0, 6853.52, 4, 0, 0, 0.25, 899, 570, 6243.36, 17545, 15983
1695277741, 0, 0, 35, 0, 0, 6853.52, 4, 0, 0, 0.36, 901, 570, 6243.36, 17545, 15983
1695277747, 0, 0, 35, 0, 0, 6853.52, 4, 0, 0, 1.56, 906, 574, 6243.36, 17545, 15983
1695277782, 0, 0, 35, 0, 0, 6853.52, 4, 0, 0, 0.06, 908, 574, 6243.36, 17545, 15983
1695277786, 0, 0, 35, 0, 0, 6853.52, 4, 0, 0, 0.72, 910, 575, 6243.36, 17545, 15983
1695277790, 0, 0, 35, 0, 0, 6853.52, 4, 0, 0, 0.75, 911, 577, 6243.36, 17545, 15983
1695277794, 0, 0, 35, 0, 0, 6853.52, 4, 0, 0, 2.44, 918, 579, 6243.36, 17545, 15983
1695277798, 0, 0, 35, 0, 0, 6853.52, 4, 0, 0, 3.23, 925, 586, 6243.36, 17545, 15983
1695277802, 0, 0, 35, 0, 0, 6853.52, 4, 0, 0, 2.00, 928, 591, 6243.36, 17545, 15983
1695277807, 0, 0, 35, 0, 0, 6853.52, 4, 0, 0, 0.20, 929, 591, 6243.36, 17545, 15983
1695277833, 0, 0, 35, 0, 0, 6853.52, 4, 0, 0, 0.19, 934, 591, 6243.36, 17545, 15983
1695277837, 0, 0, 35, 0, 0, 6853.52, 4, 0, 0, 2.49, 941, 595, 6243.36, 17545, 15983
1695277838, 0, 0, 35, 0, 0, 6853.52, 4, 0, 0, 26.06, 946, 598, 6243.36, 17545, 15983
1695277841, 0, 0, 35, 0, 0, 6853.52, 4, 0, 0, 0.58, 948, 598, 6243.36, 17545, 15983
1695277845, 0, 0, 35, 0, 0, 6853.52, 4, 0, 0, 0.51, 949, 599, 6243.36, 17545, 15983
1695277849, 0, 0, 35, 0, 0, 6853.52, 4, 0, 0, 0.71, 951, 600, 6243.36, 17545, 15983
1695277854, 0, 0, 35, 0, 0, 6853.52, 4, 0, 0, 0.88, 953, 602, 6243.36, 17545, 15983
1695277854, 0, 0, 35, 0, 0, 6853.52, 4, 0, 0, 32.47, 957, 608, 6243.36, 17545, 15983
1695277870, 0, 0, 35, 0, 0, 6853.52, 4, 0, 0, 0.86, 963, 616, 6243.36, 17545, 15983
1695277875, 0, 0, 35, 0, 0, 6853.52, 4, 0, 0, 0.22, 964, 616, 6243.36, 17545, 15983
1695277880, 0, 0, 35, 0, 0, 6853.52, 4, 0, 0, 0.19, 965, 616, 6243.36, 17545, 15983
1695277892, 0, 0, 35, 0, 0, 6853.52, 4, 0, 0, 0.50, 969, 618, 6243.36, 17545, 15983
1695277897, 0, 0, 35, 0, 0, 6853.52, 4, 0, 0, 0.19, 970, 618, 6243.36, 17545, 15983
1695277902, 0, 0, 35, 0, 0, 6853.52, 4, 0, 0, 0.94, 974, 618, 6243.36, 17545, 15983
1695277906, 0, 0, 35, 0, 0, 6853.52, 4, 0, 0, 2.54, 981, 623, 6243.36, 17545, 15983
1695277912, 0, 0, 35, 0, 0, 6853.52, 4, 0, 0, 1.09, 986, 624, 6243.36, 17545, 15983
1695277919, 0, 0, 35, 0, 0, 6853.52, 4, 0, 0, 0.41, 988, 625, 6243.36, 17545, 15983
1695277920, 0, 0, 35, 0, 0, 6853.52, 4, 0, 0, 47.75, 998, 632, 6243.36, 17545, 15983
1695277924, 0, 0, 35, 0, 0, 6853.52, 4, 0, 0, 2.72, 1004, 638, 6243.36, 17545, 15983
1695277936, 0, 0, 35, 0, 0, 6853.52, 4, 0, 0, 0.43, 1006, 641, 6243.36, 17545, 15983
1695277936, 0, 0, 35, 0, 0, 6853.52, 4, 0, 0, 38.10, 1012, 647, 6243.36, 17545, 15983
1695277940, 0, 0, 35, 0, 0, 6853.52, 4, 0, 0, 0.91, 1015, 648, 6243.36, 17545, 15983
1695277944, 0, 0, 35, 0, 0, 6853.52, 4, 0, 0, 0.25, 1016, 648, 6243.36, 17545, 15983
1695277961, 0, 0, 35, 0, 0, 6853.52, 4, 0, 0, 0.12, 1017, 649, 6243.36, 17545, 15983
1695277962, 0, 0, 35, 0, 0, 6853.52, 4, 0, 0, 33.52, 1022, 656, 6243.36, 17545, 15983
1695277967, 0, 0, 35, 0, 0, 6853.52, 4, 0, 0, 1.20, 1026, 658, 6243.36, 17545, 15983
1695277971, 0, 0, 35, 0, 0, 6853.52, 4, 0, 0, 0.68, 1029, 658, 6243.36, 17545, 15983
1695277975, 0, 0, 35, 0, 0, 6853.52, 4, 0, 0, 0.23, 1030, 658, 6243.36, 17545, 15983
1695277982, 0, 0, 35, 0, 0, 6853.52, 4, 0, 0, 0.32, 1032, 658, 6243.36, 17545, 15983
1695277982, 0, 0, 35, 0, 0, 6853.52, 4, 0, 0, 29.03, 1034, 665, 6243.36, 17545, 15983
1695277982, 0, 0, 35, 0, 0, 6853.52, 4, 0, 0, 30.14, 1039, 671, 6243.36, 17545, 15983
1695277983, 0, 0, 35, 0, 0, 6853.52, 4, 0, 0, 19.11, 1042, 674, 6243.36, 17545, 15983
1695277987, 0, 0, 35, 0, 0, 6853.52, 4, 0, 0, 0.23, 1043, 674, 6243.36, 17545, 15983
1695277992, 0, 0, 35, 0, 0, 6853.52, 4, 0, 0, 0.20, 1044, 674, 6243.36, 17545, 15983
1695277997, 0, 0, 35, 0, 0, 6853.52, 4, 0, 0, 0.85, 1045, 677, 6243.36, 17545, 15983
1695278002, 0, 0, 35, 0, 0, 6853.52, 4, 0, 0, 1.66, 1049, 682, 6243.36, 17545, 15983
1695278003, 0, 0, 35, 0, 0, 6853.52, 4, 0, 0, 10.70, 1052, 683, 6243.36, 17545, 15983
1695278003, 0, 0, 35, 0, 0, 6853.52, 4, 0, 0, 11.59, 1055, 684, 6243.36, 17545, 15983
1695278003, 0, 0, 35, 0, 0, 6853.52, 4, 0, 0, 19.07, 1061, 685, 6243.36, 17545, 15983
1695278008, 0, 0, 35, 0, 0, 6853.52, 4, 0, 0, 1.40, 1066, 686, 6243.36, 17545, 15983
1695278013, 0, 0, 35, 0, 0, 6853.52, 4, 0, 0, 0.73, 1070, 686, 6243.36, 17545, 15983
1695278024, 0, 0, 35, 0, 0, 6853.52, 4, 0, 0, 0.09, 1071, 686, 6243.36, 17545, 15983
1695278024, 0, 0, 35, 0, 0, 6853.52, 4, 0, 0, 9.20, 1073, 687, 6243.36, 17545, 15983
1695278025, 0, 0, 35, 0, 0, 6853.52, 4, 0, 0, 9.12, 1075, 688, 6243.36, 17545, 15983
1695278025, 0, 0, 35, 0, 0, 6853.52, 4, 0, 0, 22.41, 1080, 691, 6243.36, 17545, 15983
1695278025, 0, 0, 35, 0, 0, 6853.52, 4, 0, 0, 16.39, 1083, 693, 6243.36, 17545, 15983
1695278034, 0, 0, 35, 0, 0, 6853.52, 4, 0, 0, 0.23, 1085, 693, 6243.36, 17545, 15983
1695278044, 0, 0, 35, 0, 0, 6853.52, 4, 0, 0, 0.89, 1091, 696, 6243.36, 17545, 15983
1695278045, 0, 0, 35, 0, 0, 6853.52, 4, 0, 0, 21.68, 1096, 699, 6243.36, 17545, 15983
1695278045, 0, 0, 35, 0, 0, 6853.52, 4, 0, 0, 12.82, 1099, 700, 6243.36, 17545, 15983
1695278045, 0, 0, 35, 0, 0, 6853.52, 4, 0, 0, 26.14, 1105, 702, 6243.36, 17545, 15983
1695278053, 0, 0, 35, 0, 0, 6853.52, 4, 0, 0, 0.52, 1109, 702, 6243.36, 17545, 15983
1695278059, 0, 0, 35, 0, 0, 6853.52, 4, 0, 0, 1.37, 1115, 704, 6243.36, 17545, 15983
1695278064, 0, 0, 35, 0, 0, 6853.52, 4, 0, 0, 0.98, 1117, 707, 6243.36, 17545, 15983
1695278068, 0, 0, 35, 0, 0, 6853.52, 4, 0, 0, 1.68, 1124, 707, 6243.36, 17545, 15983
1695278073, 0, 0, 35, 0, 0, 6853.52, 4, 0, 0, 1.50, 1127, 712, 6243.36, 17545, 15983
1695278074, 0, 0, 35, 0, 0, 6853.52, 4, 0, 0, 20.96, 1132, 714, 6243.36, 17545, 15983
1695278080, 0, 0, 35, 0, 0, 6853.52, 4, 0, 0, 0.92, 1135, 717, 6243.36, 17545, 15983
1695278080, 0, 0, 35, 0, 0, 6853.52, 4, 0, 0, 29.41, 1141, 720, 6243.36, 17545, 15983
1695278081, 0, 0, 35, 0, 0, 6853.52, 4, 0, 0, 24.46, 1146, 723, 6243.36, 17545, 15983
1695278087, 0, 0, 35, 0, 0, 6853.52, 4, 0, 0, 1.29, 1151, 726, 6243.36, 17545, 15983
1695278087, 0, 0, 35, 0, 0, 6853.52, 4, 0, 0, 43.48, 1157, 734, 6243.36, 17545, 15983
1695278092, 0, 0, 35, 0, 0, 6853.52, 4, 0, 0, 1.35, 1162, 735, 6243.36, 17545, 15983
1695278092, 0, 0, 35, 0, 0, 6853.52, 4, 0, 0, 17.49, 1167, 736, 6243.36, 17545, 15983
1695278114, 0, 0, 35, 0, 0, 6853.52, 4, 0, 0, 0.09, 1168, 737, 6243.36, 17545, 15983
1695278114, 0, 0, 35, 0, 0, 6853.52, 4, 0, 0, 29.57, 1171, 745, 6243.36, 17545, 15983
1695278119, 0, 0, 35, 0, 0, 6853.52, 4, 0, 0, 1.17, 1175, 746, 6243.36, 17545, 15983
1695278119, 0, 0, 35, 0, 0, 6853.52, 4, 0, 0, 16.29, 1177, 749, 6243.36, 17545, 15983
1695278119, 0, 0, 35, 0, 0, 6853.52, 4, 0, 0, 31.15, 1182, 754, 6243.36, 17545, 15983
1695278126, 0, 0, 35, 0, 0, 6853.52, 4, 0, 0, 0.31, 1184, 754, 6243.36, 17545, 15983
1695278147, 0, 0, 35, 0, 0, 6853.52, 4, 0, 0, 0.05, 1185, 754, 6243.36, 17545, 15983
1695278152, 0, 0, 35, 0, 0, 6853.52, 4, 0, 0, 0.86, 1187, 756, 6243.36, 17545, 15983
1695278158, 0, 0, 35, 0, 0, 6853.52, 4, 0, 0, 0.47, 1189, 757, 6243.36, 17545, 15983
1695278163, 0, 0, 35, 0, 0, 6853.52, 4, 0, 0, 1.70, 1194, 760, 6243.36, 17545, 15983
1695278169, 0, 0, 35, 0, 0, 6853.52, 4, 0, 0, 1.18, 1199, 762, 6243.36, 17545, 15983
1695278173, 0, 0, 35, 0, 0, 6853.52, 4, 0, 0, 0.22, 1200, 762, 6243.36, 17545, 15983
1695278178, 0, 0, 35, 0, 0, 6853.52, 4, 0, 0, 0.63, 1202, 763, 6243.36, 17545, 15983
1695278183, 0, 0, 35, 0, 0, 6853.52, 4, 0, 0, 1.44, 1206, 766, 6243.36, 17545, 15983
1695278186, 0, 0, 35, 0, 0, 6853.52, 4, 0, 0, 0.55, 1207, 767, 6243.36, 17545, 15983
1695278187, 0, 0, 35, 0, 0, 6853.52, 4, 0, 0, 23.81, 1212, 770, 6243.36, 17545, 15983
1695278198, 0, 0, 35, 0, 0, 6853.52, 4, 0, 0, 0.09, 1213, 770, 6243.36, 17545, 15983
1695278202, 0, 0, 35, 0, 0, 6853.52, 4, 0, 0, 0.26, 1214, 770, 6243.36, 17545, 15983
1695278215, 0, 0, 36, 0, 0, 6867.58, 4, 0, 0, 0.08, 1215, 770, 6261.33, 17581, 16029
1695278219, 0, 0, 36, 0, 0, 6867.58, 4, 0, 0, 0.24, 1216, 770, 6261.33, 17581, 16029
1695278223, 0, 0, 36, 0, 0, 6867.58, 4, 0, 0, 0.27, 1217, 770, 6261.33, 17581, 16029
1695278223, 0, 0, 36, 0, 0, 6867.58, 4, 0, 0, 19.35, 1220, 773, 6261.33, 17581, 16029
1695278228, 0, 0, 36, 0, 0, 6867.58, 4, 0, 0, 1.30, 1223, 776, 6261.33, 17581, 16029
1695278228, 0, 0, 36, 0, 0, 6867.58, 4, 0, 0, 19.80, 1226, 779, 6261.33, 17581, 16029
1695278229, 0, 0, 36, 0, 0, 6867.58, 4, 0, 0, 18.99, 1230, 781, 6261.33, 17581, 16029
1695278233, 0, 0, 36, 0, 0, 6867.58, 4, 0, 0, 0.97, 1233, 782, 6261.33, 17581, 16029
1695278238, 0, 0, 36, 0, 0, 6867.58, 4, 0, 0, 0.82, 1237, 782, 6261.33, 17581, 16029
1695278242, 0, 0, 36, 0, 0, 6867.58, 4, 0, 0, 0.62, 1238, 784, 6261.33, 17581, 16029
1695278243, 0, 0, 36, 0, 0, 6867.58, 4, 0, 0, 21.92, 1242, 788, 6261.33, 17581, 16029
1695278247, 0, 0, 36, 0, 0, 6867.58, 4, 0, 0, 0.50, 1244, 788, 6261.33, 17581, 16029
1695278253, 0, 0, 36, 0, 0, 6867.58, 4, 0, 0, 0.17, 1245, 788, 6261.33, 17581, 16029
1695278253, 0, 0, 36, 0, 0, 6867.58, 4, 0, 0, 16.23, 1250, 788, 6261.33, 17581, 16029
1695278274, 0, 0, 36, 0, 0, 6867.58, 4, 0, 0, 0.05, 1251, 788, 6261.33, 17581, 16029
1695278274, 0, 0, 36, 0, 0, 6867.58, 4, 0, 0, 17.24, 1256, 789, 6261.33, 17581, 16029
1695278279, 0, 0, 36, 0, 0, 6867.58, 4, 0, 0, 0.23, 1257, 789, 6261.33, 17581, 16029
1695278279, 0, 0, 36, 0, 0, 6867.58, 4, 0, 0, 18.81, 1260, 792, 6261.33, 17581, 16029
1695278284, 0, 0, 36, 0, 0, 6867.58, 4, 0, 0, 0.19, 1261, 792, 6261.33, 17581, 16029
1695278291, 0, 0, 36, 0, 0, 6867.58, 4, 0, 0, 0.16, 1262, 792, 6261.33, 17581, 16029
1695278296, 0, 0, 36, 0, 0, 6867.58, 4, 0, 0, 0.37, 1264, 792, 6261.33, 17581, 16029
1695278300, 0, 0, 36, 0, 0, 6867.58, 4, 0, 0, 0.90, 1265, 795, 6261.33, 17581, 16029
1695278301, 0, 0, 36, 0, 0, 6867.58, 4, 0, 0, 22.06, 1271, 798, 6261.33, 17581, 16029
1695278301, 0, 0, 36, 0, 0, 6867.58, 4, 0, 0, 30.00, 1276, 802, 6261.33, 17581, 16029
1695278301, 0, 0, 36, 0, 0, 6867.58, 4, 0, 0, 16.56, 1278, 805, 6261.33, 17581, 16029
1695278302, 0, 0, 36, 0, 0, 6867.58, 4, 0, 0, 18.72, 1281, 809, 6261.33, 17581, 16029
1695278302, 0, 0, 36, 0, 0, 6867.58, 4, 0, 0, 22.36, 1286, 811, 6261.33, 17581, 16029
1695278308, 0, 0, 36, 0, 0, 6867.58, 4, 0, 0, 1.08, 1291, 812, 6261.33, 17581, 16029
1695278308, 0, 0, 36, 0, 0, 6867.58, 4, 0, 0, 16.50, 1296, 812, 6261.33, 17581, 16029
1695278308, 0, 0, 36, 0, 0, 6867.58, 4, 0, 0, 9.35, 1298, 813, 6261.33, 17581, 16029
1695278313, 0, 0, 36, 0, 0, 6867.58, 4, 0, 0, 1.37, 1302, 815, 6261.33, 17581, 16029
1695278326, 0, 0, 36, 0, 0, 6867.58, 4, 0, 0, 0.15, 1304, 815, 6261.33, 17581, 16029
1695278331, 0, 0, 36, 0, 0, 6867.58, 4, 0, 0, 0.20, 1305, 815, 6261.33, 17581, 16029
1695278353, 0, 0, 36, 0, 0, 6867.58, 4, 0, 0, 0.27, 1310, 816, 6261.33, 17581, 16029
1695278358, 0, 0, 36, 0, 0, 6867.58, 4, 0, 0, 2.40, 1313, 823, 6261.33, 17581, 16029
1695278358, 0, 0, 36, 0, 0, 6867.58, 4, 0, 0, 21.08, 1317, 828, 6261.33, 17581, 16029
1695278358, 0, 0, 36, 0, 0, 6867.58, 4, 0, 0, 25.32, 1320, 833, 6261.33, 17581, 16029
1695278359, 0, 0, 36, 0, 0, 6867.58, 4, 0, 0, 18.47, 1326, 834, 6261.33, 17581, 16029
1695278359, 0, 0, 36, 0, 0, 6867.58, 4, 0, 0, 28.04, 1330, 839, 6261.33, 17581, 16029
1695278359, 0, 0, 36, 0, 0, 6867.58, 4, 0, 0, 24.46, 1335, 842, 6261.33, 17581, 16029
1695278360, 0, 0, 36, 0, 0, 6867.58, 4, 0, 0, 15.43, 1338, 844, 6261.33, 17581, 16029
1695278360, 0, 0, 36, 0, 0, 6867.58, 4, 0, 0, 18.18, 1341, 847, 6261.33, 17581, 16029
1695278364, 0, 0, 36, 0, 0, 6867.58, 4, 0, 0, 2.12, 1343, 853, 6261.33, 17581, 16029
1695278368, 0, 0, 36, 0, 0, 6867.58, 4, 0, 0, 0.25, 1344, 853, 6261.33, 17581, 16029
1695278373, 0, 0, 36, 0, 0, 6867.58, 4, 0, 0, 0.21, 1345, 853, 6261.33, 17581, 16029
1695278378, 0, 0, 36, 0, 0, 6867.58, 4, 0, 0, 0.21, 1346, 853, 6261.33, 17581, 16029
1695278382, 0, 0, 36, 0, 0, 6867.58, 4, 0, 0, 1.00, 1350, 853, 6261.33, 17581, 16029
1695278393, 0, 0, 36, 0, 0, 6867.58, 4, 0, 0, 0.09, 1351, 853, 6261.33, 17581, 16029
1695278394, 0, 0, 36, 0, 0, 6867.58, 4, 0, 0, 18.99, 1353, 857, 6261.33, 17581, 16029
1695278398, 0, 0, 36, 0, 0, 6867.58, 4, 0, 0, 0.85, 1357, 857, 6261.33, 17581, 16029
1695278403, 0, 0, 36, 0, 0, 6867.58, 4, 0, 0, 1.27, 1360, 860, 6261.33, 17581, 16029
1695278403, 0, 0, 36, 0, 0, 6867.58, 4, 0, 0, 9.43, 1362, 861, 6261.33, 17581, 16029
1695278407, 0, 0, 36, 0, 0, 6867.58, 4, 0, 0, 0.51, 1364, 861, 6261.33, 17581, 16029
1695278408, 0, 0, 36, 0, 0, 6867.58, 4, 0, 0, 17.54, 1368, 863, 6261.33, 17581, 16029
1695278408, 0, 0, 36, 0, 0, 6867.58, 4, 0, 0, 28.85, 1372, 868, 6261.33, 17581, 16029
1695278413, 0, 0, 36, 0, 0, 6867.58, 4, 0, 0, 1.11, 1376, 870, 6261.33, 17581, 16029
1695278418, 0, 0, 36, 0, 0, 6867.58, 4, 0, 0, 0.70, 1378, 871, 6261.33, 17581, 16029
1695278418, 0, 0, 36, 0, 0, 6867.58, 4, 0, 0, 16.34, 1382, 872, 6261.33, 17581, 16029
1695278418, 0, 0, 36, 0, 0, 6867.58, 4, 0, 0, 25.79, 1387, 876, 6261.33, 17581, 16029
1695278419, 0, 0, 36, 0, 0, 6867.58, 4, 0, 0, 19.23, 1389, 880, 6261.33, 17581, 16029
1695278419, 0, 0, 36, 0, 0, 6867.58, 4, 0, 0, 26.95, 1392, 886, 6261.33, 17581, 16029
1695278424, 0, 0, 36, 0, 0, 6867.58, 4, 0, 0, 1.53, 1398, 888, 6261.33, 17581, 16029
1695278424, 0, 0, 36, 0, 0, 6867.58, 4, 0, 0, 34.59, 1406, 891, 6261.33, 17581, 16029
1695278425, 0, 0, 36, 0, 0, 6867.58, 4, 0, 0, 25.64, 1412, 893, 6261.33, 17581, 16029
1695278431, 0, 0, 36, 0, 0, 6867.58, 4, 0, 0, 0.60, 1414, 895, 6261.33, 17581, 16029
1695278436, 0, 0, 36, 0, 0, 6867.58, 4, 0, 0, 0.92, 1417, 896, 6261.33, 17581, 16029
1695278467, 0, 0, 36, 0, 0, 6867.58, 4, 0, 0, 0.03, 1418, 896, 6261.33, 17581, 16029
1695278467, 0, 0, 36, 0, 0, 6867.58, 4, 0, 0, 20.47, 1424, 897, 6261.33, 17581, 16029
1695278467, 0, 0, 36, 0, 0, 6867.58, 4, 0, 0, 16.08, 1427, 899, 6261.33, 17581, 16029
1695278468, 0, 0, 36, 0, 0, 6867.58, 4, 0, 0, 18.02, 1432, 900, 6261.33, 17581, 16029
1695278468, 0, 0, 36, 0, 0, 6867.58, 4, 0, 0, 19.89, 1435, 904, 6261.33, 17581, 16029
1695278473, 0, 0, 36, 0, 0, 6867.58, 4, 0, 0, 0.39, 1437, 904, 6261.33, 17581, 16029
1695278474, 0, 0, 36, 0, 0, 6867.58, 4, 0, 0, 9.55, 1438, 906, 6261.33, 17581, 16029
1695278480, 0, 0, 36, 0, 0, 6867.58, 4, 0, 0, 0.63, 1442, 906, 6261.33, 17581, 16029
1695278480, 0, 0, 36, 0, 0, 6867.58, 4, 0, 0, 21.02, 1445, 910, 6261.33, 17581, 16029
1695278481, 0, 0, 36, 0, 0, 6867.58, 4, 0, 0, 18.58, 1448, 913, 6261.33, 17581, 16029
1695278481, 0, 0, 36, 0, 0, 6867.58, 4, 0, 0, 14.53, 1452, 914, 6261.33, 17581, 16029
1695278481, 0, 0, 36, 0, 0, 6867.58, 4, 0, 0, 14.33, 1456, 915, 6261.33, 17581, 16029
1695278482, 0, 0, 36, 0, 0, 6867.58, 4, 0, 0, 19.29, 1459, 918, 6261.33, 17581, 16029
1695278503, 0, 0, 36, 0, 0, 6867.58, 4, 0, 0, 0.14, 1462, 918, 6261.33, 17581, 16029
1695278503, 0, 0, 36, 0, 0, 6867.58, 4, 0, 0, 15.48, 1464, 921, 6261.33, 17581, 16029
1695278503, 0, 0, 36, 0, 0, 6867.58, 4, 0, 0, 14.08, 1466, 924, 6261.33, 17581, 16029
1695278508, 0, 0, 37, 0, 0, 6868.36, 4, 0, 0, 0.99, 1468, 927, 6262.11, 17583, 16031
1695278514, 0, 0, 37, 0, 0, 6868.36, 4, 0, 0, 1.28, 1472, 930, 6262.11, 17583, 16031
1695278514, 0, 0, 37, 0, 0, 6868.36, 4, 0, 0, 12.54, 1476, 930, 6262.11, 17583, 16031
1695278519, 0, 0, 37, 0, 0, 6868.36, 4, 0, 0, 0.96, 1478, 933, 6262.11, 17583, 16031
1695278524, 0, 0, 37, 0, 0, 6868.36, 4, 0, 0, 0.88, 1481, 934, 6262.11, 17583, 16031
1695278524, 0, 0, 37, 0, 0, 6868.36, 4, 0, 0, 18.81, 1485, 936, 6262.11, 17583, 16031
1695278525, 0, 0, 37, 0, 0, 6868.36, 4, 0, 0, 24.69, 1489, 940, 6262.11, 17583, 16031
1695278530, 0, 0, 37, 0, 0, 6868.36, 4, 0, 0, 0.18, 1490, 940, 6262.11, 17583, 16031
1695278537, 0, 0, 37, 0, 0, 6868.36, 4, 0, 0, 0.28, 1492, 940, 6262.11, 17583, 16031
1695278543, 0, 0, 37, 0, 0, 6868.36, 4, 0, 0, 0.55, 1495, 940, 6262.11, 17583, 16031
1695278543, 0, 0, 37, 0, 0, 6868.36, 4, 0, 0, 24.10, 1499, 944, 6262.11, 17583, 16031
1695278544, 0, 0, 37, 0, 0, 6868.36, 4, 0, 0, 9.29, 1502, 944, 6262.11, 17583, 16031
1695278549, 0, 0, 37, 0, 0, 6868.36, 4, 0, 0, 0.60, 1504, 945, 6262.11, 17583, 16031
1695278549, 0, 0, 37, 0, 0, 6868.36, 4, 0, 0, 14.53, 1508, 946, 6262.11, 17583, 16031
1695278553, 0, 0, 37, 0, 0, 6868.36, 4, 0, 0, 1.69, 1513, 948, 6262.11, 17583, 16031
1695278554, 0, 0, 37, 0, 0, 6868.36, 4, 0, 0, 8.42, 1515, 950, 6262.11, 17583, 16031
1695278565, 0, 0, 37, 0, 0, 6868.36, 4, 0, 0, 0.26, 1516, 952, 6262.11, 17583, 16031
1695278566, 0, 0, 37, 0, 0, 6868.36, 4, 0, 0, 24.62, 1521, 955, 6262.11, 17583, 16031
1695278566, 0, 0, 37, 0, 0, 6868.36, 4, 0, 0, 26.53, 1526, 960, 6262.11, 17583, 16031
1695278566, 0, 0, 37, 0, 0, 6868.36, 4, 0, 0, 26.14, 1530, 964, 6262.11, 17583, 16031
1695278570, 0, 0, 37, 0, 0, 6868.36, 4, 0, 0, 0.73, 1532, 965, 6262.11, 17583, 16031
1695278571, 0, 0, 37, 0, 0, 6868.36, 4, 0, 0, 30.30, 1536, 971, 6262.11, 17583, 16031
1695278576, 0, 0, 37, 0, 0, 6868.36, 4, 0, 0, 0.71, 1539, 972, 6262.11, 17583, 16031
1695278585, 0, 0, 37, 0, 0, 6868.36, 4, 0, 0, 0.11, 1540, 972, 6262.11, 17583, 16031
1695278586, 0, 0, 37, 0, 0, 6868.36, 4, 0, 0, 12.35, 1542, 974, 6262.11, 17583, 16031
1695278586, 0, 0, 37, 0, 0, 6868.36, 4, 0, 0, 15.87, 1545, 977, 6262.11, 17583, 16031
1695278591, 0, 0, 37, 0, 0, 6868.36, 4, 0, 0, 0.40, 1547, 977, 6262.11, 17583, 16031
1695278597, 0, 0, 37, 0, 0, 6868.36, 4, 0, 0, 0.33, 1549, 977, 6262.11, 17583, 16031
1695278597, 0, 0, 37, 0, 0, 6868.36, 4, 0, 0, 19.17, 1555, 977, 6262.11, 17583, 16031
1695278602, 0, 0, 37, 0, 0, 6868.36, 4, 0, 0, 0.58, 1557, 978, 6262.11, 17583, 16031
1695278607, 0, 0, 37, 0, 0, 6868.36, 4, 0, 0, 0.44, 1558, 979, 6262.11, 17583, 16031
1695278616, 0, 0, 37, 0, 0, 6868.36, 4, 0, 0, 0.22, 1559, 980, 6262.11, 17583, 16031
1695278621, 0, 0, 37, 0, 0, 6868.36, 4, 0, 0, 0.61, 1562, 980, 6262.11, 17583, 16031
1695278626, 0, 0, 37, 0, 0, 6868.36, 4, 0, 0, 0.84, 1566, 980, 6262.11, 17583, 16031
1695278631, 0, 0, 37, 0, 0, 6868.36, 4, 0, 0, 0.98, 1571, 980, 6262.11, 17583, 16031
1695278631, 0, 0, 37, 0, 0, 6868.36, 4, 0, 0, 19.80, 1573, 984, 6262.11, 17583, 16031
1695278632, 0, 0, 37, 0, 0, 6868.36, 4, 0, 0, 26.40, 1577, 988, 6262.11, 17583, 16031
1695278639, 0, 0, 37, 0, 0, 6868.36, 4, 0, 0, 0.13, 1578, 988, 6262.11, 17583, 16031
1695278662, 0, 0, 37, 0, 0, 6868.36, 4, 0, 0, 0.27, 1583, 989, 6262.11, 17583, 16031
1695278666, 0, 0, 37, 0, 0, 6868.36, 4, 0, 0, 0.51, 1584, 990, 6262.11, 17583, 16031
1695278670, 0, 0, 37, 0, 0, 6868.36, 4, 0, 0, 0.22, 1585, 990, 6262.11, 17583, 16031
1695278671, 0, 0, 37, 0, 0, 6868.36, 4, 0, 0, 26.49, 1590, 993, 6262.11, 17583, 16031
1695278671, 0, 0, 37, 0, 0, 6868.36, 4, 0, 0, 22.58, 1596, 994, 6262.11, 17583, 16031
1695278676, 0, 0, 37, 0, 0, 6868.36, 4, 0, 0, 0.40, 1598, 994, 6262.11, 17583, 16031
1695278681, 0, 0, 37, 0, 0, 6868.36, 4, 0, 0, 0.70, 1601, 995, 6262.11, 17583, 16031
1695278686, 0, 0, 37, 0, 0, 6868.36, 4, 0, 0, 0.21, 1602, 995, 6262.11, 17583, 16031
1695278687, 0, 0, 37, 0, 0, 6868.36, 4, 0, 0, 10.26, 1607, 996, 6262.11, 17583, 16031
1695278687, 0, 0, 37, 0, 0, 6868.36, 4, 0, 0, 22.29, 1611, 999, 6262.11, 17583, 16031
1695278693, 0, 0, 37, 0, 0, 6868.36, 4, 0, 0, 0.49, 1614, 999, 6262.11, 17583, 16031
1695278700, 0, 0, 37, 0, 0, 6868.36, 4, 0, 0, 0.87, 1617, 1002, 6262.11, 17583, 16031
1695278701, 0, 0, 37, 0, 0, 6868.36, 4, 0, 0, 9.04, 1619, 1005, 6262.11, 17583, 16031
1695278708, 0, 0, 37, 0, 0, 6868.36, 4, 0, 0, 0.42, 1620, 1007, 6262.11, 17583, 16031
1695278708, 0, 0, 37, 0, 0, 6868.36, 4, 0, 0, 6.42, 1624, 1007, 6262.11, 17583, 16031
1695278715, 0, 0, 37, 0, 0, 6868.36, 4, 0, 0, 0.92, 1628, 1009, 6262.11, 17583, 16031
1695278721, 0, 0, 37, 0, 0, 6868.36, 4, 0, 0, 0.54, 1630, 1010, 6262.11, 17583, 16031
1695278727, 0, 0, 37, 0, 0, 6868.36, 4, 0, 0, 0.33, 1632, 1010, 6262.11, 17583, 16031
1695278727, 0, 0, 37, 0, 0, 6868.36, 4, 0, 0, 8.00, 1634, 1011, 6262.11, 17583, 16031
1695278763, 0, 0, 37, 0, 0, 6868.36, 4, 0, 0, 0.14, 1637, 1013, 6262.11, 17583, 16031
1695278779, 0, 0, 37, 0, 0, 6868.36, 4, 0, 0, 0.19, 1640, 1013, 6262.11, 17583, 16031
1695278784, 0, 0, 37, 0, 0, 6868.36, 4, 0, 0, 0.64, 1642, 1014, 6262.11, 17583, 16031
1695278788, 0, 0, 37, 0, 0, 6868.36, 4, 0, 0, 0.42, 1644, 1014, 6262.11, 17583, 16031
1695278794, 0, 0, 37, 0, 0, 6868.36, 4, 0, 0, 0.38, 1645, 1015, 6262.11, 17583, 16031
1695278818, 0, 0, 37, 0, 0, 6868.36, 4, 0, 0, 0.21, 1648, 1017, 6262.11, 17583, 16031
1695278818, 0, 0, 37, 0, 0, 6868.36, 4, 0, 0, 14.84, 1652, 1018, 6262.11, 17583, 16031
1695278823, 0, 0, 37, 0, 0, 6868.36, 4, 0, 0, 1.05, 1655, 1020, 6262.11, 17583, 16031
1695278823, 0, 0, 37, 0, 0, 6868.36, 4, 0, 0, 14.74, 1656, 1025, 6262.11, 17583, 16031
1695278823, 0, 0, 37, 0, 0, 6868.36, 4, 0, 0, 19.74, 1659, 1028, 6262.11, 17583, 16031
1695278824, 0, 0, 37, 0, 0, 6868.36, 4, 0, 0, 12.38, 1663, 1029, 6262.11, 17583, 16031
1695278828, 0, 0, 37, 0, 0, 6868.36, 4, 0, 0, 0.27, 1663, 1030, 6262.11, 17583, 16031
1695278828, 0, 0, 37, 0, 0, 6868.36, 4, 0, 0, 9.32, 1665, 1031, 6262.11, 17583, 16031
1695278866, 0, 0, 37, 0, 0, 6868.36, 4, 0, 0, 0.03, 1666, 1031, 6262.11, 17583, 16031
1695278876, 0, 0, 37, 0, 0, 6868.36, 4, 0, 0, 0.43, 1668, 1033, 6262.11, 17583, 16031
1695278876, 0, 0, 37, 0, 0, 6868.36, 4, 0, 0, 17.41, 1672, 1036, 6262.11, 17583, 16031
1695278882, 0, 0, 37, 0, 0, 6868.36, 4, 0, 0, 1.10, 1676, 1039, 6262.11, 17583, 16031
1695278893, 0, 0, 37, 0, 0, 6868.36, 4, 0, 0, 0.47, 1679, 1041, 6262.11, 17583, 16031
1695278915, 0, 0, 37, 0, 0, 6868.36, 4, 0, 0, 0.14, 1680, 1043, 6262.11, 17583, 16031
1695278915, 0, 0, 37, 0, 0, 6868.36, 4, 0, 0, 12.58, 1684, 1043, 6262.11, 17583, 16031
1695278920, 0, 0, 37, 0, 0, 6868.36, 4, 0, 0, 0.23, 1685, 1043, 6262.11, 17583, 16031
1695278924, 0, 0, 37, 0, 0, 6868.36, 4, 0, 0, 0.44, 1686, 1044, 6262.11, 17583, 16031
1695278924, 0, 0, 37, 0, 0, 6868.36, 4, 0, 0, 15.82, 1690, 1045, 6262.11, 17583, 16031
1695278925, 0, 0, 37, 0, 0, 6868.36, 4, 0, 0, 23.03, 1695, 1047, 6262.11, 17583, 16031
1695278925, 0, 0, 37, 0, 0, 6868.36, 4, 0, 0, 11.36, 1697, 1049, 6262.11, 17583, 16031
1695278930, 0, 0, 37, 0, 0, 6868.36, 4, 0, 0, 1.17, 1701, 1051, 6262.11, 17583, 16031
1695278937, 0, 0, 37, 0, 0, 6868.36, 4, 0, 0, 0.32, 1703, 1051, 6262.11, 17583, 16031
1695278942, 0, 0, 37, 0, 0, 6868.36, 4, 0, 0, 0.19, 1704, 1051, 6262.11, 17583, 16031
1695278948, 0, 0, 37, 0, 0, 6868.36, 4, 0, 0, 0.64, 1705, 1054, 6262.11, 17583, 16031
1695278955, 0, 0, 37, 0, 0, 6868.36, 4, 0, 0, 0.29, 1707, 1054, 6262.11, 17583, 16031
1695278961, 0, 0, 37, 0, 0, 6868.36, 4, 0, 0, 0.34, 1708, 1055, 6262.11, 17583, 16031
1695278966, 0, 0, 37, 0, 0, 6868.36, 4, 0, 0, 0.18, 1709, 1055, 6262.11, 17583, 16031
1695278971, 0, 0, 37, 0, 0, 6868.36, 4, 0, 0, 1.16, 1712, 1058, 6262.11, 17583, 16031
1695278972, 0, 0, 37, 0, 0, 6868.36, 4, 0, 0, 13.81, 1714, 1061, 6262.11, 17583, 16031
1695278981, 0, 0, 37, 0, 0, 6868.36, 4, 0, 0, 0.45, 1716, 1063, 6262.11, 17583, 16031
1695278981, 0, 0, 37, 0, 0, 6868.36, 4, 0, 0, 18.75, 1721, 1064, 6262.11, 17583, 16031
1695278986, 0, 0, 37, 0, 0, 6868.36, 4, 0, 0, 0.75, 1722, 1067, 6262.11, 17583, 16031
1695278987, 0, 0, 37, 0, 0, 6868.36, 4, 0, 0, 14.71, 1724, 1070, 6262.11, 17583, 16031
1695278992, 0, 0, 37, 0, 0, 6868.36, 4, 0, 0, 0.53, 1726, 1071, 6262.11, 17583, 16031
1695279001, 0, 0, 37, 0, 0, 6868.36, 4, 0, 0, 0.12, 1727, 1071, 6262.11, 17583, 16031
1695279016, 0, 0, 37, 0, 0, 6868.36, 4, 0, 0, 0.20, 1728, 1073, 6262.11, 17583, 16031
1695279016, 0, 0, 37, 0, 0, 6868.36, 4, 0, 0, 10.66, 1731, 1076, 6262.11, 17583, 16031
1695279024, 0, 0, 37, 0, 0, 6868.36, 4, 0, 0, 0.13, 1732, 1076, 6262.11, 17583, 16031
1695279031, 0, 0, 37, 0, 0, 6868.36, 4, 0, 0, 0.69, 1733, 1080, 6262.11, 17583, 16031
1695279037, 0, 0, 37, 0, 0, 6868.36, 4, 0, 0, 1.08, 1735, 1084, 6262.11, 17583, 16031
1695279043, 0, 0, 37, 0, 0, 6868.36, 4, 0, 0, 0.17, 1736, 1084, 6262.11, 17583, 16031
1695279047, 0, 0, 37, 0, 0, 6868.36, 4, 0, 0, 0.22, 1737, 1084, 6262.11, 17583, 16031
1695279047, 0, 0, 37, 0, 0, 6868.36, 4, 0, 0, 12.74, 1739, 1086, 6262.11, 17583, 16031
1695279048, 0, 0, 37, 0, 0, 6868.36, 4, 0, 0, 9.52, 1741, 1087, 6262.11, 17583, 16031
1695279048, 0, 0, 37, 0, 0, 6868.36, 4, 0, 0, 12.95, 1744, 1089, 6262.11, 17583, 16031
1695279049, 0, 0, 37, 0, 0, 6868.36, 4, 0, 0, 2.85, 1745, 1089, 6262.11, 17583, 16031
1695279049, 0, 0, 37, 0, 0, 6868.36, 4, 0, 0, 12.35, 1746, 1092, 6262.11, 17583, 16031
1695279049, 0, 0, 37, 0, 0, 6868.36, 4, 0, 0, 9.43, 1747, 1094, 6262.11, 17583, 16031
1695279054, 0, 0, 37, 0, 0, 6868.36, 4, 0, 0, 0.21, 1748, 1094, 6262.11, 17583, 16031
1695279059, 0, 0, 37, 0, 0, 6868.36, 4, 0, 0, 0.22, 1749, 1094, 6262.11, 17583, 16031
1695279067, 0, 0, 37, 0, 0, 6868.36, 4, 0, 0, 0.13, 1750, 1094, 6262.11, 17583, 16031
1695279071, 0, 0, 37, 0, 0, 6868.36, 4, 0, 0, 1.07, 1754, 1095, 6262.11, 17583, 16031
1695279072, 0, 0, 37, 0, 0, 6868.36, 4, 0, 0, 17.34, 1756, 1099, 6262.11, 17583, 16031
1695279072, 0, 0, 37, 0, 0, 6868.36, 4, 0, 0, 19.67, 1758, 1103, 6262.11, 17583, 16031
1695279075, 0, 0, 37, 0, 0, 6868.36, 4, 0, 0, 0.55, 1759, 1104, 6262.11, 17583, 16031
1695279076, 0, 0, 37, 0, 0, 6868.36, 4, 0, 0, 7.79, 1759, 1107, 6262.11, 17583, 16031
1695279082, 0, 0, 37, 0, 0, 6868.36, 4, 0, 0, 0.88, 1762, 1109, 6262.11, 17583, 16031
1695279082, 0, 0, 37, 0, 0, 6868.36, 4, 0, 0, 8.50, 1764, 1112, 6262.11, 17583, 16031
1695279082, 0, 0, 37, 0, 0, 6868.36, 4, 0, 0, 16.50, 1766, 1115, 6262.11, 17583, 16031
1695279083, 0, 0, 37, 0, 0, 6868.36, 4, 0, 0, 14.88, 1768, 1118, 6262.11, 17583, 16031
1695279083, 0, 0, 37, 0, 0, 6868.36, 4, 0, 0, 16.90, 1769, 1123, 6262.11, 17583, 16031
1695279083, 0, 0, 37, 0, 0, 6868.36, 4, 0, 0, 18.24, 1773, 1125, 6262.11, 17583, 16031
1695279084, 0, 0, 37, 0, 0, 6868.36, 4, 0, 0, 9.71, 1775, 1126, 6262.11, 17583, 16031
1695279084, 0, 0, 37, 0, 0, 6868.36, 4, 0, 0, 14.33, 1777, 1129, 6262.11, 17583, 16031
1695279085, 0, 0, 37, 0, 0, 6868.36, 4, 0, 0, 12.82, 1779, 1132, 6262.11, 17583, 16031
1695279085, 0, 0, 37, 0, 0, 6868.36, 4, 0, 0, 11.73, 1781, 1134, 6262.11, 17583, 16031
1695279090, 0, 0, 37, 0, 0, 6868.36, 4, 0, 0, 0.61, 1784, 1134, 6262.11, 17583, 16031
1695279090, 0, 0, 37, 0, 0, 6868.36, 4, 0, 0, 16.53, 1788, 1136, 6262.11, 17583, 16031
1695279096, 0, 0, 37, 0, 0, 6868.36, 4, 0, 0, 0.18, 1789, 1136, 6262.11, 17583, 16031
1695279100, 0, 0, 37, 0, 0, 6868.36, 4, 0, 0, 0.25, 1790, 1136, 6262.11, 17583, 16031
1695279112, 0, 0, 37, 0, 0, 6868.36, 4, 0, 0, 0.08, 1791, 1136, 6262.11, 17583, 16031
1695279112, 0, 0, 37, 0, 0, 6868.36, 4, 0, 0, 18.29, 1795, 1138, 6262.11, 17583, 16031
1695279113, 0, 0, 37, 0, 0, 6868.36, 4, 0, 0, 14.66, 1798, 1140, 6262.11, 17583, 16031
1695279117, 0, 0, 37, 0, 0, 6868.36, 4, 0, 0, 1.20, 1802, 1141, 6262.11, 17583, 16031
1695279117, 0, 0, 37, 0, 0, 6868.36, 4, 0, 0, 9.23, 1805, 1141, 6262.11, 17583, 16031
1695279123, 0, 0, 37, 0, 0, 6868.36, 4, 0, 0, 0.50, 1807, 1142, 6262.11, 17583, 16031
1695279123, 0, 0, 37, 0, 0, 6868.36, 4, 0, 0, 12.42, 1811, 1142, 6262.11, 17583, 16031
1695279131, 0, 0, 37, 0, 0, 6868.36, 4, 0, 0, 0.40, 1812, 1144, 6262.11, 17583, 16031
1695279136, 0, 0, 37, 0, 0, 6868.36, 4, 0, 0, 0.19, 1813, 1144, 6262.11, 17583, 16031
1695279137, 0, 0, 37, 0, 0, 6868.36, 4, 0, 0, 11.36, 1816, 1145, 6262.11, 17583, 16031
1695279137, 0, 0, 37, 0, 0, 6868.36, 4, 0, 0, 7.16, 1817, 1147, 6262.11, 17583, 16031
1695279147, 0, 0, 37, 0, 0, 6868.36, 4, 0, 0, 0.21, 1818, 1148, 6262.11, 17583, 16031
1695279171, 0, 0, 37, 0, 0, 6868.36, 4, 0, 0, 0.04, 1819, 1148, 6262.11, 17583, 16031
1695279177, 0, 0, 37, 0, 0, 6868.36, 4, 0, 0, 0.17, 1820, 1148, 6262.11, 17583, 16031
1695279177, 0, 0, 37, 0, 0, 6868.36, 4, 0, 0, 8.20, 1822, 1149, 6262.11, 17583, 16031
1695279182, 0, 0, 37, 0, 0, 6868.36, 4, 0, 0, 0.47, 1824, 1149, 6262.11, 17583, 16031
1695279185, 0, 0, 37, 0, 0, 6868.36, 4, 0, 0, 0.58, 1825, 1150, 6262.11, 17583, 16031
1695279189, 0, 0, 37, 0, 0, 6868.36, 4, 0, 0, 0.73, 1827, 1151, 6262.11, 17583, 16031
1695279196, 0, 0, 37, 0, 0, 6868.36, 4, 0, 0, 0.15, 1828, 1151, 6262.11, 17583, 16031
1695279196, 0, 0, 37, 0, 0, 6868.36, 4, 0, 0, 11.30, 1832, 1151, 6262.11, 17583, 16031
1695279202, 0, 0, 37, 0, 0, 6868.36, 4, 0, 0, 0.37, 1833, 1152, 6262.11, 17583, 16031
1695279202, 0, 0, 37, 0, 0, 6868.36, 4, 0, 0, 11.11, 1834, 1155, 6262.11, 17583, 16031
1695279202, 0, 0, 37, 0, 0, 6868.36, 4, 0, 0, 9.71, 1836, 1156, 6262.11, 17583, 16031
1695279207, 0, 0, 37, 0, 0, 6868.36, 4, 0, 0, 0.23, 1837, 1156, 6262.11, 17583, 16031
1695279207, 0, 0, 37, 0, 0, 6868.36, 4, 0, 0, 9.90, 1839, 1157, 6262.11, 17583, 16031
1695279207, 0, 0, 37, 0, 0, 6868.36, 4, 0, 0, 18.93, 1840, 1162, 6262.11, 17583, 16031
1695279208, 0, 0, 37, 0, 0, 6868.36, 4, 0, 0, 20.90, 1844, 1165, 6262.11, 17583, 16031
1695279212, 0, 0, 37, 0, 0, 6868.36, 4, 0, 0, 0.21, 1845, 1165, 6262.11, 17583, 16031
1695279213, 0, 0, 37, 0, 0, 6868.36, 4, 0, 0, 6.54, 1846, 1166, 6262.11, 17583, 16031
1695279213, 0, 0, 37, 0, 0, 6868.36, 4, 0, 0, 9.43, 1847, 1168, 6262.11, 17583, 16031
1695279213, 0, 0, 37, 0, 0, 6868.36, 4, 0, 0, 20.23, 1850, 1172, 6262.11, 17583, 16031
1695279214, 0, 0, 37, 0, 0, 6868.36, 4, 0, 0, 15.77, 1854, 1173, 6262.11, 17583, 16031
1695279214, 0, 0, 37, 0, 0, 6868.36, 4, 0, 0, 9.38, 1855, 1175, 6262.11, 17583, 16031
1695279214, 0, 0, 37, 0, 0, 6868.36, 4, 0, 0, 3.25, 1856, 1175, 6262.11, 17583, 16031
1695279214, 0, 0, 37, 0, 0, 6868.36, 4, 0, 0, 9.38, 1857, 1177, 6262.11, 17583, 16031
1695279215, 0, 0, 37, 0, 0, 6868.36, 4, 0, 0, 11.52, 1859, 1180, 6262.11, 17583, 16031
1695279215, 0, 0, 37, 0, 0, 6868.36, 4, 0, 0, 12.12, 1861, 1182, 6262.11, 17583, 16031
1695279216, 0, 0, 37, 0, 0, 6868.36, 4, 0, 0, 18.07, 1865, 1184, 6262.11, 17583, 16031
1695279216, 0, 0, 37, 0, 0, 6868.36, 4, 0, 0, 5.83, 1867, 1184, 6262.11, 17583, 16031
1695279216, 0, 0, 37, 0, 0, 6868.36, 4, 0, 0, 12.11, 1871, 1185, 6262.11, 17583, 16031
1695279217, 0, 0, 37, 0, 0, 6868.36, 4, 0, 0, 16.18, 1874, 1187, 6262.11, 17583, 16031
1695279221, 0, 0, 37, 0, 0, 6868.36, 4, 0, 0, 0.21, 1875, 1187, 6262.11, 17583, 16031
1695279226, 0, 0, 37, 0, 0, 6868.36, 4, 0, 0, 1.04, 1878, 1189, 6262.11, 17583, 16031
1695279231, 0, 0, 37, 0, 0, 6868.36, 4, 0, 0, 0.44, 1880, 1189, 6262.11, 17583, 16031
1695279231, 0, 0, 37, 0, 0, 6868.36, 4, 0, 0, 16.50, 1883, 1191, 6262.11, 17583, 16031
1695279235, 0, 0, 37, 0, 0, 6868.36, 4, 0, 0, 0.45, 1885, 1191, 6262.11, 17583, 16031
1695279236, 0, 0, 37, 0, 0, 6868.36, 4, 0, 0, 21.28, 1889, 1194, 6262.11, 17583, 16031
1695279236, 0, 0, 37, 0, 0, 6868.36, 4, 0, 0, 12.86, 1890, 1197, 6262.11, 17583, 16031
1695279244, 0, 0, 37, 0, 0, 6868.36, 4, 0, 0, 0.61, 1893, 1199, 6262.11, 17583, 16031
1695279244, 0, 0, 37, 0, 0, 6868.36, 4, 0, 0, 6.58, 1894, 1200, 6262.11, 17583, 16031
1695279245, 0, 0, 37, 0, 0, 6868.36, 4, 0, 0, 7.98, 1896, 1201, 6262.11, 17583, 16031
1695279245, 0, 0, 37, 0, 0, 6868.36, 4, 0, 0, 12.20, 1899, 1203, 6262.11, 17583, 16031
1695279246, 0, 0, 37, 0, 0, 6868.36, 4, 0, 0, 10.70, 1903, 1203, 6262.11, 17583, 16031
1695279246, 0, 0, 37, 0, 0, 6868.36, 4, 0, 0, 11.59, 1906, 1204, 6262.11, 17583, 16031
1695279246, 0, 0, 37, 0, 0, 6868.36, 4, 0, 0, 6.49, 1908, 1204, 6262.11, 17583, 16031
1695279247, 0, 0, 37, 0, 0, 6868.36, 4, 0, 0, 10.03, 1909, 1207, 6262.11, 17583, 16031
1695279251, 0, 0, 37, 0, 0, 6868.36, 4, 0, 0, 0.48, 1911, 1207, 6262.11, 17583, 16031
1695279251, 0, 0, 37, 0, 0, 6868.36, 4, 0, 0, 14.08, 1913, 1210, 6262.11, 17583, 16031
1695279252, 0, 0, 37, 0, 0, 6868.36, 4, 0, 0, 12.66, 1916, 1211, 6262.11, 17583, 16031
1695279252, 0, 0, 37, 0, 0, 6868.36, 4, 0, 0, 19.17, 1919, 1214, 6262.11, 17583, 16031
1695279256, 0, 0, 37, 0, 0, 6868.36, 4, 0, 0, 0.89, 1921, 1216, 6262.11, 17583, 16031
1695279257, 0, 0, 37, 0, 0, 6868.36, 4, 0, 0, 8.47, 1924, 1216, 6262.11, 17583, 16031
1695279257, 0, 0, 37, 0, 0, 6868.36, 4, 0, 0, 11.33, 1927, 1217, 6262.11, 17583, 16031
1695279257, 0, 0, 37, 0, 0, 6868.36, 4, 0, 0, 12.01, 1929, 1219, 6262.11, 17583, 16031
1695279258, 0, 0, 37, 0, 0, 6868.36, 4, 0, 0, 12.76, 1932, 1221, 6262.11, 17583, 16031
1695279279, 0, 0, 37, 0, 0, 6868.36, 4, 0, 0, 0.14, 1934, 1222, 6262.11, 17583, 16031
1695279306, 0, 0, 37, 0, 0, 6868.36, 4, 0, 0, 0.15, 1938, 1222, 6262.11, 17583, 16031
1695279306, 0, 0, 37, 0, 0, 6868.36, 4, 0, 0, 18.46, 1939, 1227, 6262.11, 17583, 16031
1695279306, 0, 0, 37, 0, 0, 6868.36, 4, 0, 0, 13.03, 1941, 1229, 6262.11, 17583, 16031
1695279307, 0, 0, 37, 0, 0, 6868.36, 4, 0, 0, 11.53, 1943, 1231, 6262.11, 17583, 16031
1695279307, 0, 0, 37, 0, 0, 6868.36, 4, 0, 0, 18.63, 1945, 1235, 6262.11, 17583, 16031
1695279310, 0, 0, 37, 0, 0, 6868.36, 4, 0, 0, 0.65, 1945, 1237, 6262.11, 17583, 16031
1695279311, 0, 0, 37, 0, 0, 6868.36, 4, 0, 0, 8.30, 1947, 1239, 6262.11, 17583, 16031
1695279315, 0, 0, 37, 0, 0, 6868.36, 4, 0, 0, 0.64, 1949, 1240, 6262.11, 17583, 16031
1695279316, 0, 0, 37, 0, 0, 6868.36, 4, 0, 0, 13.11, 1950, 1243, 6262.11, 17583, 16031
1695279322, 0, 0, 37, 0, 0, 6868.36, 4, 0, 0, 0.16, 1951, 1243, 6262.11, 17583, 16031
1695279322, 0, 0, 37, 0, 0, 6868.36, 4, 0, 0, 13.44, 1954, 1245, 6262.11, 17583, 16031
1695279323, 0, 0, 37, 0, 0, 6868.36, 4, 0, 0, 13.05, 1957, 1247, 6262.11, 17583, 16031
1695279323, 0, 0, 37, 0, 0, 6868.36, 4, 0, 0, 16.61, 1961, 1248, 6262.11, 17583, 16031
1695279328, 0, 0, 37, 0, 0, 6868.36, 4, 0, 0, 0.41, 1962, 1249, 6262.11, 17583, 16031
1695279328, 0, 0, 37, 0, 0, 6868.36, 4, 0, 0, 9.01, 1964, 1250, 6262.11, 17583, 16031
1695279329, 0, 0, 37, 0, 0, 6868.36, 4, 0, 0, 7.23, 1966, 1251, 6262.11, 17583, 16031
1695279329, 0, 0, 37, 0, 0, 6868.36, 4, 0, 0, 8.52, 1968, 1252, 6262.11, 17583, 16031
1695279336, 0, 0, 37, 0, 0, 6868.36, 4, 0, 0, 0.41, 1971, 1252, 6262.11, 17583, 16031
1695279337, 0, 0, 37, 0, 0, 6868.36, 4, 0, 0, 12.71, 1974, 1255, 6262.11, 17583, 16031
1695279337, 0, 0, 37, 0, 0, 6868.36, 4, 0, 0, 16.50, 1976, 1258, 6262.11, 17583, 16031
1695279337, 0, 0, 37, 0, 0, 6868.36, 4, 0, 0, 16.62, 1981, 1259, 6262.11, 17583, 16031
1695279338, 0, 0, 37, 0, 0, 6868.36, 4, 0, 0, 10.96, 1985, 1259, 6262.11, 17583, 16031
1695279338, 0, 0, 37, 0, 0, 6868.36, 4, 0, 0, 10.92, 1988, 1261, 6262.11, 17583, 16031
1695279344, 0, 0, 37, 0, 0, 6868.36, 4, 0, 0, 0.34, 1990, 1261, 6262.11, 17583, 16031
1695279344, 0, 0, 37, 0, 0, 6868.36, 4, 0, 0, 9.09, 1990, 1264, 6262.11, 17583, 16031
1695279350, 0, 0, 37, 0, 0, 6868.36, 4, 0, 0, 0.17, 1991, 1264, 6262.11, 17583, 16031
1695279351, 0, 0, 37, 0, 0, 6868.36, 4, 0, 0, 8.88, 1994, 1264, 6262.11, 17583, 16031
1695279356, 0, 0, 37, 0, 0, 6868.36, 4, 0, 0, 0.95, 1998, 1265, 6262.11, 17583, 16031
1695279356, 0, 0, 37, 0, 0, 6868.36, 4, 0, 0, 15.54, 2002, 1267, 6262.11, 17583, 16031
1695279357, 0, 0, 37, 0, 0, 6868.36, 4, 0, 0, 14.66, 2004, 1270, 6262.11, 17583, 16031
1695279357, 0, 0, 37, 0, 0, 6868.36, 4, 0, 0, 14.78, 2008, 1272, 6262.11, 17583, 16031
1695279363, 0, 0, 37, 0, 0, 6868.36, 4, 0, 0, 0.18, 2009, 1272, 6262.11, 17583, 16031
1695279367, 0, 0, 37, 0, 0, 6868.36, 4, 0, 0, 0.90, 2011, 1274, 6262.11, 17583, 16031
1695279367, 0, 0, 37, 0, 0, 6868.36, 4, 0, 0, 13.85, 2013, 1277, 6262.11, 17583, 16031
1695279368, 0, 0, 37, 0, 0, 6868.36, 4, 0, 0, 12.38, 2015, 1279, 6262.11, 17583, 16031
1695279368, 0, 0, 37, 0, 0, 6868.36, 4, 0, 0, 2.92, 2017, 1279, 6262.11, 17583, 16031
1695279369, 0, 0, 37, 0, 0, 6868.36, 4, 0, 0, 10.67, 2020, 1280, 6262.11, 17583, 16031
1695279369, 0, 0, 37, 0, 0, 6868.36, 4, 0, 0, 6.25, 2022, 1280, 6262.11, 17583, 16031
1695279373, 0, 0, 37, 0, 0, 6868.36, 4, 0, 0, 0.47, 2023, 1281, 6262.11, 17583, 16031
1695279386, 0, 0, 37, 0, 0, 6868.36, 4, 0, 0, 0.16, 2025, 1281, 6262.11, 17583, 16031
1695279391, 0, 0, 37, 0, 0, 6868.36, 4, 0, 0, 0.20, 2026, 1281, 6262.11, 17583, 16031
1695279391, 0, 0, 37, 0, 0, 6868.36, 4, 0, 0, 9.29, 2027, 1283, 6262.11, 17583, 16031
1695279391, 0, 0, 37, 0, 0, 6868.36, 4, 0, 0, 16.67, 2030, 1285, 6262.11, 17583, 16031
1695279396, 0, 0, 37, 0, 0, 6868.36, 4, 0, 0, 0.65, 2033, 1285, 6262.11, 17583, 16031
1695279396, 0, 0, 37, 0, 0, 6868.36, 4, 0, 0, 8.75, 2035, 1286, 6262.11, 17583, 16031
1695279397, 0, 0, 37, 0, 0, 6868.36, 4, 0, 0, 13.03, 2038, 1287, 6262.11, 17583, 16031
1695279397, 0, 0, 37, 0, 0, 6868.36, 4, 0, 0, 12.08, 2042, 1287, 6262.11, 17583, 16031
1695279398, 0, 0, 37, 0, 0, 6868.36, 4, 0, 0, 12.66, 2046, 1289, 6262.11, 17583, 16031
1695279398, 0, 0, 37, 0, 0, 6868.36, 4, 0, 0, 12.22, 2049, 1291, 6262.11, 17583, 16031
1695279398, 0, 0, 37, 0, 0, 6868.36, 4, 0, 0, 9.43, 2052, 1292, 6262.11, 17583, 16031
1695279403, 0, 0, 37, 0, 0, 6868.36, 4, 0, 0, 0.20, 2053, 1292, 6262.11, 17583, 16031
1695279419, 0, 0, 37, 0, 0, 6868.36, 4, 0, 0, 0.06, 2054, 1292, 6262.11, 17583, 16031
1695279424, 0, 0, 37, 0, 0, 6868.36, 4, 0, 0, 0.38, 2056, 1292, 6262.11, 17583, 16031
1695279425, 0, 0, 37, 0, 0, 6868.36, 4, 0, 0, 10.99, 2058, 1294, 6262.11, 17583, 16031
1695279436, 0, 0, 37, 0, 0, 6868.36, 4, 0, 0, 0.26, 2059, 1296, 6262.11, 17583, 16031
1695279436, 0, 0, 37, 0, 0, 6868.36, 4, 0, 0, 11.46, 2061, 1298, 6262.11, 17583, 16031
1695279444, 0, 0, 37, 0, 0, 6868.36, 4, 0, 0, 0.63, 2066, 1298, 6262.11, 17583, 16031
1695279445, 0, 0, 37, 0, 0, 6868.36, 4, 0, 0, 6.98, 2069, 1298, 6262.11, 17583, 16031
1695279450, 0, 0, 37, 0, 0, 6868.36, 4, 0, 0, 0.21, 2070, 1298, 6262.11, 17583, 16031
1695279450, 0, 0, 37, 0, 0, 6868.36, 4, 0, 0, 8.31, 2072, 1299, 6262.11, 17583, 16031
1695279450, 0, 0, 37, 0, 0, 6868.36, 4, 0, 0, 8.13, 2075, 1299, 6262.11, 17583, 16031
1695279451, 0, 0, 37, 0, 0, 6868.36, 4, 0, 0, 11.08, 2076, 1302, 6262.11, 17583, 16031
1695279451, 0, 0, 37, 0, 0, 6868.36, 4, 0, 0, 9.68, 2077, 1304, 6262.11, 17583, 16031
1695279458, 0, 0, 37, 0, 0, 6868.36, 4, 0, 0, 0.41, 2080, 1304, 6262.11, 17583, 16031
1695279462, 0, 0, 37, 0, 0, 6868.36, 4, 0, 0, 0.96, 2082, 1306, 6262.11, 17583, 16031
1695279467, 0, 0, 37, 0, 0, 6868.36, 4, 0, 0, 0.62, 2085, 1306, 6262.11, 17583, 16031
1695279468, 0, 0, 37, 0, 0, 6868.36, 4, 0, 0, 9.22, 2089, 1306, 6262.11, 17583, 16031
1695279468, 0, 0, 37, 0, 0, 6868.36, 4, 0, 0, 8.91, 2091, 1308, 6262.11, 17583, 16031
1695279474, 0, 0, 37, 0, 0, 6868.36, 4, 0, 0, 0.34, 2093, 1308, 6262.11, 17583, 16031
1695279481, 0, 0, 37, 0, 0, 6868.36, 4, 0, 0, 0.42, 2096, 1308, 6262.11, 17583, 16031
1695279487, 0, 0, 37, 0, 0, 6868.36, 4, 0, 0, 0.16, 2097, 1308, 6262.11, 17583, 16031
1695279492, 0, 0, 37, 0, 0, 6868.36, 4, 0, 0, 0.65, 2100, 1308, 6262.11, 17583, 16031
1695279492, 0, 0, 37, 0, 0, 6868.36, 4, 0, 0, 7.06, 2101, 1310, 6262.11, 17583, 16031
1695279531, 0, 0, 37, 0, 0, 6868.36, 4, 0, 0, 0.05, 2103, 1310, 6262.11, 17583, 16031
1695279536, 0, 0, 37, 0, 0, 6868.36, 4, 0, 0, 0.20, 2104, 1310, 6262.11, 17583, 16031
1695279537, 0, 0, 37, 0, 0, 6868.36, 4, 0, 0, 11.60, 2109, 1310, 6262.11, 17583, 16031
1695279537, 0, 0, 37, 0, 0, 6868.36, 4, 0, 0, 15.02, 2112, 1312, 6262.11, 17583, 16031
1695279541, 0, 0, 37, 0, 0, 6868.36, 4, 0, 0, 0.98, 2114, 1314, 6262.11, 17583, 16031
1695279541, 0, 0, 37, 0, 0, 6868.36, 4, 0, 0, 11.90, 2115, 1317, 6262.11, 17583, 16031
1695279547, 0, 0, 37, 0, 0, 6868.36, 4, 0, 0, 0.38, 2117, 1317, 6262.11, 17583, 16031
1695279547, 0, 0, 37, 0, 0, 6868.36, 4, 0, 0, 8.26, 2118, 1320, 6262.11, 17583, 16031
1695279552, 0, 0, 37, 0, 0, 6868.36, 4, 0, 0, 0.42, 2119, 1321, 6262.11, 17583, 16031
1695279567, 0, 0, 37, 0, 0, 6868.36, 4, 0, 0, 0.06, 2120, 1321, 6262.11, 17583, 16031
1695279568, 0, 0, 37, 0, 0, 6868.36, 4, 0, 0, 13.03, 2120, 1325, 6262.11, 17583, 16031
1695279568, 0, 0, 37, 0, 0, 6868.36, 4, 0, 0, 8.26, 2121, 1327, 6262.11, 17583, 16031
1695279568, 0, 0, 37, 0, 0, 6868.36, 4, 0, 0, 14.53, 2123, 1330, 6262.11, 17583, 16031
1695279569, 0, 0, 37, 0, 0, 6868.36, 4, 0, 0, 13.25, 2126, 1331, 6262.11, 17583, 16031
1695279569, 0, 0, 37, 0, 0, 6868.36, 4, 0, 0, 12.99, 2127, 1334, 6262.11, 17583, 16031
1695279584, 0, 0, 37, 0, 0, 6868.36, 4, 0, 0, 0.20, 2128, 1336, 6262.11, 17583, 16031
1695279584, 0, 0, 37, 0, 0, 6868.36, 4, 0, 0, 9.71, 2129, 1338, 6262.11, 17583, 16031
1695279585, 0, 0, 37, 0, 0, 6868.36, 4, 0, 0, 8.60, 2132, 1338, 6262.11, 17583, 16031
1695279590, 0, 0, 37, 0, 0, 6868.36, 4, 0, 0, 0.37, 2133, 1339, 6262.11, 17583, 16031
1695279590, 0, 0, 37, 0, 0, 6868.36, 4, 0, 0, 8.02, 2135, 1340, 6262.11, 17583, 16031
1695279591, 0, 0, 37, 0, 0, 6868.36, 4, 0, 0, 7.77, 2137, 1341, 6262.11, 17583, 16031
1695279591, 0, 0, 37, 0, 0, 6868.36, 4, 0, 0, 14.79, 2142, 1341, 6262.11, 17583, 16031
1695279592, 0, 0, 37, 0, 0, 6868.36, 4, 0, 0, 13.55, 2145, 1343, 6262.11, 17583, 16031
1695279597, 0, 0, 37, 0, 0, 6868.36, 4, 0, 0, 0.72, 2147, 1345, 6262.11, 17583, 16031
1695279606, 0, 0, 37, 0, 0, 6868.36, 4, 0, 0, 0.11, 2148, 1345, 6262.11, 17583, 16031
1695279607, 0, 0, 37, 0, 0, 6868.36, 4, 0, 0, 4.42, 2150, 1345, 6262.11, 17583, 16031
1695279607, 0, 0, 37, 0, 0, 6868.36, 4, 0, 0, 6.51, 2150, 1347, 6262.11, 17583, 16031
1695279607, 0, 0, 37, 0, 0, 6868.36, 4, 0, 0, 6.37, 2152, 1347, 6262.11, 17583, 16031
1695279614, 0, 0, 37, 0, 0, 6868.36, 4, 0, 0, 0.57, 2154, 1349, 6262.11, 17583, 16031
1695279615, 0, 0, 37, 0, 0, 6868.36, 4, 0, 0, 12.78, 2157, 1350, 6262.11, 17583, 16031
1695279615, 0, 0, 37, 0, 0, 6868.36, 4, 0, 0, 12.86, 2158, 1353, 6262.11, 17583, 16031
1695279615, 0, 0, 37, 0, 0, 6868.36, 4, 0, 0, 12.92, 2160, 1356, 6262.11, 17583, 16031
1695279616, 0, 0, 37, 0, 0, 6868.36, 4, 0, 0, 12.99, 2163, 1357, 6262.11, 17583, 16031
1695279621, 0, 0, 37, 0, 0, 6868.36, 4, 0, 0, 0.59, 2164, 1359, 6262.11, 17583, 16031
1695279621, 0, 0, 37, 0, 0, 6868.36, 4, 0, 0, 9.65, 2166, 1360, 6262.11, 17583, 16031
1695279621, 0, 0, 37, 0, 0, 6868.36, 4, 0, 0, 9.52, 2169, 1360, 6262.11, 17583, 16031
1695279622, 0, 0, 37, 0, 0, 6868.36, 4, 0, 0, 5.76, 2170, 1361, 6262.11, 17583, 16031
1695279627, 0, 0, 37, 0, 0, 6868.36, 4, 0, 0, 0.41, 2171, 1362, 6262.11, 17583, 16031
1695279627, 0, 0, 37, 0, 0, 6868.36, 4, 0, 0, 9.26, 2173, 1363, 6262.11, 17583, 16031
1695279636, 0, 0, 37, 0, 0, 6868.36, 4, 0, 0, 0.32, 2175, 1364, 6262.11, 17583, 16031
1695279637, 0, 0, 37, 0, 0, 6868.36, 4, 0, 0, 5.49, 2176, 1365, 6262.11, 17583, 16031
1695279637, 0, 0, 37, 0, 0, 6868.36, 4, 0, 0, 8.75, 2179, 1366, 6262.11, 17583, 16031
1695279637, 0, 0, 37, 0, 0, 6868.36, 4, 0, 0, 9.80, 2183, 1366, 6262.11, 17583, 16031
1695279649, 0, 0, 37, 0, 0, 6868.36, 4, 0, 0, 0.18, 2184, 1367, 6262.11, 17583, 16031
1695279649, 0, 0, 37, 0, 0, 6868.36, 4, 0, 0, 6.29, 2184, 1369, 6262.11, 17583, 16031
1695279654, 0, 0, 37, 0, 0, 6868.36, 4, 0, 0, 0.20, 2185, 1369, 6262.11, 17583, 16031
1695279655, 0, 0, 37, 0, 0, 6868.36, 4, 0, 0, 7.85, 2187, 1370, 6262.11, 17583, 16031
1695279655, 0, 0, 37, 0, 0, 6868.36, 4, 0, 0, 7.75, 2188, 1372, 6262.11, 17583, 16031
1695279661, 0, 0, 37, 0, 0, 6868.36, 4, 0, 0, 0.17, 2189, 1372, 6262.11, 17583, 16031
1695279665, 0, 0, 37, 0, 0, 6868.36, 4, 0, 0, 0.48, 2190, 1373, 6262.11, 17583, 16031
1695279691, 0, 0, 37, 0, 0, 6868.36, 4, 0, 0, 0.08, 2191, 1374, 6262.11, 17583, 16031
1695279691, 0, 0, 37, 0, 0, 6868.36, 4, 0, 0, 7.32, 2192, 1376, 6262.11, 17583, 16031
1695279697, 0, 0, 37, 0, 0, 6868.36, 4, 0, 0, 0.17, 2193, 1376, 6262.11, 17583, 16031
1695279705, 0, 0, 37, 0, 0, 6868.36, 4, 0, 0, 0.55, 2196, 1377, 6262.11, 17583, 16031
1695279712, 0, 0, 37, 0, 0, 6868.36, 4, 0, 0, 0.13, 2197, 1377, 6262.11, 17583, 16031
1695279712, 0, 0, 37, 0, 0, 6868.36, 4, 0, 0, 6.41, 2199, 1377, 6262.11, 17583, 16031
1695279713, 0, 0, 37, 0, 0, 6868.36, 4, 0, 0, 6.52, 2200, 1379, 6262.11, 17583, 16031
1695279723, 0, 0, 37, 0, 0, 6868.36, 4, 0, 0, 0.20, 2201, 1380, 6262.11, 17583, 16031
1695279739, 0, 0, 37, 0, 0, 6868.36, 4, 0, 0, 0.06, 2202, 1380, 6262.11, 17583, 16031
1695279739, 0, 0, 37, 0, 0, 6868.36, 4, 0, 0, 3.24, 2203, 1380, 6262.11, 17583, 16031
1695279739, 0, 0, 37, 0, 0, 6868.36, 4, 0, 0, 8.17, 2205, 1381, 6262.11, 17583, 16031
1695279740, 0, 0, 37, 0, 0, 6868.36, 4, 0, 0, 7.71, 2207, 1382, 6262.11, 17583, 16031
1695279740, 0, 0, 37, 0, 0, 6868.36, 4, 0, 0, 12.05, 2209, 1384, 6262.11, 17583, 16031
1695279740, 0, 0, 37, 0, 0, 6868.36, 4, 0, 0, 12.86, 2211, 1386, 6262.11, 17583, 16031
1695279741, 0, 0, 37, 0, 0, 6868.36, 4, 0, 0, 2.72, 2212, 1386, 6262.11, 17583, 16031
1695279741, 0, 0, 37, 0, 0, 6868.36, 4, 0, 0, 9.39, 2214, 1388, 6262.11, 17583, 16031
1695279741, 0, 0, 37, 0, 0, 6868.36, 4, 0, 0, 9.17, 2217, 1388, 6262.11, 17583, 16031
1695279748, 0, 0, 37, 0, 0, 6868.36, 4, 0, 0, 0.32, 2219, 1388, 6262.11, 17583, 16031
1695279748, 0, 0, 37, 0, 0, 6868.36, 4, 0, 0, 11.36, 2219, 1392, 6262.11, 17583, 16031
1695279748, 0, 0, 37, 0, 0, 6868.36, 4, 0, 0, 4.83, 2219, 1394, 6262.11, 17583, 16031
1695279764, 0, 0, 37, 0, 0, 6868.36, 4, 0, 0, 0.06, 2220, 1394, 6262.11, 17583, 16031
1695279764, 0, 0, 37, 0, 0, 6868.36, 4, 0, 0, 6.64, 2220, 1396, 6262.11, 17583, 16031
1695279765, 0, 0, 37, 0, 0, 6868.36, 4, 0, 0, 6.41, 2222, 1396, 6262.11, 17583, 16031
1695279765, 0, 0, 37, 0, 0, 6868.36, 4, 0, 0, 6.12, 2224, 1396, 6262.11, 17583, 16031
1695279765, 0, 0, 37, 0, 0, 6868.36, 4, 0, 0, 5.78, 2224, 1398, 6262.11, 17583, 16031
1695279766, 0, 0, 37, 0, 0, 6868.36, 4, 0, 0, 4.57, 2225, 1399, 6262.11, 17583, 16031
1695279766, 0, 0, 37, 0, 0, 6868.36, 4, 0, 0, 7.59, 2225, 1402, 6262.11, 17583, 16031
1695279767, 0, 0, 37, 0, 0, 6868.36, 4, 0, 0, 8.00, 2226, 1404, 6262.11, 17583, 16031
1695279767, 0, 0, 37, 0, 0, 6868.36, 4, 0, 0, 5.76, 2228, 1404, 6262.11, 17583, 16031
1695279767, 0, 0, 37, 0, 0, 6868.36, 4, 0, 0, 4.09, 2230, 1404, 6262.11, 17583, 16031
1695279768, 0, 0, 37, 0, 0, 6868.36, 4, 0, 0, 6.19, 2232, 1404, 6262.11, 17583, 16031
1695279774, 0, 0, 37, 0, 0, 6868.36, 4, 0, 0, 0.15, 2233, 1404, 6262.11, 17583, 16031
1695279780, 0, 0, 37, 0, 0, 6868.36, 4, 0, 0, 0.33, 2234, 1405, 6262.11, 17583, 16031
1695279781, 0, 0, 37, 0, 0, 6868.36, 4, 0, 0, 4.56, 2234, 1407, 6262.11, 17583, 16031
1695279781, 0, 0, 37, 0, 0, 6868.36, 4, 0, 0, 6.51, 2236, 1407, 6262.11, 17583, 16031
1695279781, 0, 0, 37, 0, 0, 6868.36, 4, 0, 0, 4.22, 2236, 1409, 6262.11, 17583, 16031
1695279782, 0, 0, 37, 0, 0, 6868.36, 4, 0, 0, 2.93, 2237, 1409, 6262.11, 17583, 16031
1695279782, 0, 0, 37, 0, 0, 6868.36, 4, 0, 0, 6.49, 2238, 1410, 6262.11, 17583, 16031
1695279782, 0, 0, 37, 0, 0, 6868.36, 4, 0, 0, 5.56, 2239, 1411, 6262.11, 17583, 16031
1695279783, 0, 0, 37, 0, 0, 6868.36, 4, 0, 0, 10.96, 2240, 1414, 6262.11, 17583, 16031
1695279790, 0, 0, 37, 0, 0, 6868.36, 4, 0, 0, 0.42, 2242, 1415, 6262.11, 17583, 16031
1695279790, 0, 0, 37, 0, 0, 6868.36, 4, 0, 0, 7.33, 2244, 1416, 6262.11, 17583, 16031
1695279800, 0, 0, 37, 0, 0, 6868.36, 4, 0, 0, 0.30, 2246, 1417, 6262.11, 17583, 16031
1695279801, 0, 0, 37, 0, 0, 6868.36, 4, 0, 0, 10.53, 2246, 1421, 6262.11, 17583, 16031
1695279801, 0, 0, 37, 0, 0, 6868.36, 4, 0, 0, 9.68, 2246, 1424, 6262.11, 17583, 16031
1695279801, 0, 0, 37, 0, 0, 6868.36, 4, 0, 0, 7.43, 2248, 1425, 6262.11, 17583, 16031
1695279807, 0, 0, 37, 0, 0, 6868.36, 4, 0, 0, 0.18, 2249, 1425, 6262.11, 17583, 16031
1695279814, 0, 0, 37, 0, 0, 6868.36, 4, 0, 0, 0.43, 2250, 1427, 6262.11, 17583, 16031
1695279814, 0, 0, 37, 0, 0, 6868.36, 4, 0, 0, 6.56, 2252, 1427, 6262.11, 17583, 16031
1695279815, 0, 0, 37, 0, 0, 6868.36, 4, 0, 0, 4.82, 2254, 1427, 6262.11, 17583, 16031
1695279815, 0, 0, 37, 0, 0, 6868.36, 4, 0, 0, 4.98, 2254, 1429, 6262.11, 17583, 16031
1695279815, 0, 0, 37, 0, 0, 6868.36, 4, 0, 0, 3.25, 2255, 1429, 6262.11, 17583, 16031
1695279821, 0, 0, 37, 0, 0, 6868.36, 4, 0, 0, 0.17, 2256, 1429, 6262.11, 17583, 16031
1695279822, 0, 0, 37, 0, 0, 6868.36, 4, 0, 0, 5.41, 2258, 1429, 6262.11, 17583, 16031
1695279822, 0, 0, 37, 0, 0, 6868.36, 4, 0, 0, 6.58, 2260, 1429, 6262.11, 17583, 16031
1695279822, 0, 0, 37, 0, 0, 6868.36, 4, 0, 0, 6.47, 2262, 1429, 6262.11, 17583, 16031
1695279835, 0, 0, 37, 0, 0, 6868.36, 4, 0, 0, 0.16, 2263, 1430, 6262.11, 17583, 16031
1695279835, 0, 0, 37, 0, 0, 6868.36, 4, 0, 0, 8.75, 2265, 1431, 6262.11, 17583, 16031
1695279836, 0, 0, 37, 0, 0, 6868.36, 4, 0, 0, 9.77, 2268, 1431, 6262.11, 17583, 16031
1695279841, 0, 0, 37, 0, 0, 6868.36, 4, 0, 0, 0.35, 2270, 1431, 6262.11, 17583, 16031
1695279848, 0, 0, 37, 0, 0, 6868.36, 4, 0, 0, 0.28, 2272, 1431, 6262.11, 17583, 16031
1695279849, 0, 0, 37, 0, 0, 6868.36, 4, 0, 0, 7.67, 2275, 1431, 6262.11, 17583, 16031
1695279854, 0, 0, 37, 0, 0, 6868.36, 4, 0, 0, 0.17, 2276, 1431, 6262.11, 17583, 16031
1695279860, 0, 0, 37, 0, 0, 6868.36, 4, 0, 0, 0.17, 2277, 1431, 6262.11, 17583, 16031
1695279861, 0, 0, 37, 0, 0, 6868.36, 4, 0, 0, 7.19, 2279, 1432, 6262.11, 17583, 16031
1695279866, 0, 0, 37, 0, 0, 6868.36, 4, 0, 0, 0.37, 2281, 1432, 6262.11, 17583, 16031
1695279866, 0, 0, 37, 0, 0, 6868.36, 4, 0, 0, 7.63, 2283, 1433, 6262.11, 17583, 16031
1695279867, 0, 0, 37, 0, 0, 6868.36, 4, 0, 0, 12.50, 2285, 1436, 6262.11, 17583, 16031
1695279867, 0, 0, 37, 0, 0, 6868.36, 4, 0, 0, 9.87, 2286, 1438, 6262.11, 17583, 16031
1695279868, 0, 0, 37, 0, 0, 6868.36, 4, 0, 0, 6.91, 2289, 1438, 6262.11, 17583, 16031
1695279872, 0, 0, 37, 0, 0, 6868.36, 4, 0, 0, 0.41, 2291, 1438, 6262.11, 17583, 16031
1695279873, 0, 0, 37, 0, 0, 6868.36, 4, 0, 0, 5.18, 2293, 1438, 6262.11, 17583, 16031
1695279878, 0, 0, 37, 0, 0, 6868.36, 4, 0, 0, 0.40, 2295, 1438, 6262.11, 17583, 16031
1695279878, 0, 0, 37, 0, 0, 6868.36, 4, 0, 0, 5.35, 2296, 1439, 6262.11, 17583, 16031
1695279878, 0, 0, 37, 0, 0, 6868.36, 4, 0, 0, 8.65, 2298, 1440, 6262.11, 17583, 16031
1695279879, 0, 0, 37, 0, 0, 6868.36, 4, 0, 0, 5.92, 2299, 1441, 6262.11, 17583, 16031
1695279879, 0, 0, 37, 0, 0, 6868.36, 4, 0, 0, 8.29, 2300, 1443, 6262.11, 17583, 16031
1695279884, 0, 0, 37, 0, 0, 6868.36, 4, 0, 0, 0.44, 2302, 1443, 6262.11, 17583, 16031
1695279890, 0, 0, 37, 0, 0, 6868.36, 4, 0, 0, 0.31, 2304, 1443, 6262.11, 17583, 16031
1695279900, 0, 0, 37, 0, 0, 6868.36, 4, 0, 0, 0.11, 2305, 1443, 6262.11, 17583, 16031
1695279900, 0, 0, 37, 0, 0, 6868.36, 4, 0, 0, 12.99, 2308, 1444, 6262.11, 17583, 16031
1695279900, 0, 0, 37, 0, 0, 6868.36, 4, 0, 0, 8.90, 2309, 1446, 6262.11, 17583, 16031
1695279907, 0, 0, 37, 0, 0, 6868.36, 4, 0, 0, 0.41, 2312, 1446, 6262.11, 17583, 16031
1695279908, 0, 0, 37, 0, 0, 6868.36, 4, 0, 0, 9.55, 2314, 1447, 6262.11, 17583, 16031
1695279908, 0, 0, 37, 0, 0, 6868.36, 4, 0, 0, 9.40, 2315, 1449, 6262.11, 17583, 16031
1695279909, 0, 0, 37, 0, 0, 6868.36, 4, 0, 0, 4.85, 2316, 1450, 6262.11, 17583, 16031
1695279917, 0, 0, 37, 0, 0, 6868.36, 4, 0, 0, 0.12, 2317, 1450, 6262.11, 17583, 16031
1695279917, 0, 0, 37, 0, 0, 6868.36, 4, 0, 0, 6.01, 2319, 1451, 6262.11, 17583, 16031
1695279918, 0, 0, 37, 0, 0, 6868.36, 4, 0, 0, 4.95, 2321, 1451, 6262.11, 17583, 16031
1695279918, 0, 0, 37, 0, 0, 6868.36, 4, 0, 0, 7.04, 2322, 1453, 6262.11, 17583, 16031
1695279942, 0, 0, 37, 0, 0, 6868.36, 4, 0, 0, 0.12, 2324, 1454, 6262.11, 17583, 16031
1695279943, 0, 0, 37, 0, 0, 6868.36, 4, 0, 0, 7.65, 2326, 1455, 6262.11, 17583, 16031
1695279951, 0, 0, 37, 0, 0, 6868.36, 4, 0, 0, 0.12, 2327, 1455, 6262.11, 17583, 16031
1695279956, 0, 0, 37, 0, 0, 6868.36, 4, 0, 0, 0.19, 2328, 1455, 6262.11, 17583, 16031
1695279962, 0, 0, 37, 0, 0, 6868.36, 4, 0, 0, 0.16, 2329, 1455, 6262.11, 17583, 16031
1695279968, 0, 0, 37, 0, 0, 6868.36, 4, 0, 0, 0.51, 2332, 1455, 6262.11, 17583, 16031
1695279968, 0, 0, 37, 0, 0, 6868.36, 4, 0, 0, 5.68, 2332, 1457, 6262.11, 17583, 16031
1695279969, 0, 0, 37, 0, 0, 6868.36, 4, 0, 0, 1.95, 2333, 1457, 6262.11, 17583, 16031
1695279974, 0, 0, 37, 0, 0, 6868.36, 4, 0, 0, 0.60, 2335, 1458, 6262.11, 17583, 16031
1695279974, 0, 0, 37, 0, 0, 6868.36, 4, 0, 0, 12.74, 2336, 1461, 6262.11, 17583, 16031
1695279974, 0, 0, 37, 0, 0, 6868.36, 4, 0, 0, 9.55, 2338, 1462, 6262.11, 17583, 16031
1695279975, 0, 0, 37, 0, 0, 6868.36, 4, 0, 0, 9.87, 2340, 1463, 6262.11, 17583, 16031
1695279980, 0, 0, 37, 0, 0, 6868.36, 4, 0, 0, 0.73, 2342, 1465, 6262.11, 17583, 16031
1695279980, 0, 0, 37, 0, 0, 6868.36, 4, 0, 0, 8.65, 2344, 1466, 6262.11, 17583, 16031
1695279981, 0, 0, 37, 0, 0, 6868.36, 4, 0, 0, 2.70, 2345, 1466, 6262.11, 17583, 16031
1695279981, 0, 0, 37, 0, 0, 6868.36, 4, 0, 0, 3.29, 2346, 1466, 6262.11, 17583, 16031
1695279982, 0, 0, 37, 0, 0, 6868.36, 4, 0, 0, 5.98, 2347, 1468, 6262.11, 17583, 16031
1695279982, 0, 0, 37, 0, 0, 6868.36, 4, 0, 0, 10.28, 2350, 1469, 6262.11, 17583, 16031
1695279988, 0, 0, 37, 0, 0, 6868.36, 4, 0, 0, 0.31, 2351, 1470, 6262.11, 17583, 16031
1695279989, 0, 0, 37, 0, 0, 6868.36, 4, 0, 0, 5.71, 2352, 1471, 6262.11, 17583, 16031
1695279989, 0, 0, 37, 0, 0, 6868.36, 4, 0, 0, 11.36, 2353, 1474, 6262.11, 17583, 16031
1695279989, 0, 0, 37, 0, 0, 6868.36, 4, 0, 0, 12.54, 2355, 1476, 6262.11, 17583, 16031
1695279995, 0, 0, 37, 0, 0, 6868.36, 4, 0, 0, 0.35, 2357, 1476, 6262.11, 17583, 16031
1695279995, 0, 0, 37, 0, 0, 6868.36, 4, 0, 0, 5.39, 2358, 1477, 6262.11, 17583, 16031
1695279996, 0, 0, 37, 0, 0, 6868.36, 4, 0, 0, 6.04, 2360, 1477, 6262.11, 17583, 16031
1695280002, 0, 0, 37, 0, 0, 6868.36, 4, 0, 0, 0.70, 2363, 1478, 6262.11, 17583, 16031
1695280002, 0, 0, 37, 0, 0, 6868.36, 4, 0, 0, 8.72, 2364, 1480, 6262.11, 17583, 16031
1695280008, 0, 0, 37, 0, 0, 6868.36, 4, 0, 0, 0.16, 2365, 1480, 6262.11, 17583, 16031
1695280008, 0, 0, 37, 0, 0, 6868.36, 4, 0, 0, 5.26, 2366, 1481, 6262.11, 17583, 16031
1695280074, 0, 0, 37, 0, 0, 6868.36, 4, 0, 0, 0.03, 2367, 1482, 6262.11, 17583, 16031
1695280074, 0, 0, 37, 0, 0, 6868.36, 4, 0, 0, 1.96, 2368, 1482, 6262.11, 17583, 16031
1695280074, 0, 0, 37, 0, 0, 6868.36, 4, 0, 0, 9.49, 2371, 1482, 6262.11, 17583, 16031
1695280075, 0, 0, 37, 0, 0, 6868.36, 4, 0, 0, 9.22, 2374, 1483, 6262.11, 17583, 16031
1695280082, 0, 0, 37, 0, 0, 6868.36, 4, 0, 0, 0.30, 2375, 1484, 6262.11, 17583, 16031
1695280082, 0, 0, 37, 0, 0, 6868.36, 4, 0, 0, 8.43, 2377, 1485, 6262.11, 17583, 16031
1695280082, 0, 0, 37, 0, 0, 6868.36, 4, 0, 0, 10.68, 2378, 1487, 6262.11, 17583, 16031
