# unix_time, cycles_done, cur_path, paths_total, pending_total, pending_favs, map_size, unique_crashes, unique_hangs, max_depth, execs_per_sec, valid_inputs, invalid_inputs, valid_cov, all_covered_probes, valid_covered_probes
1691786229; 0; 0; 0; 0; 0; 0.00, 1; 0; 0; 0.05, 0; 1; 0.00, 0; 0
1691786229; 0; 0; 1; 0; 0; 454.30, 1; 0; 0; 2.90, 1; 1; 454.30, 1163; 1163
1691786230; 0; 0; 3; 0; 0; 793.75, 1; 0; 0; 2.54, 2; 2; 478.91, 2032; 1226
1691786230; 0; 0; 5; 0; 0; 795.31, 1; 0; 0; 10.53, 5; 3; 480.08, 2036; 1229
1691786230; 0; 0; 6; 0; 0; 821.09, 1; 0; 0; 8.88, 7; 4; 505.86, 2102; 1295
1691786231; 0; 0; 10; 0; 0; 896.88, 1; 0; 0; 19.28, 10; 9; 507.03, 2296; 1298
1691786231; 0; 0; 10; 0; 0; 896.88, 1; 0; 0; 9.77, 11; 11; 507.03, 2296; 1298
1691786231; 0; 0; 10; 0; 0; 896.88, 1; 0; 0; 6.67, 12; 12; 507.03, 2296; 1298
1691786244; 0; 0; 12; 0; 0; 4491.41, 1; 0; 0; 0.16, 14; 12; 4249.22, 11498; 10878
1691786255; 0; 0; 13; 0; 0; 4502.34, 1; 0; 0; 0.09, 15; 12; 4260.16, 11526; 10906
1691786255; 0; 0; 15; 0; 0; 4502.34, 1; 0; 0; 6.56, 16; 14; 4260.16, 11526; 10906
1691786256; 0; 0; 15; 0; 0; 4502.34, 1; 0; 0; 18.29, 19; 17; 4260.16, 11526; 10906
1691786256; 0; 0; 15; 0; 0; 4502.34, 1; 0; 0; 8.71, 22; 19; 4260.16, 11526; 10906
1691786257; 0; 0; 18; 0; 0; 4519.53, 1; 0; 0; 32.26, 27; 25; 4287.50, 11570; 10976
1691786257; 0; 0; 18; 0; 0; 4519.53, 1; 0; 0; 4.44, 27; 27; 4287.50, 11570; 10976
1691786270; 0; 0; 19; 0; 0; 6297.27, 1; 0; 0; 0.22, 30; 27; 6065.23, 16121; 15527
1691786271; 0; 0; 23; 0; 0; 6318.36, 1; 0; 0; 26.58, 33; 32; 6065.23, 16175; 15527
1691786282; 0; 0; 25; 0; 0; 6448.83, 1; 0; 0; 1.67, 42; 41; 6195.70, 16509; 15861
1691786282; 0; 0; 26; 0; 0; 6449.22, 1; 0; 0; 46.05, 52; 45; 6196.09, 16510; 15862
1691786292; 0; 0; 27; 0; 0; 6461.33, 1; 0; 0; 1.26, 61; 49; 6208.20, 16541; 15893
1691786302; 0; 0; 28; 0; 0; 6461.33, 1; 0; 0; 0.88, 66; 53; 6208.20, 16541; 15893
1691786314; 0; 0; 29; 0; 0; 6593.36, 1; 0; 0; 0.35, 69; 54; 6340.23, 16879; 16231
1691786326; 0; 0; 30; 0; 0; 6593.36, 1; 0; 0; 0.83, 76; 57; 6340.23, 16879; 16231
1691786336; 0; 0; 31; 0; 0; 6593.36, 1; 0; 0; 0.73, 83; 57; 6340.23, 16879; 16231
1691786350; 0; 0; 32; 0; 0; 6597.27, 1; 0; 0; 0.14, 85; 57; 6344.14, 16889; 16241
1691786365; 0; 0; 33; 0; 0; 6597.66, 1; 0; 0; 0.20, 88; 57; 6344.53, 16890; 16242
1691786381; 0; 0; 34; 0; 0; 6597.66, 1; 0; 0; 0.25, 91; 58; 6344.53, 16890; 16242
1691786381; 0; 0; 35; 0; 0; 6597.66, 1; 0; 0; 32.45, 99; 61; 6344.53, 16890; 16242
1691786382; 0; 0; 35; 0; 0; 6597.66, 1; 0; 0; 52.29, 104; 72; 6344.53, 16890; 16242
1691786398; 0; 0; 36; 0; 0; 6601.95, 1; 0; 0; 0.06, 105; 72; 6348.83, 16901; 16253
1691786410; 0; 0; 37; 0; 0; 6601.95, 1; 0; 0; 0.78, 110; 76; 6348.83, 16901; 16253
1691786410; 0; 0; 38; 0; 0; 6601.95, 1; 0; 0; 96.35, 124; 91; 6348.83, 16901; 16253
1691786432; 0; 0; 40; 0; 0; 6607.81, 1; 0; 0; 1.25, 138; 104; 6354.69, 16916; 16268
1691786448; 0; 0; 41; 0; 0; 6607.81, 1; 0; 0; 0.50, 141; 109; 6354.69, 16916; 16268
1691786457; 0; 0; 42; 0; 0; 6607.81, 1; 0; 0; 0.22, 143; 109; 6354.69, 16916; 16268
1691786474; 0; 0; 43; 0; 0; 6607.81, 1; 0; 0; 0.70, 149; 115; 6354.69, 16916; 16268
1691786474; 0; 0; 44; 0; 0; 6607.81, 1; 0; 0; 70.00, 155; 130; 6354.69, 16916; 16268
1691786485; 0; 0; 45; 0; 0; 6766.41, 1; 0; 0; 0.57, 159; 132; 6513.28, 17322; 16674
1691786519; 0; 0; 46; 0; 0; 6766.41, 1; 0; 0; 0.14, 161; 135; 6513.28, 17322; 16674
1691786520; 0; 0; 46; 0; 0; 6766.41, 1; 0; 0; 43.34, 171; 139; 6513.28, 17322; 16674
1691786534; 0; 0; 47; 0; 0; 6782.81, 1; 0; 0; 0.14, 173; 139; 6529.69, 17364; 16716
1691786547; 0; 0; 48; 0; 0; 6783.20, 1; 0; 0; 0.15, 174; 140; 6530.08, 17365; 16717
1691786557; 0; 0; 49; 0; 0; 6793.75, 1; 0; 0; 0.32, 176; 141; 6540.63, 17392; 16744
1691786567; 0; 0; 50; 0; 0; 6793.75, 1; 0; 0; 0.59, 181; 142; 6540.63, 17392; 16744
1691786582; 0; 0; 52; 0; 0; 6793.75, 1; 0; 0; 0.80, 188; 147; 6540.63, 17392; 16744
1691786592; 0; 0; 53; 0; 0; 6793.75, 1; 0; 0; 0.20, 190; 147; 6540.63, 17392; 16744
1691786604; 0; 0; 54; 0; 0; 6793.75, 1; 0; 0; 0.25, 192; 148; 6540.63, 17392; 16744
1691786619; 0; 0; 54; 0; 0; 6793.75, 1; 0; 0; 0.13, 194; 148; 6540.63, 17392; 16744
1691786632; 0; 0; 55; 0; 0; 6793.75, 1; 0; 0; 0.15, 195; 149; 6540.63, 17392; 16744
1691786641; 0; 0; 56; 0; 0; 6793.75, 1; 0; 0; 1.13, 201; 154; 6540.63, 17392; 16744
1691786651; 0; 0; 57; 0; 0; 6793.75, 1; 0; 0; 0.22, 202; 155; 6540.63, 17392; 16744
1691786651; 0; 0; 57; 0; 0; 6793.75, 1; 0; 0; 62.31, 212; 165; 6540.63, 17392; 16744
1691786664; 0; 0; 58; 0; 0; 6793.75, 1; 0; 0; 0.52, 219; 165; 6540.63, 17392; 16744
1691786676; 0; 0; 59; 0; 0; 6793.75, 1; 0; 0; 0.34, 220; 168; 6540.63, 17392; 16744
1691786702; 0; 0; 60; 0; 0; 6795.70, 1; 0; 0; 0.04, 221; 168; 6542.58, 17397; 16749
1691786717; 0; 0; 61; 0; 0; 6795.70, 1; 0; 0; 0.54, 227; 170; 6542.58, 17397; 16749
1691786726; 0; 0; 62; 0; 0; 6795.70, 1; 0; 0; 2.30, 241; 178; 6542.58, 17397; 16749
1691786737; 0; 0; 63; 0; 0; 6795.70, 1; 0; 0; 0.74, 244; 183; 6542.58, 17397; 16749
1691786747; 0; 0; 64; 0; 0; 6795.70, 1; 0; 0; 0.40, 248; 183; 6542.58, 17397; 16749
1691786756; 0; 0; 65; 0; 0; 6795.70, 1; 0; 0; 0.53, 250; 186; 6542.58, 17397; 16749
1691786766; 0; 0; 66; 0; 0; 6795.70, 1; 0; 0; 0.74, 256; 187; 6542.58, 17397; 16749
1691786781; 0; 0; 66; 0; 0; 6795.70, 1; 0; 0; 0.46, 259; 191; 6542.58, 17397; 16749
1691786781; 0; 0; 67; 0; 0; 6795.70, 1; 0; 0; 12.50, 261; 193; 6542.58, 17397; 16749
1691786792; 0; 0; 68; 0; 0; 6795.70, 1; 0; 0; 0.99, 267; 197; 6542.58, 17397; 16749
1691786801; 0; 0; 69; 0; 0; 6795.70, 1; 0; 0; 1.44, 271; 207; 6542.58, 17397; 16749
1691786811; 0; 0; 70; 0; 0; 6795.70, 1; 0; 0; 0.71, 276; 209; 6542.58, 17397; 16749
1691786821; 0; 0; 71; 0; 0; 6795.70, 1; 0; 0; 0.22, 277; 210; 6542.58, 17397; 16749
1691786857; 0; 0; 72; 0; 0; 6795.70, 1; 0; 0; 0.03, 278; 210; 6542.58, 17397; 16749
1691786867; 0; 0; 73; 0; 0; 6795.70, 1; 0; 0; 1.01, 284; 214; 6542.58, 17397; 16749
1691786877; 0; 0; 74; 0; 0; 6795.70, 1; 0; 0; 2.42, 294; 227; 6542.58, 17397; 16749
1691786890; 0; 0; 75; 0; 0; 6795.70, 1; 0; 0; 0.76, 302; 229; 6542.58, 17397; 16749
1691786901; 0; 0; 76; 0; 0; 6795.70, 1; 0; 0; 0.77, 306; 234; 6542.58, 17397; 16749
1691786911; 0; 0; 77; 0; 0; 6795.70, 1; 0; 0; 0.51, 308; 237; 6542.58, 17397; 16749
1691786921; 0; 0; 78; 0; 0; 6795.70, 1; 0; 0; 0.69, 312; 240; 6542.58, 17397; 16749
1691786932; 0; 0; 79; 0; 0; 6795.70, 1; 0; 0; 0.19, 313; 241; 6542.58, 17397; 16749
1691786945; 0; 0; 80; 0; 0; 6796.09, 1; 0; 0; 0.07, 314; 241; 6542.97, 17398; 16750
1691786968; 0; 0; 81; 0; 0; 6820.31, 1; 0; 0; 0.53, 324; 243; 6567.19, 17460; 16812
1691786968; 0; 0; 81; 0; 0; 6820.31, 1; 0; 0; 19.67, 326; 247; 6567.19, 17460; 16812
1691786969; 0; 0; 81; 0; 0; 6820.31, 1; 0; 0; 54.49, 334; 256; 6567.19, 17460; 16812
1691786978; 0; 0; 81; 0; 0; 6820.31, 1; 0; 0; 1.17, 342; 259; 6567.19, 17460; 16812
1691786988; 0; 0; 82; 0; 0; 6820.31, 1; 0; 0; 0.31, 344; 260; 6567.19, 17460; 16812
1691787000; 0; 0; 83; 0; 0; 6820.31, 1; 0; 0; 0.32, 346; 262; 6567.19, 17460; 16812
1691787010; 0; 0; 83; 0; 0; 6820.31, 1; 0; 0; 1.01, 349; 269; 6567.19, 17460; 16812
1691787020; 0; 0; 84; 0; 0; 6820.31, 1; 0; 0; 1.56, 359; 274; 6567.19, 17460; 16812
1691787029; 0; 0; 85; 0; 0; 6820.31, 1; 0; 0; 1.29, 365; 280; 6567.19, 17460; 16812
1691787039; 0; 0; 86; 0; 0; 6820.31, 1; 0; 0; 1.43, 371; 288; 6567.19, 17460; 16812
1691787039; 0; 0; 86; 0; 0; 6820.31, 1; 0; 0; 26.67, 374; 293; 6567.19, 17460; 16812
1691787052; 0; 0; 87; 0; 0; 6820.31, 1; 0; 0; 0.08, 375; 293; 6567.19, 17460; 16812
1691787061; 0; 0; 88; 0; 0; 6820.31, 1; 0; 0; 0.87, 377; 299; 6567.19, 17460; 16812
1691787072; 0; 0; 88; 0; 0; 6820.31, 1; 0; 0; 0.34, 379; 301; 6567.19, 17460; 16812
1691787083; 0; 0; 88; 0; 0; 6820.31, 1; 0; 0; 0.56, 381; 305; 6567.19, 17460; 16812
1691787083; 0; 0; 88; 0; 0; 6820.31, 1; 0; 0; 66.67, 391; 315; 6567.19, 17460; 16812
1691787094; 0; 0; 88; 0; 0; 6820.31, 1; 0; 0; 2.14, 402; 326; 6567.19, 17460; 16812
1691787107; 0; 0; 88; 0; 0; 6820.31, 1; 0; 0; 0.08, 403; 326; 6567.19, 17460; 16812
1691787118; 0; 0; 88; 0; 0; 6820.31, 1; 0; 0; 1.29, 413; 331; 6567.19, 17460; 16812
1691787119; 0; 0; 88; 0; 0; 6820.31, 1; 0; 0; 53.33, 418; 342; 6567.19, 17460; 16812
1691787128; 0; 0; 88; 0; 0; 6820.31, 1; 0; 0; 1.36, 425; 348; 6567.19, 17460; 16812
1691787138; 0; 0; 89; 0; 0; 6823.44, 1; 0; 0; 0.41, 428; 349; 6570.31, 17468; 16820
1691787151; 0; 0; 90; 0; 0; 6823.44, 1; 0; 0; 0.08, 429; 349; 6570.31, 17468; 16820
1691787164; 0; 0; 90; 0; 0; 6823.44, 1; 0; 0; 0.46, 434; 350; 6570.31, 17468; 16820
1691787174; 0; 0; 90; 0; 0; 6823.44, 1; 0; 0; 1.67, 440; 361; 6570.31, 17468; 16820
1691787210; 0; 0; 90; 0; 0; 6823.44, 1; 0; 0; 0.34, 449; 364; 6570.31, 17468; 16820
1691787240; 0; 0; 91; 0; 0; 6823.44, 1; 0; 0; 0.07, 450; 365; 6570.31, 17468; 16820
1691787261; 0; 0; 92; 0; 0; 6823.44, 1; 0; 0; 0.38, 455; 368; 6570.31, 17468; 16820
1691787274; 0; 0; 93; 0; 0; 6823.44, 1; 0; 0; 0.15, 457; 368; 6570.31, 17468; 16820
1691787284; 0; 0; 93; 0; 0; 6823.44, 1; 0; 0; 0.51, 460; 370; 6570.31, 17468; 16820
1691787295; 0; 0; 93; 0; 0; 6823.44, 1; 0; 0; 0.29, 462; 371; 6570.31, 17468; 16820
1691787306; 0; 0; 93; 0; 0; 6823.44, 1; 0; 0; 1.01, 468; 376; 6570.31, 17468; 16820
1691787316; 0; 0; 93; 0; 0; 6823.44, 1; 0; 0; 0.20, 469; 377; 6570.31, 17468; 16820
1691787332; 0; 0; 93; 0; 0; 6823.44, 1; 0; 0; 0.18, 472; 377; 6570.31, 17468; 16820
1691787353; 0; 0; 93; 0; 0; 6823.44, 1; 0; 0; 0.85, 482; 385; 6570.31, 17468; 16820
1691787363; 0; 0; 94; 0; 0; 6823.44, 1; 0; 0; 0.21, 484; 385; 6570.31, 17468; 16820
1691787363; 0; 0; 94; 0; 0; 6823.44, 1; 0; 0; 43.48, 491; 392; 6570.31, 17468; 16820
1691787373; 0; 0; 95; 0; 0; 6823.44, 1; 0; 0; 0.73, 497; 393; 6570.31, 17468; 16820
1691787383; 0; 0; 95; 0; 0; 6823.44, 1; 0; 0; 0.94, 504; 396; 6570.31, 17468; 16820
1691787393; 0; 0; 96; 0; 0; 6824.22, 1; 0; 0; 1.38, 514; 399; 6571.09, 17470; 16822
1691787426; 0; 0; 97; 0; 0; 6824.22, 1; 0; 0; 0.69, 527; 409; 6571.09, 17470; 16822
1691787437; 0; 0; 98; 0; 0; 6824.22, 1; 0; 0; 0.19, 528; 410; 6571.09, 17470; 16822
1691787437; 0; 0; 98; 0; 0; 6824.22, 1; 0; 0; 47.92, 535; 418; 6571.09, 17470; 16822
1691787446; 0; 0; 98; 0; 0; 6824.22, 1; 0; 0; 1.44, 542; 424; 6571.09, 17470; 16822
1691787456; 0; 0; 99; 0; 0; 6824.22, 1; 0; 0; 0.79, 544; 430; 6571.09, 17470; 16822
1691787466; 0; 0; 99; 0; 0; 6824.22, 1; 0; 0; 0.22, 546; 430; 6571.09, 17470; 16822
1691787476; 0; 0; 100; 0; 0; 6824.22, 1; 0; 0; 0.39, 550; 430; 6571.09, 17470; 16822
1691787485; 0; 0; 100; 0; 0; 6824.22, 1; 0; 0; 2.46, 562; 441; 6571.09, 17470; 16822
1691787495; 0; 0; 100; 0; 0; 6824.22, 1; 0; 0; 0.68, 565; 445; 6571.09, 17470; 16822
1691787508; 0; 0; 100; 0; 0; 6824.22, 1; 0; 0; 0.08, 566; 445; 6571.09, 17470; 16822
1691787518; 0; 0; 100; 0; 0; 6824.22, 1; 0; 0; 1.60, 576; 450; 6571.09, 17470; 16822
1691787527; 0; 0; 100; 0; 0; 6824.22, 1; 0; 0; 0.21, 577; 451; 6571.09, 17470; 16822
1691787537; 0; 0; 101; 0; 0; 6824.22, 1; 0; 0; 0.30, 579; 452; 6571.09, 17470; 16822
1691787558; 0; 0; 101; 0; 0; 6824.22, 1; 0; 0; 0.05, 580; 452; 6571.09, 17470; 16822
1691787581; 0; 0; 102; 0; 0; 6824.22, 1; 0; 0; 0.22, 583; 454; 6571.09, 17470; 16822
1691787594; 0; 0; 102; 0; 0; 6824.22, 1; 0; 0; 0.15, 585; 454; 6571.09, 17470; 16822
1691787604; 0; 0; 103; 0; 0; 6824.22, 1; 0; 0; 0.75, 590; 456; 6571.09, 17470; 16822
1691787614; 0; 0; 103; 0; 0; 6824.22, 1; 0; 0; 0.31, 593; 456; 6571.09, 17470; 16822
1691787623; 0; 0; 104; 0; 0; 6824.22, 1; 0; 0; 1.84, 603; 464; 6571.09, 17470; 16822
1691787640; 0; 0; 104; 0; 0; 6824.22, 1; 0; 0; 0.41, 608; 466; 6571.09, 17470; 16822
1691787657; 0; 0; 104; 0; 0; 6824.22, 1; 0; 0; 0.12, 610; 466; 6571.09, 17470; 16822
1691787673; 0; 0; 104; 0; 0; 6824.22, 1; 0; 0; 0.54, 615; 470; 6571.09, 17470; 16822
1691787689; 0; 0; 104; 0; 0; 6824.22, 1; 0; 0; 0.25, 618; 471; 6571.09, 17470; 16822
1691787712; 0; 0; 105; 0; 0; 6824.22, 1; 0; 0; 0.09, 619; 472; 6571.09, 17470; 16822
1691787724; 0; 0; 105; 0; 0; 6824.22, 1; 0; 0; 0.94, 627; 475; 6571.09, 17470; 16822
1691787734; 0; 0; 105; 0; 0; 6824.22, 1; 0; 0; 0.82, 630; 480; 6571.09, 17470; 16822
1691787734; 0; 0; 105; 0; 0; 6824.22, 1; 0; 0; 28.75, 634; 485; 6571.09, 17470; 16822
1691787744; 0; 0; 106; 0; 0; 6824.22, 1; 0; 0; 0.81, 639; 488; 6571.09, 17470; 16822
1691787754; 0; 0; 106; 0; 0; 6824.22, 1; 0; 0; 0.92, 644; 492; 6571.09, 17470; 16822
1691787763; 0; 0; 106; 0; 0; 6824.22, 1; 0; 0; 0.31, 647; 492; 6571.09, 17470; 16822
1691787772; 0; 0; 106; 0; 0; 6824.22, 1; 0; 0; 1.09, 653; 496; 6571.09, 17470; 16822
1691787782; 0; 0; 107; 0; 0; 6824.22, 1; 0; 0; 0.10, 654; 496; 6571.09, 17470; 16822
1691787796; 0; 0; 107; 0; 0; 6824.22, 1; 0; 0; 0.51, 657; 500; 6571.09, 17470; 16822
1691787805; 0; 0; 108; 0; 0; 6824.22, 1; 0; 0; 2.08, 664; 512; 6571.09, 17470; 16822
1691787815; 0; 0; 108; 0; 0; 6824.22, 1; 0; 0; 0.60, 667; 515; 6571.09, 17470; 16822
1691787827; 0; 0; 108; 0; 0; 6824.22, 1; 0; 0; 1.21, 672; 524; 6571.09, 17470; 16822
1691787841; 0; 0; 108; 0; 0; 6824.22, 1; 0; 0; 0.29, 675; 525; 6571.09, 17470; 16822
1691787854; 0; 0; 109; 0; 0; 6824.22, 1; 0; 0; 0.96, 681; 532; 6571.09, 17470; 16822
1691787865; 0; 0; 110; 0; 0; 6824.22, 1; 0; 0; 0.18, 683; 532; 6571.09, 17470; 16822
1691787874; 0; 0; 111; 0; 0; 6824.22, 1; 0; 0; 2.04, 695; 539; 6571.09, 17470; 16822
1691787884; 0; 0; 112; 0; 0; 6824.22, 1; 0; 0; 0.33, 697; 540; 6571.09, 17470; 16822
1691787884; 0; 0; 112; 0; 0; 6824.22, 1; 0; 0; 47.62, 704; 548; 6571.09, 17470; 16822
1691787895; 0; 0; 113; 0; 0; 6824.22, 1; 0; 0; 0.81, 709; 552; 6571.09, 17470; 16822
1691787911; 0; 0; 114; 0; 0; 6824.22, 1; 0; 0; 0.50, 712; 557; 6571.09, 17470; 16822
1691787920; 0; 0; 114; 0; 0; 6824.22, 1; 0; 0; 0.96, 717; 561; 6571.09, 17470; 16822
1691787934; 0; 0; 114; 0; 0; 6824.22, 1; 0; 0; 0.07, 718; 561; 6571.09, 17470; 16822
1691787951; 0; 0; 114; 0; 0; 6824.22, 1; 0; 0; 0.24, 720; 563; 6571.09, 17470; 16822
1691787963; 0; 0; 115; 0; 0; 6824.22, 1; 0; 0; 0.25, 721; 565; 6571.09, 17470; 16822
1691787973; 0; 0; 116; 0; 0; 6824.22, 1; 0; 0; 0.81, 725; 569; 6571.09, 17470; 16822
1691787994; 0; 0; 116; 0; 0; 6824.22, 1; 0; 0; 0.71, 734; 575; 6571.09, 17470; 16822
1691788005; 0; 0; 116; 0; 0; 6824.22, 1; 0; 0; 0.28, 736; 576; 6571.09, 17470; 16822
1691788018; 0; 0; 116; 0; 0; 6824.22, 1; 0; 0; 0.48, 740; 578; 6571.09, 17470; 16822
1691788028; 0; 0; 116; 0; 0; 6824.22, 1; 0; 0; 0.39, 743; 579; 6571.09, 17470; 16822
1691788028; 0; 0; 116; 0; 0; 6824.22, 1; 0; 0; 52.98, 748; 590; 6571.09, 17470; 16822
1691788038; 0; 0; 117; 0; 0; 6824.22, 1; 0; 0; 1.71, 757; 597; 6571.09, 17470; 16822
1691788051; 0; 0; 117; 0; 0; 6824.22, 1; 0; 0; 0.22, 759; 598; 6571.09, 17470; 16822
1691788061; 0; 0; 117; 0; 0; 6824.22, 1; 0; 0; 0.53, 762; 600; 6571.09, 17470; 16822
1691788070; 0; 0; 117; 0; 0; 6824.22, 1; 0; 0; 0.54, 766; 601; 6571.09, 17470; 16822
1691788081; 0; 0; 117; 0; 0; 6824.22, 1; 0; 0; 0.46, 767; 605; 6571.09, 17470; 16822
1691788090; 0; 0; 117; 0; 0; 6824.22, 2; 0; 0; 0.43, 770; 606; 6571.09, 17470; 16822
1691788090; 0; 0; 119; 0; 0; 6825.78, 2; 0; 0; 61.69, 780; 615; 6571.09, 17474; 16822
1691788100; 0; 0; 120; 0; 0; 6825.78, 2; 0; 0; 0.70, 784; 618; 6571.09, 17474; 16822
1691788111; 0; 0; 120; 0; 0; 6825.78, 2; 0; 0; 1.10, 790; 624; 6571.09, 17474; 16822
1691788121; 0; 0; 120; 0; 0; 6825.78, 2; 0; 0; 0.43, 792; 626; 6571.09, 17474; 16822
1691788130; 0; 0; 120; 0; 0; 6825.78, 2; 0; 0; 0.61, 794; 630; 6571.09, 17474; 16822
1691788140; 0; 0; 120; 0; 0; 6825.78, 2; 0; 0; 0.52, 799; 630; 6571.09, 17474; 16822
1691788149; 0; 0; 120; 0; 0; 6825.78, 2; 0; 0; 0.21, 801; 630; 6571.09, 17474; 16822
1691788159; 0; 0; 120; 0; 0; 6825.78, 2; 0; 0; 2.10, 814; 638; 6571.09, 17474; 16822
1691788205; 0; 0; 121; 0; 0; 6825.78, 2; 0; 0; 0.09, 817; 639; 6571.09, 17474; 16822
1691788215; 0; 0; 121; 0; 0; 6825.78, 2; 0; 0; 0.71, 822; 641; 6571.09, 17474; 16822
1691788225; 0; 0; 122; 0; 0; 6825.78, 2; 0; 0; 1.09, 828; 646; 6571.09, 17474; 16822
1691788235; 0; 0; 122; 0; 0; 6825.78, 2; 0; 0; 0.62, 829; 651; 6571.09, 17474; 16822
1691788235; 0; 0; 122; 0; 0; 6825.78, 2; 0; 0; 40.98, 836; 659; 6571.09, 17474; 16822
1691788246; 0; 0; 123; 0; 0; 6825.78, 2; 0; 0; 1.39, 841; 669; 6571.09, 17474; 16822
1691788255; 0; 0; 123; 0; 0; 6825.78, 2; 0; 0; 0.11, 842; 669; 6571.09, 17474; 16822
1691788266; 0; 0; 123; 0; 0; 6825.78, 2; 0; 0; 0.18, 844; 669; 6571.09, 17474; 16822
1691788276; 0; 0; 123; 0; 0; 6825.78, 2; 0; 0; 0.50, 848; 670; 6571.09, 17474; 16822
1691788297; 0; 0; 124; 0; 0; 6825.78, 2; 0; 0; 0.34, 852; 673; 6571.09, 17474; 16822
1691788306; 0; 0; 124; 0; 0; 6825.78, 2; 0; 0; 0.45, 855; 674; 6571.09, 17474; 16822
1691788318; 0; 0; 124; 0; 0; 6825.78, 2; 0; 0; 0.92, 862; 678; 6571.09, 17474; 16822
1691788328; 0; 0; 124; 0; 0; 6825.78, 2; 0; 0; 0.71, 866; 681; 6571.09, 17474; 16822
1691788339; 0; 0; 124; 0; 0; 6825.78, 2; 0; 0; 0.18, 867; 682; 6571.09, 17474; 16822
1691788339; 0; 0; 124; 0; 0; 6825.78, 2; 0; 0; 26.40, 868; 689; 6571.09, 17474; 16822
1691788354; 0; 0; 124; 0; 0; 6825.78, 2; 0; 0; 1.24, 883; 692; 6571.09, 17474; 16822
1691788367; 0; 0; 124; 0; 0; 6825.78, 2; 0; 0; 0.87, 890; 697; 6571.09, 17474; 16822
1691788378; 0; 0; 124; 0; 0; 6825.78, 2; 0; 0; 0.10, 891; 697; 6571.09, 17474; 16822
1691788387; 0; 0; 125; 0; 0; 6825.78, 2; 0; 0; 0.78, 894; 701; 6571.09, 17474; 16822
1691788396; 0; 0; 126; 0; 0; 6825.78, 2; 0; 0; 1.38, 901; 707; 6571.09, 17474; 16822
1691788406; 0; 0; 126; 0; 0; 6825.78, 2; 0; 0; 0.64, 905; 709; 6571.09, 17474; 16822
1691788415; 0; 0; 126; 0; 0; 6825.78, 2; 0; 0; 0.21, 907; 709; 6571.09, 17474; 16822
1691788425; 0; 0; 127; 0; 0; 6825.78, 2; 0; 0; 0.11, 908; 709; 6571.09, 17474; 16822
1691788434; 0; 0; 128; 0; 0; 6825.78, 2; 0; 0; 0.21, 909; 710; 6571.09, 17474; 16822
1691788444; 0; 0; 129; 0; 0; 6825.78, 2; 0; 0; 0.42, 911; 712; 6571.09, 17474; 16822
1691788444; 0; 0; 129; 0; 0; 6825.78, 2; 0; 0; 36.81, 915; 720; 6571.09, 17474; 16822
1691788458; 0; 0; 129; 0; 0; 6825.78, 2; 0; 0; 1.16, 924; 727; 6571.09, 17474; 16822
1691788468; 0; 0; 129; 0; 0; 6825.78, 2; 0; 0; 0.61, 926; 731; 6571.09, 17474; 16822
1691788477; 0; 0; 129; 0; 0; 6825.78, 2; 0; 0; 0.11, 927; 731; 6571.09, 17474; 16822
1691788486; 0; 0; 129; 0; 0; 6825.78, 2; 0; 0; 0.76, 930; 735; 6571.09, 17474; 16822
1691788495; 0; 0; 129; 0; 0; 6825.78, 2; 0; 0; 0.73, 935; 737; 6571.09, 17474; 16822
1691788507; 0; 0; 129; 0; 0; 6825.78, 2; 0; 0; 0.44, 938; 739; 6571.09, 17474; 16822
1691788516; 0; 0; 129; 0; 0; 6825.78, 2; 0; 0; 1.19, 944; 744; 6571.09, 17474; 16822
1691788528; 0; 0; 129; 0; 0; 6825.78, 2; 0; 0; 0.73, 950; 747; 6571.09, 17474; 16822
1691788539; 0; 0; 130; 0; 0; 6825.78, 2; 0; 0; 0.09, 951; 747; 6571.09, 17474; 16822
1691788549; 0; 0; 130; 0; 0; 6825.78, 2; 0; 0; 0.62, 954; 750; 6571.09, 17474; 16822
1691788558; 0; 0; 130; 0; 0; 6825.78, 2; 0; 0; 0.43, 957; 751; 6571.09, 17474; 16822
1691788569; 0; 0; 130; 0; 0; 6825.78, 2; 0; 0; 0.55, 962; 752; 6571.09, 17474; 16822
1691788569; 0; 0; 130; 0; 0; 6825.78, 2; 0; 0; 116.67, 977; 772; 6571.09, 17474; 16822
1691788579; 0; 0; 130; 0; 0; 6825.78, 2; 0; 0; 0.11, 978; 772; 6571.09, 17474; 16822
1691788579; 0; 0; 130; 0; 0; 6825.78, 2; 0; 0; 9.46, 978; 775; 6571.09, 17474; 16822
1691788598; 0; 0; 130; 0; 0; 6825.78, 2; 0; 0; 0.55, 983; 780; 6571.09, 17474; 16822
1691788607; 0; 0; 130; 0; 0; 6825.78, 2; 0; 0; 0.65, 987; 782; 6571.09, 17474; 16822
1691788616; 0; 0; 130; 0; 0; 6825.78, 2; 0; 0; 1.59, 995; 789; 6571.09, 17474; 16822
1691788627; 0; 0; 131; 0; 0; 6825.78, 2; 0; 0; 0.48, 996; 793; 6571.09, 17474; 16822
1691788638; 0; 0; 131; 0; 0; 6825.78, 2; 0; 0; 1.09, 1001; 800; 6571.09, 17474; 16822
1691788647; 0; 0; 131; 0; 0; 6825.78, 2; 0; 0; 1.36, 1008; 806; 6571.09, 17474; 16822
1691788656; 0; 0; 131; 0; 0; 6825.78, 2; 0; 0; 1.38, 1017; 809; 6571.09, 17474; 16822
1691788665; 0; 0; 131; 0; 0; 6825.78, 2; 0; 0; 0.68, 1020; 812; 6571.09, 17474; 16822
1691788698; 0; 0; 132; 0; 0; 6825.78, 2; 0; 0; 0.33, 1027; 816; 6571.09, 17474; 16822
1691788710; 0; 0; 132; 0; 0; 6825.78, 2; 0; 0; 0.17, 1028; 817; 6571.09, 17474; 16822
1691788720; 0; 0; 132; 0; 0; 6825.78, 2; 0; 0; 0.90, 1032; 822; 6571.09, 17474; 16822
1691788730; 0; 0; 133; 0; 0; 6825.78, 2; 0; 0; 0.88, 1035; 828; 6571.09, 17474; 16822
1691788740; 0; 0; 133; 0; 0; 6825.78, 2; 0; 0; 1.10, 1040; 834; 6571.09, 17474; 16822
1691788740; 0; 0; 133; 0; 0; 6825.78, 2; 0; 0; 62.69, 1049; 846; 6571.09, 17474; 16822
1691788750; 0; 0; 134; 0; 0; 6825.78, 2; 0; 0; 0.82, 1053; 850; 6571.09, 17474; 16822
1691788760; 0; 0; 134; 0; 0; 6825.78, 2; 0; 0; 0.21, 1054; 851; 6571.09, 17474; 16822
1691788769; 0; 0; 135; 0; 0; 6825.78, 2; 0; 0; 0.63, 1056; 855; 6571.09, 17474; 16822
1691788779; 0; 0; 135; 0; 0; 6825.78, 2; 0; 0; 0.29, 1057; 857; 6571.09, 17474; 16822
1691788789; 0; 0; 136; 0; 0; 6825.78, 2; 0; 0; 0.75, 1061; 860; 6571.09, 17474; 16822
1691788799; 0; 0; 137; 0; 0; 6825.78, 2; 0; 0; 0.80, 1064; 865; 6571.09, 17474; 16822
1691788814; 0; 0; 137; 0; 0; 6825.78, 2; 0; 0; 0.64, 1067; 872; 6571.09, 17474; 16822
1691788836; 0; 0; 138; 0; 0; 6825.78, 2; 0; 0; 0.32, 1070; 876; 6571.09, 17474; 16822
1691788845; 0; 0; 138; 0; 0; 6825.78, 2; 0; 0; 1.94, 1079; 885; 6571.09, 17474; 16822
1691788855; 0; 0; 138; 0; 0; 6825.78, 2; 0; 0; 0.11, 1080; 885; 6571.09, 17474; 16822
1691788855; 0; 0; 138; 0; 0; 6825.78, 2; 0; 0; 57.80, 1088; 897; 6571.09, 17474; 16822
1691788865; 0; 0; 139; 0; 0; 6825.78, 2; 0; 0; 2.58, 1100; 911; 6571.09, 17474; 16822
1691788874; 0; 0; 140; 0; 0; 6825.78, 2; 0; 0; 0.64, 1103; 914; 6571.09, 17474; 16822
1691788884; 0; 0; 140; 0; 0; 6825.78, 2; 0; 0; 0.20, 1105; 914; 6571.09, 17474; 16822
1691788894; 0; 0; 141; 0; 0; 6825.78, 2; 0; 0; 0.21, 1107; 914; 6571.09, 17474; 16822
1691788894; 0; 0; 141; 0; 0; 6825.78, 2; 0; 0; 35.37, 1112; 920; 6571.09, 17474; 16822
1691788905; 0; 0; 141; 0; 0; 6825.78, 2; 0; 0; 1.39, 1124; 923; 6571.09, 17474; 16822
1691788914; 0; 0; 141; 0; 0; 6825.78, 2; 0; 0; 0.65, 1129; 924; 6571.09, 17474; 16822
1691788924; 0; 0; 141; 0; 0; 6825.78, 2; 0; 0; 0.84, 1132; 929; 6571.09, 17474; 16822
1691788946; 0; 0; 141; 0; 0; 6825.78, 2; 0; 0; 0.81, 1142; 937; 6571.09, 17474; 16822
1691788946; 0; 0; 141; 0; 0; 6825.78, 2; 0; 0; 32.45, 1145; 945; 6571.09, 17474; 16822
1691788956; 0; 0; 141; 0; 0; 6825.78, 2; 0; 0; 0.21, 1147; 945; 6571.09, 17474; 16822
1691788969; 0; 0; 141; 0; 0; 6825.78, 2; 0; 0; 0.32, 1150; 946; 6571.09, 17474; 16822
1691788979; 0; 0; 141; 0; 0; 6825.78, 2; 0; 0; 0.50, 1153; 948; 6571.09, 17474; 16822
1691788989; 0; 0; 142; 0; 0; 6825.78, 2; 0; 0; 0.30, 1156; 948; 6571.09, 17474; 16822
1691788998; 0; 0; 142; 0; 0; 6825.78, 2; 0; 0; 0.54, 1159; 950; 6571.09, 17474; 16822
1691789007; 0; 0; 142; 0; 0; 6825.78, 2; 0; 0; 2.01, 1168; 960; 6571.09, 17474; 16822
1691789017; 0; 0; 142; 0; 0; 6825.78, 2; 0; 0; 0.41, 1170; 962; 6571.09, 17474; 16822
1691789025; 0; 0; 143; 0; 0; 6825.78, 2; 0; 0; 0.73, 1173; 965; 6571.09, 17474; 16822
1691789043; 0; 0; 144; 0; 0; 6825.78, 2; 0; 0; 0.62, 1178; 971; 6571.09, 17474; 16822
1691789043; 0; 0; 144; 0; 0; 6825.78, 2; 0; 0; 52.96, 1188; 978; 6571.09, 17474; 16822
1691789044; 0; 0; 144; 0; 0; 6825.78, 2; 0; 0; 58.23, 1199; 990; 6571.09, 17474; 16822
1691789052; 0; 0; 144; 0; 0; 6825.78, 2; 0; 0; 0.46, 1201; 992; 6571.09, 17474; 16822
1691789053; 0; 0; 144; 0; 0; 6825.78, 2; 0; 0; 15.02, 1203; 995; 6571.09, 17474; 16822
