# unix_time, cycles_done, cur_path, paths_total, pending_total, pending_favs, map_size, unique_crashes, unique_hangs, max_depth, execs_per_sec, valid_inputs, invalid_inputs, valid_cov, all_covered_probes, valid_covered_probes
1695396506, 0, 0, 1, 0, 0, 3825.00, 0, 0, 0, 0.39, 0, 1, 0.00, 9792, 0
1695396529, 0, 0, 2, 0, 0, 24373.05, 0, 0, 0, 0.04, 1, 1, 23795.70, 62395, 60917
1695396529, 0, 0, 8, 0, 0, 24426.95, 0, 0, 0, 19.11, 3, 5, 23885.55, 62533, 61147
1695396529, 0, 0, 15, 0, 0, 24905.08, 0, 0, 0, 22.90, 5, 12, 24381.64, 63757, 62417
1695396542, 0, 0, 18, 0, 0, 25307.03, 0, 0, 0, 0.71, 9, 17, 24783.59, 64786, 63446
1695396553, 0, 0, 22, 0, 0, 25310.94, 1, 0, 0, 1.14, 16, 23, 24787.50, 64796, 63456
1695396567, 0, 0, 28, 0, 0, 25523.05, 1, 0, 0, 0.45, 20, 25, 24999.61, 65339, 63999
1695396567, 0, 0, 35, 0, 0, 25778.52, 1, 0, 0, 71.64, 27, 42, 25000.39, 65993, 64001
1695396578, 0, 0, 38, 0, 0, 25786.72, 1, 0, 0, 2.59, 37, 60, 25008.20, 66014, 64021
1695396589, 0, 0, 40, 0, 0, 25793.36, 1, 0, 0, 0.28, 38, 62, 25014.84, 66031, 64038
1695396600, 0, 0, 46, 0, 0, 25834.77, 1, 0, 0, 2.57, 49, 79, 25019.14, 66137, 64049
1695396622, 0, 0, 47, 0, 0, 26212.11, 1, 0, 0, 0.05, 50, 79, 25397.27, 67103, 65017
1695396634, 0, 1, 50, 0, 0, 26212.11, 1, 0, 0, 1.08, 53, 89, 25397.27, 67103, 65017
1695396645, 0, 1, 51, 0, 0, 26212.11, 1, 0, 0, 0.09, 54, 89, 25397.27, 67103, 65017
1695396656, 0, 1, 52, 0, 0, 26214.06, 1, 0, 0, 0.09, 55, 89, 25399.22, 67108, 65022
1695396668, 0, 1, 53, 0, 0, 26222.27, 1, 0, 0, 0.09, 56, 89, 25407.42, 67129, 65043
1695396682, 0, 1, 54, 0, 0, 26223.83, 1, 0, 0, 0.07, 57, 89, 25408.98, 67133, 65047
1695396693, 0, 1, 55, 0, 0, 26223.83, 1, 0, 0, 0.09, 58, 89, 25408.98, 67133, 65047
1695396704, 0, 1, 56, 0, 0, 26225.00, 1, 0, 0, 0.09, 59, 89, 25410.16, 67136, 65050
1695396716, 0, 1, 57, 0, 0, 26225.39, 1, 0, 0, 0.09, 60, 89, 25410.55, 67137, 65051
1695396729, 0, 1, 58, 0, 0, 26225.78, 1, 0, 0, 0.07, 61, 89, 25410.94, 67138, 65052
1695396741, 0, 1, 59, 0, 0, 26225.78, 1, 0, 0, 0.08, 62, 89, 25410.94, 67138, 65052
1695396753, 0, 1, 60, 0, 0, 26226.17, 1, 0, 0, 0.09, 63, 89, 25411.33, 67139, 65053
1695396764, 0, 1, 61, 0, 0, 26226.56, 1, 0, 0, 0.09, 64, 89, 25411.72, 67140, 65054
1695396775, 0, 1, 62, 0, 0, 26226.56, 1, 0, 0, 0.09, 65, 89, 25411.72, 67140, 65054
1695396787, 0, 1, 63, 0, 0, 26226.95, 1, 0, 0, 0.09, 66, 89, 25412.11, 67141, 65055
1695396798, 0, 1, 64, 0, 0, 26233.59, 1, 0, 0, 0.09, 67, 89, 25418.75, 67158, 65072
1695396809, 0, 1, 65, 0, 0, 26233.59, 1, 0, 0, 0.09, 68, 89, 25418.75, 67158, 65072
1695396821, 0, 1, 66, 0, 0, 26233.59, 1, 0, 0, 0.09, 69, 89, 25418.75, 67158, 65072
1695396832, 0, 1, 67, 0, 0, 26233.59, 1, 0, 0, 0.09, 70, 89, 25418.75, 67158, 65072
1695396843, 0, 1, 68, 0, 0, 26233.59, 1, 0, 0, 0.09, 71, 89, 25418.75, 67158, 65072
1695396854, 0, 1, 69, 0, 0, 26250.00, 1, 0, 0, 0.09, 72, 89, 25435.16, 67200, 65114
1695396865, 0, 1, 70, 0, 0, 26250.00, 1, 0, 0, 0.09, 73, 89, 25435.16, 67200, 65114
1695396876, 0, 1, 71, 0, 0, 26250.00, 1, 0, 0, 0.09, 74, 89, 25435.16, 67200, 65114
1695396887, 0, 1, 72, 0, 0, 26251.17, 1, 0, 0, 0.09, 75, 89, 25436.33, 67203, 65117
1695396898, 0, 1, 73, 0, 0, 26251.17, 1, 0, 0, 0.09, 76, 89, 25436.33, 67203, 65117
1695396910, 0, 1, 74, 0, 0, 26251.17, 1, 0, 0, 0.08, 77, 89, 25436.33, 67203, 65117
1695396922, 0, 1, 75, 0, 0, 26251.17, 1, 0, 0, 0.09, 78, 89, 25436.33, 67203, 65117
1695396933, 0, 1, 76, 0, 0, 26251.17, 1, 0, 0, 0.09, 79, 89, 25436.33, 67203, 65117
1695396944, 0, 1, 77, 0, 0, 26251.17, 1, 0, 0, 0.09, 80, 89, 25436.33, 67203, 65117
1695396958, 0, 1, 78, 0, 0, 26251.17, 1, 0, 0, 0.07, 81, 89, 25436.33, 67203, 65117
1695396970, 0, 1, 79, 0, 0, 26251.17, 1, 0, 0, 0.09, 82, 89, 25436.33, 67203, 65117
1695396982, 0, 1, 80, 0, 0, 26251.17, 1, 0, 0, 0.09, 83, 89, 25436.33, 67203, 65117
1695396993, 0, 1, 81, 0, 0, 26251.17, 1, 0, 0, 0.08, 84, 89, 25436.33, 67203, 65117
1695397005, 0, 1, 82, 0, 0, 26252.73, 1, 0, 0, 0.08, 85, 89, 25437.89, 67207, 65121
1695397016, 0, 1, 83, 0, 0, 26252.73, 1, 0, 0, 0.09, 86, 89, 25437.89, 67207, 65121
1695397028, 0, 1, 84, 0, 0, 26252.73, 1, 0, 0, 0.09, 87, 89, 25437.89, 67207, 65121
1695397040, 0, 1, 85, 0, 0, 26252.73, 1, 0, 0, 0.09, 88, 89, 25437.89, 67207, 65121
1695397052, 0, 1, 86, 0, 0, 26252.73, 1, 0, 0, 0.08, 89, 89, 25437.89, 67207, 65121
1695397064, 0, 1, 87, 0, 0, 26252.73, 1, 0, 0, 0.08, 90, 89, 25437.89, 67207, 65121
1695397076, 0, 1, 88, 0, 0, 26252.73, 1, 0, 0, 0.08, 91, 89, 25437.89, 67207, 65121
1695397088, 0, 1, 88, 0, 0, 26252.73, 1, 0, 0, 0.08, 92, 89, 25437.89, 67207, 65121
1695397100, 0, 1, 89, 0, 0, 26252.73, 1, 0, 0, 0.08, 93, 89, 25437.89, 67207, 65121
1695397112, 0, 1, 90, 0, 0, 26252.73, 1, 0, 0, 0.08, 94, 89, 25437.89, 67207, 65121
1695397124, 0, 1, 91, 0, 0, 26253.13, 1, 0, 0, 0.08, 95, 89, 25438.28, 67208, 65122
1695397137, 0, 1, 92, 0, 0, 26253.13, 1, 0, 0, 0.08, 96, 89, 25438.28, 67208, 65122
1695397153, 0, 1, 93, 0, 0, 26253.13, 1, 0, 0, 0.06, 97, 89, 25438.28, 67208, 65122
1695397166, 0, 1, 94, 0, 0, 26253.13, 1, 0, 0, 0.08, 98, 89, 25438.28, 67208, 65122
1695397178, 0, 1, 95, 0, 0, 26253.13, 1, 0, 0, 0.09, 99, 89, 25438.28, 67208, 65122
1695397189, 0, 1, 96, 0, 0, 26253.13, 1, 0, 0, 0.09, 100, 89, 25438.28, 67208, 65122
1695397202, 0, 1, 97, 0, 0, 26253.13, 1, 0, 0, 0.08, 101, 89, 25438.28, 67208, 65122
1695397214, 0, 1, 98, 0, 0, 26253.13, 1, 0, 0, 0.08, 102, 89, 25438.28, 67208, 65122
1695397226, 0, 1, 99, 0, 0, 26253.13, 1, 0, 0, 0.09, 103, 89, 25438.28, 67208, 65122
1695397238, 0, 1, 100, 0, 0, 26253.13, 1, 0, 0, 0.08, 104, 89, 25438.28, 67208, 65122
1695397250, 0, 1, 101, 0, 0, 26253.13, 1, 0, 0, 0.08, 105, 89, 25438.28, 67208, 65122
1695397261, 0, 1, 102, 0, 0, 26253.13, 1, 0, 0, 0.09, 106, 89, 25438.28, 67208, 65122
1695397274, 0, 1, 103, 0, 0, 26253.52, 1, 0, 0, 0.08, 107, 89, 25438.67, 67209, 65123
1695397286, 0, 1, 104, 0, 0, 26253.52, 1, 0, 0, 0.08, 108, 89, 25438.67, 67209, 65123
1695397298, 0, 1, 105, 0, 0, 26253.52, 1, 0, 0, 0.08, 109, 89, 25438.67, 67209, 65123
1695397309, 0, 1, 106, 0, 0, 26253.52, 1, 0, 0, 0.09, 110, 89, 25438.67, 67209, 65123
1695397321, 0, 1, 107, 0, 0, 26253.52, 1, 0, 0, 0.08, 111, 89, 25438.67, 67209, 65123
1695397333, 0, 1, 107, 0, 0, 26253.52, 1, 0, 0, 0.08, 112, 89, 25438.67, 67209, 65123
1695397345, 0, 1, 108, 0, 0, 26253.52, 1, 0, 0, 0.08, 113, 89, 25438.67, 67209, 65123
1695397359, 0, 1, 109, 0, 0, 26253.52, 1, 0, 0, 0.07, 114, 89, 25438.67, 67209, 65123
1695397376, 0, 1, 109, 0, 0, 26253.52, 1, 0, 0, 0.06, 115, 89, 25438.67, 67209, 65123
1695397390, 0, 1, 110, 0, 0, 26253.52, 1, 0, 0, 0.07, 116, 89, 25438.67, 67209, 65123
1695397402, 0, 1, 111, 0, 0, 26253.52, 1, 0, 0, 0.08, 117, 89, 25438.67, 67209, 65123
1695397414, 0, 1, 112, 0, 0, 26253.52, 1, 0, 0, 0.08, 118, 89, 25438.67, 67209, 65123
1695397425, 0, 1, 113, 0, 0, 26253.52, 1, 0, 0, 0.08, 119, 89, 25438.67, 67209, 65123
1695397438, 0, 1, 114, 0, 0, 26253.52, 1, 0, 0, 0.08, 120, 89, 25438.67, 67209, 65123
1695397449, 0, 1, 115, 0, 0, 26253.52, 1, 0, 0, 0.09, 121, 89, 25438.67, 67209, 65123
1695397461, 0, 1, 116, 0, 0, 26253.52, 1, 0, 0, 0.08, 122, 89, 25438.67, 67209, 65123
1695397474, 0, 1, 117, 0, 0, 26253.52, 1, 0, 0, 0.08, 123, 89, 25438.67, 67209, 65123
1695397485, 0, 1, 118, 0, 0, 26253.52, 1, 0, 0, 0.08, 124, 89, 25438.67, 67209, 65123
1695397498, 0, 1, 119, 0, 0, 26253.52, 1, 0, 0, 0.08, 125, 89, 25438.67, 67209, 65123
1695397510, 0, 1, 120, 0, 0, 26253.52, 1, 0, 0, 0.08, 126, 89, 25438.67, 67209, 65123
1695397523, 0, 1, 121, 0, 0, 26253.52, 1, 0, 0, 0.08, 127, 89, 25438.67, 67209, 65123
1695397535, 0, 1, 122, 0, 0, 26253.52, 1, 0, 0, 0.08, 128, 89, 25438.67, 67209, 65123
1695397548, 0, 1, 123, 0, 0, 26253.52, 1, 0, 0, 0.08, 129, 89, 25438.67, 67209, 65123
1695397560, 0, 1, 124, 0, 0, 26253.52, 1, 0, 0, 0.08, 130, 89, 25438.67, 67209, 65123
1695397573, 0, 1, 125, 0, 0, 26253.52, 1, 0, 0, 0.08, 131, 89, 25438.67, 67209, 65123
1695397585, 0, 1, 126, 0, 0, 26253.52, 1, 0, 0, 0.08, 132, 89, 25438.67, 67209, 65123
1695397598, 0, 1, 127, 0, 0, 26253.52, 1, 0, 0, 0.08, 133, 89, 25438.67, 67209, 65123
1695397611, 0, 1, 127, 0, 0, 26253.52, 1, 0, 0, 0.08, 134, 89, 25438.67, 67209, 65123
1695397623, 0, 1, 128, 0, 0, 26253.52, 1, 0, 0, 0.08, 135, 89, 25438.67, 67209, 65123
1695397636, 0, 1, 129, 0, 0, 26253.52, 1, 0, 0, 0.08, 136, 89, 25438.67, 67209, 65123
1695397653, 0, 1, 130, 0, 0, 26253.52, 1, 0, 0, 0.06, 137, 89, 25438.67, 67209, 65123
1695397665, 0, 1, 131, 0, 0, 26253.52, 1, 0, 0, 0.08, 138, 89, 25438.67, 67209, 65123
1695397678, 0, 1, 132, 0, 0, 26253.52, 1, 0, 0, 0.08, 139, 89, 25438.67, 67209, 65123
1695397691, 0, 1, 133, 0, 0, 26253.52, 1, 0, 0, 0.08, 140, 89, 25438.67, 67209, 65123
1695397704, 0, 1, 134, 0, 0, 26253.52, 1, 0, 0, 0.07, 141, 89, 25438.67, 67209, 65123
1695397717, 0, 1, 135, 0, 0, 26253.52, 1, 0, 0, 0.08, 142, 89, 25438.67, 67209, 65123
1695397729, 0, 1, 136, 0, 0, 26253.52, 1, 0, 0, 0.08, 143, 89, 25438.67, 67209, 65123
1695397741, 0, 1, 136, 0, 0, 26253.52, 1, 0, 0, 0.08, 144, 89, 25438.67, 67209, 65123
1695397754, 0, 1, 137, 0, 0, 26253.52, 1, 0, 0, 0.08, 145, 89, 25438.67, 67209, 65123
1695397767, 0, 1, 138, 0, 0, 26253.52, 1, 0, 0, 0.08, 146, 89, 25438.67, 67209, 65123
1695397779, 0, 1, 139, 0, 0, 26253.52, 1, 0, 0, 0.08, 147, 89, 25438.67, 67209, 65123
1695397791, 0, 1, 140, 0, 0, 26253.52, 1, 0, 0, 0.08, 148, 89, 25438.67, 67209, 65123
1695397804, 0, 1, 140, 0, 0, 26253.52, 1, 0, 0, 0.08, 149, 89, 25438.67, 67209, 65123
1695397817, 0, 1, 141, 0, 0, 26253.52, 1, 0, 0, 0.08, 150, 89, 25438.67, 67209, 65123
1695397830, 0, 1, 142, 0, 0, 26253.52, 1, 0, 0, 0.07, 151, 89, 25438.67, 67209, 65123
1695397843, 0, 1, 143, 0, 0, 26253.52, 1, 0, 0, 0.08, 152, 89, 25438.67, 67209, 65123
1695397857, 0, 1, 144, 0, 0, 26253.52, 1, 0, 0, 0.07, 153, 89, 25438.67, 67209, 65123
1695397871, 0, 1, 145, 0, 0, 26253.52, 1, 0, 0, 0.07, 154, 89, 25438.67, 67209, 65123
1695397884, 0, 1, 146, 0, 0, 26253.52, 1, 0, 0, 0.07, 155, 89, 25438.67, 67209, 65123
1695397898, 0, 1, 147, 0, 0, 26253.91, 1, 0, 0, 0.07, 156, 89, 25439.06, 67210, 65124
1695397912, 0, 1, 148, 0, 0, 26253.91, 1, 0, 0, 0.07, 157, 89, 25439.06, 67210, 65124
1695397936, 0, 1, 149, 0, 0, 26253.91, 1, 0, 0, 0.04, 158, 89, 25439.06, 67210, 65124
1695397959, 0, 1, 150, 0, 0, 26253.91, 1, 0, 0, 0.04, 159, 89, 25439.06, 67210, 65124
1695397971, 0, 1, 151, 0, 0, 26253.91, 1, 0, 0, 0.08, 160, 89, 25439.06, 67210, 65124
1695397984, 0, 1, 152, 0, 0, 26253.91, 1, 0, 0, 0.08, 161, 89, 25439.06, 67210, 65124
1695397997, 0, 1, 153, 0, 0, 26253.91, 1, 0, 0, 0.08, 162, 89, 25439.06, 67210, 65124
1695398011, 0, 1, 154, 0, 0, 26253.91, 1, 0, 0, 0.07, 163, 89, 25439.06, 67210, 65124
1695398031, 0, 1, 155, 0, 0, 26253.91, 1, 0, 0, 0.05, 164, 89, 25439.06, 67210, 65124
1695398044, 0, 1, 156, 0, 0, 26253.91, 1, 0, 0, 0.08, 165, 89, 25439.06, 67210, 65124
1695398057, 0, 1, 157, 0, 0, 26253.91, 1, 0, 0, 0.08, 166, 89, 25439.06, 67210, 65124
1695398069, 0, 1, 158, 0, 0, 26253.91, 1, 0, 0, 0.08, 167, 89, 25439.06, 67210, 65124
1695398082, 0, 1, 158, 0, 0, 26253.91, 1, 0, 0, 0.08, 168, 89, 25439.06, 67210, 65124
1695398094, 0, 1, 159, 0, 0, 26253.91, 1, 0, 0, 0.08, 169, 89, 25439.06, 67210, 65124
1695398106, 0, 1, 160, 0, 0, 26253.91, 1, 0, 0, 0.08, 170, 89, 25439.06, 67210, 65124
1695398120, 0, 1, 161, 0, 0, 26253.91, 1, 0, 0, 0.08, 171, 89, 25439.06, 67210, 65124
1695398132, 0, 1, 162, 0, 0, 26253.91, 1, 0, 0, 0.08, 172, 89, 25439.06, 67210, 65124
1695398145, 0, 1, 163, 0, 0, 26253.91, 1, 0, 0, 0.08, 173, 89, 25439.06, 67210, 65124
1695398158, 0, 1, 164, 0, 0, 26253.91, 1, 0, 0, 0.08, 174, 89, 25439.06, 67210, 65124
1695398172, 0, 1, 165, 0, 0, 26253.91, 1, 0, 0, 0.07, 175, 89, 25439.06, 67210, 65124
1695398184, 0, 1, 166, 0, 0, 26253.91, 1, 0, 0, 0.08, 176, 89, 25439.06, 67210, 65124
1695398198, 0, 1, 167, 0, 0, 26253.91, 1, 0, 0, 0.07, 177, 89, 25439.06, 67210, 65124
1695398210, 0, 1, 168, 0, 0, 26253.91, 1, 0, 0, 0.08, 178, 89, 25439.06, 67210, 65124
1695398223, 0, 1, 169, 0, 0, 26253.91, 1, 0, 0, 0.08, 179, 89, 25439.06, 67210, 65124
1695398236, 0, 1, 170, 0, 0, 26253.91, 1, 0, 0, 0.08, 180, 89, 25439.06, 67210, 65124
1695398256, 0, 1, 171, 0, 0, 26253.91, 1, 0, 0, 0.05, 181, 89, 25439.06, 67210, 65124
1695398282, 0, 1, 172, 0, 0, 26253.91, 1, 0, 0, 0.04, 182, 89, 25439.06, 67210, 65124
1695398295, 0, 1, 173, 0, 0, 26253.91, 1, 0, 0, 0.08, 183, 89, 25439.06, 67210, 65124
1695398307, 0, 1, 174, 0, 0, 26254.69, 1, 0, 0, 0.08, 184, 89, 25439.84, 67212, 65126
1695398320, 0, 1, 175, 0, 0, 26254.69, 1, 0, 0, 0.08, 185, 89, 25439.84, 67212, 65126
1695398333, 0, 1, 175, 0, 0, 26254.69, 1, 0, 0, 0.08, 186, 89, 25439.84, 67212, 65126
1695398345, 0, 1, 175, 0, 0, 26254.69, 1, 0, 0, 0.08, 187, 89, 25439.84, 67212, 65126
1695398358, 0, 1, 176, 0, 0, 26254.69, 1, 0, 0, 0.08, 188, 89, 25439.84, 67212, 65126
1695398372, 0, 1, 177, 0, 0, 26254.69, 1, 0, 0, 0.07, 189, 89, 25439.84, 67212, 65126
1695398385, 0, 1, 178, 0, 0, 26254.69, 1, 0, 0, 0.08, 190, 89, 25439.84, 67212, 65126
1695398398, 0, 1, 179, 0, 0, 26254.69, 1, 0, 0, 0.08, 191, 89, 25439.84, 67212, 65126
1695398412, 0, 1, 180, 0, 0, 26254.69, 1, 0, 0, 0.07, 192, 89, 25439.84, 67212, 65126
1695398426, 0, 1, 181, 0, 0, 26254.69, 1, 0, 0, 0.07, 193, 89, 25439.84, 67212, 65126
1695398440, 0, 1, 182, 0, 0, 26254.69, 1, 0, 0, 0.07, 194, 89, 25439.84, 67212, 65126
1695398453, 0, 1, 183, 0, 0, 26254.69, 1, 0, 0, 0.07, 195, 89, 25439.84, 67212, 65126
1695398467, 0, 1, 184, 0, 0, 26254.69, 1, 0, 0, 0.07, 196, 89, 25439.84, 67212, 65126
1695398480, 0, 1, 185, 0, 0, 26254.69, 1, 0, 0, 0.08, 197, 89, 25439.84, 67212, 65126
1695398494, 0, 1, 186, 0, 0, 26254.69, 1, 0, 0, 0.07, 198, 89, 25439.84, 67212, 65126
1695398507, 0, 1, 187, 0, 0, 26266.41, 1, 0, 0, 0.08, 199, 89, 25451.56, 67242, 65156
1695398519, 0, 1, 187, 0, 0, 26266.41, 1, 0, 0, 0.08, 200, 89, 25451.56, 67242, 65156
1695398531, 0, 1, 188, 0, 0, 26266.80, 1, 0, 0, 0.08, 201, 89, 25451.95, 67243, 65157
1695398545, 0, 1, 189, 0, 0, 26266.80, 1, 0, 0, 0.07, 202, 89, 25451.95, 67243, 65157
1695398558, 0, 1, 190, 0, 0, 26266.80, 1, 0, 0, 0.08, 203, 89, 25451.95, 67243, 65157
1695398571, 0, 1, 191, 0, 0, 26266.80, 1, 0, 0, 0.08, 204, 89, 25451.95, 67243, 65157
1695398584, 0, 1, 192, 0, 0, 26266.80, 1, 0, 0, 0.08, 205, 89, 25451.95, 67243, 65157
1695398597, 0, 1, 193, 0, 0, 26266.80, 1, 0, 0, 0.08, 206, 89, 25451.95, 67243, 65157
1695398611, 0, 1, 194, 0, 0, 26266.80, 1, 0, 0, 0.08, 207, 89, 25451.95, 67243, 65157
1695398623, 0, 1, 195, 0, 0, 26266.80, 1, 0, 0, 0.08, 208, 89, 25451.95, 67243, 65157
1695398636, 0, 1, 195, 0, 0, 26266.80, 1, 0, 0, 0.08, 209, 89, 25451.95, 67243, 65157
1695398649, 0, 1, 196, 0, 0, 26266.80, 1, 0, 0, 0.08, 210, 89, 25451.95, 67243, 65157
1695398662, 0, 1, 197, 0, 0, 26266.80, 1, 0, 0, 0.07, 211, 89, 25451.95, 67243, 65157
1695398675, 0, 1, 198, 0, 0, 26266.80, 1, 0, 0, 0.08, 212, 89, 25451.95, 67243, 65157
1695398687, 0, 1, 199, 0, 0, 26266.80, 1, 0, 0, 0.08, 213, 89, 25451.95, 67243, 65157
1695398700, 0, 1, 200, 0, 0, 26266.80, 1, 0, 0, 0.08, 214, 89, 25451.95, 67243, 65157
1695398713, 0, 1, 201, 0, 0, 26266.80, 1, 0, 0, 0.07, 215, 89, 25451.95, 67243, 65157
1695398726, 0, 1, 202, 0, 0, 26266.80, 1, 0, 0, 0.07, 216, 89, 25451.95, 67243, 65157
1695398739, 0, 1, 203, 0, 0, 26266.80, 1, 0, 0, 0.08, 217, 89, 25451.95, 67243, 65157
1695398767, 0, 1, 204, 0, 0, 26266.80, 1, 0, 0, 0.04, 218, 89, 25451.95, 67243, 65157
1695398781, 0, 1, 205, 0, 0, 26266.80, 1, 0, 0, 0.07, 219, 89, 25451.95, 67243, 65157
1695398795, 0, 1, 206, 0, 0, 26266.80, 1, 0, 0, 0.07, 220, 89, 25451.95, 67243, 65157
1695398809, 0, 1, 206, 0, 0, 26266.80, 1, 0, 0, 0.07, 221, 89, 25451.95, 67243, 65157
1695398824, 0, 1, 206, 0, 0, 26266.80, 1, 0, 0, 0.07, 222, 89, 25451.95, 67243, 65157
1695398838, 0, 1, 207, 0, 0, 26266.80, 1, 0, 0, 0.07, 223, 89, 25451.95, 67243, 65157
1695398851, 0, 1, 208, 0, 0, 26266.80, 1, 0, 0, 0.08, 224, 89, 25451.95, 67243, 65157
1695398863, 0, 1, 209, 0, 0, 26266.80, 1, 0, 0, 0.08, 225, 89, 25451.95, 67243, 65157
1695398876, 0, 1, 210, 0, 0, 26267.58, 1, 0, 0, 0.08, 226, 89, 25452.73, 67245, 65159
1695398890, 0, 1, 211, 0, 0, 26267.58, 1, 0, 0, 0.07, 227, 89, 25452.73, 67245, 65159
1695398902, 0, 1, 211, 0, 0, 26267.58, 1, 0, 0, 0.08, 228, 89, 25452.73, 67245, 65159
1695398916, 0, 1, 212, 0, 0, 26267.58, 1, 0, 0, 0.07, 229, 89, 25452.73, 67245, 65159
1695398928, 0, 1, 213, 0, 0, 26267.97, 1, 0, 0, 0.08, 230, 89, 25453.13, 67246, 65160
1695398941, 0, 1, 214, 0, 0, 26267.97, 1, 0, 0, 0.08, 231, 89, 25453.13, 67246, 65160
1695398954, 0, 1, 215, 0, 0, 26267.97, 1, 0, 0, 0.08, 232, 89, 25453.13, 67246, 65160
1695398967, 0, 1, 216, 0, 0, 26267.97, 1, 0, 0, 0.08, 233, 89, 25453.13, 67246, 65160
1695398979, 0, 1, 217, 0, 0, 26267.97, 1, 0, 0, 0.08, 234, 89, 25453.13, 67246, 65160
1695398992, 0, 1, 218, 0, 0, 26267.97, 1, 0, 0, 0.08, 235, 89, 25453.13, 67246, 65160
1695399005, 0, 1, 219, 0, 0, 26267.97, 1, 0, 0, 0.08, 236, 89, 25453.13, 67246, 65160
1695399018, 0, 1, 220, 0, 0, 26267.97, 1, 0, 0, 0.08, 237, 89, 25453.13, 67246, 65160
1695399031, 0, 1, 221, 0, 0, 26267.97, 1, 0, 0, 0.08, 238, 89, 25453.13, 67246, 65160
1695399045, 0, 1, 222, 0, 0, 26267.97, 1, 0, 0, 0.07, 239, 89, 25453.13, 67246, 65160
1695399059, 0, 1, 223, 0, 0, 26267.97, 1, 0, 0, 0.07, 240, 89, 25453.13, 67246, 65160
1695399072, 0, 1, 223, 0, 0, 26267.97, 1, 0, 0, 0.07, 241, 89, 25453.13, 67246, 65160
1695399086, 0, 1, 224, 0, 0, 26267.97, 1, 0, 0, 0.07, 242, 89, 25453.13, 67246, 65160
1695399100, 0, 1, 224, 0, 0, 26267.97, 1, 0, 0, 0.07, 243, 89, 25453.13, 67246, 65160
1695399113, 0, 1, 225, 0, 0, 26268.36, 1, 0, 0, 0.08, 244, 89, 25453.52, 67247, 65161
1695399126, 0, 1, 225, 0, 0, 26268.36, 1, 0, 0, 0.07, 245, 89, 25453.52, 67247, 65161
1695399140, 0, 1, 225, 0, 0, 26268.36, 1, 0, 0, 0.07, 246, 89, 25453.52, 67247, 65161
1695399153, 0, 1, 225, 0, 0, 26268.36, 1, 0, 0, 0.08, 247, 89, 25453.52, 67247, 65161
1695399166, 0, 1, 226, 0, 0, 26268.36, 1, 0, 0, 0.08, 248, 89, 25453.52, 67247, 65161
1695399179, 0, 1, 227, 0, 0, 26268.36, 1, 0, 0, 0.08, 249, 89, 25453.52, 67247, 65161
1695399191, 0, 1, 228, 0, 0, 26268.36, 1, 0, 0, 0.08, 250, 89, 25453.52, 67247, 65161
1695399204, 0, 1, 228, 0, 0, 26268.36, 1, 0, 0, 0.08, 251, 89, 25453.52, 67247, 65161
1695399218, 0, 1, 229, 0, 0, 26268.36, 1, 0, 0, 0.07, 252, 89, 25453.52, 67247, 65161
1695399230, 0, 1, 229, 0, 0, 26268.36, 1, 0, 0, 0.08, 253, 89, 25453.52, 67247, 65161
1695399243, 0, 1, 229, 0, 0, 26268.36, 1, 0, 0, 0.08, 254, 89, 25453.52, 67247, 65161
1695399257, 0, 1, 229, 0, 0, 26268.36, 1, 0, 0, 0.07, 255, 89, 25453.52, 67247, 65161
1695399270, 0, 1, 229, 0, 0, 26268.36, 1, 0, 0, 0.08, 256, 89, 25453.52, 67247, 65161
1695399283, 0, 1, 229, 0, 0, 26268.36, 1, 0, 0, 0.08, 257, 89, 25453.52, 67247, 65161
1695399296, 0, 1, 230, 0, 0, 26268.36, 1, 0, 0, 0.08, 258, 89, 25453.52, 67247, 65161
1695399310, 0, 1, 231, 0, 0, 26268.36, 1, 0, 0, 0.07, 259, 89, 25453.52, 67247, 65161
1695399323, 0, 1, 232, 0, 0, 26268.36, 1, 0, 0, 0.07, 260, 89, 25453.52, 67247, 65161
1695399337, 0, 1, 232, 0, 0, 26268.36, 1, 0, 0, 0.07, 261, 89, 25453.52, 67247, 65161
1695399350, 0, 1, 233, 0, 0, 26268.36, 1, 0, 0, 0.08, 262, 89, 25453.52, 67247, 65161
1695399363, 0, 1, 234, 0, 0, 26268.36, 1, 0, 0, 0.08, 263, 89, 25453.52, 67247, 65161
1695399376, 0, 1, 235, 0, 0, 26268.36, 1, 0, 0, 0.07, 264, 89, 25453.52, 67247, 65161
1695399389, 0, 1, 235, 0, 0, 26268.36, 1, 0, 0, 0.08, 265, 89, 25453.52, 67247, 65161
1695399402, 0, 1, 236, 0, 0, 26268.36, 1, 0, 0, 0.08, 266, 89, 25453.52, 67247, 65161
1695399416, 0, 1, 236, 0, 0, 26268.36, 1, 0, 0, 0.07, 267, 89, 25453.52, 67247, 65161
1695399430, 0, 1, 237, 0, 0, 26268.36, 1, 0, 0, 0.07, 268, 89, 25453.52, 67247, 65161
1695399442, 0, 1, 238, 0, 0, 26268.36, 1, 0, 0, 0.08, 269, 89, 25453.52, 67247, 65161
1695399455, 0, 1, 239, 0, 0, 26268.36, 1, 0, 0, 0.08, 270, 89, 25453.52, 67247, 65161
1695399468, 0, 1, 239, 0, 0, 26268.36, 1, 0, 0, 0.08, 271, 89, 25453.52, 67247, 65161
1695399481, 0, 1, 240, 0, 0, 26268.36, 1, 0, 0, 0.08, 272, 89, 25453.52, 67247, 65161
1695399494, 0, 1, 241, 0, 0, 26276.17, 1, 0, 0, 0.08, 273, 89, 25461.33, 67267, 65181
1695399506, 0, 1, 242, 0, 0, 26276.17, 1, 0, 0, 0.08, 274, 89, 25461.33, 67267, 65181
1695399519, 0, 1, 243, 0, 0, 26276.17, 1, 0, 0, 0.08, 275, 89, 25461.33, 67267, 65181
1695399533, 0, 1, 243, 0, 0, 26276.17, 1, 0, 0, 0.08, 276, 89, 25461.33, 67267, 65181
1695399544, 0, 1, 243, 0, 0, 26276.17, 1, 0, 0, 0.08, 277, 89, 25461.33, 67267, 65181
1695399557, 0, 1, 244, 0, 0, 26276.17, 1, 0, 0, 0.08, 278, 89, 25461.33, 67267, 65181
1695399570, 0, 1, 245, 0, 0, 26276.17, 1, 0, 0, 0.08, 279, 89, 25461.33, 67267, 65181
1695399583, 0, 1, 246, 0, 0, 26276.17, 1, 0, 0, 0.08, 280, 89, 25461.33, 67267, 65181
1695399596, 0, 1, 246, 0, 0, 26276.17, 1, 0, 0, 0.08, 281, 89, 25461.33, 67267, 65181
1695399609, 0, 1, 246, 0, 0, 26276.17, 1, 0, 0, 0.07, 282, 89, 25461.33, 67267, 65181
1695399623, 0, 1, 247, 0, 0, 26276.17, 1, 0, 0, 0.08, 283, 89, 25461.33, 67267, 65181
1695399636, 0, 1, 247, 0, 0, 26276.17, 1, 0, 0, 0.08, 284, 89, 25461.33, 67267, 65181
1695399649, 0, 1, 248, 0, 0, 26276.17, 1, 0, 0, 0.07, 285, 89, 25461.33, 67267, 65181
1695399663, 0, 1, 249, 0, 0, 26276.17, 1, 0, 0, 0.07, 286, 89, 25461.33, 67267, 65181
1695399676, 0, 1, 250, 0, 0, 26276.17, 1, 0, 0, 0.07, 287, 89, 25461.33, 67267, 65181
1695399689, 0, 1, 251, 0, 0, 26276.17, 1, 0, 0, 0.08, 288, 89, 25461.33, 67267, 65181
1695399704, 0, 1, 251, 0, 0, 26276.17, 1, 0, 0, 0.07, 289, 89, 25461.33, 67267, 65181
1695399717, 0, 1, 252, 0, 0, 26276.17, 1, 0, 0, 0.07, 290, 89, 25461.33, 67267, 65181
1695399731, 0, 1, 253, 0, 0, 26276.17, 1, 0, 0, 0.08, 291, 89, 25461.33, 67267, 65181
1695399744, 0, 1, 254, 0, 0, 26276.17, 1, 0, 0, 0.08, 292, 89, 25461.33, 67267, 65181
1695399756, 0, 1, 255, 0, 0, 26276.17, 1, 0, 0, 0.08, 293, 89, 25461.33, 67267, 65181
1695399770, 0, 1, 256, 0, 0, 26276.17, 1, 0, 0, 0.08, 294, 89, 25461.33, 67267, 65181
1695399786, 0, 1, 257, 0, 0, 26276.17, 1, 0, 0, 0.06, 295, 89, 25461.33, 67267, 65181
1695399799, 0, 1, 258, 0, 0, 26276.17, 1, 0, 0, 0.07, 296, 89, 25461.33, 67267, 65181
1695399813, 0, 1, 259, 0, 0, 26276.17, 1, 0, 0, 0.08, 297, 89, 25461.33, 67267, 65181
1695399825, 0, 1, 260, 0, 0, 26276.95, 1, 0, 0, 0.08, 298, 89, 25462.11, 67269, 65183
1695399838, 0, 1, 261, 0, 0, 26276.95, 1, 0, 0, 0.08, 299, 89, 25462.11, 67269, 65183
1695399852, 0, 1, 262, 0, 0, 26276.95, 1, 0, 0, 0.08, 300, 89, 25462.11, 67269, 65183
1695399865, 0, 1, 263, 0, 0, 26276.95, 1, 0, 0, 0.08, 301, 89, 25462.11, 67269, 65183
1695399877, 0, 1, 264, 0, 0, 26276.95, 1, 0, 0, 0.08, 302, 89, 25462.11, 67269, 65183
1695399890, 0, 1, 265, 0, 0, 26276.95, 1, 0, 0, 0.08, 303, 89, 25462.11, 67269, 65183
1695399902, 0, 1, 266, 0, 0, 26276.95, 1, 0, 0, 0.08, 304, 89, 25462.11, 67269, 65183
1695399916, 0, 1, 267, 0, 0, 26276.95, 1, 0, 0, 0.07, 305, 89, 25462.11, 67269, 65183
1695399930, 0, 1, 268, 0, 0, 26276.95, 1, 0, 0, 0.07, 306, 89, 25462.11, 67269, 65183
1695399948, 0, 1, 269, 0, 0, 26276.95, 1, 0, 0, 0.06, 307, 89, 25462.11, 67269, 65183
1695399961, 0, 1, 270, 0, 0, 26276.95, 1, 0, 0, 0.08, 308, 89, 25462.11, 67269, 65183
1695399973, 0, 1, 271, 0, 0, 26276.95, 1, 0, 0, 0.08, 309, 89, 25462.11, 67269, 65183
1695399987, 0, 1, 271, 0, 0, 26276.95, 1, 0, 0, 0.07, 310, 89, 25462.11, 67269, 65183
1695400000, 0, 1, 271, 0, 0, 26276.95, 1, 0, 0, 0.08, 311, 89, 25462.11, 67269, 65183
1695400013, 0, 1, 271, 0, 0, 26276.95, 1, 0, 0, 0.08, 312, 89, 25462.11, 67269, 65183
1695400026, 0, 1, 271, 0, 0, 26276.95, 1, 0, 0, 0.08, 313, 89, 25462.11, 67269, 65183
1695400040, 0, 1, 272, 0, 0, 26276.95, 1, 0, 0, 0.07, 314, 89, 25462.11, 67269, 65183
1695400053, 0, 1, 273, 0, 0, 26276.95, 1, 0, 0, 0.08, 315, 89, 25462.11, 67269, 65183
1695400066, 0, 1, 274, 0, 0, 26276.95, 1, 0, 0, 0.08, 316, 89, 25462.11, 67269, 65183
1695400079, 0, 1, 275, 0, 0, 26276.95, 1, 0, 0, 0.08, 317, 89, 25462.11, 67269, 65183
1695400093, 0, 1, 276, 0, 0, 26276.95, 1, 0, 0, 0.07, 318, 89, 25462.11, 67269, 65183
1695400106, 0, 1, 277, 0, 0, 26276.95, 1, 0, 0, 0.08, 319, 89, 25462.11, 67269, 65183
1695400106, 0, 1, 277, 0, 0, 26276.95, 1, 0, 0, 0.00, 319, 89, 25462.11, 67269, 65183
