# unix_time, cycles_done, cur_path, paths_total, pending_total, pending_favs, map_size, unique_crashes, unique_hangs, max_depth, execs_per_sec, valid_inputs, invalid_inputs, valid_cov, all_covered_probes, valid_covered_probes
1695567167, 0, 0, 1, 0, 0, 3849.61, 0, 0, 0, 0.82, 1, 0, 3849.61, 9855, 9855
1695567188, 0, 0, 4, 0, 0, 24725.00, 0, 0, 0, 0.14, 4, 0, 24725.00, 63296, 63296
1695567203, 0, 0, 7, 0, 0, 24744.92, 1, 0, 0, 0.27, 7, 1, 24744.92, 63347, 63347
1695567215, 0, 0, 9, 0, 0, 25528.91, 1, 0, 0, 0.16, 9, 1, 25528.91, 65354, 65354
1695567230, 0, 0, 11, 0, 0, 25841.02, 1, 0, 0, 0.13, 11, 1, 25841.02, 66153, 66153
1695567241, 0, 0, 14, 0, 0, 25851.17, 1, 0, 0, 0.37, 15, 1, 25851.17, 66179, 66179
1695567242, 0, 0, 19, 0, 0, 26003.13, 1, 0, 0, 40.00, 25, 3, 25853.13, 66568, 66184
1695567252, 0, 0, 20, 0, 0, 26003.13, 2, 0, 0, 0.19, 26, 4, 25853.13, 66568, 66184
1695567263, 0, 0, 23, 0, 0, 26017.19, 2, 0, 0, 0.28, 29, 4, 25867.19, 66604, 66220
1695567274, 0, 0, 30, 0, 0, 26284.77, 3, 0, 0, 1.28, 38, 9, 25869.53, 67289, 66226
1695567285, 0, 0, 35, 0, 0, 26296.09, 3, 0, 0, 2.38, 60, 13, 25879.69, 67318, 66252
1695567296, 0, 0, 38, 0, 0, 26299.22, 3, 0, 0, 0.54, 64, 15, 25882.81, 67326, 66260
1695567307, 0, 0, 44, 0, 0, 26311.33, 3, 0, 0, 1.46, 75, 20, 25883.98, 67357, 66263
1695567319, 0, 0, 46, 0, 0, 26311.72, 3, 0, 0, 0.17, 76, 21, 25884.38, 67358, 66264
1695567330, 0, 0, 47, 0, 0, 26312.11, 3, 0, 0, 0.09, 77, 21, 25884.77, 67359, 66265
1695567342, 0, 0, 48, 0, 0, 26312.11, 3, 0, 0, 0.08, 78, 21, 25884.77, 67359, 66265
1695567354, 0, 0, 53, 0, 0, 26315.23, 3, 0, 0, 1.67, 91, 28, 25885.16, 67367, 66266
1695567367, 0, 1, 57, 0, 0, 26323.83, 3, 0, 0, 2.45, 116, 35, 25893.75, 67389, 66288
1695567378, 0, 1, 60, 0, 0, 26326.56, 3, 0, 0, 0.74, 123, 36, 25896.48, 67396, 66295
1695567378, 0, 2, 65, 0, 0, 26326.56, 3, 0, 0, 100.63, 149, 42, 25896.48, 67396, 66295
1695567391, 0, 2, 67, 0, 0, 26331.25, 3, 0, 0, 1.81, 166, 49, 25901.17, 67408, 66307
1695567402, 0, 2, 68, 0, 0, 26331.25, 3, 0, 0, 0.28, 167, 51, 25901.17, 67408, 66307
1695567416, 0, 3, 70, 0, 0, 26332.42, 3, 0, 0, 0.29, 171, 51, 25902.34, 67411, 66310
1695567429, 0, 3, 71, 0, 0, 26332.42, 3, 0, 0, 0.07, 172, 51, 25902.34, 67411, 66310
1695567443, 0, 3, 72, 0, 0, 26332.42, 3, 0, 0, 0.07, 173, 51, 25902.34, 67411, 66310
1695567457, 0, 3, 73, 0, 0, 26333.20, 3, 0, 0, 0.07, 174, 51, 25903.13, 67413, 66312
1695567471, 0, 3, 74, 0, 0, 26333.20, 3, 0, 0, 0.07, 175, 51, 25903.13, 67413, 66312
1695567484, 0, 3, 75, 0, 0, 26333.20, 3, 0, 0, 0.07, 176, 51, 25903.13, 67413, 66312
1695567498, 0, 3, 76, 0, 0, 26333.98, 3, 0, 0, 0.07, 177, 51, 25903.91, 67415, 66314
1695567512, 0, 3, 77, 0, 0, 26349.61, 3, 0, 0, 0.07, 178, 51, 25919.53, 67455, 66354
1695567525, 0, 3, 78, 0, 0, 26349.61, 3, 0, 0, 0.08, 179, 51, 25919.53, 67455, 66354
1695567539, 0, 3, 79, 0, 0, 26349.61, 3, 0, 0, 0.07, 180, 51, 25919.53, 67455, 66354
1695567551, 0, 3, 80, 0, 0, 26349.61, 3, 0, 0, 0.09, 181, 51, 25919.53, 67455, 66354
1695567565, 0, 3, 81, 0, 0, 26349.61, 3, 0, 0, 0.07, 182, 51, 25919.53, 67455, 66354
1695567579, 0, 3, 82, 0, 0, 26349.61, 3, 0, 0, 0.07, 183, 51, 25919.53, 67455, 66354
1695567593, 0, 3, 83, 0, 0, 26349.61, 3, 0, 0, 0.07, 184, 51, 25919.53, 67455, 66354
1695567613, 0, 3, 84, 0, 0, 26349.61, 3, 0, 0, 0.05, 185, 51, 25919.53, 67455, 66354
1695567628, 0, 3, 85, 0, 0, 26349.61, 3, 0, 0, 0.07, 186, 51, 25919.53, 67455, 66354
1695567642, 0, 3, 86, 0, 0, 26349.61, 3, 0, 0, 0.07, 187, 51, 25919.53, 67455, 66354
1695567656, 0, 3, 87, 0, 0, 26349.61, 3, 0, 0, 0.07, 188, 51, 25919.53, 67455, 66354
1695567670, 0, 3, 88, 0, 0, 26349.61, 3, 0, 0, 0.07, 189, 51, 25919.53, 67455, 66354
1695567686, 0, 3, 89, 0, 0, 26350.00, 3, 0, 0, 0.06, 190, 51, 25919.92, 67456, 66355
1695567702, 0, 3, 90, 0, 0, 26350.00, 3, 0, 0, 0.06, 191, 51, 25919.92, 67456, 66355
1695567713, 0, 3, 91, 0, 0, 26350.00, 3, 0, 0, 0.09, 192, 51, 25919.92, 67456, 66355
1695567728, 0, 3, 92, 0, 0, 26350.00, 3, 0, 0, 0.07, 193, 51, 25919.92, 67456, 66355
1695567743, 0, 3, 93, 0, 0, 26350.00, 3, 0, 0, 0.07, 194, 51, 25919.92, 67456, 66355
1695567761, 0, 3, 94, 0, 0, 26350.00, 3, 0, 0, 0.06, 195, 51, 25919.92, 67456, 66355
1695567776, 0, 3, 95, 0, 0, 26350.00, 3, 0, 0, 0.06, 196, 51, 25919.92, 67456, 66355
1695567794, 0, 3, 96, 0, 0, 26350.00, 3, 0, 0, 0.06, 197, 51, 25919.92, 67456, 66355
1695567812, 0, 3, 97, 0, 0, 26350.00, 3, 0, 0, 0.06, 198, 51, 25919.92, 67456, 66355
1695567828, 0, 3, 98, 0, 0, 26350.00, 3, 0, 0, 0.06, 199, 51, 25919.92, 67456, 66355
1695567845, 0, 3, 99, 0, 0, 26350.00, 3, 0, 0, 0.06, 200, 51, 25919.92, 67456, 66355
1695567861, 0, 3, 100, 0, 0, 26350.00, 3, 0, 0, 0.06, 201, 51, 25919.92, 67456, 66355
1695567878, 0, 3, 101, 0, 0, 26350.78, 3, 0, 0, 0.06, 202, 51, 25920.70, 67458, 66357
1695567895, 0, 3, 101, 0, 0, 26350.78, 3, 0, 0, 0.06, 203, 51, 25920.70, 67458, 66357
1695567913, 0, 3, 102, 0, 0, 26350.78, 3, 0, 0, 0.06, 204, 51, 25920.70, 67458, 66357
1695567931, 0, 3, 103, 0, 0, 26350.78, 3, 0, 0, 0.06, 205, 51, 25920.70, 67458, 66357
1695567948, 0, 3, 104, 0, 0, 26350.78, 3, 0, 0, 0.06, 206, 51, 25920.70, 67458, 66357
1695567965, 0, 3, 105, 0, 0, 26350.78, 3, 0, 0, 0.06, 207, 51, 25920.70, 67458, 66357
1695567982, 0, 3, 106, 0, 0, 26350.78, 3, 0, 0, 0.06, 208, 51, 25920.70, 67458, 66357
1695567999, 0, 3, 107, 0, 0, 26350.78, 3, 0, 0, 0.06, 209, 51, 25920.70, 67458, 66357
1695568016, 0, 3, 108, 0, 0, 26350.78, 3, 0, 0, 0.06, 210, 51, 25920.70, 67458, 66357
1695568032, 0, 3, 109, 0, 0, 26351.17, 3, 0, 0, 0.06, 211, 51, 25921.09, 67459, 66358
1695568049, 0, 3, 110, 0, 0, 26351.17, 3, 0, 0, 0.06, 212, 51, 25921.09, 67459, 66358
1695568062, 0, 3, 111, 0, 0, 26351.17, 3, 0, 0, 0.07, 213, 51, 25921.09, 67459, 66358
1695568079, 0, 3, 112, 0, 0, 26351.17, 3, 0, 0, 0.06, 214, 51, 25921.09, 67459, 66358
1695568095, 0, 3, 113, 0, 0, 26351.17, 3, 0, 0, 0.06, 215, 51, 25921.09, 67459, 66358
1695568113, 0, 3, 114, 0, 0, 26351.17, 3, 0, 0, 0.06, 216, 51, 25921.09, 67459, 66358
1695568128, 0, 3, 115, 0, 0, 26351.17, 3, 0, 0, 0.07, 217, 51, 25921.09, 67459, 66358
1695568145, 0, 3, 116, 0, 0, 26351.95, 3, 0, 0, 0.06, 218, 51, 25921.88, 67461, 66360
1695568161, 0, 3, 117, 0, 0, 26351.95, 3, 0, 0, 0.06, 219, 51, 25921.88, 67461, 66360
1695568178, 0, 3, 118, 0, 0, 26351.95, 3, 0, 0, 0.06, 220, 51, 25921.88, 67461, 66360
1695568195, 0, 3, 119, 0, 0, 26351.95, 3, 0, 0, 0.06, 221, 51, 25921.88, 67461, 66360
1695568212, 0, 3, 119, 0, 0, 26351.95, 3, 0, 0, 0.06, 222, 51, 25921.88, 67461, 66360
1695568230, 0, 3, 120, 0, 0, 26351.95, 3, 0, 0, 0.06, 223, 51, 25921.88, 67461, 66360
1695568248, 0, 3, 121, 0, 0, 26351.95, 3, 0, 0, 0.06, 224, 51, 25921.88, 67461, 66360
1695568265, 0, 3, 121, 0, 0, 26351.95, 3, 0, 0, 0.06, 225, 51, 25921.88, 67461, 66360
1695568282, 0, 3, 122, 0, 0, 26351.95, 3, 0, 0, 0.06, 226, 51, 25921.88, 67461, 66360
1695568299, 0, 3, 123, 0, 0, 26352.34, 3, 0, 0, 0.06, 227, 51, 25922.27, 67462, 66361
1695568315, 0, 3, 124, 0, 0, 26352.34, 3, 0, 0, 0.06, 228, 51, 25922.27, 67462, 66361
1695568333, 0, 3, 125, 0, 0, 26352.34, 3, 0, 0, 0.06, 229, 51, 25922.27, 67462, 66361
1695568350, 0, 3, 126, 0, 0, 26352.34, 3, 0, 0, 0.06, 230, 51, 25922.27, 67462, 66361
1695568367, 0, 3, 127, 0, 0, 26352.34, 3, 0, 0, 0.06, 231, 51, 25922.27, 67462, 66361
1695568381, 0, 3, 128, 0, 0, 26352.34, 3, 0, 0, 0.07, 232, 51, 25922.27, 67462, 66361
1695568397, 0, 3, 129, 0, 0, 26352.34, 3, 0, 0, 0.06, 233, 51, 25922.27, 67462, 66361
1695568414, 0, 3, 130, 0, 0, 26352.34, 3, 0, 0, 0.06, 234, 51, 25922.27, 67462, 66361
1695568431, 0, 3, 131, 0, 0, 26352.34, 3, 0, 0, 0.06, 235, 51, 25922.27, 67462, 66361
1695568449, 0, 3, 132, 0, 0, 26352.34, 3, 0, 0, 0.06, 236, 51, 25922.27, 67462, 66361
1695568463, 0, 3, 133, 0, 0, 26352.34, 3, 0, 0, 0.07, 237, 51, 25922.27, 67462, 66361
1695568481, 0, 3, 133, 0, 0, 26352.34, 3, 0, 0, 0.06, 238, 51, 25922.27, 67462, 66361
1695568498, 0, 3, 134, 0, 0, 26352.34, 3, 0, 0, 0.06, 239, 51, 25922.27, 67462, 66361
1695568515, 0, 3, 135, 0, 0, 26352.34, 3, 0, 0, 0.06, 240, 51, 25922.27, 67462, 66361
1695568532, 0, 3, 136, 0, 0, 26352.34, 3, 0, 0, 0.06, 241, 51, 25922.27, 67462, 66361
1695568549, 0, 3, 137, 0, 0, 26352.34, 3, 0, 0, 0.06, 242, 51, 25922.27, 67462, 66361
1695568567, 0, 3, 138, 0, 0, 26352.34, 3, 0, 0, 0.06, 243, 51, 25922.27, 67462, 66361
1695568584, 0, 3, 139, 0, 0, 26352.34, 3, 0, 0, 0.06, 244, 51, 25922.27, 67462, 66361
1695568602, 0, 3, 140, 0, 0, 26352.34, 3, 0, 0, 0.06, 245, 51, 25922.27, 67462, 66361
1695568619, 0, 3, 140, 0, 0, 26352.34, 3, 0, 0, 0.06, 246, 51, 25922.27, 67462, 66361
1695568637, 0, 3, 141, 0, 0, 26352.34, 3, 0, 0, 0.05, 247, 51, 25922.27, 67462, 66361
1695568654, 0, 3, 141, 0, 0, 26352.34, 3, 0, 0, 0.06, 248, 51, 25922.27, 67462, 66361
1695568672, 0, 3, 142, 0, 0, 26352.34, 3, 0, 0, 0.06, 249, 51, 25922.27, 67462, 66361
1695568689, 0, 3, 143, 0, 0, 26352.34, 3, 0, 0, 0.06, 250, 51, 25922.27, 67462, 66361
1695568707, 0, 3, 144, 0, 0, 26352.34, 3, 0, 0, 0.06, 251, 51, 25922.27, 67462, 66361
1695568723, 0, 3, 144, 0, 0, 26352.34, 3, 0, 0, 0.06, 252, 51, 25922.27, 67462, 66361
1695568740, 0, 3, 145, 0, 0, 26352.34, 3, 0, 0, 0.06, 253, 51, 25922.27, 67462, 66361
1695568757, 0, 3, 145, 0, 0, 26352.34, 3, 0, 0, 0.06, 254, 51, 25922.27, 67462, 66361
1695568774, 0, 3, 145, 0, 0, 26352.34, 3, 0, 0, 0.06, 255, 51, 25922.27, 67462, 66361
1695568788, 0, 3, 146, 0, 0, 26352.34, 3, 0, 0, 0.07, 256, 51, 25922.27, 67462, 66361
1695568806, 0, 3, 147, 0, 0, 26352.34, 3, 0, 0, 0.06, 257, 51, 25922.27, 67462, 66361
1695568827, 0, 3, 148, 0, 0, 26353.13, 3, 0, 0, 0.05, 258, 51, 25923.05, 67464, 66363
1695568850, 0, 3, 149, 0, 0, 26353.13, 3, 0, 0, 0.04, 259, 51, 25923.05, 67464, 66363
1695568866, 0, 3, 150, 0, 0, 26353.13, 3, 0, 0, 0.06, 260, 51, 25923.05, 67464, 66363
1695568884, 0, 3, 151, 0, 0, 26353.13, 3, 0, 0, 0.05, 261, 51, 25923.05, 67464, 66363
1695568903, 0, 3, 152, 0, 0, 26353.13, 3, 0, 0, 0.05, 262, 51, 25923.05, 67464, 66363
1695568921, 0, 3, 153, 0, 0, 26353.13, 3, 0, 0, 0.05, 263, 51, 25923.05, 67464, 66363
1695568939, 0, 3, 153, 0, 0, 26353.13, 3, 0, 0, 0.06, 264, 51, 25923.05, 67464, 66363
1695568957, 0, 3, 154, 0, 0, 26353.13, 3, 0, 0, 0.06, 265, 51, 25923.05, 67464, 66363
1695568975, 0, 3, 155, 0, 0, 26353.13, 3, 0, 0, 0.06, 266, 51, 25923.05, 67464, 66363
1695568993, 0, 3, 156, 0, 0, 26353.13, 3, 0, 0, 0.05, 267, 51, 25923.05, 67464, 66363
1695569010, 0, 3, 156, 0, 0, 26353.13, 3, 0, 0, 0.06, 268, 51, 25923.05, 67464, 66363
1695569029, 0, 3, 157, 0, 0, 26353.13, 3, 0, 0, 0.05, 269, 51, 25923.05, 67464, 66363
1695569046, 0, 3, 158, 0, 0, 26353.13, 3, 0, 0, 0.06, 270, 51, 25923.05, 67464, 66363
1695569064, 0, 3, 159, 0, 0, 26353.13, 3, 0, 0, 0.06, 271, 51, 25923.05, 67464, 66363
1695569081, 0, 3, 160, 0, 0, 26353.13, 3, 0, 0, 0.06, 272, 51, 25923.05, 67464, 66363
1695569100, 0, 3, 161, 0, 0, 26353.13, 3, 0, 0, 0.05, 273, 51, 25923.05, 67464, 66363
1695569121, 0, 3, 161, 0, 0, 26353.13, 3, 0, 0, 0.05, 274, 51, 25923.05, 67464, 66363
1695569142, 0, 3, 162, 0, 0, 26353.13, 3, 0, 0, 0.05, 275, 51, 25923.05, 67464, 66363
1695569160, 0, 3, 163, 0, 0, 26353.13, 3, 0, 0, 0.05, 276, 51, 25923.05, 67464, 66363
1695569179, 0, 3, 164, 0, 0, 26353.13, 3, 0, 0, 0.05, 277, 51, 25923.05, 67464, 66363
1695569198, 0, 3, 165, 0, 0, 26353.13, 3, 0, 0, 0.05, 278, 51, 25923.05, 67464, 66363
1695569216, 0, 3, 166, 0, 0, 26353.13, 3, 0, 0, 0.05, 279, 51, 25923.05, 67464, 66363
1695569234, 0, 3, 167, 0, 0, 26353.13, 3, 0, 0, 0.06, 280, 51, 25923.05, 67464, 66363
1695569252, 0, 3, 168, 0, 0, 26353.13, 3, 0, 0, 0.06, 281, 51, 25923.05, 67464, 66363
1695569270, 0, 3, 169, 0, 0, 26353.13, 3, 0, 0, 0.05, 282, 51, 25923.05, 67464, 66363
1695569289, 0, 3, 170, 0, 0, 26353.13, 3, 0, 0, 0.05, 283, 51, 25923.05, 67464, 66363
1695569307, 0, 3, 171, 0, 0, 26353.13, 3, 0, 0, 0.06, 284, 51, 25923.05, 67464, 66363
1695569325, 0, 3, 171, 0, 0, 26353.13, 3, 0, 0, 0.06, 285, 51, 25923.05, 67464, 66363
1695569342, 0, 3, 171, 0, 0, 26353.13, 3, 0, 0, 0.06, 286, 51, 25923.05, 67464, 66363
1695569360, 0, 3, 171, 0, 0, 26353.13, 3, 0, 0, 0.06, 287, 51, 25923.05, 67464, 66363
1695569378, 0, 3, 172, 0, 0, 26353.13, 3, 0, 0, 0.06, 288, 51, 25923.05, 67464, 66363
1695569397, 0, 3, 173, 0, 0, 26353.13, 3, 0, 0, 0.05, 289, 51, 25923.05, 67464, 66363
1695569415, 0, 3, 173, 0, 0, 26353.13, 3, 0, 0, 0.05, 290, 51, 25923.05, 67464, 66363
1695569434, 0, 3, 174, 0, 0, 26353.13, 3, 0, 0, 0.05, 291, 51, 25923.05, 67464, 66363
1695569452, 0, 3, 175, 0, 0, 26353.13, 3, 0, 0, 0.06, 292, 51, 25923.05, 67464, 66363
1695569470, 0, 3, 176, 0, 0, 26353.13, 3, 0, 0, 0.06, 293, 51, 25923.05, 67464, 66363
1695569489, 0, 3, 176, 0, 0, 26353.13, 3, 0, 0, 0.05, 294, 51, 25923.05, 67464, 66363
1695569507, 0, 3, 176, 0, 0, 26353.13, 3, 0, 0, 0.05, 295, 51, 25923.05, 67464, 66363
1695569526, 0, 3, 177, 0, 0, 26353.13, 3, 0, 0, 0.05, 296, 51, 25923.05, 67464, 66363
1695569545, 0, 3, 178, 0, 0, 26353.13, 3, 0, 0, 0.05, 297, 51, 25923.05, 67464, 66363
1695569563, 0, 3, 179, 0, 0, 26353.13, 3, 0, 0, 0.06, 298, 51, 25923.05, 67464, 66363
1695569582, 0, 3, 180, 0, 0, 26353.13, 3, 0, 0, 0.05, 299, 51, 25923.05, 67464, 66363
1695569602, 0, 3, 181, 0, 0, 26353.13, 3, 0, 0, 0.05, 300, 51, 25923.05, 67464, 66363
1695569620, 0, 3, 182, 0, 0, 26353.13, 3, 0, 0, 0.05, 301, 51, 25923.05, 67464, 66363
1695569638, 0, 3, 183, 0, 0, 26353.13, 3, 0, 0, 0.06, 302, 51, 25923.05, 67464, 66363
1695569656, 0, 3, 183, 0, 0, 26353.13, 3, 0, 0, 0.06, 303, 51, 25923.05, 67464, 66363
1695569675, 0, 3, 184, 0, 0, 26353.52, 3, 0, 0, 0.05, 304, 51, 25923.44, 67465, 66364
1695569694, 0, 3, 185, 0, 0, 26353.52, 3, 0, 0, 0.05, 305, 51, 25923.44, 67465, 66364
1695569713, 0, 3, 186, 0, 0, 26353.52, 3, 0, 0, 0.05, 306, 51, 25923.44, 67465, 66364
1695569731, 0, 3, 187, 0, 0, 26353.52, 3, 0, 0, 0.05, 307, 51, 25923.44, 67465, 66364
1695569750, 0, 3, 187, 0, 0, 26353.52, 3, 0, 0, 0.05, 308, 51, 25923.44, 67465, 66364
1695569769, 0, 3, 188, 0, 0, 26353.52, 3, 0, 0, 0.05, 309, 51, 25923.44, 67465, 66364
1695569786, 0, 3, 189, 0, 0, 26353.52, 3, 0, 0, 0.06, 310, 51, 25923.44, 67465, 66364
1695569804, 0, 3, 189, 0, 0, 26353.52, 3, 0, 0, 0.05, 311, 51, 25923.44, 67465, 66364
1695569822, 0, 3, 189, 0, 0, 26353.52, 3, 0, 0, 0.06, 312, 51, 25923.44, 67465, 66364
1695569839, 0, 3, 189, 0, 0, 26353.52, 3, 0, 0, 0.06, 313, 51, 25923.44, 67465, 66364
1695569857, 0, 3, 190, 0, 0, 26353.52, 3, 0, 0, 0.05, 314, 51, 25923.44, 67465, 66364
1695569876, 0, 3, 190, 0, 0, 26353.52, 3, 0, 0, 0.06, 315, 51, 25923.44, 67465, 66364
1695569893, 0, 3, 190, 0, 0, 26353.52, 3, 0, 0, 0.06, 316, 51, 25923.44, 67465, 66364
1695569913, 0, 3, 191, 0, 0, 26353.52, 3, 0, 0, 0.05, 317, 51, 25923.44, 67465, 66364
1695569931, 0, 3, 192, 0, 0, 26353.52, 3, 0, 0, 0.05, 318, 51, 25923.44, 67465, 66364
1695569949, 0, 3, 193, 0, 0, 26353.52, 3, 0, 0, 0.06, 319, 51, 25923.44, 67465, 66364
1695569967, 0, 3, 194, 0, 0, 26353.52, 3, 0, 0, 0.05, 320, 51, 25923.44, 67465, 66364
1695569985, 0, 3, 194, 0, 0, 26353.52, 3, 0, 0, 0.06, 321, 51, 25923.44, 67465, 66364
1695570004, 0, 3, 195, 0, 0, 26353.52, 3, 0, 0, 0.05, 322, 51, 25923.44, 67465, 66364
1695570022, 0, 3, 196, 0, 0, 26353.52, 3, 0, 0, 0.05, 323, 51, 25923.44, 67465, 66364
1695570042, 0, 3, 197, 0, 0, 26353.52, 3, 0, 0, 0.05, 324, 51, 25923.44, 67465, 66364
1695570059, 0, 3, 197, 0, 0, 26353.52, 3, 0, 0, 0.06, 325, 51, 25923.44, 67465, 66364
1695570078, 0, 3, 198, 0, 0, 26353.52, 3, 0, 0, 0.05, 326, 51, 25923.44, 67465, 66364
1695570095, 0, 3, 199, 0, 0, 26353.52, 3, 0, 0, 0.06, 327, 51, 25923.44, 67465, 66364
1695570113, 0, 3, 200, 0, 0, 26353.52, 3, 0, 0, 0.05, 328, 51, 25923.44, 67465, 66364
1695570131, 0, 3, 201, 0, 0, 26353.52, 3, 0, 0, 0.05, 329, 51, 25923.44, 67465, 66364
1695570150, 0, 3, 202, 0, 0, 26353.52, 3, 0, 0, 0.05, 330, 51, 25923.44, 67465, 66364
1695570164, 0, 3, 203, 0, 0, 26353.52, 3, 0, 0, 0.07, 331, 51, 25923.44, 67465, 66364
1695570182, 0, 3, 204, 0, 0, 26353.52, 3, 0, 0, 0.06, 332, 51, 25923.44, 67465, 66364
1695570197, 0, 3, 205, 0, 0, 26353.52, 3, 0, 0, 0.07, 333, 51, 25923.44, 67465, 66364
1695570214, 0, 3, 206, 0, 0, 26353.52, 3, 0, 0, 0.06, 334, 51, 25923.44, 67465, 66364
1695570232, 0, 3, 207, 0, 0, 26353.52, 3, 0, 0, 0.06, 335, 51, 25923.44, 67465, 66364
1695570246, 0, 3, 208, 0, 0, 26353.52, 3, 0, 0, 0.07, 336, 51, 25923.44, 67465, 66364
1695570264, 0, 3, 208, 0, 0, 26353.52, 3, 0, 0, 0.06, 337, 51, 25923.44, 67465, 66364
1695570281, 0, 3, 208, 0, 0, 26353.52, 3, 0, 0, 0.06, 338, 51, 25923.44, 67465, 66364
1695570304, 0, 3, 209, 0, 0, 26353.52, 3, 0, 0, 0.04, 339, 51, 25923.44, 67465, 66364
1695570328, 0, 3, 210, 0, 0, 26353.52, 3, 0, 0, 0.04, 340, 51, 25923.44, 67465, 66364
1695570344, 0, 3, 210, 0, 0, 26353.52, 3, 0, 0, 0.06, 341, 51, 25923.44, 67465, 66364
1695570362, 0, 3, 210, 0, 0, 26353.52, 3, 0, 0, 0.06, 342, 51, 25923.44, 67465, 66364
1695570379, 0, 3, 210, 0, 0, 26353.52, 3, 0, 0, 0.06, 343, 51, 25923.44, 67465, 66364
1695570398, 0, 3, 211, 0, 0, 26353.52, 3, 0, 0, 0.05, 344, 51, 25923.44, 67465, 66364
1695570414, 0, 3, 211, 0, 0, 26353.52, 3, 0, 0, 0.06, 345, 51, 25923.44, 67465, 66364
1695570432, 0, 3, 211, 0, 0, 26353.52, 3, 0, 0, 0.06, 346, 51, 25923.44, 67465, 66364
1695570449, 0, 3, 212, 0, 0, 26353.52, 3, 0, 0, 0.06, 347, 51, 25923.44, 67465, 66364
1695570467, 0, 3, 213, 0, 0, 26353.52, 3, 0, 0, 0.05, 348, 51, 25923.44, 67465, 66364
1695570484, 0, 3, 214, 0, 0, 26353.52, 3, 0, 0, 0.06, 349, 51, 25923.44, 67465, 66364
1695570502, 0, 3, 215, 0, 0, 26353.52, 3, 0, 0, 0.05, 350, 51, 25923.44, 67465, 66364
1695570519, 0, 3, 216, 0, 0, 26353.52, 3, 0, 0, 0.06, 351, 51, 25923.44, 67465, 66364
1695570536, 0, 3, 217, 0, 0, 26353.52, 3, 0, 0, 0.06, 352, 51, 25923.44, 67465, 66364
1695570550, 0, 3, 218, 0, 0, 26360.16, 3, 0, 0, 0.07, 353, 51, 25930.08, 67482, 66381
1695570567, 0, 3, 219, 0, 0, 26360.55, 3, 0, 0, 0.06, 354, 51, 25930.47, 67483, 66382
1695570585, 0, 3, 219, 0, 0, 26360.55, 3, 0, 0, 0.06, 355, 51, 25930.47, 67483, 66382
1695570603, 0, 3, 220, 0, 0, 26360.55, 3, 0, 0, 0.05, 356, 51, 25930.47, 67483, 66382
1695570620, 0, 3, 221, 0, 0, 26360.55, 3, 0, 0, 0.06, 357, 51, 25930.47, 67483, 66382
1695570638, 0, 3, 221, 0, 0, 26360.55, 3, 0, 0, 0.06, 358, 51, 25930.47, 67483, 66382
1695570656, 0, 3, 221, 0, 0, 26360.55, 3, 0, 0, 0.06, 359, 51, 25930.47, 67483, 66382
1695570674, 0, 3, 222, 0, 0, 26360.55, 3, 0, 0, 0.05, 360, 51, 25930.47, 67483, 66382
1695570692, 0, 3, 222, 0, 0, 26360.55, 3, 0, 0, 0.06, 361, 51, 25930.47, 67483, 66382
1695570710, 0, 3, 223, 0, 0, 26360.55, 3, 0, 0, 0.06, 362, 51, 25930.47, 67483, 66382
1695570727, 0, 3, 224, 0, 0, 26360.55, 3, 0, 0, 0.06, 363, 51, 25930.47, 67483, 66382
1695570746, 0, 3, 224, 0, 0, 26360.55, 3, 0, 0, 0.05, 364, 51, 25930.47, 67483, 66382
1695570760, 0, 3, 224, 0, 0, 26360.55, 3, 0, 0, 0.07, 365, 51, 25930.47, 67483, 66382
1695570782, 0, 3, 225, 0, 0, 26360.55, 3, 0, 0, 0.05, 366, 51, 25930.47, 67483, 66382
1695570782, 0, 3, 225, 0, 0, 26360.55, 3, 0, 0, 0.00, 366, 51, 25930.47, 67483, 66382
