# unix_time, cycles_done, cur_path, paths_total, pending_total, pending_favs, map_size, unique_crashes, unique_hangs, max_depth, execs_per_sec, valid_inputs, invalid_inputs, valid_cov, all_covered_probes, valid_covered_probes
1693665208, 0, 0, 1, 0, 0, 981.25, 0, 0, 0, 0.59, 0, 1, 0.00, 2512, 0
1693665217, 0, 0, 2, 0, 0, 7663.67, 0, 0, 0, 0.10, 1, 1, 7135.16, 19619, 18266
1693665225, 0, 0, 9, 0, 0, 7855.86, 0, 0, 0, 3.20, 7, 18, 7337.50, 20111, 18784
1693665227, 0, 0, 13, 0, 0, 8089.06, 1, 0, 0, 6.26, 11, 27, 7564.06, 20708, 19364
1693665227, 0, 0, 16, 0, 0, 8091.41, 1, 0, 0, 22.36, 14, 31, 7566.41, 20714, 19370
1693665229, 0, 0, 20, 0, 0, 8168.36, 1, 0, 0, 24.72, 30, 75, 7574.61, 20911, 19391
1693665234, 0, 1, 23, 0, 0, 8168.36, 1, 0, 0, 3.94, 38, 84, 7574.61, 20911, 19391
1693665238, 0, 1, 24, 0, 0, 8168.36, 1, 0, 0, 0.25, 39, 84, 7574.61, 20911, 19391
1693665242, 0, 1, 25, 0, 0, 8168.36, 1, 0, 0, 0.25, 40, 84, 7574.61, 20911, 19391
1693665246, 0, 1, 26, 0, 0, 8168.36, 1, 0, 0, 0.26, 41, 84, 7574.61, 20911, 19391
1693665249, 0, 1, 27, 0, 0, 8168.36, 1, 0, 0, 0.26, 42, 84, 7574.61, 20911, 19391
1693665253, 0, 1, 28, 0, 0, 8168.36, 1, 0, 0, 0.27, 43, 84, 7574.61, 20911, 19391
1693665255, 0, 1, 29, 0, 0, 8168.36, 1, 0, 0, 0.53, 44, 84, 7574.61, 20911, 19391
1693665259, 0, 1, 30, 0, 0, 8168.36, 1, 0, 0, 0.26, 45, 84, 7574.61, 20911, 19391
1693665263, 0, 1, 31, 0, 0, 8168.36, 1, 0, 0, 0.26, 46, 84, 7574.61, 20911, 19391
1693665267, 0, 1, 32, 0, 0, 8168.36, 1, 0, 0, 0.26, 47, 84, 7574.61, 20911, 19391
1693665270, 0, 1, 33, 0, 0, 8168.36, 1, 0, 0, 0.27, 48, 84, 7574.61, 20911, 19391
1693665274, 0, 1, 34, 0, 0, 8168.36, 1, 0, 0, 0.27, 49, 84, 7574.61, 20911, 19391
1693665278, 0, 1, 35, 0, 0, 8168.36, 1, 0, 0, 0.27, 50, 84, 7574.61, 20911, 19391
1693665281, 0, 1, 36, 0, 0, 8168.36, 1, 0, 0, 0.27, 51, 84, 7574.61, 20911, 19391
1693665285, 0, 1, 37, 0, 0, 8168.36, 1, 0, 0, 0.26, 52, 84, 7574.61, 20911, 19391
1693665289, 0, 1, 37, 0, 0, 8168.36, 1, 0, 0, 0.26, 53, 84, 7574.61, 20911, 19391
1693665293, 0, 1, 37, 0, 0, 8168.36, 1, 0, 0, 0.28, 54, 84, 7574.61, 20911, 19391
1693665297, 0, 1, 38, 0, 0, 8168.36, 1, 0, 0, 0.26, 55, 84, 7574.61, 20911, 19391
1693665300, 0, 1, 39, 0, 0, 8168.36, 1, 0, 0, 0.27, 56, 84, 7574.61, 20911, 19391
1693665304, 0, 1, 39, 0, 0, 8168.36, 1, 0, 0, 0.27, 57, 84, 7574.61, 20911, 19391
1693665308, 0, 1, 39, 0, 0, 8168.36, 1, 0, 0, 0.27, 58, 84, 7574.61, 20911, 19391
1693665311, 0, 1, 39, 0, 0, 8168.36, 1, 0, 0, 0.27, 59, 84, 7574.61, 20911, 19391
1693665315, 0, 1, 40, 0, 0, 8168.36, 1, 0, 0, 0.25, 60, 84, 7574.61, 20911, 19391
1693665319, 0, 1, 40, 0, 0, 8168.36, 1, 0, 0, 0.26, 61, 84, 7574.61, 20911, 19391
1693665323, 0, 1, 40, 0, 0, 8168.36, 1, 0, 0, 0.27, 62, 84, 7574.61, 20911, 19391
1693665327, 0, 1, 40, 0, 0, 8168.36, 1, 0, 0, 0.26, 63, 84, 7574.61, 20911, 19391
1693665330, 0, 1, 41, 0, 0, 8168.36, 1, 0, 0, 0.27, 64, 84, 7574.61, 20911, 19391
1693665334, 0, 1, 42, 0, 0, 8168.36, 1, 0, 0, 0.26, 65, 84, 7574.61, 20911, 19391
1693665338, 0, 1, 43, 0, 0, 8168.36, 1, 0, 0, 0.26, 66, 84, 7574.61, 20911, 19391
1693665342, 0, 1, 43, 0, 0, 8168.36, 1, 0, 0, 0.28, 67, 84, 7574.61, 20911, 19391
1693665346, 0, 1, 43, 0, 0, 8168.36, 1, 0, 0, 0.27, 68, 84, 7574.61, 20911, 19391
1693665349, 0, 1, 43, 0, 0, 8168.36, 1, 0, 0, 0.27, 69, 84, 7574.61, 20911, 19391
1693665353, 0, 1, 43, 0, 0, 8168.36, 1, 0, 0, 0.25, 70, 84, 7574.61, 20911, 19391
1693665357, 0, 1, 43, 0, 0, 8168.36, 1, 0, 0, 0.26, 71, 84, 7574.61, 20911, 19391
1693665361, 0, 1, 44, 0, 0, 8168.36, 1, 0, 0, 0.27, 72, 84, 7574.61, 20911, 19391
1693665365, 0, 1, 45, 0, 0, 8168.36, 1, 0, 0, 0.24, 73, 84, 7574.61, 20911, 19391
1693665369, 0, 1, 45, 0, 0, 8168.36, 1, 0, 0, 0.27, 74, 84, 7574.61, 20911, 19391
1693665372, 0, 1, 45, 0, 0, 8168.36, 1, 0, 0, 0.26, 75, 84, 7574.61, 20911, 19391
1693665376, 0, 1, 46, 0, 0, 8168.36, 1, 0, 0, 0.26, 76, 84, 7574.61, 20911, 19391
1693665380, 0, 1, 47, 0, 0, 8168.36, 1, 0, 0, 0.27, 77, 84, 7574.61, 20911, 19391
1693665384, 0, 1, 48, 0, 0, 8168.36, 1, 0, 0, 0.25, 78, 84, 7574.61, 20911, 19391
1693665388, 0, 1, 49, 0, 0, 8168.36, 1, 0, 0, 0.26, 79, 84, 7574.61, 20911, 19391
1693665392, 0, 1, 49, 0, 0, 8168.36, 1, 0, 0, 0.25, 80, 84, 7574.61, 20911, 19391
1693665396, 0, 1, 50, 0, 0, 8168.36, 1, 0, 0, 0.27, 81, 84, 7574.61, 20911, 19391
1693665399, 0, 1, 50, 0, 0, 8168.36, 1, 0, 0, 0.26, 82, 84, 7574.61, 20911, 19391
1693665403, 0, 1, 50, 0, 0, 8168.36, 1, 0, 0, 0.28, 83, 84, 7574.61, 20911, 19391
1693665407, 0, 1, 50, 0, 0, 8168.36, 1, 0, 0, 0.26, 84, 84, 7574.61, 20911, 19391
1693665411, 0, 1, 51, 0, 0, 8168.36, 1, 0, 0, 0.26, 85, 84, 7574.61, 20911, 19391
1693665415, 0, 1, 52, 0, 0, 8168.36, 1, 0, 0, 0.25, 86, 84, 7574.61, 20911, 19391
1693665419, 0, 1, 53, 0, 0, 8169.14, 1, 0, 0, 0.26, 87, 84, 7575.39, 20913, 19393
1693665423, 0, 1, 53, 0, 0, 8169.14, 1, 0, 0, 0.25, 88, 84, 7575.39, 20913, 19393
1693665426, 0, 1, 53, 0, 0, 8169.14, 1, 0, 0, 0.27, 89, 84, 7575.39, 20913, 19393
1693665430, 0, 1, 53, 0, 0, 8169.14, 1, 0, 0, 0.26, 90, 84, 7575.39, 20913, 19393
1693665434, 0, 1, 54, 0, 0, 8169.14, 1, 0, 0, 0.25, 91, 84, 7575.39, 20913, 19393
1693665438, 0, 1, 54, 0, 0, 8169.14, 1, 0, 0, 0.27, 92, 84, 7575.39, 20913, 19393
1693665442, 0, 1, 54, 0, 0, 8169.14, 1, 0, 0, 0.25, 93, 84, 7575.39, 20913, 19393
1693665446, 0, 1, 54, 0, 0, 8169.14, 1, 0, 0, 0.26, 94, 84, 7575.39, 20913, 19393
1693665449, 0, 1, 55, 0, 0, 8169.14, 1, 0, 0, 0.26, 95, 84, 7575.39, 20913, 19393
1693665453, 0, 1, 56, 0, 0, 8169.14, 1, 0, 0, 0.25, 96, 84, 7575.39, 20913, 19393
1693665457, 0, 1, 57, 0, 0, 8169.14, 1, 0, 0, 0.25, 97, 84, 7575.39, 20913, 19393
1693665462, 0, 1, 58, 0, 0, 8169.14, 1, 0, 0, 0.24, 98, 84, 7575.39, 20913, 19393
1693665466, 0, 1, 59, 0, 0, 8169.14, 1, 0, 0, 0.25, 99, 84, 7575.39, 20913, 19393
1693665470, 0, 1, 59, 0, 0, 8169.14, 1, 0, 0, 0.25, 100, 84, 7575.39, 20913, 19393
1693665474, 0, 1, 59, 0, 0, 8169.14, 1, 0, 0, 0.25, 101, 84, 7575.39, 20913, 19393
1693665478, 0, 1, 60, 0, 0, 8169.14, 1, 0, 0, 0.25, 102, 84, 7575.39, 20913, 19393
1693665482, 0, 1, 60, 0, 0, 8169.14, 1, 0, 0, 0.25, 103, 84, 7575.39, 20913, 19393
1693665486, 0, 1, 60, 0, 0, 8169.14, 1, 0, 0, 0.25, 104, 84, 7575.39, 20913, 19393
1693665489, 0, 1, 60, 0, 0, 8169.14, 1, 0, 0, 0.26, 105, 84, 7575.39, 20913, 19393
1693665493, 0, 1, 61, 0, 0, 8169.14, 1, 0, 0, 0.25, 106, 84, 7575.39, 20913, 19393
1693665497, 0, 1, 61, 0, 0, 8169.14, 1, 0, 0, 0.25, 107, 84, 7575.39, 20913, 19393
1693665502, 0, 1, 62, 0, 0, 8175.78, 1, 0, 0, 0.24, 108, 84, 7582.03, 20930, 19410
1693665506, 0, 1, 63, 0, 0, 8175.78, 1, 0, 0, 0.25, 109, 84, 7582.03, 20930, 19410
1693665510, 0, 1, 63, 0, 0, 8175.78, 1, 0, 0, 0.25, 110, 84, 7582.03, 20930, 19410
1693665514, 0, 1, 64, 0, 0, 8175.78, 1, 0, 0, 0.25, 111, 84, 7582.03, 20930, 19410
1693665518, 0, 1, 65, 0, 0, 8175.78, 1, 0, 0, 0.25, 112, 84, 7582.03, 20930, 19410
1693665521, 0, 1, 65, 0, 0, 8175.78, 1, 0, 0, 0.27, 113, 84, 7582.03, 20930, 19410
1693665525, 0, 1, 65, 0, 0, 8175.78, 1, 0, 0, 0.25, 114, 84, 7582.03, 20930, 19410
1693665529, 0, 1, 66, 0, 0, 8191.80, 1, 0, 0, 0.24, 115, 84, 7598.05, 20971, 19451
1693665533, 0, 1, 67, 0, 0, 8191.80, 1, 0, 0, 0.25, 116, 84, 7598.05, 20971, 19451
1693665537, 0, 1, 67, 0, 0, 8191.80, 1, 0, 0, 0.25, 117, 84, 7598.05, 20971, 19451
1693665541, 0, 1, 67, 0, 0, 8191.80, 1, 0, 0, 0.25, 118, 84, 7598.05, 20971, 19451
1693665545, 0, 1, 68, 0, 0, 8191.80, 1, 0, 0, 0.25, 119, 84, 7598.05, 20971, 19451
1693665550, 0, 1, 69, 0, 0, 8191.80, 1, 0, 0, 0.24, 120, 84, 7598.05, 20971, 19451
1693665554, 0, 1, 69, 0, 0, 8191.80, 1, 0, 0, 0.25, 121, 84, 7598.05, 20971, 19451
1693665558, 0, 1, 70, 0, 0, 8191.80, 1, 0, 0, 0.24, 122, 84, 7598.05, 20971, 19451
1693665562, 0, 1, 70, 0, 0, 8191.80, 1, 0, 0, 0.25, 123, 84, 7598.05, 20971, 19451
1693665566, 0, 1, 71, 0, 0, 8191.80, 1, 0, 0, 0.25, 124, 84, 7598.05, 20971, 19451
1693665570, 0, 1, 71, 0, 0, 8191.80, 1, 0, 0, 0.25, 125, 84, 7598.05, 20971, 19451
1693665573, 0, 1, 71, 0, 0, 8191.80, 1, 0, 0, 0.27, 126, 84, 7598.05, 20971, 19451
1693665577, 0, 1, 71, 0, 0, 8191.80, 1, 0, 0, 0.25, 127, 84, 7598.05, 20971, 19451
1693665581, 0, 1, 71, 0, 0, 8191.80, 1, 0, 0, 0.26, 128, 84, 7598.05, 20971, 19451
1693665585, 0, 1, 71, 0, 0, 8191.80, 1, 0, 0, 0.25, 129, 84, 7598.05, 20971, 19451
1693665589, 0, 1, 71, 0, 0, 8191.80, 1, 0, 0, 0.25, 130, 84, 7598.05, 20971, 19451
1693665593, 0, 1, 71, 0, 0, 8191.80, 1, 0, 0, 0.25, 131, 84, 7598.05, 20971, 19451
1693665597, 0, 1, 71, 0, 0, 8191.80, 1, 0, 0, 0.27, 132, 84, 7598.05, 20971, 19451
1693665600, 0, 1, 71, 0, 0, 8191.80, 1, 0, 0, 0.27, 133, 84, 7598.05, 20971, 19451
1693665603, 0, 1, 72, 0, 0, 8319.53, 1, 0, 0, 0.48, 134, 84, 7725.78, 21298, 19778
1693665606, 0, 1, 72, 0, 0, 8319.53, 1, 0, 0, 0.26, 135, 84, 7725.78, 21298, 19778
1693665610, 0, 1, 73, 0, 0, 8319.53, 1, 0, 0, 0.25, 136, 84, 7725.78, 21298, 19778
1693665614, 0, 1, 73, 0, 0, 8319.53, 1, 0, 0, 0.27, 137, 84, 7725.78, 21298, 19778
1693665618, 0, 1, 74, 0, 0, 8319.53, 1, 0, 0, 0.25, 138, 84, 7725.78, 21298, 19778
1693665622, 0, 1, 74, 0, 0, 8319.53, 1, 0, 0, 0.25, 139, 84, 7725.78, 21298, 19778
1693665626, 0, 1, 74, 0, 0, 8319.53, 1, 0, 0, 0.26, 140, 84, 7725.78, 21298, 19778
1693665630, 0, 1, 74, 0, 0, 8319.53, 1, 0, 0, 0.26, 141, 84, 7725.78, 21298, 19778
1693665634, 0, 1, 74, 0, 0, 8319.53, 1, 0, 0, 0.25, 142, 84, 7725.78, 21298, 19778
1693665638, 0, 1, 74, 0, 0, 8319.53, 1, 0, 0, 0.24, 143, 84, 7725.78, 21298, 19778
1693665642, 0, 1, 75, 0, 0, 8319.53, 1, 0, 0, 0.24, 144, 84, 7725.78, 21298, 19778
1693665646, 0, 1, 75, 0, 0, 8319.53, 1, 0, 0, 0.26, 145, 84, 7725.78, 21298, 19778
1693665650, 0, 1, 75, 0, 0, 8319.53, 1, 0, 0, 0.25, 146, 84, 7725.78, 21298, 19778
1693665654, 0, 1, 75, 0, 0, 8319.53, 1, 0, 0, 0.26, 147, 84, 7725.78, 21298, 19778
1693665658, 0, 1, 76, 0, 0, 8319.53, 1, 0, 0, 0.24, 148, 84, 7725.78, 21298, 19778
1693665662, 0, 1, 77, 0, 0, 8319.53, 1, 0, 0, 0.25, 149, 84, 7725.78, 21298, 19778
1693665666, 0, 1, 77, 0, 0, 8319.53, 1, 0, 0, 0.25, 150, 84, 7725.78, 21298, 19778
1693665670, 0, 1, 77, 0, 0, 8319.53, 1, 0, 0, 0.25, 151, 84, 7725.78, 21298, 19778
1693665674, 0, 1, 78, 0, 0, 8319.53, 1, 0, 0, 0.24, 152, 84, 7725.78, 21298, 19778
1693665678, 0, 1, 78, 0, 0, 8319.53, 1, 0, 0, 0.25, 153, 84, 7725.78, 21298, 19778
1693665682, 0, 1, 78, 0, 0, 8319.53, 1, 0, 0, 0.26, 154, 84, 7725.78, 21298, 19778
1693665686, 0, 1, 78, 0, 0, 8319.53, 1, 0, 0, 0.26, 155, 84, 7725.78, 21298, 19778
1693665690, 0, 1, 78, 0, 0, 8319.53, 1, 0, 0, 0.24, 156, 84, 7725.78, 21298, 19778
1693665694, 0, 1, 78, 0, 0, 8319.53, 1, 0, 0, 0.25, 157, 84, 7725.78, 21298, 19778
1693665698, 0, 1, 78, 0, 0, 8319.53, 1, 0, 0, 0.24, 158, 84, 7725.78, 21298, 19778
1693665703, 0, 1, 78, 0, 0, 8319.53, 1, 0, 0, 0.23, 159, 84, 7725.78, 21298, 19778
1693665707, 0, 1, 79, 0, 0, 8319.53, 1, 0, 0, 0.23, 160, 84, 7725.78, 21298, 19778
1693665711, 0, 1, 80, 0, 0, 8319.53, 1, 0, 0, 0.24, 161, 84, 7725.78, 21298, 19778
1693665716, 0, 1, 81, 0, 0, 8319.53, 1, 0, 0, 0.23, 162, 84, 7725.78, 21298, 19778
1693665719, 0, 1, 81, 0, 0, 8319.53, 1, 0, 0, 0.25, 163, 84, 7725.78, 21298, 19778
1693665724, 0, 1, 81, 0, 0, 8319.53, 1, 0, 0, 0.24, 164, 84, 7725.78, 21298, 19778
1693665728, 0, 1, 81, 0, 0, 8319.53, 1, 0, 0, 0.25, 165, 84, 7725.78, 21298, 19778
1693665732, 0, 1, 81, 0, 0, 8319.53, 1, 0, 0, 0.25, 166, 84, 7725.78, 21298, 19778
1693665736, 0, 1, 81, 0, 0, 8319.53, 1, 0, 0, 0.25, 167, 84, 7725.78, 21298, 19778
1693665740, 0, 1, 81, 0, 0, 8319.53, 1, 0, 0, 0.25, 168, 84, 7725.78, 21298, 19778
1693665744, 0, 1, 81, 0, 0, 8319.53, 1, 0, 0, 0.25, 169, 84, 7725.78, 21298, 19778
1693665748, 0, 1, 81, 0, 0, 8319.53, 1, 0, 0, 0.25, 170, 84, 7725.78, 21298, 19778
1693665752, 0, 1, 81, 0, 0, 8319.53, 1, 0, 0, 0.25, 171, 84, 7725.78, 21298, 19778
1693665756, 0, 1, 81, 0, 0, 8319.53, 1, 0, 0, 0.25, 172, 84, 7725.78, 21298, 19778
1693665760, 0, 1, 81, 0, 0, 8319.53, 1, 0, 0, 0.25, 173, 84, 7725.78, 21298, 19778
1693665764, 0, 1, 81, 0, 0, 8319.53, 1, 0, 0, 0.25, 174, 84, 7725.78, 21298, 19778
1693665768, 0, 1, 82, 0, 0, 8319.53, 1, 0, 0, 0.26, 175, 84, 7725.78, 21298, 19778
1693665772, 0, 1, 83, 0, 0, 8319.53, 1, 0, 0, 0.23, 176, 84, 7725.78, 21298, 19778
1693665776, 0, 1, 84, 0, 0, 8319.53, 1, 0, 0, 0.24, 177, 84, 7725.78, 21298, 19778
1693665780, 0, 1, 84, 0, 0, 8319.53, 1, 0, 0, 0.24, 178, 84, 7725.78, 21298, 19778
1693665785, 0, 1, 84, 0, 0, 8319.53, 1, 0, 0, 0.22, 179, 84, 7725.78, 21298, 19778
1693665789, 0, 1, 84, 0, 0, 8319.53, 1, 0, 0, 0.26, 180, 84, 7725.78, 21298, 19778
1693665793, 0, 1, 84, 0, 0, 8319.53, 1, 0, 0, 0.25, 181, 84, 7725.78, 21298, 19778
1693665797, 0, 1, 84, 0, 0, 8319.53, 1, 0, 0, 0.25, 182, 84, 7725.78, 21298, 19778
1693665801, 0, 1, 84, 0, 0, 8319.53, 1, 0, 0, 0.26, 183, 84, 7725.78, 21298, 19778
1693665805, 0, 1, 84, 0, 0, 8319.53, 1, 0, 0, 0.25, 184, 84, 7725.78, 21298, 19778
1693665809, 0, 1, 84, 0, 0, 8319.53, 1, 0, 0, 0.25, 185, 84, 7725.78, 21298, 19778
1693665812, 0, 1, 84, 0, 0, 8319.53, 1, 0, 0, 0.27, 186, 84, 7725.78, 21298, 19778
1693665816, 0, 1, 84, 0, 0, 8319.53, 1, 0, 0, 0.25, 187, 84, 7725.78, 21298, 19778
1693665820, 0, 1, 84, 0, 0, 8319.53, 1, 0, 0, 0.26, 188, 84, 7725.78, 21298, 19778
1693665824, 0, 1, 84, 0, 0, 8319.53, 1, 0, 0, 0.26, 189, 84, 7725.78, 21298, 19778
1693665828, 0, 1, 84, 0, 0, 8319.53, 1, 0, 0, 0.25, 190, 84, 7725.78, 21298, 19778
1693665832, 0, 1, 84, 0, 0, 8319.53, 1, 0, 0, 0.26, 191, 84, 7725.78, 21298, 19778
1693665836, 0, 1, 84, 0, 0, 8319.53, 1, 0, 0, 0.24, 192, 84, 7725.78, 21298, 19778
1693665840, 0, 1, 84, 0, 0, 8319.53, 1, 0, 0, 0.26, 193, 84, 7725.78, 21298, 19778
1693665844, 0, 1, 84, 0, 0, 8319.53, 1, 0, 0, 0.25, 194, 84, 7725.78, 21298, 19778
1693665848, 0, 1, 84, 0, 0, 8319.53, 1, 0, 0, 0.25, 195, 84, 7725.78, 21298, 19778
1693665852, 0, 1, 84, 0, 0, 8319.53, 1, 0, 0, 0.26, 196, 84, 7725.78, 21298, 19778
1693665856, 0, 1, 84, 0, 0, 8319.53, 1, 0, 0, 0.24, 197, 84, 7725.78, 21298, 19778
1693665860, 0, 1, 84, 0, 0, 8319.53, 1, 0, 0, 0.26, 198, 84, 7725.78, 21298, 19778
1693665863, 0, 1, 84, 0, 0, 8319.53, 1, 0, 0, 0.26, 199, 84, 7725.78, 21298, 19778
1693665868, 0, 1, 85, 0, 0, 8319.53, 1, 0, 0, 0.24, 200, 84, 7725.78, 21298, 19778
1693665872, 0, 1, 86, 0, 0, 8319.53, 1, 0, 0, 0.25, 201, 84, 7725.78, 21298, 19778
1693665876, 0, 1, 86, 0, 0, 8319.53, 1, 0, 0, 0.23, 202, 84, 7725.78, 21298, 19778
1693665880, 0, 1, 86, 0, 0, 8319.53, 1, 0, 0, 0.23, 203, 84, 7725.78, 21298, 19778
1693665885, 0, 1, 87, 0, 0, 8319.53, 1, 0, 0, 0.22, 204, 84, 7725.78, 21298, 19778
1693665889, 0, 1, 88, 0, 0, 8319.53, 1, 0, 0, 0.23, 205, 84, 7725.78, 21298, 19778
1693665893, 0, 1, 89, 0, 0, 8319.53, 1, 0, 0, 0.26, 206, 84, 7725.78, 21298, 19778
1693665897, 0, 1, 90, 0, 0, 8319.53, 1, 0, 0, 0.24, 207, 84, 7725.78, 21298, 19778
1693665901, 0, 1, 90, 0, 0, 8319.53, 1, 0, 0, 0.24, 208, 84, 7725.78, 21298, 19778
1693665906, 0, 1, 91, 0, 0, 8320.31, 1, 0, 0, 0.24, 209, 84, 7726.56, 21300, 19780
1693665910, 0, 1, 91, 0, 0, 8320.31, 1, 0, 0, 0.24, 210, 84, 7726.56, 21300, 19780
1693665914, 0, 1, 91, 0, 0, 8320.31, 1, 0, 0, 0.24, 211, 84, 7726.56, 21300, 19780
1693665918, 0, 1, 91, 0, 0, 8320.31, 1, 0, 0, 0.26, 212, 84, 7726.56, 21300, 19780
1693665922, 0, 1, 91, 0, 0, 8320.31, 1, 0, 0, 0.25, 213, 84, 7726.56, 21300, 19780
1693665926, 0, 1, 92, 0, 0, 8320.31, 1, 0, 0, 0.24, 214, 84, 7726.56, 21300, 19780
1693665930, 0, 1, 93, 0, 0, 8320.31, 1, 0, 0, 0.23, 215, 84, 7726.56, 21300, 19780
1693665934, 0, 1, 93, 0, 0, 8320.31, 1, 0, 0, 0.25, 216, 84, 7726.56, 21300, 19780
1693665938, 0, 1, 93, 0, 0, 8320.31, 1, 0, 0, 0.24, 217, 84, 7726.56, 21300, 19780
1693665942, 0, 1, 93, 0, 0, 8320.31, 1, 0, 0, 0.24, 218, 84, 7726.56, 21300, 19780
1693665946, 0, 1, 94, 0, 0, 8321.48, 1, 0, 0, 0.25, 219, 84, 7727.73, 21303, 19783
1693665951, 0, 1, 94, 0, 0, 8321.48, 1, 0, 0, 0.24, 220, 84, 7727.73, 21303, 19783
1693665955, 0, 1, 94, 0, 0, 8321.48, 1, 0, 0, 0.25, 221, 84, 7727.73, 21303, 19783
1693665959, 0, 1, 94, 0, 0, 8321.48, 1, 0, 0, 0.24, 222, 84, 7727.73, 21303, 19783
1693665963, 0, 1, 95, 0, 0, 8321.48, 1, 0, 0, 0.24, 223, 84, 7727.73, 21303, 19783
1693665967, 0, 1, 95, 0, 0, 8321.48, 1, 0, 0, 0.26, 224, 84, 7727.73, 21303, 19783
1693665971, 0, 1, 95, 0, 0, 8321.48, 1, 0, 0, 0.26, 225, 84, 7727.73, 21303, 19783
1693665975, 0, 1, 96, 0, 0, 8321.48, 1, 0, 0, 0.24, 226, 84, 7727.73, 21303, 19783
1693665980, 0, 1, 97, 0, 0, 8321.48, 1, 0, 0, 0.21, 227, 84, 7727.73, 21303, 19783
1693665984, 0, 1, 97, 0, 0, 8321.48, 1, 0, 0, 0.22, 228, 84, 7727.73, 21303, 19783
1693665989, 0, 1, 97, 0, 0, 8321.48, 1, 0, 0, 0.22, 229, 84, 7727.73, 21303, 19783
1693665993, 0, 1, 97, 0, 0, 8321.48, 1, 0, 0, 0.24, 230, 84, 7727.73, 21303, 19783
1693665995, 0, 1, 98, 0, 0, 8321.48, 1, 0, 0, 0.41, 231, 84, 7727.73, 21303, 19783
1693665999, 0, 1, 99, 0, 0, 8321.48, 1, 0, 0, 0.24, 232, 84, 7727.73, 21303, 19783
1693666004, 0, 1, 99, 0, 0, 8321.48, 1, 0, 0, 0.22, 233, 84, 7727.73, 21303, 19783
1693666008, 0, 1, 99, 0, 0, 8321.48, 1, 0, 0, 0.22, 234, 84, 7727.73, 21303, 19783
1693666013, 0, 1, 99, 0, 0, 8321.48, 1, 0, 0, 0.23, 235, 84, 7727.73, 21303, 19783
1693666017, 0, 1, 99, 0, 0, 8321.48, 1, 0, 0, 0.24, 236, 84, 7727.73, 21303, 19783
1693666021, 0, 1, 99, 0, 0, 8321.48, 1, 0, 0, 0.24, 237, 84, 7727.73, 21303, 19783
1693666025, 0, 1, 99, 0, 0, 8321.48, 1, 0, 0, 0.23, 238, 84, 7727.73, 21303, 19783
1693666030, 0, 1, 100, 0, 0, 8321.48, 1, 0, 0, 0.22, 239, 84, 7727.73, 21303, 19783
1693666034, 0, 1, 100, 0, 0, 8321.48, 1, 0, 0, 0.23, 240, 84, 7727.73, 21303, 19783
1693666039, 0, 1, 100, 0, 0, 8321.48, 1, 0, 0, 0.22, 241, 84, 7727.73, 21303, 19783
1693666043, 0, 1, 100, 0, 0, 8321.48, 1, 0, 0, 0.23, 242, 84, 7727.73, 21303, 19783
1693666048, 0, 1, 100, 0, 0, 8321.48, 1, 0, 0, 0.22, 243, 84, 7727.73, 21303, 19783
1693666052, 0, 1, 100, 0, 0, 8321.48, 1, 0, 0, 0.23, 244, 84, 7727.73, 21303, 19783
1693666056, 0, 1, 100, 0, 0, 8321.48, 1, 0, 0, 0.23, 245, 84, 7727.73, 21303, 19783
1693666061, 0, 1, 100, 0, 0, 8321.48, 1, 0, 0, 0.23, 246, 84, 7727.73, 21303, 19783
1693666065, 0, 1, 100, 0, 0, 8321.48, 1, 0, 0, 0.24, 247, 84, 7727.73, 21303, 19783
1693666069, 0, 1, 100, 0, 0, 8321.48, 1, 0, 0, 0.22, 248, 84, 7727.73, 21303, 19783
1693666074, 0, 1, 100, 0, 0, 8321.48, 1, 0, 0, 0.24, 249, 84, 7727.73, 21303, 19783
1693666078, 0, 1, 100, 0, 0, 8321.48, 1, 0, 0, 0.24, 250, 84, 7727.73, 21303, 19783
1693666082, 0, 1, 100, 0, 0, 8321.48, 1, 0, 0, 0.23, 251, 84, 7727.73, 21303, 19783
1693666087, 0, 1, 100, 0, 0, 8321.48, 1, 0, 0, 0.23, 252, 84, 7727.73, 21303, 19783
1693666091, 0, 1, 101, 0, 0, 8321.48, 1, 0, 0, 0.24, 253, 84, 7727.73, 21303, 19783
1693666095, 0, 1, 101, 0, 0, 8321.48, 1, 0, 0, 0.24, 254, 84, 7727.73, 21303, 19783
1693666099, 0, 1, 101, 0, 0, 8321.48, 1, 0, 0, 0.25, 255, 84, 7727.73, 21303, 19783
1693666103, 0, 1, 101, 0, 0, 8321.48, 1, 0, 0, 0.24, 256, 84, 7727.73, 21303, 19783
1693666106, 0, 1, 102, 0, 0, 8321.48, 1, 0, 0, 0.37, 257, 84, 7727.73, 21303, 19783
1693666110, 0, 1, 102, 0, 0, 8321.48, 1, 0, 0, 0.24, 258, 84, 7727.73, 21303, 19783
1693666115, 0, 1, 102, 0, 0, 8321.48, 1, 0, 0, 0.22, 259, 84, 7727.73, 21303, 19783
1693666119, 0, 1, 102, 0, 0, 8321.48, 1, 0, 0, 0.23, 260, 84, 7727.73, 21303, 19783
1693666124, 0, 1, 103, 0, 0, 8328.13, 1, 0, 0, 0.21, 261, 84, 7734.38, 21320, 19800
1693666128, 0, 1, 103, 0, 0, 8328.13, 1, 0, 0, 0.24, 262, 84, 7734.38, 21320, 19800
1693666132, 0, 1, 103, 0, 0, 8328.13, 1, 0, 0, 0.23, 263, 84, 7734.38, 21320, 19800
1693666136, 0, 1, 103, 0, 0, 8328.13, 1, 0, 0, 0.25, 264, 84, 7734.38, 21320, 19800
1693666140, 0, 1, 103, 0, 0, 8328.13, 1, 0, 0, 0.23, 265, 84, 7734.38, 21320, 19800
1693666145, 0, 1, 104, 0, 0, 8328.13, 1, 0, 0, 0.22, 266, 84, 7734.38, 21320, 19800
1693666149, 0, 1, 104, 0, 0, 8328.13, 1, 0, 0, 0.23, 267, 84, 7734.38, 21320, 19800
1693666154, 0, 1, 104, 0, 0, 8328.13, 1, 0, 0, 0.24, 268, 84, 7734.38, 21320, 19800
1693666158, 0, 1, 104, 0, 0, 8328.13, 1, 0, 0, 0.23, 269, 84, 7734.38, 21320, 19800
1693666162, 0, 1, 104, 0, 0, 8328.13, 1, 0, 0, 0.24, 270, 84, 7734.38, 21320, 19800
1693666166, 0, 1, 104, 0, 0, 8328.13, 1, 0, 0, 0.23, 271, 84, 7734.38, 21320, 19800
1693666171, 0, 1, 104, 0, 0, 8328.13, 1, 0, 0, 0.24, 272, 84, 7734.38, 21320, 19800
1693666175, 0, 1, 104, 0, 0, 8328.13, 1, 0, 0, 0.22, 273, 84, 7734.38, 21320, 19800
1693666179, 0, 1, 104, 0, 0, 8328.13, 1, 0, 0, 0.24, 274, 84, 7734.38, 21320, 19800
1693666183, 0, 1, 104, 0, 0, 8328.13, 1, 0, 0, 0.24, 275, 84, 7734.38, 21320, 19800
1693666188, 0, 1, 104, 0, 0, 8328.13, 1, 0, 0, 0.21, 276, 84, 7734.38, 21320, 19800
1693666193, 0, 1, 104, 0, 0, 8328.13, 1, 0, 0, 0.22, 277, 84, 7734.38, 21320, 19800
1693666197, 0, 1, 104, 0, 0, 8328.13, 1, 0, 0, 0.23, 278, 84, 7734.38, 21320, 19800
1693666201, 0, 1, 104, 0, 0, 8328.13, 1, 0, 0, 0.23, 279, 84, 7734.38, 21320, 19800
1693666206, 0, 1, 104, 0, 0, 8328.13, 1, 0, 0, 0.23, 280, 84, 7734.38, 21320, 19800
1693666210, 0, 1, 104, 0, 0, 8328.13, 1, 0, 0, 0.23, 281, 84, 7734.38, 21320, 19800
1693666214, 0, 1, 105, 0, 0, 8328.13, 1, 0, 0, 0.23, 282, 84, 7734.38, 21320, 19800
1693666219, 0, 1, 105, 0, 0, 8328.13, 1, 0, 0, 0.23, 283, 84, 7734.38, 21320, 19800
1693666223, 0, 1, 105, 0, 0, 8328.13, 1, 0, 0, 0.21, 284, 84, 7734.38, 21320, 19800
1693666228, 0, 1, 106, 0, 0, 8328.13, 1, 0, 0, 0.24, 285, 84, 7734.38, 21320, 19800
1693666232, 0, 1, 106, 0, 0, 8328.13, 1, 0, 0, 0.23, 286, 84, 7734.38, 21320, 19800
1693666237, 0, 1, 106, 0, 0, 8328.13, 1, 0, 0, 0.21, 287, 84, 7734.38, 21320, 19800
1693666241, 0, 1, 107, 0, 0, 8328.13, 1, 0, 0, 0.22, 288, 84, 7734.38, 21320, 19800
1693666246, 0, 1, 108, 0, 0, 8328.13, 1, 0, 0, 0.21, 289, 84, 7734.38, 21320, 19800
1693666251, 0, 1, 109, 0, 0, 8328.13, 1, 0, 0, 0.21, 290, 84, 7734.38, 21320, 19800
1693666255, 0, 1, 109, 0, 0, 8328.13, 1, 0, 0, 0.23, 291, 84, 7734.38, 21320, 19800
1693666260, 0, 1, 110, 0, 0, 8328.13, 1, 0, 0, 0.22, 292, 84, 7734.38, 21320, 19800
1693666264, 0, 1, 111, 0, 0, 8328.13, 1, 0, 0, 0.22, 293, 84, 7734.38, 21320, 19800
1693666269, 0, 1, 111, 0, 0, 8328.13, 1, 0, 0, 0.23, 294, 84, 7734.38, 21320, 19800
1693666273, 0, 1, 111, 0, 0, 8328.13, 1, 0, 0, 0.22, 295, 84, 7734.38, 21320, 19800
1693666278, 0, 1, 111, 0, 0, 8328.13, 1, 0, 0, 0.22, 296, 84, 7734.38, 21320, 19800
1693666282, 0, 1, 111, 0, 0, 8328.13, 1, 0, 0, 0.25, 297, 84, 7734.38, 21320, 19800
1693666286, 0, 1, 111, 0, 0, 8328.13, 1, 0, 0, 0.22, 298, 84, 7734.38, 21320, 19800
1693666290, 0, 1, 111, 0, 0, 8328.13, 1, 0, 0, 0.23, 299, 84, 7734.38, 21320, 19800
1693666295, 0, 1, 111, 0, 0, 8328.13, 1, 0, 0, 0.22, 300, 84, 7734.38, 21320, 19800
1693666299, 0, 1, 111, 0, 0, 8328.13, 1, 0, 0, 0.23, 301, 84, 7734.38, 21320, 19800
1693666304, 0, 1, 111, 0, 0, 8328.13, 1, 0, 0, 0.23, 302, 84, 7734.38, 21320, 19800
1693666308, 0, 1, 111, 0, 0, 8328.13, 1, 0, 0, 0.23, 303, 84, 7734.38, 21320, 19800
1693666313, 0, 1, 111, 0, 0, 8328.13, 1, 0, 0, 0.22, 304, 84, 7734.38, 21320, 19800
1693666317, 0, 1, 111, 0, 0, 8328.13, 1, 0, 0, 0.24, 305, 84, 7734.38, 21320, 19800
1693666321, 0, 1, 111, 0, 0, 8328.13, 1, 0, 0, 0.24, 306, 84, 7734.38, 21320, 19800
1693666325, 0, 1, 111, 0, 0, 8328.13, 1, 0, 0, 0.23, 307, 84, 7734.38, 21320, 19800
1693666330, 0, 1, 111, 0, 0, 8328.13, 1, 0, 0, 0.23, 308, 84, 7734.38, 21320, 19800
1693666334, 0, 1, 111, 0, 0, 8328.13, 1, 0, 0, 0.23, 309, 84, 7734.38, 21320, 19800
1693666338, 0, 1, 111, 0, 0, 8328.13, 1, 0, 0, 0.23, 310, 84, 7734.38, 21320, 19800
1693666343, 0, 1, 111, 0, 0, 8328.13, 1, 0, 0, 0.22, 311, 84, 7734.38, 21320, 19800
1693666347, 0, 1, 111, 0, 0, 8328.13, 1, 0, 0, 0.22, 312, 84, 7734.38, 21320, 19800
1693666352, 0, 1, 111, 0, 0, 8328.13, 1, 0, 0, 0.22, 313, 84, 7734.38, 21320, 19800
1693666356, 0, 1, 111, 0, 0, 8328.13, 1, 0, 0, 0.23, 314, 84, 7734.38, 21320, 19800
1693666360, 0, 1, 111, 0, 0, 8328.13, 1, 0, 0, 0.23, 315, 84, 7734.38, 21320, 19800
1693666365, 0, 1, 111, 0, 0, 8328.13, 1, 0, 0, 0.22, 316, 84, 7734.38, 21320, 19800
1693666370, 0, 1, 111, 0, 0, 8328.13, 1, 0, 0, 0.22, 317, 84, 7734.38, 21320, 19800
1693666374, 0, 1, 111, 0, 0, 8328.13, 1, 0, 0, 0.22, 318, 84, 7734.38, 21320, 19800
1693666378, 0, 1, 111, 0, 0, 8328.13, 1, 0, 0, 0.23, 319, 84, 7734.38, 21320, 19800
1693666383, 0, 1, 111, 0, 0, 8328.13, 1, 0, 0, 0.21, 320, 84, 7734.38, 21320, 19800
1693666387, 0, 1, 111, 0, 0, 8328.13, 1, 0, 0, 0.24, 321, 84, 7734.38, 21320, 19800
1693666392, 0, 1, 111, 0, 0, 8328.13, 1, 0, 0, 0.22, 322, 84, 7734.38, 21320, 19800
1693666396, 0, 1, 111, 0, 0, 8328.13, 1, 0, 0, 0.22, 323, 84, 7734.38, 21320, 19800
1693666401, 0, 1, 111, 0, 0, 8328.13, 1, 0, 0, 0.23, 324, 84, 7734.38, 21320, 19800
1693666405, 0, 1, 111, 0, 0, 8328.13, 1, 0, 0, 0.21, 325, 84, 7734.38, 21320, 19800
1693666408, 0, 1, 112, 0, 0, 8328.13, 1, 0, 0, 0.35, 326, 84, 7734.38, 21320, 19800
1693666413, 0, 1, 112, 0, 0, 8328.13, 1, 0, 0, 0.22, 327, 84, 7734.38, 21320, 19800
1693666418, 0, 1, 112, 0, 0, 8328.13, 1, 0, 0, 0.22, 328, 84, 7734.38, 21320, 19800
1693666422, 0, 1, 112, 0, 0, 8328.13, 1, 0, 0, 0.21, 329, 84, 7734.38, 21320, 19800
1693666426, 0, 1, 112, 0, 0, 8328.13, 1, 0, 0, 0.24, 330, 84, 7734.38, 21320, 19800
1693666431, 0, 1, 113, 0, 0, 8328.13, 1, 0, 0, 0.21, 331, 84, 7734.38, 21320, 19800
1693666436, 0, 1, 113, 0, 0, 8328.13, 1, 0, 0, 0.22, 332, 84, 7734.38, 21320, 19800
1693666440, 0, 1, 113, 0, 0, 8328.13, 1, 0, 0, 0.22, 333, 84, 7734.38, 21320, 19800
1693666444, 0, 1, 113, 0, 0, 8328.13, 1, 0, 0, 0.24, 334, 84, 7734.38, 21320, 19800
1693666449, 0, 1, 113, 0, 0, 8328.13, 1, 0, 0, 0.23, 335, 84, 7734.38, 21320, 19800
1693666453, 0, 1, 113, 0, 0, 8328.13, 1, 0, 0, 0.22, 336, 84, 7734.38, 21320, 19800
1693666458, 0, 1, 113, 0, 0, 8328.13, 1, 0, 0, 0.22, 337, 84, 7734.38, 21320, 19800
1693666463, 0, 1, 113, 0, 0, 8328.13, 1, 0, 0, 0.21, 338, 84, 7734.38, 21320, 19800
1693666467, 0, 1, 113, 0, 0, 8328.13, 1, 0, 0, 0.22, 339, 84, 7734.38, 21320, 19800
1693666471, 0, 1, 113, 0, 0, 8328.13, 1, 0, 0, 0.24, 340, 84, 7734.38, 21320, 19800
1693666476, 0, 1, 113, 0, 0, 8328.13, 1, 0, 0, 0.22, 341, 84, 7734.38, 21320, 19800
1693666480, 0, 1, 113, 0, 0, 8328.13, 1, 0, 0, 0.22, 342, 84, 7734.38, 21320, 19800
1693666485, 0, 1, 113, 0, 0, 8328.13, 1, 0, 0, 0.23, 343, 84, 7734.38, 21320, 19800
1693666489, 0, 1, 113, 0, 0, 8328.13, 1, 0, 0, 0.21, 344, 84, 7734.38, 21320, 19800
1693666494, 0, 1, 113, 0, 0, 8328.13, 1, 0, 0, 0.21, 345, 84, 7734.38, 21320, 19800
1693666499, 0, 1, 113, 0, 0, 8328.13, 1, 0, 0, 0.21, 346, 84, 7734.38, 21320, 19800
1693666503, 0, 1, 113, 0, 0, 8328.13, 1, 0, 0, 0.23, 347, 84, 7734.38, 21320, 19800
1693666508, 0, 1, 113, 0, 0, 8328.13, 1, 0, 0, 0.22, 348, 84, 7734.38, 21320, 19800
1693666512, 0, 1, 113, 0, 0, 8328.13, 1, 0, 0, 0.22, 349, 84, 7734.38, 21320, 19800
1693666516, 0, 1, 113, 0, 0, 8328.13, 1, 0, 0, 0.23, 350, 84, 7734.38, 21320, 19800
1693666521, 0, 1, 113, 0, 0, 8328.13, 1, 0, 0, 0.22, 351, 84, 7734.38, 21320, 19800
1693666526, 0, 1, 113, 0, 0, 8328.13, 1, 0, 0, 0.20, 352, 84, 7734.38, 21320, 19800
1693666531, 0, 1, 113, 0, 0, 8328.13, 1, 0, 0, 0.22, 353, 84, 7734.38, 21320, 19800
1693666535, 0, 1, 113, 0, 0, 8328.13, 1, 0, 0, 0.23, 354, 84, 7734.38, 21320, 19800
1693666538, 0, 1, 114, 0, 0, 8328.13, 1, 0, 0, 0.39, 355, 84, 7734.38, 21320, 19800
1693666542, 0, 1, 114, 0, 0, 8328.13, 1, 0, 0, 0.21, 356, 84, 7734.38, 21320, 19800
1693666547, 0, 1, 114, 0, 0, 8328.13, 1, 0, 0, 0.22, 357, 84, 7734.38, 21320, 19800
1693666552, 0, 1, 115, 0, 0, 8328.13, 1, 0, 0, 0.19, 358, 84, 7734.38, 21320, 19800
1693666557, 0, 1, 115, 0, 0, 8328.13, 1, 0, 0, 0.22, 359, 84, 7734.38, 21320, 19800
1693666561, 0, 1, 115, 0, 0, 8328.13, 1, 0, 0, 0.22, 360, 84, 7734.38, 21320, 19800
1693666566, 0, 1, 115, 0, 0, 8328.13, 1, 0, 0, 0.21, 361, 84, 7734.38, 21320, 19800
1693666571, 0, 1, 115, 0, 0, 8328.13, 1, 0, 0, 0.21, 362, 84, 7734.38, 21320, 19800
1693666575, 0, 1, 115, 0, 0, 8328.13, 1, 0, 0, 0.23, 363, 84, 7734.38, 21320, 19800
1693666580, 0, 1, 115, 0, 0, 8328.13, 1, 0, 0, 0.22, 364, 84, 7734.38, 21320, 19800
1693666584, 0, 1, 115, 0, 0, 8328.13, 1, 0, 0, 0.21, 365, 84, 7734.38, 21320, 19800
1693666589, 0, 1, 115, 0, 0, 8328.13, 1, 0, 0, 0.24, 366, 84, 7734.38, 21320, 19800
1693666593, 0, 1, 115, 0, 0, 8328.13, 1, 0, 0, 0.22, 367, 84, 7734.38, 21320, 19800
1693666597, 0, 1, 115, 0, 0, 8328.13, 1, 0, 0, 0.24, 368, 84, 7734.38, 21320, 19800
1693666602, 0, 1, 115, 0, 0, 8328.13, 1, 0, 0, 0.23, 369, 84, 7734.38, 21320, 19800
1693666606, 0, 1, 115, 0, 0, 8328.13, 1, 0, 0, 0.21, 370, 84, 7734.38, 21320, 19800
1693666611, 0, 1, 116, 0, 0, 8328.13, 1, 0, 0, 0.21, 371, 84, 7734.38, 21320, 19800
1693666616, 0, 1, 117, 0, 0, 8328.13, 1, 0, 0, 0.21, 372, 84, 7734.38, 21320, 19800
1693666621, 0, 1, 117, 0, 0, 8328.13, 1, 0, 0, 0.21, 373, 84, 7734.38, 21320, 19800
1693666623, 0, 1, 118, 0, 0, 8328.13, 1, 0, 0, 0.36, 374, 84, 7734.38, 21320, 19800
1693666628, 0, 1, 119, 0, 0, 8328.13, 1, 0, 0, 0.21, 375, 84, 7734.38, 21320, 19800
1693666633, 0, 1, 120, 0, 0, 8328.13, 1, 0, 0, 0.21, 376, 84, 7734.38, 21320, 19800
1693666637, 0, 1, 120, 0, 0, 8328.13, 1, 0, 0, 0.22, 377, 84, 7734.38, 21320, 19800
1693666642, 0, 1, 121, 0, 0, 8328.13, 1, 0, 0, 0.24, 378, 84, 7734.38, 21320, 19800
1693666646, 0, 1, 121, 0, 0, 8328.13, 1, 0, 0, 0.23, 379, 84, 7734.38, 21320, 19800
1693666650, 0, 1, 121, 0, 0, 8328.13, 1, 0, 0, 0.23, 380, 84, 7734.38, 21320, 19800
1693666655, 0, 1, 121, 0, 0, 8328.13, 1, 0, 0, 0.23, 381, 84, 7734.38, 21320, 19800
1693666659, 0, 1, 121, 0, 0, 8328.13, 1, 0, 0, 0.23, 382, 84, 7734.38, 21320, 19800
1693666663, 0, 1, 121, 0, 0, 8328.13, 1, 0, 0, 0.22, 383, 84, 7734.38, 21320, 19800
1693666668, 0, 1, 121, 0, 0, 8328.13, 1, 0, 0, 0.22, 384, 84, 7734.38, 21320, 19800
1693666673, 0, 1, 121, 0, 0, 8328.13, 1, 0, 0, 0.21, 385, 84, 7734.38, 21320, 19800
1693666677, 0, 1, 121, 0, 0, 8328.13, 1, 0, 0, 0.21, 386, 84, 7734.38, 21320, 19800
1693666682, 0, 1, 121, 0, 0, 8328.13, 1, 0, 0, 0.22, 387, 84, 7734.38, 21320, 19800
1693666686, 0, 1, 121, 0, 0, 8328.13, 1, 0, 0, 0.23, 388, 84, 7734.38, 21320, 19800
1693666691, 0, 1, 121, 0, 0, 8328.13, 1, 0, 0, 0.22, 389, 84, 7734.38, 21320, 19800
1693666695, 0, 1, 121, 0, 0, 8328.13, 1, 0, 0, 0.23, 390, 84, 7734.38, 21320, 19800
1693666698, 0, 1, 121, 0, 0, 8328.13, 1, 0, 0, 0.35, 391, 84, 7734.38, 21320, 19800
1693666702, 0, 1, 121, 0, 0, 8328.13, 1, 0, 0, 0.22, 392, 84, 7734.38, 21320, 19800
1693666707, 0, 1, 121, 0, 0, 8328.13, 1, 0, 0, 0.24, 393, 84, 7734.38, 21320, 19800
1693666711, 0, 1, 121, 0, 0, 8328.13, 1, 0, 0, 0.22, 394, 84, 7734.38, 21320, 19800
1693666716, 0, 1, 121, 0, 0, 8328.13, 1, 0, 0, 0.22, 395, 84, 7734.38, 21320, 19800
1693666720, 0, 1, 121, 0, 0, 8328.13, 1, 0, 0, 0.24, 396, 84, 7734.38, 21320, 19800
1693666724, 0, 1, 121, 0, 0, 8328.13, 1, 0, 0, 0.21, 397, 84, 7734.38, 21320, 19800
1693666729, 0, 1, 121, 0, 0, 8328.13, 1, 0, 0, 0.22, 398, 84, 7734.38, 21320, 19800
1693666733, 0, 1, 121, 0, 0, 8328.13, 1, 0, 0, 0.24, 399, 84, 7734.38, 21320, 19800
1693666738, 0, 1, 121, 0, 0, 8328.13, 1, 0, 0, 0.21, 400, 84, 7734.38, 21320, 19800
1693666742, 0, 1, 121, 0, 0, 8328.13, 1, 0, 0, 0.23, 401, 84, 7734.38, 21320, 19800
1693666747, 0, 1, 121, 0, 0, 8328.13, 1, 0, 0, 0.22, 402, 84, 7734.38, 21320, 19800
1693666751, 0, 1, 121, 0, 0, 8328.13, 1, 0, 0, 0.21, 403, 84, 7734.38, 21320, 19800
1693666756, 0, 1, 122, 0, 0, 8328.13, 1, 0, 0, 0.21, 404, 84, 7734.38, 21320, 19800
1693666761, 0, 1, 122, 0, 0, 8328.13, 1, 0, 0, 0.22, 405, 84, 7734.38, 21320, 19800
1693666765, 0, 1, 122, 0, 0, 8328.13, 1, 0, 0, 0.21, 406, 84, 7734.38, 21320, 19800
1693666770, 0, 1, 122, 0, 0, 8328.13, 1, 0, 0, 0.24, 407, 84, 7734.38, 21320, 19800
1693666774, 0, 1, 122, 0, 0, 8328.13, 1, 0, 0, 0.23, 408, 84, 7734.38, 21320, 19800
1693666778, 0, 1, 122, 0, 0, 8328.13, 1, 0, 0, 0.22, 409, 84, 7734.38, 21320, 19800
1693666783, 0, 1, 122, 0, 0, 8328.13, 1, 0, 0, 0.22, 410, 84, 7734.38, 21320, 19800
1693666788, 0, 1, 122, 0, 0, 8328.13, 1, 0, 0, 0.22, 411, 84, 7734.38, 21320, 19800
1693666792, 0, 1, 122, 0, 0, 8328.13, 1, 0, 0, 0.23, 412, 84, 7734.38, 21320, 19800
1693666797, 0, 1, 122, 0, 0, 8328.13, 1, 0, 0, 0.21, 413, 84, 7734.38, 21320, 19800
1693666801, 0, 1, 122, 0, 0, 8328.13, 1, 0, 0, 0.21, 414, 84, 7734.38, 21320, 19800
1693666806, 0, 1, 122, 0, 0, 8328.13, 1, 0, 0, 0.21, 415, 84, 7734.38, 21320, 19800
1693666809, 0, 1, 123, 0, 0, 8328.13, 1, 0, 0, 0.37, 416, 84, 7734.38, 21320, 19800
1693666813, 0, 1, 123, 0, 0, 8328.13, 1, 0, 0, 0.22, 417, 84, 7734.38, 21320, 19800
1693666818, 0, 1, 123, 0, 0, 8328.13, 1, 0, 0, 0.20, 418, 84, 7734.38, 21320, 19800
1693666823, 0, 1, 123, 0, 0, 8328.13, 1, 0, 0, 0.21, 419, 84, 7734.38, 21320, 19800
1693666827, 0, 1, 123, 0, 0, 8328.13, 1, 0, 0, 0.23, 420, 84, 7734.38, 21320, 19800
1693666832, 0, 1, 123, 0, 0, 8328.13, 1, 0, 0, 0.21, 421, 84, 7734.38, 21320, 19800
1693666836, 0, 1, 123, 0, 0, 8328.13, 1, 0, 0, 0.24, 422, 84, 7734.38, 21320, 19800
1693666841, 0, 1, 123, 0, 0, 8328.13, 1, 0, 0, 0.21, 423, 84, 7734.38, 21320, 19800
1693666846, 0, 1, 123, 0, 0, 8328.13, 1, 0, 0, 0.23, 424, 84, 7734.38, 21320, 19800
1693666851, 0, 1, 124, 0, 0, 8328.13, 1, 0, 0, 0.19, 425, 84, 7734.38, 21320, 19800
1693666855, 0, 1, 124, 0, 0, 8328.13, 1, 0, 0, 0.22, 426, 84, 7734.38, 21320, 19800
1693666860, 0, 1, 124, 0, 0, 8328.13, 1, 0, 0, 0.23, 427, 84, 7734.38, 21320, 19800
1693666865, 0, 1, 124, 0, 0, 8328.13, 1, 0, 0, 0.21, 428, 84, 7734.38, 21320, 19800
1693666869, 0, 1, 124, 0, 0, 8328.13, 1, 0, 0, 0.23, 429, 84, 7734.38, 21320, 19800
1693666873, 0, 1, 124, 0, 0, 8328.13, 1, 0, 0, 0.23, 430, 84, 7734.38, 21320, 19800
1693666878, 0, 1, 125, 0, 0, 8328.13, 1, 0, 0, 0.21, 431, 84, 7734.38, 21320, 19800
1693666882, 0, 1, 126, 0, 0, 8328.13, 1, 0, 0, 0.22, 432, 84, 7734.38, 21320, 19800
1693666887, 0, 1, 127, 0, 0, 8328.13, 1, 0, 0, 0.21, 433, 84, 7734.38, 21320, 19800
1693666892, 0, 1, 127, 0, 0, 8328.13, 1, 0, 0, 0.23, 434, 84, 7734.38, 21320, 19800
1693666896, 0, 1, 127, 0, 0, 8328.13, 1, 0, 0, 0.24, 435, 84, 7734.38, 21320, 19800
1693666901, 0, 1, 127, 0, 0, 8328.13, 1, 0, 0, 0.22, 436, 84, 7734.38, 21320, 19800
1693666905, 0, 1, 127, 0, 0, 8328.13, 1, 0, 0, 0.24, 437, 84, 7734.38, 21320, 19800
1693666909, 0, 1, 127, 0, 0, 8328.13, 1, 0, 0, 0.21, 438, 84, 7734.38, 21320, 19800
1693666914, 0, 1, 127, 0, 0, 8328.13, 1, 0, 0, 0.22, 439, 84, 7734.38, 21320, 19800
1693666918, 0, 1, 127, 0, 0, 8328.13, 1, 0, 0, 0.23, 440, 84, 7734.38, 21320, 19800
1693666923, 0, 1, 127, 0, 0, 8328.13, 1, 0, 0, 0.23, 441, 84, 7734.38, 21320, 19800
1693666927, 0, 1, 127, 0, 0, 8328.13, 1, 0, 0, 0.22, 442, 84, 7734.38, 21320, 19800
1693666932, 0, 1, 127, 0, 0, 8328.13, 1, 0, 0, 0.22, 443, 84, 7734.38, 21320, 19800
1693666936, 0, 1, 128, 0, 0, 8328.13, 1, 0, 0, 0.22, 444, 84, 7734.38, 21320, 19800
1693666941, 0, 1, 128, 0, 0, 8328.13, 1, 0, 0, 0.22, 445, 84, 7734.38, 21320, 19800
1693666945, 0, 1, 128, 0, 0, 8328.13, 1, 0, 0, 0.21, 446, 84, 7734.38, 21320, 19800
1693666950, 0, 1, 128, 0, 0, 8328.13, 1, 0, 0, 0.23, 447, 84, 7734.38, 21320, 19800
1693666955, 0, 1, 128, 0, 0, 8328.13, 1, 0, 0, 0.21, 448, 84, 7734.38, 21320, 19800
1693666959, 0, 1, 128, 0, 0, 8328.13, 1, 0, 0, 0.22, 449, 84, 7734.38, 21320, 19800
1693666963, 0, 1, 128, 0, 0, 8328.13, 1, 0, 0, 0.23, 450, 84, 7734.38, 21320, 19800
1693666968, 0, 1, 128, 0, 0, 8328.13, 1, 0, 0, 0.22, 451, 84, 7734.38, 21320, 19800
1693666972, 0, 1, 128, 0, 0, 8328.13, 1, 0, 0, 0.23, 452, 84, 7734.38, 21320, 19800
1693666977, 0, 1, 128, 0, 0, 8328.13, 1, 0, 0, 0.20, 453, 84, 7734.38, 21320, 19800
1693666982, 0, 1, 128, 0, 0, 8328.13, 1, 0, 0, 0.24, 454, 84, 7734.38, 21320, 19800
1693666986, 0, 1, 128, 0, 0, 8328.13, 1, 0, 0, 0.21, 455, 84, 7734.38, 21320, 19800
1693666991, 0, 1, 128, 0, 0, 8328.13, 1, 0, 0, 0.23, 456, 84, 7734.38, 21320, 19800
1693666995, 0, 1, 128, 0, 0, 8328.13, 1, 0, 0, 0.21, 457, 84, 7734.38, 21320, 19800
1693667000, 0, 1, 128, 0, 0, 8328.13, 1, 0, 0, 0.23, 458, 84, 7734.38, 21320, 19800
1693667005, 0, 1, 128, 0, 0, 8328.13, 1, 0, 0, 0.20, 459, 84, 7734.38, 21320, 19800
1693667009, 0, 1, 128, 0, 0, 8328.13, 1, 0, 0, 0.23, 460, 84, 7734.38, 21320, 19800
1693667014, 0, 1, 128, 0, 0, 8328.13, 1, 0, 0, 0.22, 461, 84, 7734.38, 21320, 19800
1693667018, 0, 1, 129, 0, 0, 8328.13, 1, 0, 0, 0.23, 462, 84, 7734.38, 21320, 19800
1693667023, 0, 1, 130, 0, 0, 8328.13, 1, 0, 0, 0.21, 463, 84, 7734.38, 21320, 19800
1693667027, 0, 1, 131, 0, 0, 8328.13, 1, 0, 0, 0.20, 464, 84, 7734.38, 21320, 19800
1693667032, 0, 1, 131, 0, 0, 8328.13, 1, 0, 0, 0.20, 465, 84, 7734.38, 21320, 19800
1693667037, 0, 1, 131, 0, 0, 8328.13, 1, 0, 0, 0.21, 466, 84, 7734.38, 21320, 19800
1693667041, 0, 1, 131, 0, 0, 8328.13, 1, 0, 0, 0.23, 467, 84, 7734.38, 21320, 19800
1693667046, 0, 1, 131, 0, 0, 8328.13, 1, 0, 0, 0.21, 468, 84, 7734.38, 21320, 19800
1693667050, 0, 1, 131, 0, 0, 8328.13, 1, 0, 0, 0.24, 469, 84, 7734.38, 21320, 19800
1693667055, 0, 1, 131, 0, 0, 8328.13, 1, 0, 0, 0.22, 470, 84, 7734.38, 21320, 19800
1693667059, 0, 1, 131, 0, 0, 8328.13, 1, 0, 0, 0.24, 471, 84, 7734.38, 21320, 19800
1693667064, 0, 1, 131, 0, 0, 8328.13, 1, 0, 0, 0.22, 472, 84, 7734.38, 21320, 19800
1693667068, 0, 1, 131, 0, 0, 8328.13, 1, 0, 0, 0.23, 473, 84, 7734.38, 21320, 19800
1693667073, 0, 1, 131, 0, 0, 8328.13, 1, 0, 0, 0.22, 474, 84, 7734.38, 21320, 19800
1693667077, 0, 1, 131, 0, 0, 8328.13, 1, 0, 0, 0.22, 475, 84, 7734.38, 21320, 19800
1693667082, 0, 1, 132, 0, 0, 8328.13, 1, 0, 0, 0.22, 476, 84, 7734.38, 21320, 19800
1693667086, 0, 1, 132, 0, 0, 8328.13, 1, 0, 0, 0.23, 477, 84, 7734.38, 21320, 19800
1693667091, 0, 1, 132, 0, 0, 8328.13, 1, 0, 0, 0.22, 478, 84, 7734.38, 21320, 19800
1693667095, 0, 1, 133, 0, 0, 8328.13, 1, 0, 0, 0.22, 479, 84, 7734.38, 21320, 19800
1693667098, 0, 1, 133, 0, 0, 8328.13, 1, 0, 0, 0.38, 480, 84, 7734.38, 21320, 19800
1693667103, 0, 1, 133, 0, 0, 8328.13, 1, 0, 0, 0.22, 481, 84, 7734.38, 21320, 19800
1693667108, 0, 1, 134, 0, 0, 8328.13, 1, 0, 0, 0.20, 482, 84, 7734.38, 21320, 19800
1693667112, 0, 1, 135, 0, 0, 8328.13, 1, 0, 0, 0.23, 483, 84, 7734.38, 21320, 19800
1693667116, 0, 1, 135, 0, 0, 8328.13, 1, 0, 0, 0.23, 484, 84, 7734.38, 21320, 19800
1693667121, 0, 1, 135, 0, 0, 8328.13, 1, 0, 0, 0.23, 485, 84, 7734.38, 21320, 19800
1693667125, 0, 1, 135, 0, 0, 8328.13, 1, 0, 0, 0.21, 486, 84, 7734.38, 21320, 19800
1693667130, 0, 1, 135, 0, 0, 8328.13, 1, 0, 0, 0.22, 487, 84, 7734.38, 21320, 19800
1693667134, 0, 1, 135, 0, 0, 8328.13, 1, 0, 0, 0.23, 488, 84, 7734.38, 21320, 19800
1693667139, 0, 1, 135, 0, 0, 8328.13, 1, 0, 0, 0.24, 489, 84, 7734.38, 21320, 19800
1693667144, 0, 1, 135, 0, 0, 8328.13, 1, 0, 0, 0.20, 490, 84, 7734.38, 21320, 19800
1693667148, 0, 1, 135, 0, 0, 8328.13, 1, 0, 0, 0.22, 491, 84, 7734.38, 21320, 19800
1693667153, 0, 1, 136, 0, 0, 8328.13, 1, 0, 0, 0.21, 492, 84, 7734.38, 21320, 19800
1693667157, 0, 1, 136, 0, 0, 8328.13, 1, 0, 0, 0.22, 493, 84, 7734.38, 21320, 19800
1693667162, 0, 1, 136, 0, 0, 8328.13, 1, 0, 0, 0.21, 494, 84, 7734.38, 21320, 19800
1693667166, 0, 1, 136, 0, 0, 8328.13, 1, 0, 0, 0.24, 495, 84, 7734.38, 21320, 19800
1693667171, 0, 1, 136, 0, 0, 8328.13, 1, 0, 0, 0.22, 496, 84, 7734.38, 21320, 19800
1693667175, 0, 1, 136, 0, 0, 8328.13, 1, 0, 0, 0.22, 497, 84, 7734.38, 21320, 19800
1693667181, 0, 1, 136, 0, 0, 8328.13, 1, 0, 0, 0.19, 498, 84, 7734.38, 21320, 19800
1693667185, 0, 1, 136, 0, 0, 8328.13, 1, 0, 0, 0.22, 499, 84, 7734.38, 21320, 19800
1693667190, 0, 1, 136, 0, 0, 8328.13, 1, 0, 0, 0.21, 500, 84, 7734.38, 21320, 19800
1693667194, 0, 1, 136, 0, 0, 8328.13, 1, 0, 0, 0.23, 501, 84, 7734.38, 21320, 19800
1693667199, 0, 1, 136, 0, 0, 8328.13, 1, 0, 0, 0.22, 502, 84, 7734.38, 21320, 19800
1693667203, 0, 1, 136, 0, 0, 8328.13, 1, 0, 0, 0.22, 503, 84, 7734.38, 21320, 19800
1693667208, 0, 1, 136, 0, 0, 8328.13, 1, 0, 0, 0.21, 504, 84, 7734.38, 21320, 19800
1693667212, 0, 1, 136, 0, 0, 8328.13, 1, 0, 0, 0.23, 505, 84, 7734.38, 21320, 19800
1693667217, 0, 1, 136, 0, 0, 8328.13, 1, 0, 0, 0.21, 506, 84, 7734.38, 21320, 19800
1693667221, 0, 1, 136, 0, 0, 8328.13, 1, 0, 0, 0.23, 507, 84, 7734.38, 21320, 19800
1693667226, 0, 1, 136, 0, 0, 8328.13, 1, 0, 0, 0.21, 508, 84, 7734.38, 21320, 19800
1693667231, 0, 1, 136, 0, 0, 8328.13, 1, 0, 0, 0.22, 509, 84, 7734.38, 21320, 19800
1693667235, 0, 1, 136, 0, 0, 8328.13, 1, 0, 0, 0.21, 510, 84, 7734.38, 21320, 19800
1693667240, 0, 1, 136, 0, 0, 8328.13, 1, 0, 0, 0.23, 511, 84, 7734.38, 21320, 19800
1693667245, 0, 1, 136, 0, 0, 8328.13, 1, 0, 0, 0.20, 512, 84, 7734.38, 21320, 19800
1693667249, 0, 1, 136, 0, 0, 8328.13, 1, 0, 0, 0.22, 513, 84, 7734.38, 21320, 19800
1693667254, 0, 1, 136, 0, 0, 8328.13, 1, 0, 0, 0.19, 514, 84, 7734.38, 21320, 19800
1693667259, 0, 1, 136, 0, 0, 8328.13, 1, 0, 0, 0.24, 515, 84, 7734.38, 21320, 19800
1693667263, 0, 1, 136, 0, 0, 8328.13, 1, 0, 0, 0.22, 516, 84, 7734.38, 21320, 19800
1693667268, 0, 1, 136, 0, 0, 8328.13, 1, 0, 0, 0.22, 517, 84, 7734.38, 21320, 19800
1693667272, 0, 1, 136, 0, 0, 8328.13, 1, 0, 0, 0.21, 518, 84, 7734.38, 21320, 19800
1693667277, 0, 1, 136, 0, 0, 8328.13, 1, 0, 0, 0.22, 519, 84, 7734.38, 21320, 19800
1693667281, 0, 1, 136, 0, 0, 8328.13, 1, 0, 0, 0.22, 520, 84, 7734.38, 21320, 19800
1693667286, 0, 1, 137, 0, 0, 8328.13, 1, 0, 0, 0.23, 521, 84, 7734.38, 21320, 19800
1693667291, 0, 1, 137, 0, 0, 8328.13, 1, 0, 0, 0.21, 522, 84, 7734.38, 21320, 19800
1693667295, 0, 1, 137, 0, 0, 8328.13, 1, 0, 0, 0.23, 523, 84, 7734.38, 21320, 19800
1693667299, 0, 1, 137, 0, 0, 8328.13, 1, 0, 0, 0.22, 524, 84, 7734.38, 21320, 19800
1693667304, 0, 1, 137, 0, 0, 8328.13, 1, 0, 0, 0.23, 525, 84, 7734.38, 21320, 19800
1693667308, 0, 1, 137, 0, 0, 8328.13, 1, 0, 0, 0.22, 526, 84, 7734.38, 21320, 19800
1693667313, 0, 1, 137, 0, 0, 8328.13, 1, 0, 0, 0.22, 527, 84, 7734.38, 21320, 19800
1693667318, 0, 1, 137, 0, 0, 8328.13, 1, 0, 0, 0.20, 528, 84, 7734.38, 21320, 19800
1693667322, 0, 1, 137, 0, 0, 8328.13, 1, 0, 0, 0.23, 529, 84, 7734.38, 21320, 19800
1693667327, 0, 1, 137, 0, 0, 8328.13, 1, 0, 0, 0.21, 530, 84, 7734.38, 21320, 19800
1693667331, 0, 1, 137, 0, 0, 8328.13, 1, 0, 0, 0.23, 531, 84, 7734.38, 21320, 19800
1693667336, 0, 1, 137, 0, 0, 8328.13, 1, 0, 0, 0.22, 532, 84, 7734.38, 21320, 19800
1693667340, 0, 1, 137, 0, 0, 8328.13, 1, 0, 0, 0.22, 533, 84, 7734.38, 21320, 19800
1693667345, 0, 1, 137, 0, 0, 8328.13, 1, 0, 0, 0.20, 534, 84, 7734.38, 21320, 19800
1693667350, 0, 1, 137, 0, 0, 8328.13, 1, 0, 0, 0.23, 535, 84, 7734.38, 21320, 19800
1693667355, 0, 1, 137, 0, 0, 8328.13, 1, 0, 0, 0.20, 536, 84, 7734.38, 21320, 19800
1693667359, 0, 1, 137, 0, 0, 8328.13, 1, 0, 0, 0.24, 537, 84, 7734.38, 21320, 19800
1693667364, 0, 1, 137, 0, 0, 8328.13, 1, 0, 0, 0.21, 538, 84, 7734.38, 21320, 19800
1693667368, 0, 1, 137, 0, 0, 8328.13, 1, 0, 0, 0.23, 539, 84, 7734.38, 21320, 19800
1693667373, 0, 1, 137, 0, 0, 8328.13, 1, 0, 0, 0.21, 540, 84, 7734.38, 21320, 19800
1693667377, 0, 1, 137, 0, 0, 8328.13, 1, 0, 0, 0.22, 541, 84, 7734.38, 21320, 19800
1693667382, 0, 1, 137, 0, 0, 8328.13, 1, 0, 0, 0.21, 542, 84, 7734.38, 21320, 19800
1693667386, 0, 1, 138, 0, 0, 8328.13, 1, 0, 0, 0.23, 543, 84, 7734.38, 21320, 19800
1693667391, 0, 1, 139, 0, 0, 8328.13, 1, 0, 0, 0.20, 544, 84, 7734.38, 21320, 19800
1693667396, 0, 1, 140, 0, 0, 8328.13, 1, 0, 0, 0.22, 545, 84, 7734.38, 21320, 19800
1693667401, 0, 1, 141, 0, 0, 8328.13, 1, 0, 0, 0.20, 546, 84, 7734.38, 21320, 19800
1693667405, 0, 1, 141, 0, 0, 8328.13, 1, 0, 0, 0.22, 547, 84, 7734.38, 21320, 19800
1693667410, 0, 1, 141, 0, 0, 8328.13, 1, 0, 0, 0.22, 548, 84, 7734.38, 21320, 19800
1693667414, 0, 1, 141, 0, 0, 8328.13, 1, 0, 0, 0.22, 549, 84, 7734.38, 21320, 19800
1693667419, 0, 1, 141, 0, 0, 8328.13, 1, 0, 0, 0.22, 550, 84, 7734.38, 21320, 19800
1693667423, 0, 1, 141, 0, 0, 8328.13, 1, 0, 0, 0.22, 551, 84, 7734.38, 21320, 19800
1693667428, 0, 1, 141, 0, 0, 8328.13, 1, 0, 0, 0.21, 552, 84, 7734.38, 21320, 19800
1693667432, 0, 1, 141, 0, 0, 8328.13, 1, 0, 0, 0.24, 553, 84, 7734.38, 21320, 19800
1693667435, 0, 1, 141, 0, 0, 8328.13, 1, 0, 0, 0.38, 554, 84, 7734.38, 21320, 19800
1693667439, 0, 1, 141, 0, 0, 8328.13, 1, 0, 0, 0.22, 555, 84, 7734.38, 21320, 19800
1693667444, 0, 1, 141, 0, 0, 8328.13, 1, 0, 0, 0.22, 556, 84, 7734.38, 21320, 19800
1693667448, 0, 1, 141, 0, 0, 8328.13, 1, 0, 0, 0.23, 557, 84, 7734.38, 21320, 19800
1693667453, 0, 1, 141, 0, 0, 8328.13, 1, 0, 0, 0.21, 558, 84, 7734.38, 21320, 19800
1693667457, 0, 1, 141, 0, 0, 8328.13, 1, 0, 0, 0.23, 559, 84, 7734.38, 21320, 19800
1693667462, 0, 1, 141, 0, 0, 8328.13, 1, 0, 0, 0.22, 560, 84, 7734.38, 21320, 19800
1693667467, 0, 1, 141, 0, 0, 8328.13, 1, 0, 0, 0.22, 561, 84, 7734.38, 21320, 19800
1693667471, 0, 1, 141, 0, 0, 8328.13, 1, 0, 0, 0.22, 562, 84, 7734.38, 21320, 19800
1693667476, 0, 1, 141, 0, 0, 8328.13, 1, 0, 0, 0.22, 563, 84, 7734.38, 21320, 19800
1693667480, 0, 1, 141, 0, 0, 8328.13, 1, 0, 0, 0.23, 564, 84, 7734.38, 21320, 19800
1693667485, 0, 1, 141, 0, 0, 8328.13, 1, 0, 0, 0.21, 565, 84, 7734.38, 21320, 19800
1693667490, 0, 1, 141, 0, 0, 8328.13, 1, 0, 0, 0.22, 566, 84, 7734.38, 21320, 19800
1693667494, 0, 1, 141, 0, 0, 8328.13, 1, 0, 0, 0.24, 567, 84, 7734.38, 21320, 19800
1693667499, 0, 1, 141, 0, 0, 8328.13, 1, 0, 0, 0.20, 568, 84, 7734.38, 21320, 19800
1693667502, 0, 1, 141, 0, 0, 8328.13, 1, 0, 0, 0.41, 569, 84, 7734.38, 21320, 19800
1693667506, 0, 1, 141, 0, 0, 8328.13, 1, 0, 0, 0.20, 570, 84, 7734.38, 21320, 19800
1693667511, 0, 1, 141, 0, 0, 8328.13, 1, 0, 0, 0.22, 571, 84, 7734.38, 21320, 19800
1693667516, 0, 1, 141, 0, 0, 8328.13, 1, 0, 0, 0.21, 572, 84, 7734.38, 21320, 19800
1693667520, 0, 1, 141, 0, 0, 8328.13, 1, 0, 0, 0.22, 573, 84, 7734.38, 21320, 19800
1693667523, 0, 1, 142, 0, 0, 8328.13, 1, 0, 0, 0.36, 574, 84, 7734.38, 21320, 19800
1693667527, 0, 1, 142, 0, 0, 8328.13, 1, 0, 0, 0.23, 575, 84, 7734.38, 21320, 19800
1693667532, 0, 1, 142, 0, 0, 8328.13, 1, 0, 0, 0.21, 576, 84, 7734.38, 21320, 19800
1693667537, 0, 1, 142, 0, 0, 8328.13, 1, 0, 0, 0.22, 577, 84, 7734.38, 21320, 19800
1693667541, 0, 1, 142, 0, 0, 8328.13, 1, 0, 0, 0.21, 578, 84, 7734.38, 21320, 19800
1693667546, 0, 1, 142, 0, 0, 8328.13, 1, 0, 0, 0.23, 579, 84, 7734.38, 21320, 19800
1693667548, 0, 1, 142, 0, 0, 8328.13, 1, 0, 0, 0.36, 580, 84, 7734.38, 21320, 19800
1693667553, 0, 1, 142, 0, 0, 8328.13, 1, 0, 0, 0.22, 581, 84, 7734.38, 21320, 19800
1693667558, 0, 1, 142, 0, 0, 8328.13, 1, 0, 0, 0.21, 582, 84, 7734.38, 21320, 19800
1693667562, 0, 1, 142, 0, 0, 8328.13, 1, 0, 0, 0.21, 583, 84, 7734.38, 21320, 19800
1693667567, 0, 1, 142, 0, 0, 8328.13, 1, 0, 0, 0.20, 584, 84, 7734.38, 21320, 19800
1693667571, 0, 1, 142, 0, 0, 8328.13, 1, 0, 0, 0.23, 585, 84, 7734.38, 21320, 19800
1693667576, 0, 1, 142, 0, 0, 8328.13, 1, 0, 0, 0.21, 586, 84, 7734.38, 21320, 19800
1693667581, 0, 1, 142, 0, 0, 8328.13, 1, 0, 0, 0.21, 587, 84, 7734.38, 21320, 19800
1693667586, 0, 1, 142, 0, 0, 8328.13, 1, 0, 0, 0.21, 588, 84, 7734.38, 21320, 19800
1693667590, 0, 1, 142, 0, 0, 8328.13, 1, 0, 0, 0.22, 589, 84, 7734.38, 21320, 19800
1693667595, 0, 1, 142, 0, 0, 8328.13, 1, 0, 0, 0.21, 590, 84, 7734.38, 21320, 19800
1693667600, 0, 1, 142, 0, 0, 8328.13, 1, 0, 0, 0.21, 591, 84, 7734.38, 21320, 19800
1693667605, 0, 1, 142, 0, 0, 8328.13, 1, 0, 0, 0.22, 592, 84, 7734.38, 21320, 19800
1693667609, 0, 1, 142, 0, 0, 8328.13, 1, 0, 0, 0.22, 593, 84, 7734.38, 21320, 19800
1693667614, 0, 1, 142, 0, 0, 8328.13, 1, 0, 0, 0.21, 594, 84, 7734.38, 21320, 19800
1693667618, 0, 1, 142, 0, 0, 8328.13, 1, 0, 0, 0.23, 595, 84, 7734.38, 21320, 19800
1693667623, 0, 1, 142, 0, 0, 8328.13, 1, 0, 0, 0.22, 596, 84, 7734.38, 21320, 19800
1693667627, 0, 1, 142, 0, 0, 8328.13, 1, 0, 0, 0.24, 597, 84, 7734.38, 21320, 19800
1693667632, 0, 1, 142, 0, 0, 8328.13, 1, 0, 0, 0.20, 598, 84, 7734.38, 21320, 19800
1693667636, 0, 1, 142, 0, 0, 8328.13, 1, 0, 0, 0.22, 599, 84, 7734.38, 21320, 19800
1693667641, 0, 1, 142, 0, 0, 8328.13, 1, 0, 0, 0.20, 600, 84, 7734.38, 21320, 19800
1693667644, 0, 1, 143, 0, 0, 8328.13, 1, 0, 0, 0.38, 601, 84, 7734.38, 21320, 19800
1693667649, 0, 1, 143, 0, 0, 8328.13, 1, 0, 0, 0.21, 602, 84, 7734.38, 21320, 19800
1693667653, 0, 1, 143, 0, 0, 8328.13, 1, 0, 0, 0.22, 603, 84, 7734.38, 21320, 19800
1693667658, 0, 1, 143, 0, 0, 8328.13, 1, 0, 0, 0.22, 604, 84, 7734.38, 21320, 19800
1693667662, 0, 1, 143, 0, 0, 8328.13, 1, 0, 0, 0.23, 605, 84, 7734.38, 21320, 19800
1693667667, 0, 1, 143, 0, 0, 8328.13, 1, 0, 0, 0.21, 606, 84, 7734.38, 21320, 19800
1693667672, 0, 1, 143, 0, 0, 8328.13, 1, 0, 0, 0.20, 607, 84, 7734.38, 21320, 19800
1693667676, 0, 1, 143, 0, 0, 8328.13, 1, 0, 0, 0.21, 608, 84, 7734.38, 21320, 19800
1693667681, 0, 1, 143, 0, 0, 8328.13, 1, 0, 0, 0.22, 609, 84, 7734.38, 21320, 19800
1693667686, 0, 1, 143, 0, 0, 8328.13, 1, 0, 0, 0.22, 610, 84, 7734.38, 21320, 19800
1693667690, 0, 1, 143, 0, 0, 8328.13, 1, 0, 0, 0.21, 611, 84, 7734.38, 21320, 19800
1693667695, 0, 1, 143, 0, 0, 8328.13, 1, 0, 0, 0.21, 612, 84, 7734.38, 21320, 19800
1693667700, 0, 1, 143, 0, 0, 8328.13, 1, 0, 0, 0.21, 613, 84, 7734.38, 21320, 19800
1693667705, 0, 1, 143, 0, 0, 8328.13, 1, 0, 0, 0.19, 614, 84, 7734.38, 21320, 19800
1693667710, 0, 1, 143, 0, 0, 8328.13, 1, 0, 0, 0.22, 615, 84, 7734.38, 21320, 19800
1693667714, 0, 1, 143, 0, 0, 8328.13, 1, 0, 0, 0.20, 616, 84, 7734.38, 21320, 19800
1693667719, 0, 1, 143, 0, 0, 8328.13, 1, 0, 0, 0.22, 617, 84, 7734.38, 21320, 19800
1693667724, 0, 1, 143, 0, 0, 8328.13, 1, 0, 0, 0.20, 618, 84, 7734.38, 21320, 19800
1693667729, 0, 1, 143, 0, 0, 8328.13, 1, 0, 0, 0.22, 619, 84, 7734.38, 21320, 19800
1693667733, 0, 1, 143, 0, 0, 8328.13, 1, 0, 0, 0.21, 620, 84, 7734.38, 21320, 19800
1693667739, 0, 1, 143, 0, 0, 8328.13, 1, 0, 0, 0.20, 621, 84, 7734.38, 21320, 19800
1693667743, 0, 1, 143, 0, 0, 8328.13, 1, 0, 0, 0.21, 622, 84, 7734.38, 21320, 19800
1693667749, 0, 1, 144, 0, 0, 8328.13, 1, 0, 0, 0.18, 623, 84, 7734.38, 21320, 19800
1693667754, 0, 1, 144, 0, 0, 8328.13, 1, 0, 0, 0.21, 624, 84, 7734.38, 21320, 19800
1693667758, 0, 1, 144, 0, 0, 8328.13, 1, 0, 0, 0.22, 625, 84, 7734.38, 21320, 19800
1693667763, 0, 1, 144, 0, 0, 8328.13, 1, 0, 0, 0.21, 626, 84, 7734.38, 21320, 19800
1693667767, 0, 1, 144, 0, 0, 8328.13, 1, 0, 0, 0.23, 627, 84, 7734.38, 21320, 19800
1693667772, 0, 1, 144, 0, 0, 8328.13, 1, 0, 0, 0.22, 628, 84, 7734.38, 21320, 19800
1693667775, 0, 1, 144, 0, 0, 8328.13, 1, 0, 0, 0.37, 629, 84, 7734.38, 21320, 19800
1693667779, 0, 1, 144, 0, 0, 8328.13, 1, 0, 0, 0.21, 630, 84, 7734.38, 21320, 19800
1693667784, 0, 1, 144, 0, 0, 8328.13, 1, 0, 0, 0.22, 631, 84, 7734.38, 21320, 19800
1693667789, 0, 1, 144, 0, 0, 8328.13, 1, 0, 0, 0.21, 632, 84, 7734.38, 21320, 19800
1693667793, 0, 1, 144, 0, 0, 8328.13, 1, 0, 0, 0.21, 633, 84, 7734.38, 21320, 19800
1693667798, 0, 1, 145, 0, 0, 8328.13, 1, 0, 0, 0.20, 634, 84, 7734.38, 21320, 19800
1693667803, 0, 1, 145, 0, 0, 8328.13, 1, 0, 0, 0.22, 635, 84, 7734.38, 21320, 19800
1693667808, 0, 1, 145, 0, 0, 8328.13, 1, 0, 0, 0.21, 636, 84, 7734.38, 21320, 19800
1693667813, 0, 1, 145, 0, 0, 8328.13, 1, 0, 0, 0.20, 637, 84, 7734.38, 21320, 19800
1693667817, 0, 1, 145, 0, 0, 8328.13, 1, 0, 0, 0.24, 638, 84, 7734.38, 21320, 19800
1693667820, 0, 1, 145, 0, 0, 8328.13, 1, 0, 0, 0.31, 639, 84, 7734.38, 21320, 19800
1693667825, 0, 1, 145, 0, 0, 8328.13, 1, 0, 0, 0.21, 640, 84, 7734.38, 21320, 19800
1693667829, 0, 1, 145, 0, 0, 8328.13, 1, 0, 0, 0.21, 641, 84, 7734.38, 21320, 19800
1693667834, 0, 1, 145, 0, 0, 8328.13, 1, 0, 0, 0.21, 642, 84, 7734.38, 21320, 19800
1693667839, 0, 1, 145, 0, 0, 8328.13, 1, 0, 0, 0.23, 643, 84, 7734.38, 21320, 19800
1693667844, 0, 1, 145, 0, 0, 8328.13, 1, 0, 0, 0.20, 644, 84, 7734.38, 21320, 19800
1693667848, 0, 1, 145, 0, 0, 8328.13, 1, 0, 0, 0.22, 645, 84, 7734.38, 21320, 19800
1693667853, 0, 1, 145, 0, 0, 8328.13, 1, 0, 0, 0.20, 646, 84, 7734.38, 21320, 19800
1693667857, 0, 1, 145, 0, 0, 8328.13, 1, 0, 0, 0.23, 647, 84, 7734.38, 21320, 19800
1693667862, 0, 1, 145, 0, 0, 8328.13, 1, 0, 0, 0.21, 648, 84, 7734.38, 21320, 19800
1693667866, 0, 1, 145, 0, 0, 8328.13, 1, 0, 0, 0.23, 649, 84, 7734.38, 21320, 19800
1693667871, 0, 1, 145, 0, 0, 8328.13, 1, 0, 0, 0.21, 650, 84, 7734.38, 21320, 19800
1693667876, 0, 1, 145, 0, 0, 8328.13, 1, 0, 0, 0.23, 651, 84, 7734.38, 21320, 19800
1693667881, 0, 1, 145, 0, 0, 8328.13, 1, 0, 0, 0.20, 652, 84, 7734.38, 21320, 19800
1693667885, 0, 1, 145, 0, 0, 8328.13, 1, 0, 0, 0.23, 653, 84, 7734.38, 21320, 19800
1693667889, 0, 1, 145, 0, 0, 8328.13, 1, 0, 0, 0.22, 654, 84, 7734.38, 21320, 19800
1693667893, 0, 1, 145, 0, 0, 8328.13, 1, 0, 0, 0.27, 655, 84, 7734.38, 21320, 19800
1693667898, 0, 1, 145, 0, 0, 8328.13, 1, 0, 0, 0.20, 656, 84, 7734.38, 21320, 19800
1693667902, 0, 1, 145, 0, 0, 8328.13, 1, 0, 0, 0.23, 657, 84, 7734.38, 21320, 19800
1693667906, 0, 1, 146, 0, 0, 8328.13, 1, 0, 0, 0.30, 658, 84, 7734.38, 21320, 19800
1693667910, 0, 1, 146, 0, 0, 8328.13, 1, 0, 0, 0.22, 659, 84, 7734.38, 21320, 19800
1693667915, 0, 1, 146, 0, 0, 8328.13, 1, 0, 0, 0.22, 660, 84, 7734.38, 21320, 19800
1693667919, 0, 1, 146, 0, 0, 8328.13, 1, 0, 0, 0.22, 661, 84, 7734.38, 21320, 19800
1693667924, 0, 1, 146, 0, 0, 8328.13, 1, 0, 0, 0.22, 662, 84, 7734.38, 21320, 19800
1693667929, 0, 1, 146, 0, 0, 8328.13, 1, 0, 0, 0.22, 663, 84, 7734.38, 21320, 19800
1693667933, 0, 1, 146, 0, 0, 8328.13, 1, 0, 0, 0.22, 664, 84, 7734.38, 21320, 19800
1693667938, 0, 1, 146, 0, 0, 8328.13, 1, 0, 0, 0.23, 665, 84, 7734.38, 21320, 19800
1693667942, 0, 1, 146, 0, 0, 8328.13, 1, 0, 0, 0.21, 666, 84, 7734.38, 21320, 19800
1693667947, 0, 1, 146, 0, 0, 8328.13, 1, 0, 0, 0.22, 667, 84, 7734.38, 21320, 19800
1693667952, 0, 1, 146, 0, 0, 8328.13, 1, 0, 0, 0.20, 668, 84, 7734.38, 21320, 19800
1693667957, 0, 1, 146, 0, 0, 8328.13, 1, 0, 0, 0.22, 669, 84, 7734.38, 21320, 19800
1693667961, 0, 1, 146, 0, 0, 8328.13, 1, 0, 0, 0.22, 670, 84, 7734.38, 21320, 19800
1693667966, 0, 1, 146, 0, 0, 8328.13, 1, 0, 0, 0.20, 671, 84, 7734.38, 21320, 19800
1693667971, 0, 1, 146, 0, 0, 8328.13, 1, 0, 0, 0.21, 672, 84, 7734.38, 21320, 19800
1693667975, 0, 1, 146, 0, 0, 8328.13, 1, 0, 0, 0.22, 673, 84, 7734.38, 21320, 19800
1693667980, 0, 1, 146, 0, 0, 8328.13, 1, 0, 0, 0.19, 674, 84, 7734.38, 21320, 19800
1693667985, 0, 1, 146, 0, 0, 8328.13, 1, 0, 0, 0.22, 675, 84, 7734.38, 21320, 19800
1693667990, 0, 1, 147, 0, 0, 8328.13, 1, 0, 0, 0.20, 676, 84, 7734.38, 21320, 19800
1693667995, 0, 1, 147, 0, 0, 8328.13, 1, 0, 0, 0.22, 677, 84, 7734.38, 21320, 19800
1693668000, 0, 1, 147, 0, 0, 8328.13, 1, 0, 0, 0.20, 678, 84, 7734.38, 21320, 19800
1693668004, 0, 1, 147, 0, 0, 8328.13, 1, 0, 0, 0.22, 679, 84, 7734.38, 21320, 19800
1693668010, 0, 1, 148, 0, 0, 8328.13, 1, 0, 0, 0.19, 680, 84, 7734.38, 21320, 19800
1693668014, 0, 1, 148, 0, 0, 8328.13, 1, 0, 0, 0.22, 681, 84, 7734.38, 21320, 19800
1693668019, 0, 1, 148, 0, 0, 8328.13, 1, 0, 0, 0.20, 682, 84, 7734.38, 21320, 19800
1693668023, 0, 1, 148, 0, 0, 8328.13, 1, 0, 0, 0.22, 683, 84, 7734.38, 21320, 19800
1693668028, 0, 1, 148, 0, 0, 8328.13, 1, 0, 0, 0.21, 684, 84, 7734.38, 21320, 19800
1693668033, 0, 1, 148, 0, 0, 8328.13, 1, 0, 0, 0.23, 685, 84, 7734.38, 21320, 19800
1693668037, 0, 1, 148, 0, 0, 8328.13, 1, 0, 0, 0.21, 686, 84, 7734.38, 21320, 19800
1693668042, 0, 1, 148, 0, 0, 8328.13, 1, 0, 0, 0.23, 687, 84, 7734.38, 21320, 19800
1693668046, 0, 1, 148, 0, 0, 8328.13, 1, 0, 0, 0.21, 688, 84, 7734.38, 21320, 19800
1693668051, 0, 1, 148, 0, 0, 8328.13, 1, 0, 0, 0.22, 689, 84, 7734.38, 21320, 19800
1693668056, 0, 1, 148, 0, 0, 8328.13, 1, 0, 0, 0.23, 690, 84, 7734.38, 21320, 19800
1693668060, 0, 1, 148, 0, 0, 8328.13, 1, 0, 0, 0.22, 691, 84, 7734.38, 21320, 19800
1693668065, 0, 1, 148, 0, 0, 8328.13, 1, 0, 0, 0.22, 692, 84, 7734.38, 21320, 19800
1693668069, 0, 1, 148, 0, 0, 8328.13, 1, 0, 0, 0.21, 693, 84, 7734.38, 21320, 19800
1693668074, 0, 1, 148, 0, 0, 8328.13, 1, 0, 0, 0.21, 694, 84, 7734.38, 21320, 19800
1693668079, 0, 1, 148, 0, 0, 8328.13, 1, 0, 0, 0.22, 695, 84, 7734.38, 21320, 19800
1693668084, 0, 1, 148, 0, 0, 8328.13, 1, 0, 0, 0.19, 696, 84, 7734.38, 21320, 19800
1693668088, 0, 1, 148, 0, 0, 8328.13, 1, 0, 0, 0.22, 697, 84, 7734.38, 21320, 19800
1693668093, 0, 1, 148, 0, 0, 8328.13, 1, 0, 0, 0.22, 698, 84, 7734.38, 21320, 19800
1693668098, 0, 1, 148, 0, 0, 8328.13, 1, 0, 0, 0.21, 699, 84, 7734.38, 21320, 19800
1693668102, 0, 1, 148, 0, 0, 8328.13, 1, 0, 0, 0.21, 700, 84, 7734.38, 21320, 19800
1693668107, 0, 1, 148, 0, 0, 8328.13, 1, 0, 0, 0.21, 701, 84, 7734.38, 21320, 19800
1693668112, 0, 1, 148, 0, 0, 8328.13, 1, 0, 0, 0.21, 702, 84, 7734.38, 21320, 19800
1693668117, 0, 1, 148, 0, 0, 8328.13, 1, 0, 0, 0.21, 703, 84, 7734.38, 21320, 19800
1693668122, 0, 1, 148, 0, 0, 8328.13, 1, 0, 0, 0.21, 704, 84, 7734.38, 21320, 19800
1693668126, 0, 1, 148, 0, 0, 8328.13, 1, 0, 0, 0.23, 705, 84, 7734.38, 21320, 19800
1693668131, 0, 1, 148, 0, 0, 8328.13, 1, 0, 0, 0.22, 706, 84, 7734.38, 21320, 19800
1693668135, 0, 1, 148, 0, 0, 8328.13, 1, 0, 0, 0.22, 707, 84, 7734.38, 21320, 19800
1693668140, 0, 1, 148, 0, 0, 8328.13, 1, 0, 0, 0.21, 708, 84, 7734.38, 21320, 19800
1693668145, 0, 1, 148, 0, 0, 8328.13, 1, 0, 0, 0.21, 709, 84, 7734.38, 21320, 19800
1693668149, 0, 1, 148, 0, 0, 8328.13, 1, 0, 0, 0.22, 710, 84, 7734.38, 21320, 19800
1693668154, 0, 1, 148, 0, 0, 8328.13, 1, 0, 0, 0.22, 711, 84, 7734.38, 21320, 19800
1693668159, 0, 1, 149, 0, 0, 8328.13, 1, 0, 0, 0.20, 712, 84, 7734.38, 21320, 19800
1693668164, 0, 1, 150, 0, 0, 8328.13, 1, 0, 0, 0.21, 713, 84, 7734.38, 21320, 19800
1693668169, 0, 1, 150, 0, 0, 8328.13, 1, 0, 0, 0.20, 714, 84, 7734.38, 21320, 19800
1693668173, 0, 1, 150, 0, 0, 8328.13, 1, 0, 0, 0.22, 715, 84, 7734.38, 21320, 19800
1693668178, 0, 1, 151, 0, 0, 8328.13, 1, 0, 0, 0.20, 716, 84, 7734.38, 21320, 19800
1693668183, 0, 1, 152, 0, 0, 8328.13, 1, 0, 0, 0.22, 717, 84, 7734.38, 21320, 19800
1693668187, 0, 1, 152, 0, 0, 8328.13, 1, 0, 0, 0.22, 718, 84, 7734.38, 21320, 19800
1693668192, 0, 1, 152, 0, 0, 8328.13, 1, 0, 0, 0.20, 719, 84, 7734.38, 21320, 19800
1693668197, 0, 1, 153, 0, 0, 8328.13, 1, 0, 0, 0.22, 720, 84, 7734.38, 21320, 19800
1693668202, 0, 1, 154, 0, 0, 8328.13, 1, 0, 0, 0.19, 721, 84, 7734.38, 21320, 19800
1693668207, 0, 1, 154, 0, 0, 8328.13, 1, 0, 0, 0.21, 722, 84, 7734.38, 21320, 19800
1693668211, 0, 1, 154, 0, 0, 8328.13, 1, 0, 0, 0.21, 723, 84, 7734.38, 21320, 19800
1693668216, 0, 1, 154, 0, 0, 8328.13, 1, 0, 0, 0.21, 724, 84, 7734.38, 21320, 19800
1693668221, 0, 1, 154, 0, 0, 8328.13, 1, 0, 0, 0.22, 725, 84, 7734.38, 21320, 19800
1693668226, 0, 1, 154, 0, 0, 8328.13, 1, 0, 0, 0.21, 726, 84, 7734.38, 21320, 19800
1693668230, 0, 1, 154, 0, 0, 8328.13, 1, 0, 0, 0.21, 727, 84, 7734.38, 21320, 19800
1693668235, 0, 1, 154, 0, 0, 8328.13, 1, 0, 0, 0.21, 728, 84, 7734.38, 21320, 19800
1693668240, 0, 1, 154, 0, 0, 8328.13, 1, 0, 0, 0.20, 729, 84, 7734.38, 21320, 19800
1693668245, 0, 1, 154, 0, 0, 8328.13, 1, 0, 0, 0.21, 730, 84, 7734.38, 21320, 19800
1693668250, 0, 1, 154, 0, 0, 8328.13, 1, 0, 0, 0.21, 731, 84, 7734.38, 21320, 19800
1693668255, 0, 1, 154, 0, 0, 8328.13, 1, 0, 0, 0.20, 732, 84, 7734.38, 21320, 19800
1693668259, 0, 1, 154, 0, 0, 8328.13, 1, 0, 0, 0.21, 733, 84, 7734.38, 21320, 19800
1693668264, 0, 1, 154, 0, 0, 8328.13, 1, 0, 0, 0.21, 734, 84, 7734.38, 21320, 19800
1693668269, 0, 1, 154, 0, 0, 8328.13, 1, 0, 0, 0.21, 735, 84, 7734.38, 21320, 19800
1693668274, 0, 1, 154, 0, 0, 8328.13, 1, 0, 0, 0.21, 736, 84, 7734.38, 21320, 19800
1693668278, 0, 1, 154, 0, 0, 8328.13, 1, 0, 0, 0.22, 737, 84, 7734.38, 21320, 19800
1693668283, 0, 1, 154, 0, 0, 8328.13, 1, 0, 0, 0.20, 738, 84, 7734.38, 21320, 19800
1693668288, 0, 1, 154, 0, 0, 8328.13, 1, 0, 0, 0.22, 739, 84, 7734.38, 21320, 19800
1693668293, 0, 1, 154, 0, 0, 8328.13, 1, 0, 0, 0.21, 740, 84, 7734.38, 21320, 19800
1693668298, 0, 1, 154, 0, 0, 8328.13, 1, 0, 0, 0.20, 741, 84, 7734.38, 21320, 19800
1693668303, 0, 1, 154, 0, 0, 8328.13, 1, 0, 0, 0.19, 742, 84, 7734.38, 21320, 19800
1693668308, 0, 1, 154, 0, 0, 8328.13, 1, 0, 0, 0.21, 743, 84, 7734.38, 21320, 19800
1693668312, 0, 1, 154, 0, 0, 8328.13, 1, 0, 0, 0.21, 744, 84, 7734.38, 21320, 19800
1693668317, 0, 1, 154, 0, 0, 8328.13, 1, 0, 0, 0.21, 745, 84, 7734.38, 21320, 19800
1693668322, 0, 1, 154, 0, 0, 8328.13, 1, 0, 0, 0.20, 746, 84, 7734.38, 21320, 19800
1693668327, 0, 1, 154, 0, 0, 8328.13, 1, 0, 0, 0.20, 747, 84, 7734.38, 21320, 19800
1693668332, 0, 1, 154, 0, 0, 8328.13, 1, 0, 0, 0.21, 748, 84, 7734.38, 21320, 19800
1693668337, 0, 1, 154, 0, 0, 8328.13, 1, 0, 0, 0.21, 749, 84, 7734.38, 21320, 19800
1693668342, 0, 1, 154, 0, 0, 8328.13, 1, 0, 0, 0.20, 750, 84, 7734.38, 21320, 19800
1693668345, 0, 1, 155, 0, 0, 8328.13, 1, 0, 0, 0.37, 751, 84, 7734.38, 21320, 19800
1693668350, 0, 1, 156, 0, 0, 8328.13, 1, 0, 0, 0.19, 752, 84, 7734.38, 21320, 19800
1693668355, 0, 1, 156, 0, 0, 8328.13, 1, 0, 0, 0.21, 753, 84, 7734.38, 21320, 19800
1693668359, 0, 1, 156, 0, 0, 8328.13, 1, 0, 0, 0.21, 754, 84, 7734.38, 21320, 19800
1693668364, 0, 1, 156, 0, 0, 8328.13, 1, 0, 0, 0.21, 755, 84, 7734.38, 21320, 19800
1693668369, 0, 1, 156, 0, 0, 8328.13, 1, 0, 0, 0.23, 756, 84, 7734.38, 21320, 19800
1693668373, 0, 1, 156, 0, 0, 8328.13, 1, 0, 0, 0.21, 757, 84, 7734.38, 21320, 19800
1693668378, 0, 1, 156, 0, 0, 8328.13, 1, 0, 0, 0.20, 758, 84, 7734.38, 21320, 19800
1693668383, 0, 1, 156, 0, 0, 8328.13, 1, 0, 0, 0.22, 759, 84, 7734.38, 21320, 19800
1693668388, 0, 1, 156, 0, 0, 8328.13, 1, 0, 0, 0.21, 760, 84, 7734.38, 21320, 19800
1693668393, 0, 1, 156, 0, 0, 8328.13, 1, 0, 0, 0.19, 761, 84, 7734.38, 21320, 19800
1693668398, 0, 1, 156, 0, 0, 8328.13, 1, 0, 0, 0.21, 762, 84, 7734.38, 21320, 19800
1693668402, 0, 1, 156, 0, 0, 8328.13, 1, 0, 0, 0.21, 763, 84, 7734.38, 21320, 19800
1693668407, 0, 1, 156, 0, 0, 8328.13, 1, 0, 0, 0.20, 764, 84, 7734.38, 21320, 19800
1693668412, 0, 1, 156, 0, 0, 8328.13, 1, 0, 0, 0.20, 765, 84, 7734.38, 21320, 19800
1693668417, 0, 1, 156, 0, 0, 8328.13, 1, 0, 0, 0.21, 766, 84, 7734.38, 21320, 19800
1693668422, 0, 1, 156, 0, 0, 8328.13, 1, 0, 0, 0.20, 767, 84, 7734.38, 21320, 19800
1693668427, 0, 1, 156, 0, 0, 8328.13, 1, 0, 0, 0.19, 768, 84, 7734.38, 21320, 19800
1693668432, 0, 1, 156, 0, 0, 8328.13, 1, 0, 0, 0.21, 769, 84, 7734.38, 21320, 19800
1693668437, 0, 1, 156, 0, 0, 8328.13, 1, 0, 0, 0.21, 770, 84, 7734.38, 21320, 19800
1693668442, 0, 1, 156, 0, 0, 8328.13, 1, 0, 0, 0.19, 771, 84, 7734.38, 21320, 19800
1693668447, 0, 1, 156, 0, 0, 8328.13, 1, 0, 0, 0.20, 772, 84, 7734.38, 21320, 19800
1693668452, 0, 1, 156, 0, 0, 8328.13, 1, 0, 0, 0.20, 773, 84, 7734.38, 21320, 19800
1693668457, 0, 1, 156, 0, 0, 8328.13, 1, 0, 0, 0.21, 774, 84, 7734.38, 21320, 19800
1693668460, 0, 1, 156, 0, 0, 8328.13, 1, 0, 0, 0.33, 775, 84, 7734.38, 21320, 19800
1693668465, 0, 1, 156, 0, 0, 8328.13, 1, 0, 0, 0.21, 776, 84, 7734.38, 21320, 19800
1693668469, 0, 1, 156, 0, 0, 8328.13, 1, 0, 0, 0.23, 777, 84, 7734.38, 21320, 19800
1693668474, 0, 1, 156, 0, 0, 8328.13, 1, 0, 0, 0.20, 778, 84, 7734.38, 21320, 19800
1693668479, 0, 1, 156, 0, 0, 8328.13, 1, 0, 0, 0.22, 779, 84, 7734.38, 21320, 19800
1693668483, 0, 1, 156, 0, 0, 8328.13, 1, 0, 0, 0.22, 780, 84, 7734.38, 21320, 19800
1693668488, 0, 1, 156, 0, 0, 8328.13, 1, 0, 0, 0.21, 781, 84, 7734.38, 21320, 19800
1693668493, 0, 1, 156, 0, 0, 8328.13, 1, 0, 0, 0.20, 782, 84, 7734.38, 21320, 19800
1693668498, 0, 1, 156, 0, 0, 8328.13, 1, 0, 0, 0.19, 783, 84, 7734.38, 21320, 19800
1693668503, 0, 1, 156, 0, 0, 8328.13, 1, 0, 0, 0.20, 784, 84, 7734.38, 21320, 19800
1693668508, 0, 1, 156, 0, 0, 8328.13, 1, 0, 0, 0.21, 785, 84, 7734.38, 21320, 19800
1693668511, 0, 1, 157, 0, 0, 8366.41, 1, 0, 0, 0.31, 786, 84, 7772.66, 21418, 19898
1693668516, 0, 1, 157, 0, 0, 8366.41, 1, 0, 0, 0.20, 787, 84, 7772.66, 21418, 19898
1693668521, 0, 1, 157, 0, 0, 8366.41, 1, 0, 0, 0.21, 788, 84, 7772.66, 21418, 19898
1693668526, 0, 1, 157, 0, 0, 8366.41, 1, 0, 0, 0.20, 789, 84, 7772.66, 21418, 19898
1693668531, 0, 1, 158, 0, 0, 8366.41, 1, 0, 0, 0.19, 790, 84, 7772.66, 21418, 19898
1693668536, 0, 1, 158, 0, 0, 8366.41, 1, 0, 0, 0.21, 791, 84, 7772.66, 21418, 19898
1693668541, 0, 1, 158, 0, 0, 8366.41, 1, 0, 0, 0.21, 792, 84, 7772.66, 21418, 19898
1693668546, 0, 1, 158, 0, 0, 8366.41, 1, 0, 0, 0.20, 793, 84, 7772.66, 21418, 19898
1693668551, 0, 1, 158, 0, 0, 8366.41, 1, 0, 0, 0.20, 794, 84, 7772.66, 21418, 19898
1693668556, 0, 1, 158, 0, 0, 8366.41, 1, 0, 0, 0.21, 795, 84, 7772.66, 21418, 19898
1693668560, 0, 1, 158, 0, 0, 8366.41, 1, 0, 0, 0.21, 796, 84, 7772.66, 21418, 19898
1693668565, 0, 1, 158, 0, 0, 8366.41, 1, 0, 0, 0.21, 797, 84, 7772.66, 21418, 19898
1693668570, 0, 1, 158, 0, 0, 8366.41, 1, 0, 0, 0.21, 798, 84, 7772.66, 21418, 19898
1693668574, 0, 1, 158, 0, 0, 8366.41, 1, 0, 0, 0.22, 799, 84, 7772.66, 21418, 19898
1693668579, 0, 1, 158, 0, 0, 8366.41, 1, 0, 0, 0.20, 800, 84, 7772.66, 21418, 19898
1693668585, 0, 1, 158, 0, 0, 8366.41, 1, 0, 0, 0.20, 801, 84, 7772.66, 21418, 19898
1693668589, 0, 1, 158, 0, 0, 8366.41, 1, 0, 0, 0.21, 802, 84, 7772.66, 21418, 19898
1693668594, 0, 1, 158, 0, 0, 8366.41, 1, 0, 0, 0.22, 803, 84, 7772.66, 21418, 19898
1693668599, 0, 1, 158, 0, 0, 8366.41, 1, 0, 0, 0.19, 804, 84, 7772.66, 21418, 19898
1693668604, 0, 1, 158, 0, 0, 8366.41, 1, 0, 0, 0.21, 805, 84, 7772.66, 21418, 19898
1693668609, 0, 1, 158, 0, 0, 8366.41, 1, 0, 0, 0.21, 806, 84, 7772.66, 21418, 19898
1693668613, 0, 1, 158, 0, 0, 8366.41, 1, 0, 0, 0.21, 807, 84, 7772.66, 21418, 19898
1693668618, 0, 1, 158, 0, 0, 8366.41, 1, 0, 0, 0.20, 808, 84, 7772.66, 21418, 19898
1693668623, 0, 1, 158, 0, 0, 8366.41, 1, 0, 0, 0.21, 809, 84, 7772.66, 21418, 19898
1693668628, 0, 1, 158, 0, 0, 8366.41, 1, 0, 0, 0.21, 810, 84, 7772.66, 21418, 19898
1693668633, 0, 1, 158, 0, 0, 8366.41, 1, 0, 0, 0.21, 811, 84, 7772.66, 21418, 19898
1693668638, 0, 1, 158, 0, 0, 8366.41, 1, 0, 0, 0.20, 812, 84, 7772.66, 21418, 19898
1693668642, 0, 1, 158, 0, 0, 8366.41, 1, 0, 0, 0.22, 813, 84, 7772.66, 21418, 19898
1693668647, 0, 1, 158, 0, 0, 8366.41, 1, 0, 0, 0.21, 814, 84, 7772.66, 21418, 19898
1693668651, 0, 1, 158, 0, 0, 8366.41, 1, 0, 0, 0.23, 815, 84, 7772.66, 21418, 19898
1693668657, 0, 1, 158, 0, 0, 8366.41, 1, 0, 0, 0.19, 816, 84, 7772.66, 21418, 19898
1693668661, 0, 1, 158, 0, 0, 8366.41, 1, 0, 0, 0.22, 817, 84, 7772.66, 21418, 19898
1693668666, 0, 1, 158, 0, 0, 8366.41, 1, 0, 0, 0.20, 818, 84, 7772.66, 21418, 19898
1693668671, 0, 1, 158, 0, 0, 8366.41, 1, 0, 0, 0.21, 819, 84, 7772.66, 21418, 19898
1693668676, 0, 1, 158, 0, 0, 8366.41, 1, 0, 0, 0.20, 820, 84, 7772.66, 21418, 19898
1693668680, 0, 1, 158, 0, 0, 8366.41, 1, 0, 0, 0.22, 821, 84, 7772.66, 21418, 19898
1693668685, 0, 1, 158, 0, 0, 8366.41, 1, 0, 0, 0.21, 822, 84, 7772.66, 21418, 19898
1693668690, 0, 1, 158, 0, 0, 8366.41, 1, 0, 0, 0.22, 823, 84, 7772.66, 21418, 19898
1693668695, 0, 1, 158, 0, 0, 8366.41, 1, 0, 0, 0.18, 824, 84, 7772.66, 21418, 19898
1693668701, 0, 1, 158, 0, 0, 8366.41, 1, 0, 0, 0.19, 825, 84, 7772.66, 21418, 19898
1693668705, 0, 1, 158, 0, 0, 8366.41, 1, 0, 0, 0.20, 826, 84, 7772.66, 21418, 19898
1693668711, 0, 1, 158, 0, 0, 8366.41, 1, 0, 0, 0.19, 827, 84, 7772.66, 21418, 19898
1693668715, 0, 1, 158, 0, 0, 8366.41, 1, 0, 0, 0.21, 828, 84, 7772.66, 21418, 19898
1693668720, 0, 1, 158, 0, 0, 8366.41, 1, 0, 0, 0.22, 829, 84, 7772.66, 21418, 19898
1693668724, 0, 1, 158, 0, 0, 8366.41, 1, 0, 0, 0.23, 830, 84, 7772.66, 21418, 19898
1693668729, 0, 1, 158, 0, 0, 8366.41, 1, 0, 0, 0.21, 831, 84, 7772.66, 21418, 19898
1693668734, 0, 1, 158, 0, 0, 8366.41, 1, 0, 0, 0.21, 832, 84, 7772.66, 21418, 19898
1693668739, 0, 1, 158, 0, 0, 8366.41, 1, 0, 0, 0.21, 833, 84, 7772.66, 21418, 19898
1693668744, 0, 1, 158, 0, 0, 8366.41, 1, 0, 0, 0.20, 834, 84, 7772.66, 21418, 19898
1693668748, 0, 1, 158, 0, 0, 8366.41, 1, 0, 0, 0.22, 835, 84, 7772.66, 21418, 19898
1693668753, 0, 1, 158, 0, 0, 8366.41, 1, 0, 0, 0.20, 836, 84, 7772.66, 21418, 19898
1693668758, 0, 1, 158, 0, 0, 8366.41, 1, 0, 0, 0.20, 837, 84, 7772.66, 21418, 19898
1693668763, 0, 1, 158, 0, 0, 8366.41, 1, 0, 0, 0.20, 838, 84, 7772.66, 21418, 19898
1693668767, 0, 1, 158, 0, 0, 8366.41, 1, 0, 0, 0.22, 839, 84, 7772.66, 21418, 19898
1693668772, 0, 1, 158, 0, 0, 8366.41, 1, 0, 0, 0.21, 840, 84, 7772.66, 21418, 19898
1693668777, 0, 1, 158, 0, 0, 8366.41, 1, 0, 0, 0.22, 841, 84, 7772.66, 21418, 19898
1693668782, 0, 1, 158, 0, 0, 8366.41, 1, 0, 0, 0.19, 842, 84, 7772.66, 21418, 19898
1693668787, 0, 1, 158, 0, 0, 8366.41, 1, 0, 0, 0.22, 843, 84, 7772.66, 21418, 19898
1693668792, 0, 1, 158, 0, 0, 8366.41, 1, 0, 0, 0.20, 844, 84, 7772.66, 21418, 19898
1693668796, 0, 1, 158, 0, 0, 8366.41, 1, 0, 0, 0.21, 845, 84, 7772.66, 21418, 19898
1693668801, 0, 1, 158, 0, 0, 8366.41, 1, 0, 0, 0.20, 846, 84, 7772.66, 21418, 19898
1693668806, 0, 1, 158, 0, 0, 8366.41, 1, 0, 0, 0.21, 847, 84, 7772.66, 21418, 19898
1693668806, 0, 1, 158, 0, 0, 8366.41, 1, 0, 0, 0.00, 847, 84, 7772.66, 21418, 19898
