# unix_time, cycles_done, cur_path, paths_total, pending_total, pending_favs, map_size, unique_crashes, unique_hangs, max_depth, execs_per_sec, valid_inputs, invalid_inputs, valid_cov, all_covered_probes, valid_covered_probes
1695085136, 0, 0, 0, 0, 0, 0.00, 1, 0, 0, 0.07, 0, 1, 0.00, 0, 0
1695085137, 0, 0, 3, 0, 0, 773.44, 1, 0, 0, 8.17, 0, 4, 0.00, 1980, 0
1695085137, 0, 0, 7, 0, 0, 1023.05, 1, 0, 0, 16.56, 2, 7, 866.02, 2619, 2217
1695085137, 0, 0, 13, 0, 0, 1249.61, 1, 0, 0, 27.03, 5, 13, 933.59, 3199, 2390
1695085138, 0, 0, 13, 0, 0, 1249.61, 1, 0, 0, 40.11, 8, 24, 933.59, 3199, 2390
1695085138, 0, 0, 13, 0, 0, 1249.61, 1, 0, 0, 6.45, 8, 26, 933.59, 3199, 2390
1695085138, 0, 0, 13, 0, 0, 1249.61, 1, 0, 0, 28.13, 9, 34, 933.59, 3199, 2390
1695085146, 0, 0, 14, 0, 0, 6173.05, 1, 0, 0, 0.13, 10, 34, 5905.08, 15803, 15117
1695085151, 0, 0, 16, 0, 0, 6307.42, 1, 0, 0, 2.58, 11, 46, 6039.45, 16147, 15461
1695085152, 0, 0, 21, 0, 0, 6317.19, 1, 0, 0, 101.85, 19, 71, 6048.83, 16172, 15485
1695085152, 0, 1, 21, 0, 0, 6317.19, 1, 0, 0, 68.40, 26, 85, 6048.83, 16172, 15485
1695085158, 0, 1, 23, 0, 0, 6328.52, 1, 0, 0, 3.54, 32, 100, 6060.16, 16201, 15514
1695085158, 0, 1, 26, 0, 0, 6328.52, 1, 0, 0, 8.93, 33, 102, 6060.16, 16201, 15514
1695085165, 0, 1, 28, 0, 0, 6329.30, 1, 0, 0, 2.07, 41, 107, 6060.94, 16203, 15516
1695085170, 0, 1, 29, 0, 0, 6329.30, 1, 0, 0, 0.20, 42, 107, 6060.94, 16203, 15516
1695085175, 0, 1, 31, 0, 0, 6340.23, 1, 0, 0, 1.31, 44, 112, 6071.88, 16231, 15544
1695085175, 0, 1, 33, 0, 0, 6340.23, 1, 0, 0, 79.21, 47, 133, 6071.88, 16231, 15544
1695085182, 0, 1, 34, 0, 0, 6347.66, 1, 0, 0, 1.43, 51, 139, 6079.30, 16250, 15563
1695085187, 0, 1, 35, 0, 0, 6347.66, 1, 0, 0, 0.20, 52, 139, 6079.30, 16250, 15563
1695085195, 0, 1, 38, 0, 0, 6355.08, 1, 0, 0, 1.15, 55, 145, 6086.72, 16269, 15582
1695085196, 0, 2, 41, 0, 0, 6355.08, 1, 0, 0, 72.97, 60, 167, 6086.72, 16269, 15582
1695085200, 0, 2, 42, 0, 0, 6355.08, 1, 0, 0, 3.84, 67, 178, 6086.72, 16269, 15582
1695085205, 0, 2, 43, 0, 0, 6355.08, 1, 0, 0, 1.17, 68, 182, 6086.72, 16269, 15582
1695085214, 0, 2, 44, 0, 0, 6355.08, 1, 0, 0, 0.11, 69, 182, 6086.72, 16269, 15582
1695085218, 0, 2, 46, 0, 0, 6355.08, 1, 0, 0, 1.43, 72, 185, 6086.72, 16269, 15582
1695085222, 0, 2, 47, 0, 0, 6355.08, 1, 0, 0, 1.19, 73, 189, 6086.72, 16269, 15582
1695085223, 0, 3, 49, 0, 0, 6355.08, 1, 0, 0, 104.23, 87, 207, 6086.72, 16269, 15582
1695085228, 0, 3, 50, 0, 0, 6393.36, 1, 0, 0, 8.56, 100, 236, 6125.00, 16367, 15680
1695085231, 0, 3, 52, 0, 0, 6393.36, 1, 0, 0, 5.86, 107, 252, 6125.00, 16367, 15680
1695085236, 0, 4, 57, 0, 0, 6393.36, 1, 0, 0, 3.19, 116, 258, 6125.00, 16367, 15680
1695085240, 0, 4, 60, 0, 0, 6393.36, 1, 0, 0, 3.24, 126, 260, 6125.00, 16367, 15680
1695085244, 0, 4, 62, 0, 0, 6393.36, 1, 0, 0, 2.11, 132, 262, 6125.00, 16367, 15680
1695085248, 0, 4, 63, 0, 0, 6393.36, 1, 0, 0, 0.98, 136, 262, 6125.00, 16367, 15680
1695085252, 0, 4, 65, 0, 0, 6393.36, 1, 0, 0, 1.83, 142, 263, 6125.00, 16367, 15680
1695085255, 0, 4, 67, 0, 0, 6398.83, 1, 0, 0, 2.41, 149, 265, 6130.47, 16381, 15694
1695085258, 0, 4, 69, 0, 0, 6398.83, 2, 0, 0, 7.84, 160, 272, 6130.47, 16381, 15694
1695085263, 0, 4, 70, 0, 0, 6398.83, 2, 0, 0, 0.19, 161, 272, 6130.47, 16381, 15694
1695085268, 0, 4, 72, 0, 0, 6398.83, 2, 0, 0, 1.86, 168, 274, 6130.47, 16381, 15694
1695085271, 0, 4, 73, 0, 0, 6398.83, 2, 0, 0, 2.13, 174, 276, 6130.47, 16381, 15694
1695085276, 0, 4, 75, 0, 0, 6398.83, 2, 0, 0, 3.22, 184, 280, 6130.47, 16381, 15694
1695085283, 0, 4, 77, 0, 0, 6398.83, 2, 0, 0, 0.57, 187, 281, 6130.47, 16381, 15694
1695085288, 0, 4, 79, 0, 0, 6398.83, 2, 0, 0, 2.08, 194, 284, 6130.47, 16381, 15694
1695085292, 0, 5, 81, 0, 0, 6398.83, 2, 0, 0, 2.09, 201, 287, 6130.47, 16381, 15694
1695085296, 0, 5, 82, 0, 0, 6398.83, 2, 0, 0, 3.28, 209, 291, 6130.47, 16381, 15694
1695085301, 0, 5, 85, 0, 0, 6399.22, 2, 0, 0, 2.94, 219, 295, 6130.86, 16382, 15695
1695085306, 0, 5, 88, 0, 0, 6399.22, 2, 0, 0, 3.18, 231, 300, 6130.86, 16382, 15695
1695085310, 0, 5, 88, 0, 0, 6399.22, 2, 0, 0, 1.04, 234, 301, 6130.86, 16382, 15695
1695085316, 0, 5, 89, 0, 0, 6399.22, 2, 0, 0, 2.26, 247, 301, 6130.86, 16382, 15695
1695085320, 0, 6, 90, 0, 0, 6399.22, 2, 0, 0, 4.44, 264, 303, 6130.86, 16382, 15695
1695085324, 0, 6, 91, 0, 0, 6399.22, 2, 0, 0, 1.37, 266, 307, 6130.86, 16382, 15695
1695085328, 0, 6, 92, 0, 0, 6399.22, 2, 0, 0, 2.76, 267, 316, 6130.86, 16382, 15695
1695085333, 0, 6, 94, 0, 0, 6399.22, 2, 0, 0, 2.64, 273, 322, 6130.86, 16382, 15695
1695085337, 0, 6, 95, 0, 0, 6399.22, 2, 0, 0, 6.32, 286, 335, 6130.86, 16382, 15695
1695085342, 0, 6, 96, 0, 0, 6399.22, 2, 0, 0, 0.98, 289, 337, 6130.86, 16382, 15695
1695085346, 0, 6, 97, 0, 0, 6399.22, 2, 0, 0, 1.51, 291, 341, 6130.86, 16382, 15695
1695085350, 0, 6, 98, 0, 0, 6399.22, 2, 0, 0, 3.25, 296, 350, 6130.86, 16382, 15695
1695085351, 0, 7, 99, 0, 0, 6399.22, 2, 0, 0, 45.80, 302, 362, 6130.86, 16382, 15695
1695085354, 0, 7, 99, 0, 0, 6399.22, 2, 0, 0, 3.58, 306, 372, 6130.86, 16382, 15695
1695085358, 0, 7, 100, 0, 0, 6399.22, 2, 0, 0, 0.25, 307, 372, 6130.86, 16382, 15695
1695085376, 0, 7, 101, 0, 0, 6399.61, 2, 0, 0, 1.28, 318, 383, 6131.25, 16383, 15696
1695085397, 0, 7, 102, 0, 0, 6399.61, 2, 0, 0, 0.23, 319, 387, 6131.25, 16383, 15696
1695085398, 0, 7, 103, 0, 0, 6399.61, 2, 0, 0, 146.67, 337, 413, 6131.25, 16383, 15696
1695085403, 0, 7, 104, 0, 0, 6399.61, 2, 0, 0, 1.61, 342, 417, 6131.25, 16383, 15696
1695085409, 0, 8, 105, 0, 0, 6399.61, 2, 0, 0, 0.68, 344, 419, 6131.25, 16383, 15696
1695085409, 0, 8, 106, 0, 0, 6399.61, 2, 0, 0, 15.34, 348, 420, 6131.25, 16383, 15696
1695085415, 0, 8, 107, 0, 0, 6399.61, 2, 0, 0, 0.38, 349, 421, 6131.25, 16383, 15696
1695085418, 0, 8, 108, 0, 0, 6399.61, 2, 0, 0, 0.27, 350, 421, 6131.25, 16383, 15696
1695085422, 0, 8, 109, 0, 0, 6399.61, 2, 0, 0, 0.26, 351, 421, 6131.25, 16383, 15696
1695085425, 0, 8, 109, 0, 0, 6399.61, 2, 0, 0, 3.16, 357, 425, 6131.25, 16383, 15696
1695085431, 0, 8, 112, 0, 0, 6400.39, 2, 0, 0, 4.45, 377, 429, 6131.25, 16385, 15696
1695085435, 0, 8, 113, 0, 0, 6400.39, 2, 0, 0, 0.48, 379, 429, 6131.25, 16385, 15696
1695085441, 0, 8, 114, 0, 0, 6416.80, 2, 0, 0, 0.31, 381, 429, 6147.66, 16427, 15738
1695085449, 0, 8, 115, 0, 0, 6443.75, 2, 0, 0, 0.13, 382, 429, 6174.61, 16496, 15807
1695085455, 0, 8, 117, 0, 0, 6443.75, 2, 0, 0, 2.28, 395, 429, 6174.61, 16496, 15807
1695085462, 0, 9, 118, 0, 0, 6443.75, 2, 0, 0, 3.23, 414, 434, 6174.61, 16496, 15807
1695085463, 0, 9, 119, 0, 0, 6443.75, 2, 0, 0, 60.61, 427, 441, 6174.61, 16496, 15807
1695085468, 0, 9, 119, 0, 0, 6443.75, 2, 0, 0, 0.20, 428, 441, 6174.61, 16496, 15807
1695085468, 0, 9, 120, 0, 0, 6443.75, 2, 0, 0, 45.45, 438, 445, 6174.61, 16496, 15807
1695085480, 0, 9, 121, 0, 0, 6443.75, 2, 0, 0, 2.04, 456, 451, 6174.61, 16496, 15807
1695085485, 0, 9, 122, 0, 0, 6443.75, 2, 0, 0, 1.50, 463, 452, 6174.61, 16496, 15807
1695085495, 0, 9, 124, 0, 0, 6443.75, 2, 0, 0, 1.01, 472, 453, 6174.61, 16496, 15807
1695085495, 0, 9, 125, 0, 0, 6443.75, 2, 0, 0, 35.60, 482, 454, 6174.61, 16496, 15807
1695085500, 0, 9, 126, 0, 0, 6443.75, 2, 0, 0, 1.07, 486, 455, 6174.61, 16496, 15807
1695085500, 0, 9, 128, 0, 0, 6443.75, 2, 0, 0, 37.50, 494, 459, 6174.61, 16496, 15807
1695085506, 0, 9, 129, 0, 0, 6443.75, 2, 0, 0, 0.77, 496, 461, 6174.61, 16496, 15807
1695085506, 0, 10, 130, 0, 0, 6443.75, 2, 0, 0, 22.99, 501, 464, 6174.61, 16496, 15807
1695085510, 0, 10, 131, 0, 0, 6446.88, 2, 0, 0, 1.69, 503, 469, 6177.73, 16504, 15815
1695085515, 0, 10, 131, 0, 0, 6446.88, 2, 0, 0, 1.17, 506, 472, 6177.73, 16504, 15815
1695085520, 0, 10, 131, 0, 0, 6446.88, 2, 0, 0, 2.88, 510, 483, 6177.73, 16504, 15815
1695085530, 0, 10, 133, 0, 0, 6446.88, 2, 0, 0, 2.03, 519, 494, 6177.73, 16504, 15815
1695085537, 0, 10, 134, 0, 0, 6446.88, 2, 0, 0, 3.16, 524, 509, 6177.73, 16504, 15815
1695085537, 0, 10, 135, 0, 0, 6446.88, 2, 0, 0, 20.71, 527, 513, 6177.73, 16504, 15815
1695085541, 0, 10, 135, 0, 0, 6446.88, 2, 0, 0, 1.22, 530, 515, 6177.73, 16504, 15815
1695085546, 0, 11, 136, 0, 0, 6446.88, 2, 0, 0, 4.62, 540, 527, 6177.73, 16504, 15815
1695085546, 0, 11, 137, 0, 0, 6446.88, 2, 0, 0, 57.06, 554, 532, 6177.73, 16504, 15815
1695085551, 0, 11, 137, 0, 0, 6446.88, 2, 0, 0, 0.38, 556, 532, 6177.73, 16504, 15815
1695085556, 0, 11, 138, 0, 0, 6446.88, 2, 0, 0, 3.75, 568, 536, 6177.73, 16504, 15815
1695085560, 0, 11, 138, 0, 0, 6446.88, 2, 0, 0, 5.06, 591, 537, 6177.73, 16504, 15815
1695085570, 0, 11, 138, 0, 0, 6446.88, 2, 0, 0, 0.21, 593, 537, 6177.73, 16504, 15815
1695085570, 0, 11, 138, 0, 0, 6446.88, 2, 0, 0, 20.65, 597, 540, 6177.73, 16504, 15815
1695085575, 0, 11, 138, 0, 0, 6446.88, 2, 0, 0, 0.61, 599, 541, 6177.73, 16504, 15815
1695085580, 0, 11, 139, 0, 0, 6446.88, 2, 0, 0, 0.44, 601, 541, 6177.73, 16504, 15815
1695085583, 0, 12, 139, 0, 0, 6446.88, 2, 0, 0, 2.40, 605, 545, 6177.73, 16504, 15815
1695085589, 0, 12, 139, 0, 0, 6446.88, 2, 0, 0, 1.35, 610, 548, 6177.73, 16504, 15815
1695085596, 0, 12, 139, 0, 0, 6446.88, 2, 0, 0, 1.69, 615, 555, 6177.73, 16504, 15815
1695085600, 0, 12, 140, 0, 0, 6446.88, 2, 0, 0, 1.67, 618, 559, 6177.73, 16504, 15815
1695085601, 0, 12, 140, 0, 0, 6446.88, 2, 0, 0, 55.23, 625, 571, 6177.73, 16504, 15815
1695085601, 0, 12, 140, 0, 0, 6446.88, 2, 0, 0, 46.36, 630, 580, 6177.73, 16504, 15815
1695085607, 0, 12, 141, 0, 0, 6446.88, 2, 0, 0, 0.32, 631, 581, 6177.73, 16504, 15815
1695085611, 0, 12, 141, 0, 0, 6446.88, 2, 0, 0, 7.40, 635, 607, 6177.73, 16504, 15815
1695085617, 0, 13, 142, 0, 0, 6446.88, 2, 0, 0, 0.18, 636, 607, 6177.73, 16504, 15815
1695085622, 0, 13, 143, 0, 0, 6446.88, 2, 0, 0, 0.19, 637, 607, 6177.73, 16504, 15815
1695085627, 0, 13, 143, 0, 0, 6446.88, 2, 0, 0, 0.24, 638, 607, 6177.73, 16504, 15815
1695085631, 0, 13, 143, 0, 0, 6446.88, 2, 0, 0, 0.23, 639, 607, 6177.73, 16504, 15815
1695085636, 0, 13, 143, 0, 0, 6446.88, 2, 0, 0, 0.22, 640, 607, 6177.73, 16504, 15815
1695085640, 0, 13, 143, 0, 0, 6446.88, 2, 0, 0, 0.21, 641, 607, 6177.73, 16504, 15815
1695085645, 0, 13, 143, 0, 0, 6446.88, 2, 0, 0, 0.22, 642, 607, 6177.73, 16504, 15815
1695085650, 0, 13, 143, 0, 0, 6446.88, 2, 0, 0, 0.19, 643, 607, 6177.73, 16504, 15815
1695085654, 0, 13, 143, 0, 0, 6446.88, 2, 0, 0, 0.25, 644, 607, 6177.73, 16504, 15815
1695085659, 0, 13, 143, 0, 0, 6446.88, 2, 0, 0, 0.22, 645, 607, 6177.73, 16504, 15815
1695085663, 0, 13, 143, 0, 0, 6446.88, 2, 0, 0, 0.24, 646, 607, 6177.73, 16504, 15815
1695085668, 0, 13, 143, 0, 0, 6446.88, 2, 0, 0, 0.21, 647, 607, 6177.73, 16504, 15815
1695085672, 0, 13, 143, 0, 0, 6446.88, 2, 0, 0, 0.22, 648, 607, 6177.73, 16504, 15815
1695085677, 0, 13, 143, 0, 0, 6446.88, 2, 0, 0, 0.21, 649, 607, 6177.73, 16504, 15815
1695085680, 0, 13, 143, 0, 0, 6446.88, 2, 0, 0, 0.27, 650, 607, 6177.73, 16504, 15815
1695085685, 0, 13, 143, 0, 0, 6446.88, 2, 0, 0, 0.21, 651, 607, 6177.73, 16504, 15815
1695085689, 0, 13, 143, 0, 0, 6446.88, 2, 0, 0, 0.26, 652, 607, 6177.73, 16504, 15815
1695085694, 0, 13, 143, 0, 0, 6446.88, 2, 0, 0, 0.21, 653, 607, 6177.73, 16504, 15815
1695085698, 0, 13, 143, 0, 0, 6446.88, 2, 0, 0, 0.25, 654, 607, 6177.73, 16504, 15815
1695085702, 0, 13, 143, 0, 0, 6446.88, 2, 0, 0, 0.23, 655, 607, 6177.73, 16504, 15815
1695085707, 0, 13, 143, 0, 0, 6446.88, 2, 0, 0, 0.21, 656, 607, 6177.73, 16504, 15815
1695085712, 0, 13, 143, 0, 0, 6446.88, 2, 0, 0, 0.22, 657, 607, 6177.73, 16504, 15815
1695085717, 0, 13, 143, 0, 0, 6446.88, 2, 0, 0, 0.19, 658, 607, 6177.73, 16504, 15815
1695085721, 0, 13, 144, 0, 0, 6446.88, 2, 0, 0, 0.22, 659, 607, 6177.73, 16504, 15815
1695085726, 0, 13, 144, 0, 0, 6446.88, 2, 0, 0, 0.23, 660, 607, 6177.73, 16504, 15815
1695085730, 0, 13, 145, 0, 0, 6446.88, 2, 0, 0, 0.22, 661, 607, 6177.73, 16504, 15815
1695085733, 0, 13, 145, 0, 0, 6446.88, 2, 0, 0, 0.36, 662, 607, 6177.73, 16504, 15815
1695085738, 0, 13, 145, 0, 0, 6446.88, 2, 0, 0, 0.21, 663, 607, 6177.73, 16504, 15815
1695085743, 0, 13, 145, 0, 0, 6446.88, 2, 0, 0, 0.20, 664, 607, 6177.73, 16504, 15815
1695085747, 0, 13, 145, 0, 0, 6446.88, 2, 0, 0, 0.24, 665, 607, 6177.73, 16504, 15815
1695085765, 0, 13, 146, 0, 0, 6446.88, 2, 0, 0, 0.05, 666, 607, 6177.73, 16504, 15815
1695085770, 0, 13, 146, 0, 0, 6446.88, 2, 0, 0, 0.22, 667, 607, 6177.73, 16504, 15815
1695085774, 0, 13, 146, 0, 0, 6446.88, 2, 0, 0, 0.21, 668, 607, 6177.73, 16504, 15815
1695085778, 0, 13, 146, 0, 0, 6446.88, 2, 0, 0, 0.25, 669, 607, 6177.73, 16504, 15815
1695085783, 0, 13, 146, 0, 0, 6446.88, 2, 0, 0, 0.22, 670, 607, 6177.73, 16504, 15815
1695085789, 0, 13, 146, 0, 0, 6446.88, 2, 0, 0, 0.18, 671, 607, 6177.73, 16504, 15815
1695085793, 0, 13, 146, 0, 0, 6446.88, 2, 0, 0, 0.23, 672, 607, 6177.73, 16504, 15815
1695085798, 0, 13, 146, 0, 0, 6446.88, 2, 0, 0, 0.22, 673, 607, 6177.73, 16504, 15815
1695085802, 0, 13, 146, 0, 0, 6446.88, 2, 0, 0, 0.25, 674, 607, 6177.73, 16504, 15815
1695085806, 0, 13, 146, 0, 0, 6446.88, 2, 0, 0, 0.22, 675, 607, 6177.73, 16504, 15815
1695085811, 0, 13, 146, 0, 0, 6446.88, 2, 0, 0, 0.22, 676, 607, 6177.73, 16504, 15815
1695085815, 0, 13, 147, 0, 0, 6446.88, 2, 0, 0, 0.21, 677, 607, 6177.73, 16504, 15815
1695085820, 0, 13, 148, 0, 0, 6446.88, 2, 0, 0, 0.24, 678, 607, 6177.73, 16504, 15815
1695085824, 0, 13, 149, 0, 0, 6446.88, 2, 0, 0, 0.22, 679, 607, 6177.73, 16504, 15815
1695085829, 0, 13, 150, 0, 0, 6446.88, 2, 0, 0, 0.23, 680, 607, 6177.73, 16504, 15815
1695085833, 0, 13, 151, 0, 0, 6446.88, 2, 0, 0, 0.22, 681, 607, 6177.73, 16504, 15815
1695085837, 0, 13, 151, 0, 0, 6446.88, 2, 0, 0, 0.26, 682, 607, 6177.73, 16504, 15815
1695085841, 0, 13, 151, 0, 0, 6446.88, 2, 0, 0, 0.22, 683, 607, 6177.73, 16504, 15815
1695085846, 0, 13, 151, 0, 0, 6446.88, 2, 0, 0, 0.22, 684, 607, 6177.73, 16504, 15815
1695085850, 0, 13, 151, 0, 0, 6446.88, 2, 0, 0, 0.22, 685, 607, 6177.73, 16504, 15815
1695085855, 0, 13, 151, 0, 0, 6446.88, 2, 0, 0, 0.22, 686, 607, 6177.73, 16504, 15815
1695085859, 0, 13, 151, 0, 0, 6446.88, 2, 0, 0, 0.23, 687, 607, 6177.73, 16504, 15815
1695085862, 0, 13, 152, 0, 0, 6447.66, 2, 0, 0, 0.32, 688, 607, 6178.52, 16506, 15817
1695085865, 0, 13, 152, 0, 0, 6447.66, 2, 0, 0, 0.36, 689, 607, 6178.52, 16506, 15817
1695085869, 0, 13, 152, 0, 0, 6447.66, 2, 0, 0, 0.23, 690, 607, 6178.52, 16506, 15817
1695085874, 0, 13, 152, 0, 0, 6447.66, 2, 0, 0, 0.24, 691, 607, 6178.52, 16506, 15817
1695085878, 0, 13, 152, 0, 0, 6447.66, 2, 0, 0, 0.23, 692, 607, 6178.52, 16506, 15817
1695085882, 0, 13, 152, 0, 0, 6447.66, 2, 0, 0, 0.23, 693, 607, 6178.52, 16506, 15817
1695085887, 0, 13, 153, 0, 0, 6447.66, 2, 0, 0, 0.23, 694, 607, 6178.52, 16506, 15817
1695085891, 0, 13, 153, 0, 0, 6447.66, 2, 0, 0, 0.22, 695, 607, 6178.52, 16506, 15817
1695085897, 0, 13, 153, 0, 0, 6447.66, 2, 0, 0, 0.16, 696, 607, 6178.52, 16506, 15817
1695085902, 0, 13, 153, 0, 0, 6447.66, 2, 0, 0, 0.21, 697, 607, 6178.52, 16506, 15817
1695085907, 0, 13, 153, 0, 0, 6447.66, 2, 0, 0, 0.22, 698, 607, 6178.52, 16506, 15817
1695085909, 0, 13, 153, 0, 0, 6447.66, 2, 0, 0, 0.51, 698, 608, 6178.52, 16506, 15817
1695085914, 0, 13, 154, 0, 0, 6447.66, 2, 0, 0, 0.18, 699, 608, 6178.52, 16506, 15817
1695085919, 0, 13, 154, 0, 0, 6447.66, 2, 0, 0, 0.21, 700, 608, 6178.52, 16506, 15817
1695085924, 0, 13, 154, 0, 0, 6447.66, 2, 0, 0, 0.20, 701, 608, 6178.52, 16506, 15817
1695085928, 0, 13, 154, 0, 0, 6447.66, 2, 0, 0, 0.23, 702, 608, 6178.52, 16506, 15817
1695085933, 0, 13, 154, 0, 0, 6447.66, 2, 0, 0, 0.20, 703, 608, 6178.52, 16506, 15817
1695085937, 0, 13, 154, 0, 0, 6447.66, 2, 0, 0, 0.23, 704, 608, 6178.52, 16506, 15817
1695085942, 0, 13, 154, 0, 0, 6447.66, 2, 0, 0, 0.21, 705, 608, 6178.52, 16506, 15817
1695085946, 0, 13, 154, 0, 0, 6447.66, 2, 0, 0, 0.23, 706, 608, 6178.52, 16506, 15817
1695085951, 0, 13, 154, 0, 0, 6447.66, 2, 0, 0, 0.23, 707, 608, 6178.52, 16506, 15817
1695085956, 0, 13, 154, 0, 0, 6447.66, 2, 0, 0, 0.21, 708, 608, 6178.52, 16506, 15817
1695085961, 0, 13, 154, 0, 0, 6447.66, 2, 0, 0, 0.19, 709, 608, 6178.52, 16506, 15817
1695085965, 0, 13, 154, 0, 0, 6447.66, 2, 0, 0, 0.26, 710, 608, 6178.52, 16506, 15817
1695085969, 0, 13, 154, 0, 0, 6447.66, 2, 0, 0, 0.22, 711, 608, 6178.52, 16506, 15817
1695085973, 0, 13, 154, 0, 0, 6447.66, 2, 0, 0, 0.24, 712, 608, 6178.52, 16506, 15817
1695085978, 0, 13, 154, 0, 0, 6447.66, 2, 0, 0, 0.22, 713, 608, 6178.52, 16506, 15817
1695085982, 0, 13, 154, 0, 0, 6447.66, 2, 0, 0, 0.23, 714, 608, 6178.52, 16506, 15817
1695085986, 0, 13, 154, 0, 0, 6447.66, 2, 0, 0, 0.23, 715, 608, 6178.52, 16506, 15817
1695085991, 0, 13, 154, 0, 0, 6447.66, 2, 0, 0, 0.22, 716, 608, 6178.52, 16506, 15817
1695085996, 0, 13, 155, 0, 0, 6447.66, 2, 0, 0, 0.20, 717, 608, 6178.52, 16506, 15817
1695086000, 0, 13, 155, 0, 0, 6447.66, 2, 0, 0, 0.25, 718, 608, 6178.52, 16506, 15817
1695086005, 0, 13, 155, 0, 0, 6447.66, 2, 0, 0, 0.21, 719, 608, 6178.52, 16506, 15817
1695086010, 0, 13, 156, 0, 0, 6447.66, 2, 0, 0, 0.21, 720, 608, 6178.52, 16506, 15817
1695086014, 0, 13, 156, 0, 0, 6447.66, 2, 0, 0, 0.21, 721, 608, 6178.52, 16506, 15817
1695086018, 0, 13, 156, 0, 0, 6447.66, 2, 0, 0, 0.25, 722, 608, 6178.52, 16506, 15817
1695086024, 0, 13, 156, 0, 0, 6447.66, 2, 0, 0, 0.19, 723, 608, 6178.52, 16506, 15817
1695086028, 0, 13, 157, 0, 0, 6447.66, 2, 0, 0, 0.21, 724, 608, 6178.52, 16506, 15817
1695086033, 0, 13, 158, 0, 0, 6447.66, 2, 0, 0, 0.23, 725, 608, 6178.52, 16506, 15817
1695086037, 0, 13, 158, 0, 0, 6447.66, 2, 0, 0, 0.23, 726, 608, 6178.52, 16506, 15817
1695086042, 0, 13, 158, 0, 0, 6447.66, 2, 0, 0, 0.19, 727, 608, 6178.52, 16506, 15817
1695086047, 0, 13, 158, 0, 0, 6447.66, 2, 0, 0, 0.21, 728, 608, 6178.52, 16506, 15817
1695086051, 0, 13, 158, 0, 0, 6447.66, 2, 0, 0, 0.23, 729, 608, 6178.52, 16506, 15817
1695086056, 0, 13, 158, 0, 0, 6447.66, 2, 0, 0, 0.22, 730, 608, 6178.52, 16506, 15817
1695086061, 0, 13, 158, 0, 0, 6447.66, 2, 0, 0, 0.22, 731, 608, 6178.52, 16506, 15817
1695086066, 0, 13, 158, 0, 0, 6447.66, 2, 0, 0, 0.20, 732, 608, 6178.52, 16506, 15817
1695086071, 0, 13, 158, 0, 0, 6447.66, 2, 0, 0, 0.21, 733, 608, 6178.52, 16506, 15817
1695086075, 0, 13, 158, 0, 0, 6447.66, 2, 0, 0, 0.24, 734, 608, 6178.52, 16506, 15817
1695086080, 0, 13, 158, 0, 0, 6447.66, 2, 0, 0, 0.19, 735, 608, 6178.52, 16506, 15817
1695086085, 0, 13, 158, 0, 0, 6447.66, 2, 0, 0, 0.21, 736, 608, 6178.52, 16506, 15817
1695086090, 0, 13, 158, 0, 0, 6447.66, 2, 0, 0, 0.20, 737, 608, 6178.52, 16506, 15817
1695086094, 0, 13, 158, 0, 0, 6447.66, 2, 0, 0, 0.23, 738, 608, 6178.52, 16506, 15817
1695086099, 0, 13, 158, 0, 0, 6447.66, 2, 0, 0, 0.22, 739, 608, 6178.52, 16506, 15817
1695086104, 0, 13, 158, 0, 0, 6447.66, 2, 0, 0, 0.20, 740, 608, 6178.52, 16506, 15817
1695086108, 0, 13, 158, 0, 0, 6447.66, 2, 0, 0, 0.22, 741, 608, 6178.52, 16506, 15817
1695086112, 0, 13, 158, 0, 0, 6447.66, 2, 0, 0, 0.25, 742, 608, 6178.52, 16506, 15817
1695086117, 0, 13, 158, 0, 0, 6447.66, 2, 0, 0, 0.19, 743, 608, 6178.52, 16506, 15817
1695086122, 0, 13, 158, 0, 0, 6447.66, 2, 0, 0, 0.21, 744, 608, 6178.52, 16506, 15817
1695086126, 0, 13, 158, 0, 0, 6447.66, 2, 0, 0, 0.24, 745, 608, 6178.52, 16506, 15817
1695086130, 0, 13, 158, 0, 0, 6447.66, 2, 0, 0, 0.24, 746, 608, 6178.52, 16506, 15817
1695086135, 0, 13, 158, 0, 0, 6447.66, 2, 0, 0, 0.23, 747, 608, 6178.52, 16506, 15817
1695086139, 0, 13, 158, 0, 0, 6447.66, 2, 0, 0, 0.22, 748, 608, 6178.52, 16506, 15817
1695086145, 0, 13, 158, 0, 0, 6447.66, 2, 0, 0, 0.19, 749, 608, 6178.52, 16506, 15817
1695086149, 0, 13, 158, 0, 0, 6447.66, 2, 0, 0, 0.22, 750, 608, 6178.52, 16506, 15817
1695086153, 0, 13, 158, 0, 0, 6447.66, 2, 0, 0, 0.24, 751, 608, 6178.52, 16506, 15817
1695086158, 0, 13, 158, 0, 0, 6447.66, 2, 0, 0, 0.21, 752, 608, 6178.52, 16506, 15817
1695086161, 0, 13, 158, 0, 0, 6447.66, 2, 0, 0, 0.29, 753, 608, 6178.52, 16506, 15817
1695086166, 0, 13, 158, 0, 0, 6447.66, 2, 0, 0, 0.21, 754, 608, 6178.52, 16506, 15817
1695086172, 0, 13, 158, 0, 0, 6447.66, 2, 0, 0, 0.18, 755, 608, 6178.52, 16506, 15817
1695086175, 0, 13, 158, 0, 0, 6447.66, 2, 0, 0, 0.27, 756, 608, 6178.52, 16506, 15817
1695086180, 0, 13, 158, 0, 0, 6447.66, 2, 0, 0, 0.22, 757, 608, 6178.52, 16506, 15817
1695086184, 0, 13, 158, 0, 0, 6447.66, 2, 0, 0, 0.25, 758, 608, 6178.52, 16506, 15817
1695086188, 0, 13, 158, 0, 0, 6447.66, 2, 0, 0, 0.24, 759, 608, 6178.52, 16506, 15817
1695086194, 0, 13, 159, 0, 0, 6447.66, 2, 0, 0, 0.18, 760, 608, 6178.52, 16506, 15817
1695086198, 0, 13, 159, 0, 0, 6447.66, 2, 0, 0, 0.22, 761, 608, 6178.52, 16506, 15817
1695086203, 0, 13, 159, 0, 0, 6447.66, 2, 0, 0, 0.20, 762, 608, 6178.52, 16506, 15817
1695086208, 0, 13, 159, 0, 0, 6447.66, 2, 0, 0, 0.20, 763, 608, 6178.52, 16506, 15817
1695086214, 0, 13, 159, 0, 0, 6447.66, 2, 0, 0, 0.18, 764, 608, 6178.52, 16506, 15817
1695086220, 0, 13, 160, 0, 0, 6447.66, 2, 0, 0, 0.16, 765, 608, 6178.52, 16506, 15817
1695086226, 0, 13, 161, 0, 0, 6447.66, 2, 0, 0, 0.15, 766, 608, 6178.52, 16506, 15817
1695086232, 0, 13, 161, 0, 0, 6447.66, 2, 0, 0, 0.18, 767, 608, 6178.52, 16506, 15817
1695086237, 0, 13, 161, 0, 0, 6447.66, 2, 0, 0, 0.21, 768, 608, 6178.52, 16506, 15817
1695086241, 0, 13, 161, 0, 0, 6447.66, 2, 0, 0, 0.22, 769, 608, 6178.52, 16506, 15817
1695086246, 0, 13, 161, 0, 0, 6447.66, 2, 0, 0, 0.22, 770, 608, 6178.52, 16506, 15817
1695086250, 0, 13, 161, 0, 0, 6447.66, 2, 0, 0, 0.21, 771, 608, 6178.52, 16506, 15817
1695086255, 0, 13, 161, 0, 0, 6447.66, 2, 0, 0, 0.22, 772, 608, 6178.52, 16506, 15817
1695086260, 0, 13, 161, 0, 0, 6447.66, 2, 0, 0, 0.19, 773, 608, 6178.52, 16506, 15817
1695086265, 0, 13, 161, 0, 0, 6447.66, 2, 0, 0, 0.22, 774, 608, 6178.52, 16506, 15817
1695086269, 0, 13, 161, 0, 0, 6447.66, 2, 0, 0, 0.21, 775, 608, 6178.52, 16506, 15817
1695086274, 0, 13, 161, 0, 0, 6447.66, 2, 0, 0, 0.21, 776, 608, 6178.52, 16506, 15817
1695086279, 0, 13, 161, 0, 0, 6447.66, 2, 0, 0, 0.20, 777, 608, 6178.52, 16506, 15817
1695086283, 0, 13, 161, 0, 0, 6447.66, 2, 0, 0, 0.22, 778, 608, 6178.52, 16506, 15817
1695086288, 0, 13, 161, 0, 0, 6447.66, 2, 0, 0, 0.20, 779, 608, 6178.52, 16506, 15817
1695086293, 0, 13, 161, 0, 0, 6447.66, 2, 0, 0, 0.21, 780, 608, 6178.52, 16506, 15817
1695086298, 0, 13, 161, 0, 0, 6447.66, 2, 0, 0, 0.21, 781, 608, 6178.52, 16506, 15817
1695086303, 0, 13, 161, 0, 0, 6447.66, 2, 0, 0, 0.19, 782, 608, 6178.52, 16506, 15817
1695086308, 0, 13, 161, 0, 0, 6447.66, 2, 0, 0, 0.22, 783, 608, 6178.52, 16506, 15817
1695086312, 0, 13, 161, 0, 0, 6447.66, 2, 0, 0, 0.21, 784, 608, 6178.52, 16506, 15817
1695086317, 0, 13, 161, 0, 0, 6447.66, 2, 0, 0, 0.22, 785, 608, 6178.52, 16506, 15817
1695086321, 0, 13, 161, 0, 0, 6447.66, 2, 0, 0, 0.27, 786, 608, 6178.52, 16506, 15817
1695086326, 0, 13, 162, 0, 0, 6447.66, 2, 0, 0, 0.18, 787, 608, 6178.52, 16506, 15817
1695086333, 0, 13, 162, 0, 0, 6447.66, 2, 0, 0, 0.16, 788, 608, 6178.52, 16506, 15817
1695086337, 0, 13, 162, 0, 0, 6447.66, 2, 0, 0, 0.21, 789, 608, 6178.52, 16506, 15817
1695086341, 0, 13, 162, 0, 0, 6447.66, 2, 0, 0, 0.26, 790, 608, 6178.52, 16506, 15817
1695086346, 0, 13, 162, 0, 0, 6447.66, 2, 0, 0, 0.22, 791, 608, 6178.52, 16506, 15817
1695086350, 0, 13, 162, 0, 0, 6447.66, 2, 0, 0, 0.21, 792, 608, 6178.52, 16506, 15817
1695086355, 0, 13, 162, 0, 0, 6447.66, 2, 0, 0, 0.21, 793, 608, 6178.52, 16506, 15817
1695086360, 0, 13, 162, 0, 0, 6447.66, 2, 0, 0, 0.23, 794, 608, 6178.52, 16506, 15817
1695086364, 0, 13, 162, 0, 0, 6447.66, 2, 0, 0, 0.22, 795, 608, 6178.52, 16506, 15817
1695086369, 0, 13, 162, 0, 0, 6447.66, 2, 0, 0, 0.22, 796, 608, 6178.52, 16506, 15817
1695086373, 0, 13, 162, 0, 0, 6447.66, 2, 0, 0, 0.23, 797, 608, 6178.52, 16506, 15817
1695086378, 0, 13, 162, 0, 0, 6447.66, 2, 0, 0, 0.21, 798, 608, 6178.52, 16506, 15817
1695086382, 0, 13, 162, 0, 0, 6447.66, 2, 0, 0, 0.23, 799, 608, 6178.52, 16506, 15817
1695086387, 0, 13, 162, 0, 0, 6447.66, 2, 0, 0, 0.20, 800, 608, 6178.52, 16506, 15817
1695086392, 0, 13, 162, 0, 0, 6447.66, 2, 0, 0, 0.21, 801, 608, 6178.52, 16506, 15817
1695086396, 0, 13, 162, 0, 0, 6447.66, 2, 0, 0, 0.21, 802, 608, 6178.52, 16506, 15817
1695086402, 0, 13, 162, 0, 0, 6447.66, 2, 0, 0, 0.18, 803, 608, 6178.52, 16506, 15817
1695086407, 0, 13, 163, 0, 0, 6447.66, 2, 0, 0, 0.21, 804, 608, 6178.52, 16506, 15817
1695086411, 0, 13, 164, 0, 0, 6447.66, 2, 0, 0, 0.22, 805, 608, 6178.52, 16506, 15817
1695086416, 0, 13, 164, 0, 0, 6447.66, 2, 0, 0, 0.22, 806, 608, 6178.52, 16506, 15817
1695086421, 0, 13, 165, 0, 0, 6447.66, 2, 0, 0, 0.19, 807, 608, 6178.52, 16506, 15817
1695086426, 0, 13, 166, 0, 0, 6447.66, 2, 0, 0, 0.20, 808, 608, 6178.52, 16506, 15817
1695086432, 0, 13, 167, 0, 0, 6447.66, 2, 0, 0, 0.18, 809, 608, 6178.52, 16506, 15817
1695086437, 0, 13, 167, 0, 0, 6447.66, 2, 0, 0, 0.22, 810, 608, 6178.52, 16506, 15817
1695086442, 0, 13, 167, 0, 0, 6447.66, 2, 0, 0, 0.19, 811, 608, 6178.52, 16506, 15817
1695086447, 0, 13, 167, 0, 0, 6447.66, 2, 0, 0, 0.19, 812, 608, 6178.52, 16506, 15817
1695086452, 0, 13, 167, 0, 0, 6447.66, 2, 0, 0, 0.21, 813, 608, 6178.52, 16506, 15817
1695086457, 0, 13, 167, 0, 0, 6447.66, 2, 0, 0, 0.21, 814, 608, 6178.52, 16506, 15817
1695086463, 0, 13, 167, 0, 0, 6447.66, 2, 0, 0, 0.16, 815, 608, 6178.52, 16506, 15817
1695086469, 0, 13, 167, 0, 0, 6447.66, 2, 0, 0, 0.16, 816, 608, 6178.52, 16506, 15817
1695086473, 0, 13, 167, 0, 0, 6447.66, 2, 0, 0, 0.24, 817, 608, 6178.52, 16506, 15817
1695086478, 0, 13, 167, 0, 0, 6447.66, 2, 0, 0, 0.20, 818, 608, 6178.52, 16506, 15817
1695086482, 0, 13, 167, 0, 0, 6447.66, 2, 0, 0, 0.24, 819, 608, 6178.52, 16506, 15817
1695086488, 0, 13, 167, 0, 0, 6447.66, 2, 0, 0, 0.20, 820, 608, 6178.52, 16506, 15817
1695086492, 0, 13, 167, 0, 0, 6447.66, 2, 0, 0, 0.24, 821, 608, 6178.52, 16506, 15817
1695086496, 0, 13, 167, 0, 0, 6447.66, 2, 0, 0, 0.22, 822, 608, 6178.52, 16506, 15817
1695086501, 0, 13, 167, 0, 0, 6447.66, 2, 0, 0, 0.20, 823, 608, 6178.52, 16506, 15817
1695086506, 0, 13, 167, 0, 0, 6447.66, 2, 0, 0, 0.20, 824, 608, 6178.52, 16506, 15817
1695086511, 0, 13, 167, 0, 0, 6447.66, 2, 0, 0, 0.23, 825, 608, 6178.52, 16506, 15817
1695086516, 0, 13, 167, 0, 0, 6447.66, 2, 0, 0, 0.18, 826, 608, 6178.52, 16506, 15817
1695086521, 0, 13, 167, 0, 0, 6447.66, 2, 0, 0, 0.21, 827, 608, 6178.52, 16506, 15817
1695086526, 0, 13, 167, 0, 0, 6447.66, 2, 0, 0, 0.20, 828, 608, 6178.52, 16506, 15817
1695086530, 0, 13, 167, 0, 0, 6447.66, 2, 0, 0, 0.23, 829, 608, 6178.52, 16506, 15817
1695086534, 0, 13, 167, 0, 0, 6447.66, 2, 0, 0, 0.23, 830, 608, 6178.52, 16506, 15817
1695086539, 0, 13, 167, 0, 0, 6447.66, 2, 0, 0, 0.20, 831, 608, 6178.52, 16506, 15817
1695086544, 0, 13, 167, 0, 0, 6447.66, 2, 0, 0, 0.22, 832, 608, 6178.52, 16506, 15817
1695086548, 0, 13, 167, 0, 0, 6447.66, 2, 0, 0, 0.23, 833, 608, 6178.52, 16506, 15817
1695086552, 0, 13, 167, 0, 0, 6447.66, 2, 0, 0, 0.27, 834, 608, 6178.52, 16506, 15817
1695086556, 0, 13, 167, 0, 0, 6447.66, 2, 0, 0, 0.23, 835, 608, 6178.52, 16506, 15817
1695086562, 0, 13, 167, 0, 0, 6447.66, 2, 0, 0, 0.19, 836, 608, 6178.52, 16506, 15817
1695086567, 0, 13, 167, 0, 0, 6447.66, 2, 0, 0, 0.18, 837, 608, 6178.52, 16506, 15817
1695086572, 0, 13, 167, 0, 0, 6447.66, 2, 0, 0, 0.23, 838, 608, 6178.52, 16506, 15817
1695086576, 0, 13, 167, 0, 0, 6447.66, 2, 0, 0, 0.22, 839, 608, 6178.52, 16506, 15817
1695086582, 0, 13, 167, 0, 0, 6447.66, 2, 0, 0, 0.18, 840, 608, 6178.52, 16506, 15817
1695086586, 0, 13, 167, 0, 0, 6447.66, 2, 0, 0, 0.24, 841, 608, 6178.52, 16506, 15817
1695086591, 0, 13, 167, 0, 0, 6447.66, 2, 0, 0, 0.19, 842, 608, 6178.52, 16506, 15817
1695086596, 0, 13, 167, 0, 0, 6447.66, 2, 0, 0, 0.20, 843, 608, 6178.52, 16506, 15817
1695086602, 0, 13, 167, 0, 0, 6447.66, 2, 0, 0, 0.18, 844, 608, 6178.52, 16506, 15817
1695086607, 0, 13, 167, 0, 0, 6447.66, 2, 0, 0, 0.21, 845, 608, 6178.52, 16506, 15817
1695086612, 0, 13, 167, 0, 0, 6447.66, 2, 0, 0, 0.20, 846, 608, 6178.52, 16506, 15817
1695086617, 0, 13, 167, 0, 0, 6447.66, 2, 0, 0, 0.20, 847, 608, 6178.52, 16506, 15817
1695086622, 0, 13, 167, 0, 0, 6447.66, 2, 0, 0, 0.21, 848, 608, 6178.52, 16506, 15817
1695086626, 0, 13, 167, 0, 0, 6447.66, 2, 0, 0, 0.24, 849, 608, 6178.52, 16506, 15817
1695086630, 0, 13, 167, 0, 0, 6447.66, 2, 0, 0, 0.24, 850, 608, 6178.52, 16506, 15817
1695086634, 0, 13, 167, 0, 0, 6447.66, 2, 0, 0, 0.22, 851, 608, 6178.52, 16506, 15817
1695086640, 0, 13, 168, 0, 0, 6447.66, 2, 0, 0, 0.19, 852, 608, 6178.52, 16506, 15817
1695086644, 0, 13, 168, 0, 0, 6447.66, 2, 0, 0, 0.21, 853, 608, 6178.52, 16506, 15817
1695086650, 0, 13, 168, 0, 0, 6447.66, 2, 0, 0, 0.18, 854, 608, 6178.52, 16506, 15817
1695086654, 0, 13, 168, 0, 0, 6447.66, 2, 0, 0, 0.22, 855, 608, 6178.52, 16506, 15817
1695086660, 0, 13, 169, 0, 0, 6447.66, 2, 0, 0, 0.18, 856, 608, 6178.52, 16506, 15817
1695086665, 0, 13, 169, 0, 0, 6447.66, 2, 0, 0, 0.21, 857, 608, 6178.52, 16506, 15817
1695086669, 0, 13, 169, 0, 0, 6447.66, 2, 0, 0, 0.21, 858, 608, 6178.52, 16506, 15817
1695086674, 0, 13, 169, 0, 0, 6447.66, 2, 0, 0, 0.22, 859, 608, 6178.52, 16506, 15817
1695086678, 0, 13, 169, 0, 0, 6447.66, 2, 0, 0, 0.24, 860, 608, 6178.52, 16506, 15817
1695086683, 0, 13, 169, 0, 0, 6447.66, 2, 0, 0, 0.20, 861, 608, 6178.52, 16506, 15817
1695086688, 0, 13, 169, 0, 0, 6447.66, 2, 0, 0, 0.20, 862, 608, 6178.52, 16506, 15817
1695086692, 0, 13, 169, 0, 0, 6447.66, 2, 0, 0, 0.26, 863, 608, 6178.52, 16506, 15817
1695086697, 0, 13, 169, 0, 0, 6447.66, 2, 0, 0, 0.22, 864, 608, 6178.52, 16506, 15817
1695086701, 0, 13, 170, 0, 0, 6447.66, 2, 0, 0, 0.23, 865, 608, 6178.52, 16506, 15817
1695086707, 0, 13, 170, 0, 0, 6447.66, 2, 0, 0, 0.18, 866, 608, 6178.52, 16506, 15817
1695086711, 0, 13, 170, 0, 0, 6447.66, 2, 0, 0, 0.23, 867, 608, 6178.52, 16506, 15817
1695086716, 0, 13, 170, 0, 0, 6447.66, 2, 0, 0, 0.21, 868, 608, 6178.52, 16506, 15817
1695086719, 0, 13, 170, 0, 0, 6447.66, 2, 0, 0, 0.33, 869, 608, 6178.52, 16506, 15817
1695086723, 0, 13, 170, 0, 0, 6447.66, 2, 0, 0, 0.21, 870, 608, 6178.52, 16506, 15817
1695086728, 0, 13, 170, 0, 0, 6447.66, 2, 0, 0, 0.21, 871, 608, 6178.52, 16506, 15817
1695086733, 0, 13, 170, 0, 0, 6447.66, 2, 0, 0, 0.22, 872, 608, 6178.52, 16506, 15817
1695086737, 0, 13, 170, 0, 0, 6447.66, 2, 0, 0, 0.21, 873, 608, 6178.52, 16506, 15817
1695086742, 0, 13, 170, 0, 0, 6447.66, 2, 0, 0, 0.21, 874, 608, 6178.52, 16506, 15817
1695086748, 0, 13, 170, 0, 0, 6447.66, 2, 0, 0, 0.18, 875, 608, 6178.52, 16506, 15817
1695086751, 0, 13, 170, 0, 0, 6447.66, 2, 0, 0, 0.29, 876, 608, 6178.52, 16506, 15817
1695086755, 0, 13, 170, 0, 0, 6447.66, 2, 0, 0, 0.27, 877, 608, 6178.52, 16506, 15817
1695086760, 0, 13, 170, 0, 0, 6447.66, 2, 0, 0, 0.21, 878, 608, 6178.52, 16506, 15817
1695086764, 0, 13, 170, 0, 0, 6447.66, 2, 0, 0, 0.23, 879, 608, 6178.52, 16506, 15817
1695086768, 0, 13, 170, 0, 0, 6447.66, 2, 0, 0, 0.24, 880, 608, 6178.52, 16506, 15817
1695086772, 0, 13, 170, 0, 0, 6447.66, 2, 0, 0, 0.24, 881, 608, 6178.52, 16506, 15817
1695086776, 0, 13, 170, 0, 0, 6447.66, 2, 0, 0, 0.26, 882, 608, 6178.52, 16506, 15817
1695086782, 0, 13, 170, 0, 0, 6447.66, 2, 0, 0, 0.17, 883, 608, 6178.52, 16506, 15817
1695086787, 0, 13, 170, 0, 0, 6447.66, 2, 0, 0, 0.21, 884, 608, 6178.52, 16506, 15817
1695086791, 0, 13, 170, 0, 0, 6447.66, 2, 0, 0, 0.21, 885, 608, 6178.52, 16506, 15817
1695086796, 0, 13, 170, 0, 0, 6447.66, 2, 0, 0, 0.22, 886, 608, 6178.52, 16506, 15817
1695086800, 0, 13, 170, 0, 0, 6447.66, 2, 0, 0, 0.27, 887, 608, 6178.52, 16506, 15817
1695086804, 0, 13, 171, 0, 0, 6447.66, 2, 0, 0, 0.22, 888, 608, 6178.52, 16506, 15817
1695086809, 0, 13, 171, 0, 0, 6447.66, 2, 0, 0, 0.20, 889, 608, 6178.52, 16506, 15817
1695086814, 0, 13, 171, 0, 0, 6447.66, 2, 0, 0, 0.21, 890, 608, 6178.52, 16506, 15817
1695086819, 0, 13, 172, 0, 0, 6447.66, 2, 0, 0, 0.19, 891, 608, 6178.52, 16506, 15817
1695086824, 0, 13, 172, 0, 0, 6447.66, 2, 0, 0, 0.22, 892, 608, 6178.52, 16506, 15817
1695086828, 0, 13, 172, 0, 0, 6447.66, 2, 0, 0, 0.23, 893, 608, 6178.52, 16506, 15817
1695086833, 0, 13, 172, 0, 0, 6447.66, 2, 0, 0, 0.22, 894, 608, 6178.52, 16506, 15817
1695086836, 0, 13, 173, 0, 0, 6447.66, 2, 0, 0, 0.26, 895, 608, 6178.52, 16506, 15817
1695086840, 0, 13, 173, 0, 0, 6447.66, 2, 0, 0, 0.25, 896, 608, 6178.52, 16506, 15817
1695086845, 0, 13, 173, 0, 0, 6447.66, 2, 0, 0, 0.22, 897, 608, 6178.52, 16506, 15817
1695086849, 0, 13, 173, 0, 0, 6447.66, 2, 0, 0, 0.23, 898, 608, 6178.52, 16506, 15817
1695086854, 0, 13, 173, 0, 0, 6447.66, 2, 0, 0, 0.22, 899, 608, 6178.52, 16506, 15817
1695086858, 0, 13, 173, 0, 0, 6447.66, 2, 0, 0, 0.24, 900, 608, 6178.52, 16506, 15817
1695086863, 0, 13, 173, 0, 0, 6447.66, 2, 0, 0, 0.21, 901, 608, 6178.52, 16506, 15817
1695086868, 0, 13, 173, 0, 0, 6447.66, 2, 0, 0, 0.21, 902, 608, 6178.52, 16506, 15817
1695086873, 0, 13, 173, 0, 0, 6447.66, 2, 0, 0, 0.20, 903, 608, 6178.52, 16506, 15817
1695086878, 0, 13, 173, 0, 0, 6447.66, 2, 0, 0, 0.19, 904, 608, 6178.52, 16506, 15817
1695086883, 0, 13, 173, 0, 0, 6447.66, 2, 0, 0, 0.20, 905, 608, 6178.52, 16506, 15817
1695086888, 0, 13, 173, 0, 0, 6447.66, 2, 0, 0, 0.22, 906, 608, 6178.52, 16506, 15817
1695086892, 0, 13, 173, 0, 0, 6447.66, 2, 0, 0, 0.22, 907, 608, 6178.52, 16506, 15817
1695086897, 0, 13, 173, 0, 0, 6447.66, 2, 0, 0, 0.20, 908, 608, 6178.52, 16506, 15817
1695086902, 0, 13, 173, 0, 0, 6447.66, 2, 0, 0, 0.21, 909, 608, 6178.52, 16506, 15817
1695086907, 0, 13, 173, 0, 0, 6447.66, 2, 0, 0, 0.21, 910, 608, 6178.52, 16506, 15817
1695086911, 0, 13, 173, 0, 0, 6447.66, 2, 0, 0, 0.22, 911, 608, 6178.52, 16506, 15817
1695086916, 0, 13, 173, 0, 0, 6447.66, 2, 0, 0, 0.22, 912, 608, 6178.52, 16506, 15817
1695086920, 0, 13, 173, 0, 0, 6447.66, 2, 0, 0, 0.22, 913, 608, 6178.52, 16506, 15817
1695086925, 0, 13, 173, 0, 0, 6447.66, 2, 0, 0, 0.21, 914, 608, 6178.52, 16506, 15817
1695086929, 0, 13, 173, 0, 0, 6447.66, 2, 0, 0, 0.23, 915, 608, 6178.52, 16506, 15817
1695086933, 0, 13, 173, 0, 0, 6447.66, 2, 0, 0, 0.26, 916, 608, 6178.52, 16506, 15817
1695086938, 0, 13, 173, 0, 0, 6447.66, 2, 0, 0, 0.23, 917, 608, 6178.52, 16506, 15817
1695086942, 0, 13, 173, 0, 0, 6447.66, 2, 0, 0, 0.21, 918, 608, 6178.52, 16506, 15817
1695086947, 0, 13, 173, 0, 0, 6447.66, 2, 0, 0, 0.24, 919, 608, 6178.52, 16506, 15817
1695086951, 0, 13, 173, 0, 0, 6447.66, 2, 0, 0, 0.23, 920, 608, 6178.52, 16506, 15817
1695086956, 0, 13, 173, 0, 0, 6447.66, 2, 0, 0, 0.22, 921, 608, 6178.52, 16506, 15817
1695086960, 0, 13, 173, 0, 0, 6447.66, 2, 0, 0, 0.22, 922, 608, 6178.52, 16506, 15817
1695086965, 0, 13, 173, 0, 0, 6447.66, 2, 0, 0, 0.23, 923, 608, 6178.52, 16506, 15817
1695086969, 0, 13, 173, 0, 0, 6447.66, 2, 0, 0, 0.23, 924, 608, 6178.52, 16506, 15817
1695086973, 0, 13, 173, 0, 0, 6447.66, 2, 0, 0, 0.25, 925, 608, 6178.52, 16506, 15817
1695086978, 0, 13, 173, 0, 0, 6447.66, 2, 0, 0, 0.19, 926, 608, 6178.52, 16506, 15817
1695086983, 0, 13, 173, 0, 0, 6447.66, 2, 0, 0, 0.22, 927, 608, 6178.52, 16506, 15817
1695086987, 0, 13, 173, 0, 0, 6447.66, 2, 0, 0, 0.21, 928, 608, 6178.52, 16506, 15817
1695086992, 0, 13, 173, 0, 0, 6447.66, 2, 0, 0, 0.24, 929, 608, 6178.52, 16506, 15817
1695086996, 0, 13, 173, 0, 0, 6447.66, 2, 0, 0, 0.22, 930, 608, 6178.52, 16506, 15817
1695087002, 0, 13, 173, 0, 0, 6447.66, 2, 0, 0, 0.17, 931, 608, 6178.52, 16506, 15817
1695087007, 0, 13, 173, 0, 0, 6447.66, 2, 0, 0, 0.19, 932, 608, 6178.52, 16506, 15817
1695087012, 0, 13, 173, 0, 0, 6447.66, 2, 0, 0, 0.22, 933, 608, 6178.52, 16506, 15817
1695087015, 0, 13, 173, 0, 0, 6447.66, 2, 0, 0, 0.30, 934, 608, 6178.52, 16506, 15817
1695087021, 0, 13, 173, 0, 0, 6447.66, 2, 0, 0, 0.17, 935, 608, 6178.52, 16506, 15817
1695087026, 0, 13, 173, 0, 0, 6447.66, 2, 0, 0, 0.19, 936, 608, 6178.52, 16506, 15817
1695087030, 0, 13, 173, 0, 0, 6447.66, 2, 0, 0, 0.25, 937, 608, 6178.52, 16506, 15817
1695087034, 0, 13, 173, 0, 0, 6447.66, 2, 0, 0, 0.25, 938, 608, 6178.52, 16506, 15817
1695087041, 0, 13, 173, 0, 0, 6447.66, 2, 0, 0, 0.16, 939, 608, 6178.52, 16506, 15817
1695087046, 0, 13, 173, 0, 0, 6447.66, 2, 0, 0, 0.19, 940, 608, 6178.52, 16506, 15817
1695087051, 0, 13, 173, 0, 0, 6447.66, 2, 0, 0, 0.19, 941, 608, 6178.52, 16506, 15817
1695087056, 0, 13, 173, 0, 0, 6447.66, 2, 0, 0, 0.20, 942, 608, 6178.52, 16506, 15817
1695087062, 0, 13, 173, 0, 0, 6447.66, 2, 0, 0, 0.18, 943, 608, 6178.52, 16506, 15817
1695087067, 0, 13, 173, 0, 0, 6447.66, 2, 0, 0, 0.20, 944, 608, 6178.52, 16506, 15817
1695087072, 0, 13, 173, 0, 0, 6447.66, 2, 0, 0, 0.19, 945, 608, 6178.52, 16506, 15817
1695087077, 0, 13, 173, 0, 0, 6447.66, 2, 0, 0, 0.19, 946, 608, 6178.52, 16506, 15817
1695087082, 0, 13, 173, 0, 0, 6447.66, 2, 0, 0, 0.20, 947, 608, 6178.52, 16506, 15817
1695087087, 0, 13, 173, 0, 0, 6447.66, 2, 0, 0, 0.21, 948, 608, 6178.52, 16506, 15817
1695087093, 0, 13, 173, 0, 0, 6447.66, 2, 0, 0, 0.18, 949, 608, 6178.52, 16506, 15817
1695087097, 0, 13, 173, 0, 0, 6447.66, 2, 0, 0, 0.21, 950, 608, 6178.52, 16506, 15817
1695087103, 0, 13, 173, 0, 0, 6447.66, 2, 0, 0, 0.20, 951, 608, 6178.52, 16506, 15817
1695087108, 0, 13, 173, 0, 0, 6447.66, 2, 0, 0, 0.19, 952, 608, 6178.52, 16506, 15817
1695087113, 0, 13, 173, 0, 0, 6447.66, 2, 0, 0, 0.19, 953, 608, 6178.52, 16506, 15817
1695087117, 0, 13, 173, 0, 0, 6447.66, 2, 0, 0, 0.23, 954, 608, 6178.52, 16506, 15817
1695087124, 0, 13, 173, 0, 0, 6447.66, 2, 0, 0, 0.14, 955, 608, 6178.52, 16506, 15817
1695087130, 0, 13, 173, 0, 0, 6447.66, 2, 0, 0, 0.17, 956, 608, 6178.52, 16506, 15817
1695087135, 0, 13, 173, 0, 0, 6447.66, 2, 0, 0, 0.21, 957, 608, 6178.52, 16506, 15817
1695087139, 0, 13, 173, 0, 0, 6447.66, 2, 0, 0, 0.24, 958, 608, 6178.52, 16506, 15817
1695087144, 0, 13, 173, 0, 0, 6447.66, 2, 0, 0, 0.21, 959, 608, 6178.52, 16506, 15817
1695087148, 0, 13, 173, 0, 0, 6447.66, 2, 0, 0, 0.24, 960, 608, 6178.52, 16506, 15817
1695087154, 0, 13, 173, 0, 0, 6447.66, 2, 0, 0, 0.18, 961, 608, 6178.52, 16506, 15817
1695087158, 0, 13, 173, 0, 0, 6447.66, 2, 0, 0, 0.24, 962, 608, 6178.52, 16506, 15817
1695087163, 0, 13, 173, 0, 0, 6447.66, 2, 0, 0, 0.21, 963, 608, 6178.52, 16506, 15817
1695087167, 0, 13, 173, 0, 0, 6447.66, 2, 0, 0, 0.20, 964, 608, 6178.52, 16506, 15817
1695087174, 0, 13, 173, 0, 0, 6447.66, 2, 0, 0, 0.17, 965, 608, 6178.52, 16506, 15817
1695087178, 0, 13, 173, 0, 0, 6447.66, 2, 0, 0, 0.24, 966, 608, 6178.52, 16506, 15817
1695087182, 0, 13, 173, 0, 0, 6447.66, 2, 0, 0, 0.22, 967, 608, 6178.52, 16506, 15817
1695087187, 0, 13, 173, 0, 0, 6447.66, 2, 0, 0, 0.22, 968, 608, 6178.52, 16506, 15817
1695087191, 0, 13, 173, 0, 0, 6447.66, 2, 0, 0, 0.23, 969, 608, 6178.52, 16506, 15817
1695087196, 0, 13, 173, 0, 0, 6447.66, 2, 0, 0, 0.21, 970, 608, 6178.52, 16506, 15817
1695087200, 0, 13, 173, 0, 0, 6447.66, 2, 0, 0, 0.23, 971, 608, 6178.52, 16506, 15817
1695087205, 0, 13, 173, 0, 0, 6447.66, 2, 0, 0, 0.23, 972, 608, 6178.52, 16506, 15817
1695087209, 0, 13, 173, 0, 0, 6447.66, 2, 0, 0, 0.23, 973, 608, 6178.52, 16506, 15817
1695087214, 0, 13, 173, 0, 0, 6447.66, 2, 0, 0, 0.22, 974, 608, 6178.52, 16506, 15817
1695087218, 0, 13, 173, 0, 0, 6447.66, 2, 0, 0, 0.23, 975, 608, 6178.52, 16506, 15817
1695087223, 0, 13, 173, 0, 0, 6447.66, 2, 0, 0, 0.22, 976, 608, 6178.52, 16506, 15817
1695087227, 0, 13, 173, 0, 0, 6447.66, 2, 0, 0, 0.21, 977, 608, 6178.52, 16506, 15817
1695087233, 0, 13, 173, 0, 0, 6447.66, 2, 0, 0, 0.20, 978, 608, 6178.52, 16506, 15817
1695087237, 0, 13, 173, 0, 0, 6447.66, 2, 0, 0, 0.22, 979, 608, 6178.52, 16506, 15817
1695087242, 0, 13, 173, 0, 0, 6447.66, 2, 0, 0, 0.19, 980, 608, 6178.52, 16506, 15817
1695087247, 0, 13, 173, 0, 0, 6447.66, 2, 0, 0, 0.22, 981, 608, 6178.52, 16506, 15817
1695087252, 0, 13, 173, 0, 0, 6447.66, 2, 0, 0, 0.19, 982, 608, 6178.52, 16506, 15817
1695087258, 0, 13, 173, 0, 0, 6447.66, 2, 0, 0, 0.18, 983, 608, 6178.52, 16506, 15817
1695087263, 0, 13, 173, 0, 0, 6447.66, 2, 0, 0, 0.18, 984, 608, 6178.52, 16506, 15817
1695087268, 0, 13, 173, 0, 0, 6447.66, 2, 0, 0, 0.23, 985, 608, 6178.52, 16506, 15817
1695087272, 0, 13, 173, 0, 0, 6447.66, 2, 0, 0, 0.26, 986, 608, 6178.52, 16506, 15817
1695087276, 0, 13, 173, 0, 0, 6447.66, 2, 0, 0, 0.22, 987, 608, 6178.52, 16506, 15817
1695087281, 0, 13, 173, 0, 0, 6447.66, 2, 0, 0, 0.21, 988, 608, 6178.52, 16506, 15817
1695087286, 0, 13, 173, 0, 0, 6447.66, 2, 0, 0, 0.21, 989, 608, 6178.52, 16506, 15817
1695087290, 0, 13, 173, 0, 0, 6447.66, 2, 0, 0, 0.21, 990, 608, 6178.52, 16506, 15817
1695087295, 0, 13, 173, 0, 0, 6447.66, 2, 0, 0, 0.23, 991, 608, 6178.52, 16506, 15817
1695087300, 0, 13, 173, 0, 0, 6447.66, 2, 0, 0, 0.20, 992, 608, 6178.52, 16506, 15817
1695087305, 0, 13, 173, 0, 0, 6447.66, 2, 0, 0, 0.21, 993, 608, 6178.52, 16506, 15817
1695087310, 0, 13, 174, 0, 0, 6447.66, 2, 0, 0, 0.20, 994, 608, 6178.52, 16506, 15817
1695087314, 0, 13, 174, 0, 0, 6447.66, 2, 0, 0, 0.22, 995, 608, 6178.52, 16506, 15817
1695087319, 0, 13, 174, 0, 0, 6447.66, 2, 0, 0, 0.21, 996, 608, 6178.52, 16506, 15817
1695087324, 0, 13, 174, 0, 0, 6447.66, 2, 0, 0, 0.21, 997, 608, 6178.52, 16506, 15817
1695087328, 0, 13, 174, 0, 0, 6447.66, 2, 0, 0, 0.21, 998, 608, 6178.52, 16506, 15817
1695087333, 0, 13, 174, 0, 0, 6447.66, 2, 0, 0, 0.24, 999, 608, 6178.52, 16506, 15817
1695087338, 0, 13, 174, 0, 0, 6447.66, 2, 0, 0, 0.20, 1000, 608, 6178.52, 16506, 15817
1695087342, 0, 13, 174, 0, 0, 6447.66, 2, 0, 0, 0.21, 1001, 608, 6178.52, 16506, 15817
1695087348, 0, 13, 174, 0, 0, 6447.66, 2, 0, 0, 0.19, 1002, 608, 6178.52, 16506, 15817
1695087352, 0, 13, 174, 0, 0, 6447.66, 2, 0, 0, 0.22, 1003, 608, 6178.52, 16506, 15817
1695087357, 0, 13, 174, 0, 0, 6447.66, 2, 0, 0, 0.19, 1004, 608, 6178.52, 16506, 15817
1695087362, 0, 13, 174, 0, 0, 6447.66, 2, 0, 0, 0.22, 1005, 608, 6178.52, 16506, 15817
1695087368, 0, 13, 174, 0, 0, 6447.66, 2, 0, 0, 0.17, 1006, 608, 6178.52, 16506, 15817
1695087371, 0, 13, 174, 0, 0, 6447.66, 2, 0, 0, 0.29, 1007, 608, 6178.52, 16506, 15817
1695087377, 0, 13, 174, 0, 0, 6447.66, 2, 0, 0, 0.19, 1008, 608, 6178.52, 16506, 15817
1695087381, 0, 13, 174, 0, 0, 6447.66, 2, 0, 0, 0.21, 1009, 608, 6178.52, 16506, 15817
1695087386, 0, 13, 174, 0, 0, 6447.66, 2, 0, 0, 0.20, 1010, 608, 6178.52, 16506, 15817
1695087390, 0, 13, 175, 0, 0, 6447.66, 2, 0, 0, 0.31, 1011, 608, 6178.52, 16506, 15817
1695087394, 0, 13, 176, 0, 0, 6447.66, 2, 0, 0, 0.20, 1012, 608, 6178.52, 16506, 15817
1695087400, 0, 13, 176, 0, 0, 6447.66, 2, 0, 0, 0.20, 1013, 608, 6178.52, 16506, 15817
1695087404, 0, 13, 176, 0, 0, 6447.66, 2, 0, 0, 0.22, 1014, 608, 6178.52, 16506, 15817
1695087409, 0, 13, 176, 0, 0, 6447.66, 2, 0, 0, 0.21, 1015, 608, 6178.52, 16506, 15817
1695087415, 0, 13, 177, 0, 0, 6447.66, 2, 0, 0, 0.17, 1016, 608, 6178.52, 16506, 15817
1695087420, 0, 13, 178, 0, 0, 6447.66, 2, 0, 0, 0.20, 1017, 608, 6178.52, 16506, 15817
1695087425, 0, 13, 179, 0, 0, 6447.66, 2, 0, 0, 0.21, 1018, 608, 6178.52, 16506, 15817
1695087430, 0, 13, 179, 0, 0, 6447.66, 2, 0, 0, 0.18, 1019, 608, 6178.52, 16506, 15817
1695087436, 0, 13, 179, 0, 0, 6447.66, 2, 0, 0, 0.18, 1020, 608, 6178.52, 16506, 15817
1695087441, 0, 13, 180, 0, 0, 6447.66, 2, 0, 0, 0.19, 1021, 608, 6178.52, 16506, 15817
1695087445, 0, 13, 180, 0, 0, 6447.66, 2, 0, 0, 0.23, 1022, 608, 6178.52, 16506, 15817
1695087448, 0, 13, 180, 0, 0, 6447.66, 2, 0, 0, 0.32, 1023, 608, 6178.52, 16506, 15817
1695087453, 0, 13, 180, 0, 0, 6447.66, 2, 0, 0, 0.21, 1024, 608, 6178.52, 16506, 15817
1695087458, 0, 13, 181, 0, 0, 6447.66, 2, 0, 0, 0.21, 1025, 608, 6178.52, 16506, 15817
1695087463, 0, 13, 182, 0, 0, 6447.66, 2, 0, 0, 0.20, 1026, 608, 6178.52, 16506, 15817
1695087468, 0, 13, 182, 0, 0, 6447.66, 2, 0, 0, 0.20, 1027, 608, 6178.52, 16506, 15817
1695087472, 0, 13, 183, 0, 0, 6447.66, 2, 0, 0, 0.25, 1028, 608, 6178.52, 16506, 15817
1695087477, 0, 13, 184, 0, 0, 6447.66, 2, 0, 0, 0.20, 1029, 608, 6178.52, 16506, 15817
1695087482, 0, 13, 184, 0, 0, 6447.66, 2, 0, 0, 0.18, 1030, 608, 6178.52, 16506, 15817
1695087487, 0, 13, 184, 0, 0, 6447.66, 2, 0, 0, 0.19, 1031, 608, 6178.52, 16506, 15817
1695087493, 0, 13, 184, 0, 0, 6447.66, 2, 0, 0, 0.19, 1032, 608, 6178.52, 16506, 15817
1695087498, 0, 13, 184, 0, 0, 6447.66, 2, 0, 0, 0.19, 1033, 608, 6178.52, 16506, 15817
1695087504, 0, 13, 184, 0, 0, 6447.66, 2, 0, 0, 0.17, 1034, 608, 6178.52, 16506, 15817
1695087508, 0, 13, 184, 0, 0, 6447.66, 2, 0, 0, 0.22, 1035, 608, 6178.52, 16506, 15817
1695087514, 0, 13, 184, 0, 0, 6447.66, 2, 0, 0, 0.18, 1036, 608, 6178.52, 16506, 15817
1695087519, 0, 13, 184, 0, 0, 6447.66, 2, 0, 0, 0.18, 1037, 608, 6178.52, 16506, 15817
1695087524, 0, 13, 184, 0, 0, 6447.66, 2, 0, 0, 0.22, 1038, 608, 6178.52, 16506, 15817
1695087529, 0, 13, 184, 0, 0, 6447.66, 2, 0, 0, 0.19, 1039, 608, 6178.52, 16506, 15817
1695087534, 0, 13, 184, 0, 0, 6447.66, 2, 0, 0, 0.19, 1040, 608, 6178.52, 16506, 15817
1695087540, 0, 13, 184, 0, 0, 6447.66, 2, 0, 0, 0.19, 1041, 608, 6178.52, 16506, 15817
1695087545, 0, 13, 184, 0, 0, 6447.66, 2, 0, 0, 0.19, 1042, 608, 6178.52, 16506, 15817
1695087550, 0, 13, 185, 0, 0, 6447.66, 2, 0, 0, 0.19, 1043, 608, 6178.52, 16506, 15817
1695087555, 0, 13, 186, 0, 0, 6447.66, 2, 0, 0, 0.19, 1044, 608, 6178.52, 16506, 15817
1695087561, 0, 13, 186, 0, 0, 6447.66, 2, 0, 0, 0.18, 1045, 608, 6178.52, 16506, 15817
1695087567, 0, 13, 186, 0, 0, 6447.66, 2, 0, 0, 0.16, 1046, 608, 6178.52, 16506, 15817
1695087573, 0, 13, 186, 0, 0, 6447.66, 2, 0, 0, 0.17, 1047, 608, 6178.52, 16506, 15817
1695087578, 0, 13, 186, 0, 0, 6447.66, 2, 0, 0, 0.19, 1048, 608, 6178.52, 16506, 15817
1695087584, 0, 13, 186, 0, 0, 6447.66, 2, 0, 0, 0.17, 1049, 608, 6178.52, 16506, 15817
1695087590, 0, 13, 186, 0, 0, 6447.66, 2, 0, 0, 0.17, 1050, 608, 6178.52, 16506, 15817
1695087596, 0, 13, 186, 0, 0, 6447.66, 2, 0, 0, 0.17, 1051, 608, 6178.52, 16506, 15817
1695087602, 0, 13, 186, 0, 0, 6447.66, 2, 0, 0, 0.17, 1052, 608, 6178.52, 16506, 15817
1695087608, 0, 13, 186, 0, 0, 6447.66, 2, 0, 0, 0.16, 1053, 608, 6178.52, 16506, 15817
1695087614, 0, 13, 186, 0, 0, 6447.66, 2, 0, 0, 0.18, 1054, 608, 6178.52, 16506, 15817
1695087618, 0, 13, 186, 0, 0, 6447.66, 2, 0, 0, 0.22, 1055, 608, 6178.52, 16506, 15817
1695087624, 0, 13, 186, 0, 0, 6447.66, 2, 0, 0, 0.17, 1056, 608, 6178.52, 16506, 15817
1695087631, 0, 13, 187, 0, 0, 6447.66, 2, 0, 0, 0.14, 1057, 608, 6178.52, 16506, 15817
1695087638, 0, 13, 187, 0, 0, 6447.66, 2, 0, 0, 0.15, 1058, 608, 6178.52, 16506, 15817
1695087644, 0, 13, 187, 0, 0, 6447.66, 2, 0, 0, 0.16, 1059, 608, 6178.52, 16506, 15817
1695087650, 0, 13, 188, 0, 0, 6447.66, 2, 0, 0, 0.15, 1060, 608, 6178.52, 16506, 15817
1695087657, 0, 13, 189, 0, 0, 6447.66, 2, 0, 0, 0.15, 1061, 608, 6178.52, 16506, 15817
1695087662, 0, 13, 189, 0, 0, 6447.66, 2, 0, 0, 0.22, 1062, 608, 6178.52, 16506, 15817
1695087667, 0, 13, 190, 0, 0, 6447.66, 2, 0, 0, 0.18, 1063, 608, 6178.52, 16506, 15817
1695087674, 0, 13, 191, 0, 0, 6447.66, 2, 0, 0, 0.16, 1064, 608, 6178.52, 16506, 15817
1695087680, 0, 13, 192, 0, 0, 6447.66, 2, 0, 0, 0.15, 1065, 608, 6178.52, 16506, 15817
1695087686, 0, 13, 192, 0, 0, 6447.66, 2, 0, 0, 0.18, 1066, 608, 6178.52, 16506, 15817
1695087691, 0, 13, 192, 0, 0, 6447.66, 2, 0, 0, 0.18, 1067, 608, 6178.52, 16506, 15817
1695087697, 0, 13, 192, 0, 0, 6447.66, 2, 0, 0, 0.17, 1068, 608, 6178.52, 16506, 15817
1695087702, 0, 13, 192, 0, 0, 6447.66, 2, 0, 0, 0.19, 1069, 608, 6178.52, 16506, 15817
1695087708, 0, 13, 192, 0, 0, 6447.66, 2, 0, 0, 0.19, 1070, 608, 6178.52, 16506, 15817
1695087713, 0, 13, 192, 0, 0, 6447.66, 2, 0, 0, 0.18, 1071, 608, 6178.52, 16506, 15817
1695087719, 0, 13, 192, 0, 0, 6447.66, 2, 0, 0, 0.17, 1072, 608, 6178.52, 16506, 15817
1695087726, 0, 13, 192, 0, 0, 6447.66, 2, 0, 0, 0.15, 1073, 608, 6178.52, 16506, 15817
1695087732, 0, 13, 192, 0, 0, 6447.66, 2, 0, 0, 0.15, 1074, 608, 6178.52, 16506, 15817
1695087738, 0, 13, 192, 0, 0, 6447.66, 2, 0, 0, 0.19, 1075, 608, 6178.52, 16506, 15817
1695087744, 0, 13, 192, 0, 0, 6447.66, 2, 0, 0, 0.15, 1076, 608, 6178.52, 16506, 15817
1695087750, 0, 13, 192, 0, 0, 6447.66, 2, 0, 0, 0.16, 1077, 608, 6178.52, 16506, 15817
1695087757, 0, 13, 192, 0, 0, 6447.66, 2, 0, 0, 0.16, 1078, 608, 6178.52, 16506, 15817
1695087762, 0, 13, 192, 0, 0, 6447.66, 2, 0, 0, 0.21, 1079, 608, 6178.52, 16506, 15817
1695087768, 0, 13, 192, 0, 0, 6447.66, 2, 0, 0, 0.15, 1080, 608, 6178.52, 16506, 15817
1695087775, 0, 13, 192, 0, 0, 6447.66, 2, 0, 0, 0.16, 1081, 608, 6178.52, 16506, 15817
1695087781, 0, 13, 192, 0, 0, 6447.66, 2, 0, 0, 0.15, 1082, 608, 6178.52, 16506, 15817
1695087787, 0, 13, 192, 0, 0, 6447.66, 2, 0, 0, 0.17, 1083, 608, 6178.52, 16506, 15817
1695087793, 0, 13, 192, 0, 0, 6447.66, 2, 0, 0, 0.15, 1084, 608, 6178.52, 16506, 15817
1695087800, 0, 13, 192, 0, 0, 6447.66, 2, 0, 0, 0.16, 1085, 608, 6178.52, 16506, 15817
1695087805, 0, 13, 192, 0, 0, 6447.66, 2, 0, 0, 0.18, 1086, 608, 6178.52, 16506, 15817
1695087811, 0, 13, 192, 0, 0, 6447.66, 2, 0, 0, 0.17, 1087, 608, 6178.52, 16506, 15817
1695087817, 0, 13, 192, 0, 0, 6447.66, 2, 0, 0, 0.17, 1088, 608, 6178.52, 16506, 15817
1695087823, 0, 13, 192, 0, 0, 6447.66, 2, 0, 0, 0.17, 1089, 608, 6178.52, 16506, 15817
1695087828, 0, 13, 192, 0, 0, 6447.66, 2, 0, 0, 0.19, 1090, 608, 6178.52, 16506, 15817
1695087834, 0, 13, 192, 0, 0, 6447.66, 2, 0, 0, 0.17, 1091, 608, 6178.52, 16506, 15817
1695087840, 0, 13, 192, 0, 0, 6447.66, 2, 0, 0, 0.17, 1092, 608, 6178.52, 16506, 15817
1695087846, 0, 13, 192, 0, 0, 6447.66, 2, 0, 0, 0.16, 1093, 608, 6178.52, 16506, 15817
1695087852, 0, 13, 192, 0, 0, 6447.66, 2, 0, 0, 0.17, 1094, 608, 6178.52, 16506, 15817
1695087857, 0, 13, 192, 0, 0, 6447.66, 2, 0, 0, 0.18, 1095, 608, 6178.52, 16506, 15817
1695087863, 0, 13, 192, 0, 0, 6447.66, 2, 0, 0, 0.17, 1096, 608, 6178.52, 16506, 15817
1695087870, 0, 13, 192, 0, 0, 6447.66, 2, 0, 0, 0.16, 1097, 608, 6178.52, 16506, 15817
1695087876, 0, 13, 192, 0, 0, 6447.66, 2, 0, 0, 0.17, 1098, 608, 6178.52, 16506, 15817
1695087881, 0, 13, 192, 0, 0, 6447.66, 2, 0, 0, 0.17, 1099, 608, 6178.52, 16506, 15817
1695087888, 0, 13, 192, 0, 0, 6447.66, 2, 0, 0, 0.16, 1100, 608, 6178.52, 16506, 15817
1695087894, 0, 13, 192, 0, 0, 6447.66, 2, 0, 0, 0.15, 1101, 608, 6178.52, 16506, 15817
1695087900, 0, 13, 192, 0, 0, 6447.66, 2, 0, 0, 0.16, 1102, 608, 6178.52, 16506, 15817
1695087906, 0, 13, 192, 0, 0, 6447.66, 2, 0, 0, 0.18, 1103, 608, 6178.52, 16506, 15817
1695087912, 0, 13, 192, 0, 0, 6447.66, 2, 0, 0, 0.17, 1104, 608, 6178.52, 16506, 15817
1695087918, 0, 13, 192, 0, 0, 6447.66, 2, 0, 0, 0.16, 1105, 608, 6178.52, 16506, 15817
1695087923, 0, 13, 192, 0, 0, 6447.66, 2, 0, 0, 0.18, 1106, 608, 6178.52, 16506, 15817
1695087929, 0, 13, 192, 0, 0, 6447.66, 2, 0, 0, 0.17, 1107, 608, 6178.52, 16506, 15817
1695087936, 0, 13, 192, 0, 0, 6447.66, 2, 0, 0, 0.16, 1108, 608, 6178.52, 16506, 15817
1695087942, 0, 13, 192, 0, 0, 6447.66, 2, 0, 0, 0.16, 1109, 608, 6178.52, 16506, 15817
1695087949, 0, 13, 192, 0, 0, 6447.66, 2, 0, 0, 0.15, 1110, 608, 6178.52, 16506, 15817
1695087954, 0, 13, 192, 0, 0, 6447.66, 2, 0, 0, 0.17, 1111, 608, 6178.52, 16506, 15817
1695087961, 0, 13, 192, 0, 0, 6447.66, 2, 0, 0, 0.15, 1112, 608, 6178.52, 16506, 15817
1695087968, 0, 13, 192, 0, 0, 6447.66, 2, 0, 0, 0.15, 1113, 608, 6178.52, 16506, 15817
1695087974, 0, 13, 192, 0, 0, 6447.66, 2, 0, 0, 0.17, 1114, 608, 6178.52, 16506, 15817
1695087979, 0, 13, 192, 0, 0, 6447.66, 2, 0, 0, 0.18, 1115, 608, 6178.52, 16506, 15817
1695087985, 0, 13, 192, 0, 0, 6447.66, 2, 0, 0, 0.16, 1116, 608, 6178.52, 16506, 15817
1695087992, 0, 13, 192, 0, 0, 6447.66, 2, 0, 0, 0.16, 1117, 608, 6178.52, 16506, 15817
1695087998, 0, 13, 192, 0, 0, 6447.66, 2, 0, 0, 0.15, 1118, 608, 6178.52, 16506, 15817
1695088004, 0, 13, 192, 0, 0, 6447.66, 2, 0, 0, 0.16, 1119, 608, 6178.52, 16506, 15817
1695088012, 0, 13, 192, 0, 0, 6447.66, 2, 0, 0, 0.14, 1120, 608, 6178.52, 16506, 15817
1695088019, 0, 13, 192, 0, 0, 6447.66, 2, 0, 0, 0.13, 1121, 608, 6178.52, 16506, 15817
1695088025, 0, 13, 192, 0, 0, 6447.66, 2, 0, 0, 0.16, 1122, 608, 6178.52, 16506, 15817
1695088031, 0, 13, 192, 0, 0, 6447.66, 2, 0, 0, 0.17, 1123, 608, 6178.52, 16506, 15817
1695088038, 0, 13, 192, 0, 0, 6447.66, 2, 0, 0, 0.15, 1124, 608, 6178.52, 16506, 15817
1695088045, 0, 13, 192, 0, 0, 6447.66, 2, 0, 0, 0.15, 1125, 608, 6178.52, 16506, 15817
1695088051, 0, 13, 192, 0, 0, 6447.66, 2, 0, 0, 0.17, 1126, 608, 6178.52, 16506, 15817
1695088058, 0, 13, 192, 0, 0, 6447.66, 2, 0, 0, 0.13, 1127, 608, 6178.52, 16506, 15817
1695088064, 0, 13, 192, 0, 0, 6447.66, 2, 0, 0, 0.18, 1128, 608, 6178.52, 16506, 15817
1695088070, 0, 13, 192, 0, 0, 6447.66, 2, 0, 0, 0.15, 1129, 608, 6178.52, 16506, 15817
1695088076, 0, 13, 192, 0, 0, 6447.66, 2, 0, 0, 0.17, 1130, 608, 6178.52, 16506, 15817
1695088083, 0, 13, 192, 0, 0, 6447.66, 2, 0, 0, 0.15, 1131, 608, 6178.52, 16506, 15817
1695088090, 0, 13, 192, 0, 0, 6447.66, 2, 0, 0, 0.15, 1132, 608, 6178.52, 16506, 15817
1695088097, 0, 13, 192, 0, 0, 6447.66, 2, 0, 0, 0.15, 1133, 608, 6178.52, 16506, 15817
1695088103, 0, 13, 192, 0, 0, 6447.66, 2, 0, 0, 0.16, 1134, 608, 6178.52, 16506, 15817
1695088109, 0, 13, 192, 0, 0, 6447.66, 2, 0, 0, 0.15, 1135, 608, 6178.52, 16506, 15817
1695088115, 0, 13, 192, 0, 0, 6447.66, 2, 0, 0, 0.16, 1136, 608, 6178.52, 16506, 15817
1695088121, 0, 13, 192, 0, 0, 6447.66, 2, 0, 0, 0.17, 1137, 608, 6178.52, 16506, 15817
1695088128, 0, 13, 192, 0, 0, 6447.66, 2, 0, 0, 0.16, 1138, 608, 6178.52, 16506, 15817
1695088134, 0, 13, 192, 0, 0, 6447.66, 2, 0, 0, 0.15, 1139, 608, 6178.52, 16506, 15817
1695088141, 0, 13, 192, 0, 0, 6447.66, 2, 0, 0, 0.14, 1140, 608, 6178.52, 16506, 15817
1695088147, 0, 13, 192, 0, 0, 6447.66, 2, 0, 0, 0.16, 1141, 608, 6178.52, 16506, 15817
1695088153, 0, 13, 192, 0, 0, 6447.66, 2, 0, 0, 0.17, 1142, 608, 6178.52, 16506, 15817
1695088160, 0, 13, 192, 0, 0, 6447.66, 2, 0, 0, 0.16, 1143, 608, 6178.52, 16506, 15817
1695088165, 0, 13, 192, 0, 0, 6447.66, 2, 0, 0, 0.17, 1144, 608, 6178.52, 16506, 15817
1695088171, 0, 13, 192, 0, 0, 6447.66, 2, 0, 0, 0.17, 1145, 608, 6178.52, 16506, 15817
1695088177, 0, 13, 192, 0, 0, 6447.66, 2, 0, 0, 0.17, 1146, 608, 6178.52, 16506, 15817
1695088183, 0, 13, 192, 0, 0, 6447.66, 2, 0, 0, 0.18, 1147, 608, 6178.52, 16506, 15817
1695088188, 0, 13, 192, 0, 0, 6447.66, 2, 0, 0, 0.19, 1148, 608, 6178.52, 16506, 15817
1695088194, 0, 13, 192, 0, 0, 6447.66, 2, 0, 0, 0.18, 1149, 608, 6178.52, 16506, 15817
1695088199, 0, 13, 192, 0, 0, 6447.66, 2, 0, 0, 0.18, 1150, 608, 6178.52, 16506, 15817
1695088206, 0, 13, 192, 0, 0, 6447.66, 2, 0, 0, 0.14, 1151, 608, 6178.52, 16506, 15817
1695088211, 0, 13, 192, 0, 0, 6447.66, 2, 0, 0, 0.20, 1152, 608, 6178.52, 16506, 15817
1695088218, 0, 13, 192, 0, 0, 6447.66, 2, 0, 0, 0.15, 1153, 608, 6178.52, 16506, 15817
1695088225, 0, 13, 192, 0, 0, 6447.66, 2, 0, 0, 0.14, 1154, 608, 6178.52, 16506, 15817
1695088232, 0, 13, 192, 0, 0, 6447.66, 2, 0, 0, 0.16, 1155, 608, 6178.52, 16506, 15817
1695088238, 0, 13, 192, 0, 0, 6447.66, 2, 0, 0, 0.17, 1156, 608, 6178.52, 16506, 15817
1695088242, 0, 13, 192, 0, 0, 6447.66, 2, 0, 0, 0.22, 1157, 608, 6178.52, 16506, 15817
1695088247, 0, 13, 192, 0, 0, 6447.66, 2, 0, 0, 0.19, 1158, 608, 6178.52, 16506, 15817
1695088254, 0, 13, 192, 0, 0, 6447.66, 2, 0, 0, 0.16, 1159, 608, 6178.52, 16506, 15817
1695088260, 0, 13, 192, 0, 0, 6447.66, 2, 0, 0, 0.16, 1160, 608, 6178.52, 16506, 15817
1695088266, 0, 13, 192, 0, 0, 6447.66, 2, 0, 0, 0.16, 1161, 608, 6178.52, 16506, 15817
1695088272, 0, 13, 192, 0, 0, 6447.66, 2, 0, 0, 0.16, 1162, 608, 6178.52, 16506, 15817
1695088279, 0, 13, 192, 0, 0, 6447.66, 2, 0, 0, 0.15, 1163, 608, 6178.52, 16506, 15817
1695088285, 0, 13, 192, 0, 0, 6447.66, 2, 0, 0, 0.16, 1164, 608, 6178.52, 16506, 15817
1695088292, 0, 13, 192, 0, 0, 6447.66, 2, 0, 0, 0.16, 1165, 608, 6178.52, 16506, 15817
1695088298, 0, 13, 192, 0, 0, 6447.66, 2, 0, 0, 0.16, 1166, 608, 6178.52, 16506, 15817
1695088305, 0, 13, 192, 0, 0, 6447.66, 2, 0, 0, 0.15, 1167, 608, 6178.52, 16506, 15817
1695088311, 0, 13, 192, 0, 0, 6447.66, 2, 0, 0, 0.16, 1168, 608, 6178.52, 16506, 15817
1695088316, 0, 13, 192, 0, 0, 6447.66, 2, 0, 0, 0.18, 1169, 608, 6178.52, 16506, 15817
1695088323, 0, 13, 192, 0, 0, 6447.66, 2, 0, 0, 0.16, 1170, 608, 6178.52, 16506, 15817
1695088328, 0, 13, 192, 0, 0, 6447.66, 2, 0, 0, 0.20, 1171, 608, 6178.52, 16506, 15817
1695088334, 0, 13, 192, 0, 0, 6447.66, 2, 0, 0, 0.16, 1172, 608, 6178.52, 16506, 15817
1695088340, 0, 13, 192, 0, 0, 6447.66, 2, 0, 0, 0.16, 1173, 608, 6178.52, 16506, 15817
1695088347, 0, 13, 192, 0, 0, 6447.66, 2, 0, 0, 0.15, 1174, 608, 6178.52, 16506, 15817
1695088354, 0, 13, 192, 0, 0, 6447.66, 2, 0, 0, 0.15, 1175, 608, 6178.52, 16506, 15817
1695088359, 0, 13, 192, 0, 0, 6447.66, 2, 0, 0, 0.17, 1176, 608, 6178.52, 16506, 15817
1695088365, 0, 13, 192, 0, 0, 6447.66, 2, 0, 0, 0.18, 1177, 608, 6178.52, 16506, 15817
1695088371, 0, 13, 192, 0, 0, 6447.66, 2, 0, 0, 0.16, 1178, 608, 6178.52, 16506, 15817
1695088379, 0, 13, 192, 0, 0, 6447.66, 2, 0, 0, 0.13, 1179, 608, 6178.52, 16506, 15817
1695088385, 0, 13, 192, 0, 0, 6447.66, 2, 0, 0, 0.16, 1180, 608, 6178.52, 16506, 15817
1695088391, 0, 13, 192, 0, 0, 6447.66, 2, 0, 0, 0.17, 1181, 608, 6178.52, 16506, 15817
1695088399, 0, 13, 192, 0, 0, 6447.66, 2, 0, 0, 0.14, 1182, 608, 6178.52, 16506, 15817
1695088405, 0, 13, 192, 0, 0, 6447.66, 2, 0, 0, 0.15, 1183, 608, 6178.52, 16506, 15817
1695088411, 0, 13, 192, 0, 0, 6447.66, 2, 0, 0, 0.17, 1184, 608, 6178.52, 16506, 15817
1695088417, 0, 13, 192, 0, 0, 6447.66, 2, 0, 0, 0.18, 1185, 608, 6178.52, 16506, 15817
1695088423, 0, 13, 192, 0, 0, 6447.66, 2, 0, 0, 0.15, 1186, 608, 6178.52, 16506, 15817
1695088430, 0, 13, 192, 0, 0, 6447.66, 2, 0, 0, 0.15, 1187, 608, 6178.52, 16506, 15817
1695088437, 0, 13, 192, 0, 0, 6447.66, 2, 0, 0, 0.15, 1188, 608, 6178.52, 16506, 15817
1695088441, 0, 13, 192, 0, 0, 6447.66, 2, 0, 0, 0.24, 1189, 608, 6178.52, 16506, 15817
1695088447, 0, 13, 192, 0, 0, 6447.66, 2, 0, 0, 0.16, 1190, 608, 6178.52, 16506, 15817
1695088453, 0, 13, 192, 0, 0, 6447.66, 2, 0, 0, 0.17, 1191, 608, 6178.52, 16506, 15817
1695088460, 0, 13, 192, 0, 0, 6447.66, 2, 0, 0, 0.15, 1192, 608, 6178.52, 16506, 15817
1695088465, 0, 13, 192, 0, 0, 6447.66, 2, 0, 0, 0.17, 1193, 608, 6178.52, 16506, 15817
1695088471, 0, 13, 193, 0, 0, 6447.66, 2, 0, 0, 0.16, 1194, 608, 6178.52, 16506, 15817
1695088477, 0, 13, 193, 0, 0, 6447.66, 2, 0, 0, 0.18, 1195, 608, 6178.52, 16506, 15817
1695088482, 0, 13, 193, 0, 0, 6447.66, 2, 0, 0, 0.18, 1196, 608, 6178.52, 16506, 15817
1695088488, 0, 13, 194, 0, 0, 6447.66, 2, 0, 0, 0.17, 1197, 608, 6178.52, 16506, 15817
1695088495, 0, 13, 194, 0, 0, 6447.66, 2, 0, 0, 0.15, 1198, 608, 6178.52, 16506, 15817
1695088501, 0, 13, 194, 0, 0, 6447.66, 2, 0, 0, 0.17, 1199, 608, 6178.52, 16506, 15817
1695088508, 0, 13, 194, 0, 0, 6447.66, 2, 0, 0, 0.14, 1200, 608, 6178.52, 16506, 15817
1695088514, 0, 13, 194, 0, 0, 6447.66, 2, 0, 0, 0.16, 1201, 608, 6178.52, 16506, 15817
1695088519, 0, 13, 194, 0, 0, 6447.66, 2, 0, 0, 0.18, 1202, 608, 6178.52, 16506, 15817
1695088525, 0, 13, 194, 0, 0, 6447.66, 2, 0, 0, 0.17, 1203, 608, 6178.52, 16506, 15817
1695088531, 0, 13, 194, 0, 0, 6447.66, 2, 0, 0, 0.17, 1204, 608, 6178.52, 16506, 15817
1695088536, 0, 13, 194, 0, 0, 6447.66, 2, 0, 0, 0.19, 1205, 608, 6178.52, 16506, 15817
1695088542, 0, 13, 195, 0, 0, 6447.66, 2, 0, 0, 0.17, 1206, 608, 6178.52, 16506, 15817
1695088549, 0, 13, 195, 0, 0, 6447.66, 2, 0, 0, 0.15, 1207, 608, 6178.52, 16506, 15817
1695088555, 0, 13, 195, 0, 0, 6447.66, 2, 0, 0, 0.16, 1208, 608, 6178.52, 16506, 15817
1695088561, 0, 13, 195, 0, 0, 6447.66, 2, 0, 0, 0.17, 1209, 608, 6178.52, 16506, 15817
1695088567, 0, 13, 195, 0, 0, 6447.66, 2, 0, 0, 0.16, 1210, 608, 6178.52, 16506, 15817
1695088574, 0, 13, 195, 0, 0, 6447.66, 2, 0, 0, 0.15, 1211, 608, 6178.52, 16506, 15817
1695088578, 0, 13, 195, 0, 0, 6447.66, 2, 0, 0, 0.23, 1212, 608, 6178.52, 16506, 15817
1695088584, 0, 13, 195, 0, 0, 6447.66, 2, 0, 0, 0.18, 1213, 608, 6178.52, 16506, 15817
1695088590, 0, 13, 195, 0, 0, 6447.66, 2, 0, 0, 0.17, 1214, 608, 6178.52, 16506, 15817
1695088596, 0, 13, 195, 0, 0, 6447.66, 2, 0, 0, 0.17, 1215, 608, 6178.52, 16506, 15817
1695088602, 0, 13, 195, 0, 0, 6447.66, 2, 0, 0, 0.17, 1216, 608, 6178.52, 16506, 15817
1695088607, 0, 13, 195, 0, 0, 6447.66, 2, 0, 0, 0.18, 1217, 608, 6178.52, 16506, 15817
1695088614, 0, 13, 195, 0, 0, 6447.66, 2, 0, 0, 0.14, 1218, 608, 6178.52, 16506, 15817
1695088620, 0, 13, 195, 0, 0, 6447.66, 2, 0, 0, 0.17, 1219, 608, 6178.52, 16506, 15817
1695088627, 0, 13, 195, 0, 0, 6447.66, 2, 0, 0, 0.15, 1220, 608, 6178.52, 16506, 15817
1695088633, 0, 13, 195, 0, 0, 6447.66, 2, 0, 0, 0.17, 1221, 608, 6178.52, 16506, 15817
1695088639, 0, 13, 195, 0, 0, 6447.66, 2, 0, 0, 0.16, 1222, 608, 6178.52, 16506, 15817
1695088646, 0, 13, 195, 0, 0, 6447.66, 2, 0, 0, 0.13, 1223, 608, 6178.52, 16506, 15817
1695088651, 0, 13, 195, 0, 0, 6447.66, 2, 0, 0, 0.22, 1224, 608, 6178.52, 16506, 15817
1695088657, 0, 13, 195, 0, 0, 6447.66, 2, 0, 0, 0.16, 1225, 608, 6178.52, 16506, 15817
1695088663, 0, 13, 195, 0, 0, 6447.66, 2, 0, 0, 0.16, 1226, 608, 6178.52, 16506, 15817
1695088668, 0, 13, 195, 0, 0, 6447.66, 2, 0, 0, 0.19, 1227, 608, 6178.52, 16506, 15817
1695088675, 0, 13, 195, 0, 0, 6447.66, 2, 0, 0, 0.16, 1228, 608, 6178.52, 16506, 15817
1695088681, 0, 13, 196, 0, 0, 6447.66, 2, 0, 0, 0.17, 1229, 608, 6178.52, 16506, 15817
1695088687, 0, 13, 196, 0, 0, 6447.66, 2, 0, 0, 0.17, 1230, 608, 6178.52, 16506, 15817
1695088693, 0, 13, 196, 0, 0, 6447.66, 2, 0, 0, 0.15, 1231, 608, 6178.52, 16506, 15817
1695088700, 0, 13, 197, 0, 0, 6447.66, 2, 0, 0, 0.15, 1232, 608, 6178.52, 16506, 15817
1695088707, 0, 13, 197, 0, 0, 6447.66, 2, 0, 0, 0.15, 1233, 608, 6178.52, 16506, 15817
1695088713, 0, 13, 197, 0, 0, 6447.66, 2, 0, 0, 0.15, 1234, 608, 6178.52, 16506, 15817
1695088720, 0, 13, 197, 0, 0, 6447.66, 2, 0, 0, 0.15, 1235, 608, 6178.52, 16506, 15817
1695088725, 0, 13, 197, 0, 0, 6447.66, 2, 0, 0, 0.18, 1236, 608, 6178.52, 16506, 15817
1695088725, 0, 13, 197, 0, 0, 6447.66, 2, 0, 0, 0.00, 1236, 608, 6178.52, 16506, 15817
