# unix_time, cycles_done, cur_path, paths_total, pending_total, pending_favs, map_size, unique_crashes, unique_hangs, max_depth, execs_per_sec
1694416801, 0, 0, 5, 5, 1, 3.31%, 0, 0, 1, 8.08
1694416806, 0, 1, 6, 6, 1, 3.77%, 0, 0, 2, 3.83
1694416859, 0, 1, 7, 7, 1, 3.77%, 0, 0, 2, 4.94
1694416869, 0, 1, 8, 8, 1, 3.80%, 0, 0, 2, 4.85
1694416910, 0, 5, 8, 7, 1, 3.83%, 0, 0, 2, 3.19
1694416915, 0, 6, 8, 6, 0, 3.83%, 0, 0, 2, 3.13
1694417131, 0, 6, 9, 7, 0, 3.84%, 0, 0, 3, 2.98
1694417142, 0, 6, 10, 8, 0, 3.84%, 0, 0, 3, 2.50
1694417234, 0, 6, 11, 9, 0, 3.84%, 0, 0, 3, 1.20
1694417398, 0, 6, 12, 10, 0, 3.84%, 0, 0, 3, 0.98
1694417577, 0, 8, 12, 9, 1, 3.84%, 0, 0, 3, 0.80
1694417608, 0, 8, 13, 10, 1, 3.84%, 0, 0, 4, 1.01
1694417858, 0, 8, 14, 11, 1, 3.84%, 0, 0, 4, 0.64
1694418019, 0, 9, 14, 10, 1, 3.84%, 0, 0, 4, 0.60
1694419322, 0, 9, 15, 11, 1, 3.84%, 0, 0, 4, 0.03
1694419727, 0, 12, 15, 10, 1, 3.84%, 0, 0, 4, 0.32
1694419815, 1, 1, 15, 9, 0, 3.84%, 0, 0, 4, 0.32
