# unix_time, cycles_done, cur_path, paths_total, pending_total, pending_favs, map_size, unique_crashes, unique_hangs, max_depth, execs_per_sec, valid_inputs, invalid_inputs, valid_cov, all_covered_probes, valid_covered_probes
1693851670, 0, 0, 1, 0, 0, 761.33, 0, 0, 0, 0.59, 0, 1, 0.00, 1949, 0
1693851671, 0, 0, 3, 0, 0, 869.92, 0, 0, 0, 4.72, 1, 2, 408.98, 2227, 1047
1693851683, 0, 0, 4, 0, 0, 869.92, 1, 0, 0, 0.25, 1, 5, 408.98, 2227, 1047
1693851683, 0, 0, 5, 0, 0, 1048.83, 1, 0, 0, 3.08, 2, 5, 606.64, 2685, 1553
1693851687, 0, 0, 9, 0, 0, 6236.33, 1, 0, 0, 1.53, 3, 11, 5855.47, 15965, 14990
1693851693, 0, 0, 11, 0, 0, 6279.69, 1, 0, 0, 0.35, 4, 12, 5898.83, 16076, 15101
1693851697, 0, 0, 13, 0, 0, 6286.33, 1, 0, 0, 0.58, 5, 13, 5905.47, 16093, 15118
1693851697, 0, 0, 21, 0, 0, 6583.59, 1, 0, 0, 64.81, 12, 27, 6131.64, 16854, 15697
1693851701, 0, 0, 22, 0, 0, 6628.91, 1, 0, 0, 2.35, 15, 33, 6176.95, 16970, 15813
1693851703, 0, 0, 23, 0, 0, 6628.91, 1, 0, 0, 0.38, 16, 33, 6176.95, 16970, 15813
1693851706, 0, 0, 27, 0, 0, 6630.08, 1, 0, 0, 5.63, 24, 43, 6178.13, 16973, 15816
1693851709, 0, 0, 30, 0, 0, 6631.25, 1, 0, 0, 1.36, 26, 45, 6178.13, 16976, 15816
1693851712, 0, 0, 34, 0, 0, 6775.39, 1, 0, 0, 6.03, 31, 54, 6178.13, 17345, 15816
1693851712, 0, 0, 37, 0, 0, 6775.78, 1, 0, 0, 18.87, 32, 59, 6178.13, 17346, 15816
1693851714, 0, 1, 40, 0, 0, 6775.78, 1, 0, 0, 6.64, 37, 70, 6178.13, 17346, 15816
1693851720, 0, 1, 41, 0, 0, 6775.78, 1, 0, 0, 0.97, 41, 71, 6178.13, 17346, 15816
1693851720, 0, 1, 43, 0, 0, 6775.78, 1, 0, 0, 63.33, 57, 74, 6178.13, 17346, 15816
1693851723, 0, 1, 46, 0, 0, 6784.38, 1, 0, 0, 8.94, 73, 82, 6178.13, 17368, 15816
1693851725, 0, 2, 48, 0, 0, 6784.38, 1, 0, 0, 3.83, 80, 84, 6178.13, 17368, 15816
1693851728, 0, 2, 50, 0, 0, 6784.38, 1, 0, 0, 8.50, 97, 90, 6178.13, 17368, 15816
1693851731, 0, 2, 51, 0, 0, 6791.02, 1, 0, 0, 0.31, 98, 90, 6184.77, 17385, 15833
1693851731, 0, 2, 53, 0, 0, 6791.02, 1, 0, 0, 19.02, 104, 91, 6184.77, 17385, 15833
1693851736, 0, 2, 56, 0, 0, 6794.14, 1, 0, 0, 4.65, 121, 94, 6187.89, 17393, 15841
1693851738, 0, 2, 58, 0, 0, 6794.53, 1, 0, 0, 1.10, 123, 95, 6188.28, 17394, 15842
1693851741, 0, 4, 59, 0, 0, 6794.53, 1, 0, 0, 5.76, 130, 101, 6188.28, 17394, 15842
1693851743, 0, 4, 62, 0, 0, 6797.66, 2, 0, 0, 4.83, 136, 108, 6188.28, 17402, 15842
1693851746, 0, 4, 63, 0, 0, 6798.05, 2, 0, 0, 0.94, 139, 108, 6188.67, 17403, 15843
1693851749, 0, 4, 64, 0, 0, 6804.69, 2, 0, 0, 2.90, 144, 111, 6195.31, 17420, 15860
1693851760, 0, 4, 66, 0, 0, 6804.69, 2, 0, 0, 1.23, 155, 113, 6195.31, 17420, 15860
1693851762, 0, 4, 68, 0, 0, 6804.69, 2, 0, 0, 1.99, 158, 115, 6195.31, 17420, 15860
1693851765, 0, 4, 69, 0, 0, 6804.69, 2, 0, 0, 6.77, 172, 122, 6195.31, 17420, 15860
1693851769, 0, 5, 70, 0, 0, 6804.69, 2, 0, 0, 5.63, 182, 130, 6195.31, 17420, 15860
1693851771, 0, 5, 72, 0, 0, 6804.69, 2, 0, 0, 10.10, 188, 152, 6195.31, 17420, 15860
1693851774, 0, 5, 74, 0, 0, 6804.69, 2, 0, 0, 2.68, 192, 154, 6195.31, 17420, 15860
1693851776, 0, 6, 75, 0, 0, 6804.69, 2, 0, 0, 20.91, 206, 187, 6195.31, 17420, 15860
1693851779, 0, 6, 78, 0, 0, 6805.47, 2, 0, 0, 9.33, 219, 203, 6195.31, 17422, 15860
1693851782, 0, 6, 80, 0, 0, 6805.47, 2, 0, 0, 8.18, 230, 218, 6195.31, 17422, 15860
1693851782, 0, 6, 81, 0, 0, 6805.47, 2, 0, 0, 34.65, 234, 228, 6195.31, 17422, 15860
1693851786, 0, 7, 82, 0, 0, 6805.47, 2, 0, 0, 2.91, 237, 234, 6195.31, 17422, 15860
1693851788, 0, 7, 84, 0, 0, 6805.47, 2, 0, 0, 2.94, 239, 239, 6195.31, 17422, 15860
1693851792, 0, 7, 85, 0, 0, 6805.47, 2, 0, 0, 0.27, 240, 239, 6195.31, 17422, 15860
1693851794, 0, 7, 88, 0, 0, 6805.47, 2, 0, 0, 4.83, 245, 247, 6195.31, 17422, 15860
1693851798, 0, 7, 89, 0, 0, 6805.47, 2, 0, 0, 6.46, 252, 261, 6195.31, 17422, 15860
1693851801, 0, 7, 92, 0, 0, 6805.47, 2, 0, 0, 9.17, 264, 279, 6195.31, 17422, 15860
1693851803, 0, 8, 93, 0, 0, 6805.47, 2, 0, 0, 0.76, 265, 280, 6195.31, 17422, 15860
1693851806, 0, 8, 94, 0, 0, 6805.47, 2, 0, 0, 0.37, 266, 280, 6195.31, 17422, 15860
1693851808, 0, 8, 94, 0, 0, 6805.47, 2, 0, 0, 0.48, 267, 280, 6195.31, 17422, 15860
1693851810, 0, 8, 95, 0, 0, 6805.47, 2, 0, 0, 0.49, 268, 280, 6195.31, 17422, 15860
1693851813, 0, 8, 95, 0, 0, 6805.47, 2, 0, 0, 0.36, 269, 280, 6195.31, 17422, 15860
1693851816, 0, 8, 95, 0, 0, 6805.47, 2, 0, 0, 0.39, 270, 280, 6195.31, 17422, 15860
1693851817, 0, 8, 96, 0, 0, 6805.47, 2, 0, 0, 0.56, 271, 280, 6195.31, 17422, 15860
1693851820, 0, 8, 97, 0, 0, 6805.47, 2, 0, 0, 0.49, 272, 280, 6195.31, 17422, 15860
1693851821, 0, 8, 97, 0, 0, 6805.47, 2, 0, 0, 0.54, 273, 280, 6195.31, 17422, 15860
1693851823, 0, 8, 98, 0, 0, 6805.47, 2, 0, 0, 0.48, 274, 280, 6195.31, 17422, 15860
1693851825, 0, 8, 98, 0, 0, 6805.47, 2, 0, 0, 0.54, 275, 280, 6195.31, 17422, 15860
1693851827, 0, 8, 98, 0, 0, 6805.47, 2, 0, 0, 0.64, 276, 280, 6195.31, 17422, 15860
1693851829, 0, 8, 98, 0, 0, 6805.47, 2, 0, 0, 0.49, 277, 280, 6195.31, 17422, 15860
1693851831, 0, 8, 98, 0, 0, 6805.47, 2, 0, 0, 0.51, 278, 280, 6195.31, 17422, 15860
1693851833, 0, 8, 99, 0, 0, 6805.47, 2, 0, 0, 0.52, 279, 280, 6195.31, 17422, 15860
1693851834, 0, 8, 99, 0, 0, 6805.47, 2, 0, 0, 0.63, 280, 280, 6195.31, 17422, 15860
1693851837, 0, 8, 100, 0, 0, 6805.47, 2, 0, 0, 0.47, 281, 280, 6195.31, 17422, 15860
1693851838, 0, 8, 100, 0, 0, 6805.47, 2, 0, 0, 0.54, 282, 280, 6195.31, 17422, 15860
1693851840, 0, 8, 100, 0, 0, 6805.47, 2, 0, 0, 0.49, 283, 280, 6195.31, 17422, 15860
1693851843, 0, 8, 100, 0, 0, 6805.47, 2, 0, 0, 0.42, 284, 280, 6195.31, 17422, 15860
1693851845, 0, 8, 100, 0, 0, 6805.47, 2, 0, 0, 0.43, 285, 280, 6195.31, 17422, 15860
1693851847, 0, 8, 100, 0, 0, 6805.47, 2, 0, 0, 0.51, 286, 280, 6195.31, 17422, 15860
1693851849, 0, 8, 101, 0, 0, 6805.47, 2, 0, 0, 0.57, 287, 280, 6195.31, 17422, 15860
1693851851, 0, 8, 101, 0, 0, 6805.47, 2, 0, 0, 0.53, 288, 280, 6195.31, 17422, 15860
1693851853, 0, 8, 101, 0, 0, 6805.47, 2, 0, 0, 0.45, 289, 280, 6195.31, 17422, 15860
1693851855, 0, 8, 101, 0, 0, 6805.47, 2, 0, 0, 0.49, 290, 280, 6195.31, 17422, 15860
1693851857, 0, 8, 102, 0, 0, 6805.47, 2, 0, 0, 0.44, 291, 280, 6195.31, 17422, 15860
1693851860, 0, 8, 103, 0, 0, 6805.47, 2, 0, 0, 0.43, 292, 280, 6195.31, 17422, 15860
1693851862, 0, 8, 104, 0, 0, 6805.47, 2, 0, 0, 0.44, 293, 280, 6195.31, 17422, 15860
1693851864, 0, 8, 105, 0, 0, 6805.47, 2, 0, 0, 0.47, 294, 280, 6195.31, 17422, 15860
1693851866, 0, 8, 106, 0, 0, 6805.47, 2, 0, 0, 0.54, 295, 280, 6195.31, 17422, 15860
1693851867, 0, 8, 106, 0, 0, 6805.47, 2, 0, 0, 0.61, 296, 280, 6195.31, 17422, 15860
1693851870, 0, 8, 106, 0, 0, 6805.47, 2, 0, 0, 0.48, 297, 280, 6195.31, 17422, 15860
1693851872, 0, 8, 106, 0, 0, 6805.47, 2, 0, 0, 0.46, 298, 280, 6195.31, 17422, 15860
1693851874, 0, 8, 106, 0, 0, 6805.47, 2, 0, 0, 0.49, 299, 280, 6195.31, 17422, 15860
1693851876, 0, 8, 106, 0, 0, 6805.47, 2, 0, 0, 0.40, 300, 280, 6195.31, 17422, 15860
1693851879, 0, 8, 106, 0, 0, 6805.47, 2, 0, 0, 0.44, 301, 280, 6195.31, 17422, 15860
1693851881, 0, 8, 106, 0, 0, 6805.47, 2, 0, 0, 0.35, 302, 280, 6195.31, 17422, 15860
1693851884, 0, 8, 107, 0, 0, 6805.47, 2, 0, 0, 0.43, 303, 280, 6195.31, 17422, 15860
1693851886, 0, 8, 108, 0, 0, 6805.47, 2, 0, 0, 0.42, 304, 280, 6195.31, 17422, 15860
1693851890, 0, 8, 109, 0, 0, 6805.47, 2, 0, 0, 0.26, 305, 280, 6195.31, 17422, 15860
1693851893, 0, 8, 109, 0, 0, 6805.47, 2, 0, 0, 0.35, 306, 280, 6195.31, 17422, 15860
1693851895, 0, 8, 109, 0, 0, 6805.47, 2, 0, 0, 0.48, 307, 280, 6195.31, 17422, 15860
1693851897, 0, 8, 109, 0, 0, 6805.47, 2, 0, 0, 0.51, 308, 280, 6195.31, 17422, 15860
1693851899, 0, 8, 109, 0, 0, 6805.47, 2, 0, 0, 0.46, 309, 280, 6195.31, 17422, 15860
1693851901, 0, 8, 110, 0, 0, 6806.25, 2, 0, 0, 0.50, 310, 280, 6196.09, 17424, 15862
1693851903, 0, 8, 111, 0, 0, 6806.25, 2, 0, 0, 0.50, 311, 280, 6196.09, 17424, 15862
1693851905, 0, 8, 111, 0, 0, 6806.25, 2, 0, 0, 0.48, 312, 280, 6196.09, 17424, 15862
1693851907, 0, 8, 111, 0, 0, 6806.25, 2, 0, 0, 0.46, 313, 280, 6196.09, 17424, 15862
1693851909, 0, 8, 112, 0, 0, 6806.25, 2, 0, 0, 0.48, 314, 280, 6196.09, 17424, 15862
1693851911, 0, 8, 112, 0, 0, 6806.25, 2, 0, 0, 0.52, 315, 280, 6196.09, 17424, 15862
1693851914, 0, 8, 112, 0, 0, 6806.25, 2, 0, 0, 0.40, 316, 280, 6196.09, 17424, 15862
1693851915, 0, 8, 112, 0, 0, 6806.25, 2, 0, 0, 0.57, 317, 280, 6196.09, 17424, 15862
1693851917, 0, 8, 112, 0, 0, 6806.25, 2, 0, 0, 0.55, 318, 280, 6196.09, 17424, 15862
1693851919, 0, 8, 112, 0, 0, 6806.25, 2, 0, 0, 0.47, 319, 280, 6196.09, 17424, 15862
1693851922, 0, 8, 112, 0, 0, 6806.25, 2, 0, 0, 0.44, 320, 280, 6196.09, 17424, 15862
1693851924, 0, 8, 112, 0, 0, 6806.25, 2, 0, 0, 0.52, 321, 280, 6196.09, 17424, 15862
1693851926, 0, 8, 112, 0, 0, 6806.25, 2, 0, 0, 0.45, 322, 280, 6196.09, 17424, 15862
1693851928, 0, 8, 112, 0, 0, 6806.25, 2, 0, 0, 0.48, 323, 280, 6196.09, 17424, 15862
1693851930, 0, 8, 112, 0, 0, 6806.25, 2, 0, 0, 0.48, 324, 280, 6196.09, 17424, 15862
1693851932, 0, 8, 112, 0, 0, 6806.25, 2, 0, 0, 0.55, 325, 280, 6196.09, 17424, 15862
1693851934, 0, 8, 112, 0, 0, 6806.25, 2, 0, 0, 0.39, 326, 280, 6196.09, 17424, 15862
1693851936, 0, 8, 113, 0, 0, 6806.25, 2, 0, 0, 0.46, 327, 280, 6196.09, 17424, 15862
1693851939, 0, 8, 113, 0, 0, 6806.25, 2, 0, 0, 0.35, 328, 280, 6196.09, 17424, 15862
1693851942, 0, 8, 113, 0, 0, 6806.25, 2, 0, 0, 0.38, 329, 280, 6196.09, 17424, 15862
1693851944, 0, 8, 113, 0, 0, 6806.25, 2, 0, 0, 0.43, 330, 280, 6196.09, 17424, 15862
1693851946, 0, 8, 113, 0, 0, 6806.25, 2, 0, 0, 0.45, 331, 280, 6196.09, 17424, 15862
1693851948, 0, 8, 113, 0, 0, 6806.25, 2, 0, 0, 0.56, 332, 280, 6196.09, 17424, 15862
1693851950, 0, 8, 113, 0, 0, 6806.25, 2, 0, 0, 0.45, 333, 280, 6196.09, 17424, 15862
1693851953, 0, 8, 113, 0, 0, 6806.25, 2, 0, 0, 0.35, 334, 280, 6196.09, 17424, 15862
1693851956, 0, 8, 113, 0, 0, 6806.25, 2, 0, 0, 0.45, 335, 280, 6196.09, 17424, 15862
1693851960, 0, 8, 114, 0, 0, 6806.25, 2, 0, 0, 0.25, 336, 280, 6196.09, 17424, 15862
1693851963, 0, 8, 114, 0, 0, 6806.25, 2, 0, 0, 0.34, 337, 280, 6196.09, 17424, 15862
1693851965, 0, 8, 115, 0, 0, 6806.25, 2, 0, 0, 0.43, 338, 280, 6196.09, 17424, 15862
1693851967, 0, 8, 115, 0, 0, 6806.25, 2, 0, 0, 0.39, 339, 280, 6196.09, 17424, 15862
1693851970, 0, 8, 115, 0, 0, 6806.25, 2, 0, 0, 0.34, 340, 280, 6196.09, 17424, 15862
1693851972, 0, 8, 115, 0, 0, 6806.25, 2, 0, 0, 0.49, 341, 280, 6196.09, 17424, 15862
1693851975, 0, 8, 115, 0, 0, 6806.25, 2, 0, 0, 0.40, 342, 280, 6196.09, 17424, 15862
1693851977, 0, 8, 116, 0, 0, 6806.25, 2, 0, 0, 0.50, 343, 280, 6196.09, 17424, 15862
1693851979, 0, 8, 116, 0, 0, 6806.25, 2, 0, 0, 0.55, 344, 280, 6196.09, 17424, 15862
1693851981, 0, 8, 116, 0, 0, 6806.25, 2, 0, 0, 0.50, 345, 280, 6196.09, 17424, 15862
1693851986, 0, 8, 117, 0, 0, 6822.66, 2, 0, 0, 0.18, 346, 280, 6212.50, 17466, 15904
1693851989, 0, 8, 117, 0, 0, 6822.66, 2, 0, 0, 0.39, 347, 280, 6212.50, 17466, 15904
1693851992, 0, 8, 117, 0, 0, 6822.66, 2, 0, 0, 0.33, 348, 280, 6212.50, 17466, 15904
1693851994, 0, 8, 117, 0, 0, 6822.66, 2, 0, 0, 0.44, 349, 280, 6212.50, 17466, 15904
1693851996, 0, 8, 117, 0, 0, 6822.66, 2, 0, 0, 0.46, 350, 280, 6212.50, 17466, 15904
1693851999, 0, 8, 118, 0, 0, 6822.66, 2, 0, 0, 0.42, 351, 280, 6212.50, 17466, 15904
1693852001, 0, 8, 118, 0, 0, 6822.66, 2, 0, 0, 0.46, 352, 280, 6212.50, 17466, 15904
1693852003, 0, 8, 118, 0, 0, 6822.66, 2, 0, 0, 0.39, 353, 280, 6212.50, 17466, 15904
1693852006, 0, 8, 118, 0, 0, 6822.66, 2, 0, 0, 0.38, 354, 280, 6212.50, 17466, 15904
1693852008, 0, 8, 119, 0, 0, 6822.66, 2, 0, 0, 0.48, 355, 280, 6212.50, 17466, 15904
1693852010, 0, 8, 120, 0, 0, 6822.66, 2, 0, 0, 0.61, 356, 280, 6212.50, 17466, 15904
1693852012, 0, 8, 121, 0, 0, 6822.66, 2, 0, 0, 0.48, 357, 280, 6212.50, 17466, 15904
1693852014, 0, 8, 122, 0, 0, 6822.66, 2, 0, 0, 0.49, 358, 280, 6212.50, 17466, 15904
1693852017, 0, 8, 123, 0, 0, 6822.66, 2, 0, 0, 0.37, 359, 280, 6212.50, 17466, 15904
1693852018, 0, 8, 123, 0, 0, 6822.66, 2, 0, 0, 0.62, 360, 280, 6212.50, 17466, 15904
1693852021, 0, 8, 123, 0, 0, 6822.66, 2, 0, 0, 0.40, 361, 280, 6212.50, 17466, 15904
1693852023, 0, 8, 123, 0, 0, 6822.66, 2, 0, 0, 0.38, 362, 280, 6212.50, 17466, 15904
1693852026, 0, 8, 123, 0, 0, 6822.66, 2, 0, 0, 0.42, 363, 280, 6212.50, 17466, 15904
1693852028, 0, 8, 123, 0, 0, 6822.66, 2, 0, 0, 0.44, 364, 280, 6212.50, 17466, 15904
1693852030, 0, 8, 123, 0, 0, 6822.66, 2, 0, 0, 0.44, 365, 280, 6212.50, 17466, 15904
1693852032, 0, 8, 123, 0, 0, 6822.66, 2, 0, 0, 0.53, 366, 280, 6212.50, 17466, 15904
1693852034, 0, 8, 123, 0, 0, 6822.66, 2, 0, 0, 0.48, 367, 280, 6212.50, 17466, 15904
1693852036, 0, 8, 123, 0, 0, 6822.66, 2, 0, 0, 0.47, 368, 280, 6212.50, 17466, 15904
1693852039, 0, 8, 123, 0, 0, 6822.66, 2, 0, 0, 0.39, 369, 280, 6212.50, 17466, 15904
1693852041, 0, 8, 123, 0, 0, 6822.66, 2, 0, 0, 0.43, 370, 280, 6212.50, 17466, 15904
1693852044, 0, 8, 123, 0, 0, 6822.66, 2, 0, 0, 0.43, 371, 280, 6212.50, 17466, 15904
1693852046, 0, 8, 123, 0, 0, 6822.66, 2, 0, 0, 0.43, 372, 280, 6212.50, 17466, 15904
1693852048, 0, 8, 123, 0, 0, 6822.66, 2, 0, 0, 0.47, 373, 280, 6212.50, 17466, 15904
1693852050, 0, 8, 123, 0, 0, 6822.66, 2, 0, 0, 0.53, 374, 280, 6212.50, 17466, 15904
1693852052, 0, 8, 123, 0, 0, 6822.66, 2, 0, 0, 0.40, 375, 280, 6212.50, 17466, 15904
1693852055, 0, 8, 123, 0, 0, 6822.66, 2, 0, 0, 0.34, 376, 280, 6212.50, 17466, 15904
1693852059, 0, 8, 124, 0, 0, 6822.66, 2, 0, 0, 0.26, 377, 280, 6212.50, 17466, 15904
1693852062, 0, 8, 124, 0, 0, 6822.66, 2, 0, 0, 0.38, 378, 280, 6212.50, 17466, 15904
1693852065, 0, 8, 124, 0, 0, 6822.66, 2, 0, 0, 0.32, 379, 280, 6212.50, 17466, 15904
1693852067, 0, 8, 124, 0, 0, 6822.66, 2, 0, 0, 0.45, 380, 280, 6212.50, 17466, 15904
1693852069, 0, 8, 124, 0, 0, 6822.66, 2, 0, 0, 0.49, 381, 280, 6212.50, 17466, 15904
1693852071, 0, 8, 124, 0, 0, 6822.66, 2, 0, 0, 0.47, 382, 280, 6212.50, 17466, 15904
1693852074, 0, 8, 124, 0, 0, 6822.66, 2, 0, 0, 0.45, 383, 280, 6212.50, 17466, 15904
1693852075, 0, 8, 124, 0, 0, 6822.66, 2, 0, 0, 0.53, 384, 280, 6212.50, 17466, 15904
1693852078, 0, 8, 124, 0, 0, 6822.66, 2, 0, 0, 0.43, 385, 280, 6212.50, 17466, 15904
1693852080, 0, 8, 125, 0, 0, 6822.66, 2, 0, 0, 0.44, 386, 280, 6212.50, 17466, 15904
1693852082, 0, 8, 125, 0, 0, 6822.66, 2, 0, 0, 0.45, 387, 280, 6212.50, 17466, 15904
1693852084, 0, 8, 125, 0, 0, 6822.66, 2, 0, 0, 0.52, 388, 280, 6212.50, 17466, 15904
1693852087, 0, 8, 126, 0, 0, 6822.66, 2, 0, 0, 0.35, 389, 280, 6212.50, 17466, 15904
1693852090, 0, 8, 126, 0, 0, 6822.66, 2, 0, 0, 0.32, 390, 280, 6212.50, 17466, 15904
1693852092, 0, 8, 127, 0, 0, 6822.66, 2, 0, 0, 0.45, 391, 280, 6212.50, 17466, 15904
1693852094, 0, 8, 127, 0, 0, 6822.66, 2, 0, 0, 0.53, 392, 280, 6212.50, 17466, 15904
1693852096, 0, 8, 127, 0, 0, 6822.66, 2, 0, 0, 0.52, 393, 280, 6212.50, 17466, 15904
1693852098, 0, 8, 127, 0, 0, 6822.66, 2, 0, 0, 0.48, 394, 280, 6212.50, 17466, 15904
1693852100, 0, 8, 127, 0, 0, 6822.66, 2, 0, 0, 0.48, 395, 280, 6212.50, 17466, 15904
1693852103, 0, 8, 128, 0, 0, 6822.66, 2, 0, 0, 0.46, 396, 280, 6212.50, 17466, 15904
1693852105, 0, 8, 128, 0, 0, 6822.66, 2, 0, 0, 0.49, 397, 280, 6212.50, 17466, 15904
1693852107, 0, 8, 128, 0, 0, 6822.66, 2, 0, 0, 0.45, 398, 280, 6212.50, 17466, 15904
1693852109, 0, 8, 129, 0, 0, 6822.66, 2, 0, 0, 0.46, 399, 280, 6212.50, 17466, 15904
1693852111, 0, 8, 129, 0, 0, 6822.66, 2, 0, 0, 0.47, 400, 280, 6212.50, 17466, 15904
1693852113, 0, 8, 129, 0, 0, 6822.66, 2, 0, 0, 0.46, 401, 280, 6212.50, 17466, 15904
1693852116, 0, 8, 129, 0, 0, 6822.66, 2, 0, 0, 0.46, 402, 280, 6212.50, 17466, 15904
1693852118, 0, 8, 129, 0, 0, 6822.66, 2, 0, 0, 0.40, 403, 280, 6212.50, 17466, 15904
1693852120, 0, 8, 129, 0, 0, 6822.66, 2, 0, 0, 0.50, 404, 280, 6212.50, 17466, 15904
1693852122, 0, 8, 130, 0, 0, 6822.66, 2, 0, 0, 0.49, 405, 280, 6212.50, 17466, 15904
1693852124, 0, 8, 130, 0, 0, 6822.66, 2, 0, 0, 0.42, 406, 280, 6212.50, 17466, 15904
1693852127, 0, 8, 130, 0, 0, 6822.66, 2, 0, 0, 0.41, 407, 280, 6212.50, 17466, 15904
1693852129, 0, 8, 130, 0, 0, 6822.66, 2, 0, 0, 0.53, 408, 280, 6212.50, 17466, 15904
1693852132, 0, 8, 130, 0, 0, 6822.66, 2, 0, 0, 0.37, 409, 280, 6212.50, 17466, 15904
1693852134, 0, 8, 130, 0, 0, 6822.66, 2, 0, 0, 0.49, 410, 280, 6212.50, 17466, 15904
1693852136, 0, 8, 130, 0, 0, 6822.66, 2, 0, 0, 0.44, 411, 280, 6212.50, 17466, 15904
1693852138, 0, 8, 130, 0, 0, 6822.66, 2, 0, 0, 0.50, 412, 280, 6212.50, 17466, 15904
1693852140, 0, 8, 130, 0, 0, 6822.66, 2, 0, 0, 0.41, 413, 280, 6212.50, 17466, 15904
1693852142, 0, 8, 130, 0, 0, 6822.66, 2, 0, 0, 0.47, 414, 280, 6212.50, 17466, 15904
1693852145, 0, 8, 130, 0, 0, 6822.66, 2, 0, 0, 0.43, 415, 280, 6212.50, 17466, 15904
1693852147, 0, 8, 130, 0, 0, 6822.66, 2, 0, 0, 0.54, 416, 280, 6212.50, 17466, 15904
1693852149, 0, 8, 130, 0, 0, 6822.66, 2, 0, 0, 0.48, 417, 280, 6212.50, 17466, 15904
1693852151, 0, 8, 130, 0, 0, 6822.66, 2, 0, 0, 0.44, 418, 280, 6212.50, 17466, 15904
1693852153, 0, 8, 130, 0, 0, 6822.66, 2, 0, 0, 0.47, 419, 280, 6212.50, 17466, 15904
1693852155, 0, 8, 130, 0, 0, 6822.66, 2, 0, 0, 0.54, 420, 280, 6212.50, 17466, 15904
1693852157, 0, 8, 130, 0, 0, 6822.66, 2, 0, 0, 0.47, 421, 280, 6212.50, 17466, 15904
1693852159, 0, 8, 130, 0, 0, 6822.66, 2, 0, 0, 0.42, 422, 280, 6212.50, 17466, 15904
1693852161, 0, 8, 130, 0, 0, 6822.66, 2, 0, 0, 0.54, 423, 280, 6212.50, 17466, 15904
1693852163, 0, 8, 130, 0, 0, 6822.66, 2, 0, 0, 0.48, 424, 280, 6212.50, 17466, 15904
1693852166, 0, 8, 130, 0, 0, 6822.66, 2, 0, 0, 0.48, 425, 280, 6212.50, 17466, 15904
1693852168, 0, 8, 130, 0, 0, 6822.66, 2, 0, 0, 0.47, 426, 280, 6212.50, 17466, 15904
1693852170, 0, 8, 130, 0, 0, 6822.66, 2, 0, 0, 0.44, 427, 280, 6212.50, 17466, 15904
1693852172, 0, 8, 130, 0, 0, 6822.66, 2, 0, 0, 0.51, 428, 280, 6212.50, 17466, 15904
1693852174, 0, 8, 130, 0, 0, 6822.66, 2, 0, 0, 0.43, 429, 280, 6212.50, 17466, 15904
1693852177, 0, 8, 130, 0, 0, 6822.66, 2, 0, 0, 0.42, 430, 280, 6212.50, 17466, 15904
1693852179, 0, 8, 130, 0, 0, 6822.66, 2, 0, 0, 0.46, 431, 280, 6212.50, 17466, 15904
1693852181, 0, 8, 130, 0, 0, 6822.66, 2, 0, 0, 0.51, 432, 280, 6212.50, 17466, 15904
1693852183, 0, 8, 130, 0, 0, 6822.66, 2, 0, 0, 0.48, 433, 280, 6212.50, 17466, 15904
1693852185, 0, 8, 130, 0, 0, 6822.66, 2, 0, 0, 0.38, 434, 280, 6212.50, 17466, 15904
1693852187, 0, 8, 130, 0, 0, 6822.66, 2, 0, 0, 0.50, 435, 280, 6212.50, 17466, 15904
1693852189, 0, 8, 130, 0, 0, 6822.66, 2, 0, 0, 0.52, 436, 280, 6212.50, 17466, 15904
1693852192, 0, 8, 130, 0, 0, 6822.66, 2, 0, 0, 0.39, 437, 280, 6212.50, 17466, 15904
1693852194, 0, 8, 130, 0, 0, 6822.66, 2, 0, 0, 0.43, 438, 280, 6212.50, 17466, 15904
1693852196, 0, 8, 130, 0, 0, 6822.66, 2, 0, 0, 0.48, 439, 280, 6212.50, 17466, 15904
1693852198, 0, 8, 130, 0, 0, 6822.66, 2, 0, 0, 0.54, 440, 280, 6212.50, 17466, 15904
1693852200, 0, 8, 130, 0, 0, 6822.66, 2, 0, 0, 0.48, 441, 280, 6212.50, 17466, 15904
1693852203, 0, 8, 130, 0, 0, 6822.66, 2, 0, 0, 0.42, 442, 280, 6212.50, 17466, 15904
1693852205, 0, 8, 130, 0, 0, 6822.66, 2, 0, 0, 0.38, 443, 280, 6212.50, 17466, 15904
1693852207, 0, 8, 130, 0, 0, 6822.66, 2, 0, 0, 0.46, 444, 280, 6212.50, 17466, 15904
1693852210, 0, 8, 130, 0, 0, 6822.66, 2, 0, 0, 0.48, 445, 280, 6212.50, 17466, 15904
1693852212, 0, 8, 130, 0, 0, 6822.66, 2, 0, 0, 0.43, 446, 280, 6212.50, 17466, 15904
1693852214, 0, 8, 130, 0, 0, 6822.66, 2, 0, 0, 0.56, 447, 280, 6212.50, 17466, 15904
1693852217, 0, 8, 131, 0, 0, 6822.66, 2, 0, 0, 0.32, 448, 280, 6212.50, 17466, 15904
1693852219, 0, 8, 131, 0, 0, 6822.66, 2, 0, 0, 0.37, 449, 280, 6212.50, 17466, 15904
1693852223, 0, 8, 132, 0, 0, 6822.66, 2, 0, 0, 0.28, 450, 280, 6212.50, 17466, 15904
1693852225, 0, 8, 132, 0, 0, 6822.66, 2, 0, 0, 0.54, 451, 280, 6212.50, 17466, 15904
1693852227, 0, 8, 133, 0, 0, 6822.66, 2, 0, 0, 0.38, 452, 280, 6212.50, 17466, 15904
1693852230, 0, 8, 134, 0, 0, 6822.66, 2, 0, 0, 0.37, 453, 280, 6212.50, 17466, 15904
1693852233, 0, 8, 134, 0, 0, 6822.66, 2, 0, 0, 0.32, 454, 280, 6212.50, 17466, 15904
1693852235, 0, 8, 135, 0, 0, 6822.66, 2, 0, 0, 0.44, 455, 280, 6212.50, 17466, 15904
1693852238, 0, 8, 135, 0, 0, 6822.66, 2, 0, 0, 0.46, 456, 280, 6212.50, 17466, 15904
1693852242, 0, 8, 136, 0, 0, 6822.66, 2, 0, 0, 0.24, 457, 280, 6212.50, 17466, 15904
1693852244, 0, 8, 137, 0, 0, 6822.66, 2, 0, 0, 0.46, 458, 280, 6212.50, 17466, 15904
1693852246, 0, 8, 138, 0, 0, 6822.66, 2, 0, 0, 0.51, 459, 280, 6212.50, 17466, 15904
1693852248, 0, 8, 138, 0, 0, 6822.66, 2, 0, 0, 0.50, 460, 280, 6212.50, 17466, 15904
1693852250, 0, 8, 138, 0, 0, 6822.66, 2, 0, 0, 0.52, 461, 280, 6212.50, 17466, 15904
1693852252, 0, 8, 138, 0, 0, 6822.66, 2, 0, 0, 0.52, 462, 280, 6212.50, 17466, 15904
1693852254, 0, 8, 138, 0, 0, 6822.66, 2, 0, 0, 0.49, 463, 280, 6212.50, 17466, 15904
1693852256, 0, 8, 138, 0, 0, 6822.66, 2, 0, 0, 0.48, 464, 280, 6212.50, 17466, 15904
1693852258, 0, 8, 138, 0, 0, 6822.66, 2, 0, 0, 0.54, 465, 280, 6212.50, 17466, 15904
1693852260, 0, 8, 139, 0, 0, 6822.66, 2, 0, 0, 0.41, 466, 280, 6212.50, 17466, 15904
1693852262, 0, 8, 139, 0, 0, 6822.66, 2, 0, 0, 0.45, 467, 280, 6212.50, 17466, 15904
1693852264, 0, 8, 139, 0, 0, 6822.66, 2, 0, 0, 0.51, 468, 280, 6212.50, 17466, 15904
1693852266, 0, 8, 139, 0, 0, 6822.66, 2, 0, 0, 0.48, 469, 280, 6212.50, 17466, 15904
1693852269, 0, 8, 139, 0, 0, 6822.66, 2, 0, 0, 0.47, 470, 280, 6212.50, 17466, 15904
1693852271, 0, 8, 140, 0, 0, 6822.66, 2, 0, 0, 0.44, 471, 280, 6212.50, 17466, 15904
1693852273, 0, 8, 140, 0, 0, 6822.66, 2, 0, 0, 0.47, 472, 280, 6212.50, 17466, 15904
1693852275, 0, 8, 140, 0, 0, 6822.66, 2, 0, 0, 0.48, 473, 280, 6212.50, 17466, 15904
1693852277, 0, 8, 140, 0, 0, 6822.66, 2, 0, 0, 0.48, 474, 280, 6212.50, 17466, 15904
1693852279, 0, 8, 140, 0, 0, 6822.66, 2, 0, 0, 0.48, 475, 280, 6212.50, 17466, 15904
1693852282, 0, 8, 140, 0, 0, 6822.66, 2, 0, 0, 0.42, 476, 280, 6212.50, 17466, 15904
1693852284, 0, 8, 141, 0, 0, 6822.66, 2, 0, 0, 0.49, 477, 280, 6212.50, 17466, 15904
1693852286, 0, 8, 141, 0, 0, 6822.66, 2, 0, 0, 0.38, 478, 280, 6212.50, 17466, 15904
1693852289, 0, 8, 142, 0, 0, 6822.66, 2, 0, 0, 0.40, 479, 280, 6212.50, 17466, 15904
1693852291, 0, 8, 142, 0, 0, 6822.66, 2, 0, 0, 0.48, 480, 280, 6212.50, 17466, 15904
1693852293, 0, 8, 142, 0, 0, 6822.66, 2, 0, 0, 0.48, 481, 280, 6212.50, 17466, 15904
1693852295, 0, 8, 142, 0, 0, 6822.66, 2, 0, 0, 0.45, 482, 280, 6212.50, 17466, 15904
1693852297, 0, 8, 143, 0, 0, 6822.66, 2, 0, 0, 0.48, 483, 280, 6212.50, 17466, 15904
1693852300, 0, 8, 144, 0, 0, 6822.66, 2, 0, 0, 0.42, 484, 280, 6212.50, 17466, 15904
1693852302, 0, 8, 145, 0, 0, 6822.66, 2, 0, 0, 0.47, 485, 280, 6212.50, 17466, 15904
1693852305, 0, 8, 146, 0, 0, 6822.66, 2, 0, 0, 0.34, 486, 280, 6212.50, 17466, 15904
1693852307, 0, 8, 147, 0, 0, 6822.66, 2, 0, 0, 0.44, 487, 280, 6212.50, 17466, 15904
1693852309, 0, 8, 147, 0, 0, 6822.66, 2, 0, 0, 0.43, 488, 280, 6212.50, 17466, 15904
1693852311, 0, 8, 147, 0, 0, 6822.66, 2, 0, 0, 0.47, 489, 280, 6212.50, 17466, 15904
1693852314, 0, 8, 147, 0, 0, 6822.66, 2, 0, 0, 0.41, 490, 280, 6212.50, 17466, 15904
1693852316, 0, 8, 147, 0, 0, 6822.66, 2, 0, 0, 0.49, 491, 280, 6212.50, 17466, 15904
1693852319, 0, 8, 147, 0, 0, 6822.66, 2, 0, 0, 0.32, 492, 280, 6212.50, 17466, 15904
1693852321, 0, 8, 147, 0, 0, 6822.66, 2, 0, 0, 0.49, 493, 280, 6212.50, 17466, 15904
1693852323, 0, 8, 147, 0, 0, 6822.66, 2, 0, 0, 0.41, 494, 280, 6212.50, 17466, 15904
1693852326, 0, 8, 147, 0, 0, 6822.66, 2, 0, 0, 0.46, 495, 280, 6212.50, 17466, 15904
1693852328, 0, 8, 147, 0, 0, 6822.66, 2, 0, 0, 0.49, 496, 280, 6212.50, 17466, 15904
1693852330, 0, 8, 147, 0, 0, 6822.66, 2, 0, 0, 0.46, 497, 280, 6212.50, 17466, 15904
1693852332, 0, 8, 147, 0, 0, 6822.66, 2, 0, 0, 0.48, 498, 280, 6212.50, 17466, 15904
1693852334, 0, 8, 147, 0, 0, 6822.66, 2, 0, 0, 0.42, 499, 280, 6212.50, 17466, 15904
1693852336, 0, 8, 147, 0, 0, 6822.66, 2, 0, 0, 0.47, 500, 280, 6212.50, 17466, 15904
1693852338, 0, 8, 147, 0, 0, 6822.66, 2, 0, 0, 0.48, 501, 280, 6212.50, 17466, 15904
1693852340, 0, 8, 147, 0, 0, 6822.66, 2, 0, 0, 0.49, 502, 280, 6212.50, 17466, 15904
1693852343, 0, 8, 147, 0, 0, 6822.66, 2, 0, 0, 0.36, 503, 280, 6212.50, 17466, 15904
1693852346, 0, 8, 147, 0, 0, 6822.66, 2, 0, 0, 0.42, 504, 280, 6212.50, 17466, 15904
1693852348, 0, 8, 147, 0, 0, 6822.66, 2, 0, 0, 0.45, 505, 280, 6212.50, 17466, 15904
1693852350, 0, 8, 147, 0, 0, 6822.66, 2, 0, 0, 0.48, 506, 280, 6212.50, 17466, 15904
1693852352, 0, 8, 147, 0, 0, 6822.66, 2, 0, 0, 0.50, 507, 280, 6212.50, 17466, 15904
1693852354, 0, 8, 147, 0, 0, 6822.66, 2, 0, 0, 0.51, 508, 280, 6212.50, 17466, 15904
1693852356, 0, 8, 147, 0, 0, 6822.66, 2, 0, 0, 0.40, 509, 280, 6212.50, 17466, 15904
1693852360, 0, 8, 147, 0, 0, 6822.66, 2, 0, 0, 0.30, 510, 280, 6212.50, 17466, 15904
1693852362, 0, 8, 147, 0, 0, 6822.66, 2, 0, 0, 0.45, 511, 280, 6212.50, 17466, 15904
1693852364, 0, 8, 147, 0, 0, 6822.66, 2, 0, 0, 0.43, 512, 280, 6212.50, 17466, 15904
1693852366, 0, 8, 147, 0, 0, 6822.66, 2, 0, 0, 0.50, 513, 280, 6212.50, 17466, 15904
1693852368, 0, 8, 147, 0, 0, 6822.66, 2, 0, 0, 0.49, 514, 280, 6212.50, 17466, 15904
1693852370, 0, 8, 147, 0, 0, 6822.66, 2, 0, 0, 0.45, 515, 280, 6212.50, 17466, 15904
1693852373, 0, 8, 147, 0, 0, 6822.66, 2, 0, 0, 0.47, 516, 280, 6212.50, 17466, 15904
1693852375, 0, 8, 147, 0, 0, 6822.66, 2, 0, 0, 0.36, 517, 280, 6212.50, 17466, 15904
1693852378, 0, 8, 147, 0, 0, 6822.66, 2, 0, 0, 0.44, 518, 280, 6212.50, 17466, 15904
1693852380, 0, 8, 147, 0, 0, 6822.66, 2, 0, 0, 0.49, 519, 280, 6212.50, 17466, 15904
1693852382, 0, 8, 147, 0, 0, 6822.66, 2, 0, 0, 0.44, 520, 280, 6212.50, 17466, 15904
1693852384, 0, 8, 147, 0, 0, 6822.66, 2, 0, 0, 0.45, 521, 280, 6212.50, 17466, 15904
1693852387, 0, 8, 147, 0, 0, 6822.66, 2, 0, 0, 0.37, 522, 280, 6212.50, 17466, 15904
1693852389, 0, 8, 147, 0, 0, 6822.66, 2, 0, 0, 0.39, 523, 280, 6212.50, 17466, 15904
1693852393, 0, 8, 147, 0, 0, 6822.66, 2, 0, 0, 0.32, 524, 280, 6212.50, 17466, 15904
1693852395, 0, 8, 147, 0, 0, 6822.66, 2, 0, 0, 0.48, 525, 280, 6212.50, 17466, 15904
1693852397, 0, 8, 147, 0, 0, 6822.66, 2, 0, 0, 0.47, 526, 280, 6212.50, 17466, 15904
1693852399, 0, 8, 147, 0, 0, 6822.66, 2, 0, 0, 0.42, 527, 280, 6212.50, 17466, 15904
1693852401, 0, 8, 147, 0, 0, 6822.66, 2, 0, 0, 0.49, 528, 280, 6212.50, 17466, 15904
1693852404, 0, 8, 147, 0, 0, 6822.66, 2, 0, 0, 0.42, 529, 280, 6212.50, 17466, 15904
1693852406, 0, 8, 147, 0, 0, 6822.66, 2, 0, 0, 0.37, 530, 280, 6212.50, 17466, 15904
1693852409, 0, 8, 147, 0, 0, 6822.66, 2, 0, 0, 0.37, 531, 280, 6212.50, 17466, 15904
1693852411, 0, 8, 148, 0, 0, 6822.66, 2, 0, 0, 0.45, 532, 280, 6212.50, 17466, 15904
1693852414, 0, 8, 148, 0, 0, 6822.66, 2, 0, 0, 0.40, 533, 280, 6212.50, 17466, 15904
1693852416, 0, 8, 148, 0, 0, 6822.66, 2, 0, 0, 0.40, 534, 280, 6212.50, 17466, 15904
1693852419, 0, 8, 149, 0, 0, 6822.66, 2, 0, 0, 0.42, 535, 280, 6212.50, 17466, 15904
1693852421, 0, 8, 149, 0, 0, 6822.66, 2, 0, 0, 0.36, 536, 280, 6212.50, 17466, 15904
1693852424, 0, 8, 149, 0, 0, 6822.66, 2, 0, 0, 0.41, 537, 280, 6212.50, 17466, 15904
1693852426, 0, 8, 149, 0, 0, 6822.66, 2, 0, 0, 0.43, 538, 280, 6212.50, 17466, 15904
1693852428, 0, 8, 149, 0, 0, 6822.66, 2, 0, 0, 0.47, 539, 280, 6212.50, 17466, 15904
1693852430, 0, 8, 149, 0, 0, 6822.66, 2, 0, 0, 0.48, 540, 280, 6212.50, 17466, 15904
1693852433, 0, 8, 149, 0, 0, 6822.66, 2, 0, 0, 0.44, 541, 280, 6212.50, 17466, 15904
1693852435, 0, 8, 149, 0, 0, 6822.66, 2, 0, 0, 0.39, 542, 280, 6212.50, 17466, 15904
1693852438, 0, 8, 149, 0, 0, 6822.66, 2, 0, 0, 0.43, 543, 280, 6212.50, 17466, 15904
1693852440, 0, 8, 149, 0, 0, 6822.66, 2, 0, 0, 0.41, 544, 280, 6212.50, 17466, 15904
1693852442, 0, 8, 149, 0, 0, 6822.66, 2, 0, 0, 0.44, 545, 280, 6212.50, 17466, 15904
1693852444, 0, 8, 149, 0, 0, 6822.66, 2, 0, 0, 0.47, 546, 280, 6212.50, 17466, 15904
1693852447, 0, 8, 149, 0, 0, 6822.66, 2, 0, 0, 0.43, 547, 280, 6212.50, 17466, 15904
1693852449, 0, 8, 149, 0, 0, 6822.66, 2, 0, 0, 0.50, 548, 280, 6212.50, 17466, 15904
1693852451, 0, 8, 149, 0, 0, 6822.66, 2, 0, 0, 0.42, 549, 280, 6212.50, 17466, 15904
1693852453, 0, 8, 149, 0, 0, 6822.66, 2, 0, 0, 0.43, 550, 280, 6212.50, 17466, 15904
1693852456, 0, 8, 149, 0, 0, 6822.66, 2, 0, 0, 0.46, 551, 280, 6212.50, 17466, 15904
1693852458, 0, 8, 150, 0, 0, 6822.66, 2, 0, 0, 0.41, 552, 280, 6212.50, 17466, 15904
1693852460, 0, 8, 151, 0, 0, 6822.66, 2, 0, 0, 0.47, 553, 280, 6212.50, 17466, 15904
1693852462, 0, 8, 151, 0, 0, 6822.66, 2, 0, 0, 0.44, 554, 280, 6212.50, 17466, 15904
1693852465, 0, 8, 151, 0, 0, 6822.66, 2, 0, 0, 0.37, 555, 280, 6212.50, 17466, 15904
1693852468, 0, 8, 151, 0, 0, 6822.66, 2, 0, 0, 0.40, 556, 280, 6212.50, 17466, 15904
1693852470, 0, 8, 151, 0, 0, 6822.66, 2, 0, 0, 0.52, 557, 280, 6212.50, 17466, 15904
1693852472, 0, 8, 151, 0, 0, 6822.66, 2, 0, 0, 0.44, 558, 280, 6212.50, 17466, 15904
1693852475, 0, 8, 151, 0, 0, 6822.66, 2, 0, 0, 0.30, 559, 280, 6212.50, 17466, 15904
1693852478, 0, 8, 152, 0, 0, 6822.66, 2, 0, 0, 0.41, 560, 280, 6212.50, 17466, 15904
1693852480, 0, 8, 153, 0, 0, 6822.66, 2, 0, 0, 0.38, 561, 280, 6212.50, 17466, 15904
1693852482, 0, 8, 153, 0, 0, 6822.66, 2, 0, 0, 0.46, 562, 280, 6212.50, 17466, 15904
1693852485, 0, 8, 153, 0, 0, 6822.66, 2, 0, 0, 0.42, 563, 280, 6212.50, 17466, 15904
1693852487, 0, 8, 153, 0, 0, 6822.66, 2, 0, 0, 0.44, 564, 280, 6212.50, 17466, 15904
1693852490, 0, 8, 153, 0, 0, 6822.66, 2, 0, 0, 0.37, 565, 280, 6212.50, 17466, 15904
1693852492, 0, 8, 153, 0, 0, 6822.66, 2, 0, 0, 0.43, 566, 280, 6212.50, 17466, 15904
1693852494, 0, 8, 154, 0, 0, 6822.66, 2, 0, 0, 0.42, 567, 280, 6212.50, 17466, 15904
1693852497, 0, 8, 154, 0, 0, 6822.66, 2, 0, 0, 0.36, 568, 280, 6212.50, 17466, 15904
1693852500, 0, 8, 154, 0, 0, 6822.66, 2, 0, 0, 0.34, 569, 280, 6212.50, 17466, 15904
1693852505, 0, 8, 155, 0, 0, 6822.66, 2, 0, 0, 0.22, 570, 280, 6212.50, 17466, 15904
1693852507, 0, 8, 155, 0, 0, 6822.66, 2, 0, 0, 0.42, 571, 280, 6212.50, 17466, 15904
1693852510, 0, 8, 155, 0, 0, 6822.66, 2, 0, 0, 0.42, 572, 280, 6212.50, 17466, 15904
1693852512, 0, 8, 155, 0, 0, 6822.66, 2, 0, 0, 0.46, 573, 280, 6212.50, 17466, 15904
1693852514, 0, 8, 155, 0, 0, 6822.66, 2, 0, 0, 0.53, 574, 280, 6212.50, 17466, 15904
1693852516, 0, 8, 155, 0, 0, 6822.66, 2, 0, 0, 0.49, 575, 280, 6212.50, 17466, 15904
1693852518, 0, 8, 155, 0, 0, 6822.66, 2, 0, 0, 0.48, 576, 280, 6212.50, 17466, 15904
1693852520, 0, 8, 155, 0, 0, 6822.66, 2, 0, 0, 0.45, 577, 280, 6212.50, 17466, 15904
1693852523, 0, 8, 155, 0, 0, 6822.66, 2, 0, 0, 0.38, 578, 280, 6212.50, 17466, 15904
1693852525, 0, 8, 155, 0, 0, 6822.66, 2, 0, 0, 0.42, 579, 280, 6212.50, 17466, 15904
1693852527, 0, 8, 155, 0, 0, 6822.66, 2, 0, 0, 0.41, 580, 280, 6212.50, 17466, 15904
1693852530, 0, 8, 155, 0, 0, 6822.66, 2, 0, 0, 0.45, 581, 280, 6212.50, 17466, 15904
1693852532, 0, 8, 155, 0, 0, 6822.66, 2, 0, 0, 0.43, 582, 280, 6212.50, 17466, 15904
1693852534, 0, 8, 155, 0, 0, 6822.66, 2, 0, 0, 0.48, 583, 280, 6212.50, 17466, 15904
1693852537, 0, 8, 155, 0, 0, 6822.66, 2, 0, 0, 0.37, 584, 280, 6212.50, 17466, 15904
1693852539, 0, 8, 155, 0, 0, 6822.66, 2, 0, 0, 0.39, 585, 280, 6212.50, 17466, 15904
1693852542, 0, 8, 155, 0, 0, 6822.66, 2, 0, 0, 0.40, 586, 280, 6212.50, 17466, 15904
1693852544, 0, 8, 155, 0, 0, 6822.66, 2, 0, 0, 0.40, 587, 280, 6212.50, 17466, 15904
1693852547, 0, 8, 155, 0, 0, 6822.66, 2, 0, 0, 0.41, 588, 280, 6212.50, 17466, 15904
1693852549, 0, 8, 155, 0, 0, 6822.66, 2, 0, 0, 0.40, 589, 280, 6212.50, 17466, 15904
1693852552, 0, 8, 155, 0, 0, 6822.66, 2, 0, 0, 0.40, 590, 280, 6212.50, 17466, 15904
1693852555, 0, 8, 155, 0, 0, 6822.66, 2, 0, 0, 0.36, 591, 280, 6212.50, 17466, 15904
1693852557, 0, 8, 155, 0, 0, 6822.66, 2, 0, 0, 0.46, 592, 280, 6212.50, 17466, 15904
1693852559, 0, 8, 155, 0, 0, 6822.66, 2, 0, 0, 0.38, 593, 280, 6212.50, 17466, 15904
1693852562, 0, 8, 155, 0, 0, 6822.66, 2, 0, 0, 0.45, 594, 280, 6212.50, 17466, 15904
1693852564, 0, 8, 155, 0, 0, 6822.66, 2, 0, 0, 0.41, 595, 280, 6212.50, 17466, 15904
1693852566, 0, 8, 156, 0, 0, 6822.66, 2, 0, 0, 0.42, 596, 280, 6212.50, 17466, 15904
1693852569, 0, 8, 156, 0, 0, 6822.66, 2, 0, 0, 0.41, 597, 280, 6212.50, 17466, 15904
1693852571, 0, 8, 156, 0, 0, 6822.66, 2, 0, 0, 0.43, 598, 280, 6212.50, 17466, 15904
1693852573, 0, 8, 156, 0, 0, 6822.66, 2, 0, 0, 0.42, 599, 280, 6212.50, 17466, 15904
1693852576, 0, 8, 156, 0, 0, 6822.66, 2, 0, 0, 0.47, 600, 280, 6212.50, 17466, 15904
1693852578, 0, 8, 156, 0, 0, 6822.66, 2, 0, 0, 0.39, 601, 280, 6212.50, 17466, 15904
1693852581, 0, 8, 156, 0, 0, 6822.66, 2, 0, 0, 0.41, 602, 280, 6212.50, 17466, 15904
1693852583, 0, 8, 156, 0, 0, 6822.66, 2, 0, 0, 0.43, 603, 280, 6212.50, 17466, 15904
1693852585, 0, 8, 156, 0, 0, 6822.66, 2, 0, 0, 0.44, 604, 280, 6212.50, 17466, 15904
1693852587, 0, 8, 156, 0, 0, 6822.66, 2, 0, 0, 0.44, 605, 280, 6212.50, 17466, 15904
1693852590, 0, 8, 156, 0, 0, 6822.66, 2, 0, 0, 0.39, 606, 280, 6212.50, 17466, 15904
1693852592, 0, 8, 156, 0, 0, 6822.66, 2, 0, 0, 0.43, 607, 280, 6212.50, 17466, 15904
1693852594, 0, 8, 156, 0, 0, 6822.66, 2, 0, 0, 0.49, 608, 280, 6212.50, 17466, 15904
1693852596, 0, 8, 156, 0, 0, 6822.66, 2, 0, 0, 0.50, 609, 280, 6212.50, 17466, 15904
1693852599, 0, 8, 156, 0, 0, 6822.66, 2, 0, 0, 0.45, 610, 280, 6212.50, 17466, 15904
1693852601, 0, 8, 156, 0, 0, 6822.66, 2, 0, 0, 0.40, 611, 280, 6212.50, 17466, 15904
1693852604, 0, 8, 156, 0, 0, 6822.66, 2, 0, 0, 0.40, 612, 280, 6212.50, 17466, 15904
1693852606, 0, 8, 156, 0, 0, 6822.66, 2, 0, 0, 0.35, 613, 280, 6212.50, 17466, 15904
1693852609, 0, 8, 156, 0, 0, 6822.66, 2, 0, 0, 0.42, 614, 280, 6212.50, 17466, 15904
1693852611, 0, 8, 156, 0, 0, 6822.66, 2, 0, 0, 0.42, 615, 280, 6212.50, 17466, 15904
1693852614, 0, 8, 156, 0, 0, 6822.66, 2, 0, 0, 0.42, 616, 280, 6212.50, 17466, 15904
1693852616, 0, 8, 156, 0, 0, 6822.66, 2, 0, 0, 0.47, 617, 280, 6212.50, 17466, 15904
1693852618, 0, 8, 156, 0, 0, 6822.66, 2, 0, 0, 0.47, 618, 280, 6212.50, 17466, 15904
1693852620, 0, 8, 156, 0, 0, 6822.66, 2, 0, 0, 0.51, 619, 280, 6212.50, 17466, 15904
1693852622, 0, 8, 156, 0, 0, 6822.66, 2, 0, 0, 0.42, 620, 280, 6212.50, 17466, 15904
1693852625, 0, 8, 156, 0, 0, 6822.66, 2, 0, 0, 0.41, 621, 280, 6212.50, 17466, 15904
1693852627, 0, 8, 156, 0, 0, 6822.66, 2, 0, 0, 0.38, 622, 280, 6212.50, 17466, 15904
1693852630, 0, 8, 156, 0, 0, 6822.66, 2, 0, 0, 0.43, 623, 280, 6212.50, 17466, 15904
1693852632, 0, 8, 156, 0, 0, 6822.66, 2, 0, 0, 0.44, 624, 280, 6212.50, 17466, 15904
1693852634, 0, 8, 156, 0, 0, 6822.66, 2, 0, 0, 0.38, 625, 280, 6212.50, 17466, 15904
1693852637, 0, 8, 156, 0, 0, 6822.66, 2, 0, 0, 0.37, 626, 280, 6212.50, 17466, 15904
1693852639, 0, 8, 156, 0, 0, 6822.66, 2, 0, 0, 0.43, 627, 280, 6212.50, 17466, 15904
1693852642, 0, 8, 156, 0, 0, 6822.66, 2, 0, 0, 0.48, 628, 280, 6212.50, 17466, 15904
1693852645, 0, 8, 156, 0, 0, 6822.66, 2, 0, 0, 0.34, 629, 280, 6212.50, 17466, 15904
1693852647, 0, 8, 156, 0, 0, 6822.66, 2, 0, 0, 0.38, 630, 280, 6212.50, 17466, 15904
1693852649, 0, 8, 156, 0, 0, 6822.66, 2, 0, 0, 0.46, 631, 280, 6212.50, 17466, 15904
1693852651, 0, 8, 156, 0, 0, 6822.66, 2, 0, 0, 0.49, 632, 280, 6212.50, 17466, 15904
1693852654, 0, 8, 156, 0, 0, 6822.66, 2, 0, 0, 0.44, 633, 280, 6212.50, 17466, 15904
1693852656, 0, 8, 156, 0, 0, 6822.66, 2, 0, 0, 0.40, 634, 280, 6212.50, 17466, 15904
1693852658, 0, 8, 156, 0, 0, 6822.66, 2, 0, 0, 0.44, 635, 280, 6212.50, 17466, 15904
1693852660, 0, 8, 156, 0, 0, 6822.66, 2, 0, 0, 0.52, 636, 280, 6212.50, 17466, 15904
1693852663, 0, 8, 156, 0, 0, 6822.66, 2, 0, 0, 0.41, 637, 280, 6212.50, 17466, 15904
1693852665, 0, 8, 156, 0, 0, 6822.66, 2, 0, 0, 0.44, 638, 280, 6212.50, 17466, 15904
1693852667, 0, 8, 156, 0, 0, 6822.66, 2, 0, 0, 0.46, 639, 280, 6212.50, 17466, 15904
1693852669, 0, 8, 156, 0, 0, 6822.66, 2, 0, 0, 0.44, 640, 280, 6212.50, 17466, 15904
1693852672, 0, 8, 156, 0, 0, 6822.66, 2, 0, 0, 0.42, 641, 280, 6212.50, 17466, 15904
1693852674, 0, 8, 156, 0, 0, 6822.66, 2, 0, 0, 0.39, 642, 280, 6212.50, 17466, 15904
1693852677, 0, 8, 156, 0, 0, 6822.66, 2, 0, 0, 0.41, 643, 280, 6212.50, 17466, 15904
1693852679, 0, 8, 156, 0, 0, 6822.66, 2, 0, 0, 0.39, 644, 280, 6212.50, 17466, 15904
1693852682, 0, 8, 156, 0, 0, 6822.66, 2, 0, 0, 0.42, 645, 280, 6212.50, 17466, 15904
1693852684, 0, 8, 156, 0, 0, 6822.66, 2, 0, 0, 0.38, 646, 280, 6212.50, 17466, 15904
1693852686, 0, 8, 156, 0, 0, 6822.66, 2, 0, 0, 0.53, 647, 280, 6212.50, 17466, 15904
1693852688, 0, 8, 156, 0, 0, 6822.66, 2, 0, 0, 0.48, 648, 280, 6212.50, 17466, 15904
1693852691, 0, 8, 156, 0, 0, 6822.66, 2, 0, 0, 0.47, 649, 280, 6212.50, 17466, 15904
1693852693, 0, 8, 156, 0, 0, 6822.66, 2, 0, 0, 0.42, 650, 280, 6212.50, 17466, 15904
1693852695, 0, 8, 156, 0, 0, 6822.66, 2, 0, 0, 0.49, 651, 280, 6212.50, 17466, 15904
1693852698, 0, 8, 156, 0, 0, 6822.66, 2, 0, 0, 0.39, 652, 280, 6212.50, 17466, 15904
1693852700, 0, 8, 156, 0, 0, 6822.66, 2, 0, 0, 0.38, 653, 280, 6212.50, 17466, 15904
1693852703, 0, 8, 156, 0, 0, 6822.66, 2, 0, 0, 0.37, 654, 280, 6212.50, 17466, 15904
1693852705, 0, 8, 156, 0, 0, 6822.66, 2, 0, 0, 0.44, 655, 280, 6212.50, 17466, 15904
1693852707, 0, 8, 156, 0, 0, 6822.66, 2, 0, 0, 0.43, 656, 280, 6212.50, 17466, 15904
1693852710, 0, 8, 156, 0, 0, 6822.66, 2, 0, 0, 0.39, 657, 280, 6212.50, 17466, 15904
1693852713, 0, 8, 156, 0, 0, 6822.66, 2, 0, 0, 0.36, 658, 280, 6212.50, 17466, 15904
1693852715, 0, 8, 156, 0, 0, 6822.66, 2, 0, 0, 0.47, 659, 280, 6212.50, 17466, 15904
1693852717, 0, 8, 156, 0, 0, 6822.66, 2, 0, 0, 0.50, 660, 280, 6212.50, 17466, 15904
1693852720, 0, 8, 156, 0, 0, 6822.66, 2, 0, 0, 0.32, 661, 280, 6212.50, 17466, 15904
1693852724, 0, 8, 156, 0, 0, 6822.66, 2, 0, 0, 0.27, 662, 280, 6212.50, 17466, 15904
1693852726, 0, 8, 156, 0, 0, 6822.66, 2, 0, 0, 0.42, 663, 280, 6212.50, 17466, 15904
1693852728, 0, 8, 156, 0, 0, 6822.66, 2, 0, 0, 0.46, 664, 280, 6212.50, 17466, 15904
1693852731, 0, 8, 156, 0, 0, 6822.66, 2, 0, 0, 0.41, 665, 280, 6212.50, 17466, 15904
1693852733, 0, 8, 156, 0, 0, 6822.66, 2, 0, 0, 0.40, 666, 280, 6212.50, 17466, 15904
1693852736, 0, 8, 156, 0, 0, 6822.66, 2, 0, 0, 0.42, 667, 280, 6212.50, 17466, 15904
1693852738, 0, 8, 156, 0, 0, 6822.66, 2, 0, 0, 0.43, 668, 280, 6212.50, 17466, 15904
1693852741, 0, 8, 156, 0, 0, 6822.66, 2, 0, 0, 0.38, 669, 280, 6212.50, 17466, 15904
1693852743, 0, 8, 156, 0, 0, 6822.66, 2, 0, 0, 0.42, 670, 280, 6212.50, 17466, 15904
1693852745, 0, 8, 156, 0, 0, 6822.66, 2, 0, 0, 0.46, 671, 280, 6212.50, 17466, 15904
1693852748, 0, 8, 156, 0, 0, 6822.66, 2, 0, 0, 0.43, 672, 280, 6212.50, 17466, 15904
1693852750, 0, 8, 156, 0, 0, 6822.66, 2, 0, 0, 0.40, 673, 280, 6212.50, 17466, 15904
1693852753, 0, 8, 156, 0, 0, 6822.66, 2, 0, 0, 0.38, 674, 280, 6212.50, 17466, 15904
1693852755, 0, 8, 156, 0, 0, 6822.66, 2, 0, 0, 0.42, 675, 280, 6212.50, 17466, 15904
1693852758, 0, 8, 156, 0, 0, 6822.66, 2, 0, 0, 0.39, 676, 280, 6212.50, 17466, 15904
1693852760, 0, 8, 156, 0, 0, 6822.66, 2, 0, 0, 0.40, 677, 280, 6212.50, 17466, 15904
1693852762, 0, 8, 156, 0, 0, 6822.66, 2, 0, 0, 0.43, 678, 280, 6212.50, 17466, 15904
1693852765, 0, 8, 156, 0, 0, 6822.66, 2, 0, 0, 0.42, 679, 280, 6212.50, 17466, 15904
1693852767, 0, 8, 156, 0, 0, 6822.66, 2, 0, 0, 0.41, 680, 280, 6212.50, 17466, 15904
1693852770, 0, 8, 156, 0, 0, 6822.66, 2, 0, 0, 0.39, 681, 280, 6212.50, 17466, 15904
1693852772, 0, 8, 156, 0, 0, 6822.66, 2, 0, 0, 0.44, 682, 280, 6212.50, 17466, 15904
1693852774, 0, 8, 157, 0, 0, 6822.66, 2, 0, 0, 0.46, 683, 280, 6212.50, 17466, 15904
1693852777, 0, 8, 157, 0, 0, 6822.66, 2, 0, 0, 0.42, 684, 280, 6212.50, 17466, 15904
1693852779, 0, 8, 157, 0, 0, 6822.66, 2, 0, 0, 0.42, 685, 280, 6212.50, 17466, 15904
1693852781, 0, 8, 157, 0, 0, 6822.66, 2, 0, 0, 0.43, 686, 280, 6212.50, 17466, 15904
1693852784, 0, 8, 157, 0, 0, 6822.66, 2, 0, 0, 0.42, 687, 280, 6212.50, 17466, 15904
1693852786, 0, 8, 157, 0, 0, 6822.66, 2, 0, 0, 0.41, 688, 280, 6212.50, 17466, 15904
1693852789, 0, 8, 157, 0, 0, 6822.66, 2, 0, 0, 0.34, 689, 280, 6212.50, 17466, 15904
1693852792, 0, 8, 157, 0, 0, 6822.66, 2, 0, 0, 0.36, 690, 280, 6212.50, 17466, 15904
1693852794, 0, 8, 157, 0, 0, 6822.66, 2, 0, 0, 0.40, 691, 280, 6212.50, 17466, 15904
1693852797, 0, 8, 157, 0, 0, 6822.66, 2, 0, 0, 0.45, 692, 280, 6212.50, 17466, 15904
1693852799, 0, 8, 157, 0, 0, 6822.66, 2, 0, 0, 0.36, 693, 280, 6212.50, 17466, 15904
1693852801, 0, 8, 157, 0, 0, 6822.66, 2, 0, 0, 0.49, 694, 280, 6212.50, 17466, 15904
1693852805, 0, 8, 158, 0, 0, 6822.66, 2, 0, 0, 0.27, 695, 280, 6212.50, 17466, 15904
1693852808, 0, 8, 158, 0, 0, 6822.66, 2, 0, 0, 0.39, 696, 280, 6212.50, 17466, 15904
1693852810, 0, 8, 159, 0, 0, 6822.66, 2, 0, 0, 0.41, 697, 280, 6212.50, 17466, 15904
1693852813, 0, 8, 160, 0, 0, 6822.66, 2, 0, 0, 0.38, 698, 280, 6212.50, 17466, 15904
1693852815, 0, 8, 161, 0, 0, 6822.66, 2, 0, 0, 0.40, 699, 280, 6212.50, 17466, 15904
1693852818, 0, 8, 161, 0, 0, 6822.66, 2, 0, 0, 0.38, 700, 280, 6212.50, 17466, 15904
1693852821, 0, 8, 161, 0, 0, 6822.66, 2, 0, 0, 0.38, 701, 280, 6212.50, 17466, 15904
1693852823, 0, 8, 161, 0, 0, 6822.66, 2, 0, 0, 0.34, 702, 280, 6212.50, 17466, 15904
1693852826, 0, 8, 162, 0, 0, 6822.66, 2, 0, 0, 0.38, 703, 280, 6212.50, 17466, 15904
1693852828, 0, 8, 162, 0, 0, 6822.66, 2, 0, 0, 0.47, 704, 280, 6212.50, 17466, 15904
1693852831, 0, 8, 162, 0, 0, 6822.66, 2, 0, 0, 0.37, 705, 280, 6212.50, 17466, 15904
1693852834, 0, 8, 162, 0, 0, 6822.66, 2, 0, 0, 0.31, 706, 280, 6212.50, 17466, 15904
1693852836, 0, 8, 162, 0, 0, 6822.66, 2, 0, 0, 0.49, 707, 280, 6212.50, 17466, 15904
1693852839, 0, 8, 162, 0, 0, 6822.66, 2, 0, 0, 0.38, 708, 280, 6212.50, 17466, 15904
1693852842, 0, 8, 162, 0, 0, 6822.66, 2, 0, 0, 0.37, 709, 280, 6212.50, 17466, 15904
1693852844, 0, 8, 162, 0, 0, 6822.66, 2, 0, 0, 0.37, 710, 280, 6212.50, 17466, 15904
1693852847, 0, 8, 163, 0, 0, 6822.66, 2, 0, 0, 0.43, 711, 280, 6212.50, 17466, 15904
1693852849, 0, 8, 163, 0, 0, 6822.66, 2, 0, 0, 0.38, 712, 280, 6212.50, 17466, 15904
1693852852, 0, 8, 163, 0, 0, 6822.66, 2, 0, 0, 0.35, 713, 280, 6212.50, 17466, 15904
1693852855, 0, 8, 164, 0, 0, 6822.66, 2, 0, 0, 0.38, 714, 280, 6212.50, 17466, 15904
1693852857, 0, 8, 165, 0, 0, 6822.66, 2, 0, 0, 0.41, 715, 280, 6212.50, 17466, 15904
1693852859, 0, 8, 165, 0, 0, 6822.66, 2, 0, 0, 0.43, 716, 280, 6212.50, 17466, 15904
1693852862, 0, 8, 165, 0, 0, 6822.66, 2, 0, 0, 0.37, 717, 280, 6212.50, 17466, 15904
1693852865, 0, 8, 165, 0, 0, 6822.66, 2, 0, 0, 0.41, 718, 280, 6212.50, 17466, 15904
1693852867, 0, 8, 165, 0, 0, 6822.66, 2, 0, 0, 0.41, 719, 280, 6212.50, 17466, 15904
1693852869, 0, 8, 165, 0, 0, 6822.66, 2, 0, 0, 0.44, 720, 280, 6212.50, 17466, 15904
1693852872, 0, 8, 165, 0, 0, 6822.66, 2, 0, 0, 0.44, 721, 280, 6212.50, 17466, 15904
1693852874, 0, 8, 166, 0, 0, 6822.66, 2, 0, 0, 0.35, 722, 280, 6212.50, 17466, 15904
1693852877, 0, 8, 166, 0, 0, 6822.66, 2, 0, 0, 0.35, 723, 280, 6212.50, 17466, 15904
1693852880, 0, 8, 167, 0, 0, 6822.66, 2, 0, 0, 0.40, 724, 280, 6212.50, 17466, 15904
1693852882, 0, 8, 167, 0, 0, 6822.66, 2, 0, 0, 0.45, 725, 280, 6212.50, 17466, 15904
1693852884, 0, 8, 167, 0, 0, 6822.66, 2, 0, 0, 0.46, 726, 280, 6212.50, 17466, 15904
1693852886, 0, 8, 168, 0, 0, 6822.66, 2, 0, 0, 0.47, 727, 280, 6212.50, 17466, 15904
1693852888, 0, 8, 168, 0, 0, 6822.66, 2, 0, 0, 0.49, 728, 280, 6212.50, 17466, 15904
1693852891, 0, 8, 168, 0, 0, 6822.66, 2, 0, 0, 0.41, 729, 280, 6212.50, 17466, 15904
1693852893, 0, 8, 168, 0, 0, 6822.66, 2, 0, 0, 0.51, 730, 280, 6212.50, 17466, 15904
1693852895, 0, 8, 169, 0, 0, 6823.83, 2, 0, 0, 0.39, 731, 280, 6213.67, 17469, 15907
1693852898, 0, 8, 170, 0, 0, 6823.83, 2, 0, 0, 0.38, 732, 280, 6213.67, 17469, 15907
1693852901, 0, 8, 170, 0, 0, 6823.83, 2, 0, 0, 0.37, 733, 280, 6213.67, 17469, 15907
1693852903, 0, 8, 170, 0, 0, 6823.83, 2, 0, 0, 0.42, 734, 280, 6213.67, 17469, 15907
1693852905, 0, 8, 171, 0, 0, 6823.83, 2, 0, 0, 0.42, 735, 280, 6213.67, 17469, 15907
1693852908, 0, 8, 171, 0, 0, 6823.83, 2, 0, 0, 0.43, 736, 280, 6213.67, 17469, 15907
1693852910, 0, 8, 171, 0, 0, 6823.83, 2, 0, 0, 0.44, 737, 280, 6213.67, 17469, 15907
1693852912, 0, 8, 171, 0, 0, 6823.83, 2, 0, 0, 0.42, 738, 280, 6213.67, 17469, 15907
1693852915, 0, 8, 172, 0, 0, 6823.83, 2, 0, 0, 0.40, 739, 280, 6213.67, 17469, 15907
1693852918, 0, 8, 173, 0, 0, 6823.83, 2, 0, 0, 0.36, 740, 280, 6213.67, 17469, 15907
1693852920, 0, 8, 174, 0, 0, 6823.83, 2, 0, 0, 0.36, 741, 280, 6213.67, 17469, 15907
1693852923, 0, 8, 175, 0, 0, 6823.83, 2, 0, 0, 0.38, 742, 280, 6213.67, 17469, 15907
1693852926, 0, 8, 176, 0, 0, 6823.83, 2, 0, 0, 0.40, 743, 280, 6213.67, 17469, 15907
1693852928, 0, 8, 176, 0, 0, 6823.83, 2, 0, 0, 0.40, 744, 280, 6213.67, 17469, 15907
1693852930, 0, 8, 176, 0, 0, 6823.83, 2, 0, 0, 0.41, 745, 280, 6213.67, 17469, 15907
1693852933, 0, 8, 176, 0, 0, 6823.83, 2, 0, 0, 0.34, 746, 280, 6213.67, 17469, 15907
1693852936, 0, 8, 176, 0, 0, 6823.83, 2, 0, 0, 0.42, 747, 280, 6213.67, 17469, 15907
1693852938, 0, 8, 176, 0, 0, 6823.83, 2, 0, 0, 0.38, 748, 280, 6213.67, 17469, 15907
1693852941, 0, 8, 176, 0, 0, 6823.83, 2, 0, 0, 0.37, 749, 280, 6213.67, 17469, 15907
1693852943, 0, 8, 176, 0, 0, 6823.83, 2, 0, 0, 0.45, 750, 280, 6213.67, 17469, 15907
1693852946, 0, 8, 176, 0, 0, 6823.83, 2, 0, 0, 0.40, 751, 280, 6213.67, 17469, 15907
1693852948, 0, 8, 176, 0, 0, 6823.83, 2, 0, 0, 0.42, 752, 280, 6213.67, 17469, 15907
1693852951, 0, 8, 176, 0, 0, 6823.83, 2, 0, 0, 0.37, 753, 280, 6213.67, 17469, 15907
1693852953, 0, 8, 176, 0, 0, 6823.83, 2, 0, 0, 0.45, 754, 280, 6213.67, 17469, 15907
1693852956, 0, 8, 176, 0, 0, 6823.83, 2, 0, 0, 0.42, 755, 280, 6213.67, 17469, 15907
1693852958, 0, 8, 176, 0, 0, 6823.83, 2, 0, 0, 0.39, 756, 280, 6213.67, 17469, 15907
1693852961, 0, 8, 176, 0, 0, 6823.83, 2, 0, 0, 0.35, 757, 280, 6213.67, 17469, 15907
1693852964, 0, 8, 176, 0, 0, 6823.83, 2, 0, 0, 0.34, 758, 280, 6213.67, 17469, 15907
1693852967, 0, 8, 176, 0, 0, 6823.83, 2, 0, 0, 0.32, 759, 280, 6213.67, 17469, 15907
1693852970, 0, 8, 176, 0, 0, 6823.83, 2, 0, 0, 0.35, 760, 280, 6213.67, 17469, 15907
1693852973, 0, 8, 176, 0, 0, 6823.83, 2, 0, 0, 0.37, 761, 280, 6213.67, 17469, 15907
1693852976, 0, 8, 176, 0, 0, 6823.83, 2, 0, 0, 0.33, 762, 280, 6213.67, 17469, 15907
1693852978, 0, 8, 176, 0, 0, 6823.83, 2, 0, 0, 0.39, 763, 280, 6213.67, 17469, 15907
1693852981, 0, 8, 176, 0, 0, 6823.83, 2, 0, 0, 0.37, 764, 280, 6213.67, 17469, 15907
1693852984, 0, 8, 176, 0, 0, 6823.83, 2, 0, 0, 0.31, 765, 280, 6213.67, 17469, 15907
1693852987, 0, 8, 176, 0, 0, 6823.83, 2, 0, 0, 0.36, 766, 280, 6213.67, 17469, 15907
1693852989, 0, 8, 176, 0, 0, 6823.83, 2, 0, 0, 0.42, 767, 280, 6213.67, 17469, 15907
1693852992, 0, 8, 176, 0, 0, 6823.83, 2, 0, 0, 0.43, 768, 280, 6213.67, 17469, 15907
1693852994, 0, 8, 176, 0, 0, 6823.83, 2, 0, 0, 0.36, 769, 280, 6213.67, 17469, 15907
1693852998, 0, 8, 176, 0, 0, 6823.83, 2, 0, 0, 0.28, 770, 280, 6213.67, 17469, 15907
1693853001, 0, 8, 176, 0, 0, 6823.83, 2, 0, 0, 0.37, 771, 280, 6213.67, 17469, 15907
1693853003, 0, 8, 176, 0, 0, 6823.83, 2, 0, 0, 0.40, 772, 280, 6213.67, 17469, 15907
1693853007, 0, 8, 176, 0, 0, 6823.83, 2, 0, 0, 0.29, 773, 280, 6213.67, 17469, 15907
1693853010, 0, 8, 176, 0, 0, 6823.83, 2, 0, 0, 0.33, 774, 280, 6213.67, 17469, 15907
1693853012, 0, 8, 176, 0, 0, 6823.83, 2, 0, 0, 0.35, 775, 280, 6213.67, 17469, 15907
1693853016, 0, 8, 176, 0, 0, 6823.83, 2, 0, 0, 0.32, 776, 280, 6213.67, 17469, 15907
1693853019, 0, 8, 176, 0, 0, 6823.83, 2, 0, 0, 0.30, 777, 280, 6213.67, 17469, 15907
1693853022, 0, 8, 176, 0, 0, 6823.83, 2, 0, 0, 0.37, 778, 280, 6213.67, 17469, 15907
1693853024, 0, 8, 176, 0, 0, 6823.83, 2, 0, 0, 0.38, 779, 280, 6213.67, 17469, 15907
1693853028, 0, 8, 176, 0, 0, 6823.83, 2, 0, 0, 0.29, 780, 280, 6213.67, 17469, 15907
1693853030, 0, 8, 176, 0, 0, 6823.83, 2, 0, 0, 0.38, 781, 280, 6213.67, 17469, 15907
1693853033, 0, 8, 176, 0, 0, 6823.83, 2, 0, 0, 0.34, 782, 280, 6213.67, 17469, 15907
1693853037, 0, 8, 176, 0, 0, 6823.83, 2, 0, 0, 0.29, 783, 280, 6213.67, 17469, 15907
1693853040, 0, 8, 176, 0, 0, 6823.83, 2, 0, 0, 0.30, 784, 280, 6213.67, 17469, 15907
1693853042, 0, 8, 176, 0, 0, 6823.83, 2, 0, 0, 0.43, 785, 280, 6213.67, 17469, 15907
1693853045, 0, 8, 176, 0, 0, 6823.83, 2, 0, 0, 0.35, 786, 280, 6213.67, 17469, 15907
1693853048, 0, 8, 176, 0, 0, 6823.83, 2, 0, 0, 0.36, 787, 280, 6213.67, 17469, 15907
1693853050, 0, 8, 176, 0, 0, 6823.83, 2, 0, 0, 0.42, 788, 280, 6213.67, 17469, 15907
1693853054, 0, 8, 176, 0, 0, 6823.83, 2, 0, 0, 0.30, 789, 280, 6213.67, 17469, 15907
1693853057, 0, 8, 176, 0, 0, 6823.83, 2, 0, 0, 0.31, 790, 280, 6213.67, 17469, 15907
1693853060, 0, 8, 176, 0, 0, 6823.83, 2, 0, 0, 0.32, 791, 280, 6213.67, 17469, 15907
1693853063, 0, 8, 176, 0, 0, 6823.83, 2, 0, 0, 0.39, 792, 280, 6213.67, 17469, 15907
1693853066, 0, 8, 176, 0, 0, 6823.83, 2, 0, 0, 0.35, 793, 280, 6213.67, 17469, 15907
1693853068, 0, 8, 176, 0, 0, 6823.83, 2, 0, 0, 0.45, 794, 280, 6213.67, 17469, 15907
1693853070, 0, 8, 176, 0, 0, 6823.83, 2, 0, 0, 0.39, 795, 280, 6213.67, 17469, 15907
1693853073, 0, 8, 176, 0, 0, 6823.83, 2, 0, 0, 0.39, 796, 280, 6213.67, 17469, 15907
1693853075, 0, 8, 176, 0, 0, 6823.83, 2, 0, 0, 0.40, 797, 280, 6213.67, 17469, 15907
1693853078, 0, 8, 176, 0, 0, 6823.83, 2, 0, 0, 0.39, 798, 280, 6213.67, 17469, 15907
1693853080, 0, 8, 176, 0, 0, 6823.83, 2, 0, 0, 0.38, 799, 280, 6213.67, 17469, 15907
1693853083, 0, 8, 176, 0, 0, 6823.83, 2, 0, 0, 0.39, 800, 280, 6213.67, 17469, 15907
1693853086, 0, 8, 176, 0, 0, 6823.83, 2, 0, 0, 0.34, 801, 280, 6213.67, 17469, 15907
1693853088, 0, 8, 176, 0, 0, 6823.83, 2, 0, 0, 0.47, 802, 280, 6213.67, 17469, 15907
1693853090, 0, 8, 176, 0, 0, 6823.83, 2, 0, 0, 0.44, 803, 280, 6213.67, 17469, 15907
1693853093, 0, 8, 176, 0, 0, 6823.83, 2, 0, 0, 0.41, 804, 280, 6213.67, 17469, 15907
1693853096, 0, 8, 176, 0, 0, 6823.83, 2, 0, 0, 0.36, 805, 280, 6213.67, 17469, 15907
1693853098, 0, 8, 176, 0, 0, 6823.83, 2, 0, 0, 0.35, 806, 280, 6213.67, 17469, 15907
1693853101, 0, 8, 176, 0, 0, 6823.83, 2, 0, 0, 0.43, 807, 280, 6213.67, 17469, 15907
1693853103, 0, 8, 176, 0, 0, 6823.83, 2, 0, 0, 0.40, 808, 280, 6213.67, 17469, 15907
1693853106, 0, 8, 176, 0, 0, 6823.83, 2, 0, 0, 0.34, 809, 280, 6213.67, 17469, 15907
1693853109, 0, 8, 176, 0, 0, 6823.83, 2, 0, 0, 0.35, 810, 280, 6213.67, 17469, 15907
1693853111, 0, 8, 176, 0, 0, 6823.83, 2, 0, 0, 0.45, 811, 280, 6213.67, 17469, 15907
1693853113, 0, 8, 176, 0, 0, 6823.83, 2, 0, 0, 0.48, 812, 280, 6213.67, 17469, 15907
1693853116, 0, 8, 176, 0, 0, 6823.83, 2, 0, 0, 0.33, 813, 280, 6213.67, 17469, 15907
1693853120, 0, 8, 176, 0, 0, 6823.83, 2, 0, 0, 0.25, 814, 280, 6213.67, 17469, 15907
1693853125, 0, 8, 176, 0, 0, 6823.83, 2, 0, 0, 0.22, 815, 280, 6213.67, 17469, 15907
1693853127, 0, 8, 177, 0, 0, 6823.83, 2, 0, 0, 0.40, 816, 280, 6213.67, 17469, 15907
1693853130, 0, 8, 177, 0, 0, 6823.83, 2, 0, 0, 0.40, 817, 280, 6213.67, 17469, 15907
1693853133, 0, 8, 177, 0, 0, 6823.83, 2, 0, 0, 0.34, 818, 280, 6213.67, 17469, 15907
1693853135, 0, 8, 177, 0, 0, 6823.83, 2, 0, 0, 0.40, 819, 280, 6213.67, 17469, 15907
1693853138, 0, 8, 177, 0, 0, 6823.83, 2, 0, 0, 0.32, 820, 280, 6213.67, 17469, 15907
1693853141, 0, 8, 177, 0, 0, 6823.83, 2, 0, 0, 0.36, 821, 280, 6213.67, 17469, 15907
1693853144, 0, 8, 177, 0, 0, 6823.83, 2, 0, 0, 0.34, 822, 280, 6213.67, 17469, 15907
1693853147, 0, 8, 177, 0, 0, 6823.83, 2, 0, 0, 0.36, 823, 280, 6213.67, 17469, 15907
1693853149, 0, 8, 177, 0, 0, 6823.83, 2, 0, 0, 0.49, 824, 280, 6213.67, 17469, 15907
1693853152, 0, 8, 177, 0, 0, 6823.83, 2, 0, 0, 0.38, 825, 280, 6213.67, 17469, 15907
1693853154, 0, 8, 177, 0, 0, 6823.83, 2, 0, 0, 0.36, 826, 280, 6213.67, 17469, 15907
1693853157, 0, 8, 177, 0, 0, 6823.83, 2, 0, 0, 0.36, 827, 280, 6213.67, 17469, 15907
1693853160, 0, 8, 177, 0, 0, 6823.83, 2, 0, 0, 0.39, 828, 280, 6213.67, 17469, 15907
1693853162, 0, 8, 177, 0, 0, 6823.83, 2, 0, 0, 0.41, 829, 280, 6213.67, 17469, 15907
1693853165, 0, 8, 177, 0, 0, 6823.83, 2, 0, 0, 0.30, 830, 280, 6213.67, 17469, 15907
1693853168, 0, 8, 177, 0, 0, 6823.83, 2, 0, 0, 0.34, 831, 280, 6213.67, 17469, 15907
1693853171, 0, 8, 177, 0, 0, 6823.83, 2, 0, 0, 0.46, 832, 280, 6213.67, 17469, 15907
1693853173, 0, 8, 177, 0, 0, 6823.83, 2, 0, 0, 0.40, 833, 280, 6213.67, 17469, 15907
1693853176, 0, 8, 177, 0, 0, 6823.83, 2, 0, 0, 0.36, 834, 280, 6213.67, 17469, 15907
1693853179, 0, 8, 178, 0, 0, 6824.61, 2, 0, 0, 0.31, 835, 280, 6214.45, 17471, 15909
1693853183, 0, 8, 179, 0, 0, 6824.61, 2, 0, 0, 0.26, 836, 280, 6214.45, 17471, 15909
1693853186, 0, 8, 180, 0, 0, 6824.61, 2, 0, 0, 0.33, 837, 280, 6214.45, 17471, 15909
1693853189, 0, 8, 180, 0, 0, 6824.61, 2, 0, 0, 0.34, 838, 280, 6214.45, 17471, 15909
1693853192, 0, 8, 180, 0, 0, 6824.61, 2, 0, 0, 0.33, 839, 280, 6214.45, 17471, 15909
1693853195, 0, 8, 180, 0, 0, 6824.61, 2, 0, 0, 0.38, 840, 280, 6214.45, 17471, 15909
1693853197, 0, 8, 180, 0, 0, 6824.61, 2, 0, 0, 0.39, 841, 280, 6214.45, 17471, 15909
1693853200, 0, 8, 180, 0, 0, 6824.61, 2, 0, 0, 0.36, 842, 280, 6214.45, 17471, 15909
1693853203, 0, 8, 180, 0, 0, 6824.61, 2, 0, 0, 0.35, 843, 280, 6214.45, 17471, 15909
1693853205, 0, 8, 180, 0, 0, 6824.61, 2, 0, 0, 0.37, 844, 280, 6214.45, 17471, 15909
1693853208, 0, 8, 180, 0, 0, 6824.61, 2, 0, 0, 0.38, 845, 280, 6214.45, 17471, 15909
1693853210, 0, 8, 180, 0, 0, 6824.61, 2, 0, 0, 0.47, 846, 280, 6214.45, 17471, 15909
1693853213, 0, 8, 180, 0, 0, 6824.61, 2, 0, 0, 0.37, 847, 280, 6214.45, 17471, 15909
1693853217, 0, 8, 180, 0, 0, 6824.61, 2, 0, 0, 0.26, 848, 280, 6214.45, 17471, 15909
1693853220, 0, 8, 180, 0, 0, 6824.61, 2, 0, 0, 0.34, 849, 280, 6214.45, 17471, 15909
1693853222, 0, 8, 180, 0, 0, 6824.61, 2, 0, 0, 0.40, 850, 280, 6214.45, 17471, 15909
1693853225, 0, 8, 180, 0, 0, 6824.61, 2, 0, 0, 0.33, 851, 280, 6214.45, 17471, 15909
1693853228, 0, 8, 180, 0, 0, 6824.61, 2, 0, 0, 0.37, 852, 280, 6214.45, 17471, 15909
1693853231, 0, 8, 180, 0, 0, 6824.61, 2, 0, 0, 0.36, 853, 280, 6214.45, 17471, 15909
1693853234, 0, 8, 180, 0, 0, 6824.61, 2, 0, 0, 0.35, 854, 280, 6214.45, 17471, 15909
1693853236, 0, 8, 180, 0, 0, 6824.61, 2, 0, 0, 0.36, 855, 280, 6214.45, 17471, 15909
1693853239, 0, 8, 180, 0, 0, 6824.61, 2, 0, 0, 0.36, 856, 280, 6214.45, 17471, 15909
1693853243, 0, 8, 181, 0, 0, 6824.61, 2, 0, 0, 0.27, 857, 280, 6214.45, 17471, 15909
1693853246, 0, 8, 181, 0, 0, 6824.61, 2, 0, 0, 0.31, 858, 280, 6214.45, 17471, 15909
1693853251, 0, 8, 181, 0, 0, 6824.61, 2, 0, 0, 0.21, 859, 280, 6214.45, 17471, 15909
1693853253, 0, 8, 181, 0, 0, 6824.61, 2, 0, 0, 0.38, 860, 280, 6214.45, 17471, 15909
1693853256, 0, 8, 181, 0, 0, 6824.61, 2, 0, 0, 0.44, 861, 280, 6214.45, 17471, 15909
1693853259, 0, 8, 182, 0, 0, 6824.61, 2, 0, 0, 0.32, 862, 280, 6214.45, 17471, 15909
1693853262, 0, 8, 182, 0, 0, 6824.61, 2, 0, 0, 0.36, 863, 280, 6214.45, 17471, 15909
1693853265, 0, 8, 182, 0, 0, 6824.61, 2, 0, 0, 0.29, 864, 280, 6214.45, 17471, 15909
1693853268, 0, 8, 182, 0, 0, 6824.61, 2, 0, 0, 0.32, 865, 280, 6214.45, 17471, 15909
1693853271, 0, 8, 182, 0, 0, 6824.61, 2, 0, 0, 0.31, 866, 280, 6214.45, 17471, 15909
1693853275, 0, 8, 182, 0, 0, 6824.61, 2, 0, 0, 0.31, 867, 280, 6214.45, 17471, 15909
1693853277, 0, 8, 182, 0, 0, 6824.61, 2, 0, 0, 0.35, 868, 280, 6214.45, 17471, 15909
1693853280, 0, 8, 182, 0, 0, 6824.61, 2, 0, 0, 0.37, 869, 280, 6214.45, 17471, 15909
1693853284, 0, 8, 182, 0, 0, 6824.61, 2, 0, 0, 0.29, 870, 280, 6214.45, 17471, 15909
1693853287, 0, 8, 182, 0, 0, 6824.61, 2, 0, 0, 0.33, 871, 280, 6214.45, 17471, 15909
1693853290, 0, 8, 182, 0, 0, 6824.61, 2, 0, 0, 0.33, 872, 280, 6214.45, 17471, 15909
1693853293, 0, 8, 182, 0, 0, 6824.61, 2, 0, 0, 0.31, 873, 280, 6214.45, 17471, 15909
1693853296, 0, 8, 182, 0, 0, 6824.61, 2, 0, 0, 0.32, 874, 280, 6214.45, 17471, 15909
1693853299, 0, 8, 182, 0, 0, 6824.61, 2, 0, 0, 0.32, 875, 280, 6214.45, 17471, 15909
1693853303, 0, 8, 182, 0, 0, 6824.61, 2, 0, 0, 0.29, 876, 280, 6214.45, 17471, 15909
1693853306, 0, 8, 182, 0, 0, 6824.61, 2, 0, 0, 0.28, 877, 280, 6214.45, 17471, 15909
1693853309, 0, 8, 182, 0, 0, 6824.61, 2, 0, 0, 0.34, 878, 280, 6214.45, 17471, 15909
1693853313, 0, 8, 182, 0, 0, 6824.61, 2, 0, 0, 0.26, 879, 280, 6214.45, 17471, 15909
1693853316, 0, 8, 182, 0, 0, 6824.61, 2, 0, 0, 0.30, 880, 280, 6214.45, 17471, 15909
1693853320, 0, 8, 182, 0, 0, 6824.61, 2, 0, 0, 0.29, 881, 280, 6214.45, 17471, 15909
1693853323, 0, 8, 182, 0, 0, 6824.61, 2, 0, 0, 0.35, 882, 280, 6214.45, 17471, 15909
1693853326, 0, 8, 182, 0, 0, 6824.61, 2, 0, 0, 0.33, 883, 280, 6214.45, 17471, 15909
1693853330, 0, 8, 182, 0, 0, 6824.61, 2, 0, 0, 0.26, 884, 280, 6214.45, 17471, 15909
1693853333, 0, 8, 182, 0, 0, 6824.61, 2, 0, 0, 0.26, 885, 280, 6214.45, 17471, 15909
1693853337, 0, 8, 182, 0, 0, 6824.61, 2, 0, 0, 0.28, 886, 280, 6214.45, 17471, 15909
1693853340, 0, 8, 182, 0, 0, 6824.61, 2, 0, 0, 0.34, 887, 280, 6214.45, 17471, 15909
1693853343, 0, 8, 182, 0, 0, 6824.61, 2, 0, 0, 0.31, 888, 280, 6214.45, 17471, 15909
1693853347, 0, 8, 182, 0, 0, 6824.61, 2, 0, 0, 0.22, 889, 280, 6214.45, 17471, 15909
1693853351, 0, 8, 182, 0, 0, 6824.61, 2, 0, 0, 0.27, 890, 280, 6214.45, 17471, 15909
1693853355, 0, 8, 182, 0, 0, 6824.61, 2, 0, 0, 0.30, 891, 280, 6214.45, 17471, 15909
1693853358, 0, 8, 182, 0, 0, 6824.61, 2, 0, 0, 0.31, 892, 280, 6214.45, 17471, 15909
1693853361, 0, 8, 182, 0, 0, 6824.61, 2, 0, 0, 0.28, 893, 280, 6214.45, 17471, 15909
1693853365, 0, 8, 182, 0, 0, 6824.61, 2, 0, 0, 0.29, 894, 280, 6214.45, 17471, 15909
1693853368, 0, 8, 182, 0, 0, 6824.61, 2, 0, 0, 0.28, 895, 280, 6214.45, 17471, 15909
1693853372, 0, 8, 182, 0, 0, 6824.61, 2, 0, 0, 0.29, 896, 280, 6214.45, 17471, 15909
1693853375, 0, 8, 182, 0, 0, 6824.61, 2, 0, 0, 0.31, 897, 280, 6214.45, 17471, 15909
1693853378, 0, 8, 182, 0, 0, 6824.61, 2, 0, 0, 0.29, 898, 280, 6214.45, 17471, 15909
1693853382, 0, 8, 182, 0, 0, 6824.61, 2, 0, 0, 0.30, 899, 280, 6214.45, 17471, 15909
1693853385, 0, 8, 182, 0, 0, 6824.61, 2, 0, 0, 0.34, 900, 280, 6214.45, 17471, 15909
1693853389, 0, 8, 182, 0, 0, 6824.61, 2, 0, 0, 0.26, 901, 280, 6214.45, 17471, 15909
1693853392, 0, 8, 182, 0, 0, 6824.61, 2, 0, 0, 0.26, 902, 280, 6214.45, 17471, 15909
1693853396, 0, 8, 183, 0, 0, 6824.61, 2, 0, 0, 0.31, 903, 280, 6214.45, 17471, 15909
1693853399, 0, 8, 183, 0, 0, 6824.61, 2, 0, 0, 0.28, 904, 280, 6214.45, 17471, 15909
1693853403, 0, 8, 183, 0, 0, 6824.61, 2, 0, 0, 0.25, 905, 280, 6214.45, 17471, 15909
1693853407, 0, 8, 183, 0, 0, 6824.61, 2, 0, 0, 0.29, 906, 280, 6214.45, 17471, 15909
1693853410, 0, 8, 183, 0, 0, 6824.61, 2, 0, 0, 0.35, 907, 280, 6214.45, 17471, 15909
1693853413, 0, 8, 184, 0, 0, 6824.61, 2, 0, 0, 0.33, 908, 280, 6214.45, 17471, 15909
1693853416, 0, 8, 184, 0, 0, 6824.61, 2, 0, 0, 0.32, 909, 280, 6214.45, 17471, 15909
1693853419, 0, 8, 184, 0, 0, 6824.61, 2, 0, 0, 0.28, 910, 280, 6214.45, 17471, 15909
1693853423, 0, 8, 185, 0, 0, 6824.61, 2, 0, 0, 0.29, 911, 280, 6214.45, 17471, 15909
1693853427, 0, 8, 185, 0, 0, 6824.61, 2, 0, 0, 0.26, 912, 280, 6214.45, 17471, 15909
1693853430, 0, 8, 185, 0, 0, 6824.61, 2, 0, 0, 0.26, 913, 280, 6214.45, 17471, 15909
1693853433, 0, 8, 185, 0, 0, 6824.61, 2, 0, 0, 0.35, 914, 280, 6214.45, 17471, 15909
1693853436, 0, 8, 185, 0, 0, 6824.61, 2, 0, 0, 0.37, 915, 280, 6214.45, 17471, 15909
1693853439, 0, 8, 185, 0, 0, 6824.61, 2, 0, 0, 0.32, 916, 280, 6214.45, 17471, 15909
1693853442, 0, 8, 185, 0, 0, 6824.61, 2, 0, 0, 0.30, 917, 280, 6214.45, 17471, 15909
1693853445, 0, 8, 185, 0, 0, 6824.61, 2, 0, 0, 0.37, 918, 280, 6214.45, 17471, 15909
1693853450, 0, 8, 185, 0, 0, 6824.61, 2, 0, 0, 0.22, 919, 280, 6214.45, 17471, 15909
1693853453, 0, 8, 185, 0, 0, 6824.61, 2, 0, 0, 0.34, 920, 280, 6214.45, 17471, 15909
1693853457, 0, 8, 185, 0, 0, 6824.61, 2, 0, 0, 0.22, 921, 280, 6214.45, 17471, 15909
1693853460, 0, 8, 185, 0, 0, 6824.61, 2, 0, 0, 0.31, 922, 280, 6214.45, 17471, 15909
1693853464, 0, 8, 185, 0, 0, 6824.61, 2, 0, 0, 0.30, 923, 280, 6214.45, 17471, 15909
1693853466, 0, 8, 185, 0, 0, 6824.61, 2, 0, 0, 0.40, 924, 280, 6214.45, 17471, 15909
1693853470, 0, 8, 185, 0, 0, 6824.61, 2, 0, 0, 0.26, 925, 280, 6214.45, 17471, 15909
1693853473, 0, 8, 185, 0, 0, 6824.61, 2, 0, 0, 0.33, 926, 280, 6214.45, 17471, 15909
1693853477, 0, 8, 185, 0, 0, 6824.61, 2, 0, 0, 0.27, 927, 280, 6214.45, 17471, 15909
1693853480, 0, 8, 185, 0, 0, 6824.61, 2, 0, 0, 0.31, 928, 280, 6214.45, 17471, 15909
1693853483, 0, 8, 185, 0, 0, 6824.61, 2, 0, 0, 0.30, 929, 280, 6214.45, 17471, 15909
1693853487, 0, 8, 185, 0, 0, 6824.61, 2, 0, 0, 0.29, 930, 280, 6214.45, 17471, 15909
1693853490, 0, 8, 185, 0, 0, 6824.61, 2, 0, 0, 0.31, 931, 280, 6214.45, 17471, 15909
1693853493, 0, 8, 185, 0, 0, 6824.61, 2, 0, 0, 0.38, 932, 280, 6214.45, 17471, 15909
1693853496, 0, 8, 185, 0, 0, 6824.61, 2, 0, 0, 0.29, 933, 280, 6214.45, 17471, 15909
1693853500, 0, 8, 185, 0, 0, 6824.61, 2, 0, 0, 0.28, 934, 280, 6214.45, 17471, 15909
1693853503, 0, 8, 185, 0, 0, 6824.61, 2, 0, 0, 0.27, 935, 280, 6214.45, 17471, 15909
1693853506, 0, 8, 185, 0, 0, 6824.61, 2, 0, 0, 0.39, 936, 280, 6214.45, 17471, 15909
1693853509, 0, 8, 185, 0, 0, 6824.61, 2, 0, 0, 0.31, 937, 280, 6214.45, 17471, 15909
1693853512, 0, 8, 185, 0, 0, 6824.61, 2, 0, 0, 0.33, 938, 280, 6214.45, 17471, 15909
1693853516, 0, 8, 185, 0, 0, 6824.61, 2, 0, 0, 0.26, 939, 280, 6214.45, 17471, 15909
1693853519, 0, 8, 185, 0, 0, 6824.61, 2, 0, 0, 0.30, 940, 280, 6214.45, 17471, 15909
1693853523, 0, 8, 185, 0, 0, 6824.61, 2, 0, 0, 0.29, 941, 280, 6214.45, 17471, 15909
1693853527, 0, 8, 185, 0, 0, 6824.61, 2, 0, 0, 0.23, 942, 280, 6214.45, 17471, 15909
1693853531, 0, 8, 185, 0, 0, 6824.61, 2, 0, 0, 0.27, 943, 280, 6214.45, 17471, 15909
1693853536, 0, 8, 186, 0, 0, 6824.61, 2, 0, 0, 0.21, 944, 280, 6214.45, 17471, 15909
1693853544, 0, 8, 187, 0, 0, 6824.61, 2, 0, 0, 0.12, 945, 280, 6214.45, 17471, 15909
1693853547, 0, 8, 187, 0, 0, 6824.61, 2, 0, 0, 0.29, 946, 280, 6214.45, 17471, 15909
1693853550, 0, 8, 187, 0, 0, 6824.61, 2, 0, 0, 0.33, 947, 280, 6214.45, 17471, 15909
1693853553, 0, 8, 187, 0, 0, 6824.61, 2, 0, 0, 0.34, 948, 280, 6214.45, 17471, 15909
1693853557, 0, 8, 187, 0, 0, 6824.61, 2, 0, 0, 0.25, 949, 280, 6214.45, 17471, 15909
1693853561, 0, 8, 187, 0, 0, 6824.61, 2, 0, 0, 0.31, 950, 280, 6214.45, 17471, 15909
1693853564, 0, 8, 187, 0, 0, 6824.61, 2, 0, 0, 0.29, 951, 280, 6214.45, 17471, 15909
1693853568, 0, 8, 187, 0, 0, 6824.61, 2, 0, 0, 0.23, 952, 280, 6214.45, 17471, 15909
1693853573, 0, 8, 187, 0, 0, 6824.61, 2, 0, 0, 0.24, 953, 280, 6214.45, 17471, 15909
1693853576, 0, 8, 187, 0, 0, 6824.61, 2, 0, 0, 0.26, 954, 280, 6214.45, 17471, 15909
1693853581, 0, 8, 187, 0, 0, 6824.61, 2, 0, 0, 0.23, 955, 280, 6214.45, 17471, 15909
1693853585, 0, 8, 187, 0, 0, 6824.61, 2, 0, 0, 0.25, 956, 280, 6214.45, 17471, 15909
1693853589, 0, 8, 187, 0, 0, 6824.61, 2, 0, 0, 0.23, 957, 280, 6214.45, 17471, 15909
1693853593, 0, 8, 187, 0, 0, 6824.61, 2, 0, 0, 0.28, 958, 280, 6214.45, 17471, 15909
1693853596, 0, 8, 187, 0, 0, 6824.61, 2, 0, 0, 0.28, 959, 280, 6214.45, 17471, 15909
1693853600, 0, 8, 187, 0, 0, 6824.61, 2, 0, 0, 0.26, 960, 280, 6214.45, 17471, 15909
1693853604, 0, 8, 187, 0, 0, 6824.61, 2, 0, 0, 0.26, 961, 280, 6214.45, 17471, 15909
1693853608, 0, 8, 187, 0, 0, 6824.61, 2, 0, 0, 0.26, 962, 280, 6214.45, 17471, 15909
1693853611, 0, 8, 187, 0, 0, 6824.61, 2, 0, 0, 0.28, 963, 280, 6214.45, 17471, 15909
1693853615, 0, 8, 187, 0, 0, 6824.61, 2, 0, 0, 0.24, 964, 280, 6214.45, 17471, 15909
1693853619, 0, 8, 187, 0, 0, 6824.61, 2, 0, 0, 0.29, 965, 280, 6214.45, 17471, 15909
1693853622, 0, 8, 187, 0, 0, 6824.61, 2, 0, 0, 0.28, 966, 280, 6214.45, 17471, 15909
1693853627, 0, 8, 187, 0, 0, 6824.61, 2, 0, 0, 0.24, 967, 280, 6214.45, 17471, 15909
1693853630, 0, 8, 187, 0, 0, 6824.61, 2, 0, 0, 0.26, 968, 280, 6214.45, 17471, 15909
1693853634, 0, 8, 187, 0, 0, 6824.61, 2, 0, 0, 0.27, 969, 280, 6214.45, 17471, 15909
1693853637, 0, 8, 187, 0, 0, 6824.61, 2, 0, 0, 0.30, 970, 280, 6214.45, 17471, 15909
1693853640, 0, 8, 187, 0, 0, 6824.61, 2, 0, 0, 0.33, 971, 280, 6214.45, 17471, 15909
1693853644, 0, 8, 187, 0, 0, 6824.61, 2, 0, 0, 0.29, 972, 280, 6214.45, 17471, 15909
1693853647, 0, 8, 187, 0, 0, 6824.61, 2, 0, 0, 0.36, 973, 280, 6214.45, 17471, 15909
1693853651, 0, 8, 187, 0, 0, 6824.61, 2, 0, 0, 0.25, 974, 280, 6214.45, 17471, 15909
1693853654, 0, 8, 187, 0, 0, 6824.61, 2, 0, 0, 0.26, 975, 280, 6214.45, 17471, 15909
1693853659, 0, 8, 187, 0, 0, 6824.61, 2, 0, 0, 0.24, 976, 280, 6214.45, 17471, 15909
1693853662, 0, 8, 187, 0, 0, 6824.61, 2, 0, 0, 0.32, 977, 280, 6214.45, 17471, 15909
1693853665, 0, 8, 187, 0, 0, 6824.61, 2, 0, 0, 0.35, 978, 280, 6214.45, 17471, 15909
1693853669, 0, 8, 187, 0, 0, 6824.61, 2, 0, 0, 0.22, 979, 280, 6214.45, 17471, 15909
1693853674, 0, 8, 187, 0, 0, 6824.61, 2, 0, 0, 0.20, 980, 280, 6214.45, 17471, 15909
1693853678, 0, 8, 187, 0, 0, 6824.61, 2, 0, 0, 0.25, 981, 280, 6214.45, 17471, 15909
1693853683, 0, 8, 187, 0, 0, 6824.61, 2, 0, 0, 0.21, 982, 280, 6214.45, 17471, 15909
1693853687, 0, 8, 187, 0, 0, 6824.61, 2, 0, 0, 0.22, 983, 280, 6214.45, 17471, 15909
1693853692, 0, 8, 187, 0, 0, 6824.61, 2, 0, 0, 0.23, 984, 280, 6214.45, 17471, 15909
1693853695, 0, 8, 187, 0, 0, 6824.61, 2, 0, 0, 0.27, 985, 280, 6214.45, 17471, 15909
1693853698, 0, 8, 187, 0, 0, 6824.61, 2, 0, 0, 0.37, 986, 280, 6214.45, 17471, 15909
1693853702, 0, 8, 187, 0, 0, 6824.61, 2, 0, 0, 0.25, 987, 280, 6214.45, 17471, 15909
1693853706, 0, 8, 187, 0, 0, 6824.61, 2, 0, 0, 0.28, 988, 280, 6214.45, 17471, 15909
1693853709, 0, 8, 187, 0, 0, 6824.61, 2, 0, 0, 0.28, 989, 280, 6214.45, 17471, 15909
1693853713, 0, 8, 187, 0, 0, 6824.61, 2, 0, 0, 0.28, 990, 280, 6214.45, 17471, 15909
1693853717, 0, 8, 187, 0, 0, 6824.61, 2, 0, 0, 0.25, 991, 280, 6214.45, 17471, 15909
1693853721, 0, 8, 187, 0, 0, 6824.61, 2, 0, 0, 0.27, 992, 280, 6214.45, 17471, 15909
1693853725, 0, 8, 187, 0, 0, 6824.61, 2, 0, 0, 0.25, 993, 280, 6214.45, 17471, 15909
1693853730, 0, 8, 187, 0, 0, 6824.61, 2, 0, 0, 0.19, 994, 280, 6214.45, 17471, 15909
1693853734, 0, 8, 187, 0, 0, 6824.61, 2, 0, 0, 0.27, 995, 280, 6214.45, 17471, 15909
1693853738, 0, 8, 187, 0, 0, 6824.61, 2, 0, 0, 0.21, 996, 280, 6214.45, 17471, 15909
1693853742, 0, 8, 187, 0, 0, 6824.61, 2, 0, 0, 0.24, 997, 280, 6214.45, 17471, 15909
1693853746, 0, 8, 187, 0, 0, 6824.61, 2, 0, 0, 0.28, 998, 280, 6214.45, 17471, 15909
1693853750, 0, 8, 187, 0, 0, 6824.61, 2, 0, 0, 0.27, 999, 280, 6214.45, 17471, 15909
1693853754, 0, 8, 188, 0, 0, 6824.61, 2, 0, 0, 0.23, 1000, 280, 6214.45, 17471, 15909
1693853758, 0, 8, 188, 0, 0, 6824.61, 2, 0, 0, 0.28, 1001, 280, 6214.45, 17471, 15909
1693853761, 0, 8, 188, 0, 0, 6824.61, 2, 0, 0, 0.31, 1002, 280, 6214.45, 17471, 15909
1693853765, 0, 8, 188, 0, 0, 6824.61, 2, 0, 0, 0.22, 1003, 280, 6214.45, 17471, 15909
1693853769, 0, 8, 188, 0, 0, 6824.61, 2, 0, 0, 0.28, 1004, 280, 6214.45, 17471, 15909
1693853773, 0, 8, 188, 0, 0, 6824.61, 2, 0, 0, 0.25, 1005, 280, 6214.45, 17471, 15909
1693853776, 0, 8, 188, 0, 0, 6824.61, 2, 0, 0, 0.39, 1006, 280, 6214.45, 17471, 15909
1693853779, 0, 8, 188, 0, 0, 6824.61, 2, 0, 0, 0.32, 1007, 280, 6214.45, 17471, 15909
1693853783, 0, 8, 188, 0, 0, 6824.61, 2, 0, 0, 0.23, 1008, 280, 6214.45, 17471, 15909
1693853790, 0, 8, 188, 0, 0, 6824.61, 2, 0, 0, 0.15, 1009, 280, 6214.45, 17471, 15909
1693853794, 0, 8, 188, 0, 0, 6824.61, 2, 0, 0, 0.23, 1010, 280, 6214.45, 17471, 15909
1693853798, 0, 8, 188, 0, 0, 6824.61, 2, 0, 0, 0.24, 1011, 280, 6214.45, 17471, 15909
1693853803, 0, 8, 188, 0, 0, 6824.61, 2, 0, 0, 0.23, 1012, 280, 6214.45, 17471, 15909
1693853807, 0, 8, 188, 0, 0, 6824.61, 2, 0, 0, 0.22, 1013, 280, 6214.45, 17471, 15909
1693853812, 0, 8, 188, 0, 0, 6824.61, 2, 0, 0, 0.24, 1014, 280, 6214.45, 17471, 15909
1693853816, 0, 8, 188, 0, 0, 6824.61, 2, 0, 0, 0.21, 1015, 280, 6214.45, 17471, 15909
1693853820, 0, 8, 188, 0, 0, 6824.61, 2, 0, 0, 0.26, 1016, 280, 6214.45, 17471, 15909
1693853824, 0, 8, 188, 0, 0, 6824.61, 2, 0, 0, 0.26, 1017, 280, 6214.45, 17471, 15909
1693853829, 0, 8, 189, 0, 0, 6824.61, 2, 0, 0, 0.19, 1018, 280, 6214.45, 17471, 15909
1693853833, 0, 8, 189, 0, 0, 6824.61, 2, 0, 0, 0.23, 1019, 280, 6214.45, 17471, 15909
1693853838, 0, 8, 189, 0, 0, 6824.61, 2, 0, 0, 0.21, 1020, 280, 6214.45, 17471, 15909
1693853842, 0, 8, 189, 0, 0, 6824.61, 2, 0, 0, 0.26, 1021, 280, 6214.45, 17471, 15909
1693853847, 0, 8, 189, 0, 0, 6824.61, 2, 0, 0, 0.22, 1022, 280, 6214.45, 17471, 15909
1693853851, 0, 8, 189, 0, 0, 6824.61, 2, 0, 0, 0.21, 1023, 280, 6214.45, 17471, 15909
1693853855, 0, 8, 189, 0, 0, 6824.61, 2, 0, 0, 0.25, 1024, 280, 6214.45, 17471, 15909
1693853859, 0, 8, 189, 0, 0, 6824.61, 2, 0, 0, 0.25, 1025, 280, 6214.45, 17471, 15909
1693853864, 0, 8, 189, 0, 0, 6824.61, 2, 0, 0, 0.23, 1026, 280, 6214.45, 17471, 15909
1693853868, 0, 8, 189, 0, 0, 6824.61, 2, 0, 0, 0.23, 1027, 280, 6214.45, 17471, 15909
1693853872, 0, 8, 189, 0, 0, 6824.61, 2, 0, 0, 0.24, 1028, 280, 6214.45, 17471, 15909
1693853876, 0, 8, 189, 0, 0, 6824.61, 2, 0, 0, 0.24, 1029, 280, 6214.45, 17471, 15909
1693853881, 0, 8, 189, 0, 0, 6824.61, 2, 0, 0, 0.20, 1030, 280, 6214.45, 17471, 15909
1693853886, 0, 8, 189, 0, 0, 6824.61, 2, 0, 0, 0.22, 1031, 280, 6214.45, 17471, 15909
1693853891, 0, 8, 189, 0, 0, 6824.61, 2, 0, 0, 0.18, 1032, 280, 6214.45, 17471, 15909
1693853896, 0, 8, 189, 0, 0, 6824.61, 2, 0, 0, 0.19, 1033, 280, 6214.45, 17471, 15909
1693853900, 0, 8, 189, 0, 0, 6824.61, 2, 0, 0, 0.25, 1034, 280, 6214.45, 17471, 15909
1693853905, 0, 8, 189, 0, 0, 6824.61, 2, 0, 0, 0.22, 1035, 280, 6214.45, 17471, 15909
1693853908, 0, 8, 189, 0, 0, 6824.61, 2, 0, 0, 0.28, 1036, 280, 6214.45, 17471, 15909
1693853912, 0, 8, 189, 0, 0, 6824.61, 2, 0, 0, 0.26, 1037, 280, 6214.45, 17471, 15909
1693853916, 0, 8, 189, 0, 0, 6824.61, 2, 0, 0, 0.25, 1038, 280, 6214.45, 17471, 15909
1693853920, 0, 8, 189, 0, 0, 6824.61, 2, 0, 0, 0.24, 1039, 280, 6214.45, 17471, 15909
1693853924, 0, 8, 189, 0, 0, 6824.61, 2, 0, 0, 0.25, 1040, 280, 6214.45, 17471, 15909
1693853928, 0, 8, 189, 0, 0, 6824.61, 2, 0, 0, 0.27, 1041, 280, 6214.45, 17471, 15909
1693853932, 0, 8, 189, 0, 0, 6824.61, 2, 0, 0, 0.26, 1042, 280, 6214.45, 17471, 15909
1693853937, 0, 8, 189, 0, 0, 6824.61, 2, 0, 0, 0.21, 1043, 280, 6214.45, 17471, 15909
1693853941, 0, 8, 189, 0, 0, 6824.61, 2, 0, 0, 0.24, 1044, 280, 6214.45, 17471, 15909
1693853945, 0, 8, 189, 0, 0, 6824.61, 2, 0, 0, 0.25, 1045, 280, 6214.45, 17471, 15909
1693853949, 0, 8, 189, 0, 0, 6824.61, 2, 0, 0, 0.27, 1046, 280, 6214.45, 17471, 15909
1693853953, 0, 8, 189, 0, 0, 6824.61, 2, 0, 0, 0.22, 1047, 280, 6214.45, 17471, 15909
1693853957, 0, 8, 189, 0, 0, 6824.61, 2, 0, 0, 0.26, 1048, 280, 6214.45, 17471, 15909
1693853961, 0, 8, 189, 0, 0, 6824.61, 2, 0, 0, 0.26, 1049, 280, 6214.45, 17471, 15909
1693853965, 0, 8, 189, 0, 0, 6824.61, 2, 0, 0, 0.26, 1050, 280, 6214.45, 17471, 15909
1693853969, 0, 8, 189, 0, 0, 6824.61, 2, 0, 0, 0.22, 1051, 280, 6214.45, 17471, 15909
1693853974, 0, 8, 189, 0, 0, 6824.61, 2, 0, 0, 0.24, 1052, 280, 6214.45, 17471, 15909
1693853977, 0, 8, 189, 0, 0, 6824.61, 2, 0, 0, 0.25, 1053, 280, 6214.45, 17471, 15909
1693853982, 0, 8, 189, 0, 0, 6824.61, 2, 0, 0, 0.23, 1054, 280, 6214.45, 17471, 15909
1693853986, 0, 8, 189, 0, 0, 6824.61, 2, 0, 0, 0.24, 1055, 280, 6214.45, 17471, 15909
1693853990, 0, 8, 189, 0, 0, 6824.61, 2, 0, 0, 0.23, 1056, 280, 6214.45, 17471, 15909
1693853995, 0, 8, 189, 0, 0, 6824.61, 2, 0, 0, 0.23, 1057, 280, 6214.45, 17471, 15909
1693853999, 0, 8, 189, 0, 0, 6824.61, 2, 0, 0, 0.22, 1058, 280, 6214.45, 17471, 15909
1693854004, 0, 8, 189, 0, 0, 6824.61, 2, 0, 0, 0.20, 1059, 280, 6214.45, 17471, 15909
1693854009, 0, 8, 189, 0, 0, 6824.61, 2, 0, 0, 0.20, 1060, 280, 6214.45, 17471, 15909
1693854014, 0, 8, 189, 0, 0, 6824.61, 2, 0, 0, 0.23, 1061, 280, 6214.45, 17471, 15909
1693854018, 0, 8, 189, 0, 0, 6824.61, 2, 0, 0, 0.23, 1062, 280, 6214.45, 17471, 15909
1693854022, 0, 8, 189, 0, 0, 6824.61, 2, 0, 0, 0.24, 1063, 280, 6214.45, 17471, 15909
1693854027, 0, 8, 189, 0, 0, 6824.61, 2, 0, 0, 0.22, 1064, 280, 6214.45, 17471, 15909
1693854031, 0, 8, 189, 0, 0, 6824.61, 2, 0, 0, 0.24, 1065, 280, 6214.45, 17471, 15909
1693854036, 0, 8, 189, 0, 0, 6824.61, 2, 0, 0, 0.21, 1066, 280, 6214.45, 17471, 15909
1693854040, 0, 8, 189, 0, 0, 6824.61, 2, 0, 0, 0.24, 1067, 280, 6214.45, 17471, 15909
1693854044, 0, 8, 189, 0, 0, 6824.61, 2, 0, 0, 0.25, 1068, 280, 6214.45, 17471, 15909
1693854048, 0, 8, 189, 0, 0, 6824.61, 2, 0, 0, 0.23, 1069, 280, 6214.45, 17471, 15909
1693854053, 0, 8, 189, 0, 0, 6824.61, 2, 0, 0, 0.22, 1070, 280, 6214.45, 17471, 15909
1693854057, 0, 8, 189, 0, 0, 6824.61, 2, 0, 0, 0.24, 1071, 280, 6214.45, 17471, 15909
1693854061, 0, 8, 189, 0, 0, 6824.61, 2, 0, 0, 0.24, 1072, 280, 6214.45, 17471, 15909
1693854066, 0, 8, 189, 0, 0, 6824.61, 2, 0, 0, 0.24, 1073, 280, 6214.45, 17471, 15909
1693854070, 0, 8, 189, 0, 0, 6824.61, 2, 0, 0, 0.21, 1074, 280, 6214.45, 17471, 15909
1693854075, 0, 8, 189, 0, 0, 6824.61, 2, 0, 0, 0.20, 1075, 280, 6214.45, 17471, 15909
1693854080, 0, 8, 189, 0, 0, 6824.61, 2, 0, 0, 0.20, 1076, 280, 6214.45, 17471, 15909
1693854085, 0, 8, 189, 0, 0, 6824.61, 2, 0, 0, 0.22, 1077, 280, 6214.45, 17471, 15909
1693854089, 0, 8, 189, 0, 0, 6824.61, 2, 0, 0, 0.26, 1078, 280, 6214.45, 17471, 15909
1693854093, 0, 8, 189, 0, 0, 6824.61, 2, 0, 0, 0.26, 1079, 280, 6214.45, 17471, 15909
1693854096, 0, 8, 189, 0, 0, 6824.61, 2, 0, 0, 0.29, 1080, 280, 6214.45, 17471, 15909
1693854099, 0, 8, 189, 0, 0, 6824.61, 2, 0, 0, 0.32, 1081, 280, 6214.45, 17471, 15909
1693854108, 0, 8, 190, 0, 0, 6824.61, 2, 0, 0, 0.12, 1082, 280, 6214.45, 17471, 15909
1693854113, 0, 8, 190, 0, 0, 6824.61, 2, 0, 0, 0.19, 1083, 280, 6214.45, 17471, 15909
1693854118, 0, 8, 190, 0, 0, 6824.61, 2, 0, 0, 0.21, 1084, 280, 6214.45, 17471, 15909
1693854123, 0, 8, 190, 0, 0, 6824.61, 2, 0, 0, 0.21, 1085, 280, 6214.45, 17471, 15909
1693854126, 0, 8, 190, 0, 0, 6824.61, 2, 0, 0, 0.27, 1086, 280, 6214.45, 17471, 15909
1693854131, 0, 8, 190, 0, 0, 6824.61, 2, 0, 0, 0.22, 1087, 280, 6214.45, 17471, 15909
1693854135, 0, 8, 190, 0, 0, 6824.61, 2, 0, 0, 0.23, 1088, 280, 6214.45, 17471, 15909
1693854141, 0, 8, 190, 0, 0, 6824.61, 2, 0, 0, 0.19, 1089, 280, 6214.45, 17471, 15909
1693854146, 0, 8, 190, 0, 0, 6824.61, 2, 0, 0, 0.20, 1090, 280, 6214.45, 17471, 15909
1693854151, 0, 8, 190, 0, 0, 6824.61, 2, 0, 0, 0.18, 1091, 280, 6214.45, 17471, 15909
1693854156, 0, 8, 190, 0, 0, 6824.61, 2, 0, 0, 0.22, 1092, 280, 6214.45, 17471, 15909
1693854161, 0, 8, 190, 0, 0, 6824.61, 2, 0, 0, 0.19, 1093, 280, 6214.45, 17471, 15909
1693854166, 0, 8, 190, 0, 0, 6824.61, 2, 0, 0, 0.22, 1094, 280, 6214.45, 17471, 15909
1693854171, 0, 8, 191, 0, 0, 6824.61, 2, 0, 0, 0.19, 1095, 280, 6214.45, 17471, 15909
1693854176, 0, 8, 191, 0, 0, 6824.61, 2, 0, 0, 0.19, 1096, 280, 6214.45, 17471, 15909
1693854181, 0, 8, 191, 0, 0, 6824.61, 2, 0, 0, 0.20, 1097, 280, 6214.45, 17471, 15909
1693854186, 0, 8, 191, 0, 0, 6824.61, 2, 0, 0, 0.20, 1098, 280, 6214.45, 17471, 15909
1693854191, 0, 8, 191, 0, 0, 6824.61, 2, 0, 0, 0.21, 1099, 280, 6214.45, 17471, 15909
1693854196, 0, 8, 191, 0, 0, 6824.61, 2, 0, 0, 0.21, 1100, 280, 6214.45, 17471, 15909
1693854200, 0, 8, 191, 0, 0, 6824.61, 2, 0, 0, 0.24, 1101, 280, 6214.45, 17471, 15909
1693854204, 0, 8, 191, 0, 0, 6824.61, 2, 0, 0, 0.25, 1102, 280, 6214.45, 17471, 15909
1693854209, 0, 8, 191, 0, 0, 6824.61, 2, 0, 0, 0.20, 1103, 280, 6214.45, 17471, 15909
1693854214, 0, 8, 191, 0, 0, 6824.61, 2, 0, 0, 0.22, 1104, 280, 6214.45, 17471, 15909
1693854214, 0, 9, 193, 0, 0, 6825.78, 2, 0, 0, 4.00, 1106, 280, 6215.63, 17474, 15912
1693854215, 0, 9, 194, 0, 0, 6826.17, 2, 0, 0, 3.75, 1106, 282, 6215.63, 17475, 15912
1693854222, 0, 10, 195, 0, 0, 6826.17, 2, 0, 0, 0.14, 1107, 282, 6215.63, 17475, 15912
1693854230, 0, 10, 196, 0, 0, 6826.17, 2, 0, 0, 0.12, 1108, 282, 6215.63, 17475, 15912
1693854238, 0, 10, 197, 0, 0, 6826.17, 2, 0, 0, 0.13, 1109, 282, 6215.63, 17475, 15912
1693854247, 0, 10, 198, 0, 0, 6826.17, 2, 0, 0, 0.11, 1110, 282, 6215.63, 17475, 15912
1693854255, 0, 10, 198, 0, 0, 6826.17, 2, 0, 0, 0.13, 1111, 282, 6215.63, 17475, 15912
1693854263, 0, 10, 199, 0, 0, 6826.17, 2, 0, 0, 0.13, 1112, 282, 6215.63, 17475, 15912
1693854270, 0, 10, 199, 0, 0, 6826.17, 2, 0, 0, 0.14, 1113, 282, 6215.63, 17475, 15912
1693854279, 0, 10, 199, 0, 0, 6826.17, 2, 0, 0, 0.12, 1114, 282, 6215.63, 17475, 15912
1693854285, 0, 10, 199, 0, 0, 6826.17, 2, 0, 0, 0.17, 1115, 282, 6215.63, 17475, 15912
1693854290, 0, 10, 200, 0, 0, 6826.17, 2, 0, 0, 0.18, 1116, 282, 6215.63, 17475, 15912
1693854310, 0, 10, 201, 0, 0, 6826.17, 2, 0, 0, 0.05, 1117, 282, 6215.63, 17475, 15912
1693854317, 0, 10, 201, 0, 0, 6826.17, 2, 0, 0, 0.14, 1118, 282, 6215.63, 17475, 15912
1693854325, 0, 10, 201, 0, 0, 6826.17, 2, 0, 0, 0.13, 1119, 282, 6215.63, 17475, 15912
1693854332, 0, 10, 201, 0, 0, 6826.17, 2, 0, 0, 0.14, 1120, 282, 6215.63, 17475, 15912
1693854339, 0, 10, 201, 0, 0, 6826.17, 2, 0, 0, 0.14, 1121, 282, 6215.63, 17475, 15912
1693854346, 0, 10, 201, 0, 0, 6826.17, 2, 0, 0, 0.14, 1122, 282, 6215.63, 17475, 15912
1693854352, 0, 10, 201, 0, 0, 6826.17, 2, 0, 0, 0.17, 1123, 282, 6215.63, 17475, 15912
1693854360, 0, 10, 201, 0, 0, 6826.17, 2, 0, 0, 0.13, 1124, 282, 6215.63, 17475, 15912
1693854368, 0, 10, 201, 0, 0, 6826.17, 2, 0, 0, 0.12, 1125, 282, 6215.63, 17475, 15912
1693854376, 0, 10, 201, 0, 0, 6826.17, 2, 0, 0, 0.12, 1126, 282, 6215.63, 17475, 15912
1693854384, 0, 10, 201, 0, 0, 6826.17, 2, 0, 0, 0.13, 1127, 282, 6215.63, 17475, 15912
1693854390, 0, 10, 201, 0, 0, 6826.17, 2, 0, 0, 0.16, 1128, 282, 6215.63, 17475, 15912
1693854398, 0, 10, 201, 0, 0, 6826.17, 2, 0, 0, 0.12, 1129, 282, 6215.63, 17475, 15912
1693854405, 0, 10, 201, 0, 0, 6826.17, 2, 0, 0, 0.15, 1130, 282, 6215.63, 17475, 15912
1693854412, 0, 10, 201, 0, 0, 6826.17, 2, 0, 0, 0.15, 1131, 282, 6215.63, 17475, 15912
1693854419, 0, 10, 201, 0, 0, 6826.17, 2, 0, 0, 0.14, 1132, 282, 6215.63, 17475, 15912
1693854424, 0, 10, 201, 0, 0, 6826.17, 2, 0, 0, 0.19, 1133, 282, 6215.63, 17475, 15912
1693854431, 0, 10, 201, 0, 0, 6826.17, 2, 0, 0, 0.14, 1134, 282, 6215.63, 17475, 15912
1693854440, 0, 10, 202, 0, 0, 6826.17, 2, 0, 0, 0.12, 1135, 282, 6215.63, 17475, 15912
1693854447, 0, 10, 202, 0, 0, 6826.17, 2, 0, 0, 0.14, 1136, 282, 6215.63, 17475, 15912
1693854455, 0, 10, 203, 0, 0, 6826.17, 2, 0, 0, 0.13, 1137, 282, 6215.63, 17475, 15912
1693854462, 0, 10, 204, 0, 0, 6826.17, 2, 0, 0, 0.13, 1138, 282, 6215.63, 17475, 15912
1693854468, 0, 10, 205, 0, 0, 6826.17, 2, 0, 0, 0.16, 1139, 282, 6215.63, 17475, 15912
1693854485, 0, 10, 206, 0, 0, 8214.06, 2, 0, 0, 0.06, 1140, 282, 7628.52, 21028, 19529
1693854492, 0, 10, 207, 0, 0, 8277.34, 2, 0, 0, 0.13, 1141, 282, 7691.80, 21190, 19691
1693854500, 0, 10, 208, 0, 0, 8277.34, 2, 0, 0, 0.13, 1142, 282, 7691.80, 21190, 19691
1693854508, 0, 10, 208, 0, 0, 8277.34, 2, 0, 0, 0.13, 1143, 282, 7691.80, 21190, 19691
1693854515, 0, 10, 208, 0, 0, 8277.34, 2, 0, 0, 0.15, 1144, 282, 7691.80, 21190, 19691
1693854522, 0, 10, 208, 0, 0, 8277.34, 2, 0, 0, 0.14, 1145, 282, 7691.80, 21190, 19691
1693854529, 0, 10, 209, 0, 0, 8280.08, 2, 0, 0, 0.15, 1146, 282, 7694.53, 21197, 19698
1693854535, 0, 10, 209, 0, 0, 8280.08, 2, 0, 0, 0.15, 1147, 282, 7694.53, 21197, 19698
1693854544, 0, 10, 209, 0, 0, 8280.08, 2, 0, 0, 0.12, 1148, 282, 7694.53, 21197, 19698
1693854552, 0, 10, 209, 0, 0, 8280.08, 2, 0, 0, 0.13, 1149, 282, 7694.53, 21197, 19698
1693854559, 0, 10, 209, 0, 0, 8280.08, 2, 0, 0, 0.13, 1150, 282, 7694.53, 21197, 19698
1693854566, 0, 10, 209, 0, 0, 8280.08, 2, 0, 0, 0.14, 1151, 282, 7694.53, 21197, 19698
1693854573, 0, 10, 209, 0, 0, 8280.08, 2, 0, 0, 0.14, 1152, 282, 7694.53, 21197, 19698
1693854581, 0, 10, 210, 0, 0, 8280.08, 2, 0, 0, 0.12, 1153, 282, 7694.53, 21197, 19698
1693854589, 0, 10, 210, 0, 0, 8280.08, 2, 0, 0, 0.13, 1154, 282, 7694.53, 21197, 19698
1693854598, 0, 10, 210, 0, 0, 8280.08, 2, 0, 0, 0.11, 1155, 282, 7694.53, 21197, 19698
1693854608, 0, 10, 211, 0, 0, 8280.08, 2, 0, 0, 0.10, 1156, 282, 7694.53, 21197, 19698
1693854615, 0, 10, 212, 0, 0, 8280.08, 2, 0, 0, 0.15, 1157, 282, 7694.53, 21197, 19698
1693854622, 0, 10, 213, 0, 0, 8280.08, 2, 0, 0, 0.15, 1158, 282, 7694.53, 21197, 19698
1693854636, 0, 10, 213, 0, 0, 8280.08, 2, 0, 0, 0.07, 1159, 282, 7694.53, 21197, 19698
1693854644, 0, 10, 213, 0, 0, 8280.08, 2, 0, 0, 0.14, 1160, 282, 7694.53, 21197, 19698
1693854651, 0, 10, 213, 0, 0, 8280.08, 2, 0, 0, 0.14, 1161, 282, 7694.53, 21197, 19698
1693854658, 0, 10, 213, 0, 0, 8280.08, 2, 0, 0, 0.13, 1162, 282, 7694.53, 21197, 19698
1693854666, 0, 10, 214, 0, 0, 8280.08, 2, 0, 0, 0.13, 1163, 282, 7694.53, 21197, 19698
1693854673, 0, 10, 214, 0, 0, 8280.08, 2, 0, 0, 0.14, 1164, 282, 7694.53, 21197, 19698
1693854681, 0, 10, 214, 0, 0, 8280.08, 2, 0, 0, 0.13, 1165, 282, 7694.53, 21197, 19698
1693854687, 0, 10, 214, 0, 0, 8280.08, 2, 0, 0, 0.15, 1166, 282, 7694.53, 21197, 19698
1693854695, 0, 10, 215, 0, 0, 8280.08, 2, 0, 0, 0.12, 1167, 282, 7694.53, 21197, 19698
1693854702, 0, 10, 216, 0, 0, 8280.08, 2, 0, 0, 0.16, 1168, 282, 7694.53, 21197, 19698
1693854717, 0, 10, 217, 0, 0, 9506.64, 2, 0, 0, 0.06, 1169, 282, 8921.09, 24337, 22838
1693854725, 0, 10, 218, 0, 0, 9569.92, 2, 0, 0, 0.13, 1170, 282, 8984.38, 24499, 23000
1693854741, 0, 10, 219, 0, 0, 10432.42, 2, 0, 0, 0.06, 1171, 282, 9846.88, 26707, 25208
1693854757, 0, 10, 220, 0, 0, 11430.86, 2, 0, 0, 0.06, 1172, 282, 10845.31, 29263, 27764
1693854783, 0, 10, 221, 0, 0, 12274.61, 2, 0, 0, 0.04, 1173, 282, 11689.06, 31423, 29924
1693854814, 0, 10, 222, 0, 0, 13359.38, 2, 0, 0, 0.03, 1174, 282, 12773.83, 34200, 32701
