# unix_time, cycles_done, cur_path, paths_total, pending_total, pending_favs, map_size, unique_crashes, unique_hangs, max_depth, execs_per_sec, valid_inputs, invalid_inputs, valid_cov, all_covered_probes, valid_covered_probes
1693412355, 0, 0, 1, 0, 0, 2527.34, 0, 0, 0, 0.02, 0, 1, 0.00, 6470, 0
1693412379, 0, 0, 2, 0, 0, 2588.67, 0, 0, 0, 0.04, 0, 2, 0.00, 6627, 0
1693412405, 0, 0, 3, 0, 0, 2590.63, 0, 0, 0, 0.04, 0, 3, 0.00, 6632, 0
1693412426, 0, 0, 3, 0, 0, 2590.63, 0, 0, 0, 0.05, 0, 4, 0.00, 6632, 0
1693412453, 0, 0, 4, 0, 0, 2591.80, 0, 0, 0, 0.04, 0, 5, 0.00, 6635, 0
1693412476, 0, 0, 4, 0, 0, 2591.80, 0, 0, 0, 0.04, 0, 6, 0.00, 6635, 0
1693412500, 0, 0, 4, 0, 0, 2591.80, 0, 0, 0, 0.04, 0, 7, 0.00, 6635, 0
1693412521, 0, 0, 4, 0, 0, 2591.80, 0, 0, 0, 0.05, 0, 8, 0.00, 6635, 0
1693412540, 0, 0, 4, 0, 0, 2591.80, 0, 0, 0, 0.05, 0, 9, 0.00, 6635, 0
1693412558, 0, 0, 4, 0, 0, 2591.80, 0, 0, 0, 0.06, 0, 10, 0.00, 6635, 0
1693412570, 0, 0, 4, 0, 0, 2591.80, 0, 0, 0, 0.08, 0, 11, 0.00, 6635, 0
1693412582, 0, 0, 4, 0, 0, 2591.80, 0, 0, 0, 0.08, 0, 12, 0.00, 6635, 0
1693412594, 0, 0, 4, 0, 0, 2591.80, 0, 0, 0, 0.08, 0, 13, 0.00, 6635, 0
1693412606, 0, 0, 4, 0, 0, 2591.80, 0, 0, 0, 0.08, 0, 14, 0.00, 6635, 0
1693412618, 0, 0, 4, 0, 0, 2591.80, 0, 0, 0, 0.08, 0, 15, 0.00, 6635, 0
1693412630, 0, 0, 4, 0, 0, 2591.80, 0, 0, 0, 0.08, 0, 16, 0.00, 6635, 0
1693412642, 0, 0, 4, 0, 0, 2591.80, 0, 0, 0, 0.08, 0, 17, 0.00, 6635, 0
1693412654, 0, 0, 4, 0, 0, 2591.80, 0, 0, 0, 0.08, 0, 18, 0.00, 6635, 0
1693412666, 0, 0, 4, 0, 0, 2591.80, 0, 0, 0, 0.08, 0, 19, 0.00, 6635, 0
1693412678, 0, 0, 4, 0, 0, 2591.80, 0, 0, 0, 0.08, 0, 20, 0.00, 6635, 0
1693412690, 0, 0, 4, 0, 0, 2591.80, 0, 0, 0, 0.08, 0, 21, 0.00, 6635, 0
1693412702, 0, 0, 4, 0, 0, 2591.80, 0, 0, 0, 0.08, 0, 22, 0.00, 6635, 0
1693412715, 0, 0, 4, 0, 0, 2591.80, 0, 0, 0, 0.08, 0, 23, 0.00, 6635, 0
1693412726, 0, 0, 4, 0, 0, 2591.80, 0, 0, 0, 0.08, 0, 24, 0.00, 6635, 0
1693412739, 0, 0, 4, 0, 0, 2591.80, 0, 0, 0, 0.08, 0, 25, 0.00, 6635, 0
1693412752, 0, 0, 4, 0, 0, 2591.80, 0, 0, 0, 0.08, 0, 26, 0.00, 6635, 0
1693412764, 0, 0, 4, 0, 0, 2591.80, 0, 0, 0, 0.08, 0, 27, 0.00, 6635, 0
1693412776, 0, 0, 4, 0, 0, 2591.80, 0, 0, 0, 0.08, 0, 28, 0.00, 6635, 0
1693412789, 0, 0, 4, 0, 0, 2591.80, 0, 0, 0, 0.08, 0, 29, 0.00, 6635, 0
1693412801, 0, 0, 4, 0, 0, 2591.80, 0, 0, 0, 0.08, 0, 30, 0.00, 6635, 0
1693412814, 0, 0, 4, 0, 0, 2591.80, 0, 0, 0, 0.08, 0, 31, 0.00, 6635, 0
1693412826, 0, 0, 4, 0, 0, 2591.80, 0, 0, 0, 0.08, 0, 32, 0.00, 6635, 0
1693412839, 0, 0, 4, 0, 0, 2591.80, 0, 0, 0, 0.08, 0, 33, 0.00, 6635, 0
1693412851, 0, 0, 4, 0, 0, 2591.80, 0, 0, 0, 0.08, 0, 34, 0.00, 6635, 0
1693412863, 0, 0, 4, 0, 0, 2591.80, 0, 0, 0, 0.08, 0, 35, 0.00, 6635, 0
