# unix_time, cycles_done, cur_path, paths_total, pending_total, pending_favs, map_size, unique_crashes, unique_hangs, max_depth, execs_per_sec, valid_inputs, invalid_inputs, valid_cov, all_covered_probes, valid_covered_probes
1694891037, 0, 0, 1, 0, 0, 755.47, 0, 0, 0, 0.77, 1, 0, 755.47, 1934, 1934
1694891037, 0, 0, 3, 0, 0, 932.42, 0, 0, 0, 5.78, 2, 1, 835.94, 2387, 2140
1694891038, 0, 0, 6, 0, 0, 1089.45, 0, 0, 0, 9.35, 3, 3, 835.94, 2789, 2140
1694891053, 0, 0, 12, 0, 0, 7519.14, 0, 0, 0, 1.04, 13, 9, 7199.61, 19249, 18431
1694891053, 0, 0, 14, 0, 0, 7540.23, 0, 0, 0, 12.86, 16, 10, 7204.69, 19303, 18444
1694891061, 0, 0, 17, 0, 0, 7553.91, 1, 0, 0, 0.73, 18, 14, 7212.89, 19338, 18465
1694891070, 0, 0, 20, 0, 0, 7831.25, 1, 0, 0, 0.71, 22, 16, 7491.41, 20048, 19178
1694891077, 0, 0, 24, 0, 0, 7838.28, 1, 0, 0, 1.32, 29, 18, 7498.05, 20066, 19195
1694891082, 0, 0, 27, 0, 0, 8038.28, 1, 0, 0, 1.03, 32, 20, 7715.23, 20578, 19751
1694891088, 0, 0, 30, 0, 0, 8045.31, 1, 0, 0, 1.35, 40, 21, 7722.27, 20596, 19769
1694891093, 0, 0, 32, 0, 0, 8056.25, 1, 0, 0, 0.64, 42, 22, 7733.20, 20624, 19797
1694891097, 0, 1, 35, 0, 0, 8067.97, 1, 0, 0, 5.43, 62, 27, 7733.20, 20654, 19797
1694891098, 0, 1, 36, 0, 0, 8067.97, 1, 0, 0, 43.21, 75, 28, 7733.20, 20654, 19797
1694891102, 0, 1, 38, 0, 0, 8074.61, 1, 0, 0, 1.31, 80, 28, 7739.84, 20671, 19814
1694891109, 0, 2, 41, 0, 0, 8108.20, 1, 0, 0, 1.89, 89, 33, 7773.44, 20757, 19900
1694891114, 0, 2, 43, 0, 0, 8108.20, 1, 0, 0, 2.94, 102, 35, 7773.44, 20757, 19900
1694891118, 0, 2, 44, 0, 0, 8108.20, 2, 0, 0, 3.67, 112, 38, 7773.44, 20757, 19900
1694891123, 0, 2, 47, 0, 0, 8108.98, 2, 0, 0, 0.81, 115, 39, 7774.22, 20759, 19902
1694891127, 0, 2, 50, 0, 0, 8108.98, 2, 0, 0, 1.14, 118, 41, 7774.22, 20759, 19902
1694891132, 0, 2, 52, 0, 0, 8108.98, 2, 0, 0, 1.22, 123, 42, 7774.22, 20759, 19902
1694891137, 0, 2, 54, 0, 0, 8108.98, 2, 0, 0, 1.87, 128, 46, 7774.22, 20759, 19902
1694891141, 0, 2, 57, 0, 0, 8108.98, 2, 0, 0, 1.59, 132, 49, 7774.22, 20759, 19902
1694891146, 0, 4, 59, 0, 0, 8108.98, 2, 0, 0, 3.18, 140, 57, 7774.22, 20759, 19902
1694891151, 0, 4, 60, 0, 0, 8108.98, 2, 0, 0, 0.57, 141, 59, 7774.22, 20759, 19902
1694891155, 0, 4, 62, 0, 0, 8108.98, 2, 0, 0, 1.99, 145, 63, 7774.22, 20759, 19902
1694891156, 0, 4, 64, 0, 0, 8108.98, 2, 0, 0, 26.14, 148, 68, 7774.22, 20759, 19902
1694891164, 0, 4, 65, 0, 0, 8108.98, 2, 0, 0, 0.61, 149, 72, 7774.22, 20759, 19902
1694891170, 0, 4, 66, 0, 0, 8108.98, 2, 0, 0, 1.15, 152, 76, 7774.22, 20759, 19902
1694891174, 0, 4, 68, 0, 0, 8108.98, 2, 0, 0, 1.98, 154, 82, 7774.22, 20759, 19902
1694891178, 0, 5, 69, 0, 0, 8108.98, 2, 0, 0, 2.15, 159, 85, 7774.22, 20759, 19902
1694891182, 0, 6, 70, 0, 0, 8108.98, 2, 0, 0, 1.02, 162, 86, 7774.22, 20759, 19902
1694891184, 0, 6, 70, 0, 0, 8108.98, 3, 0, 0, 7.39, 175, 92, 7774.22, 20759, 19902
1694891185, 0, 6, 70, 0, 0, 8108.98, 3, 0, 0, 16.50, 178, 94, 7774.22, 20759, 19902
1694891185, 0, 7, 71, 0, 0, 8108.98, 3, 0, 0, 121.31, 200, 109, 7774.22, 20759, 19902
1694891193, 0, 8, 72, 0, 0, 8108.98, 3, 0, 0, 2.37, 207, 120, 7774.22, 20759, 19902
1694891197, 0, 8, 73, 0, 0, 8108.98, 3, 0, 0, 7.42, 214, 143, 7774.22, 20759, 19902
1694891202, 0, 8, 75, 0, 0, 8108.98, 3, 0, 0, 1.17, 216, 147, 7774.22, 20759, 19902
1694891206, 0, 8, 76, 0, 0, 8108.98, 3, 0, 0, 0.49, 217, 148, 7774.22, 20759, 19902
1694891219, 0, 8, 77, 0, 0, 8110.94, 3, 0, 0, 0.08, 218, 148, 7776.17, 20764, 19907
1694891225, 0, 8, 79, 0, 0, 8110.94, 3, 0, 0, 0.49, 219, 150, 7776.17, 20764, 19907
1694891230, 0, 8, 81, 0, 0, 8110.94, 3, 0, 0, 1.83, 222, 156, 7776.17, 20764, 19907
1694891234, 0, 9, 84, 0, 0, 8110.94, 3, 0, 0, 8.81, 229, 186, 7776.17, 20764, 19907
1694891238, 0, 9, 86, 0, 0, 8110.94, 3, 0, 0, 1.52, 231, 189, 7776.17, 20764, 19907
1694891238, 0, 10, 87, 0, 0, 8110.94, 3, 0, 0, 172.19, 239, 233, 7776.17, 20764, 19907
1694891242, 0, 10, 87, 0, 0, 8110.94, 3, 0, 0, 0.27, 240, 233, 7776.17, 20764, 19907
1694891245, 0, 11, 88, 0, 0, 8110.94, 3, 0, 0, 11.08, 244, 262, 7776.17, 20764, 19907
1694891248, 0, 11, 88, 0, 0, 8110.94, 3, 0, 0, 0.32, 245, 262, 7776.17, 20764, 19907
1694891250, 0, 11, 88, 0, 0, 8110.94, 3, 0, 0, 0.38, 246, 262, 7776.17, 20764, 19907
1694891253, 0, 11, 89, 0, 0, 8110.94, 3, 0, 0, 0.44, 247, 262, 7776.17, 20764, 19907
1694891255, 0, 11, 90, 0, 0, 8110.94, 3, 0, 0, 0.34, 248, 262, 7776.17, 20764, 19907
1694891259, 0, 11, 90, 0, 0, 8110.94, 3, 0, 0, 0.28, 249, 262, 7776.17, 20764, 19907
1694891262, 0, 11, 91, 0, 0, 8110.94, 3, 0, 0, 0.31, 250, 262, 7776.17, 20764, 19907
1694891265, 0, 11, 91, 0, 0, 8110.94, 3, 0, 0, 0.34, 251, 262, 7776.17, 20764, 19907
1694891268, 0, 11, 92, 0, 0, 8110.94, 3, 0, 0, 0.40, 252, 262, 7776.17, 20764, 19907
1694891270, 0, 11, 93, 0, 0, 8110.94, 3, 0, 0, 0.38, 253, 262, 7776.17, 20764, 19907
1694891273, 0, 11, 93, 0, 0, 8110.94, 3, 0, 0, 0.38, 254, 262, 7776.17, 20764, 19907
1694891275, 0, 11, 93, 0, 0, 8110.94, 3, 0, 0, 0.50, 255, 262, 7776.17, 20764, 19907
1694891277, 0, 11, 94, 0, 0, 8110.94, 3, 0, 0, 0.42, 256, 262, 7776.17, 20764, 19907
1694891280, 0, 11, 94, 0, 0, 8110.94, 3, 0, 0, 0.37, 257, 262, 7776.17, 20764, 19907
1694891283, 0, 11, 94, 0, 0, 8110.94, 3, 0, 0, 0.32, 258, 262, 7776.17, 20764, 19907
1694891286, 0, 11, 94, 0, 0, 8110.94, 3, 0, 0, 0.34, 259, 262, 7776.17, 20764, 19907
1694891289, 0, 11, 94, 0, 0, 8110.94, 3, 0, 0, 0.40, 260, 262, 7776.17, 20764, 19907
1694891291, 0, 11, 95, 0, 0, 8110.94, 3, 0, 0, 0.37, 261, 262, 7776.17, 20764, 19907
1694891294, 0, 11, 95, 0, 0, 8110.94, 3, 0, 0, 0.42, 262, 262, 7776.17, 20764, 19907
1694891296, 0, 11, 95, 0, 0, 8110.94, 3, 0, 0, 0.37, 263, 262, 7776.17, 20764, 19907
1694891300, 0, 11, 95, 0, 0, 8110.94, 3, 0, 0, 0.24, 264, 262, 7776.17, 20764, 19907
1694891303, 0, 11, 96, 0, 0, 8110.94, 3, 0, 0, 0.37, 265, 262, 7776.17, 20764, 19907
1694891306, 0, 11, 96, 0, 0, 8110.94, 3, 0, 0, 0.37, 266, 262, 7776.17, 20764, 19907
1694891309, 0, 11, 96, 0, 0, 8110.94, 3, 0, 0, 0.36, 267, 262, 7776.17, 20764, 19907
1694891311, 0, 11, 96, 0, 0, 8110.94, 3, 0, 0, 0.43, 268, 262, 7776.17, 20764, 19907
1694891313, 0, 11, 96, 0, 0, 8110.94, 3, 0, 0, 0.43, 269, 262, 7776.17, 20764, 19907
1694891316, 0, 11, 97, 0, 0, 8110.94, 3, 0, 0, 0.45, 270, 262, 7776.17, 20764, 19907
1694891319, 0, 11, 98, 0, 0, 8110.94, 3, 0, 0, 0.31, 271, 262, 7776.17, 20764, 19907
1694891322, 0, 11, 99, 0, 0, 8110.94, 3, 0, 0, 0.30, 272, 262, 7776.17, 20764, 19907
1694891325, 0, 11, 100, 0, 0, 8110.94, 3, 0, 0, 0.36, 273, 262, 7776.17, 20764, 19907
1694891328, 0, 11, 101, 0, 0, 8110.94, 3, 0, 0, 0.37, 274, 262, 7776.17, 20764, 19907
1694891330, 0, 11, 101, 0, 0, 8110.94, 3, 0, 0, 0.52, 275, 262, 7776.17, 20764, 19907
1694891332, 0, 11, 101, 0, 0, 8110.94, 3, 0, 0, 0.42, 276, 262, 7776.17, 20764, 19907
1694891334, 0, 11, 101, 0, 0, 8110.94, 3, 0, 0, 0.42, 277, 262, 7776.17, 20764, 19907
1694891337, 0, 11, 101, 0, 0, 8110.94, 3, 0, 0, 0.43, 278, 262, 7776.17, 20764, 19907
1694891339, 0, 11, 101, 0, 0, 8110.94, 3, 0, 0, 0.43, 279, 262, 7776.17, 20764, 19907
1694891342, 0, 11, 101, 0, 0, 8110.94, 3, 0, 0, 0.39, 280, 262, 7776.17, 20764, 19907
1694891344, 0, 11, 101, 0, 0, 8110.94, 3, 0, 0, 0.41, 281, 262, 7776.17, 20764, 19907
1694891347, 0, 11, 101, 0, 0, 8110.94, 3, 0, 0, 0.42, 282, 262, 7776.17, 20764, 19907
1694891349, 0, 11, 101, 0, 0, 8110.94, 3, 0, 0, 0.45, 283, 262, 7776.17, 20764, 19907
1694891351, 0, 11, 101, 0, 0, 8110.94, 3, 0, 0, 0.44, 284, 262, 7776.17, 20764, 19907
1694891354, 0, 11, 101, 0, 0, 8110.94, 3, 0, 0, 0.33, 285, 262, 7776.17, 20764, 19907
1694891357, 0, 11, 101, 0, 0, 8110.94, 3, 0, 0, 0.40, 286, 262, 7776.17, 20764, 19907
1694891359, 0, 11, 101, 0, 0, 8110.94, 3, 0, 0, 0.44, 287, 262, 7776.17, 20764, 19907
1694891361, 0, 11, 102, 0, 0, 8126.95, 3, 0, 0, 0.38, 288, 262, 7792.19, 20805, 19948
1694891364, 0, 11, 103, 0, 0, 8126.95, 3, 0, 0, 0.46, 289, 262, 7792.19, 20805, 19948
1694891366, 0, 11, 104, 0, 0, 8126.95, 3, 0, 0, 0.38, 290, 262, 7792.19, 20805, 19948
1694891370, 0, 11, 104, 0, 0, 8126.95, 3, 0, 0, 0.26, 291, 262, 7792.19, 20805, 19948
1694891373, 0, 11, 104, 0, 0, 8126.95, 3, 0, 0, 0.31, 292, 262, 7792.19, 20805, 19948
1694891376, 0, 11, 105, 0, 0, 8126.95, 3, 0, 0, 0.35, 293, 262, 7792.19, 20805, 19948
1694891379, 0, 11, 105, 0, 0, 8126.95, 3, 0, 0, 0.36, 294, 262, 7792.19, 20805, 19948
1694891381, 0, 11, 106, 0, 0, 8126.95, 3, 0, 0, 0.41, 295, 262, 7792.19, 20805, 19948
1694891384, 0, 11, 106, 0, 0, 8126.95, 3, 0, 0, 0.38, 296, 262, 7792.19, 20805, 19948
1694891386, 0, 11, 106, 0, 0, 8126.95, 3, 0, 0, 0.43, 297, 262, 7792.19, 20805, 19948
1694891389, 0, 11, 106, 0, 0, 8126.95, 3, 0, 0, 0.39, 298, 262, 7792.19, 20805, 19948
1694891391, 0, 11, 106, 0, 0, 8126.95, 3, 0, 0, 0.41, 299, 262, 7792.19, 20805, 19948
1694891394, 0, 11, 107, 0, 0, 8126.95, 3, 0, 0, 0.33, 300, 262, 7792.19, 20805, 19948
1694891397, 0, 11, 107, 0, 0, 8126.95, 3, 0, 0, 0.39, 301, 262, 7792.19, 20805, 19948
1694891400, 0, 11, 108, 0, 0, 8126.95, 3, 0, 0, 0.39, 302, 262, 7792.19, 20805, 19948
1694891402, 0, 11, 109, 0, 0, 8126.95, 3, 0, 0, 0.35, 303, 262, 7792.19, 20805, 19948
1694891407, 0, 11, 110, 0, 0, 8126.95, 3, 0, 0, 0.24, 304, 262, 7792.19, 20805, 19948
1694891410, 0, 11, 110, 0, 0, 8126.95, 3, 0, 0, 0.28, 305, 262, 7792.19, 20805, 19948
1694891413, 0, 11, 111, 0, 0, 8126.95, 3, 0, 0, 0.39, 306, 262, 7792.19, 20805, 19948
1694891415, 0, 11, 111, 0, 0, 8126.95, 3, 0, 0, 0.40, 307, 262, 7792.19, 20805, 19948
1694891418, 0, 11, 111, 0, 0, 8126.95, 3, 0, 0, 0.38, 308, 262, 7792.19, 20805, 19948
1694891420, 0, 11, 112, 0, 0, 8126.95, 3, 0, 0, 0.41, 309, 262, 7792.19, 20805, 19948
1694891423, 0, 11, 112, 0, 0, 8126.95, 3, 0, 0, 0.41, 310, 262, 7792.19, 20805, 19948
1694891426, 0, 11, 112, 0, 0, 8126.95, 3, 0, 0, 0.35, 311, 262, 7792.19, 20805, 19948
1694891428, 0, 11, 113, 0, 0, 8126.95, 3, 0, 0, 0.40, 312, 262, 7792.19, 20805, 19948
1694891431, 0, 11, 113, 0, 0, 8126.95, 3, 0, 0, 0.38, 313, 262, 7792.19, 20805, 19948
1694891433, 0, 11, 113, 0, 0, 8126.95, 3, 0, 0, 0.42, 314, 262, 7792.19, 20805, 19948
1694891437, 0, 11, 113, 0, 0, 8126.95, 3, 0, 0, 0.28, 315, 262, 7792.19, 20805, 19948
1694891440, 0, 11, 113, 0, 0, 8126.95, 3, 0, 0, 0.28, 316, 262, 7792.19, 20805, 19948
1694891443, 0, 11, 113, 0, 0, 8126.95, 3, 0, 0, 0.37, 317, 262, 7792.19, 20805, 19948
1694891445, 0, 11, 113, 0, 0, 8126.95, 3, 0, 0, 0.42, 318, 262, 7792.19, 20805, 19948
1694891448, 0, 11, 113, 0, 0, 8126.95, 3, 0, 0, 0.45, 319, 262, 7792.19, 20805, 19948
1694891450, 0, 11, 113, 0, 0, 8126.95, 3, 0, 0, 0.39, 320, 262, 7792.19, 20805, 19948
1694891453, 0, 11, 113, 0, 0, 8126.95, 3, 0, 0, 0.40, 321, 262, 7792.19, 20805, 19948
1694891455, 0, 11, 113, 0, 0, 8126.95, 3, 0, 0, 0.38, 322, 262, 7792.19, 20805, 19948
1694891458, 0, 11, 113, 0, 0, 8126.95, 3, 0, 0, 0.41, 323, 262, 7792.19, 20805, 19948
1694891461, 0, 11, 113, 0, 0, 8126.95, 3, 0, 0, 0.35, 324, 262, 7792.19, 20805, 19948
1694891463, 0, 11, 113, 0, 0, 8126.95, 3, 0, 0, 0.40, 325, 262, 7792.19, 20805, 19948
1694891466, 0, 11, 114, 0, 0, 8126.95, 3, 0, 0, 0.36, 326, 262, 7792.19, 20805, 19948
1694891470, 0, 11, 115, 0, 0, 8126.95, 3, 0, 0, 0.25, 327, 262, 7792.19, 20805, 19948
1694891476, 0, 11, 115, 0, 0, 8126.95, 3, 0, 0, 0.18, 328, 262, 7792.19, 20805, 19948
1694891478, 0, 11, 115, 0, 0, 8126.95, 3, 0, 0, 0.40, 329, 262, 7792.19, 20805, 19948
1694891481, 0, 11, 115, 0, 0, 8126.95, 3, 0, 0, 0.37, 330, 262, 7792.19, 20805, 19948
1694891483, 0, 11, 115, 0, 0, 8126.95, 3, 0, 0, 0.40, 331, 262, 7792.19, 20805, 19948
1694891486, 0, 11, 115, 0, 0, 8126.95, 3, 0, 0, 0.40, 332, 262, 7792.19, 20805, 19948
1694891488, 0, 11, 115, 0, 0, 8126.95, 3, 0, 0, 0.37, 333, 262, 7792.19, 20805, 19948
1694891491, 0, 11, 116, 0, 0, 8126.95, 3, 0, 0, 0.38, 334, 262, 7792.19, 20805, 19948
1694891495, 0, 11, 117, 0, 0, 8126.95, 3, 0, 0, 0.28, 335, 262, 7792.19, 20805, 19948
1694891498, 0, 11, 118, 0, 0, 8126.95, 3, 0, 0, 0.31, 336, 262, 7792.19, 20805, 19948
1694891501, 0, 11, 119, 0, 0, 8126.95, 3, 0, 0, 0.36, 337, 262, 7792.19, 20805, 19948
1694891504, 0, 11, 120, 0, 0, 8126.95, 3, 0, 0, 0.29, 338, 262, 7792.19, 20805, 19948
1694891508, 0, 11, 120, 0, 0, 8126.95, 3, 0, 0, 0.28, 339, 262, 7792.19, 20805, 19948
1694891510, 0, 11, 120, 0, 0, 8126.95, 3, 0, 0, 0.38, 340, 262, 7792.19, 20805, 19948
1694891513, 0, 11, 120, 0, 0, 8126.95, 3, 0, 0, 0.35, 341, 262, 7792.19, 20805, 19948
1694891516, 0, 11, 120, 0, 0, 8126.95, 3, 0, 0, 0.39, 342, 262, 7792.19, 20805, 19948
1694891518, 0, 11, 120, 0, 0, 8126.95, 3, 0, 0, 0.37, 343, 262, 7792.19, 20805, 19948
1694891522, 0, 11, 120, 0, 0, 8126.95, 3, 0, 0, 0.29, 344, 262, 7792.19, 20805, 19948
1694891525, 0, 11, 120, 0, 0, 8126.95, 3, 0, 0, 0.30, 345, 262, 7792.19, 20805, 19948
1694891529, 0, 11, 120, 0, 0, 8126.95, 3, 0, 0, 0.29, 346, 262, 7792.19, 20805, 19948
1694891532, 0, 11, 120, 0, 0, 8126.95, 3, 0, 0, 0.34, 347, 262, 7792.19, 20805, 19948
1694891534, 0, 11, 120, 0, 0, 8126.95, 3, 0, 0, 0.43, 348, 262, 7792.19, 20805, 19948
1694891538, 0, 11, 120, 0, 0, 8126.95, 3, 0, 0, 0.27, 349, 262, 7792.19, 20805, 19948
1694891541, 0, 11, 120, 0, 0, 8126.95, 3, 0, 0, 0.26, 350, 262, 7792.19, 20805, 19948
1694891544, 0, 11, 120, 0, 0, 8126.95, 3, 0, 0, 0.38, 351, 262, 7792.19, 20805, 19948
1694891547, 0, 11, 120, 0, 0, 8126.95, 3, 0, 0, 0.39, 352, 262, 7792.19, 20805, 19948
1694891549, 0, 11, 120, 0, 0, 8126.95, 3, 0, 0, 0.43, 353, 262, 7792.19, 20805, 19948
1694891553, 0, 11, 120, 0, 0, 8126.95, 3, 0, 0, 0.27, 354, 262, 7792.19, 20805, 19948
1694891556, 0, 11, 120, 0, 0, 8126.95, 3, 0, 0, 0.30, 355, 262, 7792.19, 20805, 19948
1694891559, 0, 11, 120, 0, 0, 8126.95, 3, 0, 0, 0.31, 356, 262, 7792.19, 20805, 19948
1694891562, 0, 11, 120, 0, 0, 8126.95, 3, 0, 0, 0.39, 357, 262, 7792.19, 20805, 19948
1694891566, 0, 11, 120, 0, 0, 8126.95, 3, 0, 0, 0.27, 358, 262, 7792.19, 20805, 19948
1694891569, 0, 11, 120, 0, 0, 8126.95, 3, 0, 0, 0.30, 359, 262, 7792.19, 20805, 19948
1694891571, 0, 11, 120, 0, 0, 8126.95, 3, 0, 0, 0.39, 360, 262, 7792.19, 20805, 19948
1694891574, 0, 11, 120, 0, 0, 8126.95, 3, 0, 0, 0.43, 361, 262, 7792.19, 20805, 19948
1694891577, 0, 11, 120, 0, 0, 8126.95, 3, 0, 0, 0.29, 362, 262, 7792.19, 20805, 19948
1694891580, 0, 11, 120, 0, 0, 8126.95, 3, 0, 0, 0.34, 363, 262, 7792.19, 20805, 19948
1694891583, 0, 11, 120, 0, 0, 8126.95, 3, 0, 0, 0.31, 364, 262, 7792.19, 20805, 19948
1694891586, 0, 11, 121, 0, 0, 8126.95, 3, 0, 0, 0.35, 365, 262, 7792.19, 20805, 19948
1694891590, 0, 11, 121, 0, 0, 8126.95, 3, 0, 0, 0.25, 366, 262, 7792.19, 20805, 19948
1694891595, 0, 11, 121, 0, 0, 8126.95, 3, 0, 0, 0.21, 367, 262, 7792.19, 20805, 19948
1694891598, 0, 11, 121, 0, 0, 8126.95, 3, 0, 0, 0.33, 368, 262, 7792.19, 20805, 19948
1694891601, 0, 11, 121, 0, 0, 8126.95, 3, 0, 0, 0.37, 369, 262, 7792.19, 20805, 19948
1694891604, 0, 11, 121, 0, 0, 8126.95, 3, 0, 0, 0.30, 370, 262, 7792.19, 20805, 19948
1694891608, 0, 11, 121, 0, 0, 8126.95, 3, 0, 0, 0.28, 371, 262, 7792.19, 20805, 19948
1694891612, 0, 11, 121, 0, 0, 8126.95, 3, 0, 0, 0.26, 372, 262, 7792.19, 20805, 19948
1694891615, 0, 11, 121, 0, 0, 8126.95, 3, 0, 0, 0.31, 373, 262, 7792.19, 20805, 19948
1694891618, 0, 11, 121, 0, 0, 8126.95, 3, 0, 0, 0.31, 374, 262, 7792.19, 20805, 19948
1694891621, 0, 11, 122, 0, 0, 8126.95, 3, 0, 0, 0.34, 375, 262, 7792.19, 20805, 19948
1694891625, 0, 11, 123, 0, 0, 8126.95, 3, 0, 0, 0.26, 376, 262, 7792.19, 20805, 19948
1694891628, 0, 11, 123, 0, 0, 8126.95, 3, 0, 0, 0.29, 377, 262, 7792.19, 20805, 19948
1694891631, 0, 11, 124, 0, 0, 8126.95, 3, 0, 0, 0.34, 378, 262, 7792.19, 20805, 19948
1694891634, 0, 11, 124, 0, 0, 8126.95, 3, 0, 0, 0.35, 379, 262, 7792.19, 20805, 19948
1694891637, 0, 11, 124, 0, 0, 8126.95, 3, 0, 0, 0.30, 380, 262, 7792.19, 20805, 19948
1694891642, 0, 11, 125, 0, 0, 8126.95, 3, 0, 0, 0.22, 381, 262, 7792.19, 20805, 19948
1694891646, 0, 11, 125, 0, 0, 8126.95, 3, 0, 0, 0.26, 382, 262, 7792.19, 20805, 19948
1694891649, 0, 11, 125, 0, 0, 8126.95, 3, 0, 0, 0.27, 383, 262, 7792.19, 20805, 19948
1694891652, 0, 11, 125, 0, 0, 8126.95, 3, 0, 0, 0.33, 384, 262, 7792.19, 20805, 19948
1694891656, 0, 11, 125, 0, 0, 8126.95, 3, 0, 0, 0.27, 385, 262, 7792.19, 20805, 19948
1694891659, 0, 11, 125, 0, 0, 8126.95, 3, 0, 0, 0.29, 386, 262, 7792.19, 20805, 19948
1694891663, 0, 11, 125, 0, 0, 8126.95, 3, 0, 0, 0.30, 387, 262, 7792.19, 20805, 19948
1694891666, 0, 11, 125, 0, 0, 8126.95, 3, 0, 0, 0.31, 388, 262, 7792.19, 20805, 19948
1694891669, 0, 11, 125, 0, 0, 8126.95, 3, 0, 0, 0.29, 389, 262, 7792.19, 20805, 19948
1694891673, 0, 11, 125, 0, 0, 8126.95, 3, 0, 0, 0.30, 390, 262, 7792.19, 20805, 19948
1694891676, 0, 11, 125, 0, 0, 8126.95, 3, 0, 0, 0.30, 391, 262, 7792.19, 20805, 19948
1694891680, 0, 11, 125, 0, 0, 8126.95, 3, 0, 0, 0.28, 392, 262, 7792.19, 20805, 19948
1694891683, 0, 11, 126, 0, 0, 8126.95, 3, 0, 0, 0.33, 393, 262, 7792.19, 20805, 19948
1694891687, 0, 11, 127, 0, 0, 8126.95, 3, 0, 0, 0.26, 394, 262, 7792.19, 20805, 19948
1694891690, 0, 11, 128, 0, 0, 8126.95, 3, 0, 0, 0.30, 395, 262, 7792.19, 20805, 19948
1694891693, 0, 11, 128, 0, 0, 8126.95, 3, 0, 0, 0.35, 396, 262, 7792.19, 20805, 19948
1694891696, 0, 11, 128, 0, 0, 8126.95, 3, 0, 0, 0.34, 397, 262, 7792.19, 20805, 19948
1694891699, 0, 11, 128, 0, 0, 8126.95, 3, 0, 0, 0.29, 398, 262, 7792.19, 20805, 19948
1694891703, 0, 11, 128, 0, 0, 8126.95, 3, 0, 0, 0.28, 399, 262, 7792.19, 20805, 19948
1694891706, 0, 11, 128, 0, 0, 8126.95, 3, 0, 0, 0.36, 400, 262, 7792.19, 20805, 19948
1694891709, 0, 11, 129, 0, 0, 8126.95, 3, 0, 0, 0.28, 401, 262, 7792.19, 20805, 19948
1694891713, 0, 11, 130, 0, 0, 8126.95, 3, 0, 0, 0.25, 402, 262, 7792.19, 20805, 19948
1694891716, 0, 11, 130, 0, 0, 8126.95, 3, 0, 0, 0.34, 403, 262, 7792.19, 20805, 19948
1694891720, 0, 11, 130, 0, 0, 8126.95, 3, 0, 0, 0.28, 404, 262, 7792.19, 20805, 19948
1694891723, 0, 11, 130, 0, 0, 8126.95, 3, 0, 0, 0.26, 405, 262, 7792.19, 20805, 19948
1694891727, 0, 11, 130, 0, 0, 8126.95, 3, 0, 0, 0.32, 406, 262, 7792.19, 20805, 19948
1694891730, 0, 11, 131, 0, 0, 8126.95, 3, 0, 0, 0.34, 407, 262, 7792.19, 20805, 19948
1694891733, 0, 11, 131, 0, 0, 8126.95, 3, 0, 0, 0.28, 408, 262, 7792.19, 20805, 19948
1694891736, 0, 11, 131, 0, 0, 8126.95, 3, 0, 0, 0.37, 409, 262, 7792.19, 20805, 19948
1694891739, 0, 11, 132, 0, 0, 8126.95, 3, 0, 0, 0.30, 410, 262, 7792.19, 20805, 19948
1694891743, 0, 11, 133, 0, 0, 8126.95, 3, 0, 0, 0.26, 411, 262, 7792.19, 20805, 19948
1694891746, 0, 11, 133, 0, 0, 8126.95, 3, 0, 0, 0.31, 412, 262, 7792.19, 20805, 19948
1694891749, 0, 11, 134, 0, 0, 8126.95, 3, 0, 0, 0.32, 413, 262, 7792.19, 20805, 19948
1694891753, 0, 11, 134, 0, 0, 8126.95, 3, 0, 0, 0.28, 414, 262, 7792.19, 20805, 19948
1694891757, 0, 11, 135, 0, 0, 8126.95, 3, 0, 0, 0.26, 415, 262, 7792.19, 20805, 19948
1694891760, 0, 11, 135, 0, 0, 8126.95, 3, 0, 0, 0.34, 416, 262, 7792.19, 20805, 19948
1694891763, 0, 11, 135, 0, 0, 8126.95, 3, 0, 0, 0.30, 417, 262, 7792.19, 20805, 19948
1694891767, 0, 11, 135, 0, 0, 8126.95, 3, 0, 0, 0.28, 418, 262, 7792.19, 20805, 19948
1694891770, 0, 11, 135, 0, 0, 8126.95, 3, 0, 0, 0.32, 419, 262, 7792.19, 20805, 19948
1694891772, 0, 11, 135, 0, 0, 8126.95, 3, 0, 0, 0.36, 420, 262, 7792.19, 20805, 19948
1694891777, 0, 11, 136, 0, 0, 8127.73, 3, 0, 0, 0.24, 421, 262, 7792.97, 20807, 19950
1694891780, 0, 11, 136, 0, 0, 8127.73, 3, 0, 0, 0.30, 422, 262, 7792.97, 20807, 19950
1694891783, 0, 11, 136, 0, 0, 8127.73, 3, 0, 0, 0.34, 423, 262, 7792.97, 20807, 19950
1694891787, 0, 11, 136, 0, 0, 8127.73, 3, 0, 0, 0.26, 424, 262, 7792.97, 20807, 19950
1694891791, 0, 11, 136, 0, 0, 8127.73, 3, 0, 0, 0.24, 425, 262, 7792.97, 20807, 19950
1694891795, 0, 11, 137, 0, 0, 8127.73, 3, 0, 0, 0.27, 426, 262, 7792.97, 20807, 19950
1694891797, 0, 11, 137, 0, 0, 8127.73, 3, 0, 0, 0.40, 427, 262, 7792.97, 20807, 19950
1694891800, 0, 11, 138, 0, 0, 8127.73, 3, 0, 0, 0.29, 428, 262, 7792.97, 20807, 19950
1694891804, 0, 11, 138, 0, 0, 8127.73, 3, 0, 0, 0.28, 429, 262, 7792.97, 20807, 19950
1694891807, 0, 11, 138, 0, 0, 8127.73, 3, 0, 0, 0.31, 430, 262, 7792.97, 20807, 19950
1694891811, 0, 11, 139, 0, 0, 8127.73, 3, 0, 0, 0.28, 431, 262, 7792.97, 20807, 19950
1694891814, 0, 11, 140, 0, 0, 8127.73, 3, 0, 0, 0.30, 432, 262, 7792.97, 20807, 19950
1694891818, 0, 11, 140, 0, 0, 8127.73, 3, 0, 0, 0.27, 433, 262, 7792.97, 20807, 19950
1694891821, 0, 11, 140, 0, 0, 8127.73, 3, 0, 0, 0.32, 434, 262, 7792.97, 20807, 19950
1694891824, 0, 11, 140, 0, 0, 8127.73, 3, 0, 0, 0.28, 435, 262, 7792.97, 20807, 19950
1694891828, 0, 11, 140, 0, 0, 8127.73, 3, 0, 0, 0.26, 436, 262, 7792.97, 20807, 19950
1694891831, 0, 11, 140, 0, 0, 8127.73, 3, 0, 0, 0.39, 437, 262, 7792.97, 20807, 19950
1694891835, 0, 11, 141, 0, 0, 8127.73, 3, 0, 0, 0.25, 438, 262, 7792.97, 20807, 19950
1694891839, 0, 11, 141, 0, 0, 8127.73, 3, 0, 0, 0.26, 439, 262, 7792.97, 20807, 19950
1694891842, 0, 11, 141, 0, 0, 8127.73, 3, 0, 0, 0.30, 440, 262, 7792.97, 20807, 19950
1694891845, 0, 11, 141, 0, 0, 8127.73, 3, 0, 0, 0.33, 441, 262, 7792.97, 20807, 19950
1694891849, 0, 11, 141, 0, 0, 8127.73, 3, 0, 0, 0.28, 442, 262, 7792.97, 20807, 19950
1694891852, 0, 11, 141, 0, 0, 8127.73, 3, 0, 0, 0.30, 443, 262, 7792.97, 20807, 19950
1694891855, 0, 11, 141, 0, 0, 8127.73, 3, 0, 0, 0.34, 444, 262, 7792.97, 20807, 19950
1694891858, 0, 11, 141, 0, 0, 8127.73, 3, 0, 0, 0.28, 445, 262, 7792.97, 20807, 19950
1694891862, 0, 11, 141, 0, 0, 8127.73, 3, 0, 0, 0.26, 446, 262, 7792.97, 20807, 19950
1694891866, 0, 11, 141, 0, 0, 8127.73, 3, 0, 0, 0.29, 447, 262, 7792.97, 20807, 19950
1694891869, 0, 11, 141, 0, 0, 8127.73, 3, 0, 0, 0.28, 448, 262, 7792.97, 20807, 19950
1694891873, 0, 11, 141, 0, 0, 8127.73, 3, 0, 0, 0.32, 449, 262, 7792.97, 20807, 19950
1694891876, 0, 11, 141, 0, 0, 8127.73, 3, 0, 0, 0.33, 450, 262, 7792.97, 20807, 19950
1694891879, 0, 11, 141, 0, 0, 8127.73, 3, 0, 0, 0.34, 451, 262, 7792.97, 20807, 19950
1694891883, 0, 11, 141, 0, 0, 8127.73, 3, 0, 0, 0.24, 452, 262, 7792.97, 20807, 19950
1694891886, 0, 11, 141, 0, 0, 8127.73, 3, 0, 0, 0.31, 453, 262, 7792.97, 20807, 19950
1694891889, 0, 11, 141, 0, 0, 8127.73, 3, 0, 0, 0.31, 454, 262, 7792.97, 20807, 19950
1694891892, 0, 11, 141, 0, 0, 8127.73, 3, 0, 0, 0.38, 455, 262, 7792.97, 20807, 19950
1694891896, 0, 11, 141, 0, 0, 8127.73, 3, 0, 0, 0.27, 456, 262, 7792.97, 20807, 19950
1694891899, 0, 11, 141, 0, 0, 8127.73, 3, 0, 0, 0.28, 457, 262, 7792.97, 20807, 19950
1694891902, 0, 11, 141, 0, 0, 8127.73, 3, 0, 0, 0.39, 458, 262, 7792.97, 20807, 19950
1694891904, 0, 11, 141, 0, 0, 8127.73, 3, 0, 0, 0.41, 459, 262, 7792.97, 20807, 19950
1694891908, 0, 11, 141, 0, 0, 8127.73, 3, 0, 0, 0.29, 460, 262, 7792.97, 20807, 19950
1694891911, 0, 11, 141, 0, 0, 8127.73, 3, 0, 0, 0.31, 461, 262, 7792.97, 20807, 19950
1694891914, 0, 11, 142, 0, 0, 8127.73, 3, 0, 0, 0.29, 462, 262, 7792.97, 20807, 19950
1694891917, 0, 11, 143, 0, 0, 8127.73, 3, 0, 0, 0.42, 463, 262, 7792.97, 20807, 19950
1694891920, 0, 11, 144, 0, 0, 8127.73, 3, 0, 0, 0.28, 464, 262, 7792.97, 20807, 19950
1694891923, 0, 11, 145, 0, 0, 8127.73, 3, 0, 0, 0.32, 465, 262, 7792.97, 20807, 19950
1694891927, 0, 11, 146, 0, 0, 8127.73, 3, 0, 0, 0.29, 466, 262, 7792.97, 20807, 19950
1694891930, 0, 11, 146, 0, 0, 8127.73, 3, 0, 0, 0.31, 467, 262, 7792.97, 20807, 19950
1694891934, 0, 11, 146, 0, 0, 8127.73, 3, 0, 0, 0.25, 468, 262, 7792.97, 20807, 19950
1694891938, 0, 11, 146, 0, 0, 8127.73, 3, 0, 0, 0.26, 469, 262, 7792.97, 20807, 19950
1694891940, 0, 11, 146, 0, 0, 8127.73, 3, 0, 0, 0.37, 470, 262, 7792.97, 20807, 19950
1694891944, 0, 11, 146, 0, 0, 8127.73, 3, 0, 0, 0.29, 471, 262, 7792.97, 20807, 19950
1694891948, 0, 11, 146, 0, 0, 8127.73, 3, 0, 0, 0.25, 472, 262, 7792.97, 20807, 19950
1694891951, 0, 11, 146, 0, 0, 8127.73, 3, 0, 0, 0.34, 473, 262, 7792.97, 20807, 19950
1694891955, 0, 11, 146, 0, 0, 8127.73, 3, 0, 0, 0.26, 474, 262, 7792.97, 20807, 19950
1694891958, 0, 11, 146, 0, 0, 8127.73, 3, 0, 0, 0.29, 475, 262, 7792.97, 20807, 19950
1694891962, 0, 11, 146, 0, 0, 8127.73, 3, 0, 0, 0.29, 476, 262, 7792.97, 20807, 19950
1694891966, 0, 11, 146, 0, 0, 8127.73, 3, 0, 0, 0.23, 477, 262, 7792.97, 20807, 19950
1694891970, 0, 11, 146, 0, 0, 8127.73, 3, 0, 0, 0.25, 478, 262, 7792.97, 20807, 19950
1694891973, 0, 11, 146, 0, 0, 8127.73, 3, 0, 0, 0.30, 479, 262, 7792.97, 20807, 19950
1694891976, 0, 11, 146, 0, 0, 8127.73, 3, 0, 0, 0.34, 480, 262, 7792.97, 20807, 19950
1694891980, 0, 11, 146, 0, 0, 8127.73, 3, 0, 0, 0.29, 481, 262, 7792.97, 20807, 19950
1694891983, 0, 11, 146, 0, 0, 8127.73, 3, 0, 0, 0.28, 482, 262, 7792.97, 20807, 19950
1694891987, 0, 11, 146, 0, 0, 8127.73, 3, 0, 0, 0.29, 483, 262, 7792.97, 20807, 19950
1694891991, 0, 11, 146, 0, 0, 8127.73, 3, 0, 0, 0.26, 484, 262, 7792.97, 20807, 19950
1694891994, 0, 11, 146, 0, 0, 8127.73, 3, 0, 0, 0.29, 485, 262, 7792.97, 20807, 19950
1694891997, 0, 11, 146, 0, 0, 8127.73, 3, 0, 0, 0.32, 486, 262, 7792.97, 20807, 19950
1694892000, 0, 11, 146, 0, 0, 8127.73, 3, 0, 0, 0.32, 487, 262, 7792.97, 20807, 19950
1694892005, 0, 11, 146, 0, 0, 8127.73, 3, 0, 0, 0.22, 488, 262, 7792.97, 20807, 19950
1694892008, 0, 11, 146, 0, 0, 8127.73, 3, 0, 0, 0.32, 489, 262, 7792.97, 20807, 19950
1694892011, 0, 11, 147, 0, 0, 8127.73, 3, 0, 0, 0.28, 490, 262, 7792.97, 20807, 19950
1694892014, 0, 11, 147, 0, 0, 8127.73, 3, 0, 0, 0.34, 491, 262, 7792.97, 20807, 19950
1694892019, 0, 11, 147, 0, 0, 8127.73, 3, 0, 0, 0.24, 492, 262, 7792.97, 20807, 19950
1694892022, 0, 11, 147, 0, 0, 8127.73, 3, 0, 0, 0.29, 493, 262, 7792.97, 20807, 19950
1694892026, 0, 11, 147, 0, 0, 8127.73, 3, 0, 0, 0.28, 494, 262, 7792.97, 20807, 19950
1694892028, 0, 11, 147, 0, 0, 8127.73, 3, 0, 0, 0.37, 495, 262, 7792.97, 20807, 19950
1694892032, 0, 11, 148, 0, 0, 8127.73, 3, 0, 0, 0.25, 496, 262, 7792.97, 20807, 19950
1694892037, 0, 11, 148, 0, 0, 8127.73, 3, 0, 0, 0.22, 497, 262, 7792.97, 20807, 19950
1694892040, 0, 11, 148, 0, 0, 8127.73, 3, 0, 0, 0.30, 498, 262, 7792.97, 20807, 19950
1694892043, 0, 11, 148, 0, 0, 8127.73, 3, 0, 0, 0.35, 499, 262, 7792.97, 20807, 19950
1694892047, 0, 11, 148, 0, 0, 8127.73, 3, 0, 0, 0.25, 500, 262, 7792.97, 20807, 19950
1694892051, 0, 11, 148, 0, 0, 8127.73, 3, 0, 0, 0.26, 501, 262, 7792.97, 20807, 19950
1694892054, 0, 11, 148, 0, 0, 8127.73, 3, 0, 0, 0.30, 502, 262, 7792.97, 20807, 19950
1694892057, 0, 11, 148, 0, 0, 8127.73, 3, 0, 0, 0.37, 503, 262, 7792.97, 20807, 19950
1694892061, 0, 11, 148, 0, 0, 8127.73, 3, 0, 0, 0.23, 504, 262, 7792.97, 20807, 19950
1694892065, 0, 11, 148, 0, 0, 8127.73, 3, 0, 0, 0.26, 505, 262, 7792.97, 20807, 19950
1694892069, 0, 11, 148, 0, 0, 8127.73, 3, 0, 0, 0.29, 506, 262, 7792.97, 20807, 19950
1694892072, 0, 11, 148, 0, 0, 8127.73, 3, 0, 0, 0.35, 507, 262, 7792.97, 20807, 19950
1694892075, 0, 11, 148, 0, 0, 8127.73, 3, 0, 0, 0.31, 508, 262, 7792.97, 20807, 19950
1694892078, 0, 11, 148, 0, 0, 8127.73, 3, 0, 0, 0.30, 509, 262, 7792.97, 20807, 19950
1694892082, 0, 11, 148, 0, 0, 8127.73, 3, 0, 0, 0.28, 510, 262, 7792.97, 20807, 19950
1694892085, 0, 11, 148, 0, 0, 8127.73, 3, 0, 0, 0.32, 511, 262, 7792.97, 20807, 19950
1694892089, 0, 11, 148, 0, 0, 8127.73, 3, 0, 0, 0.28, 512, 262, 7792.97, 20807, 19950
1694892092, 0, 11, 148, 0, 0, 8127.73, 3, 0, 0, 0.31, 513, 262, 7792.97, 20807, 19950
1694892096, 0, 11, 148, 0, 0, 8127.73, 3, 0, 0, 0.23, 514, 262, 7792.97, 20807, 19950
1694892099, 0, 11, 148, 0, 0, 8127.73, 3, 0, 0, 0.36, 515, 262, 7792.97, 20807, 19950
1694892103, 0, 11, 148, 0, 0, 8127.73, 3, 0, 0, 0.27, 516, 262, 7792.97, 20807, 19950
1694892107, 0, 11, 148, 0, 0, 8127.73, 3, 0, 0, 0.25, 517, 262, 7792.97, 20807, 19950
1694892110, 0, 11, 148, 0, 0, 8127.73, 3, 0, 0, 0.28, 518, 262, 7792.97, 20807, 19950
1694892114, 0, 11, 148, 0, 0, 8127.73, 3, 0, 0, 0.26, 519, 262, 7792.97, 20807, 19950
1694892117, 0, 11, 148, 0, 0, 8127.73, 3, 0, 0, 0.29, 520, 262, 7792.97, 20807, 19950
1694892120, 0, 11, 148, 0, 0, 8127.73, 3, 0, 0, 0.35, 521, 262, 7792.97, 20807, 19950
1694892124, 0, 11, 148, 0, 0, 8127.73, 3, 0, 0, 0.27, 522, 262, 7792.97, 20807, 19950
1694892128, 0, 11, 148, 0, 0, 8127.73, 3, 0, 0, 0.28, 523, 262, 7792.97, 20807, 19950
1694892131, 0, 11, 148, 0, 0, 8127.73, 3, 0, 0, 0.29, 524, 262, 7792.97, 20807, 19950
1694892134, 0, 11, 148, 0, 0, 8127.73, 3, 0, 0, 0.32, 525, 262, 7792.97, 20807, 19950
1694892137, 0, 11, 148, 0, 0, 8127.73, 3, 0, 0, 0.34, 526, 262, 7792.97, 20807, 19950
1694892141, 0, 11, 148, 0, 0, 8127.73, 3, 0, 0, 0.23, 527, 262, 7792.97, 20807, 19950
1694892146, 0, 11, 148, 0, 0, 8127.73, 3, 0, 0, 0.23, 528, 262, 7792.97, 20807, 19950
1694892149, 0, 11, 148, 0, 0, 8127.73, 3, 0, 0, 0.28, 529, 262, 7792.97, 20807, 19950
1694892152, 0, 11, 148, 0, 0, 8127.73, 3, 0, 0, 0.35, 530, 262, 7792.97, 20807, 19950
1694892156, 0, 11, 148, 0, 0, 8127.73, 3, 0, 0, 0.29, 531, 262, 7792.97, 20807, 19950
1694892159, 0, 11, 148, 0, 0, 8127.73, 3, 0, 0, 0.27, 532, 262, 7792.97, 20807, 19950
1694892163, 0, 11, 148, 0, 0, 8127.73, 3, 0, 0, 0.25, 533, 262, 7792.97, 20807, 19950
1694892166, 0, 11, 148, 0, 0, 8127.73, 3, 0, 0, 0.36, 534, 262, 7792.97, 20807, 19950
1694892170, 0, 11, 148, 0, 0, 8127.73, 3, 0, 0, 0.23, 535, 262, 7792.97, 20807, 19950
1694892174, 0, 11, 148, 0, 0, 8127.73, 3, 0, 0, 0.27, 536, 262, 7792.97, 20807, 19950
1694892178, 0, 11, 148, 0, 0, 8127.73, 3, 0, 0, 0.26, 537, 262, 7792.97, 20807, 19950
1694892181, 0, 11, 148, 0, 0, 8127.73, 3, 0, 0, 0.29, 538, 262, 7792.97, 20807, 19950
1694892186, 0, 11, 148, 0, 0, 8127.73, 3, 0, 0, 0.23, 539, 262, 7792.97, 20807, 19950
1694892190, 0, 11, 148, 0, 0, 8127.73, 3, 0, 0, 0.27, 540, 262, 7792.97, 20807, 19950
1694892192, 0, 11, 148, 0, 0, 8127.73, 3, 0, 0, 0.35, 541, 262, 7792.97, 20807, 19950
1694892196, 0, 11, 148, 0, 0, 8127.73, 3, 0, 0, 0.27, 542, 262, 7792.97, 20807, 19950
1694892200, 0, 11, 148, 0, 0, 8127.73, 3, 0, 0, 0.28, 543, 262, 7792.97, 20807, 19950
1694892203, 0, 11, 148, 0, 0, 8127.73, 3, 0, 0, 0.32, 544, 262, 7792.97, 20807, 19950
1694892206, 0, 11, 148, 0, 0, 8127.73, 3, 0, 0, 0.34, 545, 262, 7792.97, 20807, 19950
1694892210, 0, 11, 149, 0, 0, 8127.73, 3, 0, 0, 0.26, 546, 262, 7792.97, 20807, 19950
1694892213, 0, 11, 149, 0, 0, 8127.73, 3, 0, 0, 0.27, 547, 262, 7792.97, 20807, 19950
1694892216, 0, 11, 149, 0, 0, 8127.73, 3, 0, 0, 0.33, 548, 262, 7792.97, 20807, 19950
1694892220, 0, 11, 150, 0, 0, 8127.73, 3, 0, 0, 0.30, 549, 262, 7792.97, 20807, 19950
1694892223, 0, 11, 150, 0, 0, 8127.73, 3, 0, 0, 0.27, 550, 262, 7792.97, 20807, 19950
1694892227, 0, 11, 151, 0, 0, 8127.73, 3, 0, 0, 0.28, 551, 262, 7792.97, 20807, 19950
1694892230, 0, 11, 151, 0, 0, 8127.73, 3, 0, 0, 0.30, 552, 262, 7792.97, 20807, 19950
1694892234, 0, 11, 151, 0, 0, 8127.73, 3, 0, 0, 0.26, 553, 262, 7792.97, 20807, 19950
1694892238, 0, 11, 151, 0, 0, 8127.73, 3, 0, 0, 0.29, 554, 262, 7792.97, 20807, 19950
1694892241, 0, 11, 151, 0, 0, 8127.73, 3, 0, 0, 0.29, 555, 262, 7792.97, 20807, 19950
1694892244, 0, 11, 151, 0, 0, 8127.73, 3, 0, 0, 0.30, 556, 262, 7792.97, 20807, 19950
1694892248, 0, 11, 151, 0, 0, 8127.73, 3, 0, 0, 0.25, 557, 262, 7792.97, 20807, 19950
1694892252, 0, 11, 151, 0, 0, 8127.73, 3, 0, 0, 0.25, 558, 262, 7792.97, 20807, 19950
1694892257, 0, 11, 151, 0, 0, 8127.73, 3, 0, 0, 0.23, 559, 262, 7792.97, 20807, 19950
1694892260, 0, 11, 151, 0, 0, 8127.73, 3, 0, 0, 0.34, 560, 262, 7792.97, 20807, 19950
1694892264, 0, 11, 151, 0, 0, 8127.73, 3, 0, 0, 0.24, 561, 262, 7792.97, 20807, 19950
1694892269, 0, 11, 152, 0, 0, 8127.73, 3, 0, 0, 0.20, 562, 262, 7792.97, 20807, 19950
1694892273, 0, 11, 152, 0, 0, 8127.73, 3, 0, 0, 0.22, 563, 262, 7792.97, 20807, 19950
1694892277, 0, 11, 152, 0, 0, 8127.73, 3, 0, 0, 0.24, 564, 262, 7792.97, 20807, 19950
1694892281, 0, 11, 152, 0, 0, 8127.73, 3, 0, 0, 0.24, 565, 262, 7792.97, 20807, 19950
1694892285, 0, 11, 152, 0, 0, 8127.73, 3, 0, 0, 0.28, 566, 262, 7792.97, 20807, 19950
1694892289, 0, 11, 152, 0, 0, 8127.73, 3, 0, 0, 0.26, 567, 262, 7792.97, 20807, 19950
1694892293, 0, 11, 152, 0, 0, 8127.73, 3, 0, 0, 0.22, 568, 262, 7792.97, 20807, 19950
1694892297, 0, 11, 152, 0, 0, 8127.73, 3, 0, 0, 0.28, 569, 262, 7792.97, 20807, 19950
1694892301, 0, 11, 152, 0, 0, 8127.73, 3, 0, 0, 0.27, 570, 262, 7792.97, 20807, 19950
1694892303, 0, 11, 152, 0, 0, 8127.73, 3, 0, 0, 0.38, 571, 262, 7792.97, 20807, 19950
1694892306, 0, 11, 152, 0, 0, 8127.73, 3, 0, 0, 0.31, 572, 262, 7792.97, 20807, 19950
1694892310, 0, 11, 152, 0, 0, 8127.73, 3, 0, 0, 0.26, 573, 262, 7792.97, 20807, 19950
1694892314, 0, 11, 153, 0, 0, 8127.73, 3, 0, 0, 0.24, 574, 262, 7792.97, 20807, 19950
1694892318, 0, 11, 153, 0, 0, 8127.73, 3, 0, 0, 0.25, 575, 262, 7792.97, 20807, 19950
1694892322, 0, 11, 153, 0, 0, 8127.73, 3, 0, 0, 0.25, 576, 262, 7792.97, 20807, 19950
1694892326, 0, 11, 153, 0, 0, 8127.73, 3, 0, 0, 0.27, 577, 262, 7792.97, 20807, 19950
1694892329, 0, 11, 153, 0, 0, 8127.73, 3, 0, 0, 0.32, 578, 262, 7792.97, 20807, 19950
1694892333, 0, 11, 153, 0, 0, 8127.73, 3, 0, 0, 0.25, 579, 262, 7792.97, 20807, 19950
1694892337, 0, 11, 153, 0, 0, 8127.73, 3, 0, 0, 0.25, 580, 262, 7792.97, 20807, 19950
1694892341, 0, 11, 153, 0, 0, 8127.73, 3, 0, 0, 0.30, 581, 262, 7792.97, 20807, 19950
1694892343, 0, 11, 153, 0, 0, 8127.73, 3, 0, 0, 0.35, 582, 262, 7792.97, 20807, 19950
1694892347, 0, 11, 153, 0, 0, 8127.73, 3, 0, 0, 0.25, 583, 262, 7792.97, 20807, 19950
1694892352, 0, 11, 153, 0, 0, 8127.73, 3, 0, 0, 0.22, 584, 262, 7792.97, 20807, 19950
1694892356, 0, 11, 153, 0, 0, 8127.73, 3, 0, 0, 0.25, 585, 262, 7792.97, 20807, 19950
1694892361, 0, 11, 153, 0, 0, 8127.73, 3, 0, 0, 0.21, 586, 262, 7792.97, 20807, 19950
1694892365, 0, 11, 153, 0, 0, 8127.73, 3, 0, 0, 0.25, 587, 262, 7792.97, 20807, 19950
1694892368, 0, 11, 153, 0, 0, 8127.73, 3, 0, 0, 0.31, 588, 262, 7792.97, 20807, 19950
1694892370, 0, 11, 153, 0, 0, 8127.73, 3, 0, 0, 0.42, 589, 262, 7792.97, 20807, 19950
1694892375, 0, 11, 153, 0, 0, 8127.73, 3, 0, 0, 0.23, 590, 262, 7792.97, 20807, 19950
1694892378, 0, 11, 153, 0, 0, 8127.73, 3, 0, 0, 0.28, 591, 262, 7792.97, 20807, 19950
1694892382, 0, 11, 153, 0, 0, 8127.73, 3, 0, 0, 0.26, 592, 262, 7792.97, 20807, 19950
1694892385, 0, 11, 153, 0, 0, 8127.73, 3, 0, 0, 0.31, 593, 262, 7792.97, 20807, 19950
1694892390, 0, 11, 153, 0, 0, 8127.73, 3, 0, 0, 0.22, 594, 262, 7792.97, 20807, 19950
1694892394, 0, 11, 153, 0, 0, 8127.73, 3, 0, 0, 0.25, 595, 262, 7792.97, 20807, 19950
1694892397, 0, 11, 153, 0, 0, 8127.73, 3, 0, 0, 0.30, 596, 262, 7792.97, 20807, 19950
1694892401, 0, 11, 153, 0, 0, 8127.73, 3, 0, 0, 0.26, 597, 262, 7792.97, 20807, 19950
1694892405, 0, 11, 153, 0, 0, 8127.73, 3, 0, 0, 0.29, 598, 262, 7792.97, 20807, 19950
1694892408, 0, 11, 153, 0, 0, 8127.73, 3, 0, 0, 0.26, 599, 262, 7792.97, 20807, 19950
1694892412, 0, 11, 153, 0, 0, 8127.73, 3, 0, 0, 0.26, 600, 262, 7792.97, 20807, 19950
1694892416, 0, 11, 153, 0, 0, 8127.73, 3, 0, 0, 0.25, 601, 262, 7792.97, 20807, 19950
1694892420, 0, 11, 153, 0, 0, 8127.73, 3, 0, 0, 0.31, 602, 262, 7792.97, 20807, 19950
1694892423, 0, 11, 153, 0, 0, 8127.73, 3, 0, 0, 0.27, 603, 262, 7792.97, 20807, 19950
1694892430, 0, 11, 153, 0, 0, 8127.73, 3, 0, 0, 0.15, 604, 262, 7792.97, 20807, 19950
1694892434, 0, 11, 153, 0, 0, 8127.73, 3, 0, 0, 0.26, 605, 262, 7792.97, 20807, 19950
1694892438, 0, 11, 153, 0, 0, 8127.73, 3, 0, 0, 0.27, 606, 262, 7792.97, 20807, 19950
1694892441, 0, 11, 153, 0, 0, 8127.73, 3, 0, 0, 0.29, 607, 262, 7792.97, 20807, 19950
1694892445, 0, 11, 153, 0, 0, 8127.73, 3, 0, 0, 0.25, 608, 262, 7792.97, 20807, 19950
1694892449, 0, 11, 153, 0, 0, 8127.73, 3, 0, 0, 0.27, 609, 262, 7792.97, 20807, 19950
1694892452, 0, 11, 153, 0, 0, 8127.73, 3, 0, 0, 0.26, 610, 262, 7792.97, 20807, 19950
1694892455, 0, 11, 153, 0, 0, 8127.73, 3, 0, 0, 0.33, 611, 262, 7792.97, 20807, 19950
1694892459, 0, 11, 153, 0, 0, 8127.73, 3, 0, 0, 0.28, 612, 262, 7792.97, 20807, 19950
1694892462, 0, 11, 153, 0, 0, 8127.73, 3, 0, 0, 0.35, 613, 262, 7792.97, 20807, 19950
1694892466, 0, 11, 153, 0, 0, 8127.73, 3, 0, 0, 0.26, 614, 262, 7792.97, 20807, 19950
1694892469, 0, 11, 153, 0, 0, 8127.73, 3, 0, 0, 0.27, 615, 262, 7792.97, 20807, 19950
1694892473, 0, 11, 153, 0, 0, 8127.73, 3, 0, 0, 0.25, 616, 262, 7792.97, 20807, 19950
1694892477, 0, 11, 153, 0, 0, 8127.73, 3, 0, 0, 0.32, 617, 262, 7792.97, 20807, 19950
1694892481, 0, 11, 153, 0, 0, 8127.73, 3, 0, 0, 0.24, 618, 262, 7792.97, 20807, 19950
1694892485, 0, 11, 154, 0, 0, 8127.73, 3, 0, 0, 0.26, 619, 262, 7792.97, 20807, 19950
1694892488, 0, 11, 154, 0, 0, 8127.73, 3, 0, 0, 0.27, 620, 262, 7792.97, 20807, 19950
1694892491, 0, 11, 154, 0, 0, 8127.73, 3, 0, 0, 0.34, 621, 262, 7792.97, 20807, 19950
1694892495, 0, 11, 154, 0, 0, 8127.73, 3, 0, 0, 0.26, 622, 262, 7792.97, 20807, 19950
1694892499, 0, 11, 154, 0, 0, 8127.73, 3, 0, 0, 0.26, 623, 262, 7792.97, 20807, 19950
1694892503, 0, 11, 154, 0, 0, 8127.73, 3, 0, 0, 0.25, 624, 262, 7792.97, 20807, 19950
1694892506, 0, 11, 154, 0, 0, 8127.73, 3, 0, 0, 0.33, 625, 262, 7792.97, 20807, 19950
1694892510, 0, 11, 154, 0, 0, 8127.73, 3, 0, 0, 0.23, 626, 262, 7792.97, 20807, 19950
1694892514, 0, 11, 154, 0, 0, 8127.73, 3, 0, 0, 0.26, 627, 262, 7792.97, 20807, 19950
1694892518, 0, 11, 154, 0, 0, 8127.73, 3, 0, 0, 0.28, 628, 262, 7792.97, 20807, 19950
1694892521, 0, 11, 154, 0, 0, 8127.73, 3, 0, 0, 0.28, 629, 262, 7792.97, 20807, 19950
1694892525, 0, 11, 154, 0, 0, 8127.73, 3, 0, 0, 0.30, 630, 262, 7792.97, 20807, 19950
1694892528, 0, 11, 154, 0, 0, 8127.73, 3, 0, 0, 0.30, 631, 262, 7792.97, 20807, 19950
1694892531, 0, 11, 154, 0, 0, 8127.73, 3, 0, 0, 0.34, 632, 262, 7792.97, 20807, 19950
1694892535, 0, 11, 154, 0, 0, 8127.73, 3, 0, 0, 0.24, 633, 262, 7792.97, 20807, 19950
1694892539, 0, 11, 154, 0, 0, 8127.73, 3, 0, 0, 0.27, 634, 262, 7792.97, 20807, 19950
1694892543, 0, 11, 154, 0, 0, 8127.73, 3, 0, 0, 0.24, 635, 262, 7792.97, 20807, 19950
1694892546, 0, 11, 154, 0, 0, 8127.73, 3, 0, 0, 0.27, 636, 262, 7792.97, 20807, 19950
1694892551, 0, 11, 155, 0, 0, 8127.73, 3, 0, 0, 0.24, 637, 262, 7792.97, 20807, 19950
1694892555, 0, 11, 155, 0, 0, 8127.73, 3, 0, 0, 0.26, 638, 262, 7792.97, 20807, 19950
1694892558, 0, 11, 155, 0, 0, 8127.73, 3, 0, 0, 0.32, 639, 262, 7792.97, 20807, 19950
1694892562, 0, 11, 155, 0, 0, 8127.73, 3, 0, 0, 0.26, 640, 262, 7792.97, 20807, 19950
1694892565, 0, 11, 155, 0, 0, 8127.73, 3, 0, 0, 0.25, 641, 262, 7792.97, 20807, 19950
1694892569, 0, 11, 155, 0, 0, 8127.73, 3, 0, 0, 0.29, 642, 262, 7792.97, 20807, 19950
1694892573, 0, 11, 155, 0, 0, 8127.73, 3, 0, 0, 0.28, 643, 262, 7792.97, 20807, 19950
1694892577, 0, 11, 155, 0, 0, 8127.73, 3, 0, 0, 0.22, 644, 262, 7792.97, 20807, 19950
1694892581, 0, 11, 155, 0, 0, 8127.73, 3, 0, 0, 0.28, 645, 262, 7792.97, 20807, 19950
1694892584, 0, 11, 155, 0, 0, 8127.73, 3, 0, 0, 0.35, 646, 262, 7792.97, 20807, 19950
1694892587, 0, 11, 155, 0, 0, 8127.73, 3, 0, 0, 0.25, 647, 262, 7792.97, 20807, 19950
1694892591, 0, 11, 155, 0, 0, 8127.73, 3, 0, 0, 0.26, 648, 262, 7792.97, 20807, 19950
1694892596, 0, 11, 156, 0, 0, 8127.73, 3, 0, 0, 0.24, 649, 262, 7792.97, 20807, 19950
1694892599, 0, 11, 157, 0, 0, 8127.73, 3, 0, 0, 0.33, 650, 262, 7792.97, 20807, 19950
1694892604, 0, 11, 158, 0, 0, 8127.73, 3, 0, 0, 0.18, 651, 262, 7792.97, 20807, 19950
1694892608, 0, 11, 158, 0, 0, 8127.73, 3, 0, 0, 0.25, 652, 262, 7792.97, 20807, 19950
1694892612, 0, 11, 158, 0, 0, 8127.73, 3, 0, 0, 0.26, 653, 262, 7792.97, 20807, 19950
1694892615, 0, 11, 158, 0, 0, 8127.73, 3, 0, 0, 0.37, 654, 262, 7792.97, 20807, 19950
1694892619, 0, 11, 158, 0, 0, 8127.73, 3, 0, 0, 0.24, 655, 262, 7792.97, 20807, 19950
1694892623, 0, 11, 158, 0, 0, 8127.73, 3, 0, 0, 0.24, 656, 262, 7792.97, 20807, 19950
1694892627, 0, 11, 158, 0, 0, 8127.73, 3, 0, 0, 0.26, 657, 262, 7792.97, 20807, 19950
1694892631, 0, 11, 158, 0, 0, 8127.73, 3, 0, 0, 0.25, 658, 262, 7792.97, 20807, 19950
1694892636, 0, 11, 158, 0, 0, 8127.73, 3, 0, 0, 0.22, 659, 262, 7792.97, 20807, 19950
1694892640, 0, 11, 158, 0, 0, 8127.73, 3, 0, 0, 0.25, 660, 262, 7792.97, 20807, 19950
1694892643, 0, 11, 158, 0, 0, 8127.73, 3, 0, 0, 0.29, 661, 262, 7792.97, 20807, 19950
1694892647, 0, 11, 158, 0, 0, 8127.73, 3, 0, 0, 0.28, 662, 262, 7792.97, 20807, 19950
1694892651, 0, 11, 158, 0, 0, 8127.73, 3, 0, 0, 0.24, 663, 262, 7792.97, 20807, 19950
1694892654, 0, 11, 158, 0, 0, 8127.73, 3, 0, 0, 0.28, 664, 262, 7792.97, 20807, 19950
1694892658, 0, 11, 158, 0, 0, 8127.73, 3, 0, 0, 0.29, 665, 262, 7792.97, 20807, 19950
1694892662, 0, 11, 159, 0, 0, 8127.73, 3, 0, 0, 0.27, 666, 262, 7792.97, 20807, 19950
1694892665, 0, 11, 160, 0, 0, 8127.73, 3, 0, 0, 0.29, 667, 262, 7792.97, 20807, 19950
1694892669, 0, 11, 160, 0, 0, 8127.73, 3, 0, 0, 0.24, 668, 262, 7792.97, 20807, 19950
1694892672, 0, 11, 161, 0, 0, 8127.73, 3, 0, 0, 0.32, 669, 262, 7792.97, 20807, 19950
1694892677, 0, 11, 161, 0, 0, 8127.73, 3, 0, 0, 0.24, 670, 262, 7792.97, 20807, 19950
1694892681, 0, 11, 161, 0, 0, 8127.73, 3, 0, 0, 0.24, 671, 262, 7792.97, 20807, 19950
1694892685, 0, 11, 161, 0, 0, 8127.73, 3, 0, 0, 0.24, 672, 262, 7792.97, 20807, 19950
1694892688, 0, 11, 161, 0, 0, 8127.73, 3, 0, 0, 0.31, 673, 262, 7792.97, 20807, 19950
1694892693, 0, 11, 161, 0, 0, 8127.73, 3, 0, 0, 0.23, 674, 262, 7792.97, 20807, 19950
1694892697, 0, 11, 161, 0, 0, 8127.73, 3, 0, 0, 0.21, 675, 262, 7792.97, 20807, 19950
1694892702, 0, 11, 161, 0, 0, 8127.73, 3, 0, 0, 0.23, 676, 262, 7792.97, 20807, 19950
1694892706, 0, 11, 161, 0, 0, 8127.73, 3, 0, 0, 0.22, 677, 262, 7792.97, 20807, 19950
1694892711, 0, 11, 161, 0, 0, 8127.73, 3, 0, 0, 0.22, 678, 262, 7792.97, 20807, 19950
1694892715, 0, 11, 161, 0, 0, 8127.73, 3, 0, 0, 0.25, 679, 262, 7792.97, 20807, 19950
1694892717, 0, 11, 161, 0, 0, 8127.73, 3, 0, 0, 0.37, 680, 262, 7792.97, 20807, 19950
1694892722, 0, 11, 161, 0, 0, 8127.73, 3, 0, 0, 0.24, 681, 262, 7792.97, 20807, 19950
1694892725, 0, 11, 161, 0, 0, 8127.73, 3, 0, 0, 0.30, 682, 262, 7792.97, 20807, 19950
1694892728, 0, 11, 162, 0, 0, 8127.73, 3, 0, 0, 0.32, 683, 262, 7792.97, 20807, 19950
1694892732, 0, 11, 163, 0, 0, 8127.73, 3, 0, 0, 0.27, 684, 262, 7792.97, 20807, 19950
1694892739, 0, 11, 164, 0, 0, 8127.73, 3, 0, 0, 0.14, 685, 262, 7792.97, 20807, 19950
1694892742, 0, 11, 164, 0, 0, 8127.73, 3, 0, 0, 0.29, 686, 262, 7792.97, 20807, 19950
1694892746, 0, 11, 165, 0, 0, 8127.73, 3, 0, 0, 0.27, 687, 262, 7792.97, 20807, 19950
1694892750, 0, 11, 166, 0, 0, 8127.73, 3, 0, 0, 0.26, 688, 262, 7792.97, 20807, 19950
1694892754, 0, 11, 166, 0, 0, 8127.73, 3, 0, 0, 0.26, 689, 262, 7792.97, 20807, 19950
1694892758, 0, 11, 166, 0, 0, 8127.73, 3, 0, 0, 0.23, 690, 262, 7792.97, 20807, 19950
1694892761, 0, 11, 166, 0, 0, 8127.73, 3, 0, 0, 0.29, 691, 262, 7792.97, 20807, 19950
1694892765, 0, 11, 166, 0, 0, 8127.73, 3, 0, 0, 0.25, 692, 262, 7792.97, 20807, 19950
1694892769, 0, 11, 166, 0, 0, 8127.73, 3, 0, 0, 0.25, 693, 262, 7792.97, 20807, 19950
1694892774, 0, 11, 167, 0, 0, 8127.73, 3, 0, 0, 0.24, 694, 262, 7792.97, 20807, 19950
1694892776, 0, 11, 167, 0, 0, 8127.73, 3, 0, 0, 0.39, 695, 262, 7792.97, 20807, 19950
1694892781, 0, 11, 167, 0, 0, 8127.73, 3, 0, 0, 0.19, 696, 262, 7792.97, 20807, 19950
1694892786, 0, 11, 167, 0, 0, 8127.73, 3, 0, 0, 0.24, 697, 262, 7792.97, 20807, 19950
1694892790, 0, 11, 167, 0, 0, 8127.73, 3, 0, 0, 0.22, 698, 262, 7792.97, 20807, 19950
1694892793, 0, 11, 167, 0, 0, 8127.73, 3, 0, 0, 0.29, 699, 262, 7792.97, 20807, 19950
1694892798, 0, 11, 167, 0, 0, 8127.73, 3, 0, 0, 0.25, 700, 262, 7792.97, 20807, 19950
1694892802, 0, 11, 167, 0, 0, 8127.73, 3, 0, 0, 0.24, 701, 262, 7792.97, 20807, 19950
1694892805, 0, 11, 167, 0, 0, 8127.73, 3, 0, 0, 0.29, 702, 262, 7792.97, 20807, 19950
1694892809, 0, 11, 167, 0, 0, 8127.73, 3, 0, 0, 0.25, 703, 262, 7792.97, 20807, 19950
1694892813, 0, 11, 167, 0, 0, 8127.73, 3, 0, 0, 0.26, 704, 262, 7792.97, 20807, 19950
1694892817, 0, 11, 167, 0, 0, 8127.73, 3, 0, 0, 0.27, 705, 262, 7792.97, 20807, 19950
1694892820, 0, 11, 167, 0, 0, 8127.73, 3, 0, 0, 0.32, 706, 262, 7792.97, 20807, 19950
1694892823, 0, 11, 167, 0, 0, 8127.73, 3, 0, 0, 0.31, 707, 262, 7792.97, 20807, 19950
1694892827, 0, 11, 167, 0, 0, 8127.73, 3, 0, 0, 0.28, 708, 262, 7792.97, 20807, 19950
1694892830, 0, 11, 167, 0, 0, 8127.73, 3, 0, 0, 0.28, 709, 262, 7792.97, 20807, 19950
1694892834, 0, 11, 167, 0, 0, 8127.73, 3, 0, 0, 0.28, 710, 262, 7792.97, 20807, 19950
1694892837, 0, 11, 167, 0, 0, 8127.73, 3, 0, 0, 0.32, 711, 262, 7792.97, 20807, 19950
1694892841, 0, 11, 167, 0, 0, 8127.73, 3, 0, 0, 0.25, 712, 262, 7792.97, 20807, 19950
1694892846, 0, 11, 168, 0, 0, 8127.73, 3, 0, 0, 0.21, 713, 262, 7792.97, 20807, 19950
1694892849, 0, 11, 168, 0, 0, 8127.73, 3, 0, 0, 0.26, 714, 262, 7792.97, 20807, 19950
1694892853, 0, 11, 168, 0, 0, 8127.73, 3, 0, 0, 0.30, 715, 262, 7792.97, 20807, 19950
1694892857, 0, 11, 168, 0, 0, 8127.73, 3, 0, 0, 0.26, 716, 262, 7792.97, 20807, 19950
1694892860, 0, 11, 168, 0, 0, 8127.73, 3, 0, 0, 0.27, 717, 262, 7792.97, 20807, 19950
1694892864, 0, 11, 169, 0, 0, 8127.73, 3, 0, 0, 0.26, 718, 262, 7792.97, 20807, 19950
1694892868, 0, 11, 170, 0, 0, 8127.73, 3, 0, 0, 0.31, 719, 262, 7792.97, 20807, 19950
1694892872, 0, 11, 171, 0, 0, 8127.73, 3, 0, 0, 0.25, 720, 262, 7792.97, 20807, 19950
1694892876, 0, 11, 172, 0, 0, 8127.73, 3, 0, 0, 0.23, 721, 262, 7792.97, 20807, 19950
1694892879, 0, 11, 173, 0, 0, 8127.73, 3, 0, 0, 0.31, 722, 262, 7792.97, 20807, 19950
1694892882, 0, 11, 173, 0, 0, 8127.73, 3, 0, 0, 0.38, 723, 262, 7792.97, 20807, 19950
1694892886, 0, 11, 173, 0, 0, 8127.73, 3, 0, 0, 0.27, 724, 262, 7792.97, 20807, 19950
1694892889, 0, 11, 173, 0, 0, 8127.73, 3, 0, 0, 0.31, 725, 262, 7792.97, 20807, 19950
1694892892, 0, 11, 173, 0, 0, 8127.73, 3, 0, 0, 0.31, 726, 262, 7792.97, 20807, 19950
1694892896, 0, 11, 173, 0, 0, 8127.73, 3, 0, 0, 0.28, 727, 262, 7792.97, 20807, 19950
1694892900, 0, 11, 173, 0, 0, 8127.73, 3, 0, 0, 0.23, 728, 262, 7792.97, 20807, 19950
1694892904, 0, 11, 173, 0, 0, 8127.73, 3, 0, 0, 0.27, 729, 262, 7792.97, 20807, 19950
1694892908, 0, 11, 173, 0, 0, 8127.73, 3, 0, 0, 0.26, 730, 262, 7792.97, 20807, 19950
1694892911, 0, 11, 173, 0, 0, 8127.73, 3, 0, 0, 0.30, 731, 262, 7792.97, 20807, 19950
1694892915, 0, 11, 173, 0, 0, 8127.73, 3, 0, 0, 0.27, 732, 262, 7792.97, 20807, 19950
1694892918, 0, 11, 173, 0, 0, 8127.73, 3, 0, 0, 0.27, 733, 262, 7792.97, 20807, 19950
1694892922, 0, 11, 173, 0, 0, 8127.73, 3, 0, 0, 0.28, 734, 262, 7792.97, 20807, 19950
1694892925, 0, 11, 173, 0, 0, 8127.73, 3, 0, 0, 0.28, 735, 262, 7792.97, 20807, 19950
1694892930, 0, 11, 173, 0, 0, 8127.73, 3, 0, 0, 0.24, 736, 262, 7792.97, 20807, 19950
1694892934, 0, 11, 173, 0, 0, 8127.73, 3, 0, 0, 0.23, 737, 262, 7792.97, 20807, 19950
1694892938, 0, 11, 173, 0, 0, 8127.73, 3, 0, 0, 0.25, 738, 262, 7792.97, 20807, 19950
1694892942, 0, 11, 173, 0, 0, 8127.73, 3, 0, 0, 0.27, 739, 262, 7792.97, 20807, 19950
1694892946, 0, 11, 173, 0, 0, 8127.73, 3, 0, 0, 0.23, 740, 262, 7792.97, 20807, 19950
1694892951, 0, 11, 173, 0, 0, 8127.73, 3, 0, 0, 0.22, 741, 262, 7792.97, 20807, 19950
1694892954, 0, 11, 173, 0, 0, 8127.73, 3, 0, 0, 0.26, 742, 262, 7792.97, 20807, 19950
1694892959, 0, 11, 173, 0, 0, 8127.73, 3, 0, 0, 0.22, 743, 262, 7792.97, 20807, 19950
1694892964, 0, 11, 173, 0, 0, 8127.73, 3, 0, 0, 0.21, 744, 262, 7792.97, 20807, 19950
1694892967, 0, 11, 173, 0, 0, 8127.73, 3, 0, 0, 0.27, 745, 262, 7792.97, 20807, 19950
1694892971, 0, 11, 173, 0, 0, 8127.73, 3, 0, 0, 0.27, 746, 262, 7792.97, 20807, 19950
1694892976, 0, 11, 173, 0, 0, 8127.73, 3, 0, 0, 0.23, 747, 262, 7792.97, 20807, 19950
1694892979, 0, 11, 173, 0, 0, 8127.73, 3, 0, 0, 0.29, 748, 262, 7792.97, 20807, 19950
1694892982, 0, 11, 173, 0, 0, 8127.73, 3, 0, 0, 0.29, 749, 262, 7792.97, 20807, 19950
1694892986, 0, 11, 173, 0, 0, 8127.73, 3, 0, 0, 0.32, 750, 262, 7792.97, 20807, 19950
1694892990, 0, 11, 173, 0, 0, 8127.73, 3, 0, 0, 0.23, 751, 262, 7792.97, 20807, 19950
1694892994, 0, 11, 173, 0, 0, 8127.73, 3, 0, 0, 0.22, 752, 262, 7792.97, 20807, 19950
1694892998, 0, 11, 173, 0, 0, 8127.73, 3, 0, 0, 0.27, 753, 262, 7792.97, 20807, 19950
1694893001, 0, 11, 173, 0, 0, 8127.73, 3, 0, 0, 0.33, 754, 262, 7792.97, 20807, 19950
1694893005, 0, 11, 173, 0, 0, 8127.73, 3, 0, 0, 0.27, 755, 262, 7792.97, 20807, 19950
1694893008, 0, 11, 173, 0, 0, 8127.73, 3, 0, 0, 0.31, 756, 262, 7792.97, 20807, 19950
1694893012, 0, 11, 173, 0, 0, 8127.73, 3, 0, 0, 0.27, 757, 262, 7792.97, 20807, 19950
1694893015, 0, 11, 173, 0, 0, 8127.73, 3, 0, 0, 0.29, 758, 262, 7792.97, 20807, 19950
1694893020, 0, 11, 173, 0, 0, 8127.73, 3, 0, 0, 0.23, 759, 262, 7792.97, 20807, 19950
1694893024, 0, 11, 173, 0, 0, 8127.73, 3, 0, 0, 0.22, 760, 262, 7792.97, 20807, 19950
1694893028, 0, 11, 173, 0, 0, 8127.73, 3, 0, 0, 0.27, 761, 262, 7792.97, 20807, 19950
1694893031, 0, 11, 173, 0, 0, 8127.73, 3, 0, 0, 0.31, 762, 262, 7792.97, 20807, 19950
1694893036, 0, 11, 173, 0, 0, 8127.73, 3, 0, 0, 0.22, 763, 262, 7792.97, 20807, 19950
1694893040, 0, 11, 173, 0, 0, 8127.73, 3, 0, 0, 0.26, 764, 262, 7792.97, 20807, 19950
1694893043, 0, 11, 173, 0, 0, 8127.73, 3, 0, 0, 0.26, 765, 262, 7792.97, 20807, 19950
1694893047, 0, 11, 173, 0, 0, 8127.73, 3, 0, 0, 0.30, 766, 262, 7792.97, 20807, 19950
1694893051, 0, 11, 173, 0, 0, 8127.73, 3, 0, 0, 0.24, 767, 262, 7792.97, 20807, 19950
1694893055, 0, 11, 173, 0, 0, 8127.73, 3, 0, 0, 0.24, 768, 262, 7792.97, 20807, 19950
1694893059, 0, 11, 173, 0, 0, 8127.73, 3, 0, 0, 0.24, 769, 262, 7792.97, 20807, 19950
1694893062, 0, 11, 173, 0, 0, 8127.73, 3, 0, 0, 0.31, 770, 262, 7792.97, 20807, 19950
1694893067, 0, 11, 173, 0, 0, 8127.73, 3, 0, 0, 0.21, 771, 262, 7792.97, 20807, 19950
1694893071, 0, 11, 173, 0, 0, 8127.73, 3, 0, 0, 0.25, 772, 262, 7792.97, 20807, 19950
1694893075, 0, 11, 173, 0, 0, 8127.73, 3, 0, 0, 0.26, 773, 262, 7792.97, 20807, 19950
1694893078, 0, 11, 173, 0, 0, 8127.73, 3, 0, 0, 0.32, 774, 262, 7792.97, 20807, 19950
1694893083, 0, 11, 173, 0, 0, 8127.73, 3, 0, 0, 0.22, 775, 262, 7792.97, 20807, 19950
1694893088, 0, 11, 173, 0, 0, 8127.73, 3, 0, 0, 0.21, 776, 262, 7792.97, 20807, 19950
1694893092, 0, 11, 173, 0, 0, 8127.73, 3, 0, 0, 0.24, 777, 262, 7792.97, 20807, 19950
1694893097, 0, 11, 173, 0, 0, 8127.73, 3, 0, 0, 0.20, 778, 262, 7792.97, 20807, 19950
1694893102, 0, 11, 173, 0, 0, 8127.73, 3, 0, 0, 0.19, 779, 262, 7792.97, 20807, 19950
1694893106, 0, 11, 173, 0, 0, 8127.73, 3, 0, 0, 0.26, 780, 262, 7792.97, 20807, 19950
1694893110, 0, 11, 173, 0, 0, 8127.73, 3, 0, 0, 0.23, 781, 262, 7792.97, 20807, 19950
1694893114, 0, 11, 173, 0, 0, 8127.73, 3, 0, 0, 0.26, 782, 262, 7792.97, 20807, 19950
1694893118, 0, 11, 173, 0, 0, 8127.73, 3, 0, 0, 0.22, 783, 262, 7792.97, 20807, 19950
1694893123, 0, 11, 173, 0, 0, 8127.73, 3, 0, 0, 0.21, 784, 262, 7792.97, 20807, 19950
1694893127, 0, 11, 173, 0, 0, 8127.73, 3, 0, 0, 0.25, 785, 262, 7792.97, 20807, 19950
1694893131, 0, 11, 173, 0, 0, 8127.73, 3, 0, 0, 0.25, 786, 262, 7792.97, 20807, 19950
1694893136, 0, 11, 173, 0, 0, 8127.73, 3, 0, 0, 0.19, 787, 262, 7792.97, 20807, 19950
1694893141, 0, 11, 173, 0, 0, 8127.73, 3, 0, 0, 0.23, 788, 262, 7792.97, 20807, 19950
1694893145, 0, 11, 173, 0, 0, 8127.73, 3, 0, 0, 0.24, 789, 262, 7792.97, 20807, 19950
1694893149, 0, 11, 173, 0, 0, 8127.73, 3, 0, 0, 0.23, 790, 262, 7792.97, 20807, 19950
1694893154, 0, 11, 173, 0, 0, 8127.73, 3, 0, 0, 0.23, 791, 262, 7792.97, 20807, 19950
1694893158, 0, 11, 173, 0, 0, 8127.73, 3, 0, 0, 0.22, 792, 262, 7792.97, 20807, 19950
1694893162, 0, 11, 173, 0, 0, 8127.73, 3, 0, 0, 0.27, 793, 262, 7792.97, 20807, 19950
1694893167, 0, 11, 173, 0, 0, 8127.73, 3, 0, 0, 0.19, 794, 262, 7792.97, 20807, 19950
1694893171, 0, 11, 173, 0, 0, 8127.73, 3, 0, 0, 0.24, 795, 262, 7792.97, 20807, 19950
1694893177, 0, 11, 173, 0, 0, 8127.73, 3, 0, 0, 0.19, 796, 262, 7792.97, 20807, 19950
1694893182, 0, 11, 173, 0, 0, 8127.73, 3, 0, 0, 0.19, 797, 262, 7792.97, 20807, 19950
1694893187, 0, 11, 173, 0, 0, 8127.73, 3, 0, 0, 0.22, 798, 262, 7792.97, 20807, 19950
1694893191, 0, 11, 173, 0, 0, 8127.73, 3, 0, 0, 0.24, 799, 262, 7792.97, 20807, 19950
1694893195, 0, 11, 173, 0, 0, 8127.73, 3, 0, 0, 0.25, 800, 262, 7792.97, 20807, 19950
1694893200, 0, 11, 173, 0, 0, 8127.73, 3, 0, 0, 0.18, 801, 262, 7792.97, 20807, 19950
1694893205, 0, 11, 173, 0, 0, 8127.73, 3, 0, 0, 0.21, 802, 262, 7792.97, 20807, 19950
1694893210, 0, 11, 173, 0, 0, 8127.73, 3, 0, 0, 0.22, 803, 262, 7792.97, 20807, 19950
1694893215, 0, 11, 173, 0, 0, 8127.73, 3, 0, 0, 0.18, 804, 262, 7792.97, 20807, 19950
1694893220, 0, 11, 173, 0, 0, 8127.73, 3, 0, 0, 0.21, 805, 262, 7792.97, 20807, 19950
1694893224, 0, 11, 173, 0, 0, 8127.73, 3, 0, 0, 0.25, 806, 262, 7792.97, 20807, 19950
1694893228, 0, 11, 173, 0, 0, 8127.73, 3, 0, 0, 0.22, 807, 262, 7792.97, 20807, 19950
1694893233, 0, 11, 173, 0, 0, 8127.73, 3, 0, 0, 0.20, 808, 262, 7792.97, 20807, 19950
1694893237, 0, 11, 173, 0, 0, 8127.73, 3, 0, 0, 0.24, 809, 262, 7792.97, 20807, 19950
1694893242, 0, 11, 173, 0, 0, 8127.73, 3, 0, 0, 0.24, 810, 262, 7792.97, 20807, 19950
1694893245, 0, 11, 173, 0, 0, 8127.73, 3, 0, 0, 0.33, 811, 262, 7792.97, 20807, 19950
1694893249, 0, 11, 173, 0, 0, 8127.73, 3, 0, 0, 0.24, 812, 262, 7792.97, 20807, 19950
1694893253, 0, 11, 173, 0, 0, 8127.73, 3, 0, 0, 0.22, 813, 262, 7792.97, 20807, 19950
1694893258, 0, 11, 173, 0, 0, 8127.73, 3, 0, 0, 0.22, 814, 262, 7792.97, 20807, 19950
1694893262, 0, 11, 173, 0, 0, 8127.73, 3, 0, 0, 0.24, 815, 262, 7792.97, 20807, 19950
1694893267, 0, 11, 173, 0, 0, 8127.73, 3, 0, 0, 0.19, 816, 262, 7792.97, 20807, 19950
1694893272, 0, 11, 173, 0, 0, 8127.73, 3, 0, 0, 0.23, 817, 262, 7792.97, 20807, 19950
1694893276, 0, 11, 173, 0, 0, 8127.73, 3, 0, 0, 0.21, 818, 262, 7792.97, 20807, 19950
1694893281, 0, 11, 173, 0, 0, 8127.73, 3, 0, 0, 0.21, 819, 262, 7792.97, 20807, 19950
1694893286, 0, 11, 173, 0, 0, 8127.73, 3, 0, 0, 0.22, 820, 262, 7792.97, 20807, 19950
1694893290, 0, 11, 173, 0, 0, 8127.73, 3, 0, 0, 0.22, 821, 262, 7792.97, 20807, 19950
1694893294, 0, 11, 173, 0, 0, 8127.73, 3, 0, 0, 0.27, 822, 262, 7792.97, 20807, 19950
1694893298, 0, 11, 173, 0, 0, 8127.73, 3, 0, 0, 0.23, 823, 262, 7792.97, 20807, 19950
1694893302, 0, 11, 173, 0, 0, 8127.73, 3, 0, 0, 0.26, 824, 262, 7792.97, 20807, 19950
1694893308, 0, 11, 173, 0, 0, 8127.73, 3, 0, 0, 0.17, 825, 262, 7792.97, 20807, 19950
1694893312, 0, 11, 173, 0, 0, 8127.73, 3, 0, 0, 0.26, 826, 262, 7792.97, 20807, 19950
1694893317, 0, 11, 173, 0, 0, 8127.73, 3, 0, 0, 0.22, 827, 262, 7792.97, 20807, 19950
1694893322, 0, 11, 173, 0, 0, 8127.73, 3, 0, 0, 0.20, 828, 262, 7792.97, 20807, 19950
1694893327, 0, 11, 173, 0, 0, 8127.73, 3, 0, 0, 0.21, 829, 262, 7792.97, 20807, 19950
1694893331, 0, 11, 173, 0, 0, 8127.73, 3, 0, 0, 0.23, 830, 262, 7792.97, 20807, 19950
1694893336, 0, 11, 173, 0, 0, 8127.73, 3, 0, 0, 0.18, 831, 262, 7792.97, 20807, 19950
1694893342, 0, 11, 174, 0, 0, 8127.73, 3, 0, 0, 0.19, 832, 262, 7792.97, 20807, 19950
1694893347, 0, 11, 174, 0, 0, 8127.73, 3, 0, 0, 0.18, 833, 262, 7792.97, 20807, 19950
1694893352, 0, 11, 174, 0, 0, 8127.73, 3, 0, 0, 0.22, 834, 262, 7792.97, 20807, 19950
1694893356, 0, 11, 174, 0, 0, 8127.73, 3, 0, 0, 0.21, 835, 262, 7792.97, 20807, 19950
1694893360, 0, 11, 174, 0, 0, 8127.73, 3, 0, 0, 0.26, 836, 262, 7792.97, 20807, 19950
1694893365, 0, 11, 174, 0, 0, 8127.73, 3, 0, 0, 0.23, 837, 262, 7792.97, 20807, 19950
1694893369, 0, 11, 175, 0, 0, 8127.73, 3, 0, 0, 0.23, 838, 262, 7792.97, 20807, 19950
1694893375, 0, 11, 175, 0, 0, 8127.73, 3, 0, 0, 0.17, 839, 262, 7792.97, 20807, 19950
1694893380, 0, 11, 175, 0, 0, 8127.73, 3, 0, 0, 0.20, 840, 262, 7792.97, 20807, 19950
1694893384, 0, 11, 175, 0, 0, 8127.73, 3, 0, 0, 0.23, 841, 262, 7792.97, 20807, 19950
1694893389, 0, 11, 175, 0, 0, 8127.73, 3, 0, 0, 0.21, 842, 262, 7792.97, 20807, 19950
1694893394, 0, 11, 175, 0, 0, 8127.73, 3, 0, 0, 0.22, 843, 262, 7792.97, 20807, 19950
1694893398, 0, 11, 175, 0, 0, 8127.73, 3, 0, 0, 0.21, 844, 262, 7792.97, 20807, 19950
1694893403, 0, 11, 175, 0, 0, 8127.73, 3, 0, 0, 0.23, 845, 262, 7792.97, 20807, 19950
1694893407, 0, 11, 175, 0, 0, 8127.73, 3, 0, 0, 0.22, 846, 262, 7792.97, 20807, 19950
1694893412, 0, 11, 175, 0, 0, 8127.73, 3, 0, 0, 0.23, 847, 262, 7792.97, 20807, 19950
1694893415, 0, 11, 175, 0, 0, 8127.73, 3, 0, 0, 0.28, 848, 262, 7792.97, 20807, 19950
1694893420, 0, 11, 175, 0, 0, 8127.73, 3, 0, 0, 0.20, 849, 262, 7792.97, 20807, 19950
1694893425, 0, 11, 175, 0, 0, 8127.73, 3, 0, 0, 0.22, 850, 262, 7792.97, 20807, 19950
1694893429, 0, 11, 175, 0, 0, 8127.73, 3, 0, 0, 0.26, 851, 262, 7792.97, 20807, 19950
1694893432, 0, 11, 175, 0, 0, 8127.73, 3, 0, 0, 0.33, 852, 262, 7792.97, 20807, 19950
1694893436, 0, 11, 175, 0, 0, 8127.73, 3, 0, 0, 0.23, 853, 262, 7792.97, 20807, 19950
1694893440, 0, 11, 175, 0, 0, 8127.73, 3, 0, 0, 0.24, 854, 262, 7792.97, 20807, 19950
1694893445, 0, 11, 175, 0, 0, 8127.73, 3, 0, 0, 0.22, 855, 262, 7792.97, 20807, 19950
1694893448, 0, 11, 175, 0, 0, 8127.73, 3, 0, 0, 0.34, 856, 262, 7792.97, 20807, 19950
1694893452, 0, 11, 175, 0, 0, 8127.73, 3, 0, 0, 0.21, 857, 262, 7792.97, 20807, 19950
1694893457, 0, 11, 175, 0, 0, 8127.73, 3, 0, 0, 0.22, 858, 262, 7792.97, 20807, 19950
1694893461, 0, 11, 175, 0, 0, 8127.73, 3, 0, 0, 0.23, 859, 262, 7792.97, 20807, 19950
1694893467, 0, 11, 175, 0, 0, 8127.73, 3, 0, 0, 0.19, 860, 262, 7792.97, 20807, 19950
1694893471, 0, 11, 175, 0, 0, 8127.73, 3, 0, 0, 0.25, 861, 262, 7792.97, 20807, 19950
1694893475, 0, 11, 175, 0, 0, 8127.73, 3, 0, 0, 0.23, 862, 262, 7792.97, 20807, 19950
1694893479, 0, 11, 175, 0, 0, 8127.73, 3, 0, 0, 0.22, 863, 262, 7792.97, 20807, 19950
1694893485, 0, 11, 175, 0, 0, 8127.73, 3, 0, 0, 0.19, 864, 262, 7792.97, 20807, 19950
1694893489, 0, 11, 175, 0, 0, 8127.73, 3, 0, 0, 0.24, 865, 262, 7792.97, 20807, 19950
1694893493, 0, 11, 175, 0, 0, 8127.73, 3, 0, 0, 0.26, 866, 262, 7792.97, 20807, 19950
1694893497, 0, 11, 175, 0, 0, 8127.73, 3, 0, 0, 0.23, 867, 262, 7792.97, 20807, 19950
1694893502, 0, 11, 175, 0, 0, 8127.73, 3, 0, 0, 0.22, 868, 262, 7792.97, 20807, 19950
1694893506, 0, 11, 175, 0, 0, 8127.73, 3, 0, 0, 0.25, 869, 262, 7792.97, 20807, 19950
1694893509, 0, 11, 175, 0, 0, 8127.73, 3, 0, 0, 0.27, 870, 262, 7792.97, 20807, 19950
1694893514, 0, 11, 175, 0, 0, 8127.73, 3, 0, 0, 0.21, 871, 262, 7792.97, 20807, 19950
1694893519, 0, 11, 175, 0, 0, 8127.73, 3, 0, 0, 0.20, 872, 262, 7792.97, 20807, 19950
1694893524, 0, 11, 175, 0, 0, 8127.73, 3, 0, 0, 0.23, 873, 262, 7792.97, 20807, 19950
1694893528, 0, 11, 175, 0, 0, 8127.73, 3, 0, 0, 0.22, 874, 262, 7792.97, 20807, 19950
1694893533, 0, 11, 175, 0, 0, 8127.73, 3, 0, 0, 0.22, 875, 262, 7792.97, 20807, 19950
1694893538, 0, 11, 175, 0, 0, 8127.73, 3, 0, 0, 0.21, 876, 262, 7792.97, 20807, 19950
1694893542, 0, 11, 175, 0, 0, 8127.73, 3, 0, 0, 0.24, 877, 262, 7792.97, 20807, 19950
1694893548, 0, 11, 175, 0, 0, 8127.73, 3, 0, 0, 0.17, 878, 262, 7792.97, 20807, 19950
1694893552, 0, 11, 175, 0, 0, 8127.73, 3, 0, 0, 0.21, 879, 262, 7792.97, 20807, 19950
1694893557, 0, 11, 175, 0, 0, 8127.73, 3, 0, 0, 0.21, 880, 262, 7792.97, 20807, 19950
1694893562, 0, 11, 175, 0, 0, 8127.73, 3, 0, 0, 0.20, 881, 262, 7792.97, 20807, 19950
1694893568, 0, 11, 175, 0, 0, 8127.73, 3, 0, 0, 0.17, 882, 262, 7792.97, 20807, 19950
1694893572, 0, 11, 175, 0, 0, 8127.73, 3, 0, 0, 0.24, 883, 262, 7792.97, 20807, 19950
1694893576, 0, 11, 175, 0, 0, 8127.73, 3, 0, 0, 0.24, 884, 262, 7792.97, 20807, 19950
1694893581, 0, 11, 175, 0, 0, 8127.73, 3, 0, 0, 0.23, 885, 262, 7792.97, 20807, 19950
1694893585, 0, 11, 175, 0, 0, 8127.73, 3, 0, 0, 0.22, 886, 262, 7792.97, 20807, 19950
1694893589, 0, 11, 176, 0, 0, 8127.73, 3, 0, 0, 0.23, 887, 262, 7792.97, 20807, 19950
1694893593, 0, 11, 177, 0, 0, 8127.73, 3, 0, 0, 0.30, 888, 262, 7792.97, 20807, 19950
1694893598, 0, 11, 177, 0, 0, 8127.73, 3, 0, 0, 0.20, 889, 262, 7792.97, 20807, 19950
1694893604, 0, 11, 178, 0, 0, 8127.73, 3, 0, 0, 0.17, 890, 262, 7792.97, 20807, 19950
1694893609, 0, 11, 178, 0, 0, 8127.73, 3, 0, 0, 0.20, 891, 262, 7792.97, 20807, 19950
1694893613, 0, 11, 178, 0, 0, 8127.73, 3, 0, 0, 0.24, 892, 262, 7792.97, 20807, 19950
1694893619, 0, 11, 179, 0, 0, 8127.73, 3, 0, 0, 0.18, 893, 262, 7792.97, 20807, 19950
1694893623, 0, 11, 179, 0, 0, 8127.73, 3, 0, 0, 0.23, 894, 262, 7792.97, 20807, 19950
1694893627, 0, 11, 179, 0, 0, 8127.73, 3, 0, 0, 0.24, 895, 262, 7792.97, 20807, 19950
1694893632, 0, 11, 179, 0, 0, 8127.73, 3, 0, 0, 0.20, 896, 262, 7792.97, 20807, 19950
1694893637, 0, 11, 179, 0, 0, 8127.73, 3, 0, 0, 0.21, 897, 262, 7792.97, 20807, 19950
1694893641, 0, 11, 179, 0, 0, 8127.73, 3, 0, 0, 0.26, 898, 262, 7792.97, 20807, 19950
1694893644, 0, 11, 179, 0, 0, 8127.73, 3, 0, 0, 0.28, 899, 262, 7792.97, 20807, 19950
1694893649, 0, 11, 179, 0, 0, 8127.73, 3, 0, 0, 0.19, 900, 262, 7792.97, 20807, 19950
1694893654, 0, 11, 179, 0, 0, 8127.73, 3, 0, 0, 0.20, 901, 262, 7792.97, 20807, 19950
1694893659, 0, 11, 179, 0, 0, 8127.73, 3, 0, 0, 0.21, 902, 262, 7792.97, 20807, 19950
1694893663, 0, 11, 179, 0, 0, 8127.73, 3, 0, 0, 0.25, 903, 262, 7792.97, 20807, 19950
1694893668, 0, 11, 179, 0, 0, 8127.73, 3, 0, 0, 0.20, 904, 262, 7792.97, 20807, 19950
1694893672, 0, 11, 179, 0, 0, 8127.73, 3, 0, 0, 0.23, 905, 262, 7792.97, 20807, 19950
1694893676, 0, 11, 179, 0, 0, 8127.73, 3, 0, 0, 0.25, 906, 262, 7792.97, 20807, 19950
1694893680, 0, 11, 179, 0, 0, 8127.73, 3, 0, 0, 0.26, 907, 262, 7792.97, 20807, 19950
1694893686, 0, 11, 179, 0, 0, 8127.73, 3, 0, 0, 0.19, 908, 262, 7792.97, 20807, 19950
1694893691, 0, 11, 179, 0, 0, 8127.73, 3, 0, 0, 0.20, 909, 262, 7792.97, 20807, 19950
1694893695, 0, 11, 179, 0, 0, 8127.73, 3, 0, 0, 0.24, 910, 262, 7792.97, 20807, 19950
1694893699, 0, 11, 179, 0, 0, 8127.73, 3, 0, 0, 0.24, 911, 262, 7792.97, 20807, 19950
1694893704, 0, 11, 179, 0, 0, 8127.73, 3, 0, 0, 0.22, 912, 262, 7792.97, 20807, 19950
1694893708, 0, 11, 179, 0, 0, 8127.73, 3, 0, 0, 0.24, 913, 262, 7792.97, 20807, 19950
1694893712, 0, 11, 179, 0, 0, 8127.73, 3, 0, 0, 0.26, 914, 262, 7792.97, 20807, 19950
1694893717, 0, 11, 179, 0, 0, 8127.73, 3, 0, 0, 0.18, 915, 262, 7792.97, 20807, 19950
1694893722, 0, 11, 179, 0, 0, 8127.73, 3, 0, 0, 0.19, 916, 262, 7792.97, 20807, 19950
1694893727, 0, 11, 179, 0, 0, 8127.73, 3, 0, 0, 0.23, 917, 262, 7792.97, 20807, 19950
1694893730, 0, 11, 179, 0, 0, 8127.73, 3, 0, 0, 0.27, 918, 262, 7792.97, 20807, 19950
1694893735, 0, 11, 179, 0, 0, 8127.73, 3, 0, 0, 0.21, 919, 262, 7792.97, 20807, 19950
1694893740, 0, 11, 179, 0, 0, 8127.73, 3, 0, 0, 0.20, 920, 262, 7792.97, 20807, 19950
1694893744, 0, 11, 179, 0, 0, 8127.73, 3, 0, 0, 0.23, 921, 262, 7792.97, 20807, 19950
1694893749, 0, 11, 180, 0, 0, 8127.73, 3, 0, 0, 0.23, 922, 262, 7792.97, 20807, 19950
1694893754, 0, 11, 181, 0, 0, 8127.73, 3, 0, 0, 0.18, 923, 262, 7792.97, 20807, 19950
1694893759, 0, 11, 181, 0, 0, 8127.73, 3, 0, 0, 0.21, 924, 262, 7792.97, 20807, 19950
1694893764, 0, 11, 181, 0, 0, 8127.73, 3, 0, 0, 0.21, 925, 262, 7792.97, 20807, 19950
1694893769, 0, 11, 181, 0, 0, 8127.73, 3, 0, 0, 0.19, 926, 262, 7792.97, 20807, 19950
1694893775, 0, 11, 181, 0, 0, 8127.73, 3, 0, 0, 0.16, 927, 262, 7792.97, 20807, 19950
1694893780, 0, 11, 181, 0, 0, 8127.73, 3, 0, 0, 0.19, 928, 262, 7792.97, 20807, 19950
1694893785, 0, 11, 181, 0, 0, 8127.73, 3, 0, 0, 0.21, 929, 262, 7792.97, 20807, 19950
1694893790, 0, 11, 181, 0, 0, 8127.73, 3, 0, 0, 0.22, 930, 262, 7792.97, 20807, 19950
1694893795, 0, 11, 181, 0, 0, 8127.73, 3, 0, 0, 0.19, 931, 262, 7792.97, 20807, 19950
1694893801, 0, 11, 181, 0, 0, 8127.73, 3, 0, 0, 0.18, 932, 262, 7792.97, 20807, 19950
1694893805, 0, 11, 181, 0, 0, 8127.73, 3, 0, 0, 0.22, 933, 262, 7792.97, 20807, 19950
1694893810, 0, 11, 181, 0, 0, 8127.73, 3, 0, 0, 0.23, 934, 262, 7792.97, 20807, 19950
1694893815, 0, 11, 181, 0, 0, 8127.73, 3, 0, 0, 0.17, 935, 262, 7792.97, 20807, 19950
1694893821, 0, 11, 181, 0, 0, 8127.73, 3, 0, 0, 0.18, 936, 262, 7792.97, 20807, 19950
1694893826, 0, 11, 181, 0, 0, 8127.73, 3, 0, 0, 0.19, 937, 262, 7792.97, 20807, 19950
1694893834, 0, 11, 182, 0, 0, 8127.73, 3, 0, 0, 0.14, 938, 262, 7792.97, 20807, 19950
1694893839, 0, 11, 182, 0, 0, 8127.73, 3, 0, 0, 0.20, 939, 262, 7792.97, 20807, 19950
1694893843, 0, 11, 182, 0, 0, 8127.73, 3, 0, 0, 0.21, 940, 262, 7792.97, 20807, 19950
1694893849, 0, 11, 182, 0, 0, 8127.73, 3, 0, 0, 0.18, 941, 262, 7792.97, 20807, 19950
1694893853, 0, 11, 182, 0, 0, 8127.73, 3, 0, 0, 0.24, 942, 262, 7792.97, 20807, 19950
1694893859, 0, 11, 182, 0, 0, 8127.73, 3, 0, 0, 0.17, 943, 262, 7792.97, 20807, 19950
1694893863, 0, 11, 182, 0, 0, 8127.73, 3, 0, 0, 0.25, 943, 263, 7792.97, 20807, 19950
1694893868, 0, 11, 183, 0, 0, 8127.73, 3, 0, 0, 0.20, 944, 263, 7792.97, 20807, 19950
1694893872, 0, 11, 183, 0, 0, 8127.73, 3, 0, 0, 0.22, 945, 263, 7792.97, 20807, 19950
1694893879, 0, 11, 183, 0, 0, 8127.73, 3, 0, 0, 0.16, 946, 263, 7792.97, 20807, 19950
1694893884, 0, 11, 183, 0, 0, 8127.73, 3, 0, 0, 0.20, 947, 263, 7792.97, 20807, 19950
1694893889, 0, 11, 183, 0, 0, 8127.73, 3, 0, 0, 0.18, 948, 263, 7792.97, 20807, 19950
1694893894, 0, 11, 183, 0, 0, 8127.73, 3, 0, 0, 0.24, 949, 263, 7792.97, 20807, 19950
1694893900, 0, 11, 183, 0, 0, 8127.73, 3, 0, 0, 0.16, 950, 263, 7792.97, 20807, 19950
1694893906, 0, 11, 183, 0, 0, 8127.73, 3, 0, 0, 0.17, 951, 263, 7792.97, 20807, 19950
1694893912, 0, 11, 183, 0, 0, 8127.73, 3, 0, 0, 0.16, 952, 263, 7792.97, 20807, 19950
1694893918, 0, 11, 183, 0, 0, 8127.73, 3, 0, 0, 0.15, 953, 263, 7792.97, 20807, 19950
1694893924, 0, 11, 183, 0, 0, 8127.73, 3, 0, 0, 0.19, 954, 263, 7792.97, 20807, 19950
1694893929, 0, 11, 183, 0, 0, 8127.73, 3, 0, 0, 0.20, 955, 263, 7792.97, 20807, 19950
1694893934, 0, 11, 183, 0, 0, 8127.73, 3, 0, 0, 0.18, 956, 263, 7792.97, 20807, 19950
1694893941, 0, 11, 183, 0, 0, 8127.73, 3, 0, 0, 0.16, 957, 263, 7792.97, 20807, 19950
1694893946, 0, 11, 183, 0, 0, 8127.73, 3, 0, 0, 0.18, 958, 263, 7792.97, 20807, 19950
1694893953, 0, 11, 183, 0, 0, 8127.73, 3, 0, 0, 0.16, 959, 263, 7792.97, 20807, 19950
1694893959, 0, 11, 183, 0, 0, 8127.73, 3, 0, 0, 0.16, 960, 263, 7792.97, 20807, 19950
1694893965, 0, 11, 183, 0, 0, 8127.73, 3, 0, 0, 0.17, 961, 263, 7792.97, 20807, 19950
1694893970, 0, 11, 184, 0, 0, 8127.73, 3, 0, 0, 0.20, 962, 263, 7792.97, 20807, 19950
1694893974, 0, 11, 184, 0, 0, 8127.73, 3, 0, 0, 0.21, 963, 263, 7792.97, 20807, 19950
1694893981, 0, 11, 184, 0, 0, 8127.73, 3, 0, 0, 0.16, 964, 263, 7792.97, 20807, 19950
1694893986, 0, 11, 184, 0, 0, 8127.73, 3, 0, 0, 0.18, 965, 263, 7792.97, 20807, 19950
1694893992, 0, 11, 184, 0, 0, 8127.73, 3, 0, 0, 0.19, 966, 263, 7792.97, 20807, 19950
1694893996, 0, 11, 184, 0, 0, 8127.73, 3, 0, 0, 0.24, 967, 263, 7792.97, 20807, 19950
1694894002, 0, 11, 184, 0, 0, 8127.73, 3, 0, 0, 0.17, 968, 263, 7792.97, 20807, 19950
1694894007, 0, 11, 184, 0, 0, 8127.73, 3, 0, 0, 0.19, 969, 263, 7792.97, 20807, 19950
1694894012, 0, 11, 184, 0, 0, 8127.73, 3, 0, 0, 0.18, 970, 263, 7792.97, 20807, 19950
1694894017, 0, 11, 184, 0, 0, 8127.73, 3, 0, 0, 0.20, 971, 263, 7792.97, 20807, 19950
1694894023, 0, 11, 184, 0, 0, 8127.73, 3, 0, 0, 0.17, 972, 263, 7792.97, 20807, 19950
1694894028, 0, 11, 184, 0, 0, 8127.73, 3, 0, 0, 0.20, 973, 263, 7792.97, 20807, 19950
1694894033, 0, 11, 184, 0, 0, 8127.73, 3, 0, 0, 0.22, 974, 263, 7792.97, 20807, 19950
1694894038, 0, 11, 184, 0, 0, 8127.73, 3, 0, 0, 0.18, 975, 263, 7792.97, 20807, 19950
1694894043, 0, 11, 184, 0, 0, 8127.73, 3, 0, 0, 0.21, 976, 263, 7792.97, 20807, 19950
1694894048, 0, 11, 184, 0, 0, 8127.73, 3, 0, 0, 0.19, 977, 263, 7792.97, 20807, 19950
1694894053, 0, 11, 184, 0, 0, 8127.73, 3, 0, 0, 0.19, 978, 263, 7792.97, 20807, 19950
1694894058, 0, 11, 184, 0, 0, 8127.73, 3, 0, 0, 0.20, 979, 263, 7792.97, 20807, 19950
1694894063, 0, 11, 184, 0, 0, 8127.73, 3, 0, 0, 0.20, 980, 263, 7792.97, 20807, 19950
1694894068, 0, 11, 184, 0, 0, 8127.73, 3, 0, 0, 0.20, 981, 263, 7792.97, 20807, 19950
1694894074, 0, 11, 184, 0, 0, 8127.73, 3, 0, 0, 0.19, 982, 263, 7792.97, 20807, 19950
1694894080, 0, 11, 184, 0, 0, 8127.73, 3, 0, 0, 0.15, 983, 263, 7792.97, 20807, 19950
1694894086, 0, 11, 184, 0, 0, 8127.73, 3, 0, 0, 0.19, 984, 263, 7792.97, 20807, 19950
1694894090, 0, 11, 184, 0, 0, 8127.73, 3, 0, 0, 0.22, 985, 263, 7792.97, 20807, 19950
1694894094, 0, 11, 184, 0, 0, 8127.73, 3, 0, 0, 0.23, 986, 263, 7792.97, 20807, 19950
1694894101, 0, 11, 184, 0, 0, 8127.73, 3, 0, 0, 0.16, 987, 263, 7792.97, 20807, 19950
1694894106, 0, 11, 184, 0, 0, 8127.73, 3, 0, 0, 0.17, 988, 263, 7792.97, 20807, 19950
1694894113, 0, 11, 184, 0, 0, 8127.73, 3, 0, 0, 0.16, 989, 263, 7792.97, 20807, 19950
1694894118, 0, 11, 184, 0, 0, 8127.73, 3, 0, 0, 0.20, 990, 263, 7792.97, 20807, 19950
1694894123, 0, 11, 184, 0, 0, 8127.73, 3, 0, 0, 0.21, 991, 263, 7792.97, 20807, 19950
1694894128, 0, 11, 184, 0, 0, 8127.73, 3, 0, 0, 0.17, 992, 263, 7792.97, 20807, 19950
1694894134, 0, 11, 184, 0, 0, 8127.73, 3, 0, 0, 0.17, 993, 263, 7792.97, 20807, 19950
1694894138, 0, 11, 184, 0, 0, 8127.73, 3, 0, 0, 0.28, 994, 263, 7792.97, 20807, 19950
1694894143, 0, 11, 184, 0, 0, 8127.73, 3, 0, 0, 0.18, 995, 263, 7792.97, 20807, 19950
1694894149, 0, 11, 184, 0, 0, 8127.73, 3, 0, 0, 0.18, 996, 263, 7792.97, 20807, 19950
1694894154, 0, 11, 184, 0, 0, 8127.73, 3, 0, 0, 0.21, 997, 263, 7792.97, 20807, 19950
1694894158, 0, 11, 184, 0, 0, 8127.73, 3, 0, 0, 0.23, 998, 263, 7792.97, 20807, 19950
1694894164, 0, 11, 184, 0, 0, 8127.73, 3, 0, 0, 0.17, 999, 263, 7792.97, 20807, 19950
1694894170, 0, 11, 184, 0, 0, 8127.73, 3, 0, 0, 0.19, 1000, 263, 7792.97, 20807, 19950
1694894176, 0, 11, 184, 0, 0, 8127.73, 3, 0, 0, 0.16, 1001, 263, 7792.97, 20807, 19950
1694894181, 0, 11, 184, 0, 0, 8127.73, 3, 0, 0, 0.19, 1002, 263, 7792.97, 20807, 19950
1694894186, 0, 11, 184, 0, 0, 8127.73, 3, 0, 0, 0.20, 1003, 263, 7792.97, 20807, 19950
1694894192, 0, 11, 184, 0, 0, 8127.73, 3, 0, 0, 0.18, 1004, 263, 7792.97, 20807, 19950
1694894197, 0, 11, 184, 0, 0, 8127.73, 3, 0, 0, 0.21, 1005, 263, 7792.97, 20807, 19950
1694894202, 0, 11, 184, 0, 0, 8127.73, 3, 0, 0, 0.20, 1006, 263, 7792.97, 20807, 19950
1694894208, 0, 11, 184, 0, 0, 8127.73, 3, 0, 0, 0.15, 1007, 263, 7792.97, 20807, 19950
1694894214, 0, 11, 184, 0, 0, 8127.73, 3, 0, 0, 0.17, 1008, 263, 7792.97, 20807, 19950
1694894219, 0, 11, 184, 0, 0, 8127.73, 3, 0, 0, 0.19, 1009, 263, 7792.97, 20807, 19950
1694894226, 0, 11, 184, 0, 0, 8127.73, 3, 0, 0, 0.15, 1010, 263, 7792.97, 20807, 19950
1694894232, 0, 11, 184, 0, 0, 8127.73, 3, 0, 0, 0.16, 1011, 263, 7792.97, 20807, 19950
1694894237, 0, 11, 184, 0, 0, 8127.73, 3, 0, 0, 0.22, 1012, 263, 7792.97, 20807, 19950
1694894242, 0, 11, 184, 0, 0, 8127.73, 3, 0, 0, 0.18, 1013, 263, 7792.97, 20807, 19950
1694894248, 0, 11, 184, 0, 0, 8127.73, 3, 0, 0, 0.17, 1014, 263, 7792.97, 20807, 19950
1694894254, 0, 11, 184, 0, 0, 8127.73, 3, 0, 0, 0.17, 1015, 263, 7792.97, 20807, 19950
1694894259, 0, 11, 184, 0, 0, 8127.73, 3, 0, 0, 0.21, 1016, 263, 7792.97, 20807, 19950
1694894263, 0, 11, 184, 0, 0, 8127.73, 3, 0, 0, 0.23, 1017, 263, 7792.97, 20807, 19950
1694894268, 0, 11, 184, 0, 0, 8127.73, 3, 0, 0, 0.19, 1018, 263, 7792.97, 20807, 19950
1694894273, 0, 11, 184, 0, 0, 8127.73, 3, 0, 0, 0.19, 1019, 263, 7792.97, 20807, 19950
1694894279, 0, 11, 184, 0, 0, 8127.73, 3, 0, 0, 0.19, 1020, 263, 7792.97, 20807, 19950
1694894283, 0, 11, 184, 0, 0, 8127.73, 3, 0, 0, 0.22, 1021, 263, 7792.97, 20807, 19950
1694894289, 0, 11, 184, 0, 0, 8127.73, 3, 0, 0, 0.17, 1022, 263, 7792.97, 20807, 19950
1694894295, 0, 11, 184, 0, 0, 8127.73, 3, 0, 0, 0.17, 1023, 263, 7792.97, 20807, 19950
1694894300, 0, 11, 184, 0, 0, 8127.73, 3, 0, 0, 0.18, 1024, 263, 7792.97, 20807, 19950
1694894305, 0, 11, 184, 0, 0, 8127.73, 3, 0, 0, 0.20, 1025, 263, 7792.97, 20807, 19950
1694894311, 0, 11, 184, 0, 0, 8127.73, 3, 0, 0, 0.19, 1026, 263, 7792.97, 20807, 19950
1694894316, 0, 11, 184, 0, 0, 8127.73, 3, 0, 0, 0.20, 1027, 263, 7792.97, 20807, 19950
1694894321, 0, 11, 184, 0, 0, 8127.73, 3, 0, 0, 0.21, 1028, 263, 7792.97, 20807, 19950
1694894326, 0, 11, 185, 0, 0, 8127.73, 3, 0, 0, 0.18, 1029, 263, 7792.97, 20807, 19950
1694894331, 0, 11, 185, 0, 0, 8127.73, 3, 0, 0, 0.21, 1030, 263, 7792.97, 20807, 19950
1694894335, 0, 11, 185, 0, 0, 8127.73, 3, 0, 0, 0.23, 1031, 263, 7792.97, 20807, 19950
1694894340, 0, 11, 185, 0, 0, 8127.73, 3, 0, 0, 0.23, 1032, 263, 7792.97, 20807, 19950
1694894345, 0, 11, 185, 0, 0, 8127.73, 3, 0, 0, 0.19, 1033, 263, 7792.97, 20807, 19950
1694894351, 0, 11, 185, 0, 0, 8127.73, 3, 0, 0, 0.15, 1034, 263, 7792.97, 20807, 19950
1694894356, 0, 11, 185, 0, 0, 8127.73, 3, 0, 0, 0.20, 1035, 263, 7792.97, 20807, 19950
1694894362, 0, 11, 185, 0, 0, 8127.73, 3, 0, 0, 0.19, 1036, 263, 7792.97, 20807, 19950
1694894368, 0, 11, 185, 0, 0, 8127.73, 3, 0, 0, 0.16, 1037, 263, 7792.97, 20807, 19950
1694894373, 0, 11, 185, 0, 0, 8127.73, 3, 0, 0, 0.18, 1038, 263, 7792.97, 20807, 19950
1694894379, 0, 11, 185, 0, 0, 8127.73, 3, 0, 0, 0.19, 1039, 263, 7792.97, 20807, 19950
1694894384, 0, 11, 185, 0, 0, 8127.73, 3, 0, 0, 0.20, 1040, 263, 7792.97, 20807, 19950
1694894390, 0, 11, 185, 0, 0, 8127.73, 3, 0, 0, 0.16, 1041, 263, 7792.97, 20807, 19950
1694894395, 0, 11, 185, 0, 0, 8127.73, 3, 0, 0, 0.21, 1042, 263, 7792.97, 20807, 19950
1694894399, 0, 11, 185, 0, 0, 8127.73, 3, 0, 0, 0.23, 1043, 263, 7792.97, 20807, 19950
1694894405, 0, 11, 185, 0, 0, 8127.73, 3, 0, 0, 0.17, 1044, 263, 7792.97, 20807, 19950
1694894428, 0, 11, 186, 0, 0, 8127.73, 3, 0, 0, 0.04, 1045, 263, 7792.97, 20807, 19950
1694894435, 0, 11, 186, 0, 0, 8127.73, 3, 0, 0, 0.15, 1046, 263, 7792.97, 20807, 19950
1694894441, 0, 11, 186, 0, 0, 8127.73, 3, 0, 0, 0.17, 1047, 263, 7792.97, 20807, 19950
1694894447, 0, 11, 186, 0, 0, 8127.73, 3, 0, 0, 0.17, 1048, 263, 7792.97, 20807, 19950
1694894452, 0, 11, 186, 0, 0, 8127.73, 3, 0, 0, 0.20, 1049, 263, 7792.97, 20807, 19950
1694894458, 0, 11, 186, 0, 0, 8127.73, 3, 0, 0, 0.16, 1050, 263, 7792.97, 20807, 19950
1694894464, 0, 11, 186, 0, 0, 8127.73, 3, 0, 0, 0.16, 1051, 263, 7792.97, 20807, 19950
1694894469, 0, 11, 186, 0, 0, 8127.73, 3, 0, 0, 0.20, 1052, 263, 7792.97, 20807, 19950
1694894474, 0, 11, 186, 0, 0, 8127.73, 3, 0, 0, 0.23, 1053, 263, 7792.97, 20807, 19950
1694894480, 0, 11, 186, 0, 0, 8127.73, 3, 0, 0, 0.16, 1054, 263, 7792.97, 20807, 19950
1694894486, 0, 11, 186, 0, 0, 8127.73, 3, 0, 0, 0.16, 1055, 263, 7792.97, 20807, 19950
1694894492, 0, 11, 186, 0, 0, 8127.73, 3, 0, 0, 0.17, 1056, 263, 7792.97, 20807, 19950
1694894499, 0, 11, 186, 0, 0, 8127.73, 3, 0, 0, 0.15, 1057, 263, 7792.97, 20807, 19950
1694894504, 0, 11, 186, 0, 0, 8127.73, 3, 0, 0, 0.18, 1058, 263, 7792.97, 20807, 19950
1694894510, 0, 11, 186, 0, 0, 8127.73, 3, 0, 0, 0.17, 1059, 263, 7792.97, 20807, 19950
1694894515, 0, 11, 186, 0, 0, 8127.73, 3, 0, 0, 0.19, 1060, 263, 7792.97, 20807, 19950
1694894522, 0, 11, 186, 0, 0, 8127.73, 3, 0, 0, 0.15, 1061, 263, 7792.97, 20807, 19950
1694894529, 0, 11, 186, 0, 0, 8127.73, 3, 0, 0, 0.15, 1062, 263, 7792.97, 20807, 19950
1694894529, 0, 12, 186, 0, 0, 8127.73, 3, 0, 0, 2.34, 1063, 263, 7792.97, 20807, 19950
1694894530, 0, 12, 187, 0, 0, 8144.53, 3, 0, 0, 1.26, 1064, 263, 7809.77, 20850, 19993
1694894530, 0, 12, 188, 0, 0, 8145.31, 3, 0, 0, 2.22, 1064, 264, 7809.77, 20852, 19993
1694894531, 0, 12, 189, 0, 0, 8145.70, 3, 0, 0, 2.78, 1065, 264, 7810.16, 20853, 19994
1694894531, 0, 12, 189, 0, 0, 8145.70, 3, 0, 0, 2.81, 1065, 265, 7810.16, 20853, 19994
1694894531, 0, 12, 190, 0, 0, 8146.48, 3, 0, 0, 2.09, 1066, 265, 7810.94, 20855, 19996
1694894532, 0, 12, 190, 0, 0, 8146.48, 3, 0, 0, 1.48, 1067, 265, 7810.94, 20855, 19996
1694894533, 0, 12, 190, 0, 0, 8146.48, 3, 0, 0, 2.17, 1068, 265, 7810.94, 20855, 19996
1694894533, 0, 12, 190, 0, 0, 8146.48, 3, 0, 0, 2.36, 1068, 266, 7810.94, 20855, 19996
1694894533, 0, 12, 190, 0, 0, 8146.48, 3, 0, 0, 2.27, 1069, 266, 7810.94, 20855, 19996
1694894534, 0, 12, 190, 0, 0, 8146.48, 3, 0, 0, 1.53, 1070, 266, 7810.94, 20855, 19996
1694894535, 0, 12, 190, 0, 0, 8146.48, 3, 0, 0, 2.03, 1071, 266, 7810.94, 20855, 19996
1694894535, 0, 12, 191, 0, 0, 8147.27, 3, 0, 0, 2.79, 1071, 267, 7810.94, 20857, 19996
1694894536, 0, 12, 191, 0, 0, 8147.27, 3, 0, 0, 3.09, 1073, 267, 7810.94, 20857, 19996
1694894536, 0, 12, 191, 0, 0, 8147.27, 3, 0, 0, 2.49, 1073, 268, 7810.94, 20857, 19996
1694894536, 0, 12, 191, 0, 0, 8147.27, 3, 0, 0, 2.35, 1074, 268, 7810.94, 20857, 19996
1694894537, 0, 12, 191, 0, 0, 8147.27, 3, 0, 0, 3.09, 1074, 269, 7810.94, 20857, 19996
1694894537, 0, 12, 191, 0, 0, 8147.27, 3, 0, 0, 2.76, 1075, 269, 7810.94, 20857, 19996
1694894538, 0, 12, 191, 0, 0, 8147.27, 3, 0, 0, 1.34, 1076, 269, 7810.94, 20857, 19996
1694894538, 0, 12, 191, 0, 0, 8147.27, 3, 0, 0, 2.55, 1077, 269, 7810.94, 20857, 19996
1694894539, 0, 12, 191, 0, 0, 8147.27, 3, 0, 0, 1.89, 1077, 270, 7810.94, 20857, 19996
1694894540, 0, 12, 191, 0, 0, 8147.27, 3, 0, 0, 1.11, 1077, 271, 7810.94, 20857, 19996
1694894540, 0, 12, 191, 0, 0, 8147.27, 3, 0, 0, 1.30, 1078, 271, 7810.94, 20857, 19996
1694894541, 0, 12, 191, 0, 0, 8147.27, 3, 0, 0, 2.73, 1079, 271, 7810.94, 20857, 19996
1694894542, 0, 12, 191, 0, 0, 8147.27, 3, 0, 0, 1.04, 1080, 271, 7810.94, 20857, 19996
1694894542, 0, 12, 191, 0, 0, 8147.27, 3, 0, 0, 1.96, 1081, 271, 7810.94, 20857, 19996
1694894543, 0, 12, 191, 0, 0, 8147.27, 3, 0, 0, 2.45, 1082, 271, 7810.94, 20857, 19996
1694894543, 0, 12, 191, 0, 0, 8147.27, 3, 0, 0, 2.41, 1083, 271, 7810.94, 20857, 19996
1694894544, 0, 12, 191, 0, 0, 8147.27, 3, 0, 0, 2.69, 1084, 272, 7810.94, 20857, 19996
1694894544, 0, 12, 191, 0, 0, 8147.27, 3, 0, 0, 4.24, 1085, 273, 7810.94, 20857, 19996
1694894545, 0, 12, 191, 0, 0, 8147.27, 3, 0, 0, 4.56, 1086, 274, 7810.94, 20857, 19996
1694894545, 0, 12, 191, 0, 0, 8147.27, 3, 0, 0, 3.96, 1088, 274, 7810.94, 20857, 19996
1694894546, 0, 12, 191, 0, 0, 8147.27, 3, 0, 0, 4.55, 1090, 274, 7810.94, 20857, 19996
1694894554, 0, 12, 191, 0, 0, 8147.27, 3, 0, 0, 0.24, 1092, 274, 7810.94, 20857, 19996
1694894555, 0, 12, 191, 0, 0, 8147.27, 3, 0, 0, 1.45, 1093, 274, 7810.94, 20857, 19996
1694894555, 0, 12, 191, 0, 0, 8147.27, 3, 0, 0, 1.86, 1094, 274, 7810.94, 20857, 19996
1694894556, 0, 12, 191, 0, 0, 8147.27, 3, 0, 0, 2.14, 1095, 274, 7810.94, 20857, 19996
1694894556, 0, 12, 191, 0, 0, 8147.27, 3, 0, 0, 2.67, 1096, 274, 7810.94, 20857, 19996
1694894557, 0, 12, 191, 0, 0, 8147.27, 3, 0, 0, 1.15, 1097, 274, 7810.94, 20857, 19996
1694894557, 0, 12, 191, 0, 0, 8147.27, 3, 0, 0, 2.98, 1097, 275, 7810.94, 20857, 19996
1694894558, 0, 12, 191, 0, 0, 8147.27, 3, 0, 0, 1.68, 1098, 275, 7810.94, 20857, 19996
1694894558, 0, 12, 191, 0, 0, 8147.27, 3, 0, 0, 3.23, 1099, 275, 7810.94, 20857, 19996
1694894559, 0, 12, 191, 0, 0, 8147.27, 3, 0, 0, 1.63, 1099, 276, 7810.94, 20857, 19996
1694894559, 0, 12, 191, 0, 0, 8147.27, 3, 0, 0, 1.99, 1100, 276, 7810.94, 20857, 19996
1694894560, 0, 12, 191, 0, 0, 8147.27, 3, 0, 0, 2.97, 1101, 276, 7810.94, 20857, 19996
1694894560, 0, 12, 191, 0, 0, 8147.27, 3, 0, 0, 2.56, 1102, 276, 7810.94, 20857, 19996
1694894566, 0, 12, 191, 0, 0, 8147.27, 3, 0, 0, 0.32, 1103, 277, 7810.94, 20857, 19996
1694894567, 0, 12, 191, 0, 0, 8147.27, 3, 0, 0, 2.02, 1103, 278, 7810.94, 20857, 19996
1694894567, 0, 12, 191, 0, 0, 8147.27, 3, 0, 0, 2.55, 1104, 278, 7810.94, 20857, 19996
1694894567, 0, 12, 191, 0, 0, 8147.27, 3, 0, 0, 2.40, 1105, 278, 7810.94, 20857, 19996
1694894568, 0, 12, 191, 0, 0, 8147.27, 3, 0, 0, 1.59, 1105, 279, 7810.94, 20857, 19996
1694894568, 0, 12, 191, 0, 0, 8147.27, 3, 0, 0, 2.51, 1106, 279, 7810.94, 20857, 19996
1694894569, 0, 13, 191, 0, 0, 8147.27, 3, 0, 0, 4.05, 1107, 280, 7810.94, 20857, 19996
1694894569, 0, 13, 191, 0, 0, 8147.27, 3, 0, 0, 4.42, 1107, 282, 7810.94, 20857, 19996
1694894570, 0, 13, 191, 0, 0, 8147.27, 3, 0, 0, 3.11, 1107, 284, 7810.94, 20857, 19996
1694894570, 0, 13, 191, 0, 0, 8147.27, 3, 0, 0, 2.35, 1108, 284, 7810.94, 20857, 19996
1694894571, 0, 13, 191, 0, 0, 8147.27, 3, 0, 0, 3.38, 1108, 286, 7810.94, 20857, 19996
1694894583, 0, 13, 192, 0, 0, 8188.67, 3, 0, 0, 0.09, 1109, 286, 7852.34, 20963, 20102
1694894583, 0, 13, 192, 0, 0, 8188.67, 3, 0, 0, 1.72, 1109, 287, 7852.34, 20963, 20102
1694894584, 0, 13, 192, 0, 0, 8188.67, 3, 0, 0, 2.23, 1110, 288, 7852.34, 20963, 20102
1694894585, 0, 13, 192, 0, 0, 8188.67, 3, 0, 0, 2.03, 1110, 289, 7852.34, 20963, 20102
1694894586, 0, 13, 192, 0, 0, 8188.67, 3, 0, 0, 2.08, 1110, 291, 7852.34, 20963, 20102
1694894586, 0, 13, 192, 0, 0, 8188.67, 3, 0, 0, 1.98, 1111, 291, 7852.34, 20963, 20102
1694894586, 0, 13, 192, 0, 0, 8188.67, 3, 0, 0, 3.09, 1111, 292, 7852.34, 20963, 20102
1694894587, 0, 13, 192, 0, 0, 8188.67, 3, 0, 0, 2.44, 1111, 293, 7852.34, 20963, 20102
1694894587, 0, 13, 192, 0, 0, 8188.67, 3, 0, 0, 1.98, 1111, 294, 7852.34, 20963, 20102
1694894588, 0, 13, 192, 0, 0, 8188.67, 3, 0, 0, 2.02, 1112, 295, 7852.34, 20963, 20102
1694894589, 0, 13, 192, 0, 0, 8188.67, 3, 0, 0, 2.47, 1113, 295, 7852.34, 20963, 20102
1694894589, 0, 13, 192, 0, 0, 8188.67, 3, 0, 0, 1.98, 1113, 296, 7852.34, 20963, 20102
1694894590, 0, 13, 192, 0, 0, 8188.67, 3, 0, 0, 2.04, 1113, 297, 7852.34, 20963, 20102
1694894590, 0, 13, 192, 0, 0, 8188.67, 3, 0, 0, 2.62, 1113, 298, 7852.34, 20963, 20102
1694894591, 0, 13, 192, 0, 0, 8188.67, 3, 0, 0, 2.62, 1113, 299, 7852.34, 20963, 20102
1694894591, 0, 13, 192, 0, 0, 8188.67, 3, 0, 0, 2.33, 1115, 299, 7852.34, 20963, 20102
1694894592, 0, 13, 192, 0, 0, 8188.67, 3, 0, 0, 3.92, 1115, 301, 7852.34, 20963, 20102
1694894592, 0, 13, 192, 0, 0, 8188.67, 3, 0, 0, 4.48, 1115, 303, 7852.34, 20963, 20102
1694894593, 0, 13, 192, 0, 0, 8188.67, 3, 0, 0, 3.97, 1116, 304, 7852.34, 20963, 20102
1694894593, 0, 13, 192, 0, 0, 8188.67, 3, 0, 0, 4.65, 1116, 306, 7852.34, 20963, 20102
1694894594, 0, 13, 192, 0, 0, 8188.67, 3, 0, 0, 2.69, 1116, 307, 7852.34, 20963, 20102
1694894594, 0, 13, 192, 0, 0, 8188.67, 3, 0, 0, 2.41, 1117, 307, 7852.34, 20963, 20102
1694894594, 0, 13, 192, 0, 0, 8188.67, 3, 0, 0, 2.83, 1117, 308, 7852.34, 20963, 20102
1694894595, 0, 13, 192, 0, 0, 8188.67, 3, 0, 0, 3.98, 1118, 309, 7852.34, 20963, 20102
1694894596, 0, 13, 192, 0, 0, 8188.67, 3, 0, 0, 3.10, 1118, 311, 7852.34, 20963, 20102
1694894596, 0, 13, 192, 0, 0, 8188.67, 3, 0, 0, 2.65, 1118, 312, 7852.34, 20963, 20102
1694894596, 0, 13, 192, 0, 0, 8188.67, 3, 0, 0, 2.98, 1118, 313, 7852.34, 20963, 20102
1694894605, 0, 13, 193, 0, 0, 8188.67, 3, 0, 0, 0.12, 1119, 313, 7852.34, 20963, 20102
1694894605, 0, 13, 193, 0, 0, 8188.67, 3, 0, 0, 2.14, 1120, 313, 7852.34, 20963, 20102
1694894606, 0, 13, 193, 0, 0, 8188.67, 3, 0, 0, 2.06, 1120, 314, 7852.34, 20963, 20102
1694894606, 0, 13, 193, 0, 0, 8188.67, 3, 0, 0, 2.74, 1120, 315, 7852.34, 20963, 20102
1694894607, 0, 13, 193, 0, 0, 8188.67, 3, 0, 0, 2.76, 1121, 315, 7852.34, 20963, 20102
1694894607, 0, 13, 193, 0, 0, 8188.67, 3, 0, 0, 2.70, 1122, 315, 7852.34, 20963, 20102
1694894607, 0, 13, 193, 0, 0, 8188.67, 3, 0, 0, 2.25, 1122, 316, 7852.34, 20963, 20102
1694894608, 0, 13, 193, 0, 0, 8188.67, 3, 0, 0, 2.49, 1122, 317, 7852.34, 20963, 20102
1694894608, 0, 13, 193, 0, 0, 8188.67, 3, 0, 0, 2.31, 1122, 318, 7852.34, 20963, 20102
1694894609, 0, 13, 193, 0, 0, 8188.67, 3, 0, 0, 2.67, 1123, 318, 7852.34, 20963, 20102
1694894616, 0, 13, 193, 0, 0, 8188.67, 3, 0, 0, 0.14, 1124, 318, 7852.34, 20963, 20102
1694894616, 0, 13, 193, 0, 0, 8188.67, 3, 0, 0, 4.38, 1125, 319, 7852.34, 20963, 20102
1694894616, 0, 13, 193, 0, 0, 8188.67, 3, 0, 0, 3.33, 1126, 319, 7852.34, 20963, 20102
1694894628, 0, 14, 193, 0, 0, 8188.67, 3, 0, 0, 0.09, 1127, 319, 7852.34, 20963, 20102
1694894628, 0, 14, 193, 0, 0, 8188.67, 3, 0, 0, 2.25, 1127, 320, 7852.34, 20963, 20102
1694894637, 0, 14, 194, 0, 0, 8188.67, 3, 0, 0, 0.12, 1128, 320, 7852.34, 20963, 20102
1694894637, 0, 14, 194, 0, 0, 8188.67, 3, 0, 0, 0.00, 1128, 320, 7852.34, 20963, 20102
