# unix_time, cycles_done, cur_path, paths_total, pending_total, pending_favs, map_size, unique_crashes, unique_hangs, max_depth, execs_per_sec, valid_inputs, invalid_inputs, valid_cov, all_covered_probes, valid_covered_probes
1694944668, 0, 0, 1, 0, 0, 763.67, 0, 0, 0, 0.55, 1, 0, 763.67, 1955, 1955
1694944668, 0, 0, 3, 0, 0, 845.31, 0, 0, 0, 6.17, 3, 0, 845.31, 2164, 2164
1694944668, 0, 0, 6, 0, 0, 956.64, 0, 0, 0, 24.02, 10, 1, 860.16, 2449, 2202
1694944669, 0, 0, 9, 0, 0, 1229.30, 0, 0, 0, 25.89, 15, 4, 860.16, 3147, 2202
1694944686, 0, 0, 9, 0, 0, 1229.30, 1, 0, 0, 0.06, 15, 5, 860.16, 3147, 2202
1694944687, 0, 0, 15, 0, 0, 1438.67, 1, 0, 0, 30.12, 21, 9, 978.13, 3683, 2504
1694944687, 0, 0, 18, 0, 0, 1670.70, 1, 0, 0, 19.89, 26, 11, 1296.88, 4277, 3320
1694944695, 0, 0, 19, 0, 0, 6581.25, 1, 0, 0, 0.13, 27, 11, 6252.34, 16848, 16006
1694944695, 0, 0, 22, 0, 0, 6583.98, 1, 0, 0, 91.50, 46, 20, 6252.34, 16855, 16006
1694944703, 0, 0, 23, 0, 0, 6720.70, 1, 0, 0, 0.38, 49, 20, 6389.06, 17205, 16356
1694944709, 0, 0, 28, 0, 0, 6731.64, 1, 0, 0, 2.21, 59, 23, 6396.88, 17233, 16376
1694944714, 0, 0, 30, 0, 0, 6731.64, 1, 0, 0, 0.70, 63, 23, 6396.88, 17233, 16376
1694944715, 0, 1, 34, 0, 0, 6731.64, 1, 0, 0, 60.51, 79, 26, 6396.88, 17233, 16376
1694944724, 0, 1, 35, 0, 0, 6731.64, 1, 0, 0, 1.34, 90, 27, 6396.88, 17233, 16376
1694944729, 0, 1, 37, 0, 0, 6732.42, 1, 0, 0, 3.31, 104, 32, 6397.66, 17235, 16378
1694944735, 0, 1, 39, 0, 0, 6732.42, 1, 0, 0, 1.42, 112, 32, 6397.66, 17235, 16378
1694944740, 0, 2, 42, 0, 0, 6732.42, 1, 0, 0, 3.32, 124, 38, 6397.66, 17235, 16378
1694944745, 0, 2, 45, 0, 0, 6739.06, 1, 0, 0, 0.68, 126, 39, 6404.30, 17252, 16395
1694944751, 0, 2, 47, 0, 0, 6739.06, 1, 0, 0, 0.93, 130, 41, 6404.30, 17252, 16395
1694944751, 0, 2, 48, 0, 0, 6739.06, 1, 0, 0, 49.67, 144, 42, 6404.30, 17252, 16395
1694944758, 0, 2, 49, 0, 0, 6747.66, 1, 0, 0, 0.81, 149, 42, 6412.89, 17274, 16417
1694944758, 0, 2, 51, 0, 0, 6747.66, 1, 0, 0, 86.67, 169, 48, 6412.89, 17274, 16417
1694944763, 0, 3, 52, 0, 0, 6747.66, 1, 0, 0, 3.50, 184, 50, 6412.89, 17274, 16417
1694944763, 0, 3, 54, 0, 0, 6747.66, 1, 0, 0, 52.46, 196, 54, 6412.89, 17274, 16417
1694944768, 0, 3, 55, 0, 0, 6747.66, 1, 0, 0, 2.36, 207, 54, 6412.89, 17274, 16417
1694944772, 0, 3, 58, 0, 0, 6747.66, 1, 0, 0, 2.52, 215, 57, 6412.89, 17274, 16417
1694944776, 0, 4, 61, 0, 0, 6747.66, 1, 0, 0, 5.82, 236, 61, 6412.89, 17274, 16417
1694944781, 0, 4, 63, 0, 0, 6747.66, 1, 0, 0, 3.11, 247, 65, 6412.89, 17274, 16417
1694944782, 0, 4, 65, 0, 0, 6747.66, 1, 0, 0, 53.29, 258, 71, 6412.89, 17274, 16417
1694944787, 0, 4, 66, 0, 0, 6747.66, 1, 0, 0, 2.27, 265, 76, 6412.89, 17274, 16417
1694944793, 0, 5, 67, 0, 0, 6774.61, 1, 0, 0, 1.30, 270, 79, 6439.84, 17343, 16486
1694944797, 0, 5, 68, 0, 0, 6774.61, 2, 0, 0, 1.15, 272, 81, 6439.84, 17343, 16486
1694944807, 0, 5, 70, 0, 0, 6775.00, 2, 0, 0, 0.57, 276, 83, 6440.23, 17344, 16487
1694944812, 0, 5, 72, 0, 0, 6775.00, 2, 0, 0, 4.08, 295, 85, 6440.23, 17344, 16487
1694944817, 0, 6, 73, 0, 0, 6775.00, 2, 0, 0, 5.32, 316, 87, 6440.23, 17344, 16487
1694944821, 0, 6, 75, 0, 0, 6775.00, 2, 0, 0, 4.13, 320, 101, 6440.23, 17344, 16487
1694944825, 0, 6, 76, 0, 0, 6775.00, 2, 0, 0, 0.79, 323, 101, 6440.23, 17344, 16487
1694944825, 0, 6, 77, 0, 0, 6775.00, 2, 0, 0, 126.67, 333, 129, 6440.23, 17344, 16487
1694944828, 0, 6, 78, 0, 0, 6775.00, 2, 0, 0, 0.61, 334, 130, 6440.23, 17344, 16487
1694944832, 0, 6, 80, 0, 0, 6775.00, 2, 0, 0, 2.21, 335, 138, 6440.23, 17344, 16487
1694944837, 0, 7, 81, 0, 0, 6775.00, 2, 0, 0, 3.73, 340, 151, 6440.23, 17344, 16487
1694944853, 0, 7, 82, 0, 0, 6818.36, 2, 0, 0, 0.75, 345, 158, 6483.59, 17455, 16598
1694944859, 0, 7, 84, 0, 0, 6818.36, 2, 0, 0, 0.35, 347, 158, 6483.59, 17455, 16598
1694944865, 0, 7, 85, 0, 0, 6818.36, 2, 0, 0, 1.72, 350, 166, 6483.59, 17455, 16598
1694944870, 0, 7, 86, 0, 0, 6818.36, 2, 0, 0, 0.67, 351, 168, 6483.59, 17455, 16598
1694944876, 0, 8, 88, 0, 0, 6818.36, 2, 0, 0, 5.50, 362, 190, 6483.59, 17455, 16598
1694944879, 0, 8, 88, 0, 0, 6818.36, 2, 0, 0, 1.98, 362, 196, 6483.59, 17455, 16598
1694944886, 0, 8, 90, 0, 0, 6818.36, 2, 0, 0, 1.19, 365, 202, 6483.59, 17455, 16598
1694944890, 0, 8, 91, 0, 0, 6818.36, 2, 0, 0, 1.18, 367, 205, 6483.59, 17455, 16598
1694944895, 0, 8, 93, 0, 0, 6818.36, 2, 0, 0, 1.38, 370, 208, 6483.59, 17455, 16598
1694944904, 0, 8, 95, 0, 0, 6818.36, 2, 0, 0, 2.78, 380, 224, 6483.59, 17455, 16598
1694944908, 0, 9, 97, 0, 0, 6819.53, 2, 0, 0, 7.35, 391, 239, 6484.77, 17458, 16601
1694944910, 0, 9, 97, 0, 0, 6819.53, 2, 0, 0, 3.11, 394, 244, 6484.77, 17458, 16601
1694944915, 0, 9, 98, 0, 0, 6819.53, 2, 0, 0, 0.23, 395, 244, 6484.77, 17458, 16601
1694944919, 0, 9, 98, 0, 0, 6819.53, 2, 0, 0, 2.06, 401, 246, 6484.77, 17458, 16601
1694944924, 0, 9, 99, 0, 0, 6819.53, 2, 0, 0, 0.58, 404, 246, 6484.77, 17458, 16601
1694944930, 0, 9, 100, 0, 0, 6819.53, 2, 0, 0, 0.16, 405, 246, 6484.77, 17458, 16601
1694944936, 0, 9, 101, 0, 0, 6819.53, 2, 0, 0, 1.99, 413, 249, 6484.77, 17458, 16601
1694944944, 0, 9, 102, 0, 0, 6819.53, 2, 0, 0, 0.11, 414, 249, 6484.77, 17458, 16601
1694944945, 0, 10, 103, 0, 0, 6819.53, 2, 0, 0, 65.77, 444, 258, 6484.77, 17458, 16601
1694944952, 0, 10, 104, 0, 0, 6819.53, 2, 0, 0, 6.04, 453, 292, 6484.77, 17458, 16601
1694944956, 0, 10, 105, 0, 0, 6819.53, 2, 0, 0, 3.38, 457, 302, 6484.77, 17458, 16601
1694944957, 0, 10, 106, 0, 0, 6819.53, 2, 0, 0, 64.22, 460, 320, 6484.77, 17458, 16601
1694944957, 0, 11, 106, 0, 0, 6819.53, 2, 0, 0, 86.26, 467, 340, 6484.77, 17458, 16601
1694944963, 0, 11, 107, 0, 0, 6819.53, 2, 0, 0, 2.12, 474, 345, 6484.77, 17458, 16601
1694944974, 0, 11, 108, 0, 0, 6819.53, 2, 0, 0, 1.13, 484, 348, 6484.77, 17458, 16601
1694944980, 0, 11, 108, 0, 0, 6819.53, 2, 0, 0, 1.79, 491, 351, 6484.77, 17458, 16601
1694944980, 0, 11, 109, 0, 0, 6819.53, 2, 0, 0, 52.29, 501, 357, 6484.77, 17458, 16601
1694944980, 0, 12, 109, 0, 0, 6819.53, 2, 0, 0, 30.67, 503, 365, 6484.77, 17458, 16601
1694944981, 0, 12, 109, 0, 0, 6819.53, 2, 0, 0, 65.48, 511, 379, 6484.77, 17458, 16601
1694944981, 0, 12, 109, 0, 0, 6819.53, 2, 0, 0, 79.73, 513, 401, 6484.77, 17458, 16601
1694944986, 0, 12, 110, 0, 0, 6835.16, 2, 0, 0, 1.31, 515, 406, 6500.39, 17498, 16641
1694944987, 0, 12, 110, 0, 0, 6835.16, 2, 0, 0, 93.55, 521, 429, 6500.39, 17498, 16641
1694944987, 0, 13, 110, 0, 0, 6835.16, 2, 0, 0, 125.75, 532, 460, 6500.39, 17498, 16641
1694944992, 0, 13, 111, 0, 0, 6835.16, 2, 0, 0, 5.18, 541, 475, 6500.39, 17498, 16641
1694944999, 0, 13, 112, 0, 0, 6835.16, 2, 0, 0, 0.14, 542, 475, 6500.39, 17498, 16641
1694945003, 0, 13, 113, 0, 0, 6835.16, 2, 0, 0, 0.64, 543, 477, 6500.39, 17498, 16641
1694945008, 0, 13, 114, 0, 0, 6835.16, 2, 0, 0, 1.98, 548, 482, 6500.39, 17498, 16641
1694945009, 0, 13, 114, 0, 0, 6835.16, 2, 0, 0, 79.47, 557, 497, 6500.39, 17498, 16641
1694945013, 0, 14, 114, 0, 0, 6835.16, 2, 0, 0, 4.51, 563, 511, 6500.39, 17498, 16641
1694945017, 0, 14, 115, 0, 0, 6835.16, 2, 0, 0, 2.15, 567, 516, 6500.39, 17498, 16641
1694945018, 0, 14, 116, 0, 0, 6835.16, 2, 0, 0, 105.10, 579, 537, 6500.39, 17498, 16641
1694945027, 0, 14, 116, 0, 0, 6835.16, 2, 0, 0, 0.41, 581, 539, 6500.39, 17498, 16641
1694945039, 0, 15, 116, 0, 0, 6835.16, 2, 0, 0, 2.97, 595, 559, 6500.39, 17498, 16641
1694945043, 0, 15, 116, 0, 0, 6835.16, 2, 0, 0, 1.41, 598, 562, 6500.39, 17498, 16641
1694945047, 0, 15, 117, 0, 0, 6835.16, 3, 0, 0, 7.98, 619, 573, 6500.39, 17498, 16641
1694945053, 0, 15, 119, 0, 0, 6835.94, 3, 0, 0, 1.23, 623, 576, 6500.39, 17500, 16641
1694945062, 0, 15, 120, 0, 0, 6835.94, 3, 0, 0, 1.35, 632, 580, 6500.39, 17500, 16641
1694945068, 0, 15, 122, 0, 0, 6835.94, 3, 0, 0, 0.55, 635, 580, 6500.39, 17500, 16641
1694945068, 0, 16, 122, 0, 0, 6835.94, 3, 0, 0, 38.93, 646, 585, 6500.39, 17500, 16641
1694945075, 0, 16, 123, 0, 0, 6835.94, 3, 0, 0, 0.42, 649, 585, 6500.39, 17500, 16641
1694945080, 0, 16, 124, 0, 0, 6835.94, 3, 0, 0, 0.41, 650, 586, 6500.39, 17500, 16641
1694945087, 0, 16, 125, 0, 0, 6835.94, 3, 0, 0, 0.28, 652, 586, 6500.39, 17500, 16641
1694945088, 0, 16, 126, 0, 0, 6835.94, 3, 0, 0, 43.19, 663, 588, 6500.39, 17500, 16641
1694945094, 0, 16, 127, 0, 0, 6835.94, 3, 0, 0, 1.05, 670, 588, 6500.39, 17500, 16641
1694945100, 0, 16, 127, 0, 0, 6835.94, 3, 0, 0, 0.34, 672, 588, 6500.39, 17500, 16641
1694945105, 0, 16, 127, 0, 0, 6835.94, 3, 0, 0, 1.98, 679, 590, 6500.39, 17500, 16641
1694945111, 0, 16, 128, 0, 0, 6835.94, 3, 0, 0, 1.57, 688, 590, 6500.39, 17500, 16641
1694945115, 0, 16, 128, 0, 0, 6835.94, 3, 0, 0, 0.61, 690, 591, 6500.39, 17500, 16641
1694945120, 0, 16, 129, 0, 0, 6835.94, 3, 0, 0, 2.86, 700, 595, 6500.39, 17500, 16641
1694945126, 0, 17, 130, 0, 0, 6835.94, 3, 0, 0, 3.26, 717, 598, 6500.39, 17500, 16641
1694945136, 0, 17, 131, 0, 0, 6835.94, 3, 0, 0, 0.32, 720, 598, 6500.39, 17500, 16641
1694945136, 0, 17, 131, 0, 0, 6835.94, 3, 0, 0, 23.33, 723, 602, 6500.39, 17500, 16641
1694945143, 0, 17, 131, 0, 0, 6835.94, 3, 0, 0, 1.75, 734, 603, 6500.39, 17500, 16641
1694945148, 0, 17, 131, 0, 0, 6835.94, 3, 0, 0, 0.55, 736, 604, 6500.39, 17500, 16641
1694945154, 0, 17, 131, 0, 0, 6835.94, 3, 0, 0, 2.33, 749, 604, 6500.39, 17500, 16641
1694945158, 0, 17, 132, 0, 0, 6835.94, 3, 0, 0, 0.48, 751, 604, 6500.39, 17500, 16641
1694945174, 0, 17, 133, 0, 0, 6835.94, 3, 0, 0, 0.20, 752, 606, 6500.39, 17500, 16641
1694945174, 0, 17, 133, 0, 0, 6835.94, 3, 0, 0, 26.67, 756, 610, 6500.39, 17500, 16641
1694945174, 0, 17, 133, 0, 0, 6835.94, 3, 0, 0, 44.30, 769, 611, 6500.39, 17500, 16641
1694945180, 0, 17, 133, 0, 0, 6835.94, 3, 0, 0, 0.51, 771, 612, 6500.39, 17500, 16641
1694945180, 0, 17, 133, 0, 0, 6835.94, 3, 0, 0, 48.86, 783, 615, 6500.39, 17500, 16641
1694945185, 0, 17, 134, 0, 0, 6835.94, 3, 0, 0, 0.46, 785, 615, 6500.39, 17500, 16641
1694945189, 0, 17, 134, 0, 0, 6835.94, 3, 0, 0, 2.33, 793, 617, 6500.39, 17500, 16641
1694945189, 0, 17, 134, 0, 0, 6835.94, 3, 0, 0, 24.39, 800, 619, 6500.39, 17500, 16641
1694945193, 0, 18, 134, 0, 0, 6835.94, 3, 0, 0, 0.82, 803, 619, 6500.39, 17500, 16641
1694945197, 0, 18, 135, 0, 0, 6835.94, 3, 0, 0, 0.26, 804, 619, 6500.39, 17500, 16641
1694945201, 0, 18, 135, 0, 0, 6835.94, 3, 0, 0, 0.26, 805, 619, 6500.39, 17500, 16641
1694945203, 0, 18, 135, 0, 0, 6835.94, 3, 0, 0, 0.36, 806, 619, 6500.39, 17500, 16641
1694945207, 0, 18, 136, 0, 0, 6835.94, 3, 0, 0, 0.31, 807, 619, 6500.39, 17500, 16641
1694945210, 0, 18, 137, 0, 0, 6835.94, 3, 0, 0, 0.28, 808, 619, 6500.39, 17500, 16641
1694945214, 0, 18, 137, 0, 0, 6835.94, 3, 0, 0, 0.27, 809, 619, 6500.39, 17500, 16641
1694945218, 0, 18, 137, 0, 0, 6835.94, 3, 0, 0, 0.27, 810, 619, 6500.39, 17500, 16641
1694945221, 0, 18, 137, 0, 0, 6835.94, 3, 0, 0, 0.29, 811, 619, 6500.39, 17500, 16641
1694945225, 0, 18, 137, 0, 0, 6835.94, 3, 0, 0, 0.27, 812, 619, 6500.39, 17500, 16641
1694945229, 0, 18, 138, 0, 0, 6835.94, 3, 0, 0, 0.24, 813, 619, 6500.39, 17500, 16641
1694945233, 0, 18, 138, 0, 0, 6835.94, 3, 0, 0, 0.26, 814, 619, 6500.39, 17500, 16641
1694945236, 0, 18, 138, 0, 0, 6835.94, 3, 0, 0, 0.27, 815, 619, 6500.39, 17500, 16641
1694945241, 0, 18, 138, 0, 0, 6835.94, 3, 0, 0, 0.23, 816, 619, 6500.39, 17500, 16641
1694945245, 0, 18, 138, 0, 0, 6835.94, 3, 0, 0, 0.26, 817, 619, 6500.39, 17500, 16641
1694945249, 0, 18, 138, 0, 0, 6835.94, 3, 0, 0, 0.23, 818, 619, 6500.39, 17500, 16641
1694945253, 0, 18, 138, 0, 0, 6835.94, 3, 0, 0, 0.28, 819, 619, 6500.39, 17500, 16641
1694945256, 0, 18, 138, 0, 0, 6835.94, 3, 0, 0, 0.26, 820, 619, 6500.39, 17500, 16641
1694945260, 0, 18, 138, 0, 0, 6835.94, 3, 0, 0, 0.27, 821, 619, 6500.39, 17500, 16641
1694945265, 0, 18, 138, 0, 0, 6835.94, 3, 0, 0, 0.22, 822, 619, 6500.39, 17500, 16641
1694945268, 0, 18, 138, 0, 0, 6835.94, 3, 0, 0, 0.34, 823, 619, 6500.39, 17500, 16641
1694945272, 0, 18, 138, 0, 0, 6835.94, 3, 0, 0, 0.22, 824, 619, 6500.39, 17500, 16641
1694945276, 0, 18, 138, 0, 0, 6835.94, 3, 0, 0, 0.26, 825, 619, 6500.39, 17500, 16641
1694945279, 0, 18, 138, 0, 0, 6835.94, 3, 0, 0, 0.34, 826, 619, 6500.39, 17500, 16641
1694945282, 0, 18, 138, 0, 0, 6835.94, 3, 0, 0, 0.33, 827, 619, 6500.39, 17500, 16641
1694945286, 0, 18, 138, 0, 0, 6835.94, 3, 0, 0, 0.24, 828, 619, 6500.39, 17500, 16641
1694945290, 0, 18, 138, 0, 0, 6835.94, 3, 0, 0, 0.27, 829, 619, 6500.39, 17500, 16641
1694945293, 0, 18, 138, 0, 0, 6835.94, 3, 0, 0, 0.30, 830, 619, 6500.39, 17500, 16641
1694945297, 0, 18, 138, 0, 0, 6835.94, 3, 0, 0, 0.27, 831, 619, 6500.39, 17500, 16641
1694945301, 0, 18, 139, 0, 0, 6835.94, 3, 0, 0, 0.26, 832, 619, 6500.39, 17500, 16641
1694945304, 0, 18, 139, 0, 0, 6835.94, 3, 0, 0, 0.28, 833, 619, 6500.39, 17500, 16641
1694945308, 0, 18, 139, 0, 0, 6835.94, 3, 0, 0, 0.24, 834, 619, 6500.39, 17500, 16641
1694945312, 0, 18, 139, 0, 0, 6835.94, 3, 0, 0, 0.29, 835, 619, 6500.39, 17500, 16641
1694945315, 0, 18, 139, 0, 0, 6835.94, 3, 0, 0, 0.30, 836, 619, 6500.39, 17500, 16641
1694945319, 0, 18, 139, 0, 0, 6835.94, 3, 0, 0, 0.25, 837, 619, 6500.39, 17500, 16641
1694945322, 0, 18, 139, 0, 0, 6835.94, 3, 0, 0, 0.31, 838, 619, 6500.39, 17500, 16641
1694945326, 0, 18, 140, 0, 0, 6835.94, 3, 0, 0, 0.27, 839, 619, 6500.39, 17500, 16641
1694945330, 0, 18, 140, 0, 0, 6835.94, 3, 0, 0, 0.28, 840, 619, 6500.39, 17500, 16641
1694945334, 0, 18, 140, 0, 0, 6835.94, 3, 0, 0, 0.24, 841, 619, 6500.39, 17500, 16641
1694945338, 0, 18, 141, 0, 0, 6836.72, 3, 0, 0, 0.26, 842, 619, 6501.17, 17502, 16643
1694945341, 0, 18, 141, 0, 0, 6836.72, 3, 0, 0, 0.35, 843, 619, 6501.17, 17502, 16643
1694945343, 0, 18, 141, 0, 0, 6836.72, 3, 0, 0, 0.35, 844, 619, 6501.17, 17502, 16643
1694945348, 0, 18, 142, 0, 0, 6836.72, 3, 0, 0, 0.24, 845, 619, 6501.17, 17502, 16643
1694945352, 0, 18, 143, 0, 0, 6836.72, 3, 0, 0, 0.25, 846, 619, 6501.17, 17502, 16643
1694945355, 0, 18, 143, 0, 0, 6836.72, 3, 0, 0, 0.32, 847, 619, 6501.17, 17502, 16643
1694945358, 0, 18, 143, 0, 0, 6836.72, 3, 0, 0, 0.27, 848, 619, 6501.17, 17502, 16643
1694945362, 0, 18, 144, 0, 0, 6836.72, 3, 0, 0, 0.30, 849, 619, 6501.17, 17502, 16643
1694945365, 0, 18, 145, 0, 0, 6836.72, 3, 0, 0, 0.30, 850, 619, 6501.17, 17502, 16643
1694945370, 0, 18, 146, 0, 0, 6836.72, 3, 0, 0, 0.21, 851, 619, 6501.17, 17502, 16643
1694945373, 0, 18, 146, 0, 0, 6836.72, 3, 0, 0, 0.28, 852, 619, 6501.17, 17502, 16643
1694945377, 0, 18, 146, 0, 0, 6836.72, 3, 0, 0, 0.32, 853, 619, 6501.17, 17502, 16643
1694945380, 0, 18, 146, 0, 0, 6836.72, 3, 0, 0, 0.30, 854, 619, 6501.17, 17502, 16643
1694945383, 0, 18, 146, 0, 0, 6836.72, 3, 0, 0, 0.30, 855, 619, 6501.17, 17502, 16643
1694945387, 0, 18, 146, 0, 0, 6836.72, 3, 0, 0, 0.28, 856, 619, 6501.17, 17502, 16643
1694945391, 0, 18, 146, 0, 0, 6836.72, 3, 0, 0, 0.26, 857, 619, 6501.17, 17502, 16643
1694945395, 0, 18, 146, 0, 0, 6836.72, 3, 0, 0, 0.24, 858, 619, 6501.17, 17502, 16643
1694945399, 0, 18, 146, 0, 0, 6836.72, 3, 0, 0, 0.24, 859, 619, 6501.17, 17502, 16643
1694945403, 0, 18, 146, 0, 0, 6836.72, 3, 0, 0, 0.22, 860, 619, 6501.17, 17502, 16643
1694945406, 0, 18, 146, 0, 0, 6836.72, 3, 0, 0, 0.33, 861, 619, 6501.17, 17502, 16643
1694945410, 0, 18, 146, 0, 0, 6836.72, 3, 0, 0, 0.27, 862, 619, 6501.17, 17502, 16643
1694945414, 0, 18, 146, 0, 0, 6836.72, 3, 0, 0, 0.25, 863, 619, 6501.17, 17502, 16643
1694945418, 0, 18, 146, 0, 0, 6836.72, 3, 0, 0, 0.30, 864, 619, 6501.17, 17502, 16643
1694945421, 0, 18, 146, 0, 0, 6836.72, 3, 0, 0, 0.25, 865, 619, 6501.17, 17502, 16643
1694945426, 0, 18, 146, 0, 0, 6836.72, 3, 0, 0, 0.25, 866, 619, 6501.17, 17502, 16643
1694945429, 0, 18, 146, 0, 0, 6836.72, 3, 0, 0, 0.25, 867, 619, 6501.17, 17502, 16643
1694945434, 0, 18, 147, 0, 0, 6836.72, 3, 0, 0, 0.24, 868, 619, 6501.17, 17502, 16643
1694945437, 0, 18, 147, 0, 0, 6836.72, 3, 0, 0, 0.32, 869, 619, 6501.17, 17502, 16643
1694945441, 0, 18, 147, 0, 0, 6836.72, 3, 0, 0, 0.25, 870, 619, 6501.17, 17502, 16643
1694945444, 0, 18, 147, 0, 0, 6836.72, 3, 0, 0, 0.27, 871, 619, 6501.17, 17502, 16643
1694945448, 0, 18, 147, 0, 0, 6836.72, 3, 0, 0, 0.30, 872, 619, 6501.17, 17502, 16643
1694945452, 0, 18, 147, 0, 0, 6836.72, 3, 0, 0, 0.26, 873, 619, 6501.17, 17502, 16643
1694945455, 0, 18, 147, 0, 0, 6836.72, 3, 0, 0, 0.27, 874, 619, 6501.17, 17502, 16643
1694945459, 0, 18, 147, 0, 0, 6836.72, 3, 0, 0, 0.28, 875, 619, 6501.17, 17502, 16643
1694945463, 0, 18, 147, 0, 0, 6836.72, 3, 0, 0, 0.27, 876, 619, 6501.17, 17502, 16643
1694945467, 0, 18, 147, 0, 0, 6836.72, 3, 0, 0, 0.26, 877, 619, 6501.17, 17502, 16643
1694945470, 0, 18, 147, 0, 0, 6836.72, 3, 0, 0, 0.28, 878, 619, 6501.17, 17502, 16643
1694945475, 0, 18, 147, 0, 0, 6836.72, 3, 0, 0, 0.22, 879, 619, 6501.17, 17502, 16643
1694945479, 0, 18, 147, 0, 0, 6836.72, 3, 0, 0, 0.23, 880, 619, 6501.17, 17502, 16643
1694945483, 0, 18, 147, 0, 0, 6836.72, 3, 0, 0, 0.26, 881, 619, 6501.17, 17502, 16643
1694945487, 0, 18, 147, 0, 0, 6836.72, 3, 0, 0, 0.29, 882, 619, 6501.17, 17502, 16643
1694945491, 0, 18, 147, 0, 0, 6836.72, 3, 0, 0, 0.24, 883, 619, 6501.17, 17502, 16643
1694945496, 0, 18, 147, 0, 0, 6836.72, 3, 0, 0, 0.20, 884, 619, 6501.17, 17502, 16643
1694945499, 0, 18, 147, 0, 0, 6836.72, 3, 0, 0, 0.26, 885, 619, 6501.17, 17502, 16643
1694945504, 0, 18, 148, 0, 0, 6836.72, 3, 0, 0, 0.23, 886, 619, 6501.17, 17502, 16643
1694945508, 0, 18, 148, 0, 0, 6836.72, 3, 0, 0, 0.24, 887, 619, 6501.17, 17502, 16643
1694945512, 0, 18, 148, 0, 0, 6836.72, 3, 0, 0, 0.22, 888, 619, 6501.17, 17502, 16643
1694945516, 0, 18, 149, 0, 0, 6836.72, 3, 0, 0, 0.25, 889, 619, 6501.17, 17502, 16643
1694945520, 0, 18, 149, 0, 0, 6836.72, 3, 0, 0, 0.26, 890, 619, 6501.17, 17502, 16643
1694945524, 0, 18, 149, 0, 0, 6836.72, 3, 0, 0, 0.24, 891, 619, 6501.17, 17502, 16643
1694945528, 0, 18, 149, 0, 0, 6836.72, 3, 0, 0, 0.25, 892, 619, 6501.17, 17502, 16643
1694945532, 0, 18, 149, 0, 0, 6836.72, 3, 0, 0, 0.26, 893, 619, 6501.17, 17502, 16643
1694945537, 0, 18, 149, 0, 0, 6836.72, 3, 0, 0, 0.22, 894, 619, 6501.17, 17502, 16643
1694945541, 0, 18, 149, 0, 0, 6836.72, 3, 0, 0, 0.23, 895, 619, 6501.17, 17502, 16643
1694945545, 0, 18, 150, 0, 0, 6836.72, 3, 0, 0, 0.24, 896, 619, 6501.17, 17502, 16643
1694945549, 0, 18, 151, 0, 0, 6836.72, 3, 0, 0, 0.26, 897, 619, 6501.17, 17502, 16643
1694945552, 0, 18, 151, 0, 0, 6836.72, 3, 0, 0, 0.29, 898, 619, 6501.17, 17502, 16643
1694945556, 0, 18, 151, 0, 0, 6836.72, 3, 0, 0, 0.25, 899, 619, 6501.17, 17502, 16643
1694945560, 0, 18, 151, 0, 0, 6836.72, 3, 0, 0, 0.27, 900, 619, 6501.17, 17502, 16643
1694945563, 0, 18, 151, 0, 0, 6836.72, 3, 0, 0, 0.31, 901, 619, 6501.17, 17502, 16643
1694945567, 0, 18, 151, 0, 0, 6836.72, 3, 0, 0, 0.31, 902, 619, 6501.17, 17502, 16643
1694945571, 0, 18, 151, 0, 0, 6836.72, 3, 0, 0, 0.24, 903, 619, 6501.17, 17502, 16643
1694945574, 0, 18, 151, 0, 0, 6836.72, 3, 0, 0, 0.28, 904, 619, 6501.17, 17502, 16643
1694945578, 0, 18, 151, 0, 0, 6836.72, 3, 0, 0, 0.25, 905, 619, 6501.17, 17502, 16643
1694945583, 0, 18, 151, 0, 0, 6836.72, 3, 0, 0, 0.22, 906, 619, 6501.17, 17502, 16643
1694945587, 0, 18, 151, 0, 0, 6836.72, 3, 0, 0, 0.26, 907, 619, 6501.17, 17502, 16643
1694945590, 0, 18, 151, 0, 0, 6836.72, 3, 0, 0, 0.29, 908, 619, 6501.17, 17502, 16643
1694945594, 0, 18, 151, 0, 0, 6836.72, 3, 0, 0, 0.27, 909, 619, 6501.17, 17502, 16643
1694945598, 0, 18, 151, 0, 0, 6836.72, 3, 0, 0, 0.26, 910, 619, 6501.17, 17502, 16643
1694945603, 0, 18, 151, 0, 0, 6836.72, 3, 0, 0, 0.21, 911, 619, 6501.17, 17502, 16643
1694945607, 0, 18, 151, 0, 0, 6836.72, 3, 0, 0, 0.24, 912, 619, 6501.17, 17502, 16643
1694945610, 0, 18, 151, 0, 0, 6836.72, 3, 0, 0, 0.27, 913, 619, 6501.17, 17502, 16643
1694945614, 0, 18, 151, 0, 0, 6836.72, 3, 0, 0, 0.29, 914, 619, 6501.17, 17502, 16643
1694945618, 0, 18, 151, 0, 0, 6836.72, 3, 0, 0, 0.25, 915, 619, 6501.17, 17502, 16643
1694945622, 0, 18, 151, 0, 0, 6836.72, 3, 0, 0, 0.24, 916, 619, 6501.17, 17502, 16643
1694945626, 0, 18, 151, 0, 0, 6836.72, 3, 0, 0, 0.29, 917, 619, 6501.17, 17502, 16643
1694945631, 0, 18, 151, 0, 0, 6836.72, 3, 0, 0, 0.20, 918, 619, 6501.17, 17502, 16643
1694945636, 0, 18, 151, 0, 0, 6836.72, 3, 0, 0, 0.20, 919, 619, 6501.17, 17502, 16643
1694945640, 0, 18, 151, 0, 0, 6836.72, 3, 0, 0, 0.23, 920, 619, 6501.17, 17502, 16643
1694945644, 0, 18, 151, 0, 0, 6836.72, 3, 0, 0, 0.24, 921, 619, 6501.17, 17502, 16643
1694945648, 0, 18, 151, 0, 0, 6836.72, 3, 0, 0, 0.27, 922, 619, 6501.17, 17502, 16643
1694945652, 0, 18, 151, 0, 0, 6836.72, 3, 0, 0, 0.28, 923, 619, 6501.17, 17502, 16643
1694945655, 0, 18, 151, 0, 0, 6836.72, 3, 0, 0, 0.27, 924, 619, 6501.17, 17502, 16643
1694945660, 0, 18, 151, 0, 0, 6836.72, 3, 0, 0, 0.21, 925, 619, 6501.17, 17502, 16643
1694945664, 0, 18, 151, 0, 0, 6836.72, 3, 0, 0, 0.27, 926, 619, 6501.17, 17502, 16643
1694945667, 0, 18, 151, 0, 0, 6836.72, 3, 0, 0, 0.31, 927, 619, 6501.17, 17502, 16643
1694945671, 0, 18, 151, 0, 0, 6836.72, 3, 0, 0, 0.27, 928, 619, 6501.17, 17502, 16643
1694945675, 0, 18, 151, 0, 0, 6836.72, 3, 0, 0, 0.25, 929, 619, 6501.17, 17502, 16643
1694945679, 0, 18, 151, 0, 0, 6836.72, 3, 0, 0, 0.25, 930, 619, 6501.17, 17502, 16643
1694945682, 0, 18, 151, 0, 0, 6836.72, 3, 0, 0, 0.30, 931, 619, 6501.17, 17502, 16643
1694945686, 0, 18, 151, 0, 0, 6836.72, 3, 0, 0, 0.28, 932, 619, 6501.17, 17502, 16643
1694945690, 0, 18, 151, 0, 0, 6836.72, 3, 0, 0, 0.25, 933, 619, 6501.17, 17502, 16643
1694945694, 0, 18, 151, 0, 0, 6836.72, 3, 0, 0, 0.23, 934, 619, 6501.17, 17502, 16643
1694945698, 0, 18, 151, 0, 0, 6836.72, 3, 0, 0, 0.26, 935, 619, 6501.17, 17502, 16643
1694945702, 0, 18, 152, 0, 0, 6836.72, 3, 0, 0, 0.22, 936, 619, 6501.17, 17502, 16643
1694945706, 0, 18, 152, 0, 0, 6836.72, 3, 0, 0, 0.27, 937, 619, 6501.17, 17502, 16643
1694945710, 0, 18, 152, 0, 0, 6836.72, 3, 0, 0, 0.24, 938, 619, 6501.17, 17502, 16643
1694945714, 0, 18, 152, 0, 0, 6836.72, 3, 0, 0, 0.27, 939, 619, 6501.17, 17502, 16643
1694945717, 0, 18, 152, 0, 0, 6836.72, 3, 0, 0, 0.30, 940, 619, 6501.17, 17502, 16643
1694945721, 0, 18, 153, 0, 0, 6836.72, 3, 0, 0, 0.28, 941, 619, 6501.17, 17502, 16643
1694945725, 0, 18, 153, 0, 0, 6836.72, 3, 0, 0, 0.23, 942, 619, 6501.17, 17502, 16643
1694945729, 0, 18, 153, 0, 0, 6836.72, 3, 0, 0, 0.29, 943, 619, 6501.17, 17502, 16643
1694945732, 0, 18, 153, 0, 0, 6836.72, 3, 0, 0, 0.30, 944, 619, 6501.17, 17502, 16643
1694945736, 0, 18, 153, 0, 0, 6836.72, 3, 0, 0, 0.25, 945, 619, 6501.17, 17502, 16643
1694945740, 0, 18, 153, 0, 0, 6836.72, 3, 0, 0, 0.26, 946, 619, 6501.17, 17502, 16643
1694945744, 0, 18, 153, 0, 0, 6836.72, 3, 0, 0, 0.26, 947, 619, 6501.17, 17502, 16643
1694945748, 0, 18, 153, 0, 0, 6836.72, 3, 0, 0, 0.21, 948, 619, 6501.17, 17502, 16643
1694945753, 0, 18, 153, 0, 0, 6836.72, 3, 0, 0, 0.22, 949, 619, 6501.17, 17502, 16643
1694945756, 0, 18, 153, 0, 0, 6836.72, 3, 0, 0, 0.27, 950, 619, 6501.17, 17502, 16643
1694945761, 0, 18, 153, 0, 0, 6836.72, 3, 0, 0, 0.23, 951, 619, 6501.17, 17502, 16643
1694945765, 0, 18, 153, 0, 0, 6836.72, 3, 0, 0, 0.26, 952, 619, 6501.17, 17502, 16643
1694945769, 0, 18, 153, 0, 0, 6836.72, 3, 0, 0, 0.25, 953, 619, 6501.17, 17502, 16643
1694945773, 0, 18, 153, 0, 0, 6836.72, 3, 0, 0, 0.25, 954, 619, 6501.17, 17502, 16643
1694945777, 0, 18, 153, 0, 0, 6836.72, 3, 0, 0, 0.26, 955, 619, 6501.17, 17502, 16643
1694945781, 0, 18, 153, 0, 0, 6836.72, 3, 0, 0, 0.24, 956, 619, 6501.17, 17502, 16643
1694945784, 0, 18, 153, 0, 0, 6836.72, 3, 0, 0, 0.29, 957, 619, 6501.17, 17502, 16643
1694945788, 0, 18, 153, 0, 0, 6836.72, 3, 0, 0, 0.30, 958, 619, 6501.17, 17502, 16643
1694945791, 0, 18, 153, 0, 0, 6836.72, 3, 0, 0, 0.30, 959, 619, 6501.17, 17502, 16643
1694945795, 0, 18, 154, 0, 0, 6836.72, 3, 0, 0, 0.26, 960, 619, 6501.17, 17502, 16643
1694945799, 0, 18, 154, 0, 0, 6836.72, 3, 0, 0, 0.26, 961, 619, 6501.17, 17502, 16643
1694945803, 0, 18, 154, 0, 0, 6836.72, 3, 0, 0, 0.21, 962, 619, 6501.17, 17502, 16643
1694945807, 0, 18, 154, 0, 0, 6836.72, 3, 0, 0, 0.25, 963, 619, 6501.17, 17502, 16643
1694945811, 0, 18, 154, 0, 0, 6836.72, 3, 0, 0, 0.25, 964, 619, 6501.17, 17502, 16643
1694945815, 0, 18, 154, 0, 0, 6836.72, 3, 0, 0, 0.30, 965, 619, 6501.17, 17502, 16643
1694945818, 0, 18, 154, 0, 0, 6836.72, 3, 0, 0, 0.33, 966, 619, 6501.17, 17502, 16643
1694945822, 0, 18, 154, 0, 0, 6836.72, 3, 0, 0, 0.23, 967, 619, 6501.17, 17502, 16643
1694945826, 0, 18, 154, 0, 0, 6836.72, 3, 0, 0, 0.28, 968, 619, 6501.17, 17502, 16643
1694945829, 0, 18, 154, 0, 0, 6836.72, 3, 0, 0, 0.27, 969, 619, 6501.17, 17502, 16643
1694945833, 0, 18, 154, 0, 0, 6836.72, 3, 0, 0, 0.29, 970, 619, 6501.17, 17502, 16643
1694945837, 0, 18, 154, 0, 0, 6836.72, 3, 0, 0, 0.22, 971, 619, 6501.17, 17502, 16643
1694945842, 0, 18, 154, 0, 0, 6836.72, 3, 0, 0, 0.21, 972, 619, 6501.17, 17502, 16643
1694945846, 0, 18, 155, 0, 0, 6836.72, 3, 0, 0, 0.27, 973, 619, 6501.17, 17502, 16643
1694945850, 0, 18, 156, 0, 0, 6836.72, 3, 0, 0, 0.23, 974, 619, 6501.17, 17502, 16643
1694945854, 0, 18, 156, 0, 0, 6836.72, 3, 0, 0, 0.25, 975, 619, 6501.17, 17502, 16643
1694945858, 0, 18, 156, 0, 0, 6836.72, 3, 0, 0, 0.27, 976, 619, 6501.17, 17502, 16643
1694945861, 0, 18, 157, 0, 0, 6836.72, 3, 0, 0, 0.31, 977, 619, 6501.17, 17502, 16643
1694945865, 0, 18, 158, 0, 0, 6836.72, 3, 0, 0, 0.29, 978, 619, 6501.17, 17502, 16643
1694945868, 0, 18, 159, 0, 0, 6836.72, 3, 0, 0, 0.25, 979, 619, 6501.17, 17502, 16643
1694945873, 0, 18, 159, 0, 0, 6836.72, 3, 0, 0, 0.22, 980, 619, 6501.17, 17502, 16643
1694945877, 0, 18, 159, 0, 0, 6836.72, 3, 0, 0, 0.25, 981, 619, 6501.17, 17502, 16643
1694945880, 0, 18, 159, 0, 0, 6836.72, 3, 0, 0, 0.29, 982, 619, 6501.17, 17502, 16643
1694945885, 0, 18, 159, 0, 0, 6836.72, 3, 0, 0, 0.23, 983, 619, 6501.17, 17502, 16643
1694945888, 0, 18, 159, 0, 0, 6836.72, 3, 0, 0, 0.31, 984, 619, 6501.17, 17502, 16643
1694945892, 0, 18, 159, 0, 0, 6836.72, 3, 0, 0, 0.28, 985, 619, 6501.17, 17502, 16643
1694945896, 0, 18, 159, 0, 0, 6836.72, 3, 0, 0, 0.23, 986, 619, 6501.17, 17502, 16643
1694945900, 0, 18, 159, 0, 0, 6836.72, 3, 0, 0, 0.26, 987, 619, 6501.17, 17502, 16643
1694945903, 0, 18, 159, 0, 0, 6836.72, 3, 0, 0, 0.28, 988, 619, 6501.17, 17502, 16643
1694945906, 0, 18, 159, 0, 0, 6836.72, 3, 0, 0, 0.32, 989, 619, 6501.17, 17502, 16643
1694945910, 0, 18, 159, 0, 0, 6836.72, 3, 0, 0, 0.26, 990, 619, 6501.17, 17502, 16643
1694945914, 0, 18, 159, 0, 0, 6836.72, 3, 0, 0, 0.26, 991, 619, 6501.17, 17502, 16643
1694945919, 0, 18, 159, 0, 0, 6836.72, 3, 0, 0, 0.21, 992, 619, 6501.17, 17502, 16643
1694945923, 0, 18, 159, 0, 0, 6836.72, 3, 0, 0, 0.27, 993, 619, 6501.17, 17502, 16643
1694945927, 0, 18, 159, 0, 0, 6836.72, 3, 0, 0, 0.25, 994, 619, 6501.17, 17502, 16643
1694945931, 0, 18, 159, 0, 0, 6836.72, 3, 0, 0, 0.25, 995, 619, 6501.17, 17502, 16643
1694945934, 0, 18, 159, 0, 0, 6836.72, 3, 0, 0, 0.27, 996, 619, 6501.17, 17502, 16643
1694945939, 0, 18, 159, 0, 0, 6836.72, 3, 0, 0, 0.22, 997, 619, 6501.17, 17502, 16643
1694945943, 0, 18, 159, 0, 0, 6836.72, 3, 0, 0, 0.28, 998, 619, 6501.17, 17502, 16643
1694945946, 0, 18, 159, 0, 0, 6836.72, 3, 0, 0, 0.26, 999, 619, 6501.17, 17502, 16643
1694945951, 0, 18, 159, 0, 0, 6836.72, 3, 0, 0, 0.24, 1000, 619, 6501.17, 17502, 16643
1694945955, 0, 18, 159, 0, 0, 6836.72, 3, 0, 0, 0.23, 1001, 619, 6501.17, 17502, 16643
1694945959, 0, 18, 159, 0, 0, 6836.72, 3, 0, 0, 0.27, 1002, 619, 6501.17, 17502, 16643
1694945963, 0, 18, 159, 0, 0, 6836.72, 3, 0, 0, 0.25, 1003, 619, 6501.17, 17502, 16643
1694945967, 0, 18, 159, 0, 0, 6836.72, 3, 0, 0, 0.25, 1004, 619, 6501.17, 17502, 16643
1694945971, 0, 18, 159, 0, 0, 6836.72, 3, 0, 0, 0.24, 1005, 619, 6501.17, 17502, 16643
1694945975, 0, 18, 159, 0, 0, 6836.72, 3, 0, 0, 0.23, 1006, 619, 6501.17, 17502, 16643
1694945979, 0, 18, 159, 0, 0, 6836.72, 3, 0, 0, 0.26, 1007, 619, 6501.17, 17502, 16643
1694945983, 0, 18, 159, 0, 0, 6836.72, 3, 0, 0, 0.26, 1008, 619, 6501.17, 17502, 16643
1694945987, 0, 18, 159, 0, 0, 6836.72, 3, 0, 0, 0.25, 1009, 619, 6501.17, 17502, 16643
1694945991, 0, 18, 159, 0, 0, 6836.72, 3, 0, 0, 0.25, 1010, 619, 6501.17, 17502, 16643
1694945996, 0, 18, 159, 0, 0, 6836.72, 3, 0, 0, 0.22, 1011, 619, 6501.17, 17502, 16643
1694946000, 0, 18, 159, 0, 0, 6836.72, 3, 0, 0, 0.24, 1012, 619, 6501.17, 17502, 16643
1694946004, 0, 18, 159, 0, 0, 6836.72, 3, 0, 0, 0.21, 1013, 619, 6501.17, 17502, 16643
1694946009, 0, 18, 159, 0, 0, 6836.72, 3, 0, 0, 0.23, 1014, 619, 6501.17, 17502, 16643
1694946013, 0, 18, 159, 0, 0, 6836.72, 3, 0, 0, 0.22, 1015, 619, 6501.17, 17502, 16643
1694946018, 0, 18, 159, 0, 0, 6836.72, 3, 0, 0, 0.22, 1016, 619, 6501.17, 17502, 16643
1694946022, 0, 18, 159, 0, 0, 6836.72, 3, 0, 0, 0.27, 1017, 619, 6501.17, 17502, 16643
1694946026, 0, 18, 159, 0, 0, 6836.72, 3, 0, 0, 0.26, 1018, 619, 6501.17, 17502, 16643
1694946030, 0, 18, 159, 0, 0, 6836.72, 3, 0, 0, 0.22, 1019, 619, 6501.17, 17502, 16643
1694946034, 0, 18, 159, 0, 0, 6836.72, 3, 0, 0, 0.24, 1020, 619, 6501.17, 17502, 16643
1694946037, 0, 18, 159, 0, 0, 6836.72, 3, 0, 0, 0.35, 1021, 619, 6501.17, 17502, 16643
1694946042, 0, 18, 159, 0, 0, 6836.72, 3, 0, 0, 0.21, 1022, 619, 6501.17, 17502, 16643
1694946047, 0, 18, 159, 0, 0, 6836.72, 3, 0, 0, 0.21, 1023, 619, 6501.17, 17502, 16643
1694946051, 0, 18, 159, 0, 0, 6836.72, 3, 0, 0, 0.22, 1024, 619, 6501.17, 17502, 16643
1694946055, 0, 18, 159, 0, 0, 6836.72, 3, 0, 0, 0.28, 1025, 619, 6501.17, 17502, 16643
1694946059, 0, 18, 159, 0, 0, 6836.72, 3, 0, 0, 0.23, 1026, 619, 6501.17, 17502, 16643
1694946064, 0, 18, 159, 0, 0, 6836.72, 3, 0, 0, 0.21, 1027, 619, 6501.17, 17502, 16643
1694946068, 0, 18, 159, 0, 0, 6836.72, 3, 0, 0, 0.26, 1028, 619, 6501.17, 17502, 16643
1694946072, 0, 18, 159, 0, 0, 6836.72, 3, 0, 0, 0.25, 1029, 619, 6501.17, 17502, 16643
1694946075, 0, 18, 159, 0, 0, 6836.72, 3, 0, 0, 0.27, 1030, 619, 6501.17, 17502, 16643
1694946080, 0, 18, 159, 0, 0, 6836.72, 3, 0, 0, 0.23, 1031, 619, 6501.17, 17502, 16643
1694946084, 0, 18, 159, 0, 0, 6836.72, 3, 0, 0, 0.26, 1032, 619, 6501.17, 17502, 16643
1694946087, 0, 18, 159, 0, 0, 6836.72, 3, 0, 0, 0.27, 1033, 619, 6501.17, 17502, 16643
1694946092, 0, 18, 159, 0, 0, 6836.72, 3, 0, 0, 0.24, 1034, 619, 6501.17, 17502, 16643
1694946096, 0, 18, 159, 0, 0, 6836.72, 3, 0, 0, 0.24, 1035, 619, 6501.17, 17502, 16643
1694946099, 0, 18, 159, 0, 0, 6836.72, 3, 0, 0, 0.28, 1036, 619, 6501.17, 17502, 16643
1694946104, 0, 18, 159, 0, 0, 6836.72, 3, 0, 0, 0.23, 1037, 619, 6501.17, 17502, 16643
1694946107, 0, 18, 159, 0, 0, 6836.72, 3, 0, 0, 0.30, 1038, 619, 6501.17, 17502, 16643
1694946112, 0, 18, 160, 0, 0, 6836.72, 3, 0, 0, 0.20, 1039, 619, 6501.17, 17502, 16643
1694946116, 0, 18, 160, 0, 0, 6836.72, 3, 0, 0, 0.23, 1040, 619, 6501.17, 17502, 16643
1694946121, 0, 18, 160, 0, 0, 6836.72, 3, 0, 0, 0.23, 1041, 619, 6501.17, 17502, 16643
1694946125, 0, 18, 160, 0, 0, 6836.72, 3, 0, 0, 0.23, 1042, 619, 6501.17, 17502, 16643
1694946129, 0, 18, 160, 0, 0, 6836.72, 3, 0, 0, 0.26, 1043, 619, 6501.17, 17502, 16643
1694946132, 0, 18, 160, 0, 0, 6836.72, 3, 0, 0, 0.29, 1044, 619, 6501.17, 17502, 16643
1694946137, 0, 18, 160, 0, 0, 6836.72, 3, 0, 0, 0.23, 1045, 619, 6501.17, 17502, 16643
1694946141, 0, 18, 160, 0, 0, 6836.72, 3, 0, 0, 0.23, 1046, 619, 6501.17, 17502, 16643
1694946144, 0, 18, 160, 0, 0, 6836.72, 3, 0, 0, 0.30, 1047, 619, 6501.17, 17502, 16643
1694946149, 0, 18, 160, 0, 0, 6836.72, 3, 0, 0, 0.23, 1048, 619, 6501.17, 17502, 16643
1694946153, 0, 18, 160, 0, 0, 6836.72, 3, 0, 0, 0.22, 1049, 619, 6501.17, 17502, 16643
1694946158, 0, 18, 160, 0, 0, 6836.72, 3, 0, 0, 0.22, 1050, 619, 6501.17, 17502, 16643
1694946163, 0, 18, 161, 0, 0, 6836.72, 3, 0, 0, 0.20, 1051, 619, 6501.17, 17502, 16643
1694946168, 0, 18, 161, 0, 0, 6836.72, 3, 0, 0, 0.20, 1052, 619, 6501.17, 17502, 16643
1694946172, 0, 18, 161, 0, 0, 6836.72, 3, 0, 0, 0.23, 1053, 619, 6501.17, 17502, 16643
1694946177, 0, 18, 161, 0, 0, 6836.72, 3, 0, 0, 0.21, 1054, 619, 6501.17, 17502, 16643
1694946181, 0, 18, 161, 0, 0, 6836.72, 3, 0, 0, 0.25, 1055, 619, 6501.17, 17502, 16643
1694946184, 0, 18, 161, 0, 0, 6836.72, 3, 0, 0, 0.29, 1056, 619, 6501.17, 17502, 16643
1694946189, 0, 18, 162, 0, 0, 6836.72, 3, 0, 0, 0.21, 1057, 619, 6501.17, 17502, 16643
1694946193, 0, 18, 162, 0, 0, 6836.72, 3, 0, 0, 0.23, 1058, 619, 6501.17, 17502, 16643
1694946198, 0, 18, 162, 0, 0, 6836.72, 3, 0, 0, 0.24, 1059, 619, 6501.17, 17502, 16643
1694946202, 0, 18, 163, 0, 0, 6836.72, 3, 0, 0, 0.25, 1060, 619, 6501.17, 17502, 16643
1694946205, 0, 18, 163, 0, 0, 6836.72, 3, 0, 0, 0.29, 1061, 619, 6501.17, 17502, 16643
1694946210, 0, 18, 163, 0, 0, 6836.72, 3, 0, 0, 0.22, 1062, 619, 6501.17, 17502, 16643
1694946213, 0, 18, 163, 0, 0, 6836.72, 3, 0, 0, 0.25, 1063, 619, 6501.17, 17502, 16643
1694946217, 0, 18, 163, 0, 0, 6836.72, 3, 0, 0, 0.25, 1064, 619, 6501.17, 17502, 16643
1694946222, 0, 18, 163, 0, 0, 6836.72, 3, 0, 0, 0.20, 1065, 619, 6501.17, 17502, 16643
1694946226, 0, 18, 163, 0, 0, 6836.72, 3, 0, 0, 0.25, 1066, 619, 6501.17, 17502, 16643
1694946230, 0, 18, 163, 0, 0, 6836.72, 3, 0, 0, 0.26, 1067, 619, 6501.17, 17502, 16643
1694946234, 0, 18, 164, 0, 0, 6836.72, 3, 0, 0, 0.27, 1068, 619, 6501.17, 17502, 16643
1694946238, 0, 18, 164, 0, 0, 6836.72, 3, 0, 0, 0.26, 1069, 619, 6501.17, 17502, 16643
1694946242, 0, 18, 164, 0, 0, 6836.72, 3, 0, 0, 0.23, 1070, 619, 6501.17, 17502, 16643
1694946247, 0, 18, 164, 0, 0, 6836.72, 3, 0, 0, 0.22, 1071, 619, 6501.17, 17502, 16643
1694946251, 0, 18, 164, 0, 0, 6836.72, 3, 0, 0, 0.22, 1072, 619, 6501.17, 17502, 16643
1694946255, 0, 18, 164, 0, 0, 6836.72, 3, 0, 0, 0.31, 1073, 619, 6501.17, 17502, 16643
1694946258, 0, 18, 164, 0, 0, 6836.72, 3, 0, 0, 0.27, 1074, 619, 6501.17, 17502, 16643
1694946262, 0, 18, 164, 0, 0, 6836.72, 3, 0, 0, 0.26, 1075, 619, 6501.17, 17502, 16643
1694946267, 0, 18, 164, 0, 0, 6836.72, 3, 0, 0, 0.23, 1076, 619, 6501.17, 17502, 16643
1694946271, 0, 18, 164, 0, 0, 6836.72, 3, 0, 0, 0.24, 1077, 619, 6501.17, 17502, 16643
1694946274, 0, 18, 164, 0, 0, 6836.72, 3, 0, 0, 0.28, 1078, 619, 6501.17, 17502, 16643
1694946279, 0, 18, 164, 0, 0, 6836.72, 3, 0, 0, 0.23, 1079, 619, 6501.17, 17502, 16643
1694946283, 0, 18, 164, 0, 0, 6836.72, 3, 0, 0, 0.26, 1080, 619, 6501.17, 17502, 16643
1694946287, 0, 18, 164, 0, 0, 6836.72, 3, 0, 0, 0.25, 1081, 619, 6501.17, 17502, 16643
1694946290, 0, 18, 164, 0, 0, 6836.72, 3, 0, 0, 0.29, 1082, 619, 6501.17, 17502, 16643
1694946294, 0, 18, 164, 0, 0, 6836.72, 3, 0, 0, 0.23, 1083, 619, 6501.17, 17502, 16643
1694946299, 0, 18, 164, 0, 0, 6836.72, 3, 0, 0, 0.24, 1084, 619, 6501.17, 17502, 16643
1694946303, 0, 18, 164, 0, 0, 6836.72, 3, 0, 0, 0.24, 1085, 619, 6501.17, 17502, 16643
1694946307, 0, 18, 164, 0, 0, 6836.72, 3, 0, 0, 0.22, 1086, 619, 6501.17, 17502, 16643
1694946312, 0, 18, 164, 0, 0, 6836.72, 3, 0, 0, 0.23, 1087, 619, 6501.17, 17502, 16643
1694946316, 0, 18, 164, 0, 0, 6836.72, 3, 0, 0, 0.23, 1088, 619, 6501.17, 17502, 16643
1694946320, 0, 18, 164, 0, 0, 6836.72, 3, 0, 0, 0.25, 1089, 619, 6501.17, 17502, 16643
1694946324, 0, 18, 164, 0, 0, 6836.72, 3, 0, 0, 0.25, 1090, 619, 6501.17, 17502, 16643
1694946328, 0, 18, 164, 0, 0, 6836.72, 3, 0, 0, 0.28, 1091, 619, 6501.17, 17502, 16643
1694946332, 0, 18, 164, 0, 0, 6836.72, 3, 0, 0, 0.24, 1092, 619, 6501.17, 17502, 16643
1694946336, 0, 18, 164, 0, 0, 6836.72, 3, 0, 0, 0.26, 1093, 619, 6501.17, 17502, 16643
1694946340, 0, 18, 164, 0, 0, 6836.72, 3, 0, 0, 0.22, 1094, 619, 6501.17, 17502, 16643
1694946343, 0, 18, 164, 0, 0, 6836.72, 3, 0, 0, 0.33, 1095, 619, 6501.17, 17502, 16643
1694946347, 0, 18, 164, 0, 0, 6836.72, 3, 0, 0, 0.26, 1096, 619, 6501.17, 17502, 16643
1694946352, 0, 18, 164, 0, 0, 6836.72, 3, 0, 0, 0.19, 1097, 619, 6501.17, 17502, 16643
1694946357, 0, 18, 164, 0, 0, 6836.72, 3, 0, 0, 0.22, 1098, 619, 6501.17, 17502, 16643
1694946361, 0, 18, 164, 0, 0, 6836.72, 3, 0, 0, 0.25, 1099, 619, 6501.17, 17502, 16643
1694946366, 0, 18, 164, 0, 0, 6836.72, 3, 0, 0, 0.21, 1100, 619, 6501.17, 17502, 16643
1694946370, 0, 18, 164, 0, 0, 6836.72, 3, 0, 0, 0.20, 1101, 619, 6501.17, 17502, 16643
1694946374, 0, 18, 164, 0, 0, 6836.72, 3, 0, 0, 0.27, 1102, 619, 6501.17, 17502, 16643
1694946378, 0, 18, 164, 0, 0, 6836.72, 3, 0, 0, 0.25, 1103, 619, 6501.17, 17502, 16643
1694946382, 0, 18, 164, 0, 0, 6836.72, 3, 0, 0, 0.29, 1104, 619, 6501.17, 17502, 16643
1694946386, 0, 18, 164, 0, 0, 6836.72, 3, 0, 0, 0.23, 1105, 619, 6501.17, 17502, 16643
1694946390, 0, 18, 164, 0, 0, 6836.72, 3, 0, 0, 0.24, 1106, 619, 6501.17, 17502, 16643
1694946395, 0, 18, 164, 0, 0, 6836.72, 3, 0, 0, 0.21, 1107, 619, 6501.17, 17502, 16643
1694946399, 0, 18, 164, 0, 0, 6836.72, 3, 0, 0, 0.27, 1108, 619, 6501.17, 17502, 16643
1694946403, 0, 18, 164, 0, 0, 6836.72, 3, 0, 0, 0.23, 1109, 619, 6501.17, 17502, 16643
1694946408, 0, 18, 164, 0, 0, 6836.72, 3, 0, 0, 0.21, 1110, 619, 6501.17, 17502, 16643
1694946411, 0, 18, 164, 0, 0, 6836.72, 3, 0, 0, 0.28, 1111, 619, 6501.17, 17502, 16643
1694946415, 0, 18, 164, 0, 0, 6836.72, 3, 0, 0, 0.27, 1112, 619, 6501.17, 17502, 16643
1694946418, 0, 18, 164, 0, 0, 6836.72, 3, 0, 0, 0.30, 1113, 619, 6501.17, 17502, 16643
1694946423, 0, 18, 164, 0, 0, 6836.72, 3, 0, 0, 0.23, 1114, 619, 6501.17, 17502, 16643
1694946427, 0, 18, 164, 0, 0, 6836.72, 3, 0, 0, 0.23, 1115, 619, 6501.17, 17502, 16643
1694946431, 0, 18, 164, 0, 0, 6836.72, 3, 0, 0, 0.31, 1116, 619, 6501.17, 17502, 16643
1694946434, 0, 18, 164, 0, 0, 6836.72, 3, 0, 0, 0.31, 1117, 619, 6501.17, 17502, 16643
1694946438, 0, 18, 164, 0, 0, 6836.72, 3, 0, 0, 0.26, 1118, 619, 6501.17, 17502, 16643
1694946442, 0, 18, 164, 0, 0, 6836.72, 3, 0, 0, 0.23, 1119, 619, 6501.17, 17502, 16643
1694946446, 0, 18, 164, 0, 0, 6836.72, 3, 0, 0, 0.27, 1120, 619, 6501.17, 17502, 16643
1694946450, 0, 18, 164, 0, 0, 6836.72, 3, 0, 0, 0.23, 1121, 619, 6501.17, 17502, 16643
1694946454, 0, 18, 164, 0, 0, 6836.72, 3, 0, 0, 0.26, 1122, 619, 6501.17, 17502, 16643
1694946458, 0, 18, 164, 0, 0, 6836.72, 3, 0, 0, 0.23, 1123, 619, 6501.17, 17502, 16643
1694946463, 0, 18, 164, 0, 0, 6836.72, 3, 0, 0, 0.23, 1124, 619, 6501.17, 17502, 16643
1694946467, 0, 18, 164, 0, 0, 6836.72, 3, 0, 0, 0.21, 1125, 619, 6501.17, 17502, 16643
1694946471, 0, 18, 164, 0, 0, 6836.72, 3, 0, 0, 0.24, 1126, 619, 6501.17, 17502, 16643
1694946475, 0, 18, 164, 0, 0, 6836.72, 3, 0, 0, 0.27, 1127, 619, 6501.17, 17502, 16643
1694946480, 0, 18, 164, 0, 0, 6836.72, 3, 0, 0, 0.19, 1128, 619, 6501.17, 17502, 16643
1694946485, 0, 18, 164, 0, 0, 6836.72, 3, 0, 0, 0.20, 1129, 619, 6501.17, 17502, 16643
1694946490, 0, 18, 164, 0, 0, 6836.72, 3, 0, 0, 0.20, 1130, 619, 6501.17, 17502, 16643
1694946495, 0, 18, 164, 0, 0, 6836.72, 3, 0, 0, 0.24, 1131, 619, 6501.17, 17502, 16643
1694946499, 0, 18, 164, 0, 0, 6836.72, 3, 0, 0, 0.23, 1132, 619, 6501.17, 17502, 16643
1694946503, 0, 18, 164, 0, 0, 6836.72, 3, 0, 0, 0.25, 1133, 619, 6501.17, 17502, 16643
1694946508, 0, 18, 164, 0, 0, 6836.72, 3, 0, 0, 0.20, 1134, 619, 6501.17, 17502, 16643
1694946513, 0, 18, 164, 0, 0, 6836.72, 3, 0, 0, 0.21, 1135, 619, 6501.17, 17502, 16643
1694946517, 0, 18, 164, 0, 0, 6836.72, 3, 0, 0, 0.21, 1136, 619, 6501.17, 17502, 16643
1694946522, 0, 18, 164, 0, 0, 6836.72, 3, 0, 0, 0.24, 1137, 619, 6501.17, 17502, 16643
1694946527, 0, 18, 164, 0, 0, 6836.72, 3, 0, 0, 0.18, 1138, 619, 6501.17, 17502, 16643
1694946531, 0, 18, 164, 0, 0, 6836.72, 3, 0, 0, 0.26, 1139, 619, 6501.17, 17502, 16643
1694946535, 0, 18, 165, 0, 0, 6836.72, 3, 0, 0, 0.24, 1140, 619, 6501.17, 17502, 16643
1694946539, 0, 18, 165, 0, 0, 6836.72, 3, 0, 0, 0.27, 1141, 619, 6501.17, 17502, 16643
1694946543, 0, 18, 165, 0, 0, 6836.72, 3, 0, 0, 0.25, 1142, 619, 6501.17, 17502, 16643
1694946547, 0, 18, 165, 0, 0, 6836.72, 3, 0, 0, 0.24, 1143, 619, 6501.17, 17502, 16643
1694946551, 0, 18, 165, 0, 0, 6836.72, 3, 0, 0, 0.24, 1144, 619, 6501.17, 17502, 16643
1694946555, 0, 18, 165, 0, 0, 6836.72, 3, 0, 0, 0.25, 1145, 619, 6501.17, 17502, 16643
1694946558, 0, 18, 165, 0, 0, 6836.72, 3, 0, 0, 0.28, 1146, 619, 6501.17, 17502, 16643
1694946562, 0, 18, 165, 0, 0, 6836.72, 3, 0, 0, 0.28, 1147, 619, 6501.17, 17502, 16643
1694946567, 0, 18, 165, 0, 0, 6836.72, 3, 0, 0, 0.20, 1148, 619, 6501.17, 17502, 16643
1694946571, 0, 18, 165, 0, 0, 6836.72, 3, 0, 0, 0.24, 1149, 619, 6501.17, 17502, 16643
1694946576, 0, 18, 165, 0, 0, 6836.72, 3, 0, 0, 0.21, 1150, 619, 6501.17, 17502, 16643
1694946580, 0, 18, 165, 0, 0, 6836.72, 3, 0, 0, 0.22, 1151, 619, 6501.17, 17502, 16643
1694946585, 0, 18, 165, 0, 0, 6836.72, 3, 0, 0, 0.23, 1152, 619, 6501.17, 17502, 16643
1694946589, 0, 18, 165, 0, 0, 6836.72, 3, 0, 0, 0.23, 1153, 619, 6501.17, 17502, 16643
1694946594, 0, 18, 165, 0, 0, 6836.72, 3, 0, 0, 0.21, 1154, 619, 6501.17, 17502, 16643
1694946598, 0, 18, 165, 0, 0, 6836.72, 3, 0, 0, 0.21, 1155, 619, 6501.17, 17502, 16643
1694946602, 0, 18, 165, 0, 0, 6836.72, 3, 0, 0, 0.29, 1156, 619, 6501.17, 17502, 16643
1694946606, 0, 18, 165, 0, 0, 6836.72, 3, 0, 0, 0.25, 1157, 619, 6501.17, 17502, 16643
1694946611, 0, 18, 165, 0, 0, 6836.72, 3, 0, 0, 0.21, 1158, 619, 6501.17, 17502, 16643
1694946615, 0, 18, 165, 0, 0, 6836.72, 3, 0, 0, 0.23, 1159, 619, 6501.17, 17502, 16643
1694946619, 0, 18, 165, 0, 0, 6836.72, 3, 0, 0, 0.23, 1160, 619, 6501.17, 17502, 16643
1694946624, 0, 18, 165, 0, 0, 6836.72, 3, 0, 0, 0.24, 1161, 619, 6501.17, 17502, 16643
1694946628, 0, 18, 165, 0, 0, 6836.72, 3, 0, 0, 0.24, 1162, 619, 6501.17, 17502, 16643
1694946632, 0, 18, 165, 0, 0, 6836.72, 3, 0, 0, 0.23, 1163, 619, 6501.17, 17502, 16643
1694946636, 0, 18, 165, 0, 0, 6836.72, 3, 0, 0, 0.23, 1164, 619, 6501.17, 17502, 16643
1694946640, 0, 18, 165, 0, 0, 6836.72, 3, 0, 0, 0.25, 1165, 619, 6501.17, 17502, 16643
1694946644, 0, 18, 165, 0, 0, 6836.72, 3, 0, 0, 0.29, 1166, 619, 6501.17, 17502, 16643
1694946648, 0, 18, 165, 0, 0, 6836.72, 3, 0, 0, 0.23, 1167, 619, 6501.17, 17502, 16643
1694946652, 0, 18, 165, 0, 0, 6836.72, 3, 0, 0, 0.24, 1168, 619, 6501.17, 17502, 16643
1694946657, 0, 18, 165, 0, 0, 6836.72, 3, 0, 0, 0.21, 1169, 619, 6501.17, 17502, 16643
1694946662, 0, 18, 165, 0, 0, 6836.72, 3, 0, 0, 0.20, 1170, 619, 6501.17, 17502, 16643
1694946666, 0, 18, 165, 0, 0, 6836.72, 3, 0, 0, 0.30, 1171, 619, 6501.17, 17502, 16643
1694946671, 0, 18, 165, 0, 0, 6836.72, 3, 0, 0, 0.20, 1172, 619, 6501.17, 17502, 16643
1694946676, 0, 18, 165, 0, 0, 6836.72, 3, 0, 0, 0.21, 1173, 619, 6501.17, 17502, 16643
1694946680, 0, 18, 165, 0, 0, 6836.72, 3, 0, 0, 0.21, 1174, 619, 6501.17, 17502, 16643
1694946684, 0, 18, 165, 0, 0, 6836.72, 3, 0, 0, 0.25, 1175, 619, 6501.17, 17502, 16643
1694946688, 0, 18, 165, 0, 0, 6836.72, 3, 0, 0, 0.24, 1176, 619, 6501.17, 17502, 16643
1694946694, 0, 18, 165, 0, 0, 6836.72, 3, 0, 0, 0.20, 1177, 619, 6501.17, 17502, 16643
1694946698, 0, 18, 165, 0, 0, 6836.72, 3, 0, 0, 0.20, 1178, 619, 6501.17, 17502, 16643
1694946702, 0, 18, 165, 0, 0, 6836.72, 3, 0, 0, 0.26, 1179, 619, 6501.17, 17502, 16643
1694946706, 0, 18, 165, 0, 0, 6836.72, 3, 0, 0, 0.29, 1180, 619, 6501.17, 17502, 16643
1694946711, 0, 18, 166, 0, 0, 6836.72, 3, 0, 0, 0.20, 1181, 619, 6501.17, 17502, 16643
1694946715, 0, 18, 167, 0, 0, 6836.72, 3, 0, 0, 0.22, 1182, 619, 6501.17, 17502, 16643
1694946720, 0, 18, 167, 0, 0, 6836.72, 3, 0, 0, 0.21, 1183, 619, 6501.17, 17502, 16643
1694946724, 0, 18, 168, 0, 0, 6836.72, 3, 0, 0, 0.25, 1184, 619, 6501.17, 17502, 16643
1694946729, 0, 18, 168, 0, 0, 6836.72, 3, 0, 0, 0.21, 1185, 619, 6501.17, 17502, 16643
1694946733, 0, 18, 168, 0, 0, 6836.72, 3, 0, 0, 0.24, 1186, 619, 6501.17, 17502, 16643
1694946738, 0, 18, 168, 0, 0, 6836.72, 3, 0, 0, 0.19, 1187, 619, 6501.17, 17502, 16643
1694946743, 0, 18, 169, 0, 0, 6836.72, 3, 0, 0, 0.21, 1188, 619, 6501.17, 17502, 16643
1694946748, 0, 18, 169, 0, 0, 6836.72, 3, 0, 0, 0.22, 1189, 619, 6501.17, 17502, 16643
1694946752, 0, 18, 169, 0, 0, 6836.72, 3, 0, 0, 0.23, 1190, 619, 6501.17, 17502, 16643
1694946756, 0, 18, 170, 0, 0, 6836.72, 3, 0, 0, 0.24, 1191, 619, 6501.17, 17502, 16643
1694946760, 0, 18, 171, 0, 0, 6836.72, 3, 0, 0, 0.23, 1192, 619, 6501.17, 17502, 16643
1694946764, 0, 18, 172, 0, 0, 6836.72, 3, 0, 0, 0.24, 1193, 619, 6501.17, 17502, 16643
1694946770, 0, 18, 172, 0, 0, 6836.72, 3, 0, 0, 0.19, 1194, 619, 6501.17, 17502, 16643
1694946774, 0, 18, 172, 0, 0, 6836.72, 3, 0, 0, 0.23, 1195, 619, 6501.17, 17502, 16643
1694946779, 0, 18, 172, 0, 0, 6836.72, 3, 0, 0, 0.21, 1196, 619, 6501.17, 17502, 16643
1694946783, 0, 18, 173, 0, 0, 6836.72, 3, 0, 0, 0.25, 1197, 619, 6501.17, 17502, 16643
1694946788, 0, 18, 173, 0, 0, 6836.72, 3, 0, 0, 0.21, 1198, 619, 6501.17, 17502, 16643
1694946792, 0, 18, 173, 0, 0, 6836.72, 3, 0, 0, 0.23, 1199, 619, 6501.17, 17502, 16643
1694946796, 0, 18, 173, 0, 0, 6836.72, 3, 0, 0, 0.22, 1200, 619, 6501.17, 17502, 16643
1694946802, 0, 18, 173, 0, 0, 6836.72, 3, 0, 0, 0.20, 1201, 619, 6501.17, 17502, 16643
1694946806, 0, 18, 173, 0, 0, 6836.72, 3, 0, 0, 0.21, 1202, 619, 6501.17, 17502, 16643
1694946812, 0, 18, 173, 0, 0, 6836.72, 3, 0, 0, 0.17, 1203, 619, 6501.17, 17502, 16643
1694946818, 0, 18, 173, 0, 0, 6836.72, 3, 0, 0, 0.19, 1204, 619, 6501.17, 17502, 16643
1694946822, 0, 18, 173, 0, 0, 6836.72, 3, 0, 0, 0.21, 1205, 619, 6501.17, 17502, 16643
1694946826, 0, 18, 173, 0, 0, 6836.72, 3, 0, 0, 0.25, 1206, 619, 6501.17, 17502, 16643
1694946830, 0, 18, 173, 0, 0, 6836.72, 3, 0, 0, 0.24, 1207, 619, 6501.17, 17502, 16643
1694946835, 0, 18, 174, 0, 0, 6836.72, 3, 0, 0, 0.21, 1208, 619, 6501.17, 17502, 16643
1694946840, 0, 18, 174, 0, 0, 6836.72, 3, 0, 0, 0.21, 1209, 619, 6501.17, 17502, 16643
1694946845, 0, 18, 174, 0, 0, 6836.72, 3, 0, 0, 0.21, 1210, 619, 6501.17, 17502, 16643
1694946850, 0, 18, 174, 0, 0, 6836.72, 3, 0, 0, 0.20, 1211, 619, 6501.17, 17502, 16643
1694946854, 0, 18, 174, 0, 0, 6836.72, 3, 0, 0, 0.22, 1212, 619, 6501.17, 17502, 16643
1694946859, 0, 18, 174, 0, 0, 6836.72, 3, 0, 0, 0.20, 1213, 619, 6501.17, 17502, 16643
1694946864, 0, 18, 174, 0, 0, 6836.72, 3, 0, 0, 0.21, 1214, 619, 6501.17, 17502, 16643
1694946869, 0, 18, 174, 0, 0, 6836.72, 3, 0, 0, 0.21, 1215, 619, 6501.17, 17502, 16643
1694946874, 0, 18, 175, 0, 0, 6836.72, 3, 0, 0, 0.20, 1216, 619, 6501.17, 17502, 16643
1694946879, 0, 18, 175, 0, 0, 6836.72, 3, 0, 0, 0.19, 1217, 619, 6501.17, 17502, 16643
1694946884, 0, 18, 175, 0, 0, 6836.72, 3, 0, 0, 0.20, 1218, 619, 6501.17, 17502, 16643
1694946889, 0, 18, 175, 0, 0, 6836.72, 3, 0, 0, 0.21, 1219, 619, 6501.17, 17502, 16643
1694946893, 0, 18, 175, 0, 0, 6836.72, 3, 0, 0, 0.23, 1220, 619, 6501.17, 17502, 16643
1694946898, 0, 18, 175, 0, 0, 6836.72, 3, 0, 0, 0.19, 1221, 619, 6501.17, 17502, 16643
1694946904, 0, 18, 175, 0, 0, 6836.72, 3, 0, 0, 0.18, 1222, 619, 6501.17, 17502, 16643
1694946910, 0, 18, 175, 0, 0, 6836.72, 3, 0, 0, 0.18, 1223, 619, 6501.17, 17502, 16643
1694946915, 0, 18, 175, 0, 0, 6836.72, 3, 0, 0, 0.20, 1224, 619, 6501.17, 17502, 16643
1694946919, 0, 18, 175, 0, 0, 6836.72, 3, 0, 0, 0.21, 1225, 619, 6501.17, 17502, 16643
1694946924, 0, 18, 175, 0, 0, 6836.72, 3, 0, 0, 0.20, 1226, 619, 6501.17, 17502, 16643
1694946930, 0, 18, 175, 0, 0, 6836.72, 3, 0, 0, 0.16, 1227, 619, 6501.17, 17502, 16643
1694946935, 0, 18, 175, 0, 0, 6836.72, 3, 0, 0, 0.22, 1228, 619, 6501.17, 17502, 16643
1694946940, 0, 18, 176, 0, 0, 6836.72, 3, 0, 0, 0.20, 1229, 619, 6501.17, 17502, 16643
1694946945, 0, 18, 177, 0, 0, 6836.72, 3, 0, 0, 0.20, 1230, 619, 6501.17, 17502, 16643
1694946949, 0, 18, 177, 0, 0, 6836.72, 3, 0, 0, 0.22, 1231, 619, 6501.17, 17502, 16643
1694946954, 0, 18, 177, 0, 0, 6836.72, 3, 0, 0, 0.21, 1232, 619, 6501.17, 17502, 16643
1694946960, 0, 18, 178, 0, 0, 6836.72, 3, 0, 0, 0.18, 1233, 619, 6501.17, 17502, 16643
1694946965, 0, 18, 179, 0, 0, 6836.72, 3, 0, 0, 0.17, 1234, 619, 6501.17, 17502, 16643
1694946972, 0, 18, 180, 0, 0, 6836.72, 3, 0, 0, 0.16, 1235, 619, 6501.17, 17502, 16643
1694946976, 0, 18, 180, 0, 0, 6836.72, 3, 0, 0, 0.23, 1236, 619, 6501.17, 17502, 16643
1694946981, 0, 18, 180, 0, 0, 6836.72, 3, 0, 0, 0.22, 1237, 619, 6501.17, 17502, 16643
1694946987, 0, 18, 180, 0, 0, 6836.72, 3, 0, 0, 0.17, 1238, 619, 6501.17, 17502, 16643
1694946992, 0, 18, 180, 0, 0, 6836.72, 3, 0, 0, 0.18, 1239, 619, 6501.17, 17502, 16643
1694946996, 0, 18, 180, 0, 0, 6836.72, 3, 0, 0, 0.25, 1240, 619, 6501.17, 17502, 16643
1694947002, 0, 18, 180, 0, 0, 6836.72, 3, 0, 0, 0.19, 1241, 619, 6501.17, 17502, 16643
1694947007, 0, 18, 180, 0, 0, 6836.72, 3, 0, 0, 0.20, 1242, 619, 6501.17, 17502, 16643
1694947012, 0, 18, 180, 0, 0, 6836.72, 3, 0, 0, 0.20, 1243, 619, 6501.17, 17502, 16643
1694947017, 0, 18, 180, 0, 0, 6836.72, 3, 0, 0, 0.19, 1244, 619, 6501.17, 17502, 16643
1694947022, 0, 18, 180, 0, 0, 6836.72, 3, 0, 0, 0.20, 1245, 619, 6501.17, 17502, 16643
1694947028, 0, 18, 180, 0, 0, 6836.72, 3, 0, 0, 0.17, 1246, 619, 6501.17, 17502, 16643
1694947033, 0, 18, 180, 0, 0, 6836.72, 3, 0, 0, 0.19, 1247, 619, 6501.17, 17502, 16643
1694947038, 0, 18, 180, 0, 0, 6836.72, 3, 0, 0, 0.20, 1248, 619, 6501.17, 17502, 16643
1694947044, 0, 18, 180, 0, 0, 6836.72, 3, 0, 0, 0.18, 1249, 619, 6501.17, 17502, 16643
1694947048, 0, 18, 180, 0, 0, 6836.72, 3, 0, 0, 0.22, 1250, 619, 6501.17, 17502, 16643
1694947054, 0, 18, 180, 0, 0, 6836.72, 3, 0, 0, 0.19, 1251, 619, 6501.17, 17502, 16643
1694947059, 0, 18, 180, 0, 0, 6836.72, 3, 0, 0, 0.20, 1252, 619, 6501.17, 17502, 16643
1694947062, 0, 18, 180, 0, 0, 6836.72, 3, 0, 0, 0.27, 1253, 619, 6501.17, 17502, 16643
1694947068, 0, 18, 180, 0, 0, 6836.72, 3, 0, 0, 0.19, 1254, 619, 6501.17, 17502, 16643
1694947072, 0, 18, 180, 0, 0, 6836.72, 3, 0, 0, 0.21, 1255, 619, 6501.17, 17502, 16643
1694947078, 0, 18, 180, 0, 0, 6836.72, 3, 0, 0, 0.18, 1256, 619, 6501.17, 17502, 16643
1694947083, 0, 18, 180, 0, 0, 6836.72, 3, 0, 0, 0.19, 1257, 619, 6501.17, 17502, 16643
1694947088, 0, 18, 180, 0, 0, 6836.72, 3, 0, 0, 0.21, 1258, 619, 6501.17, 17502, 16643
1694947093, 0, 18, 180, 0, 0, 6836.72, 3, 0, 0, 0.19, 1259, 619, 6501.17, 17502, 16643
1694947098, 0, 18, 180, 0, 0, 6836.72, 3, 0, 0, 0.20, 1260, 619, 6501.17, 17502, 16643
1694947103, 0, 18, 180, 0, 0, 6836.72, 3, 0, 0, 0.20, 1261, 619, 6501.17, 17502, 16643
1694947108, 0, 18, 180, 0, 0, 6836.72, 3, 0, 0, 0.20, 1262, 619, 6501.17, 17502, 16643
1694947113, 0, 18, 180, 0, 0, 6836.72, 3, 0, 0, 0.21, 1263, 619, 6501.17, 17502, 16643
1694947117, 0, 18, 180, 0, 0, 6836.72, 3, 0, 0, 0.22, 1264, 619, 6501.17, 17502, 16643
1694947122, 0, 18, 180, 0, 0, 6836.72, 3, 0, 0, 0.21, 1265, 619, 6501.17, 17502, 16643
1694947128, 0, 18, 180, 0, 0, 6836.72, 3, 0, 0, 0.18, 1266, 619, 6501.17, 17502, 16643
1694947132, 0, 18, 180, 0, 0, 6836.72, 3, 0, 0, 0.24, 1267, 619, 6501.17, 17502, 16643
1694947136, 0, 18, 180, 0, 0, 6836.72, 3, 0, 0, 0.23, 1268, 619, 6501.17, 17502, 16643
1694947142, 0, 18, 180, 0, 0, 6836.72, 3, 0, 0, 0.18, 1269, 619, 6501.17, 17502, 16643
1694947147, 0, 18, 180, 0, 0, 6836.72, 3, 0, 0, 0.20, 1270, 619, 6501.17, 17502, 16643
1694947151, 0, 18, 180, 0, 0, 6836.72, 3, 0, 0, 0.21, 1271, 619, 6501.17, 17502, 16643
1694947157, 0, 18, 180, 0, 0, 6836.72, 3, 0, 0, 0.18, 1272, 619, 6501.17, 17502, 16643
1694947163, 0, 18, 181, 0, 0, 6836.72, 3, 0, 0, 0.16, 1273, 619, 6501.17, 17502, 16643
1694947168, 0, 18, 181, 0, 0, 6836.72, 3, 0, 0, 0.20, 1274, 619, 6501.17, 17502, 16643
1694947174, 0, 18, 181, 0, 0, 6836.72, 3, 0, 0, 0.19, 1275, 619, 6501.17, 17502, 16643
1694947179, 0, 18, 181, 0, 0, 6836.72, 3, 0, 0, 0.20, 1276, 619, 6501.17, 17502, 16643
1694947185, 0, 18, 181, 0, 0, 6836.72, 3, 0, 0, 0.15, 1277, 619, 6501.17, 17502, 16643
1694947191, 0, 18, 181, 0, 0, 6836.72, 3, 0, 0, 0.17, 1278, 619, 6501.17, 17502, 16643
1694947197, 0, 18, 181, 0, 0, 6836.72, 3, 0, 0, 0.18, 1279, 619, 6501.17, 17502, 16643
1694947202, 0, 18, 181, 0, 0, 6836.72, 3, 0, 0, 0.19, 1280, 619, 6501.17, 17502, 16643
1694947208, 0, 18, 181, 0, 0, 6836.72, 3, 0, 0, 0.17, 1281, 619, 6501.17, 17502, 16643
1694947214, 0, 18, 181, 0, 0, 6836.72, 3, 0, 0, 0.18, 1282, 619, 6501.17, 17502, 16643
1694947219, 0, 18, 181, 0, 0, 6836.72, 3, 0, 0, 0.20, 1283, 619, 6501.17, 17502, 16643
1694947224, 0, 18, 181, 0, 0, 6836.72, 3, 0, 0, 0.19, 1284, 619, 6501.17, 17502, 16643
1694947229, 0, 18, 181, 0, 0, 6836.72, 3, 0, 0, 0.20, 1285, 619, 6501.17, 17502, 16643
1694947235, 0, 18, 181, 0, 0, 6836.72, 3, 0, 0, 0.15, 1286, 619, 6501.17, 17502, 16643
1694947242, 0, 18, 181, 0, 0, 6836.72, 3, 0, 0, 0.15, 1287, 619, 6501.17, 17502, 16643
1694947247, 0, 18, 181, 0, 0, 6836.72, 3, 0, 0, 0.20, 1288, 619, 6501.17, 17502, 16643
1694947253, 0, 18, 181, 0, 0, 6836.72, 3, 0, 0, 0.17, 1289, 619, 6501.17, 17502, 16643
1694947258, 0, 18, 181, 0, 0, 6836.72, 3, 0, 0, 0.19, 1290, 619, 6501.17, 17502, 16643
1694947263, 0, 18, 181, 0, 0, 6836.72, 3, 0, 0, 0.20, 1291, 619, 6501.17, 17502, 16643
1694947268, 0, 18, 181, 0, 0, 6836.72, 3, 0, 0, 0.19, 1292, 619, 6501.17, 17502, 16643
1694947273, 0, 18, 181, 0, 0, 6836.72, 3, 0, 0, 0.19, 1293, 619, 6501.17, 17502, 16643
1694947280, 0, 18, 182, 0, 0, 6839.45, 3, 0, 0, 0.16, 1294, 619, 6503.91, 17509, 16650
1694947285, 0, 18, 182, 0, 0, 6839.45, 3, 0, 0, 0.18, 1295, 619, 6503.91, 17509, 16650
1694947291, 0, 18, 182, 0, 0, 6839.45, 3, 0, 0, 0.16, 1296, 619, 6503.91, 17509, 16650
1694947296, 0, 18, 182, 0, 0, 6839.45, 3, 0, 0, 0.20, 1297, 619, 6503.91, 17509, 16650
1694947302, 0, 18, 182, 0, 0, 6839.45, 3, 0, 0, 0.17, 1298, 619, 6503.91, 17509, 16650
1694947308, 0, 18, 182, 0, 0, 6839.45, 3, 0, 0, 0.17, 1299, 619, 6503.91, 17509, 16650
1694947321, 0, 18, 183, 0, 0, 6839.45, 3, 0, 0, 0.08, 1300, 619, 6503.91, 17509, 16650
1694947326, 0, 18, 183, 0, 0, 6839.45, 3, 0, 0, 0.19, 1301, 619, 6503.91, 17509, 16650
1694947332, 0, 18, 183, 0, 0, 6839.45, 3, 0, 0, 0.18, 1302, 619, 6503.91, 17509, 16650
1694947337, 0, 18, 183, 0, 0, 6839.45, 3, 0, 0, 0.20, 1303, 619, 6503.91, 17509, 16650
1694947343, 0, 18, 183, 0, 0, 6839.45, 3, 0, 0, 0.17, 1304, 619, 6503.91, 17509, 16650
1694947348, 0, 18, 183, 0, 0, 6839.45, 3, 0, 0, 0.19, 1305, 619, 6503.91, 17509, 16650
1694947353, 0, 18, 183, 0, 0, 6839.45, 3, 0, 0, 0.20, 1306, 619, 6503.91, 17509, 16650
1694947359, 0, 18, 183, 0, 0, 6839.45, 3, 0, 0, 0.17, 1307, 619, 6503.91, 17509, 16650
1694947364, 0, 18, 183, 0, 0, 6839.45, 3, 0, 0, 0.20, 1308, 619, 6503.91, 17509, 16650
1694947369, 0, 18, 183, 0, 0, 6839.45, 3, 0, 0, 0.18, 1309, 619, 6503.91, 17509, 16650
1694947375, 0, 18, 183, 0, 0, 6839.45, 3, 0, 0, 0.16, 1310, 619, 6503.91, 17509, 16650
1694947381, 0, 18, 183, 0, 0, 6839.45, 3, 0, 0, 0.17, 1311, 619, 6503.91, 17509, 16650
1694947388, 0, 18, 183, 0, 0, 6839.45, 3, 0, 0, 0.16, 1312, 619, 6503.91, 17509, 16650
1694947393, 0, 18, 183, 0, 0, 6839.45, 3, 0, 0, 0.19, 1313, 619, 6503.91, 17509, 16650
1694947398, 0, 18, 183, 0, 0, 6839.45, 3, 0, 0, 0.18, 1314, 619, 6503.91, 17509, 16650
1694947404, 0, 18, 183, 0, 0, 6839.45, 3, 0, 0, 0.18, 1315, 619, 6503.91, 17509, 16650
1694947410, 0, 18, 183, 0, 0, 6839.45, 3, 0, 0, 0.17, 1316, 619, 6503.91, 17509, 16650
1694947414, 0, 18, 183, 0, 0, 6839.45, 3, 0, 0, 0.23, 1317, 619, 6503.91, 17509, 16650
1694947419, 0, 18, 183, 0, 0, 6839.45, 3, 0, 0, 0.18, 1318, 619, 6503.91, 17509, 16650
1694947425, 0, 18, 183, 0, 0, 6839.45, 3, 0, 0, 0.19, 1319, 619, 6503.91, 17509, 16650
1694947431, 0, 18, 183, 0, 0, 6839.45, 3, 0, 0, 0.17, 1320, 619, 6503.91, 17509, 16650
1694947437, 0, 18, 183, 0, 0, 6839.45, 3, 0, 0, 0.16, 1321, 619, 6503.91, 17509, 16650
1694947442, 0, 18, 183, 0, 0, 6839.45, 3, 0, 0, 0.20, 1322, 619, 6503.91, 17509, 16650
1694947448, 0, 18, 183, 0, 0, 6839.45, 3, 0, 0, 0.17, 1323, 619, 6503.91, 17509, 16650
1694947453, 0, 18, 183, 0, 0, 6839.45, 3, 0, 0, 0.19, 1324, 619, 6503.91, 17509, 16650
1694947459, 0, 18, 183, 0, 0, 6839.45, 3, 0, 0, 0.16, 1325, 619, 6503.91, 17509, 16650
1694947465, 0, 18, 183, 0, 0, 6839.45, 3, 0, 0, 0.17, 1326, 619, 6503.91, 17509, 16650
1694947471, 0, 18, 183, 0, 0, 6839.45, 3, 0, 0, 0.17, 1327, 619, 6503.91, 17509, 16650
1694947476, 0, 18, 183, 0, 0, 6839.45, 3, 0, 0, 0.20, 1328, 619, 6503.91, 17509, 16650
1694947482, 0, 18, 183, 0, 0, 6839.45, 3, 0, 0, 0.17, 1329, 619, 6503.91, 17509, 16650
1694947486, 0, 18, 183, 0, 0, 6839.45, 3, 0, 0, 0.21, 1330, 619, 6503.91, 17509, 16650
1694947492, 0, 18, 183, 0, 0, 6839.45, 3, 0, 0, 0.18, 1331, 619, 6503.91, 17509, 16650
1694947498, 0, 18, 183, 0, 0, 6839.45, 3, 0, 0, 0.18, 1332, 619, 6503.91, 17509, 16650
1694947503, 0, 18, 183, 0, 0, 6839.45, 3, 0, 0, 0.18, 1333, 619, 6503.91, 17509, 16650
1694947509, 0, 18, 183, 0, 0, 6839.45, 3, 0, 0, 0.17, 1334, 619, 6503.91, 17509, 16650
1694947515, 0, 18, 183, 0, 0, 6839.45, 3, 0, 0, 0.18, 1335, 619, 6503.91, 17509, 16650
1694947520, 0, 18, 183, 0, 0, 6839.45, 3, 0, 0, 0.20, 1336, 619, 6503.91, 17509, 16650
1694947526, 0, 18, 183, 0, 0, 6839.45, 3, 0, 0, 0.16, 1337, 619, 6503.91, 17509, 16650
1694947531, 0, 18, 183, 0, 0, 6839.45, 3, 0, 0, 0.20, 1338, 619, 6503.91, 17509, 16650
1694947537, 0, 18, 183, 0, 0, 6839.45, 3, 0, 0, 0.18, 1339, 619, 6503.91, 17509, 16650
1694947543, 0, 18, 183, 0, 0, 6839.45, 3, 0, 0, 0.17, 1340, 619, 6503.91, 17509, 16650
1694947548, 0, 18, 183, 0, 0, 6839.45, 3, 0, 0, 0.19, 1341, 619, 6503.91, 17509, 16650
1694947553, 0, 18, 183, 0, 0, 6839.45, 3, 0, 0, 0.20, 1342, 619, 6503.91, 17509, 16650
1694947559, 0, 18, 183, 0, 0, 6839.45, 3, 0, 0, 0.18, 1343, 619, 6503.91, 17509, 16650
1694947564, 0, 18, 183, 0, 0, 6839.45, 3, 0, 0, 0.18, 1344, 619, 6503.91, 17509, 16650
1694947570, 0, 18, 183, 0, 0, 6839.45, 3, 0, 0, 0.18, 1345, 619, 6503.91, 17509, 16650
1694947575, 0, 18, 183, 0, 0, 6839.45, 3, 0, 0, 0.18, 1346, 619, 6503.91, 17509, 16650
1694947580, 0, 18, 184, 0, 0, 6839.45, 3, 0, 0, 0.20, 1347, 619, 6503.91, 17509, 16650
1694947585, 0, 18, 184, 0, 0, 6839.45, 3, 0, 0, 0.23, 1348, 619, 6503.91, 17509, 16650
1694947590, 0, 18, 184, 0, 0, 6839.45, 3, 0, 0, 0.18, 1349, 619, 6503.91, 17509, 16650
1694947596, 0, 18, 184, 0, 0, 6839.45, 3, 0, 0, 0.19, 1350, 619, 6503.91, 17509, 16650
1694947601, 0, 18, 184, 0, 0, 6839.45, 3, 0, 0, 0.19, 1351, 619, 6503.91, 17509, 16650
1694947606, 0, 18, 184, 0, 0, 6839.45, 3, 0, 0, 0.21, 1352, 619, 6503.91, 17509, 16650
1694947610, 0, 18, 185, 0, 0, 6839.45, 3, 0, 0, 0.22, 1353, 619, 6503.91, 17509, 16650
1694947616, 0, 18, 185, 0, 0, 6839.45, 3, 0, 0, 0.18, 1354, 619, 6503.91, 17509, 16650
1694947622, 0, 18, 185, 0, 0, 6839.45, 3, 0, 0, 0.17, 1355, 619, 6503.91, 17509, 16650
1694947627, 0, 18, 185, 0, 0, 6839.45, 3, 0, 0, 0.17, 1356, 619, 6503.91, 17509, 16650
1694947633, 0, 18, 185, 0, 0, 6839.45, 3, 0, 0, 0.18, 1357, 619, 6503.91, 17509, 16650
1694947638, 0, 18, 185, 0, 0, 6839.45, 3, 0, 0, 0.20, 1358, 619, 6503.91, 17509, 16650
1694947644, 0, 18, 185, 0, 0, 6839.45, 3, 0, 0, 0.17, 1359, 619, 6503.91, 17509, 16650
1694947650, 0, 18, 185, 0, 0, 6839.45, 3, 0, 0, 0.17, 1360, 619, 6503.91, 17509, 16650
1694947656, 0, 18, 185, 0, 0, 6839.45, 3, 0, 0, 0.17, 1361, 619, 6503.91, 17509, 16650
1694947662, 0, 18, 185, 0, 0, 6839.45, 3, 0, 0, 0.18, 1362, 619, 6503.91, 17509, 16650
1694947667, 0, 18, 185, 0, 0, 6839.45, 3, 0, 0, 0.17, 1363, 619, 6503.91, 17509, 16650
1694947673, 0, 18, 185, 0, 0, 6839.45, 3, 0, 0, 0.19, 1364, 619, 6503.91, 17509, 16650
1694947678, 0, 18, 185, 0, 0, 6839.45, 3, 0, 0, 0.20, 1365, 619, 6503.91, 17509, 16650
1694947684, 0, 18, 185, 0, 0, 6839.45, 3, 0, 0, 0.17, 1366, 619, 6503.91, 17509, 16650
1694947689, 0, 18, 185, 0, 0, 6839.45, 3, 0, 0, 0.18, 1367, 619, 6503.91, 17509, 16650
1694947695, 0, 18, 185, 0, 0, 6839.45, 3, 0, 0, 0.18, 1368, 619, 6503.91, 17509, 16650
1694947700, 0, 18, 185, 0, 0, 6839.45, 3, 0, 0, 0.17, 1369, 619, 6503.91, 17509, 16650
1694947706, 0, 18, 185, 0, 0, 6839.45, 3, 0, 0, 0.19, 1370, 619, 6503.91, 17509, 16650
1694947711, 0, 18, 185, 0, 0, 6839.45, 3, 0, 0, 0.19, 1371, 619, 6503.91, 17509, 16650
1694947717, 0, 18, 185, 0, 0, 6839.45, 3, 0, 0, 0.17, 1372, 619, 6503.91, 17509, 16650
1694947722, 0, 18, 185, 0, 0, 6839.45, 3, 0, 0, 0.18, 1373, 619, 6503.91, 17509, 16650
1694947728, 0, 18, 185, 0, 0, 6839.45, 3, 0, 0, 0.18, 1374, 619, 6503.91, 17509, 16650
1694947733, 0, 18, 185, 0, 0, 6839.45, 3, 0, 0, 0.19, 1375, 619, 6503.91, 17509, 16650
1694947739, 0, 18, 185, 0, 0, 6839.45, 3, 0, 0, 0.17, 1376, 619, 6503.91, 17509, 16650
1694947746, 0, 18, 185, 0, 0, 6839.45, 3, 0, 0, 0.14, 1377, 619, 6503.91, 17509, 16650
1694947752, 0, 18, 185, 0, 0, 6839.45, 3, 0, 0, 0.19, 1378, 619, 6503.91, 17509, 16650
1694947757, 0, 18, 185, 0, 0, 6839.45, 3, 0, 0, 0.19, 1379, 619, 6503.91, 17509, 16650
1694947762, 0, 18, 186, 0, 0, 6839.45, 3, 0, 0, 0.18, 1380, 619, 6503.91, 17509, 16650
1694947768, 0, 18, 186, 0, 0, 6839.45, 3, 0, 0, 0.19, 1381, 619, 6503.91, 17509, 16650
1694947774, 0, 18, 186, 0, 0, 6839.45, 3, 0, 0, 0.17, 1382, 619, 6503.91, 17509, 16650
1694947779, 0, 18, 186, 0, 0, 6839.45, 3, 0, 0, 0.20, 1383, 619, 6503.91, 17509, 16650
1694947785, 0, 18, 186, 0, 0, 6839.45, 3, 0, 0, 0.17, 1384, 619, 6503.91, 17509, 16650
1694947790, 0, 18, 186, 0, 0, 6839.45, 3, 0, 0, 0.19, 1385, 619, 6503.91, 17509, 16650
1694947796, 0, 18, 186, 0, 0, 6839.45, 3, 0, 0, 0.17, 1386, 619, 6503.91, 17509, 16650
1694947803, 0, 18, 186, 0, 0, 6839.45, 3, 0, 0, 0.13, 1387, 619, 6503.91, 17509, 16650
1694947808, 0, 18, 186, 0, 0, 6839.45, 3, 0, 0, 0.20, 1388, 619, 6503.91, 17509, 16650
1694947814, 0, 18, 186, 0, 0, 6839.45, 3, 0, 0, 0.17, 1389, 619, 6503.91, 17509, 16650
1694947821, 0, 18, 186, 0, 0, 6839.45, 3, 0, 0, 0.15, 1390, 619, 6503.91, 17509, 16650
1694947827, 0, 18, 186, 0, 0, 6839.45, 3, 0, 0, 0.17, 1391, 619, 6503.91, 17509, 16650
1694947832, 0, 18, 186, 0, 0, 6839.45, 3, 0, 0, 0.19, 1392, 619, 6503.91, 17509, 16650
1694947838, 0, 18, 186, 0, 0, 6839.45, 3, 0, 0, 0.16, 1393, 619, 6503.91, 17509, 16650
1694947844, 0, 18, 186, 0, 0, 6839.45, 3, 0, 0, 0.17, 1394, 619, 6503.91, 17509, 16650
1694947850, 0, 18, 186, 0, 0, 6839.45, 3, 0, 0, 0.16, 1395, 619, 6503.91, 17509, 16650
1694947855, 0, 18, 186, 0, 0, 6839.45, 3, 0, 0, 0.20, 1396, 619, 6503.91, 17509, 16650
1694947861, 0, 18, 186, 0, 0, 6839.45, 3, 0, 0, 0.16, 1397, 619, 6503.91, 17509, 16650
1694947867, 0, 18, 187, 0, 0, 6839.45, 3, 0, 0, 0.17, 1398, 619, 6503.91, 17509, 16650
1694947873, 0, 18, 187, 0, 0, 6839.45, 3, 0, 0, 0.17, 1399, 619, 6503.91, 17509, 16650
1694947878, 0, 18, 187, 0, 0, 6839.45, 3, 0, 0, 0.20, 1400, 619, 6503.91, 17509, 16650
1694947884, 0, 18, 188, 0, 0, 6839.45, 3, 0, 0, 0.16, 1401, 619, 6503.91, 17509, 16650
1694947891, 0, 18, 188, 0, 0, 6839.45, 3, 0, 0, 0.15, 1402, 619, 6503.91, 17509, 16650
1694947897, 0, 18, 188, 0, 0, 6839.45, 3, 0, 0, 0.17, 1403, 619, 6503.91, 17509, 16650
1694947903, 0, 18, 188, 0, 0, 6839.45, 3, 0, 0, 0.17, 1404, 619, 6503.91, 17509, 16650
1694947909, 0, 18, 188, 0, 0, 6839.45, 3, 0, 0, 0.16, 1405, 619, 6503.91, 17509, 16650
1694947914, 0, 18, 188, 0, 0, 6839.45, 3, 0, 0, 0.18, 1406, 619, 6503.91, 17509, 16650
1694947920, 0, 18, 188, 0, 0, 6839.45, 3, 0, 0, 0.19, 1407, 619, 6503.91, 17509, 16650
1694947925, 0, 18, 188, 0, 0, 6839.45, 3, 0, 0, 0.20, 1408, 619, 6503.91, 17509, 16650
1694947929, 0, 18, 188, 0, 0, 6839.45, 3, 0, 0, 0.23, 1409, 619, 6503.91, 17509, 16650
1694947934, 0, 18, 188, 0, 0, 6839.45, 3, 0, 0, 0.20, 1410, 619, 6503.91, 17509, 16650
1694947940, 0, 18, 189, 0, 0, 6839.45, 3, 0, 0, 0.16, 1411, 619, 6503.91, 17509, 16650
1694947945, 0, 18, 190, 0, 0, 6839.45, 3, 0, 0, 0.19, 1412, 619, 6503.91, 17509, 16650
1694947951, 0, 18, 190, 0, 0, 6839.45, 3, 0, 0, 0.17, 1413, 619, 6503.91, 17509, 16650
1694947957, 0, 18, 190, 0, 0, 6839.45, 3, 0, 0, 0.16, 1414, 619, 6503.91, 17509, 16650
1694947964, 0, 18, 190, 0, 0, 6839.45, 3, 0, 0, 0.15, 1415, 619, 6503.91, 17509, 16650
1694947970, 0, 18, 190, 0, 0, 6839.45, 3, 0, 0, 0.17, 1416, 619, 6503.91, 17509, 16650
1694947976, 0, 18, 190, 0, 0, 6839.45, 3, 0, 0, 0.19, 1417, 619, 6503.91, 17509, 16650
1694947981, 0, 18, 190, 0, 0, 6839.45, 3, 0, 0, 0.19, 1418, 619, 6503.91, 17509, 16650
1694947986, 0, 18, 190, 0, 0, 6839.45, 3, 0, 0, 0.18, 1419, 619, 6503.91, 17509, 16650
1694947992, 0, 18, 190, 0, 0, 6839.45, 3, 0, 0, 0.18, 1420, 619, 6503.91, 17509, 16650
1694947997, 0, 18, 190, 0, 0, 6839.45, 3, 0, 0, 0.19, 1421, 619, 6503.91, 17509, 16650
1694948003, 0, 18, 190, 0, 0, 6839.45, 3, 0, 0, 0.17, 1422, 619, 6503.91, 17509, 16650
1694948009, 0, 18, 190, 0, 0, 6839.45, 3, 0, 0, 0.17, 1423, 619, 6503.91, 17509, 16650
1694948015, 0, 18, 190, 0, 0, 6839.45, 3, 0, 0, 0.17, 1424, 619, 6503.91, 17509, 16650
1694948020, 0, 18, 190, 0, 0, 6839.45, 3, 0, 0, 0.18, 1425, 619, 6503.91, 17509, 16650
1694948025, 0, 18, 190, 0, 0, 6839.45, 3, 0, 0, 0.22, 1426, 619, 6503.91, 17509, 16650
1694948029, 0, 18, 190, 0, 0, 6839.45, 3, 0, 0, 0.22, 1427, 619, 6503.91, 17509, 16650
1694948035, 0, 18, 190, 0, 0, 6839.45, 3, 0, 0, 0.17, 1428, 619, 6503.91, 17509, 16650
1694948040, 0, 18, 190, 0, 0, 6839.45, 3, 0, 0, 0.20, 1429, 619, 6503.91, 17509, 16650
1694948046, 0, 18, 190, 0, 0, 6839.45, 3, 0, 0, 0.19, 1430, 619, 6503.91, 17509, 16650
1694948051, 0, 18, 190, 0, 0, 6839.45, 3, 0, 0, 0.19, 1431, 619, 6503.91, 17509, 16650
1694948057, 0, 18, 190, 0, 0, 6839.45, 3, 0, 0, 0.17, 1432, 619, 6503.91, 17509, 16650
1694948062, 0, 18, 190, 0, 0, 6839.45, 3, 0, 0, 0.18, 1433, 619, 6503.91, 17509, 16650
1694948068, 0, 18, 190, 0, 0, 6839.45, 3, 0, 0, 0.16, 1434, 619, 6503.91, 17509, 16650
1694948074, 0, 18, 190, 0, 0, 6839.45, 3, 0, 0, 0.18, 1435, 619, 6503.91, 17509, 16650
1694948080, 0, 18, 190, 0, 0, 6839.45, 3, 0, 0, 0.17, 1436, 619, 6503.91, 17509, 16650
1694948086, 0, 18, 190, 0, 0, 6839.45, 3, 0, 0, 0.15, 1437, 619, 6503.91, 17509, 16650
1694948092, 0, 18, 190, 0, 0, 6839.45, 3, 0, 0, 0.19, 1438, 619, 6503.91, 17509, 16650
1694948098, 0, 18, 190, 0, 0, 6839.45, 3, 0, 0, 0.16, 1439, 619, 6503.91, 17509, 16650
1694948104, 0, 18, 190, 0, 0, 6839.45, 3, 0, 0, 0.16, 1440, 619, 6503.91, 17509, 16650
1694948110, 0, 18, 190, 0, 0, 6839.45, 3, 0, 0, 0.16, 1441, 619, 6503.91, 17509, 16650
1694948116, 0, 18, 190, 0, 0, 6839.45, 3, 0, 0, 0.18, 1442, 619, 6503.91, 17509, 16650
1694948121, 0, 18, 190, 0, 0, 6839.45, 3, 0, 0, 0.19, 1443, 619, 6503.91, 17509, 16650
1694948127, 0, 18, 190, 0, 0, 6839.45, 3, 0, 0, 0.18, 1444, 619, 6503.91, 17509, 16650
1694948132, 0, 18, 190, 0, 0, 6839.45, 3, 0, 0, 0.18, 1445, 619, 6503.91, 17509, 16650
1694948139, 0, 18, 190, 0, 0, 6839.45, 3, 0, 0, 0.16, 1446, 619, 6503.91, 17509, 16650
1694948146, 0, 18, 190, 0, 0, 6839.45, 3, 0, 0, 0.14, 1447, 619, 6503.91, 17509, 16650
1694948151, 0, 18, 190, 0, 0, 6839.45, 3, 0, 0, 0.18, 1448, 619, 6503.91, 17509, 16650
1694948158, 0, 18, 190, 0, 0, 6839.45, 3, 0, 0, 0.16, 1449, 619, 6503.91, 17509, 16650
1694948164, 0, 18, 190, 0, 0, 6839.45, 3, 0, 0, 0.17, 1450, 619, 6503.91, 17509, 16650
1694948170, 0, 18, 190, 0, 0, 6839.45, 3, 0, 0, 0.16, 1451, 619, 6503.91, 17509, 16650
1694948176, 0, 18, 190, 0, 0, 6839.45, 3, 0, 0, 0.18, 1452, 619, 6503.91, 17509, 16650
1694948182, 0, 18, 190, 0, 0, 6839.45, 3, 0, 0, 0.16, 1453, 619, 6503.91, 17509, 16650
1694948188, 0, 18, 190, 0, 0, 6839.45, 3, 0, 0, 0.18, 1454, 619, 6503.91, 17509, 16650
1694948193, 0, 18, 190, 0, 0, 6839.45, 3, 0, 0, 0.18, 1455, 619, 6503.91, 17509, 16650
1694948199, 0, 18, 190, 0, 0, 6839.45, 3, 0, 0, 0.17, 1456, 619, 6503.91, 17509, 16650
1694948205, 0, 18, 190, 0, 0, 6839.45, 3, 0, 0, 0.17, 1457, 619, 6503.91, 17509, 16650
1694948212, 0, 18, 190, 0, 0, 6839.45, 3, 0, 0, 0.15, 1458, 619, 6503.91, 17509, 16650
1694948218, 0, 18, 190, 0, 0, 6839.45, 3, 0, 0, 0.14, 1459, 619, 6503.91, 17509, 16650
1694948225, 0, 18, 190, 0, 0, 6839.45, 3, 0, 0, 0.14, 1460, 619, 6503.91, 17509, 16650
1694948232, 0, 18, 190, 0, 0, 6839.45, 3, 0, 0, 0.15, 1461, 619, 6503.91, 17509, 16650
1694948240, 0, 18, 190, 0, 0, 6839.45, 3, 0, 0, 0.13, 1462, 619, 6503.91, 17509, 16650
1694948246, 0, 18, 190, 0, 0, 6839.45, 3, 0, 0, 0.15, 1463, 619, 6503.91, 17509, 16650
1694948253, 0, 18, 190, 0, 0, 6839.45, 3, 0, 0, 0.16, 1464, 619, 6503.91, 17509, 16650
1694948259, 0, 18, 190, 0, 0, 6839.45, 3, 0, 0, 0.15, 1465, 619, 6503.91, 17509, 16650
1694948265, 0, 18, 190, 0, 0, 6839.45, 3, 0, 0, 0.18, 1466, 619, 6503.91, 17509, 16650
1694948271, 0, 18, 190, 0, 0, 6839.45, 3, 0, 0, 0.16, 1467, 619, 6503.91, 17509, 16650
1694948271, 0, 18, 190, 0, 0, 6839.45, 3, 0, 0, 0.00, 1467, 619, 6503.91, 17509, 16650
