# unix_time, cycles_done, cur_path, paths_total, pending_total, pending_favs, map_size, unique_crashes, unique_hangs, max_depth, execs_per_sec, valid_inputs, invalid_inputs, valid_cov, all_covered_probes, valid_covered_probes
1695457946, 0, 0, 1, 0, 0, 3711.33, 0, 0, 0, 0.39, 1, 0, 3711.33, 9501, 9501
1695457946, 0, 0, 4, 0, 0, 3948.83, 0, 0, 0, 7.75, 4, 0, 3948.83, 10109, 10109
1695457946, 0, 0, 5, 0, 0, 4275.00, 0, 0, 0, 3.11, 4, 1, 3948.83, 10944, 10109
1695457968, 0, 0, 7, 0, 0, 24471.09, 0, 0, 0, 0.09, 5, 2, 24355.08, 62646, 62349
1695457969, 0, 0, 15, 0, 0, 24656.64, 0, 0, 0, 20.36, 10, 6, 24389.06, 63121, 62436
1695457969, 0, 0, 18, 0, 0, 24905.86, 0, 0, 0, 22.88, 15, 8, 24660.94, 63759, 63132
1695457969, 0, 0, 23, 0, 0, 25163.28, 0, 0, 0, 30.67, 23, 10, 24664.84, 64418, 63142
1695457981, 0, 0, 24, 0, 0, 25167.97, 1, 0, 0, 0.25, 24, 12, 24664.84, 64430, 63142
1695457982, 0, 0, 31, 0, 0, 25181.25, 1, 0, 0, 33.00, 31, 15, 24668.75, 64464, 63152
1695457993, 0, 0, 32, 0, 0, 25547.27, 1, 0, 0, 0.52, 37, 15, 25036.33, 65401, 64093
1695458006, 0, 0, 38, 0, 0, 25589.06, 1, 0, 0, 0.57, 43, 16, 25078.13, 65508, 64200
1695458025, 0, 0, 41, 0, 0, 25685.55, 1, 0, 0, 0.15, 46, 16, 25174.61, 65755, 64447
1695458036, 0, 0, 45, 0, 0, 25703.13, 1, 0, 0, 0.65, 51, 18, 25191.41, 65800, 64490
1695458048, 0, 0, 53, 0, 0, 25714.84, 1, 0, 0, 1.27, 60, 24, 25198.83, 65830, 64509
1695458059, 0, 0, 58, 0, 0, 26087.50, 1, 0, 0, 0.95, 68, 27, 25571.48, 66784, 65463
1695458071, 0, 0, 63, 0, 0, 26091.02, 1, 0, 0, 0.86, 76, 29, 25575.39, 66793, 65473
1695458091, 0, 0, 65, 0, 0, 26093.75, 1, 0, 0, 0.10, 77, 30, 25578.13, 66800, 65480
1695458101, 0, 0, 67, 0, 0, 26094.92, 1, 0, 0, 0.19, 79, 30, 25579.30, 66803, 65483
1695458102, 0, 0, 73, 0, 0, 26094.92, 1, 0, 0, 62.30, 89, 39, 25579.30, 66803, 65483
1695458115, 0, 1, 75, 0, 0, 26095.31, 1, 0, 0, 1.31, 101, 44, 25579.69, 66804, 65484
1695458115, 0, 1, 78, 0, 0, 26095.31, 1, 0, 0, 70.00, 114, 52, 25579.69, 66804, 65484
1695458126, 0, 1, 79, 0, 0, 26095.31, 1, 0, 0, 0.18, 115, 53, 25579.69, 66804, 65484
1695458139, 0, 1, 81, 0, 0, 26101.95, 1, 0, 0, 0.37, 120, 53, 25586.33, 66821, 65501
1695458140, 0, 2, 85, 0, 0, 26108.59, 1, 0, 0, 90.00, 141, 59, 25592.97, 66838, 65518
1695458152, 0, 2, 86, 0, 0, 26127.73, 1, 0, 0, 1.32, 152, 65, 25612.11, 66887, 65567
1695458167, 0, 3, 89, 0, 0, 26130.08, 1, 0, 0, 0.71, 161, 66, 25614.45, 66893, 65573
1695458179, 0, 3, 91, 0, 0, 26133.98, 1, 0, 0, 0.24, 164, 66, 25618.36, 66903, 65583
1695458214, 0, 3, 92, 0, 0, 26138.28, 1, 0, 0, 0.06, 166, 66, 25622.66, 66914, 65594
1695458231, 0, 3, 94, 0, 0, 26138.67, 1, 0, 0, 0.12, 167, 67, 25623.05, 66915, 65595
1695458231, 0, 3, 98, 0, 0, 26138.67, 1, 0, 0, 120.37, 194, 79, 25623.05, 66915, 65595
1695458244, 0, 3, 99, 0, 0, 26141.80, 1, 0, 0, 0.30, 198, 79, 25626.17, 66923, 65603
1695458261, 0, 3, 100, 0, 0, 26144.14, 1, 0, 0, 1.18, 215, 82, 25628.52, 66929, 65609
1695458274, 0, 3, 101, 0, 0, 26144.14, 1, 0, 0, 0.08, 216, 82, 25628.52, 66929, 65609
1695458288, 0, 3, 102, 0, 0, 26160.55, 1, 0, 0, 0.14, 218, 82, 25650.39, 66971, 65665
1695458305, 0, 3, 103, 0, 0, 26160.55, 1, 0, 0, 0.29, 223, 82, 25650.39, 66971, 65665
1695458305, 0, 4, 105, 0, 0, 26160.55, 1, 0, 0, 60.32, 239, 85, 25650.39, 66971, 65665
1695458318, 0, 4, 106, 0, 0, 26160.55, 1, 0, 0, 0.88, 248, 87, 25650.39, 66971, 65665
1695458331, 0, 4, 109, 0, 0, 26160.55, 1, 0, 0, 0.62, 255, 88, 25650.39, 66971, 65665
1695458343, 0, 4, 112, 0, 0, 26161.33, 1, 0, 0, 0.25, 257, 89, 25651.17, 66973, 65667
1695458343, 0, 4, 115, 0, 0, 26161.33, 1, 0, 0, 38.22, 267, 91, 25651.17, 66973, 65667
1695458343, 0, 4, 115, 0, 0, 26161.33, 1, 0, 0, 49.67, 277, 96, 25651.17, 66973, 65667
1695458356, 0, 4, 116, 0, 0, 26161.72, 1, 0, 0, 0.70, 284, 98, 25651.56, 66974, 65668
1695458368, 0, 4, 118, 0, 0, 26162.89, 1, 0, 0, 0.49, 288, 100, 25652.73, 66977, 65671
1695458381, 0, 4, 120, 0, 0, 26162.89, 1, 0, 0, 0.16, 290, 100, 25652.73, 66977, 65671
1695458394, 0, 4, 122, 0, 0, 26162.89, 1, 0, 0, 0.53, 296, 101, 25652.73, 66977, 65671
1695458408, 0, 4, 124, 0, 0, 26162.89, 1, 0, 0, 0.23, 298, 102, 25652.73, 66977, 65671
1695458422, 0, 4, 128, 0, 0, 26162.89, 1, 0, 0, 0.83, 306, 106, 25652.73, 66977, 65671
1695458442, 0, 4, 131, 0, 0, 26164.06, 1, 0, 0, 0.29, 310, 108, 25653.91, 66980, 65674
1695458455, 0, 4, 132, 0, 0, 26165.23, 1, 0, 0, 0.08, 311, 108, 25655.08, 66983, 65677
1695458456, 0, 5, 133, 0, 0, 26165.23, 1, 0, 0, 28.85, 318, 110, 25655.08, 66983, 65677
1695458468, 0, 5, 135, 0, 0, 26165.23, 1, 0, 0, 0.97, 323, 117, 25655.08, 66983, 65677
1695458468, 0, 5, 136, 0, 0, 26165.23, 1, 0, 0, 62.09, 331, 128, 25655.08, 66983, 65677
1695458483, 0, 6, 137, 0, 0, 26165.23, 1, 0, 0, 0.20, 333, 129, 25655.08, 66983, 65677
1695458495, 0, 6, 138, 0, 0, 26165.23, 1, 0, 0, 0.08, 334, 129, 25655.08, 66983, 65677
1695458506, 0, 6, 139, 0, 0, 26165.23, 1, 0, 0, 0.09, 335, 129, 25655.08, 66983, 65677
1695458517, 0, 6, 140, 0, 0, 26165.23, 1, 0, 0, 0.09, 336, 129, 25655.08, 66983, 65677
1695458529, 0, 6, 140, 0, 0, 26165.23, 1, 0, 0, 0.09, 337, 129, 25655.08, 66983, 65677
1695458540, 0, 6, 141, 0, 0, 26165.23, 1, 0, 0, 0.09, 338, 129, 25655.08, 66983, 65677
1695458553, 0, 6, 142, 0, 0, 26165.23, 1, 0, 0, 0.08, 339, 129, 25655.08, 66983, 65677
1695458565, 0, 6, 143, 0, 0, 26165.23, 1, 0, 0, 0.08, 340, 129, 25655.08, 66983, 65677
1695458578, 0, 6, 144, 0, 0, 26165.23, 1, 0, 0, 0.08, 341, 129, 25655.08, 66983, 65677
1695458590, 0, 6, 145, 0, 0, 26165.23, 1, 0, 0, 0.08, 342, 129, 25655.08, 66983, 65677
1695458602, 0, 6, 146, 0, 0, 26165.23, 1, 0, 0, 0.08, 343, 129, 25655.08, 66983, 65677
1695458616, 0, 6, 147, 0, 0, 26165.23, 1, 0, 0, 0.07, 344, 129, 25655.08, 66983, 65677
1695458628, 0, 6, 148, 0, 0, 26165.23, 1, 0, 0, 0.09, 345, 129, 25655.08, 66983, 65677
1695458639, 0, 6, 149, 0, 0, 26165.23, 1, 0, 0, 0.09, 346, 129, 25655.08, 66983, 65677
1695458652, 0, 6, 150, 0, 0, 26165.63, 1, 0, 0, 0.07, 347, 129, 25655.47, 66984, 65678
1695458670, 0, 6, 151, 0, 0, 26165.63, 1, 0, 0, 0.06, 348, 129, 25655.47, 66984, 65678
1695458682, 0, 6, 152, 0, 0, 26165.63, 1, 0, 0, 0.08, 349, 129, 25655.47, 66984, 65678
1695458694, 0, 6, 152, 0, 0, 26165.63, 1, 0, 0, 0.08, 350, 129, 25655.47, 66984, 65678
1695458705, 0, 6, 153, 0, 0, 26165.63, 1, 0, 0, 0.09, 351, 129, 25655.47, 66984, 65678
1695458717, 0, 6, 154, 0, 0, 26165.63, 1, 0, 0, 0.09, 352, 129, 25655.47, 66984, 65678
1695458729, 0, 6, 155, 0, 0, 26165.63, 1, 0, 0, 0.08, 353, 129, 25655.47, 66984, 65678
1695458740, 0, 6, 156, 0, 0, 26165.63, 1, 0, 0, 0.09, 354, 129, 25655.47, 66984, 65678
1695458753, 0, 6, 157, 0, 0, 26165.63, 1, 0, 0, 0.08, 355, 129, 25655.47, 66984, 65678
1695458765, 0, 6, 158, 0, 0, 26165.63, 1, 0, 0, 0.08, 356, 129, 25655.47, 66984, 65678
1695458777, 0, 6, 159, 0, 0, 26165.63, 1, 0, 0, 0.08, 357, 129, 25655.47, 66984, 65678
1695458789, 0, 6, 160, 0, 0, 26165.63, 1, 0, 0, 0.08, 358, 129, 25655.47, 66984, 65678
1695458801, 0, 6, 161, 0, 0, 26165.63, 1, 0, 0, 0.08, 359, 129, 25655.47, 66984, 65678
1695458814, 0, 6, 162, 0, 0, 26165.63, 1, 0, 0, 0.08, 360, 129, 25655.47, 66984, 65678
1695458829, 0, 6, 163, 0, 0, 26165.63, 1, 0, 0, 0.07, 361, 129, 25655.47, 66984, 65678
1695458841, 0, 6, 164, 0, 0, 26165.63, 1, 0, 0, 0.08, 362, 129, 25655.47, 66984, 65678
1695458853, 0, 6, 164, 0, 0, 26165.63, 1, 0, 0, 0.09, 363, 129, 25655.47, 66984, 65678
1695458865, 0, 6, 164, 0, 0, 26165.63, 1, 0, 0, 0.08, 364, 129, 25655.47, 66984, 65678
1695458877, 0, 6, 165, 0, 0, 26165.63, 1, 0, 0, 0.08, 365, 129, 25655.47, 66984, 65678
1695458889, 0, 6, 165, 0, 0, 26165.63, 1, 0, 0, 0.08, 366, 129, 25655.47, 66984, 65678
1695458914, 0, 6, 166, 0, 0, 26165.63, 1, 0, 0, 0.04, 367, 129, 25655.47, 66984, 65678
1695458926, 0, 6, 166, 0, 0, 26165.63, 1, 0, 0, 0.08, 368, 129, 25655.47, 66984, 65678
1695458938, 0, 6, 167, 0, 0, 26165.63, 1, 0, 0, 0.08, 369, 129, 25655.47, 66984, 65678
1695458951, 0, 6, 168, 0, 0, 26165.63, 1, 0, 0, 0.08, 370, 129, 25655.47, 66984, 65678
1695458963, 0, 6, 168, 0, 0, 26165.63, 1, 0, 0, 0.08, 371, 129, 25655.47, 66984, 65678
1695458975, 0, 6, 168, 0, 0, 26165.63, 1, 0, 0, 0.08, 372, 129, 25655.47, 66984, 65678
1695458987, 0, 6, 169, 0, 0, 26165.63, 1, 0, 0, 0.08, 373, 129, 25655.47, 66984, 65678
1695458999, 0, 6, 170, 0, 0, 26165.63, 1, 0, 0, 0.08, 374, 129, 25655.47, 66984, 65678
1695459017, 0, 6, 171, 0, 0, 26165.63, 1, 0, 0, 0.06, 375, 129, 25655.47, 66984, 65678
1695459029, 0, 6, 171, 0, 0, 26165.63, 1, 0, 0, 0.08, 376, 129, 25655.47, 66984, 65678
1695459042, 0, 6, 171, 0, 0, 26165.63, 1, 0, 0, 0.08, 377, 129, 25655.47, 66984, 65678
1695459053, 0, 6, 172, 0, 0, 26165.63, 1, 0, 0, 0.09, 378, 129, 25655.47, 66984, 65678
1695459066, 0, 6, 173, 0, 0, 26165.63, 1, 0, 0, 0.08, 379, 129, 25655.47, 66984, 65678
1695459078, 0, 6, 174, 0, 0, 26165.63, 1, 0, 0, 0.08, 380, 129, 25655.47, 66984, 65678
1695459089, 0, 6, 175, 0, 0, 26165.63, 1, 0, 0, 0.09, 381, 129, 25655.47, 66984, 65678
1695459101, 0, 6, 176, 0, 0, 26165.63, 1, 0, 0, 0.08, 382, 129, 25655.47, 66984, 65678
1695459113, 0, 6, 176, 0, 0, 26165.63, 1, 0, 0, 0.08, 383, 129, 25655.47, 66984, 65678
1695459125, 0, 6, 177, 0, 0, 26165.63, 1, 0, 0, 0.09, 384, 129, 25655.47, 66984, 65678
1695459137, 0, 6, 178, 0, 0, 26165.63, 1, 0, 0, 0.08, 385, 129, 25655.47, 66984, 65678
1695459148, 0, 6, 179, 0, 0, 26165.63, 1, 0, 0, 0.08, 386, 129, 25655.47, 66984, 65678
1695459160, 0, 6, 180, 0, 0, 26165.63, 1, 0, 0, 0.08, 387, 129, 25655.47, 66984, 65678
1695459173, 0, 6, 181, 0, 0, 26165.63, 1, 0, 0, 0.08, 388, 129, 25655.47, 66984, 65678
1695459195, 0, 6, 182, 0, 0, 26165.63, 1, 0, 0, 0.04, 389, 129, 25655.47, 66984, 65678
1695459208, 0, 6, 183, 0, 0, 26165.63, 1, 0, 0, 0.08, 390, 129, 25655.47, 66984, 65678
1695459225, 0, 6, 184, 0, 0, 26165.63, 1, 0, 0, 0.06, 391, 129, 25655.47, 66984, 65678
1695459236, 0, 6, 184, 0, 0, 26165.63, 1, 0, 0, 0.09, 392, 129, 25655.47, 66984, 65678
1695459248, 0, 6, 184, 0, 0, 26165.63, 1, 0, 0, 0.09, 393, 129, 25655.47, 66984, 65678
1695459259, 0, 6, 185, 0, 0, 26165.63, 1, 0, 0, 0.08, 394, 129, 25655.47, 66984, 65678
1695459271, 0, 6, 186, 0, 0, 26165.63, 1, 0, 0, 0.08, 395, 129, 25655.47, 66984, 65678
1695459283, 0, 6, 187, 0, 0, 26165.63, 1, 0, 0, 0.09, 396, 129, 25655.47, 66984, 65678
1695459295, 0, 6, 187, 0, 0, 26165.63, 1, 0, 0, 0.09, 397, 129, 25655.47, 66984, 65678
1695459307, 0, 6, 188, 0, 0, 26165.63, 1, 0, 0, 0.08, 398, 129, 25655.47, 66984, 65678
1695459319, 0, 6, 188, 0, 0, 26165.63, 1, 0, 0, 0.08, 399, 129, 25655.47, 66984, 65678
1695459335, 0, 6, 189, 0, 0, 26165.63, 1, 0, 0, 0.06, 400, 129, 25655.47, 66984, 65678
1695459347, 0, 6, 190, 0, 0, 26165.63, 1, 0, 0, 0.09, 401, 129, 25655.47, 66984, 65678
1695459359, 0, 6, 191, 0, 0, 26165.63, 1, 0, 0, 0.09, 402, 129, 25655.47, 66984, 65678
1695459371, 0, 6, 191, 0, 0, 26165.63, 1, 0, 0, 0.08, 403, 129, 25655.47, 66984, 65678
1695459383, 0, 6, 191, 0, 0, 26165.63, 1, 0, 0, 0.08, 404, 129, 25655.47, 66984, 65678
1695459395, 0, 6, 191, 0, 0, 26165.63, 1, 0, 0, 0.08, 405, 129, 25655.47, 66984, 65678
1695459406, 0, 6, 192, 0, 0, 26166.02, 1, 0, 0, 0.09, 406, 129, 25655.86, 66985, 65679
1695459418, 0, 6, 193, 0, 0, 26166.02, 1, 0, 0, 0.08, 407, 129, 25655.86, 66985, 65679
1695459430, 0, 6, 193, 0, 0, 26166.02, 1, 0, 0, 0.08, 408, 129, 25655.86, 66985, 65679
1695459442, 0, 6, 194, 0, 0, 26166.41, 1, 0, 0, 0.09, 409, 129, 25656.25, 66986, 65680
1695459453, 0, 6, 195, 0, 0, 26166.41, 1, 0, 0, 0.09, 410, 129, 25656.25, 66986, 65680
1695459465, 0, 6, 196, 0, 0, 26166.41, 1, 0, 0, 0.08, 411, 129, 25656.25, 66986, 65680
1695459480, 0, 6, 197, 0, 0, 26166.41, 1, 0, 0, 0.07, 412, 129, 25656.25, 66986, 65680
1695459505, 0, 6, 197, 0, 0, 26166.41, 1, 0, 0, 0.04, 413, 129, 25656.25, 66986, 65680
1695459518, 0, 6, 198, 0, 0, 26166.41, 1, 0, 0, 0.08, 414, 129, 25656.25, 66986, 65680
1695459530, 0, 6, 199, 0, 0, 26166.41, 1, 0, 0, 0.08, 415, 129, 25656.25, 66986, 65680
1695459542, 0, 6, 200, 0, 0, 26166.41, 1, 0, 0, 0.08, 416, 129, 25656.25, 66986, 65680
1695459555, 0, 6, 201, 0, 0, 26166.41, 1, 0, 0, 0.08, 417, 129, 25656.25, 66986, 65680
1695459576, 0, 6, 201, 0, 0, 26166.41, 1, 0, 0, 0.05, 418, 129, 25656.25, 66986, 65680
1695459595, 0, 6, 202, 0, 0, 26166.41, 1, 0, 0, 0.05, 419, 129, 25656.25, 66986, 65680
1695459607, 0, 6, 203, 0, 0, 26167.97, 1, 0, 0, 0.08, 420, 129, 25657.81, 66990, 65684
1695459620, 0, 6, 204, 0, 0, 26167.97, 1, 0, 0, 0.08, 421, 129, 25657.81, 66990, 65684
1695459632, 0, 6, 205, 0, 0, 26167.97, 1, 0, 0, 0.08, 422, 129, 25657.81, 66990, 65684
1695459644, 0, 6, 206, 0, 0, 26167.97, 1, 0, 0, 0.08, 423, 129, 25657.81, 66990, 65684
1695459656, 0, 6, 207, 0, 0, 26167.97, 1, 0, 0, 0.09, 424, 129, 25657.81, 66990, 65684
1695459668, 0, 6, 208, 0, 0, 26167.97, 1, 0, 0, 0.08, 425, 129, 25657.81, 66990, 65684
1695459680, 0, 6, 209, 0, 0, 26167.97, 1, 0, 0, 0.08, 426, 129, 25657.81, 66990, 65684
1695459692, 0, 6, 210, 0, 0, 26167.97, 1, 0, 0, 0.08, 427, 129, 25657.81, 66990, 65684
1695459704, 0, 6, 210, 0, 0, 26167.97, 1, 0, 0, 0.08, 428, 129, 25657.81, 66990, 65684
1695459717, 0, 6, 210, 0, 0, 26167.97, 1, 0, 0, 0.08, 429, 129, 25657.81, 66990, 65684
1695459728, 0, 6, 210, 0, 0, 26167.97, 1, 0, 0, 0.08, 430, 129, 25657.81, 66990, 65684
1695459740, 0, 6, 210, 0, 0, 26167.97, 1, 0, 0, 0.09, 431, 129, 25657.81, 66990, 65684
1695459752, 0, 6, 210, 0, 0, 26167.97, 1, 0, 0, 0.08, 432, 129, 25657.81, 66990, 65684
1695459764, 0, 6, 211, 0, 0, 26167.97, 1, 0, 0, 0.09, 433, 129, 25657.81, 66990, 65684
1695459775, 0, 6, 211, 0, 0, 26167.97, 1, 0, 0, 0.09, 434, 129, 25657.81, 66990, 65684
1695459787, 0, 6, 211, 0, 0, 26167.97, 1, 0, 0, 0.09, 435, 129, 25657.81, 66990, 65684
1695459799, 0, 6, 211, 0, 0, 26167.97, 1, 0, 0, 0.08, 436, 129, 25657.81, 66990, 65684
1695459811, 0, 6, 211, 0, 0, 26167.97, 1, 0, 0, 0.08, 437, 129, 25657.81, 66990, 65684
1695459823, 0, 6, 212, 0, 0, 26168.36, 1, 0, 0, 0.08, 438, 129, 25658.20, 66991, 65685
1695459835, 0, 6, 213, 0, 0, 26168.36, 1, 0, 0, 0.09, 439, 129, 25658.20, 66991, 65685
1695459850, 0, 6, 214, 0, 0, 26168.36, 1, 0, 0, 0.06, 440, 129, 25658.20, 66991, 65685
1695459875, 0, 6, 215, 0, 0, 26168.36, 1, 0, 0, 0.04, 441, 129, 25658.20, 66991, 65685
1695459897, 0, 6, 216, 0, 0, 26168.36, 1, 0, 0, 0.05, 442, 129, 25658.20, 66991, 65685
1695459909, 0, 6, 216, 0, 0, 26168.36, 1, 0, 0, 0.08, 443, 129, 25658.20, 66991, 65685
1695459921, 0, 6, 217, 0, 0, 26168.36, 1, 0, 0, 0.08, 444, 129, 25658.20, 66991, 65685
1695459933, 0, 6, 217, 0, 0, 26168.36, 1, 0, 0, 0.09, 445, 129, 25658.20, 66991, 65685
1695459945, 0, 6, 217, 0, 0, 26168.36, 1, 0, 0, 0.08, 446, 129, 25658.20, 66991, 65685
1695459957, 0, 6, 218, 0, 0, 26168.36, 1, 0, 0, 0.08, 447, 129, 25658.20, 66991, 65685
1695459969, 0, 6, 218, 0, 0, 26168.36, 1, 0, 0, 0.08, 448, 129, 25658.20, 66991, 65685
1695459981, 0, 6, 218, 0, 0, 26168.36, 1, 0, 0, 0.09, 449, 129, 25658.20, 66991, 65685
1695459992, 0, 6, 218, 0, 0, 26168.36, 1, 0, 0, 0.09, 450, 129, 25658.20, 66991, 65685
1695460005, 0, 6, 219, 0, 0, 26168.36, 1, 0, 0, 0.08, 451, 129, 25658.20, 66991, 65685
1695460017, 0, 6, 220, 0, 0, 26168.36, 1, 0, 0, 0.08, 452, 129, 25658.20, 66991, 65685
1695460029, 0, 6, 221, 0, 0, 26168.36, 1, 0, 0, 0.09, 453, 129, 25658.20, 66991, 65685
1695460041, 0, 6, 222, 0, 0, 26168.36, 1, 0, 0, 0.08, 454, 129, 25658.20, 66991, 65685
1695460053, 0, 6, 222, 0, 0, 26168.36, 1, 0, 0, 0.08, 455, 129, 25658.20, 66991, 65685
1695460065, 0, 6, 222, 0, 0, 26168.36, 1, 0, 0, 0.08, 456, 129, 25658.20, 66991, 65685
1695460077, 0, 6, 222, 0, 0, 26168.36, 1, 0, 0, 0.08, 457, 129, 25658.20, 66991, 65685
1695460090, 0, 6, 222, 0, 0, 26168.36, 1, 0, 0, 0.08, 458, 129, 25658.20, 66991, 65685
1695460106, 0, 6, 223, 0, 0, 26168.36, 1, 0, 0, 0.06, 459, 129, 25658.20, 66991, 65685
1695460120, 0, 6, 224, 0, 0, 26168.36, 1, 0, 0, 0.07, 460, 129, 25658.20, 66991, 65685
1695460132, 0, 6, 225, 0, 0, 26168.75, 1, 0, 0, 0.08, 461, 129, 25658.59, 66992, 65686
1695460144, 0, 6, 226, 0, 0, 26168.75, 1, 0, 0, 0.08, 462, 129, 25658.59, 66992, 65686
1695460156, 0, 6, 227, 0, 0, 26168.75, 1, 0, 0, 0.08, 463, 129, 25658.59, 66992, 65686
1695460168, 0, 6, 228, 0, 0, 26168.75, 1, 0, 0, 0.08, 464, 129, 25658.59, 66992, 65686
1695460180, 0, 6, 228, 0, 0, 26168.75, 1, 0, 0, 0.08, 465, 129, 25658.59, 66992, 65686
1695460192, 0, 6, 229, 0, 0, 26168.75, 1, 0, 0, 0.09, 466, 129, 25658.59, 66992, 65686
1695460203, 0, 6, 230, 0, 0, 26168.75, 1, 0, 0, 0.09, 467, 129, 25658.59, 66992, 65686
1695460215, 0, 6, 231, 0, 0, 26168.75, 1, 0, 0, 0.08, 468, 129, 25658.59, 66992, 65686
1695460227, 0, 6, 232, 0, 0, 26168.75, 1, 0, 0, 0.08, 469, 129, 25658.59, 66992, 65686
1695460241, 0, 6, 232, 0, 0, 26168.75, 1, 0, 0, 0.07, 470, 129, 25658.59, 66992, 65686
1695460253, 0, 6, 232, 0, 0, 26168.75, 1, 0, 0, 0.08, 471, 129, 25658.59, 66992, 65686
1695460267, 0, 6, 233, 0, 0, 26168.75, 1, 0, 0, 0.08, 472, 129, 25658.59, 66992, 65686
1695460279, 0, 6, 233, 0, 0, 26168.75, 1, 0, 0, 0.08, 473, 129, 25658.59, 66992, 65686
1695460292, 0, 6, 234, 0, 0, 26168.75, 1, 0, 0, 0.08, 474, 129, 25658.59, 66992, 65686
1695460304, 0, 6, 235, 0, 0, 26168.75, 1, 0, 0, 0.08, 475, 129, 25658.59, 66992, 65686
1695460321, 0, 6, 236, 0, 0, 26168.75, 1, 0, 0, 0.06, 476, 129, 25658.59, 66992, 65686
1695460334, 0, 6, 237, 0, 0, 26168.75, 1, 0, 0, 0.08, 477, 129, 25658.59, 66992, 65686
1695460346, 0, 6, 238, 0, 0, 26168.75, 1, 0, 0, 0.08, 478, 129, 25658.59, 66992, 65686
1695460359, 0, 6, 239, 0, 0, 26168.75, 1, 0, 0, 0.08, 479, 129, 25658.59, 66992, 65686
1695460371, 0, 6, 240, 0, 0, 26176.17, 1, 0, 0, 0.08, 480, 129, 25666.02, 67011, 65705
1695460384, 0, 6, 241, 0, 0, 26176.56, 1, 0, 0, 0.08, 481, 129, 25666.41, 67012, 65706
1695460397, 0, 6, 242, 0, 0, 26176.56, 1, 0, 0, 0.08, 482, 129, 25666.41, 67012, 65706
1695460414, 0, 6, 243, 0, 0, 26176.56, 1, 0, 0, 0.06, 483, 129, 25666.41, 67012, 65706
1695460426, 0, 6, 244, 0, 0, 26176.56, 1, 0, 0, 0.08, 484, 129, 25666.41, 67012, 65706
1695460438, 0, 6, 245, 0, 0, 26176.56, 1, 0, 0, 0.08, 485, 129, 25666.41, 67012, 65706
1695460462, 0, 6, 246, 0, 0, 26176.56, 1, 0, 0, 0.04, 486, 129, 25666.41, 67012, 65706
1695460474, 0, 6, 247, 0, 0, 26176.56, 1, 0, 0, 0.08, 487, 129, 25666.41, 67012, 65706
1695460487, 0, 6, 248, 0, 0, 26178.13, 1, 0, 0, 0.08, 488, 129, 25667.97, 67016, 65710
1695460501, 0, 6, 249, 0, 0, 26178.13, 1, 0, 0, 0.07, 489, 129, 25667.97, 67016, 65710
1695460513, 0, 6, 250, 0, 0, 26178.13, 1, 0, 0, 0.08, 490, 129, 25667.97, 67016, 65710
1695460527, 0, 6, 251, 0, 0, 26178.13, 1, 0, 0, 0.08, 491, 129, 25667.97, 67016, 65710
1695460539, 0, 6, 252, 0, 0, 26178.13, 1, 0, 0, 0.08, 492, 129, 25667.97, 67016, 65710
1695460551, 0, 6, 252, 0, 0, 26178.13, 1, 0, 0, 0.08, 493, 129, 25667.97, 67016, 65710
1695460564, 0, 6, 253, 0, 0, 26178.13, 1, 0, 0, 0.08, 494, 129, 25667.97, 67016, 65710
1695460577, 0, 6, 254, 0, 0, 26178.13, 1, 0, 0, 0.07, 495, 129, 25667.97, 67016, 65710
1695460589, 0, 6, 255, 0, 0, 26178.13, 1, 0, 0, 0.08, 496, 129, 25667.97, 67016, 65710
1695460602, 0, 6, 256, 0, 0, 26178.13, 1, 0, 0, 0.08, 497, 129, 25667.97, 67016, 65710
1695460615, 0, 6, 256, 0, 0, 26178.13, 1, 0, 0, 0.08, 498, 129, 25667.97, 67016, 65710
1695460628, 0, 6, 256, 0, 0, 26178.13, 1, 0, 0, 0.08, 499, 129, 25667.97, 67016, 65710
1695460639, 0, 6, 256, 0, 0, 26178.13, 1, 0, 0, 0.08, 500, 129, 25667.97, 67016, 65710
1695460652, 0, 6, 256, 0, 0, 26178.13, 1, 0, 0, 0.08, 501, 129, 25667.97, 67016, 65710
1695460665, 0, 6, 257, 0, 0, 26178.13, 1, 0, 0, 0.08, 502, 129, 25667.97, 67016, 65710
1695460677, 0, 6, 257, 0, 0, 26178.13, 1, 0, 0, 0.08, 503, 129, 25667.97, 67016, 65710
1695460690, 0, 6, 257, 0, 0, 26178.13, 1, 0, 0, 0.08, 504, 129, 25667.97, 67016, 65710
1695460703, 0, 6, 257, 0, 0, 26178.13, 1, 0, 0, 0.08, 505, 129, 25667.97, 67016, 65710
1695460716, 0, 6, 258, 0, 0, 26178.13, 1, 0, 0, 0.08, 506, 129, 25667.97, 67016, 65710
1695460728, 0, 6, 258, 0, 0, 26178.13, 1, 0, 0, 0.08, 507, 129, 25667.97, 67016, 65710
1695460741, 0, 6, 258, 0, 0, 26178.13, 1, 0, 0, 0.08, 508, 129, 25667.97, 67016, 65710
1695460753, 0, 6, 258, 0, 0, 26178.13, 1, 0, 0, 0.08, 509, 129, 25667.97, 67016, 65710
1695460770, 0, 6, 259, 0, 0, 26178.91, 1, 0, 0, 0.06, 510, 129, 25668.75, 67018, 65712
1695460786, 0, 6, 259, 0, 0, 26178.91, 1, 0, 0, 0.07, 511, 129, 25668.75, 67018, 65712
1695460797, 0, 6, 260, 0, 0, 26178.91, 1, 0, 0, 0.09, 512, 129, 25668.75, 67018, 65712
1695460810, 0, 6, 261, 0, 0, 26178.91, 1, 0, 0, 0.08, 513, 129, 25668.75, 67018, 65712
1695460822, 0, 6, 261, 0, 0, 26178.91, 1, 0, 0, 0.08, 514, 129, 25668.75, 67018, 65712
1695460835, 0, 6, 262, 0, 0, 26178.91, 1, 0, 0, 0.08, 515, 129, 25668.75, 67018, 65712
1695460847, 0, 6, 263, 0, 0, 26178.91, 1, 0, 0, 0.08, 516, 129, 25668.75, 67018, 65712
1695460859, 0, 6, 264, 0, 0, 26178.91, 1, 0, 0, 0.08, 517, 129, 25668.75, 67018, 65712
1695460871, 0, 6, 264, 0, 0, 26178.91, 1, 0, 0, 0.08, 518, 129, 25668.75, 67018, 65712
1695460884, 0, 6, 265, 0, 0, 26178.91, 1, 0, 0, 0.08, 519, 129, 25668.75, 67018, 65712
1695460897, 0, 6, 265, 0, 0, 26178.91, 1, 0, 0, 0.08, 520, 129, 25668.75, 67018, 65712
1695460910, 0, 6, 266, 0, 0, 26178.91, 1, 0, 0, 0.08, 521, 129, 25668.75, 67018, 65712
1695460922, 0, 6, 267, 0, 0, 26178.91, 1, 0, 0, 0.08, 522, 129, 25668.75, 67018, 65712
1695460935, 0, 6, 268, 0, 0, 26178.91, 1, 0, 0, 0.08, 523, 129, 25668.75, 67018, 65712
1695460947, 0, 6, 269, 0, 0, 26178.91, 1, 0, 0, 0.08, 524, 129, 25668.75, 67018, 65712
1695460961, 0, 6, 270, 0, 0, 26178.91, 1, 0, 0, 0.07, 525, 129, 25668.75, 67018, 65712
1695460974, 0, 6, 271, 0, 0, 26178.91, 1, 0, 0, 0.08, 526, 129, 25668.75, 67018, 65712
1695460986, 0, 6, 272, 0, 0, 26178.91, 1, 0, 0, 0.08, 527, 129, 25668.75, 67018, 65712
1695460999, 0, 6, 272, 0, 0, 26178.91, 1, 0, 0, 0.08, 528, 129, 25668.75, 67018, 65712
1695461012, 0, 6, 273, 0, 0, 26178.91, 1, 0, 0, 0.08, 529, 129, 25668.75, 67018, 65712
1695461025, 0, 6, 274, 0, 0, 26178.91, 1, 0, 0, 0.07, 530, 129, 25668.75, 67018, 65712
1695461037, 0, 6, 274, 0, 0, 26178.91, 1, 0, 0, 0.08, 531, 129, 25668.75, 67018, 65712
1695461049, 0, 6, 275, 0, 0, 26178.91, 1, 0, 0, 0.08, 532, 129, 25668.75, 67018, 65712
1695461063, 0, 6, 276, 0, 0, 26178.91, 1, 0, 0, 0.07, 533, 129, 25668.75, 67018, 65712
1695461075, 0, 6, 277, 0, 0, 26178.91, 1, 0, 0, 0.08, 534, 129, 25668.75, 67018, 65712
1695461087, 0, 6, 277, 0, 0, 26178.91, 1, 0, 0, 0.08, 535, 129, 25668.75, 67018, 65712
1695461098, 0, 6, 278, 0, 0, 26178.91, 1, 0, 0, 0.08, 536, 129, 25668.75, 67018, 65712
1695461111, 0, 6, 279, 0, 0, 26178.91, 1, 0, 0, 0.08, 537, 129, 25668.75, 67018, 65712
1695461123, 0, 6, 280, 0, 0, 26178.91, 1, 0, 0, 0.09, 538, 129, 25668.75, 67018, 65712
1695461138, 0, 6, 281, 0, 0, 26178.91, 1, 0, 0, 0.06, 539, 129, 25668.75, 67018, 65712
1695461152, 0, 6, 282, 0, 0, 26178.91, 1, 0, 0, 0.07, 540, 129, 25668.75, 67018, 65712
1695461164, 0, 6, 283, 0, 0, 26178.91, 1, 0, 0, 0.08, 541, 129, 25668.75, 67018, 65712
1695461177, 0, 6, 284, 0, 0, 26178.91, 1, 0, 0, 0.08, 542, 129, 25668.75, 67018, 65712
1695461189, 0, 6, 284, 0, 0, 26178.91, 1, 0, 0, 0.08, 543, 129, 25668.75, 67018, 65712
1695461201, 0, 6, 284, 0, 0, 26178.91, 1, 0, 0, 0.08, 544, 129, 25668.75, 67018, 65712
1695461214, 0, 6, 285, 0, 0, 26178.91, 1, 0, 0, 0.08, 545, 129, 25668.75, 67018, 65712
1695461226, 0, 6, 286, 0, 0, 26178.91, 1, 0, 0, 0.08, 546, 129, 25668.75, 67018, 65712
1695461238, 0, 6, 286, 0, 0, 26178.91, 1, 0, 0, 0.08, 547, 129, 25668.75, 67018, 65712
1695461250, 0, 6, 286, 0, 0, 26178.91, 1, 0, 0, 0.08, 548, 129, 25668.75, 67018, 65712
1695461263, 0, 6, 287, 0, 0, 26178.91, 1, 0, 0, 0.08, 549, 129, 25668.75, 67018, 65712
1695461276, 0, 6, 288, 0, 0, 26178.91, 1, 0, 0, 0.08, 550, 129, 25668.75, 67018, 65712
1695461288, 0, 6, 289, 0, 0, 26178.91, 1, 0, 0, 0.08, 551, 129, 25668.75, 67018, 65712
1695461301, 0, 6, 290, 0, 0, 26178.91, 1, 0, 0, 0.08, 552, 129, 25668.75, 67018, 65712
1695461313, 0, 6, 291, 0, 0, 26178.91, 1, 0, 0, 0.08, 553, 129, 25668.75, 67018, 65712
1695461325, 0, 6, 292, 0, 0, 26178.91, 1, 0, 0, 0.09, 554, 129, 25668.75, 67018, 65712
1695461336, 0, 6, 292, 0, 0, 26178.91, 1, 0, 0, 0.08, 555, 129, 25668.75, 67018, 65712
1695461348, 0, 6, 292, 0, 0, 26178.91, 1, 0, 0, 0.08, 556, 129, 25668.75, 67018, 65712
1695461361, 0, 6, 292, 0, 0, 26178.91, 1, 0, 0, 0.08, 557, 129, 25668.75, 67018, 65712
1695461374, 0, 6, 293, 0, 0, 26178.91, 1, 0, 0, 0.08, 558, 129, 25668.75, 67018, 65712
1695461386, 0, 6, 294, 0, 0, 26178.91, 1, 0, 0, 0.08, 559, 129, 25668.75, 67018, 65712
1695461398, 0, 6, 294, 0, 0, 26178.91, 1, 0, 0, 0.09, 560, 129, 25668.75, 67018, 65712
1695461412, 0, 6, 294, 0, 0, 26178.91, 1, 0, 0, 0.07, 561, 129, 25668.75, 67018, 65712
1695461425, 0, 6, 294, 0, 0, 26178.91, 1, 0, 0, 0.08, 562, 129, 25668.75, 67018, 65712
1695461438, 0, 6, 294, 0, 0, 26178.91, 1, 0, 0, 0.08, 563, 129, 25668.75, 67018, 65712
1695461449, 0, 6, 294, 0, 0, 26178.91, 1, 0, 0, 0.08, 564, 129, 25668.75, 67018, 65712
1695461462, 0, 6, 294, 0, 0, 26178.91, 1, 0, 0, 0.08, 565, 129, 25668.75, 67018, 65712
1695461475, 0, 6, 294, 0, 0, 26178.91, 1, 0, 0, 0.08, 566, 129, 25668.75, 67018, 65712
1695461487, 0, 6, 295, 0, 0, 26178.91, 1, 0, 0, 0.08, 567, 129, 25668.75, 67018, 65712
1695461499, 0, 6, 295, 0, 0, 26178.91, 1, 0, 0, 0.08, 568, 129, 25668.75, 67018, 65712
1695461518, 0, 6, 296, 0, 0, 27285.16, 1, 0, 0, 0.05, 569, 129, 26781.25, 69850, 68560
1695461532, 0, 6, 297, 0, 0, 27384.77, 1, 0, 0, 0.08, 570, 129, 26880.86, 70105, 68815
1695461548, 0, 6, 298, 0, 0, 27486.72, 1, 0, 0, 0.06, 571, 129, 26984.38, 70366, 69080
1695461548, 0, 6, 298, 0, 0, 27486.72, 1, 0, 0, 0.00, 571, 129, 26984.38, 70366, 69080
