# unix_time, cycles_done, cur_path, paths_total, pending_total, pending_favs, map_size, unique_crashes, unique_hangs, max_depth, execs_per_sec, valid_inputs, invalid_inputs, valid_cov, all_covered_probes, valid_covered_probes
1693415943, 0, 0, 1, 0, 0, 2527.34, 0, 0, 0, 0.04, 0, 1, 0.00, 6470, 0
1693415967, 0, 0, 2, 0, 0, 2588.67, 0, 0, 0, 0.04, 0, 2, 0.00, 6627, 0
1693415992, 0, 0, 3, 0, 0, 2590.63, 0, 0, 0, 0.04, 0, 3, 0.00, 6632, 0
1693416016, 0, 0, 3, 0, 0, 2590.63, 0, 0, 0, 0.04, 0, 4, 0.00, 6632, 0
1693416039, 0, 0, 4, 0, 0, 2591.80, 0, 0, 0, 0.04, 0, 5, 0.00, 6635, 0
1693416063, 0, 0, 4, 0, 0, 2591.80, 0, 0, 0, 0.04, 0, 6, 0.00, 6635, 0
1693416088, 0, 0, 4, 0, 0, 2591.80, 0, 0, 0, 0.04, 0, 7, 0.00, 6635, 0
1693416111, 0, 0, 4, 0, 0, 2591.80, 0, 0, 0, 0.04, 0, 8, 0.00, 6635, 0
1693416133, 0, 0, 4, 0, 0, 2591.80, 0, 0, 0, 0.04, 0, 9, 0.00, 6635, 0
1693416157, 0, 0, 4, 0, 0, 2591.80, 0, 0, 0, 0.04, 0, 10, 0.00, 6635, 0
1693416174, 0, 0, 4, 0, 0, 2591.80, 0, 0, 0, 0.06, 0, 11, 0.00, 6635, 0
1693416188, 0, 0, 4, 0, 0, 2591.80, 0, 0, 0, 0.07, 0, 12, 0.00, 6635, 0
1693416200, 0, 0, 4, 0, 0, 2591.80, 0, 0, 0, 0.08, 0, 13, 0.00, 6635, 0
1693416213, 0, 0, 4, 0, 0, 2591.80, 0, 0, 0, 0.08, 0, 14, 0.00, 6635, 0
1693416225, 0, 0, 4, 0, 0, 2591.80, 0, 0, 0, 0.08, 0, 15, 0.00, 6635, 0
1693416238, 0, 0, 4, 0, 0, 2591.80, 0, 0, 0, 0.08, 0, 16, 0.00, 6635, 0
1693416250, 0, 0, 4, 0, 0, 2591.80, 0, 0, 0, 0.08, 0, 17, 0.00, 6635, 0
1693416262, 0, 0, 4, 0, 0, 2591.80, 0, 0, 0, 0.08, 0, 18, 0.00, 6635, 0
1693416275, 0, 0, 4, 0, 0, 2591.80, 0, 0, 0, 0.08, 0, 19, 0.00, 6635, 0
1693416287, 0, 0, 4, 0, 0, 2591.80, 0, 0, 0, 0.08, 0, 20, 0.00, 6635, 0
1693416299, 0, 0, 4, 0, 0, 2591.80, 0, 0, 0, 0.08, 0, 21, 0.00, 6635, 0
1693416312, 0, 0, 4, 0, 0, 2591.80, 0, 0, 0, 0.08, 0, 22, 0.00, 6635, 0
1693416325, 0, 0, 4, 0, 0, 2591.80, 0, 0, 0, 0.08, 0, 23, 0.00, 6635, 0
1693416337, 0, 0, 4, 0, 0, 2591.80, 0, 0, 0, 0.08, 0, 24, 0.00, 6635, 0
1693416349, 0, 0, 4, 0, 0, 2591.80, 0, 0, 0, 0.08, 0, 25, 0.00, 6635, 0
1693416362, 0, 0, 4, 0, 0, 2591.80, 0, 0, 0, 0.08, 0, 26, 0.00, 6635, 0
1693416374, 0, 0, 4, 0, 0, 2591.80, 0, 0, 0, 0.08, 0, 27, 0.00, 6635, 0
1693416386, 0, 0, 4, 0, 0, 2591.80, 0, 0, 0, 0.08, 0, 28, 0.00, 6635, 0
1693416399, 0, 0, 4, 0, 0, 2591.80, 0, 0, 0, 0.08, 0, 29, 0.00, 6635, 0
1693416411, 0, 0, 4, 0, 0, 2591.80, 0, 0, 0, 0.08, 0, 30, 0.00, 6635, 0
1693416424, 0, 0, 4, 0, 0, 2591.80, 0, 0, 0, 0.08, 0, 31, 0.00, 6635, 0
1693416437, 0, 0, 4, 0, 0, 2591.80, 0, 0, 0, 0.07, 0, 32, 0.00, 6635, 0
1693416451, 0, 0, 4, 0, 0, 2591.80, 0, 0, 0, 0.07, 0, 33, 0.00, 6635, 0
1693416464, 0, 0, 4, 0, 0, 2591.80, 0, 0, 0, 0.08, 0, 34, 0.00, 6635, 0
