# unix_time, cycles_done, cur_path, paths_total, pending_total, pending_favs, map_size, unique_crashes, unique_hangs, max_depth, execs_per_sec, valid_inputs, invalid_inputs, valid_cov, all_covered_probes, valid_covered_probes
1695439880, 0, 0, 1, 0, 0, 4446.48, 0, 0, 0, 0.37, 0, 1, 0.00, 11383, 0
1695439880, 0, 0, 4, 0, 0, 4570.31, 0, 0, 0, 8.47, 0, 4, 0.00, 11700, 0
1695439880, 0, 0, 10, 0, 0, 4741.80, 0, 0, 0, 21.34, 0, 11, 0.00, 12139, 0
1695439881, 0, 0, 12, 0, 0, 4862.11, 0, 0, 0, 9.26, 0, 14, 0.00, 12447, 0
1695439881, 0, 0, 18, 0, 0, 5075.00, 0, 0, 0, 18.92, 5, 16, 2891.80, 12992, 7403
1695439881, 0, 0, 28, 0, 0, 5085.94, 0, 0, 0, 50.79, 10, 27, 2894.92, 13020, 7411
1695439912, 0, 0, 29, 0, 0, 25400.78, 0, 0, 0, 0.06, 11, 28, 24369.14, 65026, 62385
1695439926, 0, 0, 30, 0, 0, 25421.09, 1, 0, 0, 0.15, 12, 29, 24399.22, 65078, 62462
1695439926, 0, 0, 34, 0, 0, 25685.16, 1, 0, 0, 19.42, 14, 33, 24674.61, 65754, 63167
1695439939, 0, 0, 35, 0, 0, 26060.55, 1, 0, 0, 0.15, 15, 34, 25051.56, 66715, 64132
1695439952, 0, 0, 42, 0, 0, 26108.98, 1, 0, 0, 0.62, 18, 39, 25100.00, 66839, 64256
1695439952, 0, 0, 45, 0, 0, 26113.28, 1, 0, 0, 30.00, 21, 45, 25100.39, 66850, 64257
1695439966, 0, 0, 48, 0, 0, 26127.73, 1, 0, 0, 0.45, 22, 50, 25103.91, 66887, 64266
1695439987, 0, 0, 50, 0, 0, 26135.55, 1, 0, 0, 0.10, 24, 50, 25111.72, 66907, 64286
1695440000, 0, 0, 51, 0, 0, 26147.27, 1, 0, 0, 0.08, 25, 50, 25123.44, 66937, 64316
1695440011, 0, 0, 57, 0, 0, 26150.00, 1, 0, 0, 2.28, 31, 69, 25126.17, 66944, 64323
1695440022, 0, 0, 59, 0, 0, 26150.39, 1, 0, 0, 0.27, 32, 71, 25126.56, 66945, 64324
1695440033, 0, 0, 61, 0, 0, 26150.78, 1, 0, 0, 0.48, 34, 74, 25126.95, 66946, 64325
1695440056, 0, 0, 65, 0, 0, 26522.66, 1, 0, 0, 0.17, 36, 76, 25498.83, 67898, 65277
1695440056, 0, 0, 70, 0, 0, 26522.66, 1, 0, 0, 120.00, 46, 102, 25498.83, 67898, 65277
1695440067, 0, 0, 71, 0, 0, 26523.05, 1, 0, 0, 0.18, 47, 103, 25499.22, 67899, 65278
1695440080, 0, 1, 74, 0, 0, 26530.08, 1, 0, 0, 0.94, 50, 112, 25506.25, 67917, 65296
1695440092, 0, 1, 78, 0, 0, 26539.84, 1, 0, 0, 1.86, 60, 124, 25516.02, 67942, 65321
1695440103, 0, 1, 81, 0, 0, 26548.44, 1, 0, 0, 1.50, 67, 134, 25524.61, 67964, 65343
1695440116, 0, 1, 85, 0, 0, 26548.44, 1, 0, 0, 0.62, 73, 136, 25524.61, 67964, 65343
1695440117, 0, 1, 88, 0, 0, 26548.44, 1, 0, 0, 36.36, 76, 145, 25524.61, 67964, 65343
1695440137, 0, 2, 90, 0, 0, 26557.81, 1, 0, 0, 0.14, 78, 146, 25533.98, 67988, 65367
1695440158, 0, 2, 92, 0, 0, 26615.23, 1, 0, 0, 0.14, 80, 147, 25591.41, 68135, 65514
1695440172, 0, 2, 95, 0, 0, 26615.23, 1, 0, 0, 0.74, 88, 149, 25591.41, 68135, 65514
1695440186, 0, 2, 99, 0, 0, 26615.23, 1, 0, 0, 1.01, 98, 153, 25591.41, 68135, 65514
1695440197, 0, 2, 101, 0, 0, 26615.23, 1, 0, 0, 0.43, 103, 153, 25591.41, 68135, 65514
1695440213, 0, 2, 107, 0, 0, 26616.02, 1, 0, 0, 1.12, 114, 160, 25591.80, 68137, 65515
1695440225, 0, 2, 108, 0, 0, 26616.02, 1, 0, 0, 0.09, 115, 160, 25591.80, 68137, 65515
1695440239, 0, 2, 110, 0, 0, 26632.81, 1, 0, 0, 0.14, 116, 161, 25608.59, 68180, 65558
1695440239, 0, 2, 112, 0, 0, 26632.81, 1, 0, 0, 39.60, 125, 164, 25608.59, 68180, 65558
1695440253, 0, 2, 114, 0, 0, 26634.77, 1, 0, 0, 0.42, 131, 164, 25610.55, 68185, 65563
1695440254, 0, 5, 117, 0, 0, 26634.77, 1, 0, 0, 101.97, 143, 183, 25610.55, 68185, 65563
1695440266, 0, 5, 118, 0, 0, 26634.77, 1, 0, 0, 0.82, 148, 188, 25610.55, 68185, 65563
1695440279, 0, 5, 120, 0, 0, 26635.55, 1, 0, 0, 0.15, 149, 189, 25611.33, 68187, 65565
1695440303, 0, 5, 123, 0, 0, 26637.89, 1, 0, 0, 0.38, 155, 192, 25613.67, 68193, 65571
1695440340, 0, 9, 125, 0, 0, 26660.94, 1, 0, 0, 0.28, 159, 198, 25636.72, 68252, 65630
1695440354, 0, 9, 128, 0, 0, 26660.94, 1, 0, 0, 1.69, 165, 216, 25636.72, 68252, 65630
1695440368, 0, 9, 131, 0, 0, 26660.94, 1, 0, 0, 0.85, 170, 223, 25636.72, 68252, 65630
1695440368, 0, 9, 135, 0, 0, 26660.94, 1, 0, 0, 70.99, 181, 235, 25636.72, 68252, 65630
1695440382, 0, 9, 136, 0, 0, 26660.94, 1, 0, 0, 0.38, 185, 236, 25636.72, 68252, 65630
1695440394, 0, 9, 137, 0, 0, 26660.94, 1, 0, 0, 0.08, 186, 236, 25636.72, 68252, 65630
1695440405, 0, 9, 142, 0, 0, 26660.94, 1, 0, 0, 1.13, 194, 241, 25636.72, 68252, 65630
1695440419, 0, 9, 144, 0, 0, 26661.72, 1, 0, 0, 1.47, 200, 255, 25637.50, 68254, 65632
1695440432, 0, 10, 145, 0, 0, 26661.72, 1, 0, 0, 0.16, 201, 256, 25637.50, 68254, 65632
1695440443, 0, 10, 146, 0, 0, 26661.72, 1, 0, 0, 0.08, 202, 256, 25637.50, 68254, 65632
1695440455, 0, 11, 148, 0, 0, 26661.72, 2, 0, 0, 0.34, 203, 259, 25637.50, 68254, 65632
1695440470, 0, 11, 149, 0, 0, 26661.72, 2, 0, 0, 0.07, 204, 259, 25637.50, 68254, 65632
1695440482, 0, 11, 151, 0, 0, 26663.28, 2, 0, 0, 0.16, 205, 260, 25639.06, 68258, 65636
1695440515, 0, 11, 154, 0, 0, 26665.63, 2, 0, 0, 0.54, 209, 274, 25641.41, 68264, 65642
1695440515, 0, 11, 155, 0, 0, 26673.44, 2, 0, 0, 75.16, 214, 292, 25649.22, 68284, 65662
1695440527, 0, 11, 155, 0, 0, 26673.44, 2, 0, 0, 1.85, 220, 308, 25649.22, 68284, 65662
1695440527, 0, 11, 156, 0, 0, 26673.44, 2, 0, 0, 57.32, 223, 323, 25649.22, 68284, 65662
1695440543, 0, 11, 157, 0, 0, 26673.83, 2, 0, 0, 0.20, 224, 325, 25649.61, 68285, 65663
1695440555, 0, 11, 158, 0, 0, 26673.83, 2, 0, 0, 0.42, 225, 329, 25649.61, 68285, 65663
1695440567, 0, 12, 160, 0, 0, 26673.83, 2, 0, 0, 0.48, 228, 332, 25649.61, 68285, 65663
1695440586, 0, 12, 162, 0, 0, 26673.83, 2, 0, 0, 0.37, 234, 333, 25649.61, 68285, 65663
1695440586, 0, 12, 163, 0, 0, 26673.83, 2, 0, 0, 35.37, 239, 339, 25649.61, 68285, 65663
1695440587, 0, 12, 163, 0, 0, 26673.83, 2, 0, 0, 6.45, 241, 339, 25649.61, 68285, 65663
1695440587, 0, 12, 163, 0, 0, 26673.83, 2, 0, 0, 12.66, 245, 339, 25649.61, 68285, 65663
1695440609, 0, 12, 164, 0, 0, 26673.83, 2, 0, 0, 0.05, 246, 339, 25649.61, 68285, 65663
1695440622, 0, 12, 165, 0, 0, 26673.83, 2, 0, 0, 0.15, 248, 339, 25649.61, 68285, 65663
1695440634, 0, 12, 165, 0, 0, 26673.83, 2, 0, 0, 0.17, 249, 340, 25649.61, 68285, 65663
1695440645, 0, 12, 166, 0, 0, 26674.61, 2, 0, 0, 0.09, 250, 340, 25650.39, 68287, 65665
1695440659, 0, 12, 168, 0, 0, 26674.61, 2, 0, 0, 0.14, 252, 340, 25650.39, 68287, 65665
1695440671, 0, 12, 170, 0, 0, 26674.61, 2, 0, 0, 0.26, 254, 341, 25650.39, 68287, 65665
1695440683, 0, 13, 173, 0, 0, 26674.61, 2, 0, 0, 0.50, 259, 342, 25650.39, 68287, 65665
1695440694, 0, 13, 174, 0, 0, 26674.61, 2, 0, 0, 0.18, 260, 343, 25650.39, 68287, 65665
1695440709, 0, 13, 176, 0, 0, 26674.61, 2, 0, 0, 0.14, 262, 343, 25650.39, 68287, 65665
1695440709, 0, 13, 178, 0, 0, 26674.61, 2, 0, 0, 51.83, 276, 346, 25650.39, 68287, 65665
1695440709, 0, 13, 178, 0, 0, 26674.61, 2, 0, 0, 45.75, 286, 350, 25650.39, 68287, 65665
1695440709, 0, 13, 180, 0, 0, 26675.00, 2, 0, 0, 32.47, 291, 355, 25650.39, 68288, 65665
1695440722, 0, 14, 181, 0, 0, 26675.00, 2, 0, 0, 1.03, 299, 360, 25650.39, 68288, 65665
1695440736, 0, 14, 182, 0, 0, 26675.00, 2, 0, 0, 0.07, 300, 360, 25650.39, 68288, 65665
1695440736, 0, 14, 185, 0, 0, 26675.00, 2, 0, 0, 23.26, 305, 362, 25650.39, 68288, 65665
1695440748, 0, 14, 186, 0, 0, 26675.00, 2, 0, 0, 1.37, 317, 366, 25650.39, 68288, 65665
1695440761, 0, 14, 187, 0, 0, 26675.00, 2, 0, 0, 0.66, 325, 367, 25650.39, 68288, 65665
1695440777, 0, 14, 190, 0, 0, 26675.00, 2, 0, 0, 0.65, 332, 370, 25650.39, 68288, 65665
1695440790, 0, 14, 193, 0, 0, 26675.00, 2, 0, 0, 0.77, 341, 371, 25650.39, 68288, 65665
1695440804, 0, 14, 196, 0, 0, 26675.00, 2, 0, 0, 0.22, 343, 372, 25650.39, 68288, 65665
1695440818, 0, 14, 197, 0, 0, 26676.17, 2, 0, 0, 1.08, 355, 375, 25651.56, 68291, 65668
1695440837, 0, 14, 200, 0, 0, 26676.17, 2, 0, 0, 0.48, 362, 377, 25651.56, 68291, 65668
1695440848, 0, 14, 202, 0, 0, 26676.17, 2, 0, 0, 0.33, 365, 378, 25651.56, 68291, 65668
1695440861, 0, 14, 205, 0, 0, 26676.17, 2, 0, 0, 0.95, 374, 381, 25651.56, 68291, 65668
1695440874, 0, 16, 207, 0, 0, 26676.17, 2, 0, 0, 0.81, 381, 384, 25651.56, 68291, 65668
1695440887, 0, 16, 208, 0, 0, 26676.17, 2, 0, 0, 0.29, 385, 384, 25651.56, 68291, 65668
1695440902, 0, 16, 209, 0, 0, 26676.17, 2, 0, 0, 0.26, 388, 385, 25651.56, 68291, 65668
1695440916, 0, 16, 211, 0, 0, 26676.17, 2, 0, 0, 0.21, 390, 386, 25651.56, 68291, 65668
1695440929, 0, 16, 213, 0, 0, 26676.17, 2, 0, 0, 0.48, 395, 387, 25651.56, 68291, 65668
1695440929, 0, 16, 215, 0, 0, 26676.17, 2, 0, 0, 53.33, 407, 391, 25651.56, 68291, 65668
1695440930, 0, 22, 215, 0, 0, 26676.17, 2, 0, 0, 67.96, 419, 400, 25651.56, 68291, 65668
1695440942, 0, 22, 216, 0, 0, 26676.17, 2, 0, 0, 0.86, 427, 403, 25651.56, 68291, 65668
1695440943, 0, 22, 217, 0, 0, 26676.17, 2, 0, 0, 51.12, 438, 408, 25651.56, 68291, 65668
1695440957, 0, 22, 218, 0, 0, 26676.17, 2, 0, 0, 0.50, 443, 410, 25651.56, 68291, 65668
1695440972, 0, 23, 219, 0, 0, 26676.17, 2, 0, 0, 0.54, 445, 416, 25651.56, 68291, 65668
1695440985, 0, 23, 221, 0, 0, 26676.17, 2, 0, 0, 0.79, 449, 423, 25651.56, 68291, 65668
1695440986, 0, 23, 221, 0, 0, 26676.17, 2, 0, 0, 39.22, 453, 431, 25651.56, 68291, 65668
1695440999, 0, 23, 222, 0, 0, 26676.17, 2, 0, 0, 0.45, 456, 434, 25651.56, 68291, 65668
1695440999, 0, 24, 222, 0, 0, 26676.17, 2, 0, 0, 38.96, 460, 442, 25651.56, 68291, 65668
1695441013, 0, 24, 223, 0, 0, 26676.17, 2, 0, 0, 0.83, 463, 450, 25651.56, 68291, 65668
1695441013, 0, 24, 223, 0, 0, 26676.17, 2, 0, 0, 44.87, 467, 460, 25651.56, 68291, 65668
1695441026, 0, 24, 223, 0, 0, 26676.17, 2, 0, 0, 0.08, 468, 460, 25651.56, 68291, 65668
1695441040, 0, 24, 224, 0, 0, 26676.17, 2, 0, 0, 0.43, 470, 464, 25651.56, 68291, 65668
1695441040, 0, 24, 224, 0, 0, 26676.17, 2, 0, 0, 42.76, 477, 470, 25651.56, 68291, 65668
1695441040, 0, 25, 224, 0, 0, 26676.17, 2, 0, 0, 29.13, 481, 475, 25651.56, 68291, 65668
1695441054, 0, 25, 225, 0, 0, 26676.17, 2, 0, 0, 0.81, 485, 482, 25651.56, 68291, 65668
1695441070, 0, 25, 226, 0, 0, 26676.17, 2, 0, 0, 0.26, 486, 485, 25651.56, 68291, 65668
1695441070, 0, 25, 226, 0, 0, 26676.17, 2, 0, 0, 34.38, 490, 492, 25651.56, 68291, 65668
1695441084, 0, 25, 227, 0, 0, 26676.17, 2, 0, 0, 0.35, 492, 495, 25651.56, 68291, 65668
1695441141, 0, 25, 228, 0, 0, 26676.17, 2, 0, 0, 0.11, 494, 499, 25651.56, 68291, 65668
1695441141, 0, 26, 228, 0, 0, 26676.17, 2, 0, 0, 54.14, 507, 503, 25651.56, 68291, 65668
1695441154, 0, 26, 229, 0, 0, 26676.56, 2, 0, 0, 0.39, 509, 506, 25651.95, 68292, 65669
1695441155, 0, 26, 230, 0, 0, 26676.56, 2, 0, 0, 50.00, 525, 507, 25651.95, 68292, 65669
1695441169, 0, 28, 231, 0, 0, 26676.56, 2, 0, 0, 0.35, 526, 511, 25651.95, 68292, 65669
1695441184, 0, 28, 232, 0, 0, 26676.56, 2, 0, 0, 0.07, 527, 511, 25651.95, 68292, 65669
1695441198, 0, 28, 233, 0, 0, 26676.56, 2, 0, 0, 0.07, 528, 511, 25651.95, 68292, 65669
1695441212, 0, 28, 234, 0, 0, 26676.56, 2, 0, 0, 0.07, 529, 511, 25651.95, 68292, 65669
1695441236, 0, 28, 235, 0, 0, 26676.56, 2, 0, 0, 0.04, 530, 511, 25651.95, 68292, 65669
1695441250, 0, 28, 235, 0, 0, 26676.56, 2, 0, 0, 0.07, 531, 511, 25651.95, 68292, 65669
1695441264, 0, 28, 236, 0, 0, 26676.56, 2, 0, 0, 0.07, 532, 511, 25651.95, 68292, 65669
1695441278, 0, 28, 237, 0, 0, 26676.56, 2, 0, 0, 0.07, 533, 511, 25651.95, 68292, 65669
1695441291, 0, 28, 238, 0, 0, 26676.56, 2, 0, 0, 0.08, 534, 511, 25651.95, 68292, 65669
1695441305, 0, 28, 238, 0, 0, 26676.56, 2, 0, 0, 0.07, 535, 511, 25651.95, 68292, 65669
1695441318, 0, 28, 238, 0, 0, 26676.56, 2, 0, 0, 0.07, 536, 511, 25651.95, 68292, 65669
1695441332, 0, 28, 238, 0, 0, 26676.56, 2, 0, 0, 0.07, 537, 511, 25651.95, 68292, 65669
1695441354, 0, 28, 239, 0, 0, 26676.56, 2, 0, 0, 0.05, 538, 511, 25651.95, 68292, 65669
1695441368, 0, 28, 240, 0, 0, 26676.56, 2, 0, 0, 0.07, 539, 511, 25651.95, 68292, 65669
1695441383, 0, 28, 241, 0, 0, 26677.34, 2, 0, 0, 0.07, 540, 511, 25652.73, 68294, 65671
1695441397, 0, 28, 242, 0, 0, 26677.34, 2, 0, 0, 0.07, 541, 511, 25652.73, 68294, 65671
1695441411, 0, 28, 243, 0, 0, 26677.34, 2, 0, 0, 0.07, 542, 511, 25652.73, 68294, 65671
1695441425, 0, 28, 243, 0, 0, 26677.34, 2, 0, 0, 0.07, 543, 511, 25652.73, 68294, 65671
1695441439, 0, 28, 244, 0, 0, 26678.13, 2, 0, 0, 0.07, 544, 511, 25653.52, 68296, 65673
1695441455, 0, 28, 245, 0, 0, 26685.94, 2, 0, 0, 0.07, 545, 511, 25661.33, 68316, 65693
1695441477, 0, 28, 246, 0, 0, 26685.94, 2, 0, 0, 0.04, 546, 511, 25661.33, 68316, 65693
1695441492, 0, 28, 247, 0, 0, 26685.94, 2, 0, 0, 0.07, 547, 511, 25661.33, 68316, 65693
1695441506, 0, 28, 248, 0, 0, 26685.94, 2, 0, 0, 0.07, 548, 511, 25661.33, 68316, 65693
1695441520, 0, 28, 249, 0, 0, 26685.94, 2, 0, 0, 0.07, 549, 511, 25661.33, 68316, 65693
1695441533, 0, 28, 249, 0, 0, 26685.94, 2, 0, 0, 0.08, 550, 511, 25661.33, 68316, 65693
1695441547, 0, 28, 250, 0, 0, 26685.94, 2, 0, 0, 0.07, 551, 511, 25661.33, 68316, 65693
1695441561, 0, 28, 251, 0, 0, 26685.94, 2, 0, 0, 0.07, 552, 511, 25661.33, 68316, 65693
1695441575, 0, 28, 252, 0, 0, 26685.94, 2, 0, 0, 0.07, 553, 511, 25661.33, 68316, 65693
1695441588, 0, 28, 253, 0, 0, 26685.94, 2, 0, 0, 0.08, 554, 511, 25661.33, 68316, 65693
1695441603, 0, 28, 254, 0, 0, 26687.50, 2, 0, 0, 0.07, 555, 511, 25662.89, 68320, 65697
1695441618, 0, 28, 255, 0, 0, 26687.50, 2, 0, 0, 0.06, 556, 511, 25662.89, 68320, 65697
1695441634, 0, 28, 256, 0, 0, 26687.50, 2, 0, 0, 0.06, 557, 511, 25662.89, 68320, 65697
1695441648, 0, 28, 257, 0, 0, 26687.50, 2, 0, 0, 0.07, 558, 511, 25662.89, 68320, 65697
1695441662, 0, 28, 258, 0, 0, 26687.50, 2, 0, 0, 0.07, 559, 511, 25662.89, 68320, 65697
1695441676, 0, 28, 259, 0, 0, 26687.50, 2, 0, 0, 0.07, 560, 511, 25662.89, 68320, 65697
1695441690, 0, 28, 260, 0, 0, 26687.50, 2, 0, 0, 0.07, 561, 511, 25662.89, 68320, 65697
1695441704, 0, 28, 261, 0, 0, 26687.50, 2, 0, 0, 0.07, 562, 511, 25662.89, 68320, 65697
1695441720, 0, 28, 261, 0, 0, 26687.50, 2, 0, 0, 0.06, 563, 511, 25662.89, 68320, 65697
1695441734, 0, 28, 261, 0, 0, 26687.50, 2, 0, 0, 0.07, 564, 511, 25662.89, 68320, 65697
1695441748, 0, 28, 262, 0, 0, 26687.50, 2, 0, 0, 0.07, 565, 511, 25662.89, 68320, 65697
1695441762, 0, 28, 263, 0, 0, 26687.50, 2, 0, 0, 0.07, 566, 511, 25662.89, 68320, 65697
1695441785, 0, 28, 264, 0, 0, 28150.00, 2, 0, 0, 0.04, 567, 511, 27160.16, 72064, 69530
1695441804, 0, 28, 265, 0, 0, 28248.05, 2, 0, 0, 0.05, 568, 511, 27258.20, 72315, 69781
1695441818, 0, 28, 266, 0, 0, 28248.05, 2, 0, 0, 0.07, 569, 511, 27258.20, 72315, 69781
1695441831, 0, 28, 267, 0, 0, 28248.05, 2, 0, 0, 0.07, 570, 511, 27258.20, 72315, 69781
1695441845, 0, 28, 268, 0, 0, 28248.05, 2, 0, 0, 0.07, 571, 511, 27258.20, 72315, 69781
1695441859, 0, 28, 269, 0, 0, 28248.05, 2, 0, 0, 0.07, 572, 511, 27258.20, 72315, 69781
1695441873, 0, 28, 270, 0, 0, 28248.05, 2, 0, 0, 0.07, 573, 511, 27258.20, 72315, 69781
1695441887, 0, 28, 270, 0, 0, 28248.05, 2, 0, 0, 0.07, 574, 511, 27258.20, 72315, 69781
1695441900, 0, 28, 271, 0, 0, 28248.05, 2, 0, 0, 0.07, 575, 511, 27258.20, 72315, 69781
1695441914, 0, 28, 272, 0, 0, 28248.05, 2, 0, 0, 0.07, 576, 511, 27258.20, 72315, 69781
1695441927, 0, 28, 273, 0, 0, 28248.05, 2, 0, 0, 0.08, 577, 511, 27258.20, 72315, 69781
1695441950, 0, 28, 274, 0, 0, 29497.66, 2, 0, 0, 0.04, 578, 511, 28507.81, 75514, 72980
1695441963, 0, 28, 275, 0, 0, 29594.14, 2, 0, 0, 0.07, 579, 511, 28604.30, 75761, 73227
1695441986, 0, 28, 276, 0, 0, 31075.78, 2, 0, 0, 0.04, 580, 511, 30085.94, 79554, 77020
1695442010, 0, 28, 277, 0, 0, 32445.70, 2, 0, 0, 0.04, 581, 511, 31455.86, 83061, 80527
1695442043, 0, 28, 278, 0, 0, 33780.08, 2, 0, 0, 0.03, 582, 511, 32790.23, 86477, 83943
