# unix_time, cycles_done, cur_path, paths_total, pending_total, pending_favs, map_size, unique_crashes, unique_hangs, max_depth, execs_per_sec, valid_inputs, invalid_inputs, valid_cov, all_covered_probes, valid_covered_probes
1695414580, 0, 0, 1, 0, 0, 4446.88, 0, 0, 0, 0.49, 0, 1, 0.00, 11384, 0
1695414581, 0, 0, 3, 0, 0, 4846.09, 0, 0, 0, 5.12, 1, 2, 2773.83, 12406, 7101
1695414581, 0, 0, 9, 0, 0, 5011.72, 0, 0, 0, 18.37, 4, 6, 2891.80, 12830, 7403
1695414581, 0, 0, 13, 0, 0, 5082.81, 0, 0, 0, 36.54, 9, 12, 2892.97, 13012, 7406
1695414605, 0, 0, 14, 0, 0, 24991.02, 0, 0, 0, 0.04, 10, 12, 23960.94, 63977, 61340
1695414618, 0, 0, 14, 0, 0, 24991.02, 1, 0, 0, 0.08, 10, 13, 23960.94, 63977, 61340
1695414630, 0, 0, 17, 0, 0, 25641.80, 1, 0, 0, 0.34, 13, 14, 24623.05, 65643, 63035
1695414644, 0, 0, 18, 0, 0, 25667.58, 1, 0, 0, 0.07, 14, 14, 24648.83, 65709, 63101
1695414656, 0, 0, 20, 0, 0, 25948.83, 1, 0, 0, 0.17, 16, 14, 24941.41, 66429, 63850
1695414667, 0, 0, 22, 0, 0, 26317.97, 1, 0, 0, 0.18, 17, 15, 25304.30, 67374, 64779
1695414680, 0, 0, 28, 0, 0, 26328.91, 1, 0, 0, 1.46, 25, 25, 25307.42, 67402, 64787
1695414691, 0, 0, 29, 0, 0, 26329.30, 1, 0, 0, 0.17, 26, 26, 25307.81, 67403, 64788
1695414708, 0, 0, 30, 0, 0, 26353.13, 1, 0, 0, 0.24, 29, 27, 25331.64, 67464, 64849
1695414721, 0, 0, 32, 0, 0, 26371.09, 1, 0, 0, 0.40, 33, 28, 25349.61, 67510, 64895
1695414733, 0, 0, 34, 0, 0, 26373.44, 1, 0, 0, 0.73, 38, 32, 25351.56, 67516, 64900
1695414747, 0, 0, 35, 0, 0, 26380.86, 1, 0, 0, 0.14, 39, 33, 25358.98, 67535, 64919
1695414766, 0, 0, 36, 0, 0, 26435.94, 1, 0, 0, 0.11, 41, 33, 25414.06, 67676, 65060
1695414778, 0, 0, 37, 0, 0, 26441.80, 1, 0, 0, 0.65, 47, 35, 25420.31, 67691, 65076
1695414790, 0, 0, 37, 0, 0, 26441.80, 1, 0, 0, 0.25, 50, 35, 25420.31, 67691, 65076
1695414801, 0, 0, 37, 0, 0, 26441.80, 1, 0, 0, 0.89, 55, 40, 25420.31, 67691, 65076
1695414813, 0, 0, 38, 0, 0, 26451.17, 1, 0, 0, 0.08, 56, 40, 25429.69, 67715, 65100
1695414824, 0, 0, 41, 0, 0, 26454.69, 1, 0, 0, 1.09, 61, 47, 25430.47, 67724, 65102
1695414835, 0, 0, 41, 0, 0, 26454.69, 1, 0, 0, 0.71, 66, 50, 25430.47, 67724, 65102
1695414852, 0, 0, 42, 0, 0, 26458.98, 1, 0, 0, 0.42, 71, 52, 25434.77, 67735, 65113
1695414863, 0, 0, 42, 0, 0, 26458.98, 1, 0, 0, 0.72, 77, 54, 25434.77, 67735, 65113
1695414874, 0, 0, 43, 0, 0, 26469.92, 1, 0, 0, 0.09, 78, 54, 25445.70, 67763, 65141
1695414886, 0, 0, 43, 0, 0, 26469.92, 1, 0, 0, 0.18, 79, 55, 25445.70, 67763, 65141
1695414912, 0, 0, 44, 0, 0, 26474.61, 1, 0, 0, 0.04, 80, 55, 25450.39, 67775, 65153
1695414912, 0, 0, 44, 0, 0, 26474.61, 1, 0, 0, 29.70, 86, 58, 25450.39, 67775, 65153
1695414925, 0, 0, 45, 0, 0, 26492.58, 1, 0, 0, 0.08, 87, 58, 25468.36, 67821, 65199
1695414936, 0, 0, 45, 0, 0, 26492.58, 1, 0, 0, 0.60, 91, 61, 25468.36, 67821, 65199
1695415003, 0, 0, 46, 0, 0, 26498.44, 1, 0, 0, 0.11, 97, 62, 25474.22, 67836, 65214
1695415017, 0, 0, 47, 0, 0, 26499.61, 1, 0, 0, 0.29, 99, 64, 25475.39, 67839, 65217
1695415029, 0, 0, 49, 0, 0, 26506.64, 1, 0, 0, 0.80, 108, 65, 25482.42, 67857, 65235
1695415041, 0, 0, 49, 0, 0, 26506.64, 1, 0, 0, 0.50, 111, 68, 25482.42, 67857, 65235
1695415053, 0, 0, 49, 0, 0, 26506.64, 1, 0, 0, 0.08, 112, 68, 25482.42, 67857, 65235
1695415066, 0, 0, 50, 0, 0, 26507.42, 1, 0, 0, 0.08, 113, 68, 25483.20, 67859, 65237
1695415078, 0, 0, 50, 0, 0, 26507.42, 1, 0, 0, 0.49, 117, 70, 25483.20, 67859, 65237
1695415105, 0, 0, 50, 0, 0, 26507.42, 1, 0, 0, 0.26, 120, 74, 25483.20, 67859, 65237
1695415117, 0, 0, 50, 0, 0, 26507.42, 1, 0, 0, 0.09, 121, 74, 25483.20, 67859, 65237
1695415149, 0, 0, 50, 0, 0, 26507.42, 1, 0, 0, 0.24, 125, 78, 25483.20, 67859, 65237
1695415161, 0, 0, 50, 0, 0, 26507.42, 1, 0, 0, 0.43, 128, 80, 25483.20, 67859, 65237
1695415175, 0, 0, 50, 0, 0, 26507.42, 1, 0, 0, 0.42, 133, 81, 25483.20, 67859, 65237
1695415188, 0, 0, 50, 0, 0, 26507.42, 1, 0, 0, 1.29, 147, 83, 25483.20, 67859, 65237
1695415198, 0, 0, 50, 0, 0, 26507.42, 1, 0, 0, 2.48, 162, 94, 25483.20, 67859, 65237
1695415210, 0, 0, 50, 0, 0, 26507.42, 1, 0, 0, 1.52, 171, 103, 25483.20, 67859, 65237
1695415223, 0, 0, 50, 0, 0, 26507.42, 1, 0, 0, 1.09, 179, 109, 25483.20, 67859, 65237
1695415234, 0, 0, 50, 0, 0, 26507.42, 1, 0, 0, 0.17, 180, 110, 25483.20, 67859, 65237
1695415286, 0, 0, 50, 0, 0, 26507.42, 1, 0, 0, 0.08, 184, 110, 25483.20, 67859, 65237
1695415297, 0, 0, 50, 0, 0, 26507.42, 1, 0, 0, 0.18, 186, 110, 25483.20, 67859, 65237
1695415316, 0, 0, 50, 0, 0, 26507.42, 1, 0, 0, 0.59, 189, 118, 25483.20, 67859, 65237
1695415329, 0, 0, 51, 0, 0, 26508.20, 1, 0, 0, 0.59, 192, 123, 25483.98, 67861, 65239
1695415344, 0, 0, 51, 0, 0, 26508.20, 1, 0, 0, 0.73, 199, 127, 25483.98, 67861, 65239
1695415356, 0, 0, 52, 0, 0, 26508.59, 1, 0, 0, 0.16, 201, 127, 25484.38, 67862, 65240
1695415369, 0, 0, 52, 0, 0, 26508.59, 1, 0, 0, 0.15, 203, 127, 25484.38, 67862, 65240
1695415382, 0, 0, 53, 0, 0, 26510.16, 1, 0, 0, 0.16, 205, 127, 25485.94, 67866, 65244
1695415394, 0, 0, 53, 0, 0, 26510.16, 1, 0, 0, 0.23, 206, 129, 25485.94, 67866, 65244
1695415407, 0, 0, 53, 0, 0, 26510.16, 1, 0, 0, 0.57, 211, 131, 25485.94, 67866, 65244
1695415417, 0, 0, 53, 0, 0, 26510.16, 1, 0, 0, 0.84, 217, 134, 25485.94, 67866, 65244
1695415434, 0, 0, 53, 0, 0, 26510.16, 1, 0, 0, 0.24, 218, 137, 25485.94, 67866, 65244
1695415446, 0, 0, 53, 0, 0, 26510.16, 1, 0, 0, 0.41, 221, 139, 25485.94, 67866, 65244
1695415458, 0, 0, 54, 0, 0, 26510.55, 1, 0, 0, 0.25, 222, 141, 25486.33, 67867, 65245
1695415471, 0, 0, 55, 0, 0, 26512.50, 1, 0, 0, 0.08, 223, 141, 25488.28, 67872, 65250
1695415483, 0, 0, 55, 0, 0, 26512.50, 1, 0, 0, 0.52, 225, 145, 25488.28, 67872, 65250
1695415494, 0, 0, 55, 0, 0, 26512.50, 1, 0, 0, 0.73, 231, 147, 25488.28, 67872, 65250
1695415505, 0, 0, 56, 0, 0, 26512.89, 1, 0, 0, 0.18, 233, 147, 25488.67, 67873, 65251
1695415517, 0, 0, 56, 0, 0, 26512.89, 1, 0, 0, 0.09, 234, 147, 25488.67, 67873, 65251
1695415529, 0, 0, 56, 0, 0, 26512.89, 1, 0, 0, 0.66, 240, 149, 25488.67, 67873, 65251
1695415541, 0, 0, 56, 0, 0, 26512.89, 1, 0, 0, 0.55, 244, 152, 25488.67, 67873, 65251
1695415554, 0, 0, 56, 0, 0, 26512.89, 1, 0, 0, 0.72, 251, 154, 25488.67, 67873, 65251
1695415554, 0, 0, 56, 0, 0, 26512.89, 1, 0, 0, 65.79, 265, 160, 25488.67, 67873, 65251
1695415569, 0, 0, 56, 0, 0, 26512.89, 1, 0, 0, 0.07, 266, 160, 25488.67, 67873, 65251
1695415582, 0, 0, 56, 0, 0, 26512.89, 1, 0, 0, 0.08, 267, 160, 25488.67, 67873, 65251
1695415597, 0, 0, 56, 0, 0, 26512.89, 1, 0, 0, 0.40, 271, 162, 25488.67, 67873, 65251
1695415610, 0, 0, 56, 0, 0, 26512.89, 1, 0, 0, 0.38, 274, 164, 25488.67, 67873, 65251
1695415625, 0, 0, 56, 0, 0, 26512.89, 1, 0, 0, 0.45, 277, 168, 25488.67, 67873, 65251
1695415689, 0, 0, 56, 0, 0, 26512.89, 1, 0, 0, 0.02, 278, 168, 25488.67, 67873, 65251
1695415700, 0, 0, 56, 0, 0, 26512.89, 1, 0, 0, 0.09, 279, 168, 25488.67, 67873, 65251
1695415712, 0, 0, 56, 0, 0, 26512.89, 1, 0, 0, 0.08, 280, 168, 25488.67, 67873, 65251
1695415724, 0, 0, 56, 0, 0, 26512.89, 1, 0, 0, 0.18, 281, 169, 25488.67, 67873, 65251
1695415738, 0, 0, 57, 0, 0, 26513.28, 1, 0, 0, 0.85, 288, 174, 25489.06, 67874, 65252
1695415750, 0, 0, 57, 0, 0, 26513.28, 1, 0, 0, 0.75, 294, 177, 25489.06, 67874, 65252
1695415762, 0, 0, 57, 0, 0, 26513.28, 1, 0, 0, 0.48, 297, 180, 25489.06, 67874, 65252
1695415763, 0, 0, 57, 0, 0, 26513.28, 1, 0, 0, 44.87, 305, 186, 25489.06, 67874, 65252
1695415775, 0, 0, 58, 0, 0, 26514.45, 1, 0, 0, 0.08, 306, 186, 25490.23, 67877, 65255
1695415776, 0, 0, 58, 0, 0, 26514.45, 1, 0, 0, 36.46, 316, 190, 25490.23, 67877, 65255
1695415789, 0, 0, 58, 0, 0, 26514.45, 1, 0, 0, 0.08, 317, 190, 25490.23, 67877, 65255
1695415789, 0, 0, 58, 0, 0, 26514.45, 1, 0, 0, 55.73, 326, 199, 25490.23, 67877, 65255
1695415802, 0, 0, 58, 0, 0, 26514.45, 1, 0, 0, 0.22, 329, 199, 25490.23, 67877, 65255
1695415815, 0, 0, 59, 0, 0, 26514.84, 1, 0, 0, 0.62, 333, 203, 25490.63, 67878, 65256
1695415830, 0, 0, 59, 0, 0, 26514.84, 1, 0, 0, 0.07, 334, 203, 25490.63, 67878, 65256
1695415843, 0, 0, 59, 0, 0, 26514.84, 1, 0, 0, 0.08, 335, 203, 25490.63, 67878, 65256
1695415855, 0, 0, 59, 0, 0, 26514.84, 1, 0, 0, 0.17, 336, 204, 25490.63, 67878, 65256
1695415866, 0, 0, 59, 0, 0, 26514.84, 1, 0, 0, 0.26, 338, 205, 25490.63, 67878, 65256
1695415878, 0, 0, 59, 0, 0, 26514.84, 1, 0, 0, 0.99, 347, 207, 25490.63, 67878, 65256
1695415889, 0, 0, 59, 0, 0, 26514.84, 1, 0, 0, 1.27, 352, 217, 25490.63, 67878, 65256
1695415901, 0, 0, 59, 0, 0, 26514.84, 1, 0, 0, 0.34, 353, 220, 25490.63, 67878, 65256
1695415902, 0, 0, 59, 0, 0, 26514.84, 1, 0, 0, 51.78, 362, 227, 25490.63, 67878, 65256
1695415919, 0, 0, 60, 0, 0, 26516.41, 1, 0, 0, 0.35, 365, 230, 25492.19, 67882, 65260
1695415931, 0, 0, 60, 0, 0, 26516.41, 1, 0, 0, 0.17, 367, 230, 25492.19, 67882, 65260
1695415931, 0, 0, 60, 0, 0, 26516.41, 1, 0, 0, 42.21, 375, 235, 25492.19, 67882, 65260
1695415944, 0, 0, 60, 0, 0, 26516.41, 1, 0, 0, 1.00, 385, 238, 25492.19, 67882, 65260
1695415956, 0, 0, 60, 0, 0, 26516.41, 1, 0, 0, 0.17, 387, 238, 25492.19, 67882, 65260
1695415968, 0, 0, 60, 0, 0, 26516.41, 1, 0, 0, 0.08, 388, 238, 25492.19, 67882, 65260
1695415980, 0, 0, 60, 0, 0, 26516.41, 1, 0, 0, 0.08, 389, 238, 25492.19, 67882, 65260
1695415993, 0, 0, 60, 0, 0, 26516.41, 1, 0, 0, 0.31, 393, 238, 25492.19, 67882, 65260
1695416009, 0, 0, 60, 0, 0, 26516.41, 1, 0, 0, 0.52, 398, 241, 25492.19, 67882, 65260
1695416025, 0, 0, 60, 0, 0, 26516.41, 1, 0, 0, 0.76, 403, 248, 25492.19, 67882, 65260
1695416025, 0, 0, 60, 0, 0, 26516.41, 1, 0, 0, 33.80, 411, 252, 25492.19, 67882, 65260
1695416036, 0, 0, 60, 0, 0, 26516.41, 1, 0, 0, 0.79, 415, 257, 25492.19, 67882, 65260
1695416052, 0, 0, 60, 0, 0, 26516.41, 1, 0, 0, 0.33, 420, 257, 25492.19, 67882, 65260
1695416063, 0, 0, 60, 0, 0, 26516.41, 1, 0, 0, 0.17, 422, 257, 25492.19, 67882, 65260
1695416074, 0, 0, 60, 0, 0, 26516.41, 2, 0, 0, 0.72, 427, 260, 25492.19, 67882, 65260
1695416086, 0, 0, 60, 0, 0, 26516.41, 2, 0, 0, 0.17, 429, 260, 25492.19, 67882, 65260
1695416099, 0, 0, 60, 0, 0, 26516.41, 2, 0, 0, 0.39, 432, 262, 25492.19, 67882, 65260
1695416112, 0, 0, 60, 0, 0, 26516.41, 2, 0, 0, 0.15, 433, 263, 25492.19, 67882, 65260
1695416112, 0, 0, 60, 0, 0, 26516.41, 2, 0, 0, 51.45, 443, 269, 25492.19, 67882, 65260
1695416125, 0, 0, 60, 0, 0, 26516.41, 2, 0, 0, 0.08, 444, 269, 25492.19, 67882, 65260
1695416139, 0, 0, 61, 0, 0, 26522.66, 2, 0, 0, 0.76, 449, 275, 25498.44, 67898, 65276
1695416140, 0, 0, 61, 0, 0, 26522.66, 2, 0, 0, 8.03, 452, 276, 25498.44, 67898, 65276
1695416154, 0, 0, 61, 0, 0, 26522.66, 2, 0, 0, 0.07, 453, 276, 25498.44, 67898, 65276
1695416173, 0, 0, 61, 0, 0, 26522.66, 2, 0, 0, 0.52, 461, 278, 25498.44, 67898, 65276
1695416187, 0, 0, 61, 0, 0, 26522.66, 2, 0, 0, 0.43, 465, 280, 25498.44, 67898, 65276
1695416199, 0, 0, 61, 0, 0, 26522.66, 2, 0, 0, 0.26, 467, 281, 25498.44, 67898, 65276
1695416212, 0, 0, 61, 0, 0, 26522.66, 2, 0, 0, 0.08, 468, 281, 25498.44, 67898, 65276
1695416223, 0, 0, 61, 0, 0, 26522.66, 2, 0, 0, 0.67, 473, 284, 25498.44, 67898, 65276
1695416236, 0, 0, 61, 0, 0, 26522.66, 2, 0, 0, 1.13, 482, 289, 25498.44, 67898, 65276
1695416236, 0, 0, 61, 0, 0, 26522.66, 2, 0, 0, 30.90, 489, 293, 25498.44, 67898, 65276
1695416248, 0, 0, 61, 0, 0, 26522.66, 2, 0, 0, 0.26, 492, 293, 25498.44, 67898, 65276
1695416260, 0, 0, 61, 0, 0, 26522.66, 2, 0, 0, 0.90, 499, 297, 25498.44, 67898, 65276
1695416272, 0, 0, 61, 0, 0, 26522.66, 3, 0, 0, 0.25, 501, 298, 25498.44, 67898, 65276
1695416285, 0, 0, 61, 0, 0, 26522.66, 3, 0, 0, 0.08, 502, 298, 25498.44, 67898, 65276
1695416301, 0, 0, 61, 0, 0, 26522.66, 3, 0, 0, 0.12, 503, 299, 25498.44, 67898, 65276
1695416313, 0, 0, 61, 0, 0, 26522.66, 3, 0, 0, 0.51, 508, 300, 25498.44, 67898, 65276
1695416313, 0, 0, 61, 0, 0, 26522.66, 3, 0, 0, 30.47, 515, 304, 25498.44, 67898, 65276
1695416325, 0, 0, 61, 0, 0, 26522.66, 3, 0, 0, 0.18, 516, 305, 25498.44, 67898, 65276
1695416336, 0, 0, 61, 0, 0, 26522.66, 3, 0, 0, 0.35, 518, 307, 25498.44, 67898, 65276
1695416349, 0, 0, 61, 0, 0, 26522.66, 3, 0, 0, 0.87, 525, 311, 25498.44, 67898, 65276
1695416361, 0, 0, 61, 0, 0, 26522.66, 3, 0, 0, 0.32, 527, 313, 25498.44, 67898, 65276
1695416361, 0, 0, 61, 0, 0, 26522.66, 3, 0, 0, 20.59, 532, 315, 25498.44, 67898, 65276
1695416374, 0, 0, 61, 0, 0, 26522.66, 3, 0, 0, 0.32, 535, 316, 25498.44, 67898, 65276
1695416385, 0, 0, 61, 0, 0, 26522.66, 3, 0, 0, 0.70, 541, 318, 25498.44, 67898, 65276
1695416397, 0, 0, 61, 0, 0, 26522.66, 3, 0, 0, 0.08, 542, 318, 25498.44, 67898, 65276
1695416409, 0, 0, 61, 0, 0, 26522.66, 3, 0, 0, 0.08, 542, 319, 25498.44, 67898, 65276
1695416421, 0, 0, 61, 0, 0, 26522.66, 3, 0, 0, 0.25, 544, 320, 25498.44, 67898, 65276
1695416421, 0, 0, 61, 0, 0, 26522.66, 3, 0, 0, 37.97, 553, 323, 25498.44, 67898, 65276
1695416422, 0, 0, 61, 0, 0, 26522.66, 3, 0, 0, 16.18, 557, 324, 25498.44, 67898, 65276
1695416422, 0, 0, 61, 0, 0, 26522.66, 3, 0, 0, 29.41, 564, 326, 25498.44, 67898, 65276
1695416434, 0, 0, 61, 0, 0, 26522.66, 3, 0, 0, 0.69, 568, 330, 25498.44, 67898, 65276
1695416434, 0, 0, 61, 0, 0, 26522.66, 3, 0, 0, 21.45, 572, 334, 25498.44, 67898, 65276
1695416446, 0, 0, 61, 0, 0, 26522.66, 3, 0, 0, 0.08, 573, 334, 25498.44, 67898, 65276
1695416458, 0, 0, 61, 0, 0, 26522.66, 3, 0, 0, 0.35, 575, 336, 25498.44, 67898, 65276
1695416471, 0, 0, 61, 0, 0, 26522.66, 3, 0, 0, 0.31, 578, 337, 25498.44, 67898, 65276
1695416471, 0, 0, 61, 0, 0, 26522.66, 3, 0, 0, 28.48, 583, 341, 25498.44, 67898, 65276
1695416482, 0, 0, 61, 0, 0, 26522.66, 3, 0, 0, 0.61, 589, 342, 25498.44, 67898, 65276
1695416494, 0, 0, 61, 0, 0, 26522.66, 3, 0, 0, 0.59, 591, 347, 25498.44, 67898, 65276
1695416505, 0, 0, 61, 0, 0, 26522.66, 3, 0, 0, 0.09, 591, 348, 25498.44, 67898, 65276
1695416517, 0, 0, 61, 0, 0, 26522.66, 3, 0, 0, 0.50, 593, 352, 25498.44, 67898, 65276
1695416562, 0, 0, 61, 0, 0, 26522.66, 3, 0, 0, 0.02, 594, 352, 25498.44, 67898, 65276
1695416579, 0, 0, 61, 0, 0, 26522.66, 3, 0, 0, 0.06, 595, 352, 25498.44, 67898, 65276
1695416591, 0, 0, 61, 0, 0, 26522.66, 3, 0, 0, 0.33, 597, 354, 25498.44, 67898, 65276
1695416620, 0, 0, 62, 0, 0, 26523.44, 3, 0, 0, 0.24, 603, 355, 25499.22, 67900, 65278
1695416632, 0, 0, 62, 0, 0, 26523.44, 3, 0, 0, 0.34, 606, 356, 25499.22, 67900, 65278
1695416654, 0, 0, 62, 0, 0, 26523.44, 3, 0, 0, 0.04, 607, 356, 25499.22, 67900, 65278
1695416655, 0, 0, 62, 0, 0, 26523.44, 3, 0, 0, 31.75, 613, 360, 25499.22, 67900, 65278
1695416655, 0, 0, 62, 0, 0, 26523.44, 3, 0, 0, 25.97, 620, 361, 25499.22, 67900, 65278
1695416667, 0, 0, 62, 0, 0, 26523.44, 3, 0, 0, 0.25, 623, 361, 25499.22, 67900, 65278
1695416667, 0, 0, 62, 0, 0, 26523.44, 3, 0, 0, 19.67, 627, 363, 25499.22, 67900, 65278
1695416668, 0, 0, 62, 0, 0, 26523.44, 3, 0, 0, 30.14, 630, 371, 25499.22, 67900, 65278
1695416668, 0, 0, 62, 0, 0, 26523.44, 3, 0, 0, 28.85, 635, 375, 25499.22, 67900, 65278
1695416680, 0, 0, 62, 0, 0, 26523.44, 3, 0, 0, 0.24, 636, 377, 25499.22, 67900, 65278
1695416692, 0, 0, 62, 0, 0, 26523.44, 3, 0, 0, 0.70, 642, 379, 25499.22, 67900, 65278
1695416692, 0, 0, 62, 0, 0, 26523.44, 3, 0, 0, 26.49, 646, 383, 25499.22, 67900, 65278
1695416706, 0, 0, 62, 0, 0, 26523.44, 3, 0, 0, 0.07, 647, 383, 25499.22, 67900, 65278
1695416718, 0, 0, 62, 0, 0, 26523.44, 3, 0, 0, 0.34, 648, 386, 25499.22, 67900, 65278
1695416718, 0, 0, 62, 0, 0, 26523.44, 3, 0, 0, 22.73, 651, 390, 25499.22, 67900, 65278
1695416749, 0, 0, 62, 0, 0, 26523.44, 3, 0, 0, 0.13, 654, 391, 25499.22, 67900, 65278
1695416761, 0, 0, 62, 0, 0, 26523.44, 3, 0, 0, 0.17, 655, 392, 25499.22, 67900, 65278
1695416761, 0, 0, 62, 0, 0, 26523.44, 3, 0, 0, 26.49, 661, 394, 25499.22, 67900, 65278
1695416780, 0, 0, 62, 0, 0, 26523.44, 3, 0, 0, 0.11, 663, 394, 25499.22, 67900, 65278
1695416793, 0, 0, 62, 0, 0, 26523.44, 3, 0, 0, 0.31, 665, 396, 25499.22, 67900, 65278
1695416807, 0, 0, 62, 0, 0, 26523.44, 3, 0, 0, 0.15, 667, 396, 25499.22, 67900, 65278
1695416819, 0, 0, 62, 0, 0, 26523.44, 3, 0, 0, 0.56, 669, 401, 25499.22, 67900, 65278
1695416819, 0, 0, 62, 0, 0, 26523.44, 3, 0, 0, 14.74, 673, 403, 25499.22, 67900, 65278
1695416832, 0, 0, 62, 0, 0, 26523.44, 3, 0, 0, 0.16, 674, 404, 25499.22, 67900, 65278
1695416844, 0, 0, 62, 0, 0, 26523.44, 3, 0, 0, 0.17, 674, 406, 25499.22, 67900, 65278
1695416856, 0, 0, 62, 0, 0, 26523.44, 3, 0, 0, 0.16, 676, 406, 25499.22, 67900, 65278
1695416869, 0, 0, 62, 0, 0, 26523.44, 3, 0, 0, 0.31, 680, 406, 25499.22, 67900, 65278
1695416882, 0, 0, 62, 0, 0, 26523.44, 3, 0, 0, 0.08, 681, 406, 25499.22, 67900, 65278
1695416895, 0, 0, 62, 0, 0, 26523.44, 3, 0, 0, 0.23, 684, 406, 25499.22, 67900, 65278
1695416895, 0, 0, 62, 0, 0, 26523.44, 3, 0, 0, 22.92, 689, 409, 25499.22, 67900, 65278
1695416929, 0, 0, 62, 0, 0, 26523.44, 3, 0, 0, 0.09, 692, 409, 25499.22, 67900, 65278
1695416943, 0, 0, 62, 0, 0, 26523.44, 3, 0, 0, 0.63, 698, 412, 25499.22, 67900, 65278
1695416959, 0, 0, 63, 0, 0, 26526.56, 3, 0, 0, 0.51, 704, 414, 25502.34, 67908, 65286
1695416959, 0, 0, 63, 0, 0, 26526.56, 3, 0, 0, 9.38, 705, 416, 25502.34, 67908, 65286
1695416972, 0, 0, 63, 0, 0, 26526.56, 3, 0, 0, 0.41, 707, 419, 25502.34, 67908, 65286
1695416972, 0, 0, 63, 0, 0, 26526.56, 3, 0, 0, 15.02, 712, 419, 25502.34, 67908, 65286
1695416985, 0, 0, 63, 0, 0, 26526.56, 3, 0, 0, 0.72, 717, 423, 25502.34, 67908, 65286
1695416996, 0, 0, 63, 0, 0, 26526.56, 3, 0, 0, 0.52, 722, 424, 25502.34, 67908, 65286
1695417011, 0, 0, 63, 0, 0, 26526.56, 3, 0, 0, 0.07, 723, 424, 25502.34, 67908, 65286
1695417011, 0, 0, 63, 0, 0, 26526.56, 3, 0, 0, 18.75, 728, 425, 25502.34, 67908, 65286
1695417024, 0, 0, 63, 0, 0, 26526.56, 3, 0, 0, 0.08, 729, 425, 25502.34, 67908, 65286
1695417035, 0, 0, 63, 0, 0, 26526.56, 3, 0, 0, 0.09, 729, 426, 25502.34, 67908, 65286
1695417049, 0, 0, 64, 0, 0, 26527.73, 3, 0, 0, 0.35, 731, 429, 25503.52, 67911, 65289
1695417049, 0, 0, 64, 0, 0, 26527.73, 3, 0, 0, 8.67, 734, 429, 25503.52, 67911, 65289
1695417050, 0, 0, 64, 0, 0, 26527.73, 3, 0, 0, 25.81, 739, 432, 25503.52, 67911, 65289
1695417062, 0, 0, 64, 0, 0, 26527.73, 3, 0, 0, 0.26, 741, 433, 25503.52, 67911, 65289
1695417062, 0, 0, 64, 0, 0, 26527.73, 3, 0, 0, 26.39, 743, 440, 25503.52, 67911, 65289
1695417074, 0, 0, 64, 0, 0, 26527.73, 3, 0, 0, 0.47, 747, 442, 25503.52, 67911, 65289
1695417087, 0, 0, 64, 0, 0, 26527.73, 3, 0, 0, 0.55, 750, 446, 25503.52, 67911, 65289
1695417099, 0, 0, 64, 0, 0, 26527.73, 3, 0, 0, 0.08, 751, 446, 25503.52, 67911, 65289
1695417111, 0, 0, 64, 0, 0, 26527.73, 3, 0, 0, 0.69, 754, 451, 25503.52, 67911, 65289
1695417125, 0, 0, 64, 0, 0, 26527.73, 3, 0, 0, 0.29, 757, 452, 25503.52, 67911, 65289
1695417125, 0, 0, 64, 0, 0, 26527.73, 3, 0, 0, 17.70, 760, 455, 25503.52, 67911, 65289
1695417137, 0, 0, 64, 0, 0, 26527.73, 3, 0, 0, 0.08, 761, 455, 25503.52, 67911, 65289
1695417150, 0, 0, 64, 0, 0, 26527.73, 3, 0, 0, 0.24, 764, 455, 25503.52, 67911, 65289
1695417150, 0, 0, 64, 0, 0, 26527.73, 3, 0, 0, 16.03, 765, 459, 25503.52, 67911, 65289
1695417151, 0, 0, 64, 0, 0, 26527.73, 3, 0, 0, 9.84, 767, 460, 25503.52, 67911, 65289
1695417163, 0, 0, 64, 0, 0, 26527.73, 3, 0, 0, 0.17, 769, 460, 25503.52, 67911, 65289
1695417176, 0, 0, 64, 0, 0, 26527.73, 3, 0, 0, 0.16, 771, 460, 25503.52, 67911, 65289
1695417176, 0, 0, 64, 0, 0, 26527.73, 3, 0, 0, 24.69, 774, 465, 25503.52, 67911, 65289
1695417189, 0, 0, 64, 0, 0, 26527.73, 3, 0, 0, 0.38, 778, 466, 25503.52, 67911, 65289
1695417203, 0, 0, 64, 0, 0, 26527.73, 3, 0, 0, 0.22, 779, 468, 25503.52, 67911, 65289
1695417203, 0, 0, 64, 0, 0, 26527.73, 3, 0, 0, 27.52, 781, 475, 25503.52, 67911, 65289
1695417204, 0, 0, 64, 0, 0, 26527.73, 3, 0, 0, 25.57, 785, 480, 25503.52, 67911, 65289
1695417216, 0, 0, 64, 0, 0, 26527.73, 3, 0, 0, 0.76, 790, 484, 25503.52, 67911, 65289
1695417229, 0, 0, 64, 0, 0, 26527.73, 3, 0, 0, 0.23, 791, 486, 25503.52, 67911, 65289
1695417241, 0, 0, 64, 0, 0, 26527.73, 3, 0, 0, 0.55, 795, 489, 25503.52, 67911, 65289
1695417256, 0, 0, 64, 0, 0, 26527.73, 3, 0, 0, 0.07, 796, 489, 25503.52, 67911, 65289
1695417256, 0, 0, 64, 0, 0, 26527.73, 3, 0, 0, 15.29, 800, 490, 25503.52, 67911, 65289
1695417256, 0, 0, 64, 0, 0, 26527.73, 3, 0, 0, 28.75, 806, 493, 25503.52, 67911, 65289
1695417269, 0, 0, 64, 0, 0, 26527.73, 3, 0, 0, 0.71, 813, 495, 25503.52, 67911, 65289
1695417281, 0, 0, 64, 0, 0, 26527.73, 3, 0, 0, 0.34, 816, 496, 25503.52, 67911, 65289
1695417281, 0, 0, 64, 0, 0, 26527.73, 3, 0, 0, 16.03, 821, 496, 25503.52, 67911, 65289
1695417296, 0, 0, 64, 0, 0, 26527.73, 3, 0, 0, 0.33, 825, 497, 25503.52, 67911, 65289
1695417309, 0, 0, 64, 0, 0, 26527.73, 3, 0, 0, 0.23, 828, 497, 25503.52, 67911, 65289
1695417323, 0, 0, 64, 0, 0, 26527.73, 3, 0, 0, 0.14, 830, 497, 25503.52, 67911, 65289
1695417323, 0, 0, 64, 0, 0, 26527.73, 3, 0, 0, 21.88, 831, 503, 25503.52, 67911, 65289
1695417324, 0, 0, 64, 0, 0, 26527.73, 3, 0, 0, 11.90, 835, 503, 25503.52, 67911, 65289
1695417324, 0, 0, 64, 0, 0, 26527.73, 3, 0, 0, 18.29, 839, 505, 25503.52, 67911, 65289
1695417324, 0, 0, 64, 0, 0, 26527.73, 3, 0, 0, 15.82, 842, 507, 25503.52, 67911, 65289
1695417325, 0, 0, 64, 0, 0, 26527.73, 3, 0, 0, 14.66, 845, 509, 25503.52, 67911, 65289
1695417337, 0, 0, 64, 0, 0, 26527.73, 3, 0, 0, 0.32, 848, 510, 25503.52, 67911, 65289
1695417350, 0, 0, 64, 0, 0, 26527.73, 3, 0, 0, 0.08, 849, 510, 25503.52, 67911, 65289
1695417400, 0, 0, 64, 0, 0, 26527.73, 3, 0, 0, 0.02, 850, 510, 25503.52, 67911, 65289
1695417414, 0, 0, 64, 0, 0, 26527.73, 3, 0, 0, 0.15, 852, 510, 25503.52, 67911, 65289
1695417414, 0, 0, 64, 0, 0, 26527.73, 3, 0, 0, 22.08, 856, 513, 25503.52, 67911, 65289
1695417427, 0, 0, 64, 0, 0, 26527.73, 3, 0, 0, 0.54, 861, 515, 25503.52, 67911, 65289
1695417439, 0, 0, 64, 0, 0, 26527.73, 3, 0, 0, 0.32, 863, 517, 25503.52, 67911, 65289
1695417452, 0, 0, 64, 0, 0, 26527.73, 3, 0, 0, 0.64, 866, 522, 25503.52, 67911, 65289
1695417466, 0, 0, 64, 0, 0, 26527.73, 3, 0, 0, 0.37, 868, 525, 25503.52, 67911, 65289
1695417478, 0, 0, 64, 0, 0, 26527.73, 3, 0, 0, 0.39, 872, 526, 25503.52, 67911, 65289
1695417479, 0, 0, 64, 0, 0, 26527.73, 3, 0, 0, 8.93, 875, 526, 25503.52, 67911, 65289
1695417493, 0, 0, 64, 0, 0, 26527.73, 3, 0, 0, 0.07, 876, 526, 25503.52, 67911, 65289
1695417505, 0, 0, 64, 0, 0, 26527.73, 3, 0, 0, 0.08, 877, 526, 25503.52, 67911, 65289
1695417506, 0, 0, 64, 0, 0, 26527.73, 3, 0, 0, 10.31, 880, 528, 25503.52, 67911, 65289
1695417506, 0, 0, 64, 0, 0, 26527.73, 3, 0, 0, 9.68, 882, 529, 25503.52, 67911, 65289
1695417520, 0, 0, 64, 0, 0, 26527.73, 3, 0, 0, 0.21, 884, 530, 25503.52, 67911, 65289
1695417521, 0, 0, 64, 0, 0, 26527.73, 3, 0, 0, 20.30, 891, 531, 25503.52, 67911, 65289
1695417534, 0, 0, 64, 0, 0, 26527.73, 3, 0, 0, 0.23, 893, 532, 25503.52, 67911, 65289
1695417534, 0, 0, 64, 0, 0, 26527.73, 3, 0, 0, 15.63, 894, 536, 25503.52, 67911, 65289
1695417547, 0, 0, 64, 0, 0, 26527.73, 3, 0, 0, 0.23, 895, 538, 25503.52, 67911, 65289
1695417547, 0, 0, 64, 0, 0, 26527.73, 3, 0, 0, 6.10, 897, 538, 25503.52, 67911, 65289
1695417560, 0, 0, 64, 0, 0, 26527.73, 3, 0, 0, 0.33, 899, 540, 25503.52, 67911, 65289
1695417560, 0, 0, 64, 0, 0, 26527.73, 3, 0, 0, 19.83, 901, 545, 25503.52, 67911, 65289
1695417560, 0, 0, 64, 0, 0, 26527.73, 3, 0, 0, 20.23, 906, 547, 25503.52, 67911, 65289
1695417574, 0, 0, 64, 0, 0, 26527.73, 3, 0, 0, 0.45, 909, 550, 25503.52, 67911, 65289
1695417574, 0, 0, 64, 0, 0, 26527.73, 3, 0, 0, 18.87, 914, 551, 25503.52, 67911, 65289
1695417574, 0, 0, 64, 0, 0, 26527.73, 3, 0, 0, 19.11, 919, 552, 25503.52, 67911, 65289
1695417586, 0, 0, 64, 0, 0, 26527.73, 3, 0, 0, 0.17, 921, 552, 25503.52, 67911, 65289
1695417586, 0, 0, 64, 0, 0, 26527.73, 3, 0, 0, 24.54, 925, 556, 25503.52, 67911, 65289
1695417587, 0, 0, 64, 0, 0, 26527.73, 3, 0, 0, 18.02, 927, 560, 25503.52, 67911, 65289
1695417587, 0, 0, 64, 0, 0, 26527.73, 3, 0, 0, 19.61, 931, 564, 25503.52, 67911, 65289
1695417599, 0, 0, 65, 0, 0, 26631.25, 3, 0, 0, 0.49, 934, 567, 25607.03, 68176, 65554
1695417600, 0, 0, 65, 0, 0, 26631.25, 3, 0, 0, 14.66, 937, 569, 25607.03, 68176, 65554
1695417612, 0, 0, 65, 0, 0, 26631.25, 3, 0, 0, 0.24, 940, 569, 25607.03, 68176, 65554
1695417613, 0, 0, 65, 0, 0, 26631.25, 3, 0, 0, 17.54, 944, 571, 25607.03, 68176, 65554
1695417625, 0, 0, 65, 0, 0, 26631.25, 3, 0, 0, 0.57, 949, 573, 25607.03, 68176, 65554
1695417625, 0, 0, 65, 0, 0, 26631.25, 3, 0, 0, 21.15, 956, 573, 25607.03, 68176, 65554
1695417626, 0, 0, 65, 0, 0, 26631.25, 3, 0, 0, 12.32, 961, 573, 25607.03, 68176, 65554
1695417626, 0, 0, 65, 0, 0, 26631.25, 3, 0, 0, 7.46, 963, 574, 25607.03, 68176, 65554
1695417643, 0, 0, 66, 0, 0, 26632.03, 3, 0, 0, 0.35, 968, 575, 25607.81, 68178, 65556
1695417643, 0, 0, 66, 0, 0, 26632.03, 3, 0, 0, 9.90, 969, 577, 25607.81, 68178, 65556
1695417644, 0, 0, 66, 0, 0, 26632.03, 3, 0, 0, 15.72, 973, 578, 25607.81, 68178, 65556
1695417644, 0, 0, 66, 0, 0, 26632.03, 3, 0, 0, 12.56, 977, 579, 25607.81, 68178, 65556
1695417644, 0, 0, 66, 0, 0, 26632.03, 3, 0, 0, 12.05, 980, 580, 25607.81, 68178, 65556
1695417645, 0, 0, 66, 0, 0, 26632.03, 3, 0, 0, 12.01, 982, 582, 25607.81, 68178, 65556
1695417645, 0, 0, 66, 0, 0, 26632.03, 3, 0, 0, 17.86, 986, 584, 25607.81, 68178, 65556
1695417658, 0, 0, 66, 0, 0, 26632.03, 3, 0, 0, 0.15, 987, 585, 25607.81, 68178, 65556
1695417658, 0, 0, 66, 0, 0, 26632.03, 3, 0, 0, 22.44, 990, 589, 25607.81, 68178, 65556
1695417671, 0, 0, 66, 0, 0, 26632.03, 3, 0, 0, 0.39, 993, 591, 25607.81, 68178, 65556
1695417672, 0, 0, 66, 0, 0, 26632.03, 3, 0, 0, 9.24, 997, 591, 25607.81, 68178, 65556
1695417686, 0, 0, 66, 0, 0, 26632.03, 3, 0, 0, 0.15, 998, 592, 25607.81, 68178, 65556
1695417686, 0, 0, 66, 0, 0, 26632.03, 3, 0, 0, 15.58, 1000, 595, 25607.81, 68178, 65556
1695417686, 0, 0, 66, 0, 0, 26632.03, 3, 0, 0, 9.93, 1001, 598, 25607.81, 68178, 65556
1695417687, 0, 0, 66, 0, 0, 26632.03, 3, 0, 0, 11.27, 1002, 601, 25607.81, 68178, 65556
1695417687, 0, 0, 66, 0, 0, 26632.03, 3, 0, 0, 10.42, 1005, 603, 25607.81, 68178, 65556
1695417702, 0, 0, 66, 0, 0, 26632.03, 3, 0, 0, 0.07, 1006, 603, 25607.81, 68178, 65556
1695417719, 0, 0, 66, 0, 0, 26632.03, 3, 0, 0, 0.28, 1009, 605, 25607.81, 68178, 65556
1695417720, 0, 0, 66, 0, 0, 26632.03, 3, 0, 0, 10.75, 1010, 609, 25607.81, 68178, 65556
1695417720, 0, 0, 66, 0, 0, 26632.03, 3, 0, 0, 12.54, 1013, 610, 25607.81, 68178, 65556
1695417735, 0, 0, 66, 0, 0, 26632.03, 3, 0, 0, 0.27, 1015, 612, 25607.81, 68178, 65556
1695417735, 0, 0, 66, 0, 0, 26632.03, 3, 0, 0, 10.94, 1018, 614, 25607.81, 68178, 65556
1695417749, 0, 0, 66, 0, 0, 26632.03, 3, 0, 0, 0.15, 1019, 615, 25607.81, 68178, 65556
1695417769, 0, 0, 66, 0, 0, 26632.03, 3, 0, 0, 0.15, 1022, 615, 25607.81, 68178, 65556
1695417782, 0, 0, 66, 0, 0, 26632.03, 3, 0, 0, 0.07, 1023, 615, 25607.81, 68178, 65556
1695417783, 0, 0, 66, 0, 0, 26632.03, 3, 0, 0, 20.90, 1025, 620, 25607.81, 68178, 65556
1695417795, 0, 0, 66, 0, 0, 26632.03, 3, 0, 0, 0.08, 1026, 620, 25607.81, 68178, 65556
1695417795, 0, 0, 66, 0, 0, 26632.03, 3, 0, 0, 10.58, 1029, 621, 25607.81, 68178, 65556
1695417819, 0, 0, 66, 0, 0, 26632.03, 3, 0, 0, 0.04, 1030, 621, 25607.81, 68178, 65556
1695417845, 0, 0, 66, 0, 0, 26632.03, 3, 0, 0, 0.04, 1031, 621, 25607.81, 68178, 65556
1695417846, 0, 0, 66, 0, 0, 26632.03, 3, 0, 0, 15.63, 1034, 623, 25607.81, 68178, 65556
1695417846, 0, 0, 66, 0, 0, 26632.03, 3, 0, 0, 11.08, 1037, 624, 25607.81, 68178, 65556
1695417847, 0, 0, 66, 0, 0, 26632.03, 3, 0, 0, 10.81, 1041, 624, 25607.81, 68178, 65556
1695417847, 0, 0, 66, 0, 0, 26632.03, 3, 0, 0, 5.65, 1043, 624, 25607.81, 68178, 65556
1695417859, 0, 0, 66, 0, 0, 26632.03, 3, 0, 0, 0.48, 1045, 628, 25607.81, 68178, 65556
1695417872, 0, 0, 66, 0, 0, 26632.03, 3, 0, 0, 0.16, 1047, 628, 25607.81, 68178, 65556
1695417885, 0, 0, 66, 0, 0, 26632.03, 3, 0, 0, 0.15, 1049, 628, 25607.81, 68178, 65556
1695417885, 0, 0, 66, 0, 0, 26632.03, 3, 0, 0, 9.15, 1051, 629, 25607.81, 68178, 65556
1695417901, 0, 0, 66, 0, 0, 26632.03, 3, 0, 0, 0.06, 1052, 629, 25607.81, 68178, 65556
1695417947, 0, 0, 67, 0, 0, 26632.42, 3, 0, 0, 0.04, 1053, 630, 25608.20, 68179, 65557
1695417947, 0, 0, 67, 0, 0, 26632.42, 3, 0, 0, 6.41, 1055, 630, 25608.20, 68179, 65557
1695417961, 0, 0, 68, 0, 0, 26633.20, 3, 0, 0, 0.37, 1060, 630, 25608.98, 68181, 65559
1695417974, 0, 0, 68, 0, 0, 26633.20, 3, 0, 0, 0.15, 1061, 631, 25608.98, 68181, 65559
1695417987, 0, 0, 68, 0, 0, 26633.20, 3, 0, 0, 0.16, 1062, 632, 25608.98, 68181, 65559
1695417987, 0, 0, 68, 0, 0, 26633.20, 3, 0, 0, 8.96, 1063, 634, 25608.98, 68181, 65559
1695417999, 0, 0, 68, 0, 0, 26633.20, 3, 0, 0, 0.08, 1064, 634, 25608.98, 68181, 65559
1695418000, 0, 0, 68, 0, 0, 26633.20, 3, 0, 0, 8.57, 1067, 634, 25608.98, 68181, 65559
1695418000, 0, 0, 68, 0, 0, 26633.20, 3, 0, 0, 9.29, 1070, 634, 25608.98, 68181, 65559
1695418000, 0, 0, 68, 0, 0, 26633.20, 3, 0, 0, 12.50, 1074, 634, 25608.98, 68181, 65559
1695418014, 0, 0, 69, 0, 0, 26633.98, 3, 0, 0, 0.29, 1078, 634, 25609.77, 68183, 65561
1695418029, 0, 0, 69, 0, 0, 26633.98, 3, 0, 0, 0.07, 1079, 634, 25609.77, 68183, 65561
1695418029, 0, 0, 69, 0, 0, 26633.98, 3, 0, 0, 14.25, 1083, 635, 25609.77, 68183, 65561
1695418054, 0, 0, 69, 0, 0, 26633.98, 3, 0, 0, 0.08, 1085, 635, 25609.77, 68183, 65561
1695418066, 0, 0, 69, 0, 0, 26633.98, 3, 0, 0, 0.08, 1086, 635, 25609.77, 68183, 65561
1695418079, 0, 0, 69, 0, 0, 26633.98, 3, 0, 0, 0.08, 1087, 635, 25609.77, 68183, 65561
1695418091, 0, 0, 69, 0, 0, 26633.98, 3, 0, 0, 0.24, 1089, 636, 25609.77, 68183, 65561
1695418092, 0, 0, 69, 0, 0, 26633.98, 3, 0, 0, 12.08, 1091, 638, 25609.77, 68183, 65561
1695418092, 0, 0, 69, 0, 0, 26633.98, 3, 0, 0, 6.55, 1093, 639, 25609.77, 68183, 65561
1695418093, 0, 0, 69, 0, 0, 26633.98, 3, 0, 0, 8.13, 1094, 641, 25609.77, 68183, 65561
1695418093, 0, 0, 69, 0, 0, 26633.98, 3, 0, 0, 16.50, 1097, 643, 25609.77, 68183, 65561
1695418093, 0, 0, 69, 0, 0, 26633.98, 3, 0, 0, 18.87, 1099, 647, 25609.77, 68183, 65561
1695418094, 0, 0, 69, 0, 0, 26633.98, 3, 0, 0, 9.43, 1100, 649, 25609.77, 68183, 65561
1695418117, 0, 0, 69, 0, 0, 26633.98, 3, 0, 0, 0.21, 1105, 649, 25609.77, 68183, 65561
1695418147, 0, 0, 69, 0, 0, 26633.98, 3, 0, 0, 0.10, 1106, 651, 25609.77, 68183, 65561
1695418147, 0, 0, 69, 0, 0, 26633.98, 3, 0, 0, 15.97, 1108, 654, 25609.77, 68183, 65561
1695418160, 0, 0, 69, 0, 0, 26633.98, 3, 0, 0, 0.08, 1109, 654, 25609.77, 68183, 65561
1695418172, 0, 0, 69, 0, 0, 26633.98, 3, 0, 0, 0.50, 1115, 654, 25609.77, 68183, 65561
1695418185, 0, 0, 69, 0, 0, 26633.98, 3, 0, 0, 0.31, 1117, 656, 25609.77, 68183, 65561
1695418185, 0, 0, 69, 0, 0, 26633.98, 3, 0, 0, 0.00, 1117, 656, 25609.77, 68183, 65561
