# unix_time, cycles_done, cur_path, paths_total, pending_total, pending_favs, map_size, unique_crashes, unique_hangs, max_depth, execs_per_sec, valid_inputs, invalid_inputs, valid_cov, all_covered_probes, valid_covered_probes
1694973943, 0, 0, 1, 0, 0, 7178.13, 0, 0, 0, 0.02, 1, 0, 7178.13, 18376, 18376
1694973980, 0, 0, 2, 0, 0, 7276.95, 0, 0, 0, 0.03, 2, 0, 7276.95, 18629, 18629
1694974013, 0, 0, 3, 0, 0, 7278.91, 0, 0, 0, 0.03, 3, 0, 7278.91, 18634, 18634
1694974049, 0, 0, 4, 0, 0, 7278.91, 0, 0, 0, 0.03, 4, 0, 7278.91, 18634, 18634
1694974078, 0, 0, 5, 0, 0, 7278.91, 0, 0, 0, 0.03, 5, 0, 7278.91, 18634, 18634
1694974105, 0, 0, 6, 0, 0, 7278.91, 0, 0, 0, 0.04, 6, 0, 7278.91, 18634, 18634
1694974136, 0, 0, 7, 0, 0, 7278.91, 0, 0, 0, 0.03, 7, 0, 7278.91, 18634, 18634
1694974165, 0, 0, 8, 0, 0, 7278.91, 0, 0, 0, 0.04, 8, 0, 7278.91, 18634, 18634
1694974195, 0, 0, 8, 0, 0, 7278.91, 0, 0, 0, 0.03, 9, 0, 7278.91, 18634, 18634
1694974224, 0, 0, 9, 0, 0, 7278.91, 0, 0, 0, 0.03, 10, 0, 7278.91, 18634, 18634
1694974252, 0, 0, 10, 0, 0, 7278.91, 0, 0, 0, 0.04, 11, 0, 7278.91, 18634, 18634
1694974284, 0, 0, 11, 0, 0, 7278.91, 0, 0, 0, 0.03, 12, 0, 7278.91, 18634, 18634
1694974317, 0, 0, 12, 0, 0, 7278.91, 0, 0, 0, 0.03, 13, 0, 7278.91, 18634, 18634
1694974349, 0, 0, 12, 0, 0, 7278.91, 0, 0, 0, 0.03, 14, 0, 7278.91, 18634, 18634
1694974380, 0, 0, 13, 0, 0, 7278.91, 0, 0, 0, 0.03, 15, 0, 7278.91, 18634, 18634
1694974412, 0, 0, 14, 0, 0, 7278.91, 0, 0, 0, 0.03, 16, 0, 7278.91, 18634, 18634
1694974437, 0, 0, 14, 0, 0, 7278.91, 0, 0, 0, 0.04, 17, 0, 7278.91, 18634, 18634
1694974467, 0, 0, 15, 0, 0, 7278.91, 0, 0, 0, 0.03, 18, 0, 7278.91, 18634, 18634
1694974498, 0, 0, 16, 0, 0, 7278.91, 0, 0, 0, 0.03, 19, 0, 7278.91, 18634, 18634
1694974527, 0, 0, 17, 0, 0, 7278.91, 0, 0, 0, 0.03, 20, 0, 7278.91, 18634, 18634
1694974558, 0, 0, 17, 0, 0, 7278.91, 0, 0, 0, 0.03, 21, 0, 7278.91, 18634, 18634
1694974589, 0, 0, 18, 0, 0, 7278.91, 0, 0, 0, 0.03, 22, 0, 7278.91, 18634, 18634
1694974619, 0, 0, 18, 0, 0, 7278.91, 0, 0, 0, 0.03, 23, 0, 7278.91, 18634, 18634
1694974649, 0, 0, 19, 0, 0, 7278.91, 0, 0, 0, 0.03, 24, 0, 7278.91, 18634, 18634
1694974679, 0, 0, 19, 0, 0, 7278.91, 0, 0, 0, 0.03, 25, 0, 7278.91, 18634, 18634
1694974710, 0, 0, 20, 0, 0, 7278.91, 0, 0, 0, 0.03, 26, 0, 7278.91, 18634, 18634
1694974740, 0, 0, 21, 0, 0, 7278.91, 0, 0, 0, 0.03, 27, 0, 7278.91, 18634, 18634
1694974770, 0, 0, 22, 0, 0, 7278.91, 0, 0, 0, 0.03, 28, 0, 7278.91, 18634, 18634
1694974801, 0, 0, 23, 0, 0, 7278.91, 0, 0, 0, 0.03, 29, 0, 7278.91, 18634, 18634
1694974831, 0, 0, 24, 0, 0, 7278.91, 0, 0, 0, 0.03, 30, 0, 7278.91, 18634, 18634
1694974861, 0, 0, 25, 0, 0, 7278.91, 0, 0, 0, 0.03, 31, 0, 7278.91, 18634, 18634
1694974890, 0, 0, 26, 0, 0, 7278.91, 0, 0, 0, 0.03, 32, 0, 7278.91, 18634, 18634
1694974920, 0, 0, 27, 0, 0, 7278.91, 0, 0, 0, 0.03, 33, 0, 7278.91, 18634, 18634
1694974948, 0, 0, 27, 0, 0, 7278.91, 0, 0, 0, 0.04, 34, 0, 7278.91, 18634, 18634
1694974979, 0, 0, 27, 0, 0, 7278.91, 0, 0, 0, 0.03, 35, 0, 7278.91, 18634, 18634
1694975011, 0, 0, 28, 0, 0, 7279.69, 0, 0, 0, 0.03, 36, 0, 7279.69, 18636, 18636
1694975041, 0, 0, 29, 0, 0, 7279.69, 0, 0, 0, 0.03, 37, 0, 7279.69, 18636, 18636
1694975071, 0, 0, 30, 0, 0, 7279.69, 0, 0, 0, 0.03, 38, 0, 7279.69, 18636, 18636
1694975077, 0, 0, 31, 0, 0, 7279.69, 0, 0, 0, 0.17, 39, 0, 7279.69, 18636, 18636
1694975105, 0, 0, 32, 0, 0, 7279.69, 0, 0, 0, 0.04, 40, 0, 7279.69, 18636, 18636
1694975135, 0, 0, 32, 0, 0, 7279.69, 0, 0, 0, 0.03, 41, 0, 7279.69, 18636, 18636
1694975168, 0, 0, 33, 0, 0, 7279.69, 0, 0, 0, 0.03, 42, 0, 7279.69, 18636, 18636
1694975200, 0, 0, 34, 0, 0, 7279.69, 0, 0, 0, 0.03, 43, 0, 7279.69, 18636, 18636
1694975233, 0, 0, 35, 0, 0, 7279.69, 0, 0, 0, 0.03, 44, 0, 7279.69, 18636, 18636
1694975262, 0, 0, 35, 0, 0, 7279.69, 0, 0, 0, 0.03, 45, 0, 7279.69, 18636, 18636
1694975293, 0, 0, 35, 0, 0, 7279.69, 0, 0, 0, 0.03, 46, 0, 7279.69, 18636, 18636
1694975325, 0, 0, 35, 0, 0, 7279.69, 0, 0, 0, 0.03, 47, 0, 7279.69, 18636, 18636
1694975356, 0, 0, 35, 0, 0, 7279.69, 0, 0, 0, 0.03, 48, 0, 7279.69, 18636, 18636
1694975387, 0, 0, 35, 0, 0, 7279.69, 0, 0, 0, 0.03, 49, 0, 7279.69, 18636, 18636
1694975415, 0, 0, 35, 0, 0, 7279.69, 0, 0, 0, 0.04, 50, 0, 7279.69, 18636, 18636
1694975446, 0, 0, 35, 0, 0, 7279.69, 0, 0, 0, 0.03, 51, 0, 7279.69, 18636, 18636
1694975477, 0, 0, 35, 0, 0, 7279.69, 0, 0, 0, 0.03, 52, 0, 7279.69, 18636, 18636
1694975508, 0, 0, 35, 0, 0, 7279.69, 0, 0, 0, 0.03, 53, 0, 7279.69, 18636, 18636
1694975540, 0, 0, 36, 0, 0, 7279.69, 0, 0, 0, 0.03, 54, 0, 7279.69, 18636, 18636
1694975569, 0, 0, 36, 0, 0, 7279.69, 0, 0, 0, 0.03, 55, 0, 7279.69, 18636, 18636
1694975599, 0, 0, 36, 0, 0, 7279.69, 0, 0, 0, 0.03, 56, 0, 7279.69, 18636, 18636
1694975632, 0, 0, 36, 0, 0, 7279.69, 0, 0, 0, 0.03, 57, 0, 7279.69, 18636, 18636
1694975666, 0, 0, 36, 0, 0, 7279.69, 0, 0, 0, 0.03, 58, 0, 7279.69, 18636, 18636
1694975693, 0, 0, 37, 0, 0, 7279.69, 0, 0, 0, 0.04, 59, 0, 7279.69, 18636, 18636
1694975722, 0, 0, 37, 0, 0, 7279.69, 0, 0, 0, 0.03, 60, 0, 7279.69, 18636, 18636
1694975754, 0, 0, 37, 0, 0, 7279.69, 0, 0, 0, 0.03, 61, 0, 7279.69, 18636, 18636
1694975787, 0, 0, 37, 0, 0, 7279.69, 0, 0, 0, 0.03, 62, 0, 7279.69, 18636, 18636
1694975820, 0, 0, 38, 0, 0, 7279.69, 0, 0, 0, 0.03, 63, 0, 7279.69, 18636, 18636
1694975851, 0, 0, 39, 0, 0, 7279.69, 0, 0, 0, 0.03, 64, 0, 7279.69, 18636, 18636
1694975881, 0, 0, 39, 0, 0, 7279.69, 0, 0, 0, 0.03, 65, 0, 7279.69, 18636, 18636
1694975911, 0, 0, 39, 0, 0, 7279.69, 0, 0, 0, 0.03, 66, 0, 7279.69, 18636, 18636
1694975943, 0, 0, 39, 0, 0, 7279.69, 0, 0, 0, 0.03, 67, 0, 7279.69, 18636, 18636
1694975971, 0, 0, 39, 0, 0, 7279.69, 0, 0, 0, 0.04, 68, 0, 7279.69, 18636, 18636
1694976001, 0, 0, 39, 0, 0, 7279.69, 0, 0, 0, 0.03, 69, 0, 7279.69, 18636, 18636
1694976031, 0, 0, 39, 0, 0, 7279.69, 0, 0, 0, 0.03, 70, 0, 7279.69, 18636, 18636
1694976061, 0, 0, 39, 0, 0, 7279.69, 0, 0, 0, 0.03, 71, 0, 7279.69, 18636, 18636
1694976092, 0, 0, 40, 0, 0, 7286.33, 0, 0, 0, 0.03, 72, 0, 7286.33, 18653, 18653
1694976124, 0, 0, 40, 0, 0, 7286.33, 0, 0, 0, 0.03, 73, 0, 7286.33, 18653, 18653
1694976154, 0, 0, 41, 0, 0, 7286.33, 0, 0, 0, 0.03, 74, 0, 7286.33, 18653, 18653
1694976188, 0, 0, 41, 0, 0, 7286.33, 0, 0, 0, 0.03, 75, 0, 7286.33, 18653, 18653
1694976227, 0, 0, 42, 0, 0, 7286.33, 0, 0, 0, 0.03, 76, 0, 7286.33, 18653, 18653
1694976261, 0, 0, 42, 0, 0, 7286.33, 0, 0, 0, 0.03, 77, 0, 7286.33, 18653, 18653
1694976296, 0, 0, 42, 0, 0, 7286.33, 0, 0, 0, 0.03, 78, 0, 7286.33, 18653, 18653
1694976335, 0, 0, 42, 0, 0, 7286.33, 0, 0, 0, 0.03, 79, 0, 7286.33, 18653, 18653
1694976368, 0, 0, 42, 0, 0, 7286.33, 0, 0, 0, 0.03, 80, 0, 7286.33, 18653, 18653
1694976404, 0, 0, 42, 0, 0, 7286.33, 0, 0, 0, 0.03, 81, 0, 7286.33, 18653, 18653
1694976439, 0, 0, 42, 0, 0, 7286.33, 0, 0, 0, 0.03, 82, 0, 7286.33, 18653, 18653
1694976476, 0, 0, 43, 0, 0, 7286.33, 0, 0, 0, 0.03, 83, 0, 7286.33, 18653, 18653
1694976511, 0, 0, 44, 0, 0, 7286.33, 0, 0, 0, 0.03, 84, 0, 7286.33, 18653, 18653
1694976542, 0, 0, 44, 0, 0, 7286.33, 0, 0, 0, 0.03, 85, 0, 7286.33, 18653, 18653
1694976575, 0, 0, 45, 0, 0, 7286.33, 0, 0, 0, 0.03, 86, 0, 7286.33, 18653, 18653
1694976610, 0, 0, 45, 0, 0, 7286.33, 0, 0, 0, 0.03, 87, 0, 7286.33, 18653, 18653
1694976646, 0, 0, 45, 0, 0, 7286.33, 0, 0, 0, 0.03, 88, 0, 7286.33, 18653, 18653
1694976683, 0, 0, 45, 0, 0, 7286.33, 0, 0, 0, 0.03, 89, 0, 7286.33, 18653, 18653
1694976719, 0, 0, 46, 0, 0, 7286.33, 0, 0, 0, 0.03, 90, 0, 7286.33, 18653, 18653
1694976755, 0, 0, 47, 0, 0, 7286.33, 0, 0, 0, 0.03, 91, 0, 7286.33, 18653, 18653
1694976761, 0, 0, 48, 0, 0, 7303.91, 0, 0, 0, 0.18, 92, 0, 7303.91, 18698, 18698
1694976798, 0, 0, 49, 0, 0, 7303.91, 0, 0, 0, 0.03, 93, 0, 7303.91, 18698, 18698
1694976832, 0, 0, 50, 0, 0, 7310.55, 0, 0, 0, 0.03, 94, 0, 7310.55, 18715, 18715
1694976867, 0, 0, 50, 0, 0, 7310.55, 0, 0, 0, 0.03, 95, 0, 7310.55, 18715, 18715
1694976900, 0, 0, 50, 0, 0, 7310.55, 0, 0, 0, 0.03, 96, 0, 7310.55, 18715, 18715
1694976931, 0, 0, 51, 0, 0, 7310.55, 0, 0, 0, 0.03, 97, 0, 7310.55, 18715, 18715
1694976956, 0, 0, 51, 0, 0, 7310.55, 0, 0, 0, 0.04, 98, 0, 7310.55, 18715, 18715
1694976981, 0, 0, 51, 0, 0, 7310.55, 0, 0, 0, 0.04, 99, 0, 7310.55, 18715, 18715
1694977013, 0, 0, 51, 0, 0, 7310.55, 0, 0, 0, 0.03, 100, 0, 7310.55, 18715, 18715
1694977046, 0, 0, 51, 0, 0, 7310.55, 0, 0, 0, 0.03, 101, 0, 7310.55, 18715, 18715
1694977077, 0, 0, 51, 0, 0, 7310.55, 0, 0, 0, 0.03, 102, 0, 7310.55, 18715, 18715
1694977107, 0, 0, 51, 0, 0, 7310.55, 0, 0, 0, 0.03, 103, 0, 7310.55, 18715, 18715
1694977141, 0, 0, 51, 0, 0, 7310.55, 0, 0, 0, 0.03, 104, 0, 7310.55, 18715, 18715
1694977175, 0, 0, 51, 0, 0, 7310.55, 0, 0, 0, 0.03, 105, 0, 7310.55, 18715, 18715
1694977206, 0, 0, 51, 0, 0, 7310.55, 0, 0, 0, 0.03, 106, 0, 7310.55, 18715, 18715
1694977241, 0, 0, 51, 0, 0, 7310.55, 0, 0, 0, 0.03, 107, 0, 7310.55, 18715, 18715
1694977275, 0, 0, 51, 0, 0, 7310.55, 0, 0, 0, 0.03, 108, 0, 7310.55, 18715, 18715
1694977282, 0, 0, 52, 0, 0, 7310.55, 0, 0, 0, 0.14, 109, 0, 7310.55, 18715, 18715
1694977313, 0, 0, 52, 0, 0, 7310.55, 0, 0, 0, 0.03, 110, 0, 7310.55, 18715, 18715
1694977347, 0, 0, 52, 0, 0, 7310.55, 0, 0, 0, 0.03, 111, 0, 7310.55, 18715, 18715
1694977383, 0, 0, 52, 0, 0, 7310.55, 0, 0, 0, 0.03, 112, 0, 7310.55, 18715, 18715
1694977418, 0, 0, 52, 0, 0, 7310.55, 0, 0, 0, 0.03, 113, 0, 7310.55, 18715, 18715
1694977449, 0, 0, 52, 0, 0, 7310.55, 0, 0, 0, 0.03, 114, 0, 7310.55, 18715, 18715
1694977484, 0, 0, 52, 0, 0, 7310.55, 0, 0, 0, 0.03, 115, 0, 7310.55, 18715, 18715
1694977484, 0, 0, 52, 0, 0, 7310.55, 0, 0, 0, 0.00, 115, 0, 7310.55, 18715, 18715
