# unix_time, cycles_done, cur_path, paths_total, pending_total, pending_favs, map_size, unique_crashes, unique_hangs, max_depth, execs_per_sec, valid_inputs, invalid_inputs, valid_cov, all_covered_probes, valid_covered_probes
1694969016, 0, 0, 1, 0, 0, 837.11, 0, 0, 0, 0.30, 0, 1, 0.00, 2143, 0
1694969016, 0, 0, 4, 0, 0, 944.53, 0, 0, 0, 12.82, 2, 3, 487.11, 2418, 1247
1694969036, 0, 0, 6, 0, 0, 7239.45, 0, 0, 0, 0.20, 5, 4, 6880.86, 18533, 17615
1694969037, 0, 0, 10, 0, 0, 7465.23, 0, 0, 0, 11.08, 8, 5, 7107.03, 19111, 18194
1694969037, 0, 0, 13, 0, 0, 7609.38, 0, 0, 0, 16.30, 12, 7, 7110.16, 19480, 18202
1694969051, 0, 0, 14, 0, 0, 7708.98, 0, 0, 0, 0.15, 14, 7, 7209.77, 19735, 18457
1694969051, 0, 0, 17, 0, 0, 7803.52, 0, 0, 0, 8.46, 16, 9, 7209.77, 19977, 18457
1694969052, 0, 0, 19, 0, 0, 7805.08, 0, 0, 0, 23.75, 23, 11, 7209.77, 19981, 18457
1694969062, 0, 0, 19, 0, 0, 7805.08, 1, 0, 0, 0.09, 23, 12, 7209.77, 19981, 18457
1694969063, 0, 0, 21, 0, 0, 7807.42, 1, 0, 0, 17.24, 28, 13, 7212.11, 19987, 18463
1694969074, 0, 0, 22, 0, 0, 7941.80, 1, 0, 0, 0.09, 29, 13, 7346.48, 20331, 18807
1694969086, 0, 0, 24, 0, 0, 7941.80, 1, 0, 0, 0.16, 30, 14, 7346.48, 20331, 18807
1694969095, 0, 0, 26, 0, 0, 7942.19, 1, 0, 0, 0.23, 32, 14, 7346.88, 20332, 18808
1694969107, 0, 0, 28, 0, 0, 7942.19, 1, 0, 0, 0.68, 39, 15, 7346.88, 20332, 18808
1694969107, 0, 0, 30, 0, 0, 7942.19, 1, 0, 0, 21.88, 43, 18, 7346.88, 20332, 18808
1694969107, 0, 0, 30, 0, 0, 7942.19, 1, 0, 0, 39.74, 53, 20, 7346.88, 20332, 18808
1694969108, 0, 0, 31, 0, 0, 7942.19, 1, 0, 0, 16.23, 58, 20, 7346.88, 20332, 18808
1694969108, 0, 0, 31, 0, 0, 7942.19, 1, 0, 0, 19.93, 62, 22, 7346.88, 20332, 18808
1694969115, 0, 0, 31, 0, 0, 7942.19, 2, 0, 0, 0.54, 63, 25, 7346.88, 20332, 18808
1694969126, 0, 0, 34, 0, 0, 7942.19, 2, 0, 0, 0.28, 66, 25, 7346.88, 20332, 18808
1694969127, 0, 0, 35, 0, 0, 7942.19, 2, 0, 0, 16.50, 70, 26, 7346.88, 20332, 18808
1694969138, 0, 1, 37, 0, 0, 7942.19, 2, 0, 0, 0.54, 75, 27, 7346.88, 20332, 18808
1694969146, 0, 1, 40, 0, 0, 7951.56, 2, 0, 0, 2.19, 89, 31, 7353.52, 20356, 18825
1694969157, 0, 1, 42, 0, 0, 7951.56, 2, 0, 0, 1.00, 94, 37, 7353.52, 20356, 18825
1694969173, 0, 2, 45, 0, 0, 7953.52, 2, 0, 0, 0.80, 104, 40, 7355.47, 20361, 18830
1694969181, 0, 2, 48, 0, 0, 7953.52, 2, 0, 0, 0.90, 110, 41, 7355.47, 20361, 18830
1694969192, 0, 2, 51, 0, 0, 7956.25, 2, 0, 0, 2.53, 131, 47, 7355.47, 20368, 18830
1694969192, 0, 3, 52, 0, 0, 7956.25, 2, 0, 0, 21.86, 138, 48, 7355.47, 20368, 18830
1694969201, 0, 3, 53, 0, 0, 7956.25, 2, 0, 0, 1.70, 149, 53, 7355.47, 20368, 18830
1694969209, 0, 3, 56, 0, 0, 7956.25, 2, 0, 0, 0.41, 152, 53, 7355.47, 20368, 18830
1694969221, 0, 3, 57, 0, 0, 7956.25, 2, 0, 0, 0.08, 153, 53, 7355.47, 20368, 18830
1694969230, 0, 3, 59, 0, 0, 7956.25, 2, 0, 0, 0.54, 158, 53, 7355.47, 20368, 18830
1694969237, 0, 3, 61, 0, 0, 7956.25, 2, 0, 0, 0.55, 162, 53, 7355.47, 20368, 18830
1694969237, 0, 4, 61, 0, 0, 7956.25, 2, 0, 0, 57.64, 173, 62, 7355.47, 20368, 18830
1694969248, 0, 4, 62, 0, 0, 7956.25, 2, 0, 0, 0.37, 177, 62, 7355.47, 20368, 18830
1694969249, 0, 4, 64, 0, 0, 7956.25, 2, 0, 0, 28.86, 189, 67, 7355.47, 20368, 18830
1694969255, 0, 5, 65, 0, 0, 7956.25, 2, 0, 0, 1.01, 195, 67, 7355.47, 20368, 18830
1694969262, 0, 5, 66, 0, 0, 7956.25, 2, 0, 0, 0.14, 196, 67, 7355.47, 20368, 18830
1694969268, 0, 5, 67, 0, 0, 7956.25, 2, 0, 0, 0.15, 197, 67, 7355.47, 20368, 18830
1694969274, 0, 5, 68, 0, 0, 7956.25, 2, 0, 0, 0.18, 198, 67, 7355.47, 20368, 18830
1694969280, 0, 5, 68, 0, 0, 7956.25, 2, 0, 0, 0.18, 199, 67, 7355.47, 20368, 18830
1694969285, 0, 5, 69, 0, 0, 7956.25, 2, 0, 0, 0.18, 200, 67, 7355.47, 20368, 18830
1694969292, 0, 5, 69, 0, 0, 7956.25, 2, 0, 0, 0.15, 201, 67, 7355.47, 20368, 18830
1694969297, 0, 5, 70, 0, 0, 7956.25, 2, 0, 0, 0.21, 202, 67, 7355.47, 20368, 18830
1694969302, 0, 5, 70, 0, 0, 7956.25, 2, 0, 0, 0.18, 203, 67, 7355.47, 20368, 18830
1694969306, 0, 5, 71, 0, 0, 7956.25, 2, 0, 0, 0.24, 204, 67, 7355.47, 20368, 18830
1694969312, 0, 5, 72, 0, 0, 7956.25, 2, 0, 0, 0.17, 205, 67, 7355.47, 20368, 18830
1694969317, 0, 5, 73, 0, 0, 7956.25, 2, 0, 0, 0.21, 206, 67, 7355.47, 20368, 18830
1694969322, 0, 5, 74, 0, 0, 7956.25, 2, 0, 0, 0.20, 207, 67, 7355.47, 20368, 18830
1694969328, 0, 5, 74, 0, 0, 7956.25, 2, 0, 0, 0.18, 208, 67, 7355.47, 20368, 18830
1694969334, 0, 5, 75, 0, 0, 7956.25, 2, 0, 0, 0.16, 209, 67, 7355.47, 20368, 18830
1694969339, 0, 5, 75, 0, 0, 7956.25, 2, 0, 0, 0.20, 210, 67, 7355.47, 20368, 18830
1694969344, 0, 5, 75, 0, 0, 7956.25, 2, 0, 0, 0.18, 211, 67, 7355.47, 20368, 18830
1694969350, 0, 5, 75, 0, 0, 7956.25, 2, 0, 0, 0.16, 212, 67, 7355.47, 20368, 18830
1694969356, 0, 5, 76, 0, 0, 7956.25, 2, 0, 0, 0.18, 213, 67, 7355.47, 20368, 18830
1694969362, 0, 5, 77, 0, 0, 7972.66, 2, 0, 0, 0.17, 214, 67, 7371.88, 20410, 18872
1694969366, 0, 5, 77, 0, 0, 7972.66, 2, 0, 0, 0.25, 215, 67, 7371.88, 20410, 18872
1694969374, 0, 5, 78, 0, 0, 7972.66, 2, 0, 0, 0.12, 216, 67, 7371.88, 20410, 18872
1694969378, 0, 5, 79, 0, 0, 7972.66, 2, 0, 0, 0.23, 217, 67, 7371.88, 20410, 18872
1694969383, 0, 5, 79, 0, 0, 7972.66, 2, 0, 0, 0.22, 218, 67, 7371.88, 20410, 18872
1694969387, 0, 5, 79, 0, 0, 7972.66, 2, 0, 0, 0.24, 219, 67, 7371.88, 20410, 18872
1694969392, 0, 5, 80, 0, 0, 7972.66, 2, 0, 0, 0.21, 220, 67, 7371.88, 20410, 18872
1694969397, 0, 5, 80, 0, 0, 7972.66, 2, 0, 0, 0.18, 221, 67, 7371.88, 20410, 18872
1694969403, 0, 5, 80, 0, 0, 7972.66, 2, 0, 0, 0.16, 222, 67, 7371.88, 20410, 18872
1694969410, 0, 5, 80, 0, 0, 7972.66, 2, 0, 0, 0.16, 223, 67, 7371.88, 20410, 18872
1694969415, 0, 5, 81, 0, 0, 7972.66, 2, 0, 0, 0.21, 224, 67, 7371.88, 20410, 18872
1694969421, 0, 5, 81, 0, 0, 7972.66, 2, 0, 0, 0.17, 225, 67, 7371.88, 20410, 18872
1694969425, 0, 5, 81, 0, 0, 7972.66, 2, 0, 0, 0.21, 226, 67, 7371.88, 20410, 18872
1694969431, 0, 5, 81, 0, 0, 7972.66, 2, 0, 0, 0.18, 227, 67, 7371.88, 20410, 18872
1694969436, 0, 5, 81, 0, 0, 7972.66, 2, 0, 0, 0.18, 228, 67, 7371.88, 20410, 18872
1694969441, 0, 5, 81, 0, 0, 7972.66, 2, 0, 0, 0.20, 229, 67, 7371.88, 20410, 18872
1694969448, 0, 5, 82, 0, 0, 8010.94, 2, 0, 0, 0.16, 230, 67, 7410.16, 20508, 18970
1694969453, 0, 5, 82, 0, 0, 8010.94, 2, 0, 0, 0.20, 231, 67, 7410.16, 20508, 18970
1694969458, 0, 5, 82, 0, 0, 8010.94, 2, 0, 0, 0.17, 232, 67, 7410.16, 20508, 18970
1694969464, 0, 5, 82, 0, 0, 8010.94, 2, 0, 0, 0.18, 233, 67, 7410.16, 20508, 18970
1694969470, 0, 5, 82, 0, 0, 8010.94, 2, 0, 0, 0.17, 234, 67, 7410.16, 20508, 18970
1694969474, 0, 5, 83, 0, 0, 8010.94, 2, 0, 0, 0.27, 235, 67, 7410.16, 20508, 18970
1694969479, 0, 5, 84, 0, 0, 8010.94, 2, 0, 0, 0.18, 236, 67, 7410.16, 20508, 18970
1694969485, 0, 5, 85, 0, 0, 8010.94, 2, 0, 0, 0.16, 237, 67, 7410.16, 20508, 18970
1694969492, 0, 5, 86, 0, 0, 8010.94, 2, 0, 0, 0.16, 238, 67, 7410.16, 20508, 18970
1694969498, 0, 5, 87, 0, 0, 8010.94, 2, 0, 0, 0.17, 239, 67, 7410.16, 20508, 18970
1694969503, 0, 5, 88, 0, 0, 8010.94, 2, 0, 0, 0.20, 240, 67, 7410.16, 20508, 18970
1694969507, 0, 5, 88, 0, 0, 8010.94, 2, 0, 0, 0.22, 241, 67, 7410.16, 20508, 18970
1694969513, 0, 5, 88, 0, 0, 8010.94, 2, 0, 0, 0.18, 242, 67, 7410.16, 20508, 18970
1694969518, 0, 5, 88, 0, 0, 8010.94, 2, 0, 0, 0.20, 243, 67, 7410.16, 20508, 18970
1694969523, 0, 5, 89, 0, 0, 8014.06, 2, 0, 0, 0.18, 244, 67, 7413.28, 20516, 18978
1694969530, 0, 5, 90, 0, 0, 8014.06, 2, 0, 0, 0.15, 245, 67, 7413.28, 20516, 18978
1694969537, 0, 5, 90, 0, 0, 8014.06, 2, 0, 0, 0.15, 246, 67, 7413.28, 20516, 18978
1694969542, 0, 5, 91, 0, 0, 8014.06, 2, 0, 0, 0.19, 247, 67, 7413.28, 20516, 18978
1694969547, 0, 5, 91, 0, 0, 8014.06, 2, 0, 0, 0.21, 248, 67, 7413.28, 20516, 18978
1694969552, 0, 5, 92, 0, 0, 8014.06, 2, 0, 0, 0.17, 249, 67, 7413.28, 20516, 18978
1694969557, 0, 5, 92, 0, 0, 8014.06, 2, 0, 0, 0.23, 250, 67, 7413.28, 20516, 18978
1694969563, 0, 5, 93, 0, 0, 8014.06, 2, 0, 0, 0.17, 251, 67, 7413.28, 20516, 18978
1694969568, 0, 5, 93, 0, 0, 8014.06, 2, 0, 0, 0.18, 252, 67, 7413.28, 20516, 18978
1694969574, 0, 5, 93, 0, 0, 8014.06, 2, 0, 0, 0.19, 253, 67, 7413.28, 20516, 18978
1694969579, 0, 5, 93, 0, 0, 8014.06, 2, 0, 0, 0.19, 254, 67, 7413.28, 20516, 18978
1694969584, 0, 5, 93, 0, 0, 8014.06, 2, 0, 0, 0.19, 255, 67, 7413.28, 20516, 18978
1694969589, 0, 5, 94, 0, 0, 8014.06, 2, 0, 0, 0.18, 256, 67, 7413.28, 20516, 18978
1694969596, 0, 5, 94, 0, 0, 8014.06, 2, 0, 0, 0.15, 257, 67, 7413.28, 20516, 18978
1694969601, 0, 5, 94, 0, 0, 8014.06, 2, 0, 0, 0.22, 258, 67, 7413.28, 20516, 18978
1694969606, 0, 5, 95, 0, 0, 8014.06, 2, 0, 0, 0.19, 259, 67, 7413.28, 20516, 18978
1694969611, 0, 5, 95, 0, 0, 8014.06, 2, 0, 0, 0.20, 260, 67, 7413.28, 20516, 18978
1694969616, 0, 5, 95, 0, 0, 8014.06, 2, 0, 0, 0.20, 261, 67, 7413.28, 20516, 18978
1694969620, 0, 5, 95, 0, 0, 8014.06, 2, 0, 0, 0.23, 262, 67, 7413.28, 20516, 18978
1694969626, 0, 5, 95, 0, 0, 8014.06, 2, 0, 0, 0.18, 263, 67, 7413.28, 20516, 18978
1694969631, 0, 5, 95, 0, 0, 8014.06, 2, 0, 0, 0.21, 264, 67, 7413.28, 20516, 18978
1694969636, 0, 5, 95, 0, 0, 8014.06, 2, 0, 0, 0.19, 265, 67, 7413.28, 20516, 18978
1694969642, 0, 5, 95, 0, 0, 8014.06, 2, 0, 0, 0.17, 266, 67, 7413.28, 20516, 18978
1694969647, 0, 5, 95, 0, 0, 8014.06, 2, 0, 0, 0.19, 267, 67, 7413.28, 20516, 18978
1694969652, 0, 5, 96, 0, 0, 8014.06, 2, 0, 0, 0.19, 268, 67, 7413.28, 20516, 18978
1694969658, 0, 5, 96, 0, 0, 8014.06, 2, 0, 0, 0.19, 269, 67, 7413.28, 20516, 18978
1694969663, 0, 5, 96, 0, 0, 8014.06, 2, 0, 0, 0.21, 270, 67, 7413.28, 20516, 18978
1694969669, 0, 5, 96, 0, 0, 8014.06, 2, 0, 0, 0.17, 271, 67, 7413.28, 20516, 18978
1694969674, 0, 5, 96, 0, 0, 8014.06, 2, 0, 0, 0.17, 272, 67, 7413.28, 20516, 18978
1694969679, 0, 5, 96, 0, 0, 8014.06, 2, 0, 0, 0.20, 273, 67, 7413.28, 20516, 18978
1694969684, 0, 5, 96, 0, 0, 8014.06, 2, 0, 0, 0.22, 274, 67, 7413.28, 20516, 18978
1694969689, 0, 5, 97, 0, 0, 8014.06, 2, 0, 0, 0.22, 275, 67, 7413.28, 20516, 18978
1694969693, 0, 5, 97, 0, 0, 8014.06, 2, 0, 0, 0.23, 276, 67, 7413.28, 20516, 18978
1694969697, 0, 5, 97, 0, 0, 8014.06, 2, 0, 0, 0.23, 277, 67, 7413.28, 20516, 18978
1694969703, 0, 5, 97, 0, 0, 8014.06, 2, 0, 0, 0.17, 278, 67, 7413.28, 20516, 18978
1694969707, 0, 5, 97, 0, 0, 8014.06, 2, 0, 0, 0.26, 279, 67, 7413.28, 20516, 18978
1694969713, 0, 5, 97, 0, 0, 8014.06, 2, 0, 0, 0.18, 280, 67, 7413.28, 20516, 18978
1694969716, 0, 5, 97, 0, 0, 8014.06, 2, 0, 0, 0.27, 281, 67, 7413.28, 20516, 18978
1694969722, 0, 5, 97, 0, 0, 8014.06, 2, 0, 0, 0.17, 282, 67, 7413.28, 20516, 18978
1694969727, 0, 5, 97, 0, 0, 8014.06, 2, 0, 0, 0.20, 283, 67, 7413.28, 20516, 18978
1694969732, 0, 5, 97, 0, 0, 8014.06, 2, 0, 0, 0.20, 284, 67, 7413.28, 20516, 18978
1694969738, 0, 5, 98, 0, 0, 8014.06, 2, 0, 0, 0.19, 285, 67, 7413.28, 20516, 18978
1694969743, 0, 5, 98, 0, 0, 8014.06, 2, 0, 0, 0.18, 286, 67, 7413.28, 20516, 18978
1694969747, 0, 5, 98, 0, 0, 8014.06, 2, 0, 0, 0.25, 287, 67, 7413.28, 20516, 18978
1694969753, 0, 5, 98, 0, 0, 8014.06, 2, 0, 0, 0.17, 288, 67, 7413.28, 20516, 18978
1694969759, 0, 5, 98, 0, 0, 8014.06, 2, 0, 0, 0.16, 289, 67, 7413.28, 20516, 18978
1694969764, 0, 5, 98, 0, 0, 8014.06, 2, 0, 0, 0.19, 290, 67, 7413.28, 20516, 18978
1694969770, 0, 5, 98, 0, 0, 8014.06, 2, 0, 0, 0.19, 291, 67, 7413.28, 20516, 18978
1694969776, 0, 5, 98, 0, 0, 8014.06, 2, 0, 0, 0.15, 292, 67, 7413.28, 20516, 18978
1694969782, 0, 5, 98, 0, 0, 8014.06, 2, 0, 0, 0.17, 293, 67, 7413.28, 20516, 18978
1694969787, 0, 5, 98, 0, 0, 8014.06, 2, 0, 0, 0.21, 294, 67, 7413.28, 20516, 18978
1694969792, 0, 5, 98, 0, 0, 8014.06, 2, 0, 0, 0.19, 295, 67, 7413.28, 20516, 18978
1694969798, 0, 5, 98, 0, 0, 8014.06, 2, 0, 0, 0.16, 296, 67, 7413.28, 20516, 18978
1694969804, 0, 5, 98, 0, 0, 8014.06, 2, 0, 0, 0.18, 297, 67, 7413.28, 20516, 18978
1694969809, 0, 5, 98, 0, 0, 8014.06, 2, 0, 0, 0.18, 298, 67, 7413.28, 20516, 18978
1694969815, 0, 5, 98, 0, 0, 8014.06, 2, 0, 0, 0.16, 299, 67, 7413.28, 20516, 18978
1694969820, 0, 5, 99, 0, 0, 8014.06, 2, 0, 0, 0.23, 300, 67, 7413.28, 20516, 18978
1694969825, 0, 5, 100, 0, 0, 8014.06, 2, 0, 0, 0.18, 301, 67, 7413.28, 20516, 18978
1694969831, 0, 5, 101, 0, 0, 8014.06, 2, 0, 0, 0.18, 302, 67, 7413.28, 20516, 18978
1694969836, 0, 5, 102, 0, 0, 8014.06, 2, 0, 0, 0.18, 303, 67, 7413.28, 20516, 18978
1694969843, 0, 5, 102, 0, 0, 8014.06, 2, 0, 0, 0.16, 304, 67, 7413.28, 20516, 18978
1694969848, 0, 5, 102, 0, 0, 8014.06, 2, 0, 0, 0.17, 305, 67, 7413.28, 20516, 18978
1694969853, 0, 5, 102, 0, 0, 8014.06, 2, 0, 0, 0.20, 306, 67, 7413.28, 20516, 18978
1694969859, 0, 5, 102, 0, 0, 8014.06, 2, 0, 0, 0.18, 307, 67, 7413.28, 20516, 18978
1694969865, 0, 5, 102, 0, 0, 8014.06, 2, 0, 0, 0.18, 308, 67, 7413.28, 20516, 18978
1694969870, 0, 5, 102, 0, 0, 8014.06, 2, 0, 0, 0.18, 309, 67, 7413.28, 20516, 18978
1694969876, 0, 5, 102, 0, 0, 8014.06, 2, 0, 0, 0.18, 310, 67, 7413.28, 20516, 18978
1694969882, 0, 5, 102, 0, 0, 8014.06, 2, 0, 0, 0.17, 311, 67, 7413.28, 20516, 18978
1694969887, 0, 5, 102, 0, 0, 8014.06, 2, 0, 0, 0.18, 312, 67, 7413.28, 20516, 18978
1694969892, 0, 5, 102, 0, 0, 8014.06, 2, 0, 0, 0.22, 313, 67, 7413.28, 20516, 18978
1694969896, 0, 5, 102, 0, 0, 8014.06, 2, 0, 0, 0.24, 314, 67, 7413.28, 20516, 18978
1694969901, 0, 5, 102, 0, 0, 8014.06, 2, 0, 0, 0.20, 315, 67, 7413.28, 20516, 18978
1694969907, 0, 5, 103, 0, 0, 8014.06, 2, 0, 0, 0.17, 316, 67, 7413.28, 20516, 18978
1694969911, 0, 5, 103, 0, 0, 8014.06, 2, 0, 0, 0.22, 317, 67, 7413.28, 20516, 18978
1694969915, 0, 5, 103, 0, 0, 8014.06, 2, 0, 0, 0.25, 318, 67, 7413.28, 20516, 18978
1694969921, 0, 5, 103, 0, 0, 8014.06, 2, 0, 0, 0.17, 319, 67, 7413.28, 20516, 18978
1694969926, 0, 5, 103, 0, 0, 8014.06, 2, 0, 0, 0.20, 320, 67, 7413.28, 20516, 18978
1694969931, 0, 5, 103, 0, 0, 8014.06, 2, 0, 0, 0.23, 321, 67, 7413.28, 20516, 18978
1694969936, 0, 5, 103, 0, 0, 8014.06, 2, 0, 0, 0.18, 322, 67, 7413.28, 20516, 18978
1694969941, 0, 5, 103, 0, 0, 8014.06, 2, 0, 0, 0.20, 323, 67, 7413.28, 20516, 18978
1694969948, 0, 5, 103, 0, 0, 8014.06, 2, 0, 0, 0.15, 324, 67, 7413.28, 20516, 18978
1694969953, 0, 5, 103, 0, 0, 8014.06, 2, 0, 0, 0.21, 325, 67, 7413.28, 20516, 18978
1694969958, 0, 5, 103, 0, 0, 8014.06, 2, 0, 0, 0.19, 326, 67, 7413.28, 20516, 18978
1694969964, 0, 5, 103, 0, 0, 8014.06, 2, 0, 0, 0.17, 327, 67, 7413.28, 20516, 18978
1694969968, 0, 5, 103, 0, 0, 8014.06, 2, 0, 0, 0.23, 328, 67, 7413.28, 20516, 18978
1694969973, 0, 5, 103, 0, 0, 8014.06, 2, 0, 0, 0.20, 329, 67, 7413.28, 20516, 18978
1694969979, 0, 5, 103, 0, 0, 8014.06, 2, 0, 0, 0.18, 330, 67, 7413.28, 20516, 18978
1694969984, 0, 5, 103, 0, 0, 8014.06, 2, 0, 0, 0.20, 331, 67, 7413.28, 20516, 18978
1694969989, 0, 5, 103, 0, 0, 8014.06, 2, 0, 0, 0.20, 332, 67, 7413.28, 20516, 18978
1694969994, 0, 5, 103, 0, 0, 8014.06, 2, 0, 0, 0.21, 333, 67, 7413.28, 20516, 18978
1694969999, 0, 5, 103, 0, 0, 8014.06, 2, 0, 0, 0.20, 334, 67, 7413.28, 20516, 18978
1694970006, 0, 5, 103, 0, 0, 8014.06, 2, 0, 0, 0.15, 335, 67, 7413.28, 20516, 18978
1694970011, 0, 5, 103, 0, 0, 8014.06, 2, 0, 0, 0.18, 336, 67, 7413.28, 20516, 18978
1694970016, 0, 5, 104, 0, 0, 8014.06, 2, 0, 0, 0.20, 337, 67, 7413.28, 20516, 18978
1694970021, 0, 5, 104, 0, 0, 8014.06, 2, 0, 0, 0.19, 338, 67, 7413.28, 20516, 18978
1694970027, 0, 5, 104, 0, 0, 8014.06, 2, 0, 0, 0.19, 339, 67, 7413.28, 20516, 18978
1694970033, 0, 5, 105, 0, 0, 8014.06, 2, 0, 0, 0.16, 340, 67, 7413.28, 20516, 18978
1694970038, 0, 5, 106, 0, 0, 8014.06, 2, 0, 0, 0.20, 341, 67, 7413.28, 20516, 18978
1694970045, 0, 5, 107, 0, 0, 8014.06, 2, 0, 0, 0.16, 342, 67, 7413.28, 20516, 18978
1694970049, 0, 5, 107, 0, 0, 8014.06, 2, 0, 0, 0.21, 343, 67, 7413.28, 20516, 18978
1694970055, 0, 5, 108, 0, 0, 8014.06, 2, 0, 0, 0.18, 344, 67, 7413.28, 20516, 18978
1694970060, 0, 5, 109, 0, 0, 8014.06, 2, 0, 0, 0.19, 345, 67, 7413.28, 20516, 18978
1694970066, 0, 5, 109, 0, 0, 8014.06, 2, 0, 0, 0.17, 346, 67, 7413.28, 20516, 18978
1694970073, 0, 5, 109, 0, 0, 8014.06, 2, 0, 0, 0.14, 347, 67, 7413.28, 20516, 18978
1694970079, 0, 5, 109, 0, 0, 8014.06, 2, 0, 0, 0.17, 348, 67, 7413.28, 20516, 18978
1694970084, 0, 5, 109, 0, 0, 8014.06, 2, 0, 0, 0.21, 349, 67, 7413.28, 20516, 18978
1694970089, 0, 5, 109, 0, 0, 8014.06, 2, 0, 0, 0.19, 350, 67, 7413.28, 20516, 18978
1694970095, 0, 5, 109, 0, 0, 8014.06, 2, 0, 0, 0.16, 351, 67, 7413.28, 20516, 18978
1694970101, 0, 5, 109, 0, 0, 8014.06, 2, 0, 0, 0.19, 352, 67, 7413.28, 20516, 18978
1694970106, 0, 5, 109, 0, 0, 8014.06, 2, 0, 0, 0.17, 353, 67, 7413.28, 20516, 18978
1694970112, 0, 5, 109, 0, 0, 8014.06, 2, 0, 0, 0.18, 354, 67, 7413.28, 20516, 18978
1694970117, 0, 5, 109, 0, 0, 8014.06, 2, 0, 0, 0.21, 355, 67, 7413.28, 20516, 18978
1694970121, 0, 5, 109, 0, 0, 8014.06, 2, 0, 0, 0.23, 356, 67, 7413.28, 20516, 18978
1694970126, 0, 5, 109, 0, 0, 8014.06, 2, 0, 0, 0.23, 357, 67, 7413.28, 20516, 18978
1694970131, 0, 5, 109, 0, 0, 8014.06, 2, 0, 0, 0.19, 358, 67, 7413.28, 20516, 18978
1694970137, 0, 5, 109, 0, 0, 8014.06, 2, 0, 0, 0.17, 359, 67, 7413.28, 20516, 18978
1694970142, 0, 5, 109, 0, 0, 8014.06, 2, 0, 0, 0.19, 360, 67, 7413.28, 20516, 18978
1694970148, 0, 5, 109, 0, 0, 8014.06, 2, 0, 0, 0.16, 361, 67, 7413.28, 20516, 18978
1694970154, 0, 5, 109, 0, 0, 8014.06, 2, 0, 0, 0.18, 362, 67, 7413.28, 20516, 18978
1694970159, 0, 5, 109, 0, 0, 8014.06, 2, 0, 0, 0.21, 363, 67, 7413.28, 20516, 18978
1694970164, 0, 5, 109, 0, 0, 8014.06, 2, 0, 0, 0.20, 364, 67, 7413.28, 20516, 18978
1694970170, 0, 5, 109, 0, 0, 8014.06, 2, 0, 0, 0.16, 365, 67, 7413.28, 20516, 18978
1694970175, 0, 5, 109, 0, 0, 8014.06, 2, 0, 0, 0.20, 366, 67, 7413.28, 20516, 18978
1694970180, 0, 5, 109, 0, 0, 8014.06, 2, 0, 0, 0.19, 367, 67, 7413.28, 20516, 18978
1694970184, 0, 5, 109, 0, 0, 8014.06, 2, 0, 0, 0.25, 368, 67, 7413.28, 20516, 18978
1694970189, 0, 5, 109, 0, 0, 8014.06, 2, 0, 0, 0.21, 369, 67, 7413.28, 20516, 18978
1694970195, 0, 5, 109, 0, 0, 8014.06, 2, 0, 0, 0.15, 370, 67, 7413.28, 20516, 18978
1694970201, 0, 5, 109, 0, 0, 8014.06, 2, 0, 0, 0.19, 371, 67, 7413.28, 20516, 18978
1694970207, 0, 5, 109, 0, 0, 8014.06, 2, 0, 0, 0.16, 372, 67, 7413.28, 20516, 18978
1694970214, 0, 5, 109, 0, 0, 8014.06, 2, 0, 0, 0.14, 373, 67, 7413.28, 20516, 18978
1694970220, 0, 5, 109, 0, 0, 8014.06, 2, 0, 0, 0.19, 374, 67, 7413.28, 20516, 18978
1694970226, 0, 5, 109, 0, 0, 8014.06, 2, 0, 0, 0.15, 375, 67, 7413.28, 20516, 18978
1694970233, 0, 5, 109, 0, 0, 8014.06, 2, 0, 0, 0.14, 376, 67, 7413.28, 20516, 18978
1694970238, 0, 5, 110, 0, 0, 8014.06, 2, 0, 0, 0.22, 377, 67, 7413.28, 20516, 18978
1694970243, 0, 5, 110, 0, 0, 8014.06, 2, 0, 0, 0.20, 378, 67, 7413.28, 20516, 18978
1694970248, 0, 5, 110, 0, 0, 8014.06, 2, 0, 0, 0.18, 379, 67, 7413.28, 20516, 18978
1694970253, 0, 5, 111, 0, 0, 8014.06, 2, 0, 0, 0.22, 380, 67, 7413.28, 20516, 18978
1694970258, 0, 5, 111, 0, 0, 8014.06, 2, 0, 0, 0.21, 381, 67, 7413.28, 20516, 18978
1694970264, 0, 5, 111, 0, 0, 8014.06, 2, 0, 0, 0.17, 382, 67, 7413.28, 20516, 18978
1694970269, 0, 5, 111, 0, 0, 8014.06, 2, 0, 0, 0.20, 383, 67, 7413.28, 20516, 18978
1694970275, 0, 5, 111, 0, 0, 8014.06, 2, 0, 0, 0.15, 384, 67, 7413.28, 20516, 18978
1694970282, 0, 5, 112, 0, 0, 8014.06, 2, 0, 0, 0.16, 385, 67, 7413.28, 20516, 18978
1694970287, 0, 5, 113, 0, 0, 8014.06, 2, 0, 0, 0.18, 386, 67, 7413.28, 20516, 18978
1694970292, 0, 5, 114, 0, 0, 8014.06, 2, 0, 0, 0.19, 387, 67, 7413.28, 20516, 18978
1694970299, 0, 5, 114, 0, 0, 8014.06, 2, 0, 0, 0.15, 388, 67, 7413.28, 20516, 18978
1694970306, 0, 5, 115, 0, 0, 8014.06, 2, 0, 0, 0.13, 389, 67, 7413.28, 20516, 18978
1694970311, 0, 5, 115, 0, 0, 8014.06, 2, 0, 0, 0.23, 390, 67, 7413.28, 20516, 18978
1694970316, 0, 5, 115, 0, 0, 8014.06, 2, 0, 0, 0.18, 391, 67, 7413.28, 20516, 18978
1694970321, 0, 5, 116, 0, 0, 8014.06, 2, 0, 0, 0.22, 392, 67, 7413.28, 20516, 18978
1694970326, 0, 5, 117, 0, 0, 8014.06, 2, 0, 0, 0.19, 393, 67, 7413.28, 20516, 18978
1694970331, 0, 5, 118, 0, 0, 8014.06, 2, 0, 0, 0.18, 394, 67, 7413.28, 20516, 18978
1694970339, 0, 5, 119, 0, 0, 8014.06, 2, 0, 0, 0.14, 395, 67, 7413.28, 20516, 18978
1694970343, 0, 5, 119, 0, 0, 8014.06, 2, 0, 0, 0.24, 396, 67, 7413.28, 20516, 18978
1694970349, 0, 5, 119, 0, 0, 8014.06, 2, 0, 0, 0.17, 397, 67, 7413.28, 20516, 18978
1694970355, 0, 5, 119, 0, 0, 8014.06, 2, 0, 0, 0.16, 398, 67, 7413.28, 20516, 18978
1694970361, 0, 5, 119, 0, 0, 8014.06, 2, 0, 0, 0.17, 399, 67, 7413.28, 20516, 18978
1694970365, 0, 5, 119, 0, 0, 8014.06, 2, 0, 0, 0.24, 400, 67, 7413.28, 20516, 18978
1694970370, 0, 5, 119, 0, 0, 8014.06, 2, 0, 0, 0.18, 401, 67, 7413.28, 20516, 18978
1694970376, 0, 5, 119, 0, 0, 8014.06, 2, 0, 0, 0.17, 402, 67, 7413.28, 20516, 18978
1694970380, 0, 5, 119, 0, 0, 8014.06, 2, 0, 0, 0.25, 403, 67, 7413.28, 20516, 18978
1694970385, 0, 5, 119, 0, 0, 8014.06, 2, 0, 0, 0.20, 404, 67, 7413.28, 20516, 18978
1694970389, 0, 5, 119, 0, 0, 8014.06, 2, 0, 0, 0.24, 405, 67, 7413.28, 20516, 18978
1694970394, 0, 5, 119, 0, 0, 8014.06, 2, 0, 0, 0.21, 406, 67, 7413.28, 20516, 18978
1694970400, 0, 5, 119, 0, 0, 8014.06, 2, 0, 0, 0.15, 407, 67, 7413.28, 20516, 18978
1694970406, 0, 5, 119, 0, 0, 8014.06, 2, 0, 0, 0.18, 408, 67, 7413.28, 20516, 18978
1694970412, 0, 5, 119, 0, 0, 8014.06, 2, 0, 0, 0.15, 409, 67, 7413.28, 20516, 18978
1694970417, 0, 5, 120, 0, 0, 8014.06, 2, 0, 0, 0.20, 410, 67, 7413.28, 20516, 18978
1694970424, 0, 5, 120, 0, 0, 8014.06, 2, 0, 0, 0.15, 411, 67, 7413.28, 20516, 18978
1694970431, 0, 5, 120, 0, 0, 8014.06, 2, 0, 0, 0.15, 412, 67, 7413.28, 20516, 18978
1694970437, 0, 5, 120, 0, 0, 8014.06, 2, 0, 0, 0.18, 413, 67, 7413.28, 20516, 18978
1694970441, 0, 5, 120, 0, 0, 8014.06, 2, 0, 0, 0.21, 414, 67, 7413.28, 20516, 18978
1694970446, 0, 5, 120, 0, 0, 8014.06, 2, 0, 0, 0.20, 415, 67, 7413.28, 20516, 18978
1694970451, 0, 5, 120, 0, 0, 8014.06, 2, 0, 0, 0.20, 416, 67, 7413.28, 20516, 18978
1694970459, 0, 5, 121, 0, 0, 8014.06, 2, 0, 0, 0.14, 417, 67, 7413.28, 20516, 18978
1694970463, 0, 5, 122, 0, 0, 8014.84, 2, 0, 0, 0.22, 418, 67, 7414.06, 20518, 18980
1694970468, 0, 5, 122, 0, 0, 8014.84, 2, 0, 0, 0.21, 419, 67, 7414.06, 20518, 18980
1694970474, 0, 5, 122, 0, 0, 8014.84, 2, 0, 0, 0.18, 420, 67, 7414.06, 20518, 18980
1694970480, 0, 5, 122, 0, 0, 8014.84, 2, 0, 0, 0.15, 421, 67, 7414.06, 20518, 18980
1694970487, 0, 5, 122, 0, 0, 8014.84, 2, 0, 0, 0.15, 422, 67, 7414.06, 20518, 18980
1694970494, 0, 5, 122, 0, 0, 8014.84, 2, 0, 0, 0.15, 423, 67, 7414.06, 20518, 18980
1694970501, 0, 5, 122, 0, 0, 8014.84, 2, 0, 0, 0.14, 424, 67, 7414.06, 20518, 18980
1694970506, 0, 5, 122, 0, 0, 8014.84, 2, 0, 0, 0.19, 425, 67, 7414.06, 20518, 18980
1694970512, 0, 5, 122, 0, 0, 8014.84, 2, 0, 0, 0.18, 426, 67, 7414.06, 20518, 18980
1694970517, 0, 5, 122, 0, 0, 8014.84, 2, 0, 0, 0.19, 427, 67, 7414.06, 20518, 18980
1694970522, 0, 5, 123, 0, 0, 8014.84, 2, 0, 0, 0.18, 428, 67, 7414.06, 20518, 18980
1694970530, 0, 5, 124, 0, 0, 8014.84, 2, 0, 0, 0.14, 429, 67, 7414.06, 20518, 18980
1694970536, 0, 5, 125, 0, 0, 8014.84, 2, 0, 0, 0.15, 430, 67, 7414.06, 20518, 18980
1694970543, 0, 5, 126, 0, 0, 8014.84, 2, 0, 0, 0.14, 431, 67, 7414.06, 20518, 18980
1694970549, 0, 5, 126, 0, 0, 8014.84, 2, 0, 0, 0.17, 432, 67, 7414.06, 20518, 18980
1694970555, 0, 5, 126, 0, 0, 8014.84, 2, 0, 0, 0.17, 433, 67, 7414.06, 20518, 18980
1694970561, 0, 5, 126, 0, 0, 8014.84, 2, 0, 0, 0.17, 434, 67, 7414.06, 20518, 18980
1694970567, 0, 5, 126, 0, 0, 8014.84, 2, 0, 0, 0.16, 435, 67, 7414.06, 20518, 18980
1694970573, 0, 5, 126, 0, 0, 8014.84, 2, 0, 0, 0.16, 436, 67, 7414.06, 20518, 18980
1694970579, 0, 5, 126, 0, 0, 8014.84, 2, 0, 0, 0.18, 437, 67, 7414.06, 20518, 18980
1694970583, 0, 5, 126, 0, 0, 8014.84, 2, 0, 0, 0.24, 438, 67, 7414.06, 20518, 18980
1694970588, 0, 5, 126, 0, 0, 8014.84, 2, 0, 0, 0.21, 439, 67, 7414.06, 20518, 18980
1694970594, 0, 5, 126, 0, 0, 8014.84, 2, 0, 0, 0.18, 440, 67, 7414.06, 20518, 18980
1694970598, 0, 5, 126, 0, 0, 8014.84, 2, 0, 0, 0.24, 441, 67, 7414.06, 20518, 18980
1694970605, 0, 5, 126, 0, 0, 8014.84, 2, 0, 0, 0.14, 442, 67, 7414.06, 20518, 18980
1694970610, 0, 5, 126, 0, 0, 8014.84, 2, 0, 0, 0.18, 443, 67, 7414.06, 20518, 18980
1694970616, 0, 5, 126, 0, 0, 8014.84, 2, 0, 0, 0.19, 444, 67, 7414.06, 20518, 18980
1694970622, 0, 5, 126, 0, 0, 8014.84, 2, 0, 0, 0.17, 445, 67, 7414.06, 20518, 18980
1694970628, 0, 5, 126, 0, 0, 8014.84, 2, 0, 0, 0.15, 446, 67, 7414.06, 20518, 18980
1694970633, 0, 5, 126, 0, 0, 8014.84, 2, 0, 0, 0.19, 447, 67, 7414.06, 20518, 18980
1694970639, 0, 5, 126, 0, 0, 8014.84, 2, 0, 0, 0.18, 448, 67, 7414.06, 20518, 18980
1694970646, 0, 5, 126, 0, 0, 8014.84, 2, 0, 0, 0.15, 449, 67, 7414.06, 20518, 18980
1694970653, 0, 5, 126, 0, 0, 8014.84, 2, 0, 0, 0.14, 450, 67, 7414.06, 20518, 18980
1694970659, 0, 5, 126, 0, 0, 8014.84, 2, 0, 0, 0.17, 451, 67, 7414.06, 20518, 18980
1694970663, 0, 5, 126, 0, 0, 8014.84, 2, 0, 0, 0.23, 452, 67, 7414.06, 20518, 18980
1694970668, 0, 5, 126, 0, 0, 8014.84, 2, 0, 0, 0.19, 453, 67, 7414.06, 20518, 18980
1694970673, 0, 5, 126, 0, 0, 8014.84, 2, 0, 0, 0.22, 454, 67, 7414.06, 20518, 18980
1694970678, 0, 5, 126, 0, 0, 8014.84, 2, 0, 0, 0.20, 455, 67, 7414.06, 20518, 18980
1694970686, 0, 5, 126, 0, 0, 8014.84, 2, 0, 0, 0.13, 456, 67, 7414.06, 20518, 18980
1694970692, 0, 5, 126, 0, 0, 8014.84, 2, 0, 0, 0.17, 457, 67, 7414.06, 20518, 18980
1694970698, 0, 5, 126, 0, 0, 8014.84, 2, 0, 0, 0.15, 458, 67, 7414.06, 20518, 18980
1694970705, 0, 5, 126, 0, 0, 8014.84, 2, 0, 0, 0.15, 459, 67, 7414.06, 20518, 18980
1694970710, 0, 5, 126, 0, 0, 8014.84, 2, 0, 0, 0.20, 460, 67, 7414.06, 20518, 18980
1694970715, 0, 5, 126, 0, 0, 8014.84, 2, 0, 0, 0.18, 461, 67, 7414.06, 20518, 18980
1694970722, 0, 5, 126, 0, 0, 8014.84, 2, 0, 0, 0.17, 462, 67, 7414.06, 20518, 18980
1694970727, 0, 5, 126, 0, 0, 8014.84, 2, 0, 0, 0.17, 463, 67, 7414.06, 20518, 18980
1694970734, 0, 5, 126, 0, 0, 8014.84, 2, 0, 0, 0.15, 464, 67, 7414.06, 20518, 18980
1694970740, 0, 5, 126, 0, 0, 8014.84, 2, 0, 0, 0.17, 465, 67, 7414.06, 20518, 18980
1694970747, 0, 5, 127, 0, 0, 8015.63, 2, 0, 0, 0.15, 466, 67, 7414.84, 20520, 18982
1694970755, 0, 5, 127, 0, 0, 8015.63, 2, 0, 0, 0.13, 467, 67, 7414.84, 20520, 18982
1694970759, 0, 5, 127, 0, 0, 8015.63, 2, 0, 0, 0.22, 468, 67, 7414.84, 20520, 18982
1694970766, 0, 5, 127, 0, 0, 8015.63, 2, 0, 0, 0.15, 469, 67, 7414.84, 20520, 18982
1694970771, 0, 5, 127, 0, 0, 8015.63, 2, 0, 0, 0.19, 470, 67, 7414.84, 20520, 18982
1694970777, 0, 5, 127, 0, 0, 8015.63, 2, 0, 0, 0.17, 471, 67, 7414.84, 20520, 18982
1694970783, 0, 5, 127, 0, 0, 8015.63, 2, 0, 0, 0.16, 472, 67, 7414.84, 20520, 18982
1694970790, 0, 5, 127, 0, 0, 8015.63, 2, 0, 0, 0.13, 473, 67, 7414.84, 20520, 18982
1694970798, 0, 5, 127, 0, 0, 8015.63, 2, 0, 0, 0.14, 474, 67, 7414.84, 20520, 18982
1694970802, 0, 5, 127, 0, 0, 8015.63, 2, 0, 0, 0.22, 475, 67, 7414.84, 20520, 18982
1694970808, 0, 5, 128, 0, 0, 8015.63, 2, 0, 0, 0.19, 476, 67, 7414.84, 20520, 18982
1694970813, 0, 5, 128, 0, 0, 8015.63, 2, 0, 0, 0.18, 477, 67, 7414.84, 20520, 18982
1694970820, 0, 5, 128, 0, 0, 8015.63, 2, 0, 0, 0.16, 478, 67, 7414.84, 20520, 18982
1694970826, 0, 5, 129, 0, 0, 8015.63, 2, 0, 0, 0.17, 479, 67, 7414.84, 20520, 18982
1694970833, 0, 5, 129, 0, 0, 8015.63, 2, 0, 0, 0.14, 480, 67, 7414.84, 20520, 18982
1694970838, 0, 5, 129, 0, 0, 8015.63, 2, 0, 0, 0.18, 481, 67, 7414.84, 20520, 18982
1694970845, 0, 5, 129, 0, 0, 8015.63, 2, 0, 0, 0.16, 482, 67, 7414.84, 20520, 18982
1694970850, 0, 5, 129, 0, 0, 8015.63, 2, 0, 0, 0.19, 483, 67, 7414.84, 20520, 18982
1694970856, 0, 5, 129, 0, 0, 8015.63, 2, 0, 0, 0.18, 484, 67, 7414.84, 20520, 18982
1694970862, 0, 5, 129, 0, 0, 8015.63, 2, 0, 0, 0.16, 485, 67, 7414.84, 20520, 18982
1694970868, 0, 5, 129, 0, 0, 8015.63, 2, 0, 0, 0.18, 486, 67, 7414.84, 20520, 18982
1694970874, 0, 5, 129, 0, 0, 8015.63, 2, 0, 0, 0.15, 487, 67, 7414.84, 20520, 18982
1694970880, 0, 5, 129, 0, 0, 8015.63, 2, 0, 0, 0.17, 488, 67, 7414.84, 20520, 18982
1694970885, 0, 5, 129, 0, 0, 8015.63, 2, 0, 0, 0.22, 489, 67, 7414.84, 20520, 18982
1694970890, 0, 5, 129, 0, 0, 8015.63, 2, 0, 0, 0.20, 490, 67, 7414.84, 20520, 18982
1694970897, 0, 5, 129, 0, 0, 8015.63, 2, 0, 0, 0.14, 491, 67, 7414.84, 20520, 18982
1694970904, 0, 5, 130, 0, 0, 8015.63, 2, 0, 0, 0.15, 492, 67, 7414.84, 20520, 18982
1694970910, 0, 5, 130, 0, 0, 8015.63, 2, 0, 0, 0.17, 493, 67, 7414.84, 20520, 18982
1694970918, 0, 5, 130, 0, 0, 8015.63, 2, 0, 0, 0.13, 494, 67, 7414.84, 20520, 18982
1694970924, 0, 5, 130, 0, 0, 8015.63, 2, 0, 0, 0.17, 495, 67, 7414.84, 20520, 18982
1694970929, 0, 5, 130, 0, 0, 8015.63, 2, 0, 0, 0.19, 496, 67, 7414.84, 20520, 18982
1694970935, 0, 5, 130, 0, 0, 8015.63, 2, 0, 0, 0.17, 497, 67, 7414.84, 20520, 18982
1694970941, 0, 5, 130, 0, 0, 8015.63, 2, 0, 0, 0.17, 498, 67, 7414.84, 20520, 18982
1694970947, 0, 5, 130, 0, 0, 8015.63, 2, 0, 0, 0.16, 499, 67, 7414.84, 20520, 18982
1694970953, 0, 5, 130, 0, 0, 8015.63, 2, 0, 0, 0.17, 500, 67, 7414.84, 20520, 18982
1694970958, 0, 5, 130, 0, 0, 8015.63, 2, 0, 0, 0.17, 501, 67, 7414.84, 20520, 18982
1694970964, 0, 5, 130, 0, 0, 8015.63, 2, 0, 0, 0.18, 502, 67, 7414.84, 20520, 18982
1694970969, 0, 5, 130, 0, 0, 8015.63, 2, 0, 0, 0.20, 503, 67, 7414.84, 20520, 18982
1694970975, 0, 5, 130, 0, 0, 8015.63, 2, 0, 0, 0.16, 504, 67, 7414.84, 20520, 18982
1694970981, 0, 5, 130, 0, 0, 8015.63, 2, 0, 0, 0.19, 505, 67, 7414.84, 20520, 18982
1694970988, 0, 5, 130, 0, 0, 8015.63, 2, 0, 0, 0.14, 506, 67, 7414.84, 20520, 18982
1694970994, 0, 5, 131, 0, 0, 8015.63, 2, 0, 0, 0.15, 507, 67, 7414.84, 20520, 18982
1694971001, 0, 5, 131, 0, 0, 8015.63, 2, 0, 0, 0.14, 508, 67, 7414.84, 20520, 18982
1694971008, 0, 5, 131, 0, 0, 8015.63, 2, 0, 0, 0.16, 509, 67, 7414.84, 20520, 18982
1694971015, 0, 5, 131, 0, 0, 8015.63, 2, 0, 0, 0.13, 510, 67, 7414.84, 20520, 18982
1694971022, 0, 5, 131, 0, 0, 8015.63, 2, 0, 0, 0.15, 511, 67, 7414.84, 20520, 18982
1694971029, 0, 5, 132, 0, 0, 8015.63, 2, 0, 0, 0.14, 512, 67, 7414.84, 20520, 18982
1694971035, 0, 5, 132, 0, 0, 8015.63, 2, 0, 0, 0.18, 513, 67, 7414.84, 20520, 18982
1694971041, 0, 5, 132, 0, 0, 8015.63, 2, 0, 0, 0.15, 514, 67, 7414.84, 20520, 18982
1694971050, 0, 5, 133, 0, 0, 8015.63, 2, 0, 0, 0.12, 515, 67, 7414.84, 20520, 18982
1694971057, 0, 5, 133, 0, 0, 8015.63, 2, 0, 0, 0.13, 516, 67, 7414.84, 20520, 18982
1694971063, 0, 5, 133, 0, 0, 8015.63, 2, 0, 0, 0.16, 517, 67, 7414.84, 20520, 18982
1694971070, 0, 5, 133, 0, 0, 8015.63, 2, 0, 0, 0.15, 518, 67, 7414.84, 20520, 18982
1694971078, 0, 5, 133, 0, 0, 8015.63, 2, 0, 0, 0.13, 519, 67, 7414.84, 20520, 18982
1694971085, 0, 5, 133, 0, 0, 8015.63, 2, 0, 0, 0.13, 520, 67, 7414.84, 20520, 18982
1694971093, 0, 5, 133, 0, 0, 8015.63, 2, 0, 0, 0.13, 521, 67, 7414.84, 20520, 18982
1694971099, 0, 5, 133, 0, 0, 8015.63, 2, 0, 0, 0.17, 522, 67, 7414.84, 20520, 18982
1694971105, 0, 5, 133, 0, 0, 8015.63, 2, 0, 0, 0.17, 523, 67, 7414.84, 20520, 18982
1694971110, 0, 5, 133, 0, 0, 8015.63, 2, 0, 0, 0.18, 524, 67, 7414.84, 20520, 18982
1694971117, 0, 5, 133, 0, 0, 8015.63, 2, 0, 0, 0.15, 525, 67, 7414.84, 20520, 18982
1694971124, 0, 5, 133, 0, 0, 8015.63, 2, 0, 0, 0.15, 526, 67, 7414.84, 20520, 18982
1694971131, 0, 5, 133, 0, 0, 8015.63, 2, 0, 0, 0.14, 527, 67, 7414.84, 20520, 18982
1694971137, 0, 5, 133, 0, 0, 8015.63, 2, 0, 0, 0.15, 528, 67, 7414.84, 20520, 18982
1694971143, 0, 5, 133, 0, 0, 8015.63, 2, 0, 0, 0.18, 529, 67, 7414.84, 20520, 18982
1694971149, 0, 5, 133, 0, 0, 8015.63, 2, 0, 0, 0.15, 530, 67, 7414.84, 20520, 18982
1694971157, 0, 5, 133, 0, 0, 8015.63, 2, 0, 0, 0.13, 531, 67, 7414.84, 20520, 18982
1694971163, 0, 5, 133, 0, 0, 8015.63, 2, 0, 0, 0.17, 532, 67, 7414.84, 20520, 18982
1694971168, 0, 5, 133, 0, 0, 8015.63, 2, 0, 0, 0.20, 533, 67, 7414.84, 20520, 18982
1694971179, 0, 5, 134, 0, 0, 8015.63, 2, 0, 0, 0.09, 534, 67, 7414.84, 20520, 18982
1694971185, 0, 5, 134, 0, 0, 8015.63, 2, 0, 0, 0.16, 535, 67, 7414.84, 20520, 18982
1694971191, 0, 5, 134, 0, 0, 8015.63, 2, 0, 0, 0.15, 536, 67, 7414.84, 20520, 18982
1694971196, 0, 5, 134, 0, 0, 8015.63, 2, 0, 0, 0.20, 537, 67, 7414.84, 20520, 18982
1694971203, 0, 5, 134, 0, 0, 8015.63, 2, 0, 0, 0.15, 538, 67, 7414.84, 20520, 18982
1694971209, 0, 5, 134, 0, 0, 8015.63, 2, 0, 0, 0.17, 539, 67, 7414.84, 20520, 18982
1694971216, 0, 5, 134, 0, 0, 8015.63, 2, 0, 0, 0.14, 540, 67, 7414.84, 20520, 18982
1694971222, 0, 5, 134, 0, 0, 8015.63, 2, 0, 0, 0.16, 541, 67, 7414.84, 20520, 18982
1694971227, 0, 5, 134, 0, 0, 8015.63, 2, 0, 0, 0.22, 542, 67, 7414.84, 20520, 18982
1694971233, 0, 5, 134, 0, 0, 8015.63, 2, 0, 0, 0.15, 543, 67, 7414.84, 20520, 18982
1694971240, 0, 5, 134, 0, 0, 8015.63, 2, 0, 0, 0.15, 544, 67, 7414.84, 20520, 18982
1694971247, 0, 5, 134, 0, 0, 8015.63, 2, 0, 0, 0.15, 545, 67, 7414.84, 20520, 18982
1694971253, 0, 5, 134, 0, 0, 8015.63, 2, 0, 0, 0.16, 546, 67, 7414.84, 20520, 18982
1694971259, 0, 5, 134, 0, 0, 8015.63, 2, 0, 0, 0.16, 547, 67, 7414.84, 20520, 18982
1694971265, 0, 5, 134, 0, 0, 8015.63, 2, 0, 0, 0.16, 548, 67, 7414.84, 20520, 18982
1694971272, 0, 5, 134, 0, 0, 8015.63, 2, 0, 0, 0.16, 549, 67, 7414.84, 20520, 18982
1694971276, 0, 5, 134, 0, 0, 8015.63, 2, 0, 0, 0.22, 550, 67, 7414.84, 20520, 18982
1694971283, 0, 5, 134, 0, 0, 8015.63, 2, 0, 0, 0.15, 551, 67, 7414.84, 20520, 18982
1694971289, 0, 5, 134, 0, 0, 8015.63, 2, 0, 0, 0.15, 552, 67, 7414.84, 20520, 18982
1694971296, 0, 5, 134, 0, 0, 8015.63, 2, 0, 0, 0.15, 553, 67, 7414.84, 20520, 18982
1694971302, 0, 5, 134, 0, 0, 8015.63, 2, 0, 0, 0.17, 554, 67, 7414.84, 20520, 18982
1694971308, 0, 5, 134, 0, 0, 8015.63, 2, 0, 0, 0.17, 555, 67, 7414.84, 20520, 18982
1694971313, 0, 5, 134, 0, 0, 8015.63, 2, 0, 0, 0.18, 556, 67, 7414.84, 20520, 18982
1694971320, 0, 5, 134, 0, 0, 8015.63, 2, 0, 0, 0.15, 557, 67, 7414.84, 20520, 18982
1694971327, 0, 5, 134, 0, 0, 8015.63, 2, 0, 0, 0.13, 558, 67, 7414.84, 20520, 18982
1694971335, 0, 5, 134, 0, 0, 8015.63, 2, 0, 0, 0.14, 559, 67, 7414.84, 20520, 18982
1694971340, 0, 5, 134, 0, 0, 8015.63, 2, 0, 0, 0.19, 560, 67, 7414.84, 20520, 18982
1694971346, 0, 5, 134, 0, 0, 8015.63, 2, 0, 0, 0.16, 561, 67, 7414.84, 20520, 18982
1694971353, 0, 5, 134, 0, 0, 8015.63, 2, 0, 0, 0.15, 562, 67, 7414.84, 20520, 18982
1694971360, 0, 5, 134, 0, 0, 8015.63, 2, 0, 0, 0.15, 563, 67, 7414.84, 20520, 18982
1694971366, 0, 5, 134, 0, 0, 8015.63, 2, 0, 0, 0.15, 564, 67, 7414.84, 20520, 18982
1694971372, 0, 5, 134, 0, 0, 8015.63, 2, 0, 0, 0.17, 565, 67, 7414.84, 20520, 18982
1694971379, 0, 5, 134, 0, 0, 8015.63, 2, 0, 0, 0.13, 566, 67, 7414.84, 20520, 18982
1694971387, 0, 5, 134, 0, 0, 8015.63, 2, 0, 0, 0.13, 567, 67, 7414.84, 20520, 18982
1694971394, 0, 5, 134, 0, 0, 8015.63, 2, 0, 0, 0.13, 568, 67, 7414.84, 20520, 18982
1694971400, 0, 5, 134, 0, 0, 8015.63, 2, 0, 0, 0.17, 569, 67, 7414.84, 20520, 18982
1694971406, 0, 5, 134, 0, 0, 8015.63, 2, 0, 0, 0.16, 570, 67, 7414.84, 20520, 18982
1694971412, 0, 5, 134, 0, 0, 8015.63, 2, 0, 0, 0.17, 571, 67, 7414.84, 20520, 18982
1694971418, 0, 5, 134, 0, 0, 8015.63, 2, 0, 0, 0.19, 572, 67, 7414.84, 20520, 18982
1694971424, 0, 5, 134, 0, 0, 8015.63, 2, 0, 0, 0.15, 573, 67, 7414.84, 20520, 18982
1694971430, 0, 5, 134, 0, 0, 8015.63, 2, 0, 0, 0.17, 574, 67, 7414.84, 20520, 18982
1694971436, 0, 5, 134, 0, 0, 8015.63, 2, 0, 0, 0.18, 575, 67, 7414.84, 20520, 18982
1694971442, 0, 5, 134, 0, 0, 8015.63, 2, 0, 0, 0.16, 576, 67, 7414.84, 20520, 18982
1694971448, 0, 5, 134, 0, 0, 8015.63, 2, 0, 0, 0.16, 577, 67, 7414.84, 20520, 18982
1694971454, 0, 5, 134, 0, 0, 8015.63, 2, 0, 0, 0.17, 578, 67, 7414.84, 20520, 18982
1694971461, 0, 5, 134, 0, 0, 8015.63, 2, 0, 0, 0.15, 579, 67, 7414.84, 20520, 18982
1694971466, 0, 5, 134, 0, 0, 8015.63, 2, 0, 0, 0.18, 580, 67, 7414.84, 20520, 18982
1694971475, 0, 5, 134, 0, 0, 8015.63, 2, 0, 0, 0.12, 581, 67, 7414.84, 20520, 18982
1694971482, 0, 5, 135, 0, 0, 8015.63, 2, 0, 0, 0.14, 582, 67, 7414.84, 20520, 18982
1694971488, 0, 5, 135, 0, 0, 8015.63, 2, 0, 0, 0.16, 583, 67, 7414.84, 20520, 18982
1694971495, 0, 5, 135, 0, 0, 8015.63, 2, 0, 0, 0.14, 584, 67, 7414.84, 20520, 18982
1694971502, 0, 5, 135, 0, 0, 8015.63, 2, 0, 0, 0.14, 585, 67, 7414.84, 20520, 18982
1694971508, 0, 5, 135, 0, 0, 8015.63, 2, 0, 0, 0.16, 586, 67, 7414.84, 20520, 18982
1694971515, 0, 5, 135, 0, 0, 8015.63, 2, 0, 0, 0.15, 587, 67, 7414.84, 20520, 18982
1694971522, 0, 5, 135, 0, 0, 8015.63, 2, 0, 0, 0.14, 588, 67, 7414.84, 20520, 18982
1694971527, 0, 5, 135, 0, 0, 8015.63, 2, 0, 0, 0.18, 589, 67, 7414.84, 20520, 18982
1694971534, 0, 5, 135, 0, 0, 8015.63, 2, 0, 0, 0.16, 590, 67, 7414.84, 20520, 18982
1694971540, 0, 5, 135, 0, 0, 8015.63, 2, 0, 0, 0.15, 591, 67, 7414.84, 20520, 18982
1694971547, 0, 5, 135, 0, 0, 8015.63, 2, 0, 0, 0.15, 592, 67, 7414.84, 20520, 18982
1694971553, 0, 5, 135, 0, 0, 8015.63, 2, 0, 0, 0.17, 593, 67, 7414.84, 20520, 18982
1694971559, 0, 5, 136, 0, 0, 8015.63, 2, 0, 0, 0.16, 594, 67, 7414.84, 20520, 18982
1694971565, 0, 5, 136, 0, 0, 8015.63, 2, 0, 0, 0.16, 595, 67, 7414.84, 20520, 18982
1694971572, 0, 5, 136, 0, 0, 8015.63, 2, 0, 0, 0.15, 596, 67, 7414.84, 20520, 18982
1694971578, 0, 5, 136, 0, 0, 8015.63, 2, 0, 0, 0.17, 597, 67, 7414.84, 20520, 18982
1694971582, 0, 5, 136, 0, 0, 8015.63, 2, 0, 0, 0.21, 598, 67, 7414.84, 20520, 18982
1694971589, 0, 5, 136, 0, 0, 8015.63, 2, 0, 0, 0.15, 599, 67, 7414.84, 20520, 18982
1694971596, 0, 5, 136, 0, 0, 8015.63, 2, 0, 0, 0.14, 600, 67, 7414.84, 20520, 18982
1694971602, 0, 5, 136, 0, 0, 8015.63, 2, 0, 0, 0.17, 601, 67, 7414.84, 20520, 18982
1694971608, 0, 5, 136, 0, 0, 8015.63, 2, 0, 0, 0.17, 602, 67, 7414.84, 20520, 18982
1694971615, 0, 5, 136, 0, 0, 8015.63, 2, 0, 0, 0.14, 603, 67, 7414.84, 20520, 18982
1694971622, 0, 5, 136, 0, 0, 8015.63, 2, 0, 0, 0.15, 604, 67, 7414.84, 20520, 18982
1694971629, 0, 5, 136, 0, 0, 8015.63, 2, 0, 0, 0.15, 605, 67, 7414.84, 20520, 18982
1694971636, 0, 5, 136, 0, 0, 8015.63, 2, 0, 0, 0.13, 606, 67, 7414.84, 20520, 18982
1694971643, 0, 5, 136, 0, 0, 8015.63, 2, 0, 0, 0.14, 607, 67, 7414.84, 20520, 18982
1694971651, 0, 5, 136, 0, 0, 8015.63, 2, 0, 0, 0.14, 608, 67, 7414.84, 20520, 18982
1694971658, 0, 5, 136, 0, 0, 8015.63, 2, 0, 0, 0.14, 609, 67, 7414.84, 20520, 18982
1694971664, 0, 5, 136, 0, 0, 8015.63, 2, 0, 0, 0.17, 610, 67, 7414.84, 20520, 18982
1694971669, 0, 5, 136, 0, 0, 8015.63, 2, 0, 0, 0.19, 611, 67, 7414.84, 20520, 18982
1694971675, 0, 5, 136, 0, 0, 8015.63, 2, 0, 0, 0.17, 612, 67, 7414.84, 20520, 18982
1694971681, 0, 5, 136, 0, 0, 8015.63, 2, 0, 0, 0.16, 613, 67, 7414.84, 20520, 18982
1694971688, 0, 5, 136, 0, 0, 8015.63, 2, 0, 0, 0.15, 614, 67, 7414.84, 20520, 18982
1694971696, 0, 5, 136, 0, 0, 8015.63, 2, 0, 0, 0.13, 615, 67, 7414.84, 20520, 18982
1694971703, 0, 5, 137, 0, 0, 8015.63, 2, 0, 0, 0.14, 616, 67, 7414.84, 20520, 18982
1694971710, 0, 5, 137, 0, 0, 8015.63, 2, 0, 0, 0.13, 617, 67, 7414.84, 20520, 18982
1694971716, 0, 5, 137, 0, 0, 8015.63, 2, 0, 0, 0.18, 618, 67, 7414.84, 20520, 18982
1694971723, 0, 5, 137, 0, 0, 8015.63, 2, 0, 0, 0.14, 619, 67, 7414.84, 20520, 18982
1694971730, 0, 5, 137, 0, 0, 8015.63, 2, 0, 0, 0.14, 620, 67, 7414.84, 20520, 18982
1694971736, 0, 5, 137, 0, 0, 8015.63, 2, 0, 0, 0.17, 621, 67, 7414.84, 20520, 18982
1694971742, 0, 5, 137, 0, 0, 8015.63, 2, 0, 0, 0.16, 622, 67, 7414.84, 20520, 18982
1694971749, 0, 5, 137, 0, 0, 8015.63, 2, 0, 0, 0.14, 623, 67, 7414.84, 20520, 18982
1694971756, 0, 5, 137, 0, 0, 8015.63, 2, 0, 0, 0.14, 624, 67, 7414.84, 20520, 18982
1694971763, 0, 5, 137, 0, 0, 8015.63, 2, 0, 0, 0.15, 625, 67, 7414.84, 20520, 18982
1694971770, 0, 5, 137, 0, 0, 8015.63, 2, 0, 0, 0.14, 626, 67, 7414.84, 20520, 18982
1694971776, 0, 5, 137, 0, 0, 8015.63, 2, 0, 0, 0.16, 627, 67, 7414.84, 20520, 18982
1694971783, 0, 5, 137, 0, 0, 8015.63, 2, 0, 0, 0.15, 628, 67, 7414.84, 20520, 18982
1694971789, 0, 5, 137, 0, 0, 8015.63, 2, 0, 0, 0.17, 629, 67, 7414.84, 20520, 18982
1694971794, 0, 5, 137, 0, 0, 8015.63, 2, 0, 0, 0.21, 630, 67, 7414.84, 20520, 18982
1694971801, 0, 5, 137, 0, 0, 8015.63, 2, 0, 0, 0.14, 631, 67, 7414.84, 20520, 18982
1694971809, 0, 5, 137, 0, 0, 8015.63, 2, 0, 0, 0.12, 632, 67, 7414.84, 20520, 18982
1694971815, 0, 5, 137, 0, 0, 8015.63, 2, 0, 0, 0.16, 633, 67, 7414.84, 20520, 18982
1694971822, 0, 5, 137, 0, 0, 8015.63, 2, 0, 0, 0.15, 634, 67, 7414.84, 20520, 18982
1694971830, 0, 5, 137, 0, 0, 8015.63, 2, 0, 0, 0.13, 635, 67, 7414.84, 20520, 18982
1694971837, 0, 5, 137, 0, 0, 8015.63, 2, 0, 0, 0.13, 636, 67, 7414.84, 20520, 18982
1694971843, 0, 5, 137, 0, 0, 8015.63, 2, 0, 0, 0.19, 637, 67, 7414.84, 20520, 18982
1694971850, 0, 5, 137, 0, 0, 8015.63, 2, 0, 0, 0.13, 638, 67, 7414.84, 20520, 18982
1694971857, 0, 5, 137, 0, 0, 8015.63, 2, 0, 0, 0.15, 639, 67, 7414.84, 20520, 18982
1694971863, 0, 5, 137, 0, 0, 8015.63, 2, 0, 0, 0.16, 640, 67, 7414.84, 20520, 18982
1694971871, 0, 5, 138, 0, 0, 8015.63, 2, 0, 0, 0.14, 641, 67, 7414.84, 20520, 18982
1694971876, 0, 5, 139, 0, 0, 8015.63, 2, 0, 0, 0.18, 642, 67, 7414.84, 20520, 18982
1694971885, 0, 5, 140, 0, 0, 8015.63, 2, 0, 0, 0.12, 643, 67, 7414.84, 20520, 18982
1694971890, 0, 5, 140, 0, 0, 8015.63, 2, 0, 0, 0.18, 644, 67, 7414.84, 20520, 18982
1694971897, 0, 5, 141, 0, 0, 8015.63, 2, 0, 0, 0.14, 645, 67, 7414.84, 20520, 18982
1694971905, 0, 5, 141, 0, 0, 8015.63, 2, 0, 0, 0.14, 646, 67, 7414.84, 20520, 18982
1694971912, 0, 5, 141, 0, 0, 8015.63, 2, 0, 0, 0.14, 647, 67, 7414.84, 20520, 18982
1694971919, 0, 5, 142, 0, 0, 8015.63, 2, 0, 0, 0.13, 648, 67, 7414.84, 20520, 18982
1694971928, 0, 5, 143, 0, 0, 8015.63, 2, 0, 0, 0.12, 649, 67, 7414.84, 20520, 18982
1694971935, 0, 5, 144, 0, 0, 8015.63, 2, 0, 0, 0.14, 650, 67, 7414.84, 20520, 18982
1694971942, 0, 5, 145, 0, 0, 8015.63, 2, 0, 0, 0.14, 651, 67, 7414.84, 20520, 18982
1694971948, 0, 5, 146, 0, 0, 8015.63, 2, 0, 0, 0.17, 652, 67, 7414.84, 20520, 18982
1694971954, 0, 5, 146, 0, 0, 8015.63, 2, 0, 0, 0.15, 653, 67, 7414.84, 20520, 18982
1694971960, 0, 5, 146, 0, 0, 8015.63, 2, 0, 0, 0.17, 654, 67, 7414.84, 20520, 18982
1694971968, 0, 5, 146, 0, 0, 8015.63, 2, 0, 0, 0.13, 655, 67, 7414.84, 20520, 18982
1694971975, 0, 5, 146, 0, 0, 8015.63, 2, 0, 0, 0.15, 656, 67, 7414.84, 20520, 18982
1694971981, 0, 5, 146, 0, 0, 8015.63, 2, 0, 0, 0.16, 657, 67, 7414.84, 20520, 18982
1694971988, 0, 5, 146, 0, 0, 8015.63, 2, 0, 0, 0.15, 658, 67, 7414.84, 20520, 18982
1694971995, 0, 5, 147, 0, 0, 8015.63, 2, 0, 0, 0.13, 659, 67, 7414.84, 20520, 18982
1694972002, 0, 5, 147, 0, 0, 8015.63, 2, 0, 0, 0.15, 660, 67, 7414.84, 20520, 18982
1694972010, 0, 5, 147, 0, 0, 8015.63, 2, 0, 0, 0.13, 661, 67, 7414.84, 20520, 18982
1694972018, 0, 5, 147, 0, 0, 8015.63, 2, 0, 0, 0.13, 662, 67, 7414.84, 20520, 18982
1694972025, 0, 5, 147, 0, 0, 8015.63, 2, 0, 0, 0.14, 663, 67, 7414.84, 20520, 18982
1694972032, 0, 5, 148, 0, 0, 8015.63, 2, 0, 0, 0.15, 664, 67, 7414.84, 20520, 18982
1694972037, 0, 5, 148, 0, 0, 8015.63, 2, 0, 0, 0.17, 665, 67, 7414.84, 20520, 18982
1694972045, 0, 5, 148, 0, 0, 8015.63, 2, 0, 0, 0.13, 666, 67, 7414.84, 20520, 18982
1694972053, 0, 5, 148, 0, 0, 8015.63, 2, 0, 0, 0.13, 667, 67, 7414.84, 20520, 18982
1694972060, 0, 5, 148, 0, 0, 8015.63, 2, 0, 0, 0.15, 668, 67, 7414.84, 20520, 18982
1694972067, 0, 5, 148, 0, 0, 8015.63, 2, 0, 0, 0.15, 669, 67, 7414.84, 20520, 18982
1694972072, 0, 5, 148, 0, 0, 8015.63, 2, 0, 0, 0.20, 670, 67, 7414.84, 20520, 18982
1694972078, 0, 5, 148, 0, 0, 8015.63, 2, 0, 0, 0.17, 671, 67, 7414.84, 20520, 18982
1694972085, 0, 5, 149, 0, 0, 8015.63, 2, 0, 0, 0.13, 672, 67, 7414.84, 20520, 18982
1694972092, 0, 5, 149, 0, 0, 8015.63, 2, 0, 0, 0.15, 673, 67, 7414.84, 20520, 18982
1694972100, 0, 5, 149, 0, 0, 8015.63, 2, 0, 0, 0.12, 674, 67, 7414.84, 20520, 18982
1694972107, 0, 5, 149, 0, 0, 8015.63, 2, 0, 0, 0.15, 675, 67, 7414.84, 20520, 18982
1694972115, 0, 5, 149, 0, 0, 8015.63, 2, 0, 0, 0.12, 676, 67, 7414.84, 20520, 18982
1694972121, 0, 5, 149, 0, 0, 8015.63, 2, 0, 0, 0.16, 677, 67, 7414.84, 20520, 18982
1694972128, 0, 5, 149, 0, 0, 8015.63, 2, 0, 0, 0.15, 678, 67, 7414.84, 20520, 18982
1694972135, 0, 5, 149, 0, 0, 8015.63, 2, 0, 0, 0.14, 679, 67, 7414.84, 20520, 18982
1694972143, 0, 5, 149, 0, 0, 8015.63, 2, 0, 0, 0.13, 680, 67, 7414.84, 20520, 18982
1694972149, 0, 5, 149, 0, 0, 8015.63, 2, 0, 0, 0.16, 681, 67, 7414.84, 20520, 18982
1694972154, 0, 5, 149, 0, 0, 8015.63, 2, 0, 0, 0.18, 682, 67, 7414.84, 20520, 18982
1694972161, 0, 5, 149, 0, 0, 8015.63, 2, 0, 0, 0.15, 683, 67, 7414.84, 20520, 18982
1694972168, 0, 5, 150, 0, 0, 8015.63, 2, 0, 0, 0.14, 684, 67, 7414.84, 20520, 18982
1694972177, 0, 5, 151, 0, 0, 8015.63, 2, 0, 0, 0.12, 685, 67, 7414.84, 20520, 18982
1694972184, 0, 5, 152, 0, 0, 8015.63, 2, 0, 0, 0.13, 686, 67, 7414.84, 20520, 18982
1694972192, 0, 5, 153, 0, 0, 8015.63, 2, 0, 0, 0.14, 687, 67, 7414.84, 20520, 18982
1694972199, 0, 5, 153, 0, 0, 8015.63, 2, 0, 0, 0.14, 688, 67, 7414.84, 20520, 18982
1694972204, 0, 5, 153, 0, 0, 8015.63, 2, 0, 0, 0.18, 689, 67, 7414.84, 20520, 18982
1694972214, 0, 5, 154, 0, 0, 8015.63, 2, 0, 0, 0.10, 690, 67, 7414.84, 20520, 18982
1694972221, 0, 5, 154, 0, 0, 8015.63, 2, 0, 0, 0.13, 691, 67, 7414.84, 20520, 18982
1694972229, 0, 5, 154, 0, 0, 8015.63, 2, 0, 0, 0.13, 692, 67, 7414.84, 20520, 18982
1694972234, 0, 5, 154, 0, 0, 8015.63, 2, 0, 0, 0.19, 693, 67, 7414.84, 20520, 18982
1694972242, 0, 5, 154, 0, 0, 8015.63, 2, 0, 0, 0.14, 694, 67, 7414.84, 20520, 18982
1694972248, 0, 5, 154, 0, 0, 8015.63, 2, 0, 0, 0.16, 695, 67, 7414.84, 20520, 18982
1694972254, 0, 5, 154, 0, 0, 8015.63, 2, 0, 0, 0.16, 696, 67, 7414.84, 20520, 18982
1694972262, 0, 5, 154, 0, 0, 8015.63, 2, 0, 0, 0.13, 697, 67, 7414.84, 20520, 18982
1694972270, 0, 5, 154, 0, 0, 8015.63, 2, 0, 0, 0.12, 698, 67, 7414.84, 20520, 18982
1694972277, 0, 5, 154, 0, 0, 8015.63, 2, 0, 0, 0.14, 699, 67, 7414.84, 20520, 18982
1694972284, 0, 5, 154, 0, 0, 8015.63, 2, 0, 0, 0.16, 700, 67, 7414.84, 20520, 18982
1694972291, 0, 5, 154, 0, 0, 8015.63, 2, 0, 0, 0.14, 701, 67, 7414.84, 20520, 18982
1694972299, 0, 5, 154, 0, 0, 8015.63, 2, 0, 0, 0.13, 702, 67, 7414.84, 20520, 18982
1694972306, 0, 5, 154, 0, 0, 8015.63, 2, 0, 0, 0.13, 703, 67, 7414.84, 20520, 18982
1694972312, 0, 5, 154, 0, 0, 8015.63, 2, 0, 0, 0.16, 704, 67, 7414.84, 20520, 18982
1694972320, 0, 5, 154, 0, 0, 8015.63, 2, 0, 0, 0.14, 705, 67, 7414.84, 20520, 18982
1694972327, 0, 5, 154, 0, 0, 8015.63, 2, 0, 0, 0.14, 706, 67, 7414.84, 20520, 18982
1694972334, 0, 5, 154, 0, 0, 8015.63, 2, 0, 0, 0.14, 707, 67, 7414.84, 20520, 18982
1694972340, 0, 5, 154, 0, 0, 8015.63, 2, 0, 0, 0.17, 708, 67, 7414.84, 20520, 18982
1694972346, 0, 5, 154, 0, 0, 8015.63, 2, 0, 0, 0.16, 709, 67, 7414.84, 20520, 18982
1694972354, 0, 5, 154, 0, 0, 8015.63, 2, 0, 0, 0.13, 710, 67, 7414.84, 20520, 18982
1694972361, 0, 5, 154, 0, 0, 8015.63, 2, 0, 0, 0.13, 711, 67, 7414.84, 20520, 18982
1694972368, 0, 5, 154, 0, 0, 8015.63, 2, 0, 0, 0.14, 712, 67, 7414.84, 20520, 18982
1694972376, 0, 5, 154, 0, 0, 8015.63, 2, 0, 0, 0.14, 713, 67, 7414.84, 20520, 18982
1694972384, 0, 5, 154, 0, 0, 8015.63, 2, 0, 0, 0.13, 714, 67, 7414.84, 20520, 18982
1694972390, 0, 5, 154, 0, 0, 8015.63, 2, 0, 0, 0.15, 715, 67, 7414.84, 20520, 18982
1694972397, 0, 5, 154, 0, 0, 8015.63, 2, 0, 0, 0.15, 716, 67, 7414.84, 20520, 18982
1694972405, 0, 5, 154, 0, 0, 8015.63, 2, 0, 0, 0.13, 717, 67, 7414.84, 20520, 18982
1694972412, 0, 5, 154, 0, 0, 8015.63, 2, 0, 0, 0.14, 718, 67, 7414.84, 20520, 18982
1694972419, 0, 5, 154, 0, 0, 8015.63, 2, 0, 0, 0.14, 719, 67, 7414.84, 20520, 18982
1694972425, 0, 5, 154, 0, 0, 8015.63, 2, 0, 0, 0.16, 720, 67, 7414.84, 20520, 18982
1694972431, 0, 5, 154, 0, 0, 8015.63, 2, 0, 0, 0.16, 721, 67, 7414.84, 20520, 18982
1694972440, 0, 5, 154, 0, 0, 8015.63, 2, 0, 0, 0.12, 722, 67, 7414.84, 20520, 18982
1694972445, 0, 5, 154, 0, 0, 8015.63, 2, 0, 0, 0.17, 723, 67, 7414.84, 20520, 18982
1694972452, 0, 5, 154, 0, 0, 8015.63, 2, 0, 0, 0.14, 724, 67, 7414.84, 20520, 18982
1694972460, 0, 5, 154, 0, 0, 8015.63, 2, 0, 0, 0.13, 725, 67, 7414.84, 20520, 18982
1694972468, 0, 5, 154, 0, 0, 8015.63, 2, 0, 0, 0.12, 726, 67, 7414.84, 20520, 18982
1694972475, 0, 5, 154, 0, 0, 8015.63, 2, 0, 0, 0.14, 727, 67, 7414.84, 20520, 18982
1694972482, 0, 5, 154, 0, 0, 8015.63, 2, 0, 0, 0.16, 728, 67, 7414.84, 20520, 18982
1694972488, 0, 5, 154, 0, 0, 8015.63, 2, 0, 0, 0.15, 729, 67, 7414.84, 20520, 18982
1694972497, 0, 5, 154, 0, 0, 8015.63, 2, 0, 0, 0.12, 730, 67, 7414.84, 20520, 18982
1694972503, 0, 5, 154, 0, 0, 8015.63, 2, 0, 0, 0.15, 731, 67, 7414.84, 20520, 18982
1694972510, 0, 5, 154, 0, 0, 8015.63, 2, 0, 0, 0.16, 732, 67, 7414.84, 20520, 18982
1694972517, 0, 5, 154, 0, 0, 8015.63, 2, 0, 0, 0.13, 733, 67, 7414.84, 20520, 18982
1694972525, 0, 5, 154, 0, 0, 8015.63, 2, 0, 0, 0.12, 734, 67, 7414.84, 20520, 18982
1694972530, 0, 5, 154, 0, 0, 8015.63, 2, 0, 0, 0.19, 735, 67, 7414.84, 20520, 18982
1694972538, 0, 5, 154, 0, 0, 8015.63, 2, 0, 0, 0.14, 736, 67, 7414.84, 20520, 18982
1694972545, 0, 5, 154, 0, 0, 8015.63, 2, 0, 0, 0.13, 737, 67, 7414.84, 20520, 18982
1694972552, 0, 5, 154, 0, 0, 8015.63, 2, 0, 0, 0.14, 738, 67, 7414.84, 20520, 18982
1694972559, 0, 5, 154, 0, 0, 8015.63, 2, 0, 0, 0.15, 739, 67, 7414.84, 20520, 18982
1694972566, 0, 5, 154, 0, 0, 8015.63, 2, 0, 0, 0.14, 740, 67, 7414.84, 20520, 18982
1694972573, 0, 5, 154, 0, 0, 8015.63, 2, 0, 0, 0.14, 741, 67, 7414.84, 20520, 18982
1694972582, 0, 5, 154, 0, 0, 8015.63, 2, 0, 0, 0.11, 742, 67, 7414.84, 20520, 18982
1694972590, 0, 5, 154, 0, 0, 8015.63, 2, 0, 0, 0.14, 743, 67, 7414.84, 20520, 18982
1694972595, 0, 5, 154, 0, 0, 8015.63, 2, 0, 0, 0.19, 744, 67, 7414.84, 20520, 18982
1694972603, 0, 5, 154, 0, 0, 8015.63, 2, 0, 0, 0.12, 745, 67, 7414.84, 20520, 18982
1694972611, 0, 5, 154, 0, 0, 8015.63, 2, 0, 0, 0.13, 746, 67, 7414.84, 20520, 18982
1694972617, 0, 5, 154, 0, 0, 8015.63, 2, 0, 0, 0.15, 747, 67, 7414.84, 20520, 18982
1694972617, 0, 5, 154, 0, 0, 8015.63, 2, 0, 0, 0.00, 747, 67, 7414.84, 20520, 18982
