# unix_time, cycles_done, cur_path, paths_total, pending_total, pending_favs, map_size, unique_crashes, unique_hangs, max_depth, execs_per_sec, valid_inputs, invalid_inputs, valid_cov, all_covered_probes, valid_covered_probes
1695567166, 0, 0, 1, 0, 0, 3849.61, 0, 0, 0, 0.56, 1, 0, 3849.61, 9855, 9855
1695567184, 0, 0, 1, 0, 0, 3849.61, 1, 0, 0, 0.05, 1, 1, 3849.61, 9855, 9855
1695567184, 0, 0, 2, 0, 0, 4456.64, 1, 0, 0, 2.47, 2, 1, 4456.64, 11409, 11409
1695567203, 0, 0, 6, 0, 0, 20857.81, 1, 0, 0, 0.22, 5, 2, 20800.78, 53396, 53250
1695567203, 0, 0, 13, 0, 0, 21275.78, 1, 0, 0, 52.63, 17, 6, 20830.86, 54466, 53327
1695567214, 0, 0, 14, 0, 0, 21336.72, 1, 0, 0, 0.18, 19, 6, 20891.80, 54622, 53483
1695567215, 0, 0, 17, 0, 0, 21621.09, 1, 0, 0, 10.67, 22, 7, 21192.19, 55350, 54252
1695567227, 0, 0, 22, 0, 0, 21814.84, 1, 0, 0, 1.45, 37, 9, 21379.69, 55846, 54732
1695567241, 0, 0, 30, 0, 0, 21841.41, 1, 0, 0, 1.17, 51, 12, 21406.25, 55914, 54800
1695567254, 0, 0, 33, 0, 0, 21854.69, 1, 0, 0, 0.38, 55, 13, 21421.48, 55948, 54839
1695567267, 0, 0, 39, 0, 0, 21879.30, 1, 0, 0, 0.73, 63, 14, 21443.36, 56011, 54895
1695567281, 0, 0, 44, 0, 0, 21880.47, 1, 0, 0, 0.55, 70, 15, 21444.53, 56014, 54898
1695567292, 0, 0, 46, 0, 0, 21881.64, 1, 0, 0, 0.29, 72, 16, 21445.70, 56017, 54901
1695567302, 0, 0, 49, 0, 0, 21881.64, 1, 0, 0, 0.94, 81, 17, 21445.70, 56017, 54901
1695567316, 0, 0, 51, 0, 0, 21896.88, 1, 0, 0, 0.15, 83, 17, 21460.94, 56056, 54940
1695567326, 0, 0, 55, 0, 0, 21908.98, 1, 0, 0, 0.98, 92, 18, 21473.05, 56087, 54971
1695567338, 0, 0, 56, 0, 0, 21932.42, 1, 0, 0, 0.09, 93, 18, 21496.48, 56147, 55031
1695567349, 0, 0, 57, 0, 0, 21932.42, 1, 0, 0, 0.09, 94, 18, 21496.48, 56147, 55031
1695567361, 0, 0, 61, 0, 0, 21935.55, 1, 0, 0, 0.59, 100, 19, 21499.61, 56155, 55039
1695567375, 0, 0, 63, 0, 0, 22165.23, 1, 0, 0, 0.42, 104, 21, 21729.30, 56743, 55627
1695567385, 0, 0, 66, 0, 0, 22172.66, 1, 0, 0, 0.86, 110, 24, 21736.72, 56762, 55646
1695567399, 0, 0, 70, 0, 0, 22177.73, 1, 0, 0, 0.53, 116, 25, 21741.80, 56775, 55659
1695567409, 0, 0, 72, 0, 0, 22178.13, 1, 0, 0, 0.67, 121, 27, 21742.19, 56776, 55660
1695567409, 0, 1, 78, 0, 0, 22178.52, 1, 0, 0, 108.70, 145, 38, 21742.58, 56777, 55661
1695567420, 0, 1, 79, 0, 0, 22180.08, 1, 0, 0, 0.62, 152, 38, 21744.14, 56781, 55665
1695567431, 0, 1, 81, 0, 0, 22180.08, 1, 0, 0, 0.38, 155, 39, 21744.14, 56781, 55665
1695567443, 0, 1, 85, 0, 0, 22184.77, 1, 0, 0, 0.91, 161, 44, 21744.14, 56793, 55665
1695567454, 0, 1, 87, 0, 0, 22184.77, 1, 0, 0, 1.14, 173, 45, 21744.14, 56793, 55665
1695567465, 0, 1, 87, 0, 0, 22184.77, 2, 0, 0, 0.89, 180, 47, 21744.14, 56793, 55665
1695567477, 0, 1, 88, 0, 0, 22184.77, 2, 0, 0, 0.67, 188, 47, 21744.14, 56793, 55665
1695567491, 0, 1, 89, 0, 0, 22202.34, 2, 0, 0, 0.20, 191, 47, 21761.72, 56838, 55710
1695567504, 0, 2, 94, 0, 0, 22202.34, 2, 0, 0, 1.17, 201, 52, 21761.72, 56838, 55710
1695567505, 0, 2, 97, 0, 0, 22202.34, 2, 0, 0, 99.67, 223, 60, 21761.72, 56838, 55710
1695567517, 0, 2, 98, 0, 0, 22202.34, 2, 0, 0, 0.75, 231, 61, 21761.72, 56838, 55710
1695567528, 0, 2, 99, 0, 0, 22202.34, 2, 0, 0, 0.09, 232, 61, 21761.72, 56838, 55710
1695567540, 0, 2, 103, 0, 0, 22202.34, 2, 0, 0, 0.83, 239, 64, 21761.72, 56838, 55710
1695567551, 0, 2, 104, 0, 0, 22203.91, 2, 0, 0, 0.09, 240, 64, 21763.28, 56842, 55714
1695567562, 0, 2, 107, 0, 0, 22203.91, 2, 0, 0, 0.53, 246, 64, 21763.28, 56842, 55714
1695567574, 0, 2, 110, 0, 0, 22203.91, 2, 0, 0, 0.61, 250, 67, 21763.28, 56842, 55714
1695567585, 0, 4, 113, 0, 0, 22205.08, 2, 0, 0, 0.99, 259, 69, 21764.45, 56845, 55717
1695567613, 0, 4, 115, 0, 0, 22209.77, 2, 0, 0, 0.21, 263, 71, 21769.14, 56857, 55729
1695567625, 0, 4, 116, 0, 0, 22209.77, 2, 0, 0, 0.09, 264, 71, 21769.14, 56857, 55729
1695567638, 0, 4, 117, 0, 0, 22209.77, 2, 0, 0, 0.23, 266, 72, 21769.14, 56857, 55729
1695567638, 0, 4, 119, 0, 0, 22216.41, 2, 0, 0, 92.06, 274, 93, 21769.14, 56874, 55729
1695567638, 0, 4, 120, 0, 0, 22216.41, 2, 0, 0, 45.60, 279, 102, 21769.14, 56874, 55729
1695567639, 0, 4, 120, 0, 0, 22216.41, 2, 0, 0, 56.21, 287, 113, 21769.14, 56874, 55729
1695567655, 0, 4, 121, 0, 0, 22224.61, 2, 0, 0, 1.13, 291, 127, 21777.34, 56895, 55750
1695567666, 0, 4, 123, 0, 0, 22224.61, 2, 0, 0, 1.57, 295, 140, 21777.34, 56895, 55750
1695567666, 0, 4, 123, 0, 0, 22224.61, 2, 0, 0, 16.23, 297, 143, 21777.34, 56895, 55750
1695567666, 0, 4, 124, 0, 0, 22224.61, 2, 0, 0, 36.52, 301, 152, 21777.34, 56895, 55750
1695567683, 0, 5, 126, 0, 0, 22224.61, 2, 0, 0, 0.77, 305, 161, 21777.34, 56895, 55750
1695567700, 0, 5, 127, 0, 0, 22224.61, 2, 0, 0, 0.06, 306, 161, 21777.34, 56895, 55750
1695567716, 0, 5, 128, 0, 0, 22224.61, 2, 0, 0, 0.06, 307, 161, 21777.34, 56895, 55750
1695567731, 0, 5, 129, 0, 0, 22224.61, 2, 0, 0, 0.06, 308, 161, 21777.34, 56895, 55750
1695567748, 0, 5, 130, 0, 0, 22224.61, 2, 0, 0, 0.06, 309, 161, 21777.34, 56895, 55750
1695567764, 0, 5, 131, 0, 0, 22225.39, 2, 0, 0, 0.06, 310, 161, 21778.13, 56897, 55752
1695567780, 0, 5, 132, 0, 0, 22225.39, 2, 0, 0, 0.06, 311, 161, 21778.13, 56897, 55752
1695567796, 0, 5, 133, 0, 0, 22225.39, 2, 0, 0, 0.06, 312, 161, 21778.13, 56897, 55752
1695567813, 0, 5, 134, 0, 0, 22225.39, 2, 0, 0, 0.06, 313, 161, 21778.13, 56897, 55752
1695567829, 0, 5, 135, 0, 0, 22225.39, 2, 0, 0, 0.06, 314, 161, 21778.13, 56897, 55752
1695567845, 0, 5, 136, 0, 0, 22225.39, 2, 0, 0, 0.06, 315, 161, 21778.13, 56897, 55752
1695567861, 0, 5, 137, 0, 0, 22225.39, 2, 0, 0, 0.06, 316, 161, 21778.13, 56897, 55752
1695567877, 0, 5, 138, 0, 0, 22225.39, 2, 0, 0, 0.06, 317, 161, 21778.13, 56897, 55752
1695567894, 0, 5, 139, 0, 0, 22225.39, 2, 0, 0, 0.06, 318, 161, 21778.13, 56897, 55752
1695567912, 0, 5, 140, 0, 0, 22225.39, 2, 0, 0, 0.06, 319, 161, 21778.13, 56897, 55752
1695567929, 0, 5, 141, 0, 0, 22225.39, 2, 0, 0, 0.06, 320, 161, 21778.13, 56897, 55752
1695567946, 0, 5, 142, 0, 0, 22225.39, 2, 0, 0, 0.06, 321, 161, 21778.13, 56897, 55752
1695567963, 0, 5, 143, 0, 0, 22225.39, 2, 0, 0, 0.06, 322, 161, 21778.13, 56897, 55752
1695567980, 0, 5, 144, 0, 0, 22225.39, 2, 0, 0, 0.06, 323, 161, 21778.13, 56897, 55752
1695567997, 0, 5, 145, 0, 0, 22225.39, 2, 0, 0, 0.06, 324, 161, 21778.13, 56897, 55752
1695568013, 0, 5, 146, 0, 0, 22225.39, 2, 0, 0, 0.06, 325, 161, 21778.13, 56897, 55752
1695568029, 0, 5, 147, 0, 0, 22225.39, 2, 0, 0, 0.06, 326, 161, 21778.13, 56897, 55752
1695568046, 0, 5, 148, 0, 0, 22225.39, 2, 0, 0, 0.06, 327, 161, 21778.13, 56897, 55752
1695568063, 0, 5, 149, 0, 0, 22225.39, 2, 0, 0, 0.06, 328, 161, 21778.13, 56897, 55752
1695568079, 0, 5, 150, 0, 0, 22229.30, 2, 0, 0, 0.06, 329, 161, 21782.03, 56907, 55762
1695568095, 0, 5, 151, 0, 0, 22229.30, 2, 0, 0, 0.06, 330, 161, 21782.03, 56907, 55762
1695568113, 0, 5, 152, 0, 0, 22229.30, 2, 0, 0, 0.06, 331, 161, 21782.03, 56907, 55762
1695568125, 0, 5, 153, 0, 0, 22229.30, 2, 0, 0, 0.08, 332, 161, 21782.03, 56907, 55762
1695568141, 0, 5, 154, 0, 0, 22229.30, 2, 0, 0, 0.06, 333, 161, 21782.03, 56907, 55762
1695568159, 0, 5, 155, 0, 0, 22229.30, 2, 0, 0, 0.06, 334, 161, 21782.03, 56907, 55762
1695568176, 0, 5, 155, 0, 0, 22229.30, 2, 0, 0, 0.06, 335, 161, 21782.03, 56907, 55762
1695568192, 0, 5, 155, 0, 0, 22229.30, 2, 0, 0, 0.06, 336, 161, 21782.03, 56907, 55762
1695568209, 0, 5, 156, 0, 0, 22229.30, 2, 0, 0, 0.06, 337, 161, 21782.03, 56907, 55762
1695568227, 0, 5, 157, 0, 0, 22229.30, 2, 0, 0, 0.06, 338, 161, 21782.03, 56907, 55762
1695568245, 0, 5, 158, 0, 0, 22229.30, 2, 0, 0, 0.05, 339, 161, 21782.03, 56907, 55762
1695568262, 0, 5, 158, 0, 0, 22229.30, 2, 0, 0, 0.06, 340, 161, 21782.03, 56907, 55762
1695568279, 0, 5, 159, 0, 0, 22229.30, 2, 0, 0, 0.06, 341, 161, 21782.03, 56907, 55762
1695568296, 0, 5, 160, 0, 0, 22229.30, 2, 0, 0, 0.06, 342, 161, 21782.03, 56907, 55762
1695568313, 0, 5, 161, 0, 0, 22229.30, 2, 0, 0, 0.06, 343, 161, 21782.03, 56907, 55762
1695568330, 0, 5, 161, 0, 0, 22229.30, 2, 0, 0, 0.06, 344, 161, 21782.03, 56907, 55762
1695568347, 0, 5, 162, 0, 0, 22229.30, 2, 0, 0, 0.06, 345, 161, 21782.03, 56907, 55762
1695568364, 0, 5, 162, 0, 0, 22229.30, 2, 0, 0, 0.06, 346, 161, 21782.03, 56907, 55762
1695568381, 0, 5, 163, 0, 0, 22229.30, 2, 0, 0, 0.06, 347, 161, 21782.03, 56907, 55762
1695568397, 0, 5, 164, 0, 0, 22229.30, 2, 0, 0, 0.06, 348, 161, 21782.03, 56907, 55762
1695568414, 0, 5, 165, 0, 0, 22229.30, 2, 0, 0, 0.06, 349, 161, 21782.03, 56907, 55762
1695568431, 0, 5, 166, 0, 0, 22229.30, 2, 0, 0, 0.06, 350, 161, 21782.03, 56907, 55762
1695568448, 0, 5, 167, 0, 0, 22229.30, 2, 0, 0, 0.06, 351, 161, 21782.03, 56907, 55762
1695568459, 0, 5, 168, 0, 0, 22229.69, 2, 0, 0, 0.09, 352, 161, 21782.42, 56908, 55763
1695568476, 0, 5, 169, 0, 0, 22229.69, 2, 0, 0, 0.06, 353, 161, 21782.42, 56908, 55763
1695568494, 0, 5, 170, 0, 0, 22229.69, 2, 0, 0, 0.06, 354, 161, 21782.42, 56908, 55763
1695568511, 0, 5, 171, 0, 0, 22229.69, 2, 0, 0, 0.06, 355, 161, 21782.42, 56908, 55763
1695568528, 0, 5, 172, 0, 0, 22229.69, 2, 0, 0, 0.06, 356, 161, 21782.42, 56908, 55763
1695568546, 0, 5, 173, 0, 0, 22229.69, 2, 0, 0, 0.06, 357, 161, 21782.42, 56908, 55763
1695568564, 0, 5, 174, 0, 0, 22229.69, 2, 0, 0, 0.06, 358, 161, 21782.42, 56908, 55763
1695568581, 0, 5, 174, 0, 0, 22229.69, 2, 0, 0, 0.06, 359, 161, 21782.42, 56908, 55763
1695568599, 0, 5, 174, 0, 0, 22229.69, 2, 0, 0, 0.05, 360, 161, 21782.42, 56908, 55763
1695568617, 0, 5, 175, 0, 0, 22229.69, 2, 0, 0, 0.06, 361, 161, 21782.42, 56908, 55763
1695568635, 0, 5, 176, 0, 0, 22231.25, 2, 0, 0, 0.06, 362, 161, 21783.98, 56912, 55767
1695568651, 0, 5, 177, 0, 0, 22231.64, 2, 0, 0, 0.06, 363, 161, 21784.38, 56913, 55768
1695568669, 0, 5, 178, 0, 0, 22231.64, 2, 0, 0, 0.06, 364, 161, 21784.38, 56913, 55768
1695568685, 0, 5, 179, 0, 0, 22231.64, 2, 0, 0, 0.06, 365, 161, 21784.38, 56913, 55768
1695568703, 0, 5, 180, 0, 0, 22231.64, 2, 0, 0, 0.06, 366, 161, 21784.38, 56913, 55768
1695568719, 0, 5, 181, 0, 0, 22231.64, 2, 0, 0, 0.06, 367, 161, 21784.38, 56913, 55768
1695568736, 0, 5, 181, 0, 0, 22231.64, 2, 0, 0, 0.06, 368, 161, 21784.38, 56913, 55768
1695568752, 0, 5, 182, 0, 0, 22231.64, 2, 0, 0, 0.06, 369, 161, 21784.38, 56913, 55768
1695568769, 0, 5, 183, 0, 0, 22231.64, 2, 0, 0, 0.06, 370, 161, 21784.38, 56913, 55768
1695568786, 0, 5, 183, 0, 0, 22231.64, 2, 0, 0, 0.06, 371, 161, 21784.38, 56913, 55768
1695568804, 0, 5, 184, 0, 0, 22231.64, 2, 0, 0, 0.06, 372, 161, 21784.38, 56913, 55768
1695568849, 0, 5, 185, 0, 0, 22257.42, 2, 0, 0, 0.02, 373, 161, 21810.16, 56979, 55834
1695568866, 0, 5, 186, 0, 0, 22258.98, 2, 0, 0, 0.06, 374, 161, 21811.72, 56983, 55838
1695568884, 0, 5, 187, 0, 0, 22258.98, 2, 0, 0, 0.06, 375, 161, 21811.72, 56983, 55838
1695568900, 0, 5, 188, 0, 0, 22258.98, 2, 0, 0, 0.06, 376, 161, 21811.72, 56983, 55838
1695568918, 0, 5, 189, 0, 0, 22258.98, 2, 0, 0, 0.06, 377, 161, 21811.72, 56983, 55838
1695568935, 0, 5, 190, 0, 0, 22258.98, 2, 0, 0, 0.06, 378, 161, 21811.72, 56983, 55838
1695568953, 0, 5, 191, 0, 0, 22258.98, 2, 0, 0, 0.06, 379, 161, 21811.72, 56983, 55838
1695568971, 0, 5, 192, 0, 0, 22258.98, 2, 0, 0, 0.06, 380, 161, 21811.72, 56983, 55838
1695568989, 0, 5, 193, 0, 0, 22258.98, 2, 0, 0, 0.06, 381, 161, 21811.72, 56983, 55838
1695569007, 0, 5, 194, 0, 0, 22258.98, 2, 0, 0, 0.06, 382, 161, 21811.72, 56983, 55838
1695569025, 0, 5, 195, 0, 0, 22258.98, 2, 0, 0, 0.06, 383, 161, 21811.72, 56983, 55838
1695569042, 0, 5, 196, 0, 0, 22259.38, 2, 0, 0, 0.06, 384, 161, 21812.11, 56984, 55839
1695569060, 0, 5, 197, 0, 0, 22259.38, 2, 0, 0, 0.05, 385, 161, 21812.11, 56984, 55839
1695569077, 0, 5, 197, 0, 0, 22259.38, 2, 0, 0, 0.06, 386, 161, 21812.11, 56984, 55839
1695569094, 0, 5, 198, 0, 0, 22259.77, 2, 0, 0, 0.06, 387, 161, 21812.50, 56985, 55840
1695569115, 0, 5, 198, 0, 0, 22259.77, 2, 0, 0, 0.05, 388, 161, 21812.50, 56985, 55840
1695569136, 0, 5, 199, 0, 0, 22259.77, 2, 0, 0, 0.05, 389, 161, 21812.50, 56985, 55840
1695569156, 0, 5, 200, 0, 0, 22259.77, 2, 0, 0, 0.05, 390, 161, 21812.50, 56985, 55840
1695569175, 0, 5, 201, 0, 0, 22259.77, 2, 0, 0, 0.05, 391, 161, 21812.50, 56985, 55840
1695569192, 0, 5, 202, 0, 0, 22259.77, 2, 0, 0, 0.06, 392, 161, 21812.50, 56985, 55840
1695569211, 0, 5, 203, 0, 0, 22259.77, 2, 0, 0, 0.05, 393, 161, 21812.50, 56985, 55840
1695569228, 0, 5, 204, 0, 0, 22259.77, 2, 0, 0, 0.06, 394, 161, 21812.50, 56985, 55840
1695569246, 0, 5, 205, 0, 0, 22259.77, 2, 0, 0, 0.06, 395, 161, 21812.50, 56985, 55840
1695569263, 0, 5, 205, 0, 0, 22259.77, 2, 0, 0, 0.06, 396, 161, 21812.50, 56985, 55840
1695569282, 0, 5, 206, 0, 0, 22259.77, 2, 0, 0, 0.05, 397, 161, 21812.50, 56985, 55840
1695569300, 0, 5, 206, 0, 0, 22259.77, 2, 0, 0, 0.06, 398, 161, 21812.50, 56985, 55840
1695569318, 0, 5, 207, 0, 0, 22259.77, 2, 0, 0, 0.06, 399, 161, 21812.50, 56985, 55840
1695569335, 0, 5, 208, 0, 0, 22259.77, 2, 0, 0, 0.06, 400, 161, 21812.50, 56985, 55840
1695569353, 0, 5, 208, 0, 0, 22259.77, 2, 0, 0, 0.06, 401, 161, 21812.50, 56985, 55840
1695569369, 0, 5, 209, 0, 0, 22259.77, 2, 0, 0, 0.06, 402, 161, 21812.50, 56985, 55840
1695569388, 0, 5, 210, 0, 0, 22259.77, 2, 0, 0, 0.05, 403, 161, 21812.50, 56985, 55840
1695569406, 0, 5, 210, 0, 0, 22259.77, 2, 0, 0, 0.06, 404, 161, 21812.50, 56985, 55840
1695569424, 0, 5, 211, 0, 0, 22259.77, 2, 0, 0, 0.06, 405, 161, 21812.50, 56985, 55840
1695569442, 0, 5, 211, 0, 0, 22259.77, 2, 0, 0, 0.05, 406, 161, 21812.50, 56985, 55840
1695569460, 0, 5, 211, 0, 0, 22259.77, 2, 0, 0, 0.06, 407, 161, 21812.50, 56985, 55840
1695569479, 0, 5, 211, 0, 0, 22259.77, 2, 0, 0, 0.05, 408, 161, 21812.50, 56985, 55840
1695569496, 0, 5, 211, 0, 0, 22259.77, 2, 0, 0, 0.06, 409, 161, 21812.50, 56985, 55840
1695569515, 0, 5, 212, 0, 0, 22259.77, 2, 0, 0, 0.05, 410, 161, 21812.50, 56985, 55840
1695569533, 0, 5, 213, 0, 0, 22259.77, 2, 0, 0, 0.05, 411, 161, 21812.50, 56985, 55840
1695569547, 0, 5, 214, 0, 0, 22259.77, 2, 0, 0, 0.07, 412, 161, 21812.50, 56985, 55840
1695569565, 0, 5, 214, 0, 0, 22259.77, 2, 0, 0, 0.05, 413, 161, 21812.50, 56985, 55840
1695569583, 0, 5, 214, 0, 0, 22259.77, 2, 0, 0, 0.06, 414, 161, 21812.50, 56985, 55840
1695569602, 0, 5, 215, 0, 0, 22259.77, 2, 0, 0, 0.05, 415, 161, 21812.50, 56985, 55840
1695569620, 0, 5, 216, 0, 0, 22259.77, 2, 0, 0, 0.06, 416, 161, 21812.50, 56985, 55840
1695569637, 0, 5, 217, 0, 0, 22259.77, 2, 0, 0, 0.06, 417, 161, 21812.50, 56985, 55840
1695569654, 0, 5, 218, 0, 0, 22259.77, 2, 0, 0, 0.06, 418, 161, 21812.50, 56985, 55840
1695569673, 0, 5, 218, 0, 0, 22259.77, 2, 0, 0, 0.06, 419, 161, 21812.50, 56985, 55840
1695569690, 0, 5, 219, 0, 0, 22259.77, 2, 0, 0, 0.06, 420, 161, 21812.50, 56985, 55840
1695569708, 0, 5, 220, 0, 0, 22259.77, 2, 0, 0, 0.06, 421, 161, 21812.50, 56985, 55840
1695569727, 0, 5, 220, 0, 0, 22259.77, 2, 0, 0, 0.05, 422, 161, 21812.50, 56985, 55840
1695569746, 0, 5, 221, 0, 0, 22259.77, 2, 0, 0, 0.05, 423, 161, 21812.50, 56985, 55840
1695569764, 0, 5, 222, 0, 0, 22260.16, 2, 0, 0, 0.06, 424, 161, 21812.89, 56986, 55841
1695569783, 0, 5, 222, 0, 0, 22260.16, 2, 0, 0, 0.05, 425, 161, 21812.89, 56986, 55841
1695569801, 0, 5, 222, 0, 0, 22260.16, 2, 0, 0, 0.06, 426, 161, 21812.89, 56986, 55841
1695569818, 0, 5, 222, 0, 0, 22260.16, 2, 0, 0, 0.06, 427, 161, 21812.89, 56986, 55841
1695569835, 0, 5, 223, 0, 0, 22260.16, 2, 0, 0, 0.06, 428, 161, 21812.89, 56986, 55841
1695569853, 0, 5, 224, 0, 0, 22260.16, 2, 0, 0, 0.06, 429, 161, 21812.89, 56986, 55841
1695569871, 0, 5, 224, 0, 0, 22260.16, 2, 0, 0, 0.06, 430, 161, 21812.89, 56986, 55841
1695569889, 0, 5, 225, 0, 0, 22260.16, 2, 0, 0, 0.06, 431, 161, 21812.89, 56986, 55841
1695569907, 0, 5, 226, 0, 0, 22260.16, 2, 0, 0, 0.05, 432, 161, 21812.89, 56986, 55841
1695569925, 0, 5, 227, 0, 0, 22260.16, 2, 0, 0, 0.06, 433, 161, 21812.89, 56986, 55841
1695569942, 0, 5, 228, 0, 0, 22260.16, 2, 0, 0, 0.06, 434, 161, 21812.89, 56986, 55841
1695569960, 0, 5, 228, 0, 0, 22260.16, 2, 0, 0, 0.05, 435, 161, 21812.89, 56986, 55841
1695569979, 0, 5, 229, 0, 0, 22260.16, 2, 0, 0, 0.05, 436, 161, 21812.89, 56986, 55841
1695569995, 0, 5, 230, 0, 0, 22260.16, 2, 0, 0, 0.06, 437, 161, 21812.89, 56986, 55841
1695570014, 0, 5, 231, 0, 0, 22260.16, 2, 0, 0, 0.05, 438, 161, 21812.89, 56986, 55841
1695570033, 0, 5, 232, 0, 0, 22260.16, 2, 0, 0, 0.05, 439, 161, 21812.89, 56986, 55841
1695570052, 0, 5, 233, 0, 0, 22260.55, 2, 0, 0, 0.05, 440, 161, 21813.28, 56987, 55842
1695570070, 0, 5, 234, 0, 0, 22260.55, 2, 0, 0, 0.06, 441, 161, 21813.28, 56987, 55842
1695570087, 0, 5, 234, 0, 0, 22260.55, 2, 0, 0, 0.06, 442, 161, 21813.28, 56987, 55842
1695570104, 0, 5, 235, 0, 0, 22260.55, 2, 0, 0, 0.06, 443, 161, 21813.28, 56987, 55842
1695570122, 0, 5, 236, 0, 0, 22260.55, 2, 0, 0, 0.06, 444, 161, 21813.28, 56987, 55842
1695570140, 0, 5, 237, 0, 0, 22260.55, 2, 0, 0, 0.06, 445, 161, 21813.28, 56987, 55842
1695570158, 0, 5, 238, 0, 0, 22260.55, 2, 0, 0, 0.06, 446, 161, 21813.28, 56987, 55842
1695570174, 0, 5, 239, 0, 0, 22260.94, 2, 0, 0, 0.06, 447, 161, 21813.67, 56988, 55843
1695570192, 0, 5, 240, 0, 0, 22260.94, 2, 0, 0, 0.06, 448, 161, 21813.67, 56988, 55843
1695570208, 0, 5, 241, 0, 0, 22260.94, 2, 0, 0, 0.06, 449, 161, 21813.67, 56988, 55843
1695570224, 0, 5, 242, 0, 0, 22260.94, 2, 0, 0, 0.06, 450, 161, 21813.67, 56988, 55843
1695570242, 0, 5, 243, 0, 0, 22260.94, 2, 0, 0, 0.06, 451, 161, 21813.67, 56988, 55843
1695570259, 0, 5, 243, 0, 0, 22260.94, 2, 0, 0, 0.06, 452, 161, 21813.67, 56988, 55843
1695570276, 0, 5, 243, 0, 0, 22260.94, 2, 0, 0, 0.06, 453, 161, 21813.67, 56988, 55843
1695570323, 0, 5, 244, 0, 0, 22261.72, 2, 0, 0, 0.02, 454, 161, 21814.45, 56990, 55845
1695570341, 0, 5, 245, 0, 0, 22261.72, 2, 0, 0, 0.05, 455, 161, 21814.45, 56990, 55845
1695570359, 0, 5, 246, 0, 0, 22261.72, 2, 0, 0, 0.06, 456, 161, 21814.45, 56990, 55845
1695570376, 0, 5, 246, 0, 0, 22261.72, 2, 0, 0, 0.06, 457, 161, 21814.45, 56990, 55845
1695570394, 0, 5, 246, 0, 0, 22261.72, 2, 0, 0, 0.06, 458, 161, 21814.45, 56990, 55845
1695570411, 0, 5, 247, 0, 0, 22261.72, 2, 0, 0, 0.06, 459, 161, 21814.45, 56990, 55845
1695570428, 0, 5, 247, 0, 0, 22261.72, 2, 0, 0, 0.06, 460, 161, 21814.45, 56990, 55845
1695570446, 0, 5, 248, 0, 0, 22261.72, 2, 0, 0, 0.06, 461, 161, 21814.45, 56990, 55845
1695570464, 0, 5, 249, 0, 0, 22261.72, 2, 0, 0, 0.06, 462, 161, 21814.45, 56990, 55845
1695570481, 0, 5, 249, 0, 0, 22261.72, 2, 0, 0, 0.06, 463, 161, 21814.45, 56990, 55845
1695570499, 0, 5, 249, 0, 0, 22261.72, 2, 0, 0, 0.06, 464, 161, 21814.45, 56990, 55845
1695570516, 0, 5, 249, 0, 0, 22261.72, 2, 0, 0, 0.06, 465, 161, 21814.45, 56990, 55845
1695570533, 0, 5, 250, 0, 0, 22261.72, 2, 0, 0, 0.06, 466, 161, 21814.45, 56990, 55845
1695570550, 0, 5, 250, 0, 0, 22261.72, 2, 0, 0, 0.06, 467, 161, 21814.45, 56990, 55845
1695570567, 0, 5, 250, 0, 0, 22261.72, 2, 0, 0, 0.06, 468, 161, 21814.45, 56990, 55845
1695570584, 0, 5, 250, 0, 0, 22261.72, 2, 0, 0, 0.06, 469, 161, 21814.45, 56990, 55845
1695570601, 0, 5, 250, 0, 0, 22261.72, 2, 0, 0, 0.06, 470, 161, 21814.45, 56990, 55845
1695570619, 0, 5, 250, 0, 0, 22261.72, 2, 0, 0, 0.06, 471, 161, 21814.45, 56990, 55845
1695570638, 0, 5, 251, 0, 0, 22261.72, 2, 0, 0, 0.05, 472, 161, 21814.45, 56990, 55845
1695570655, 0, 5, 252, 0, 0, 22261.72, 2, 0, 0, 0.06, 473, 161, 21814.45, 56990, 55845
1695570673, 0, 5, 252, 0, 0, 22261.72, 2, 0, 0, 0.06, 474, 161, 21814.45, 56990, 55845
1695570690, 0, 5, 253, 0, 0, 22261.72, 2, 0, 0, 0.06, 475, 161, 21814.45, 56990, 55845
1695570708, 0, 5, 254, 0, 0, 22261.72, 2, 0, 0, 0.06, 476, 161, 21814.45, 56990, 55845
1695570725, 0, 5, 255, 0, 0, 22261.72, 2, 0, 0, 0.06, 477, 161, 21814.45, 56990, 55845
1695570744, 0, 5, 256, 0, 0, 22261.72, 2, 0, 0, 0.05, 478, 161, 21814.45, 56990, 55845
1695570761, 0, 5, 257, 0, 0, 22261.72, 2, 0, 0, 0.06, 479, 161, 21814.45, 56990, 55845
1695570781, 0, 5, 257, 0, 0, 22261.72, 2, 0, 0, 0.05, 480, 161, 21814.45, 56990, 55845
1695570781, 0, 5, 257, 0, 0, 22261.72, 2, 0, 0, 0.00, 480, 161, 21814.45, 56990, 55845
