# unix_time, cycles_done, cur_path, paths_total, pending_total, pending_favs, map_size, unique_crashes, unique_hangs, max_depth, execs_per_sec, valid_inputs, invalid_inputs, valid_cov, all_covered_probes, valid_covered_probes
1695421809, 0, 0, 1, 0, 0, 4241.02, 0, 0, 0, 0.47, 0, 1, 0.00, 10857, 0
1695421829, 0, 0, 2, 0, 0, 24483.59, 0, 0, 0, 0.05, 1, 1, 23831.25, 62678, 61008
1695421829, 0, 0, 6, 0, 0, 24938.67, 0, 0, 0, 15.48, 4, 3, 24055.47, 63843, 61582
1695421830, 0, 0, 9, 0, 0, 25313.28, 0, 0, 0, 14.97, 7, 5, 24446.09, 64802, 62582
1695421843, 0, 0, 10, 0, 0, 25314.45, 1, 0, 0, 0.46, 11, 7, 24447.27, 64805, 62585
1695421855, 0, 0, 12, 0, 0, 25841.41, 1, 0, 0, 0.17, 13, 7, 24974.22, 66154, 63934
1695421866, 0, 0, 16, 0, 0, 25973.83, 1, 0, 0, 1.19, 18, 15, 25021.88, 66493, 64056
1695421882, 0, 0, 17, 0, 0, 25986.72, 1, 0, 0, 0.42, 22, 18, 25034.77, 66526, 64089
1695421899, 0, 0, 22, 0, 0, 26086.33, 1, 0, 0, 1.64, 39, 28, 25129.30, 66781, 64331
1695421914, 0, 0, 24, 0, 0, 26091.41, 1, 0, 0, 0.40, 41, 32, 25132.03, 66794, 64338
1695421924, 0, 0, 24, 0, 0, 26091.41, 2, 0, 0, 0.10, 41, 33, 25132.03, 66794, 64338
1695421935, 0, 0, 25, 0, 0, 26092.19, 2, 0, 0, 0.37, 43, 35, 25132.81, 66796, 64340
1695421947, 0, 0, 26, 0, 0, 26460.55, 2, 0, 0, 1.44, 53, 42, 25501.17, 67739, 65283
1695421958, 0, 0, 28, 0, 0, 26465.63, 2, 0, 0, 0.26, 55, 43, 25502.34, 67752, 65286
1695421976, 0, 0, 29, 0, 0, 26472.27, 2, 0, 0, 0.06, 56, 43, 25508.98, 67769, 65303
1695421987, 0, 0, 30, 0, 0, 26473.83, 2, 0, 0, 0.09, 57, 43, 25510.55, 67773, 65307
1695421999, 0, 0, 31, 0, 0, 26487.11, 2, 0, 0, 0.25, 60, 43, 25523.83, 67807, 65341
1695422013, 0, 0, 32, 0, 0, 26496.88, 2, 0, 0, 0.15, 62, 43, 25533.59, 67832, 65366
1695422028, 0, 0, 34, 0, 0, 26517.19, 2, 0, 0, 1.18, 69, 54, 25547.27, 67884, 65401
1695422049, 0, 0, 35, 0, 0, 26527.34, 2, 0, 0, 0.10, 71, 54, 25557.42, 67910, 65427
1695422067, 0, 0, 36, 0, 0, 26529.30, 2, 0, 0, 0.17, 73, 55, 25559.38, 67915, 65432
1695422078, 0, 0, 36, 0, 0, 26529.30, 2, 0, 0, 0.18, 74, 56, 25559.38, 67915, 65432
1695422089, 0, 0, 36, 0, 0, 26529.30, 2, 0, 0, 0.56, 77, 59, 25559.38, 67915, 65432
1695422101, 0, 0, 36, 0, 0, 26529.30, 2, 0, 0, 0.08, 78, 59, 25559.38, 67915, 65432
1695422114, 0, 0, 37, 0, 0, 26532.81, 2, 0, 0, 0.07, 79, 59, 25562.89, 67924, 65441
1695422127, 0, 0, 37, 0, 0, 26532.81, 2, 0, 0, 1.01, 86, 65, 25562.89, 67924, 65441
1695422139, 0, 0, 37, 0, 0, 26532.81, 2, 0, 0, 0.68, 91, 68, 25562.89, 67924, 65441
1695422151, 0, 0, 38, 0, 0, 26550.78, 2, 0, 0, 0.82, 96, 73, 25580.86, 67970, 65487
1695422164, 0, 0, 38, 0, 0, 26550.78, 2, 0, 0, 0.39, 100, 74, 25580.86, 67970, 65487
1695422164, 0, 0, 38, 0, 0, 26550.78, 2, 0, 0, 102.65, 118, 87, 25580.86, 67970, 65487
1695422178, 0, 0, 39, 0, 0, 26552.34, 2, 0, 0, 0.58, 124, 89, 25582.42, 67974, 65491
1695422191, 0, 0, 40, 0, 0, 26558.98, 2, 0, 0, 0.61, 129, 92, 25589.06, 67991, 65508
1695422203, 0, 0, 40, 0, 0, 26558.98, 2, 0, 0, 0.43, 133, 93, 25589.06, 67991, 65508
1695422217, 0, 0, 40, 0, 0, 26558.98, 2, 0, 0, 1.03, 144, 97, 25589.06, 67991, 65508
1695422230, 0, 0, 41, 0, 0, 26559.38, 2, 0, 0, 0.41, 148, 98, 25589.45, 67992, 65509
1695422241, 0, 0, 41, 0, 0, 26559.38, 2, 0, 0, 0.26, 148, 101, 25589.45, 67992, 65509
1695422254, 0, 0, 42, 0, 0, 26560.55, 2, 0, 0, 0.54, 151, 105, 25590.63, 67995, 65512
1695422254, 0, 0, 42, 0, 0, 26560.55, 2, 0, 0, 39.16, 159, 110, 25590.63, 67995, 65512
1695422266, 0, 0, 43, 0, 0, 26560.94, 2, 0, 0, 0.96, 163, 117, 25591.02, 67996, 65513
1695422280, 0, 0, 43, 0, 0, 26560.94, 2, 0, 0, 0.57, 168, 120, 25591.02, 67996, 65513
1695422291, 0, 0, 43, 0, 0, 26560.94, 2, 0, 0, 0.09, 169, 120, 25591.02, 67996, 65513
1695422302, 0, 0, 43, 0, 0, 26560.94, 3, 0, 0, 0.90, 171, 128, 25591.02, 67996, 65513
1695422313, 0, 0, 43, 0, 0, 26560.94, 3, 0, 0, 0.09, 172, 128, 25591.02, 67996, 65513
1695422325, 0, 0, 43, 0, 0, 26560.94, 3, 0, 0, 0.26, 174, 129, 25591.02, 67996, 65513
1695422337, 0, 0, 43, 0, 0, 26560.94, 3, 0, 0, 0.08, 175, 129, 25591.02, 67996, 65513
1695422352, 0, 0, 43, 0, 0, 26560.94, 3, 0, 0, 0.14, 176, 130, 25591.02, 67996, 65513
1695422365, 0, 0, 43, 0, 0, 26560.94, 3, 0, 0, 0.46, 179, 133, 25591.02, 67996, 65513
1695422378, 0, 0, 44, 0, 0, 26561.33, 3, 0, 0, 1.50, 189, 142, 25591.41, 67997, 65514
1695422397, 0, 0, 45, 0, 0, 26562.89, 3, 0, 0, 0.05, 190, 142, 25592.97, 68001, 65518
1695422410, 0, 0, 45, 0, 0, 26562.89, 3, 0, 0, 1.02, 196, 149, 25592.97, 68001, 65518
1695422445, 0, 0, 46, 0, 0, 26567.97, 3, 0, 0, 0.03, 197, 149, 25598.05, 68014, 65531
1695422457, 0, 0, 47, 0, 0, 26568.75, 3, 0, 0, 0.33, 200, 150, 25598.83, 68016, 65533
1695422457, 0, 0, 47, 0, 0, 26568.75, 3, 0, 0, 21.45, 205, 153, 25598.83, 68016, 65533
1695422470, 0, 0, 47, 0, 0, 26568.75, 3, 0, 0, 1.05, 211, 160, 25598.83, 68016, 65533
1695422485, 0, 0, 47, 0, 0, 26568.75, 3, 0, 0, 0.66, 218, 163, 25598.83, 68016, 65533
1695422497, 0, 0, 47, 0, 0, 26568.75, 3, 0, 0, 0.75, 223, 167, 25598.83, 68016, 65533
1695422510, 0, 0, 47, 0, 0, 26568.75, 3, 0, 0, 0.30, 226, 168, 25598.83, 68016, 65533
1695422558, 0, 0, 48, 0, 0, 26569.53, 3, 0, 0, 0.04, 227, 169, 25599.61, 68018, 65535
1695422558, 0, 0, 48, 0, 0, 26569.53, 3, 0, 0, 84.69, 243, 179, 25599.61, 68018, 65535
1695422573, 0, 0, 48, 0, 0, 26569.53, 3, 0, 0, 0.27, 245, 181, 25599.61, 68018, 65535
1695422587, 0, 0, 48, 0, 0, 26569.53, 3, 0, 0, 0.51, 252, 181, 25599.61, 68018, 65535
1695422600, 0, 0, 49, 0, 0, 26573.44, 3, 0, 0, 0.71, 258, 184, 25603.52, 68028, 65545
1695422612, 0, 0, 49, 0, 0, 26573.44, 3, 0, 0, 0.51, 262, 186, 25603.52, 68028, 65545
1695422625, 0, 0, 49, 0, 0, 26573.44, 3, 0, 0, 0.99, 269, 192, 25603.52, 68028, 65545
1695422637, 0, 0, 49, 0, 0, 26573.44, 3, 0, 0, 0.95, 278, 195, 25603.52, 68028, 65545
1695422649, 0, 0, 50, 0, 0, 26581.25, 3, 0, 0, 0.75, 286, 196, 25611.33, 68048, 65565
1695422663, 0, 0, 51, 0, 0, 26581.64, 3, 0, 0, 0.07, 287, 196, 25611.72, 68049, 65566
1695422663, 0, 0, 51, 0, 0, 26581.64, 3, 0, 0, 65.79, 301, 202, 25611.72, 68049, 65566
1695422676, 0, 0, 51, 0, 0, 26581.64, 3, 0, 0, 0.54, 307, 203, 25611.72, 68049, 65566
1695422689, 0, 0, 51, 0, 0, 26581.64, 3, 0, 0, 0.16, 309, 203, 25611.72, 68049, 65566
1695422700, 0, 0, 51, 0, 0, 26581.64, 3, 0, 0, 0.18, 310, 204, 25611.72, 68049, 65566
1695422715, 0, 0, 52, 0, 0, 26583.20, 3, 0, 0, 0.40, 314, 206, 25613.28, 68053, 65570
1695422729, 0, 0, 52, 0, 0, 26583.20, 3, 0, 0, 0.52, 317, 210, 25613.28, 68053, 65570
1695422729, 0, 0, 52, 0, 0, 26583.20, 3, 0, 0, 32.05, 325, 212, 25613.28, 68053, 65570
1695422744, 0, 0, 52, 0, 0, 26583.20, 3, 0, 0, 0.86, 335, 215, 25613.28, 68053, 65570
1695422756, 0, 0, 52, 0, 0, 26583.20, 3, 0, 0, 0.32, 337, 217, 25613.28, 68053, 65570
1695422770, 0, 0, 52, 0, 0, 26583.20, 3, 0, 0, 0.07, 338, 217, 25613.28, 68053, 65570
1695422770, 0, 0, 52, 0, 0, 26583.20, 3, 0, 0, 37.62, 347, 220, 25613.28, 68053, 65570
1695422785, 0, 0, 52, 0, 0, 26583.20, 3, 0, 0, 0.85, 355, 224, 25613.28, 68053, 65570
1695422807, 0, 0, 52, 0, 0, 26583.20, 3, 0, 0, 0.44, 362, 227, 25613.28, 68053, 65570
1695422822, 0, 0, 53, 0, 0, 26583.59, 3, 0, 0, 0.49, 365, 231, 25613.67, 68054, 65571
1695422833, 0, 0, 53, 0, 0, 26583.59, 3, 0, 0, 0.34, 368, 232, 25613.67, 68054, 65571
1695422846, 0, 0, 53, 0, 0, 26583.59, 3, 0, 0, 0.16, 369, 233, 25613.67, 68054, 65571
1695422846, 0, 0, 53, 0, 0, 26583.59, 3, 0, 0, 13.05, 370, 237, 25613.67, 68054, 65571
1695422847, 0, 0, 53, 0, 0, 26583.59, 3, 0, 0, 26.40, 372, 243, 25613.67, 68054, 65571
1695422858, 0, 0, 53, 0, 0, 26583.59, 3, 0, 0, 0.42, 375, 245, 25613.67, 68054, 65571
1695422871, 0, 0, 53, 0, 0, 26583.59, 3, 0, 0, 0.48, 381, 245, 25613.67, 68054, 65571
1695422883, 0, 0, 53, 0, 0, 26583.59, 3, 0, 0, 0.32, 384, 246, 25613.67, 68054, 65571
1695422895, 0, 0, 54, 0, 0, 26583.98, 3, 0, 0, 0.33, 387, 247, 25614.06, 68055, 65572
1695422908, 0, 0, 54, 0, 0, 26583.98, 3, 0, 0, 1.05, 394, 253, 25614.06, 68055, 65572
1695422920, 0, 0, 54, 0, 0, 26583.98, 3, 0, 0, 0.17, 396, 253, 25614.06, 68055, 65572
1695422932, 0, 0, 54, 0, 0, 26583.98, 3, 0, 0, 0.16, 397, 254, 25614.06, 68055, 65572
1695422947, 0, 0, 54, 0, 0, 26583.98, 3, 0, 0, 0.75, 404, 258, 25614.06, 68055, 65572
1695422959, 0, 0, 54, 0, 0, 26583.98, 3, 0, 0, 0.42, 405, 262, 25614.06, 68055, 65572
1695422971, 0, 0, 54, 0, 0, 26583.98, 3, 0, 0, 0.67, 410, 265, 25614.06, 68055, 65572
1695422983, 0, 0, 54, 0, 0, 26583.98, 3, 0, 0, 0.41, 414, 266, 25614.06, 68055, 65572
1695422995, 0, 0, 54, 0, 0, 26583.98, 3, 0, 0, 0.33, 416, 268, 25614.06, 68055, 65572
1695423006, 0, 0, 54, 0, 0, 26583.98, 3, 0, 0, 0.27, 416, 271, 25614.06, 68055, 65572
1695423040, 0, 0, 54, 0, 0, 26583.98, 3, 0, 0, 0.03, 417, 271, 25614.06, 68055, 65572
1695423041, 0, 0, 54, 0, 0, 26583.98, 3, 0, 0, 33.11, 425, 273, 25614.06, 68055, 65572
1695423064, 0, 0, 54, 0, 0, 26583.98, 3, 0, 0, 0.04, 426, 273, 25614.06, 68055, 65572
1695423077, 0, 0, 54, 0, 0, 26583.98, 3, 0, 0, 0.32, 430, 273, 25614.06, 68055, 65572
1695423089, 0, 0, 54, 0, 0, 26583.98, 3, 0, 0, 0.94, 437, 278, 25614.06, 68055, 65572
1695423104, 0, 0, 54, 0, 0, 26583.98, 3, 0, 0, 0.56, 443, 280, 25614.06, 68055, 65572
1695423104, 0, 0, 54, 0, 0, 26583.98, 3, 0, 0, 36.70, 447, 288, 25614.06, 68055, 65572
1695423116, 0, 0, 54, 0, 0, 26583.98, 3, 0, 0, 0.83, 454, 291, 25614.06, 68055, 65572
1695423128, 0, 0, 54, 0, 0, 26583.98, 3, 0, 0, 0.32, 456, 293, 25614.06, 68055, 65572
1695423141, 0, 0, 54, 0, 0, 26583.98, 3, 0, 0, 0.55, 460, 296, 25614.06, 68055, 65572
1695423155, 0, 0, 54, 0, 0, 26583.98, 3, 0, 0, 0.98, 467, 303, 25614.06, 68055, 65572
1695423171, 0, 0, 54, 0, 0, 26583.98, 3, 0, 0, 0.19, 469, 304, 25614.06, 68055, 65572
1695423172, 0, 0, 54, 0, 0, 26583.98, 3, 0, 0, 33.33, 475, 309, 25614.06, 68055, 65572
1695423184, 0, 0, 54, 0, 0, 26583.98, 3, 0, 0, 0.40, 480, 309, 25614.06, 68055, 65572
1695423196, 0, 0, 54, 0, 0, 26583.98, 3, 0, 0, 0.42, 483, 311, 25614.06, 68055, 65572
1695423196, 0, 0, 54, 0, 0, 26583.98, 3, 0, 0, 38.58, 492, 315, 25614.06, 68055, 65572
1695423210, 0, 0, 54, 0, 0, 26583.98, 3, 0, 0, 0.07, 493, 315, 25614.06, 68055, 65572
1695423210, 0, 0, 54, 0, 0, 26583.98, 3, 0, 0, 15.72, 496, 317, 25614.06, 68055, 65572
1695423225, 0, 0, 54, 0, 0, 26583.98, 3, 0, 0, 0.13, 498, 317, 25614.06, 68055, 65572
1695423241, 0, 0, 54, 0, 0, 26583.98, 3, 0, 0, 0.06, 499, 317, 25614.06, 68055, 65572
1695423258, 0, 0, 54, 0, 0, 26583.98, 3, 0, 0, 0.24, 501, 319, 25614.06, 68055, 65572
1695423273, 0, 0, 54, 0, 0, 26583.98, 3, 0, 0, 0.13, 502, 320, 25614.06, 68055, 65572
1695423292, 0, 0, 54, 0, 0, 26583.98, 3, 0, 0, 0.38, 507, 322, 25614.06, 68055, 65572
1695423309, 0, 0, 54, 0, 0, 26583.98, 3, 0, 0, 0.06, 507, 323, 25614.06, 68055, 65572
1695423354, 0, 0, 55, 0, 0, 26584.38, 3, 0, 0, 0.13, 513, 323, 25614.45, 68056, 65573
1695423354, 0, 0, 55, 0, 0, 26584.38, 3, 0, 0, 16.23, 518, 323, 25614.45, 68056, 65573
1695423355, 0, 0, 55, 0, 0, 26584.38, 3, 0, 0, 6.04, 521, 323, 25614.45, 68056, 65573
1695423373, 0, 0, 55, 0, 0, 26584.38, 3, 0, 0, 0.44, 524, 328, 25614.45, 68056, 65573
1695423373, 0, 0, 55, 0, 0, 26584.38, 3, 0, 0, 18.40, 526, 332, 25614.45, 68056, 65573
1695423392, 0, 0, 55, 0, 0, 26584.38, 3, 0, 0, 0.21, 529, 333, 25614.45, 68056, 65573
1695423392, 0, 0, 55, 0, 0, 26584.38, 3, 0, 0, 12.76, 532, 335, 25614.45, 68056, 65573
1695423414, 0, 0, 55, 0, 0, 26584.38, 3, 0, 0, 0.23, 536, 336, 25614.45, 68056, 65573
1695423414, 0, 0, 55, 0, 0, 26584.38, 3, 0, 0, 9.32, 540, 336, 25614.45, 68056, 65573
1695423437, 0, 0, 55, 0, 0, 26584.38, 3, 0, 0, 0.13, 543, 336, 25614.45, 68056, 65573
1695423457, 0, 0, 56, 0, 0, 26688.67, 3, 0, 0, 0.05, 544, 336, 25718.75, 68323, 65840
1695423458, 0, 0, 56, 0, 0, 26688.67, 3, 0, 0, 6.91, 546, 337, 25718.75, 68323, 65840
1695423477, 0, 0, 56, 0, 0, 26688.67, 3, 0, 0, 0.35, 551, 339, 25718.75, 68323, 65840
1695423506, 0, 0, 56, 0, 0, 26688.67, 3, 0, 0, 0.04, 552, 339, 25718.75, 68323, 65840
1695423523, 0, 0, 56, 0, 0, 26688.67, 3, 0, 0, 0.29, 556, 340, 25718.75, 68323, 65840
1695423559, 0, 0, 56, 0, 0, 26688.67, 3, 0, 0, 0.03, 557, 340, 25718.75, 68323, 65840
1695423588, 0, 0, 56, 0, 0, 26688.67, 3, 0, 0, 0.28, 561, 344, 25718.75, 68323, 65840
1695423589, 0, 0, 56, 0, 0, 26688.67, 3, 0, 0, 16.88, 566, 347, 25718.75, 68323, 65840
1695423611, 0, 0, 56, 0, 0, 26688.67, 3, 0, 0, 0.18, 568, 349, 25718.75, 68323, 65840
1695423611, 0, 0, 56, 0, 0, 26688.67, 3, 0, 0, 5.99, 570, 350, 25718.75, 68323, 65840
1695423612, 0, 0, 56, 0, 0, 26688.67, 3, 0, 0, 9.84, 573, 350, 25718.75, 68323, 65840
1695423632, 0, 0, 57, 0, 0, 26689.06, 3, 0, 0, 0.05, 574, 350, 25719.14, 68324, 65841
1695423633, 0, 0, 57, 0, 0, 26689.06, 3, 0, 0, 20.30, 582, 350, 25719.14, 68324, 65841
1695423633, 0, 0, 57, 0, 0, 26689.06, 3, 0, 0, 16.70, 585, 355, 25719.14, 68324, 65841
1695423633, 0, 0, 57, 0, 0, 26689.06, 3, 0, 0, 13.97, 586, 359, 25719.14, 68324, 65841
1695423634, 0, 0, 57, 0, 0, 26689.06, 3, 0, 0, 11.04, 590, 360, 25719.14, 68324, 65841
1695423634, 0, 0, 57, 0, 0, 26689.06, 3, 0, 0, 19.42, 594, 362, 25719.14, 68324, 65841
1695423635, 0, 0, 57, 0, 0, 26689.06, 3, 0, 0, 11.39, 595, 366, 25719.14, 68324, 65841
1695423635, 0, 0, 57, 0, 0, 26689.06, 3, 0, 0, 18.28, 600, 368, 25719.14, 68324, 65841
1695423635, 0, 0, 57, 0, 0, 26689.06, 3, 0, 0, 7.67, 602, 369, 25719.14, 68324, 65841
1695423636, 0, 0, 57, 0, 0, 26689.06, 3, 0, 0, 10.02, 605, 371, 25719.14, 68324, 65841
1695423636, 0, 0, 57, 0, 0, 26689.06, 3, 0, 0, 21.21, 609, 374, 25719.14, 68324, 65841
1695423637, 0, 0, 57, 0, 0, 26689.06, 3, 0, 0, 8.52, 611, 375, 25719.14, 68324, 65841
1695423658, 0, 0, 57, 0, 0, 26689.06, 3, 0, 0, 0.14, 612, 377, 25719.14, 68324, 65841
1695423658, 0, 0, 57, 0, 0, 26689.06, 3, 0, 0, 15.87, 614, 381, 25719.14, 68324, 65841
1695423680, 0, 0, 57, 0, 0, 26689.06, 3, 0, 0, 0.09, 616, 381, 25719.14, 68324, 65841
1695423701, 0, 0, 57, 0, 0, 26689.06, 3, 0, 0, 0.10, 617, 382, 25719.14, 68324, 65841
1695423723, 0, 0, 57, 0, 0, 26689.06, 3, 0, 0, 0.09, 618, 383, 25719.14, 68324, 65841
1695423745, 0, 0, 57, 0, 0, 26689.06, 3, 0, 0, 0.09, 620, 383, 25719.14, 68324, 65841
1695423766, 0, 0, 57, 0, 0, 26689.06, 3, 0, 0, 0.10, 621, 384, 25719.14, 68324, 65841
1695423790, 0, 0, 57, 0, 0, 26689.06, 3, 0, 0, 0.21, 624, 386, 25719.14, 68324, 65841
1695423790, 0, 0, 57, 0, 0, 26689.06, 3, 0, 0, 16.50, 628, 387, 25719.14, 68324, 65841
1695423790, 0, 0, 57, 0, 0, 26689.06, 3, 0, 0, 16.48, 632, 389, 25719.14, 68324, 65841
1695423814, 0, 0, 57, 0, 0, 26689.06, 3, 0, 0, 0.08, 634, 389, 25719.14, 68324, 65841
1695423815, 0, 0, 57, 0, 0, 26689.06, 3, 0, 0, 12.99, 637, 390, 25719.14, 68324, 65841
1695423840, 0, 0, 57, 0, 0, 26689.06, 3, 0, 0, 0.08, 638, 391, 25719.14, 68324, 65841
1695423841, 0, 0, 57, 0, 0, 26689.06, 3, 0, 0, 16.39, 639, 395, 25719.14, 68324, 65841
1695423841, 0, 0, 57, 0, 0, 26689.06, 3, 0, 0, 6.04, 641, 396, 25719.14, 68324, 65841
1695423863, 0, 0, 57, 0, 0, 26689.06, 3, 0, 0, 0.36, 642, 403, 25719.14, 68324, 65841
1695423883, 0, 0, 57, 0, 0, 26689.06, 3, 0, 0, 0.45, 646, 408, 25719.14, 68324, 65841
1695423909, 0, 0, 57, 0, 0, 26689.06, 3, 0, 0, 0.12, 647, 410, 25719.14, 68324, 65841
1695423909, 0, 0, 57, 0, 0, 26689.06, 3, 0, 0, 9.23, 649, 411, 25719.14, 68324, 65841
1695423909, 0, 0, 57, 0, 0, 26689.06, 3, 0, 0, 20.96, 653, 414, 25719.14, 68324, 65841
1695423910, 0, 0, 57, 0, 0, 26689.06, 3, 0, 0, 6.60, 654, 415, 25719.14, 68324, 65841
1695423929, 0, 0, 57, 0, 0, 26689.06, 3, 0, 0, 0.21, 657, 416, 25719.14, 68324, 65841
1695423954, 0, 0, 57, 0, 0, 26689.06, 3, 0, 0, 0.04, 658, 416, 25719.14, 68324, 65841
1695423974, 0, 0, 57, 0, 0, 26689.06, 3, 0, 0, 0.05, 659, 416, 25719.14, 68324, 65841
1695423992, 0, 0, 57, 0, 0, 26689.06, 3, 0, 0, 0.06, 660, 416, 25719.14, 68324, 65841
1695424006, 0, 0, 57, 0, 0, 26689.06, 3, 0, 0, 0.51, 665, 418, 25719.14, 68324, 65841
1695424024, 0, 0, 57, 0, 0, 26689.06, 3, 0, 0, 0.22, 668, 419, 25719.14, 68324, 65841
1695424037, 0, 0, 57, 0, 0, 26689.06, 3, 0, 0, 0.16, 669, 420, 25719.14, 68324, 65841
1695424048, 0, 0, 57, 0, 0, 26689.06, 3, 0, 0, 0.44, 672, 422, 25719.14, 68324, 65841
1695424062, 0, 0, 57, 0, 0, 26689.06, 3, 0, 0, 0.15, 674, 422, 25719.14, 68324, 65841
1695424073, 0, 0, 58, 0, 0, 26689.84, 3, 0, 0, 0.53, 676, 426, 25719.92, 68326, 65843
1695424074, 0, 0, 58, 0, 0, 26689.84, 3, 0, 0, 15.02, 680, 429, 25719.92, 68326, 65843
1695424090, 0, 0, 58, 0, 0, 26689.84, 3, 0, 0, 0.44, 685, 431, 25719.92, 68326, 65843
1695424100, 0, 0, 58, 0, 0, 26689.84, 3, 0, 0, 0.47, 687, 434, 25719.92, 68326, 65843
1695424111, 0, 0, 58, 0, 0, 26689.84, 3, 0, 0, 0.09, 688, 434, 25719.92, 68326, 65843
1695424122, 0, 0, 58, 0, 0, 26689.84, 3, 0, 0, 0.28, 690, 435, 25719.92, 68326, 65843
1695424134, 0, 0, 59, 0, 0, 26690.23, 3, 0, 0, 0.25, 693, 435, 25720.31, 68327, 65844
1695424144, 0, 0, 59, 0, 0, 26690.23, 3, 0, 0, 0.49, 693, 440, 25720.31, 68327, 65844
1695424155, 0, 0, 59, 0, 0, 26690.23, 3, 0, 0, 0.27, 694, 442, 25720.31, 68327, 65844
1695424186, 0, 0, 59, 0, 0, 26690.23, 3, 0, 0, 0.20, 699, 443, 25720.31, 68327, 65844
1695424196, 0, 0, 59, 0, 0, 26690.23, 3, 0, 0, 0.46, 701, 446, 25720.31, 68327, 65844
1695424197, 0, 0, 59, 0, 0, 26690.23, 3, 0, 0, 28.75, 707, 449, 25720.31, 68327, 65844
1695424208, 0, 0, 59, 0, 0, 26690.23, 3, 0, 0, 0.45, 711, 450, 25720.31, 68327, 65844
1695424219, 0, 0, 60, 0, 0, 26690.63, 3, 0, 0, 0.17, 713, 450, 25720.70, 68328, 65845
1695424230, 0, 0, 60, 0, 0, 26690.63, 3, 0, 0, 0.09, 714, 450, 25720.70, 68328, 65845
1695424241, 0, 0, 60, 0, 0, 26690.63, 3, 0, 0, 0.65, 717, 454, 25720.70, 68328, 65845
1695424252, 0, 0, 60, 0, 0, 26690.63, 3, 0, 0, 0.28, 718, 456, 25720.70, 68328, 65845
1695424264, 0, 0, 60, 0, 0, 26690.63, 3, 0, 0, 0.50, 721, 459, 25720.70, 68328, 65845
1695424274, 0, 0, 60, 0, 0, 26690.63, 3, 0, 0, 0.47, 725, 460, 25720.70, 68328, 65845
1695424285, 0, 0, 60, 0, 0, 26690.63, 3, 0, 0, 0.28, 727, 461, 25720.70, 68328, 65845
1695424295, 0, 0, 60, 0, 0, 26690.63, 3, 0, 0, 0.29, 730, 461, 25720.70, 68328, 65845
1695424306, 0, 0, 60, 0, 0, 26690.63, 3, 0, 0, 0.19, 732, 461, 25720.70, 68328, 65845
1695424318, 0, 0, 61, 0, 0, 26691.02, 3, 0, 0, 0.96, 739, 465, 25721.09, 68329, 65846
1695424331, 0, 0, 61, 0, 0, 26691.02, 3, 0, 0, 0.51, 744, 467, 25721.09, 68329, 65846
1695424332, 0, 0, 61, 0, 0, 26691.02, 3, 0, 0, 27.86, 748, 472, 25721.09, 68329, 65846
1695424344, 0, 0, 61, 0, 0, 26691.02, 3, 0, 0, 0.80, 752, 478, 25721.09, 68329, 65846
1695424344, 0, 0, 61, 0, 0, 26691.02, 3, 0, 0, 19.29, 754, 482, 25721.09, 68329, 65846
1695424356, 0, 0, 61, 0, 0, 26691.02, 3, 0, 0, 0.27, 756, 483, 25721.09, 68329, 65846
1695424356, 0, 0, 61, 0, 0, 26691.02, 3, 0, 0, 31.85, 760, 489, 25721.09, 68329, 65846
1695424356, 0, 0, 61, 0, 0, 26691.02, 3, 0, 0, 34.16, 765, 495, 25721.09, 68329, 65846
1695424367, 0, 0, 61, 0, 0, 26691.02, 3, 0, 0, 1.03, 771, 500, 25721.09, 68329, 65846
1695424379, 0, 0, 61, 0, 0, 26691.02, 3, 0, 0, 0.08, 772, 500, 25721.09, 68329, 65846
1695424379, 0, 0, 61, 0, 0, 26691.02, 3, 0, 0, 19.11, 777, 501, 25721.09, 68329, 65846
1695424392, 0, 0, 61, 0, 0, 26691.02, 3, 0, 0, 0.23, 779, 502, 25721.09, 68329, 65846
1695424405, 0, 0, 61, 0, 0, 26691.02, 3, 0, 0, 0.33, 781, 504, 25721.09, 68329, 65846
1695424416, 0, 0, 61, 0, 0, 26691.02, 3, 0, 0, 0.08, 782, 504, 25721.09, 68329, 65846
1695424417, 0, 0, 61, 0, 0, 26691.02, 3, 0, 0, 22.15, 785, 508, 25721.09, 68329, 65846
1695424427, 0, 0, 61, 0, 0, 26691.02, 3, 0, 0, 0.20, 786, 509, 25721.09, 68329, 65846
1695424438, 0, 0, 61, 0, 0, 26691.02, 3, 0, 0, 0.09, 787, 509, 25721.09, 68329, 65846
1695424439, 0, 0, 61, 0, 0, 26691.02, 3, 0, 0, 31.45, 791, 515, 25721.09, 68329, 65846
1695424439, 0, 0, 61, 0, 0, 26691.02, 3, 0, 0, 34.59, 794, 523, 25721.09, 68329, 65846
1695424454, 0, 0, 61, 0, 0, 26691.02, 3, 0, 0, 0.26, 797, 524, 25721.09, 68329, 65846
1695424465, 0, 0, 61, 0, 0, 26691.02, 3, 0, 0, 0.47, 800, 526, 25721.09, 68329, 65846
1695424476, 0, 0, 61, 0, 0, 26691.02, 3, 0, 0, 0.53, 801, 531, 25721.09, 68329, 65846
1695424487, 0, 0, 61, 0, 0, 26691.02, 3, 0, 0, 0.37, 804, 532, 25721.09, 68329, 65846
1695424498, 0, 0, 61, 0, 0, 26691.02, 3, 0, 0, 0.46, 806, 535, 25721.09, 68329, 65846
1695424499, 0, 0, 61, 0, 0, 26691.02, 3, 0, 0, 17.39, 811, 536, 25721.09, 68329, 65846
1695424499, 0, 0, 61, 0, 0, 26691.02, 3, 0, 0, 19.18, 814, 540, 25721.09, 68329, 65846
1695424512, 0, 0, 61, 0, 0, 26691.02, 3, 0, 0, 0.07, 815, 540, 25721.09, 68329, 65846
1695424513, 0, 0, 61, 0, 0, 26691.02, 3, 0, 0, 12.46, 819, 540, 25721.09, 68329, 65846
1695424524, 0, 0, 61, 0, 0, 26691.02, 3, 0, 0, 0.35, 823, 540, 25721.09, 68329, 65846
1695424540, 0, 0, 61, 0, 0, 26691.02, 3, 0, 0, 0.19, 825, 541, 25721.09, 68329, 65846
1695424540, 0, 0, 61, 0, 0, 26691.02, 3, 0, 0, 20.36, 831, 543, 25721.09, 68329, 65846
1695424589, 0, 0, 61, 0, 0, 26691.02, 3, 0, 0, 0.12, 834, 546, 25721.09, 68329, 65846
1695424589, 0, 0, 61, 0, 0, 26691.02, 3, 0, 0, 10.00, 837, 546, 25721.09, 68329, 65846
1695424601, 0, 0, 61, 0, 0, 26691.02, 3, 0, 0, 0.50, 840, 549, 25721.09, 68329, 65846
1695424613, 0, 0, 61, 0, 0, 26691.02, 3, 0, 0, 0.44, 844, 550, 25721.09, 68329, 65846
1695424628, 0, 0, 61, 0, 0, 26691.02, 3, 0, 0, 0.45, 848, 553, 25721.09, 68329, 65846
1695424642, 0, 0, 61, 0, 0, 26691.02, 3, 0, 0, 0.07, 849, 553, 25721.09, 68329, 65846
1695424643, 0, 0, 61, 0, 0, 26691.02, 3, 0, 0, 22.51, 853, 556, 25721.09, 68329, 65846
1695424653, 0, 0, 61, 0, 0, 26691.02, 3, 0, 0, 0.56, 857, 558, 25721.09, 68329, 65846
1695424654, 0, 0, 61, 0, 0, 26691.02, 3, 0, 0, 21.88, 862, 560, 25721.09, 68329, 65846
1695424654, 0, 0, 61, 0, 0, 26691.02, 3, 0, 0, 14.45, 867, 560, 25721.09, 68329, 65846
1695424654, 0, 0, 61, 0, 0, 26691.02, 3, 0, 0, 22.51, 871, 563, 25721.09, 68329, 65846
1695424665, 0, 0, 61, 0, 0, 26691.02, 3, 0, 0, 0.09, 872, 563, 25721.09, 68329, 65846
1695424666, 0, 0, 61, 0, 0, 26691.02, 3, 0, 0, 22.73, 876, 566, 25721.09, 68329, 65846
1695424677, 0, 0, 61, 0, 0, 26691.02, 3, 0, 0, 0.62, 878, 571, 25721.09, 68329, 65846
1695424688, 0, 0, 61, 0, 0, 26691.02, 3, 0, 0, 0.18, 880, 571, 25721.09, 68329, 65846
1695424707, 0, 0, 62, 0, 0, 26691.41, 3, 0, 0, 0.30, 882, 575, 25721.48, 68330, 65847
1695424718, 0, 0, 62, 0, 0, 26691.41, 3, 0, 0, 0.09, 883, 575, 25721.48, 68330, 65847
1695424729, 0, 0, 62, 0, 0, 26691.41, 3, 0, 0, 0.27, 885, 576, 25721.48, 68330, 65847
1695424730, 0, 0, 62, 0, 0, 26691.41, 3, 0, 0, 20.53, 891, 577, 25721.48, 68330, 65847
1695424741, 0, 0, 62, 0, 0, 26691.41, 3, 0, 0, 0.18, 892, 578, 25721.48, 68330, 65847
1695424753, 0, 0, 62, 0, 0, 26691.41, 3, 0, 0, 0.08, 893, 578, 25721.48, 68330, 65847
1695424763, 0, 0, 62, 0, 0, 26691.41, 3, 0, 0, 0.29, 893, 581, 25721.48, 68330, 65847
1695424774, 0, 0, 62, 0, 0, 26691.41, 3, 0, 0, 0.45, 895, 584, 25721.48, 68330, 65847
1695424785, 0, 0, 62, 0, 0, 26691.41, 3, 0, 0, 0.62, 901, 585, 25721.48, 68330, 65847
1695424797, 0, 0, 62, 0, 0, 26691.41, 3, 0, 0, 0.09, 902, 585, 25721.48, 68330, 65847
1695424810, 0, 0, 62, 0, 0, 26691.41, 3, 0, 0, 0.23, 905, 585, 25721.48, 68330, 65847
1695424811, 0, 0, 62, 0, 0, 26691.41, 3, 0, 0, 20.17, 911, 586, 25721.48, 68330, 65847
1695424823, 0, 0, 62, 0, 0, 26691.41, 3, 0, 0, 0.56, 915, 589, 25721.48, 68330, 65847
1695424834, 0, 0, 62, 0, 0, 26691.41, 3, 0, 0, 0.37, 916, 592, 25721.48, 68330, 65847
1695424846, 0, 0, 62, 0, 0, 26691.41, 3, 0, 0, 0.17, 918, 592, 25721.48, 68330, 65847
1695424857, 0, 0, 62, 0, 0, 26691.41, 3, 0, 0, 0.26, 920, 593, 25721.48, 68330, 65847
1695424858, 0, 0, 62, 0, 0, 26691.41, 3, 0, 0, 12.58, 924, 593, 25721.48, 68330, 65847
1695424858, 0, 0, 62, 0, 0, 26691.41, 3, 0, 0, 19.93, 929, 594, 25721.48, 68330, 65847
1695424871, 0, 0, 62, 0, 0, 26691.41, 3, 0, 0, 0.23, 932, 594, 25721.48, 68330, 65847
1695424871, 0, 0, 62, 0, 0, 26691.41, 3, 0, 0, 22.36, 935, 598, 25721.48, 68330, 65847
1695424872, 0, 0, 62, 0, 0, 26691.41, 3, 0, 0, 22.88, 940, 600, 25721.48, 68330, 65847
1695424886, 0, 0, 63, 0, 0, 26692.19, 3, 0, 0, 0.14, 942, 600, 25722.27, 68332, 65849
1695424886, 0, 0, 63, 0, 0, 26692.19, 3, 0, 0, 9.43, 943, 602, 25722.27, 68332, 65849
1695424886, 0, 0, 63, 0, 0, 26692.19, 3, 0, 0, 26.49, 949, 604, 25722.27, 68332, 65849
1695424887, 0, 0, 63, 0, 0, 26692.19, 3, 0, 0, 25.79, 954, 608, 25722.27, 68332, 65849
1695424897, 0, 0, 63, 0, 0, 26692.19, 3, 0, 0, 0.19, 955, 609, 25722.27, 68332, 65849
1695424908, 0, 0, 63, 0, 0, 26692.19, 3, 0, 0, 0.38, 958, 610, 25722.27, 68332, 65849
1695424930, 0, 0, 63, 0, 0, 26692.19, 3, 0, 0, 0.23, 961, 612, 25722.27, 68332, 65849
1695424930, 0, 0, 63, 0, 0, 26692.19, 3, 0, 0, 25.81, 964, 617, 25722.27, 68332, 65849
1695424930, 0, 0, 63, 0, 0, 26692.19, 3, 0, 0, 21.60, 967, 621, 25722.27, 68332, 65849
1695424941, 0, 0, 63, 0, 0, 26692.19, 3, 0, 0, 0.46, 970, 623, 25722.27, 68332, 65849
1695424952, 0, 0, 63, 0, 0, 26692.19, 3, 0, 0, 0.27, 972, 624, 25722.27, 68332, 65849
1695424966, 0, 0, 63, 0, 0, 26692.19, 3, 0, 0, 0.29, 975, 625, 25722.27, 68332, 65849
1695424977, 0, 0, 63, 0, 0, 26692.19, 3, 0, 0, 0.44, 979, 626, 25722.27, 68332, 65849
1695424978, 0, 0, 63, 0, 0, 26692.19, 3, 0, 0, 15.11, 981, 629, 25722.27, 68332, 65849
1695424989, 0, 0, 63, 0, 0, 26692.19, 3, 0, 0, 0.44, 983, 632, 25722.27, 68332, 65849
1695425000, 0, 0, 63, 0, 0, 26692.19, 3, 0, 0, 0.09, 984, 632, 25722.27, 68332, 65849
1695425011, 0, 0, 63, 0, 0, 26692.19, 3, 0, 0, 0.27, 986, 633, 25722.27, 68332, 65849
1695425011, 0, 0, 63, 0, 0, 26692.19, 3, 0, 0, 21.67, 989, 637, 25722.27, 68332, 65849
1695425032, 0, 0, 63, 0, 0, 26692.19, 3, 0, 0, 0.30, 993, 639, 25722.27, 68332, 65849
1695425043, 0, 0, 63, 0, 0, 26692.19, 3, 0, 0, 0.52, 998, 640, 25722.27, 68332, 65849
1695425043, 0, 0, 63, 0, 0, 26692.19, 3, 0, 0, 16.30, 1003, 641, 25722.27, 68332, 65849
1695425044, 0, 0, 63, 0, 0, 26692.19, 3, 0, 0, 18.87, 1008, 642, 25722.27, 68332, 65849
1695425057, 0, 0, 63, 0, 0, 26692.19, 3, 0, 0, 0.07, 1009, 642, 25722.27, 68332, 65849
1695425070, 0, 0, 64, 0, 0, 26692.58, 3, 0, 0, 0.39, 1011, 645, 25722.66, 68333, 65850
1695425081, 0, 0, 64, 0, 0, 26692.58, 3, 0, 0, 0.18, 1013, 645, 25722.66, 68333, 65850
1695425094, 0, 0, 64, 0, 0, 26692.58, 3, 0, 0, 0.16, 1015, 645, 25722.66, 68333, 65850
1695425106, 0, 0, 64, 0, 0, 26692.58, 3, 0, 0, 0.51, 1019, 647, 25722.66, 68333, 65850
1695425106, 0, 0, 64, 0, 0, 26692.58, 3, 0, 0, 14.04, 1022, 649, 25722.66, 68333, 65850
1695425119, 0, 0, 64, 0, 0, 26692.58, 3, 0, 0, 0.22, 1025, 649, 25722.66, 68333, 65850
1695425133, 0, 0, 64, 0, 0, 26692.58, 3, 0, 0, 0.15, 1027, 649, 25722.66, 68333, 65850
1695425146, 0, 0, 65, 0, 0, 26693.36, 3, 0, 0, 0.31, 1029, 651, 25723.44, 68335, 65852
1695425158, 0, 0, 65, 0, 0, 26693.36, 3, 0, 0, 0.08, 1030, 651, 25723.44, 68335, 65852
1695425170, 0, 0, 65, 0, 0, 26693.36, 3, 0, 0, 0.41, 1033, 653, 25723.44, 68335, 65852
1695425182, 0, 0, 65, 0, 0, 26693.36, 3, 0, 0, 0.34, 1036, 654, 25723.44, 68335, 65852
1695425193, 0, 0, 65, 0, 0, 26693.36, 3, 0, 0, 0.09, 1037, 654, 25723.44, 68335, 65852
1695425193, 0, 0, 65, 0, 0, 26693.36, 3, 0, 0, 15.06, 1040, 656, 25723.44, 68335, 65852
1695425205, 0, 0, 65, 0, 0, 26693.36, 3, 0, 0, 0.09, 1041, 656, 25723.44, 68335, 65852
1695425217, 0, 0, 65, 0, 0, 26693.36, 3, 0, 0, 0.24, 1042, 658, 25723.44, 68335, 65852
1695425217, 0, 0, 65, 0, 0, 26693.36, 3, 0, 0, 14.88, 1045, 660, 25723.44, 68335, 65852
1695425217, 0, 0, 65, 0, 0, 26693.36, 3, 0, 0, 22.22, 1051, 661, 25723.44, 68335, 65852
1695425218, 0, 0, 65, 0, 0, 26693.36, 3, 0, 0, 20.53, 1053, 666, 25723.44, 68335, 65852
1695425232, 0, 0, 65, 0, 0, 26693.36, 3, 0, 0, 0.36, 1055, 669, 25723.44, 68335, 65852
1695425243, 0, 0, 66, 0, 0, 26694.14, 3, 0, 0, 0.25, 1057, 670, 25724.22, 68337, 65854
1695425254, 0, 0, 66, 0, 0, 26694.14, 3, 0, 0, 0.19, 1059, 670, 25724.22, 68337, 65854
1695425266, 0, 0, 66, 0, 0, 26694.14, 3, 0, 0, 0.43, 1062, 672, 25724.22, 68337, 65854
1695425266, 0, 0, 66, 0, 0, 26694.14, 3, 0, 0, 21.34, 1067, 674, 25724.22, 68337, 65854
1695425279, 0, 0, 66, 0, 0, 26694.14, 3, 0, 0, 0.23, 1070, 674, 25724.22, 68337, 65854
1695425291, 0, 0, 66, 0, 0, 26694.14, 3, 0, 0, 0.43, 1073, 676, 25724.22, 68337, 65854
1695425291, 0, 0, 66, 0, 0, 26694.14, 3, 0, 0, 21.34, 1077, 679, 25724.22, 68337, 65854
1695425291, 0, 0, 66, 0, 0, 26694.14, 3, 0, 0, 16.61, 1081, 680, 25724.22, 68337, 65854
1695425292, 0, 0, 66, 0, 0, 26694.14, 3, 0, 0, 16.45, 1083, 683, 25724.22, 68337, 65854
1695425303, 0, 0, 66, 0, 0, 26694.14, 3, 0, 0, 0.17, 1084, 684, 25724.22, 68337, 65854
1695425314, 0, 0, 66, 0, 0, 26694.14, 3, 0, 0, 0.18, 1086, 684, 25724.22, 68337, 65854
1695425315, 0, 0, 66, 0, 0, 26694.14, 3, 0, 0, 14.89, 1090, 686, 25724.22, 68337, 65854
1695425315, 0, 0, 66, 0, 0, 26694.14, 3, 0, 0, 14.79, 1093, 688, 25724.22, 68337, 65854
1695425326, 0, 0, 66, 0, 0, 26694.14, 3, 0, 0, 0.18, 1095, 688, 25724.22, 68337, 65854
1695425341, 0, 0, 67, 0, 0, 26694.92, 3, 0, 0, 0.07, 1096, 688, 25725.00, 68339, 65856
1695425353, 0, 0, 67, 0, 0, 26694.92, 3, 0, 0, 0.34, 1097, 691, 25725.00, 68339, 65856
1695425365, 0, 0, 67, 0, 0, 26694.92, 3, 0, 0, 0.08, 1098, 691, 25725.00, 68339, 65856
1695425377, 0, 0, 67, 0, 0, 26694.92, 3, 0, 0, 0.09, 1099, 691, 25725.00, 68339, 65856
1695425377, 0, 0, 67, 0, 0, 26694.92, 3, 0, 0, 13.29, 1101, 693, 25725.00, 68339, 65856
1695425391, 0, 0, 67, 0, 0, 26694.92, 3, 0, 0, 0.14, 1103, 693, 25725.00, 68339, 65856
1695425403, 0, 0, 67, 0, 0, 26694.92, 3, 0, 0, 0.08, 1104, 693, 25725.00, 68339, 65856
1695425417, 0, 0, 67, 0, 0, 26694.92, 3, 0, 0, 0.21, 1105, 695, 25725.00, 68339, 65856
1695425417, 0, 0, 67, 0, 0, 26694.92, 3, 0, 0, 0.00, 1105, 695, 25725.00, 68339, 65856
