# unix_time, cycles_done, cur_path, paths_total, pending_total, pending_favs, map_size, unique_crashes, unique_hangs, max_depth, execs_per_sec
1695360475, 0, 0, 5, 5, 2, 3.47%, 0, 0, 1, 3.82
1695360480, 0, 3, 5, 5, 2, 3.47%, 0, 0, 1, 4.35
1695360593, 0, 3, 7, 7, 2, 3.47%, 0, 0, 2, 3.86
1695360598, 0, 3, 8, 8, 2, 3.47%, 0, 0, 2, 3.82
1695360613, 0, 3, 9, 9, 2, 3.47%, 0, 0, 2, 3.68
1695360619, 0, 3, 10, 10, 2, 3.47%, 0, 0, 2, 3.63
1695360649, 0, 3, 11, 11, 2, 3.47%, 0, 0, 2, 3.39
1695360826, 0, 3, 12, 12, 2, 3.47%, 0, 0, 2, 2.39
1695360983, 0, 3, 13, 13, 2, 3.47%, 0, 0, 2, 1.85
1695361051, 0, 4, 13, 12, 1, 3.47%, 0, 0, 2, 1.70
1695361655, 0, 12, 13, 11, 0, 3.47%, 0, 0, 2, 1.03
1695362509, 1, 1, 13, 10, 0, 3.47%, 0, 0, 2, 0.70
1695363373, 1, 1, 14, 11, 0, 3.47%, 0, 0, 2, 0.54
1695363873, 1, 3, 14, 10, 0, 3.47%, 0, 0, 2, 0.49
