# unix_time, cycles_done, cur_path, paths_total, pending_total, pending_favs, map_size, unique_crashes, unique_hangs, max_depth, execs_per_sec, valid_inputs, invalid_inputs, valid_cov, all_covered_probes, valid_covered_probes
1695281352, 0, 0, 1, 0, 0, 981.25, 0, 0, 0, 0.48, 0, 1, 0.00, 2512, 0
1695281352, 0, 0, 4, 0, 0, 1197.27, 0, 0, 0, 14.62, 3, 3, 408.98, 3065, 1047
1695281367, 0, 0, 8, 0, 0, 7536.33, 0, 0, 0, 0.41, 7, 5, 6891.41, 19293, 17642
1695281376, 0, 0, 11, 0, 0, 7703.13, 0, 0, 0, 0.46, 9, 7, 7057.81, 19720, 18068
1695281381, 0, 0, 16, 0, 0, 7926.17, 0, 0, 0, 1.57, 13, 11, 7286.72, 20291, 18654
1695281385, 0, 0, 16, 0, 0, 7926.17, 1, 0, 0, 1.10, 14, 15, 7286.72, 20291, 18654
1695281394, 0, 0, 19, 0, 0, 7935.16, 1, 0, 0, 0.80, 19, 17, 7295.70, 20314, 18677
1695281401, 0, 0, 22, 0, 0, 8074.22, 1, 0, 0, 0.54, 20, 20, 7423.44, 20670, 19004
1695281410, 0, 0, 23, 0, 0, 8085.16, 1, 0, 0, 0.48, 22, 22, 7434.38, 20698, 19032
1695281414, 0, 0, 23, 0, 0, 8085.16, 1, 0, 0, 1.34, 25, 25, 7434.38, 20698, 19032
1695281415, 0, 0, 23, 0, 0, 8085.16, 1, 0, 0, 43.21, 34, 30, 7434.38, 20698, 19032
1695281419, 0, 0, 23, 0, 0, 8085.16, 1, 0, 0, 1.31, 37, 33, 7434.38, 20698, 19032
1695281425, 0, 0, 24, 0, 0, 8091.80, 1, 0, 0, 1.20, 42, 35, 7441.02, 20715, 19049
1695281425, 0, 0, 24, 0, 0, 8091.80, 1, 0, 0, 26.32, 48, 37, 7441.02, 20715, 19049
1695281429, 0, 0, 24, 0, 0, 8091.80, 1, 0, 0, 0.91, 50, 38, 7441.02, 20715, 19049
1695281435, 0, 0, 24, 0, 0, 8091.80, 1, 0, 0, 0.88, 54, 40, 7441.02, 20715, 19049
1695281442, 0, 0, 24, 0, 0, 8091.80, 1, 0, 0, 0.44, 57, 40, 7441.02, 20715, 19049
1695281443, 0, 0, 25, 0, 0, 8094.53, 1, 0, 0, 93.33, 69, 56, 7441.02, 20722, 19049
1695281448, 0, 0, 26, 0, 0, 8132.81, 1, 0, 0, 0.54, 71, 57, 7479.30, 20820, 19147
1695281462, 0, 0, 27, 0, 0, 8161.72, 1, 0, 0, 0.78, 78, 61, 7508.20, 20894, 19221
1695281469, 0, 0, 27, 0, 0, 8161.72, 1, 0, 0, 0.16, 79, 61, 7508.20, 20894, 19221
1695281478, 0, 0, 27, 0, 0, 8161.72, 1, 0, 0, 0.11, 80, 61, 7508.20, 20894, 19221
1695281481, 0, 0, 27, 0, 0, 8161.72, 2, 0, 0, 1.20, 82, 63, 7508.20, 20894, 19221
1695281486, 0, 0, 27, 0, 0, 8161.72, 2, 0, 0, 2.76, 94, 65, 7508.20, 20894, 19221
1695281490, 0, 0, 27, 0, 0, 8161.72, 2, 0, 0, 0.98, 97, 66, 7508.20, 20894, 19221
1695281497, 0, 0, 27, 0, 0, 8161.72, 2, 0, 0, 2.71, 105, 76, 7508.20, 20894, 19221
1695281502, 0, 0, 28, 0, 0, 8164.84, 2, 0, 0, 0.19, 106, 76, 7511.33, 20902, 19229
1695281508, 0, 0, 28, 0, 0, 8164.84, 2, 0, 0, 0.92, 109, 78, 7511.33, 20902, 19229
1695281512, 0, 0, 28, 0, 0, 8164.84, 2, 0, 0, 0.48, 111, 78, 7511.33, 20902, 19229
1695281517, 0, 0, 29, 0, 0, 8165.23, 2, 0, 0, 2.31, 119, 81, 7511.72, 20903, 19230
1695281522, 0, 0, 29, 0, 0, 8165.23, 2, 0, 0, 0.95, 123, 82, 7511.72, 20903, 19230
1695281526, 0, 0, 29, 0, 0, 8165.23, 2, 0, 0, 1.59, 125, 87, 7511.72, 20903, 19230
1695281532, 0, 0, 29, 0, 0, 8165.23, 2, 0, 0, 1.11, 128, 90, 7511.72, 20903, 19230
1695281537, 0, 0, 29, 0, 0, 8165.23, 2, 0, 0, 2.95, 137, 97, 7511.72, 20903, 19230
1695281566, 0, 0, 29, 0, 0, 8165.23, 2, 0, 0, 0.51, 142, 107, 7511.72, 20903, 19230
1695281570, 0, 0, 29, 0, 0, 8165.23, 2, 0, 0, 0.25, 143, 107, 7511.72, 20903, 19230
1695281578, 0, 0, 29, 0, 0, 8165.23, 2, 0, 0, 0.14, 144, 107, 7511.72, 20903, 19230
1695281587, 0, 0, 29, 0, 0, 8165.23, 2, 0, 0, 0.65, 147, 110, 7511.72, 20903, 19230
1695281595, 0, 0, 29, 0, 0, 8165.23, 2, 0, 0, 0.35, 150, 110, 7511.72, 20903, 19230
1695281596, 0, 0, 29, 0, 0, 8165.23, 2, 0, 0, 9.40, 151, 112, 7511.72, 20903, 19230
1695281602, 0, 0, 29, 0, 0, 8165.23, 2, 0, 0, 0.92, 156, 113, 7511.72, 20903, 19230
1695281609, 0, 0, 29, 0, 0, 8165.23, 2, 0, 0, 0.15, 157, 113, 7511.72, 20903, 19230
1695281617, 0, 0, 29, 0, 0, 8165.23, 2, 0, 0, 0.89, 160, 117, 7511.72, 20903, 19230
1695281624, 0, 0, 29, 0, 0, 8165.23, 2, 0, 0, 1.18, 166, 119, 7511.72, 20903, 19230
1695281633, 0, 0, 29, 0, 0, 8165.23, 2, 0, 0, 0.53, 169, 121, 7511.72, 20903, 19230
1695281633, 0, 0, 29, 0, 0, 8165.23, 2, 0, 0, 61.09, 183, 126, 7511.72, 20903, 19230
1695281634, 0, 0, 29, 0, 0, 8165.23, 2, 0, 0, 29.13, 187, 131, 7511.72, 20903, 19230
1695281655, 0, 0, 29, 0, 0, 8165.23, 2, 0, 0, 0.37, 191, 135, 7511.72, 20903, 19230
1695281681, 0, 0, 29, 0, 0, 8165.23, 2, 0, 0, 0.24, 196, 136, 7511.72, 20903, 19230
1695281685, 0, 0, 29, 0, 0, 8165.23, 2, 0, 0, 1.93, 201, 139, 7511.72, 20903, 19230
1695281689, 0, 0, 29, 0, 0, 8165.23, 3, 0, 0, 2.41, 205, 145, 7511.72, 20903, 19230
1695281693, 0, 0, 29, 0, 0, 8165.23, 3, 0, 0, 1.69, 210, 147, 7511.72, 20903, 19230
1695281697, 0, 0, 29, 0, 0, 8165.23, 3, 0, 0, 1.38, 215, 147, 7511.72, 20903, 19230
1695281700, 0, 0, 29, 0, 0, 8165.23, 3, 0, 0, 5.71, 226, 156, 7511.72, 20903, 19230
1695281704, 0, 0, 29, 0, 0, 8165.23, 3, 0, 0, 2.76, 235, 158, 7511.72, 20903, 19230
1695281711, 0, 0, 29, 0, 0, 8165.23, 3, 0, 0, 2.85, 248, 165, 7511.72, 20903, 19230
1695281715, 0, 0, 29, 0, 0, 8165.23, 3, 0, 0, 2.59, 256, 168, 7511.72, 20903, 19230
1695281722, 0, 0, 29, 0, 0, 8165.23, 3, 0, 0, 2.42, 268, 171, 7511.72, 20903, 19230
1695281729, 0, 0, 29, 0, 0, 8165.23, 3, 0, 0, 3.43, 281, 182, 7511.72, 20903, 19230
1695281739, 0, 0, 29, 0, 0, 8165.23, 3, 0, 0, 0.56, 287, 182, 7511.72, 20903, 19230
1695281750, 0, 0, 29, 0, 0, 8165.23, 3, 0, 0, 1.45, 297, 188, 7511.72, 20903, 19230
1695281757, 0, 0, 29, 0, 0, 8165.23, 3, 0, 0, 0.47, 298, 190, 7511.72, 20903, 19230
1695281760, 0, 0, 29, 0, 0, 8165.23, 3, 0, 0, 0.29, 299, 190, 7511.72, 20903, 19230
1695281764, 0, 0, 29, 0, 0, 8165.23, 3, 0, 0, 1.28, 302, 192, 7511.72, 20903, 19230
1695281769, 0, 0, 29, 0, 0, 8165.23, 3, 0, 0, 3.40, 312, 197, 7511.72, 20903, 19230
1695281775, 0, 0, 29, 0, 0, 8165.23, 3, 0, 0, 1.77, 319, 201, 7511.72, 20903, 19230
1695281780, 0, 0, 29, 0, 0, 8165.23, 3, 0, 0, 0.39, 321, 201, 7511.72, 20903, 19230
1695281789, 0, 0, 29, 0, 0, 8165.23, 3, 0, 0, 0.96, 327, 204, 7511.72, 20903, 19230
1695281793, 0, 0, 29, 0, 0, 8165.23, 3, 0, 0, 0.73, 328, 206, 7511.72, 20903, 19230
1695281796, 0, 0, 29, 0, 0, 8165.23, 3, 0, 0, 0.72, 330, 206, 7511.72, 20903, 19230
1695281802, 0, 0, 29, 0, 0, 8165.23, 3, 0, 0, 0.33, 331, 207, 7511.72, 20903, 19230
1695281805, 0, 0, 29, 0, 0, 8165.23, 3, 0, 0, 0.66, 331, 209, 7511.72, 20903, 19230
1695281808, 0, 0, 29, 0, 0, 8165.23, 3, 0, 0, 3.38, 333, 218, 7511.72, 20903, 19230
1695281812, 0, 0, 29, 0, 0, 8165.23, 3, 0, 0, 2.69, 340, 222, 7511.72, 20903, 19230
1695281817, 0, 0, 29, 0, 0, 8165.23, 3, 0, 0, 0.64, 342, 223, 7511.72, 20903, 19230
1695281822, 0, 0, 29, 0, 0, 8165.23, 3, 0, 0, 6.47, 357, 237, 7511.72, 20903, 19230
1695281827, 0, 0, 29, 0, 0, 8165.23, 3, 0, 0, 1.52, 361, 241, 7511.72, 20903, 19230
1695281830, 0, 0, 29, 0, 0, 8165.23, 3, 0, 0, 0.86, 363, 242, 7511.72, 20903, 19230
1695281835, 0, 0, 29, 0, 0, 8165.23, 3, 0, 0, 3.92, 369, 253, 7511.72, 20903, 19230
1695281838, 0, 0, 29, 0, 0, 8165.23, 3, 0, 0, 0.36, 369, 254, 7511.72, 20903, 19230
1695281842, 0, 0, 29, 0, 0, 8165.23, 3, 0, 0, 1.29, 374, 255, 7511.72, 20903, 19230
1695281850, 0, 0, 29, 0, 0, 8165.23, 3, 0, 0, 0.53, 378, 255, 7511.72, 20903, 19230
1695281875, 0, 0, 29, 0, 0, 8165.23, 3, 0, 0, 0.24, 382, 257, 7511.72, 20903, 19230
1695281879, 0, 0, 29, 0, 0, 8165.23, 3, 0, 0, 0.26, 383, 257, 7511.72, 20903, 19230
1695281886, 0, 0, 29, 0, 0, 8165.23, 3, 0, 0, 0.70, 386, 259, 7511.72, 20903, 19230
1695281890, 0, 0, 29, 0, 0, 8165.23, 3, 0, 0, 3.30, 396, 264, 7511.72, 20903, 19230
1695281900, 0, 0, 29, 0, 0, 8165.23, 3, 0, 0, 0.11, 397, 264, 7511.72, 20903, 19230
1695281904, 0, 0, 29, 0, 0, 8165.23, 3, 0, 0, 1.70, 400, 268, 7511.72, 20903, 19230
1695281909, 0, 0, 29, 0, 0, 8165.23, 3, 0, 0, 2.48, 409, 272, 7511.72, 20903, 19230
1695281915, 0, 0, 29, 0, 0, 8165.23, 3, 0, 0, 0.94, 412, 275, 7511.72, 20903, 19230
1695281922, 0, 0, 29, 0, 0, 8165.23, 3, 0, 0, 2.16, 421, 281, 7511.72, 20903, 19230
1695281933, 0, 0, 29, 0, 0, 8165.23, 3, 0, 0, 1.92, 434, 288, 7511.72, 20903, 19230
1695281937, 0, 0, 29, 0, 0, 8165.23, 3, 0, 0, 3.49, 448, 289, 7511.72, 20903, 19230
1695281946, 0, 0, 29, 0, 0, 8165.23, 3, 0, 0, 1.76, 457, 296, 7511.72, 20903, 19230
1695281951, 0, 0, 29, 0, 0, 8165.23, 3, 0, 0, 0.80, 461, 296, 7511.72, 20903, 19230
1695281957, 0, 0, 29, 0, 0, 8165.23, 3, 0, 0, 1.85, 467, 300, 7511.72, 20903, 19230
1695281960, 0, 0, 29, 0, 0, 8165.23, 3, 0, 0, 0.56, 469, 300, 7511.72, 20903, 19230
1695281982, 0, 0, 29, 0, 0, 8165.23, 3, 0, 0, 0.14, 472, 300, 7511.72, 20903, 19230
1695281986, 0, 0, 29, 0, 0, 8165.23, 3, 0, 0, 0.83, 475, 301, 7511.72, 20903, 19230
1695281991, 0, 0, 29, 0, 0, 8165.23, 3, 0, 0, 1.31, 481, 301, 7511.72, 20903, 19230
1695281991, 0, 0, 29, 0, 0, 8165.23, 3, 0, 0, 42.90, 488, 307, 7511.72, 20903, 19230
1695281992, 0, 0, 29, 0, 0, 8165.23, 3, 0, 0, 17.44, 491, 310, 7511.72, 20903, 19230
1695281996, 0, 0, 29, 0, 0, 8165.23, 3, 0, 0, 1.17, 494, 312, 7511.72, 20903, 19230
1695282000, 0, 0, 29, 0, 0, 8165.23, 3, 0, 0, 1.44, 498, 314, 7511.72, 20903, 19230
1695282004, 0, 0, 29, 0, 0, 8165.23, 3, 0, 0, 2.43, 508, 314, 7511.72, 20903, 19230
1695282009, 0, 0, 29, 0, 0, 8165.23, 3, 0, 0, 2.91, 516, 320, 7511.72, 20903, 19230
1695282013, 0, 0, 29, 0, 0, 8165.23, 3, 0, 0, 0.94, 519, 321, 7511.72, 20903, 19230
1695282018, 0, 0, 29, 0, 0, 8165.23, 3, 0, 0, 0.98, 522, 323, 7511.72, 20903, 19230
1695282019, 0, 0, 29, 0, 0, 8165.23, 3, 0, 0, 29.50, 528, 327, 7511.72, 20903, 19230
1695282023, 0, 0, 29, 0, 0, 8165.23, 3, 0, 0, 0.70, 531, 327, 7511.72, 20903, 19230
1695282029, 0, 0, 29, 0, 0, 8165.23, 3, 0, 0, 2.00, 538, 331, 7511.72, 20903, 19230
1695282040, 0, 0, 29, 0, 0, 8165.23, 3, 0, 0, 0.18, 539, 332, 7511.72, 20903, 19230
1695282044, 0, 0, 29, 0, 0, 8165.23, 3, 0, 0, 0.82, 540, 334, 7511.72, 20903, 19230
1695282048, 0, 0, 29, 0, 0, 8165.23, 3, 0, 0, 0.95, 542, 336, 7511.72, 20903, 19230
1695282052, 0, 0, 29, 0, 0, 8165.23, 3, 0, 0, 0.79, 543, 338, 7511.72, 20903, 19230
1695282056, 0, 0, 29, 0, 0, 8165.23, 3, 0, 0, 1.66, 546, 343, 7511.72, 20903, 19230
1695282064, 0, 0, 29, 0, 0, 8165.23, 3, 0, 0, 0.69, 549, 345, 7511.72, 20903, 19230
1695282077, 0, 0, 29, 0, 0, 8165.23, 3, 0, 0, 0.07, 550, 345, 7511.72, 20903, 19230
1695282081, 0, 0, 29, 0, 0, 8165.23, 3, 0, 0, 3.77, 559, 352, 7511.72, 20903, 19230
1695282087, 0, 0, 29, 0, 0, 8165.23, 3, 0, 0, 0.34, 561, 352, 7511.72, 20903, 19230
1695282091, 0, 0, 29, 0, 0, 8165.23, 3, 0, 0, 1.79, 567, 353, 7511.72, 20903, 19230
1695282096, 0, 0, 29, 0, 0, 8165.23, 3, 0, 0, 3.24, 575, 361, 7511.72, 20903, 19230
1695282099, 0, 0, 29, 0, 0, 8165.23, 3, 0, 0, 3.34, 581, 365, 7511.72, 20903, 19230
1695282104, 0, 0, 29, 0, 0, 8165.23, 3, 0, 0, 0.66, 584, 365, 7511.72, 20903, 19230
1695282126, 0, 0, 29, 0, 0, 8165.23, 3, 0, 0, 0.18, 587, 366, 7511.72, 20903, 19230
1695282131, 0, 0, 29, 0, 0, 8165.23, 3, 0, 0, 0.65, 589, 367, 7511.72, 20903, 19230
1695282134, 0, 0, 29, 0, 0, 8165.23, 3, 0, 0, 0.28, 590, 367, 7511.72, 20903, 19230
1695282138, 0, 0, 29, 0, 0, 8165.23, 3, 0, 0, 2.11, 594, 371, 7511.72, 20903, 19230
1695282141, 0, 0, 29, 0, 0, 8165.23, 4, 0, 0, 0.89, 596, 372, 7511.72, 20903, 19230
1695282164, 0, 0, 29, 0, 0, 8165.23, 4, 0, 0, 0.04, 597, 372, 7511.72, 20903, 19230
1695282164, 0, 0, 29, 0, 0, 8165.23, 4, 0, 0, 26.58, 600, 377, 7511.72, 20903, 19230
1695282169, 0, 0, 29, 0, 0, 8165.23, 4, 0, 0, 1.24, 606, 377, 7511.72, 20903, 19230
1695282173, 0, 0, 29, 0, 0, 8165.23, 4, 0, 0, 7.17, 621, 389, 7511.72, 20903, 19230
1695282178, 0, 0, 29, 0, 0, 8165.23, 4, 0, 0, 0.42, 622, 390, 7511.72, 20903, 19230
1695282182, 0, 0, 29, 0, 0, 8165.23, 4, 0, 0, 3.82, 632, 398, 7511.72, 20903, 19230
1695282188, 0, 0, 29, 0, 0, 8165.23, 4, 0, 0, 0.50, 635, 398, 7511.72, 20903, 19230
1695282189, 0, 0, 29, 0, 0, 8165.23, 4, 0, 0, 33.22, 643, 400, 7511.72, 20903, 19230
1695282189, 0, 0, 29, 0, 0, 8165.23, 4, 0, 0, 52.81, 654, 405, 7511.72, 20903, 19230
1695282195, 0, 0, 29, 0, 0, 8165.23, 4, 0, 0, 1.11, 659, 407, 7511.72, 20903, 19230
1695282259, 0, 0, 30, 0, 0, 8220.31, 4, 0, 0, 0.05, 661, 408, 7566.80, 21044, 19371
1695282265, 0, 0, 30, 0, 0, 8220.31, 4, 0, 0, 0.78, 666, 408, 7566.80, 21044, 19371
1695282270, 0, 0, 30, 0, 0, 8220.31, 4, 0, 0, 2.08, 673, 411, 7566.80, 21044, 19371
1695282271, 0, 0, 30, 0, 0, 8220.31, 4, 0, 0, 104.58, 688, 428, 7566.80, 21044, 19371
1695282284, 0, 0, 30, 0, 0, 8220.31, 4, 0, 0, 0.22, 691, 428, 7566.80, 21044, 19371
1695282294, 0, 0, 30, 0, 0, 8220.31, 4, 0, 0, 0.20, 693, 428, 7566.80, 21044, 19371
1695282300, 0, 0, 30, 0, 0, 8220.31, 4, 0, 0, 0.64, 695, 430, 7566.80, 21044, 19371
1695282304, 0, 0, 30, 0, 0, 8220.31, 4, 0, 0, 0.68, 698, 430, 7566.80, 21044, 19371
1695282305, 0, 0, 30, 0, 0, 8220.31, 4, 0, 0, 69.70, 713, 438, 7566.80, 21044, 19371
1695282308, 0, 0, 30, 0, 0, 8220.31, 4, 0, 0, 0.27, 714, 438, 7566.80, 21044, 19371
1695282313, 0, 0, 30, 0, 0, 8220.31, 4, 0, 0, 1.21, 718, 440, 7566.80, 21044, 19371
1695282318, 0, 0, 30, 0, 0, 8220.31, 4, 0, 0, 0.64, 720, 441, 7566.80, 21044, 19371
1695282323, 0, 0, 30, 0, 0, 8220.31, 4, 0, 0, 0.57, 722, 442, 7566.80, 21044, 19371
1695282328, 0, 0, 30, 0, 0, 8220.31, 4, 0, 0, 0.23, 723, 442, 7566.80, 21044, 19371
1695282333, 0, 0, 30, 0, 0, 8220.31, 4, 0, 0, 2.32, 728, 448, 7566.80, 21044, 19371
1695282337, 0, 0, 30, 0, 0, 8220.31, 4, 0, 0, 0.22, 729, 448, 7566.80, 21044, 19371
1695282341, 0, 0, 30, 0, 0, 8220.31, 4, 0, 0, 0.79, 731, 449, 7566.80, 21044, 19371
1695282352, 0, 0, 30, 0, 0, 8220.31, 4, 0, 0, 0.36, 735, 449, 7566.80, 21044, 19371
1695282363, 0, 0, 30, 0, 0, 8220.31, 4, 0, 0, 0.27, 737, 450, 7566.80, 21044, 19371
1695282363, 0, 0, 30, 0, 0, 8220.31, 4, 0, 0, 46.20, 748, 453, 7566.80, 21044, 19371
1695282367, 0, 0, 30, 0, 0, 8220.31, 4, 0, 0, 1.50, 752, 455, 7566.80, 21044, 19371
1695282375, 0, 0, 30, 0, 0, 8220.31, 4, 0, 0, 0.26, 754, 455, 7566.80, 21044, 19371
1695282380, 0, 0, 30, 0, 0, 8220.31, 4, 0, 0, 0.80, 756, 457, 7566.80, 21044, 19371
1695282384, 0, 0, 30, 0, 0, 8220.31, 4, 0, 0, 2.38, 761, 462, 7566.80, 21044, 19371
1695282385, 0, 0, 30, 0, 0, 8220.31, 4, 0, 0, 60.98, 770, 473, 7566.80, 21044, 19371
1695282388, 0, 0, 30, 0, 0, 8220.31, 4, 0, 0, 2.44, 774, 478, 7566.80, 21044, 19371
1695282392, 0, 0, 30, 0, 0, 8220.31, 4, 0, 0, 1.07, 778, 478, 7566.80, 21044, 19371
1695282398, 0, 0, 30, 0, 0, 8220.31, 4, 0, 0, 0.18, 779, 478, 7566.80, 21044, 19371
1695282398, 0, 0, 30, 0, 0, 8220.31, 4, 0, 0, 55.92, 788, 486, 7566.80, 21044, 19371
1695282409, 0, 0, 30, 0, 0, 8220.31, 4, 0, 0, 0.54, 793, 487, 7566.80, 21044, 19371
1695282415, 0, 0, 30, 0, 0, 8220.31, 4, 0, 0, 0.68, 797, 487, 7566.80, 21044, 19371
1695282419, 0, 0, 30, 0, 0, 8220.31, 4, 0, 0, 1.65, 800, 491, 7566.80, 21044, 19371
1695282424, 0, 0, 30, 0, 0, 8220.31, 4, 0, 0, 1.25, 805, 492, 7566.80, 21044, 19371
1695282429, 0, 0, 30, 0, 0, 8220.31, 4, 0, 0, 0.74, 808, 493, 7566.80, 21044, 19371
1695282434, 0, 0, 30, 0, 0, 8220.31, 4, 0, 0, 1.69, 811, 498, 7566.80, 21044, 19371
1695282437, 0, 0, 30, 0, 0, 8220.31, 4, 0, 0, 3.43, 818, 502, 7566.80, 21044, 19371
1695282442, 0, 0, 30, 0, 0, 8220.31, 4, 0, 0, 1.33, 821, 505, 7566.80, 21044, 19371
1695282447, 0, 0, 30, 0, 0, 8220.31, 4, 0, 0, 0.18, 822, 505, 7566.80, 21044, 19371
1695282451, 0, 0, 30, 0, 0, 8220.31, 4, 0, 0, 0.56, 824, 505, 7566.80, 21044, 19371
1695282456, 0, 0, 30, 0, 0, 8220.31, 4, 0, 0, 1.31, 828, 507, 7566.80, 21044, 19371
1695282460, 0, 0, 30, 0, 0, 8220.31, 4, 0, 0, 0.21, 829, 507, 7566.80, 21044, 19371
1695282464, 0, 0, 30, 0, 0, 8220.31, 4, 0, 0, 1.23, 834, 507, 7566.80, 21044, 19371
1695282469, 0, 0, 30, 0, 0, 8220.31, 4, 0, 0, 1.43, 837, 511, 7566.80, 21044, 19371
1695282475, 0, 0, 30, 0, 0, 8220.31, 4, 0, 0, 2.12, 843, 517, 7566.80, 21044, 19371
1695282483, 0, 0, 30, 0, 0, 8220.31, 4, 0, 0, 1.55, 852, 520, 7566.80, 21044, 19371
1695282486, 0, 0, 30, 0, 0, 8220.31, 4, 0, 0, 1.35, 855, 522, 7566.80, 21044, 19371
1695282493, 0, 0, 30, 0, 0, 8220.31, 4, 0, 0, 1.11, 860, 524, 7566.80, 21044, 19371
1695282493, 0, 0, 30, 0, 0, 8220.31, 4, 0, 0, 55.56, 871, 530, 7566.80, 21044, 19371
1695282497, 0, 0, 30, 0, 0, 8220.31, 4, 0, 0, 0.52, 873, 530, 7566.80, 21044, 19371
1695282508, 0, 0, 30, 0, 0, 8220.31, 4, 0, 0, 0.26, 874, 532, 7566.80, 21044, 19371
1695282514, 0, 0, 30, 0, 0, 8220.31, 4, 0, 0, 0.37, 875, 533, 7566.80, 21044, 19371
1695282517, 0, 0, 30, 0, 0, 8220.31, 4, 0, 0, 3.81, 882, 537, 7566.80, 21044, 19371
1695282522, 0, 0, 30, 0, 0, 8220.31, 4, 0, 0, 2.80, 892, 543, 7566.80, 21044, 19371
1695282531, 0, 0, 30, 0, 0, 8220.31, 4, 0, 0, 1.33, 899, 547, 7566.80, 21044, 19371
1695282537, 0, 0, 30, 0, 0, 8220.31, 4, 0, 0, 0.31, 900, 548, 7566.80, 21044, 19371
1695282542, 0, 0, 30, 0, 0, 8220.31, 4, 0, 0, 1.32, 905, 550, 7566.80, 21044, 19371
1695282543, 0, 0, 30, 0, 0, 8220.31, 4, 0, 0, 47.92, 912, 558, 7566.80, 21044, 19371
1695282543, 0, 0, 30, 0, 0, 8220.31, 4, 0, 0, 39.34, 918, 564, 7566.80, 21044, 19371
1695282547, 0, 0, 30, 0, 0, 8220.31, 4, 0, 0, 0.98, 921, 565, 7566.80, 21044, 19371
1695282551, 0, 0, 30, 0, 0, 8220.31, 4, 0, 0, 1.55, 927, 565, 7566.80, 21044, 19371
1695282556, 0, 0, 30, 0, 0, 8220.31, 4, 0, 0, 3.40, 932, 576, 7566.80, 21044, 19371
1695282562, 0, 0, 30, 0, 0, 8220.31, 4, 0, 0, 0.45, 935, 576, 7566.80, 21044, 19371
1695282567, 0, 0, 30, 0, 0, 8220.31, 4, 0, 0, 2.13, 943, 577, 7566.80, 21044, 19371
1695282567, 0, 0, 30, 0, 0, 8220.31, 4, 0, 0, 13.29, 947, 577, 7566.80, 21044, 19371
1695282567, 0, 0, 30, 0, 0, 8220.31, 4, 0, 0, 50.00, 955, 584, 7566.80, 21044, 19371
1695282573, 0, 0, 30, 0, 0, 8220.31, 4, 0, 0, 1.14, 960, 585, 7566.80, 21044, 19371
1695282579, 0, 0, 30, 0, 0, 8220.31, 4, 0, 0, 1.49, 965, 589, 7566.80, 21044, 19371
1695282584, 0, 0, 30, 0, 0, 8220.31, 4, 0, 0, 1.05, 970, 590, 7566.80, 21044, 19371
1695282585, 0, 0, 30, 0, 0, 8220.31, 4, 0, 0, 10.72, 974, 590, 7566.80, 21044, 19371
1695282606, 0, 0, 30, 0, 0, 8220.31, 4, 0, 0, 0.19, 977, 591, 7566.80, 21044, 19371
1695282606, 0, 0, 30, 0, 0, 8220.31, 4, 0, 0, 11.76, 980, 592, 7566.80, 21044, 19371
1695282612, 0, 0, 30, 0, 0, 8220.31, 4, 0, 0, 1.31, 986, 593, 7566.80, 21044, 19371
1695282618, 0, 0, 30, 0, 0, 8220.31, 4, 0, 0, 0.45, 989, 593, 7566.80, 21044, 19371
1695282626, 0, 0, 30, 0, 0, 8220.31, 4, 0, 0, 0.96, 992, 597, 7566.80, 21044, 19371
1695282630, 0, 0, 30, 0, 0, 8220.31, 4, 0, 0, 1.16, 995, 599, 7566.80, 21044, 19371
1695282636, 0, 0, 30, 0, 0, 8220.31, 4, 0, 0, 0.54, 997, 600, 7566.80, 21044, 19371
1695282641, 0, 0, 30, 0, 0, 8220.31, 4, 0, 0, 1.20, 1001, 603, 7566.80, 21044, 19371
1695282646, 0, 0, 30, 0, 0, 8220.31, 4, 0, 0, 0.20, 1002, 603, 7566.80, 21044, 19371
1695282650, 0, 0, 30, 0, 0, 8220.31, 4, 0, 0, 0.49, 1004, 603, 7566.80, 21044, 19371
1695282655, 0, 0, 30, 0, 0, 8220.31, 4, 0, 0, 0.41, 1006, 603, 7566.80, 21044, 19371
1695282656, 0, 0, 30, 0, 0, 8220.31, 4, 0, 0, 19.42, 1010, 605, 7566.80, 21044, 19371
1695282663, 0, 0, 30, 0, 0, 8220.31, 4, 0, 0, 0.42, 1013, 605, 7566.80, 21044, 19371
1695282667, 0, 0, 30, 0, 0, 8220.31, 4, 0, 0, 1.86, 1021, 605, 7566.80, 21044, 19371
1695282672, 0, 0, 30, 0, 0, 8220.31, 4, 0, 0, 0.37, 1023, 605, 7566.80, 21044, 19371
1695282677, 0, 0, 30, 0, 0, 8220.31, 4, 0, 0, 3.04, 1030, 612, 7566.80, 21044, 19371
1695282682, 0, 0, 30, 0, 0, 8220.31, 4, 0, 0, 1.01, 1033, 614, 7566.80, 21044, 19371
1695282686, 0, 0, 30, 0, 0, 8220.31, 4, 0, 0, 0.72, 1035, 615, 7566.80, 21044, 19371
1695282695, 0, 0, 30, 0, 0, 8220.31, 4, 0, 0, 0.79, 1040, 617, 7566.80, 21044, 19371
1695282703, 0, 0, 30, 0, 0, 8220.31, 4, 0, 0, 0.24, 1042, 617, 7566.80, 21044, 19371
1695282707, 0, 0, 30, 0, 0, 8220.31, 4, 0, 0, 1.32, 1046, 618, 7566.80, 21044, 19371
1695282707, 0, 0, 30, 0, 0, 8220.31, 4, 0, 0, 31.25, 1054, 620, 7566.80, 21044, 19371
1695282712, 0, 0, 30, 0, 0, 8220.31, 4, 0, 0, 1.39, 1057, 623, 7566.80, 21044, 19371
1695282717, 0, 0, 30, 0, 0, 8220.31, 4, 0, 0, 0.18, 1058, 623, 7566.80, 21044, 19371
1695282722, 0, 0, 30, 0, 0, 8220.31, 4, 0, 0, 0.42, 1059, 624, 7566.80, 21044, 19371
1695282722, 0, 0, 30, 0, 0, 8220.31, 4, 0, 0, 16.29, 1063, 625, 7566.80, 21044, 19371
1695282729, 0, 0, 30, 0, 0, 8220.31, 4, 0, 0, 0.61, 1064, 628, 7566.80, 21044, 19371
1695282733, 0, 0, 30, 0, 0, 8220.31, 4, 0, 0, 0.91, 1066, 630, 7566.80, 21044, 19371
1695282738, 0, 0, 30, 0, 0, 8220.31, 4, 0, 0, 0.20, 1067, 630, 7566.80, 21044, 19371
1695282739, 0, 0, 30, 0, 0, 8220.31, 4, 0, 0, 35.95, 1074, 634, 7566.80, 21044, 19371
1695282743, 0, 0, 30, 0, 0, 8220.31, 4, 0, 0, 0.45, 1076, 634, 7566.80, 21044, 19371
1695282748, 0, 0, 30, 0, 0, 8220.31, 4, 0, 0, 1.29, 1081, 636, 7566.80, 21044, 19371
1695282806, 0, 0, 30, 0, 0, 8220.31, 4, 0, 0, 0.12, 1087, 637, 7566.80, 21044, 19371
1695282812, 0, 0, 30, 0, 0, 8220.31, 4, 0, 0, 0.36, 1088, 638, 7566.80, 21044, 19371
1695282816, 0, 0, 30, 0, 0, 8220.31, 4, 0, 0, 1.69, 1092, 641, 7566.80, 21044, 19371
1695282869, 0, 0, 30, 0, 0, 8220.31, 4, 0, 0, 0.09, 1097, 641, 7566.80, 21044, 19371
1695282874, 0, 0, 30, 0, 0, 8220.31, 4, 0, 0, 0.83, 1100, 642, 7566.80, 21044, 19371
1695282878, 0, 0, 31, 0, 0, 8225.78, 4, 0, 0, 0.62, 1103, 642, 7572.27, 21058, 19385
1695282879, 0, 0, 31, 0, 0, 8225.78, 4, 0, 0, 29.67, 1109, 646, 7572.27, 21058, 19385
1695282884, 0, 0, 31, 0, 0, 8225.78, 4, 0, 0, 1.19, 1111, 650, 7572.27, 21058, 19385
1695282890, 0, 0, 31, 0, 0, 8225.78, 4, 0, 0, 1.44, 1117, 653, 7572.27, 21058, 19385
1695282890, 0, 0, 31, 0, 0, 8225.78, 4, 0, 0, 45.75, 1125, 659, 7572.27, 21058, 19385
1695282891, 0, 0, 31, 0, 0, 8225.78, 4, 0, 0, 19.80, 1127, 663, 7572.27, 21058, 19385
1695282891, 0, 0, 31, 0, 0, 8225.78, 4, 0, 0, 27.70, 1135, 665, 7572.27, 21058, 19385
1695282909, 0, 0, 31, 0, 0, 8225.78, 4, 0, 0, 0.55, 1142, 668, 7572.27, 21058, 19385
1695282918, 0, 0, 31, 0, 0, 8225.78, 4, 0, 0, 1.08, 1149, 670, 7572.27, 21058, 19385
1695282924, 0, 0, 31, 0, 0, 8225.78, 4, 0, 0, 0.17, 1150, 670, 7572.27, 21058, 19385
1695282932, 0, 0, 31, 0, 0, 8225.78, 4, 0, 0, 0.49, 1154, 670, 7572.27, 21058, 19385
1695282942, 0, 0, 31, 0, 0, 8225.78, 4, 0, 0, 0.09, 1155, 670, 7572.27, 21058, 19385
1695282947, 0, 0, 31, 0, 0, 8225.78, 4, 0, 0, 0.88, 1159, 670, 7572.27, 21058, 19385
1695282947, 0, 0, 31, 0, 0, 8225.78, 4, 0, 0, 37.57, 1168, 674, 7572.27, 21058, 19385
1695282954, 0, 0, 31, 0, 0, 8225.78, 4, 0, 0, 0.75, 1172, 675, 7572.27, 21058, 19385
1695282960, 0, 0, 31, 0, 0, 8225.78, 4, 0, 0, 0.60, 1175, 676, 7572.27, 21058, 19385
1695282965, 0, 0, 31, 0, 0, 8225.78, 4, 0, 0, 0.20, 1176, 676, 7572.27, 21058, 19385
1695282987, 0, 0, 31, 0, 0, 8225.78, 4, 0, 0, 0.14, 1177, 678, 7572.27, 21058, 19385
1695282987, 0, 0, 31, 0, 0, 8225.78, 4, 0, 0, 33.43, 1182, 684, 7572.27, 21058, 19385
1695282997, 0, 0, 31, 0, 0, 8225.78, 4, 0, 0, 0.41, 1186, 684, 7572.27, 21058, 19385
1695283003, 0, 0, 31, 0, 0, 8225.78, 4, 0, 0, 0.35, 1188, 684, 7572.27, 21058, 19385
1695283007, 0, 0, 31, 0, 0, 8225.78, 4, 0, 0, 0.65, 1190, 685, 7572.27, 21058, 19385
1695283012, 0, 0, 31, 0, 0, 8225.78, 4, 0, 0, 1.25, 1192, 689, 7572.27, 21058, 19385
1695283016, 0, 0, 31, 0, 0, 8225.78, 4, 0, 0, 2.61, 1200, 692, 7572.27, 21058, 19385
1695283023, 0, 0, 31, 0, 0, 8225.78, 4, 0, 0, 0.44, 1203, 692, 7572.27, 21058, 19385
1695283024, 0, 0, 31, 0, 0, 8225.78, 4, 0, 0, 41.67, 1208, 700, 7572.27, 21058, 19385
1695283028, 0, 0, 31, 0, 0, 8225.78, 4, 0, 0, 1.33, 1211, 703, 7572.27, 21058, 19385
1695283028, 0, 0, 31, 0, 0, 8225.78, 4, 0, 0, 11.96, 1214, 705, 7572.27, 21058, 19385
1695283029, 0, 0, 31, 0, 0, 8225.78, 4, 0, 0, 26.67, 1218, 709, 7572.27, 21058, 19385
1695283053, 0, 0, 31, 0, 0, 8225.78, 4, 0, 0, 0.20, 1221, 711, 7572.27, 21058, 19385
1695283054, 0, 0, 31, 0, 0, 8225.78, 4, 0, 0, 19.93, 1225, 713, 7572.27, 21058, 19385
1695283054, 0, 0, 31, 0, 0, 8225.78, 4, 0, 0, 32.57, 1233, 715, 7572.27, 21058, 19385
1695283054, 0, 0, 31, 0, 0, 8225.78, 4, 0, 0, 9.97, 1234, 717, 7572.27, 21058, 19385
1695283055, 0, 0, 31, 0, 0, 8225.78, 4, 0, 0, 29.03, 1240, 720, 7572.27, 21058, 19385
1695283058, 0, 0, 31, 0, 0, 8225.78, 4, 0, 0, 1.33, 1244, 721, 7572.27, 21058, 19385
1695283064, 0, 0, 31, 0, 0, 8225.78, 4, 0, 0, 0.77, 1248, 721, 7572.27, 21058, 19385
1695283075, 0, 0, 31, 0, 0, 8225.78, 4, 0, 0, 0.45, 1251, 723, 7572.27, 21058, 19385
1695283075, 0, 0, 31, 0, 0, 8225.78, 4, 0, 0, 26.63, 1255, 728, 7572.27, 21058, 19385
1695283075, 0, 0, 31, 0, 0, 8225.78, 4, 0, 0, 19.48, 1259, 730, 7572.27, 21058, 19385
1695283085, 0, 0, 31, 0, 0, 8225.78, 4, 0, 0, 0.30, 1261, 731, 7572.27, 21058, 19385
1695283091, 0, 0, 31, 0, 0, 8225.78, 4, 0, 0, 0.72, 1263, 733, 7572.27, 21058, 19385
1695283097, 0, 0, 31, 0, 0, 8225.78, 4, 0, 0, 0.15, 1264, 733, 7572.27, 21058, 19385
1695283098, 0, 0, 31, 0, 0, 8225.78, 4, 0, 0, 16.67, 1266, 737, 7572.27, 21058, 19385
1695283098, 0, 0, 31, 0, 0, 8225.78, 4, 0, 0, 6.56, 1268, 737, 7572.27, 21058, 19385
1695283098, 0, 0, 31, 0, 0, 8225.78, 4, 0, 0, 3.23, 1269, 737, 7572.27, 21058, 19385
1695283099, 0, 0, 31, 0, 0, 8225.78, 4, 0, 0, 28.48, 1273, 742, 7572.27, 21058, 19385
1695283115, 0, 0, 31, 0, 0, 8225.78, 4, 0, 0, 0.31, 1277, 743, 7572.27, 21058, 19385
1695283115, 0, 0, 31, 0, 0, 8225.78, 4, 0, 0, 25.64, 1283, 745, 7572.27, 21058, 19385
1695283118, 0, 0, 31, 0, 0, 8225.78, 4, 0, 0, 0.35, 1283, 746, 7572.27, 21058, 19385
1695283119, 0, 0, 31, 0, 0, 8225.78, 4, 0, 0, 16.23, 1285, 749, 7572.27, 21058, 19385
1695283119, 0, 0, 31, 0, 0, 8225.78, 4, 0, 0, 29.41, 1290, 753, 7572.27, 21058, 19385
1695283123, 0, 0, 31, 0, 0, 8225.78, 4, 0, 0, 1.87, 1295, 756, 7572.27, 21058, 19385
1695283129, 0, 0, 31, 0, 0, 8225.78, 4, 0, 0, 0.55, 1297, 757, 7572.27, 21058, 19385
1695283129, 0, 0, 31, 0, 0, 8225.78, 4, 0, 0, 29.22, 1301, 762, 7572.27, 21058, 19385
1695283137, 0, 0, 31, 0, 0, 8225.78, 4, 0, 0, 0.66, 1306, 762, 7572.27, 21058, 19385
1695283141, 0, 0, 31, 0, 0, 8225.78, 4, 0, 0, 0.97, 1307, 765, 7572.27, 21058, 19385
1695283144, 0, 0, 31, 0, 0, 8225.78, 4, 0, 0, 0.60, 1308, 766, 7572.27, 21058, 19385
1695283144, 0, 0, 31, 0, 0, 8225.78, 4, 0, 0, 22.15, 1312, 769, 7572.27, 21058, 19385
1695283145, 0, 0, 31, 0, 0, 8225.78, 4, 0, 0, 10.96, 1315, 770, 7572.27, 21058, 19385
1695283145, 0, 0, 31, 0, 0, 8225.78, 4, 0, 0, 7.30, 1317, 771, 7572.27, 21058, 19385
1695283151, 0, 0, 31, 0, 0, 8225.78, 4, 0, 0, 0.64, 1321, 771, 7572.27, 21058, 19385
1695283158, 0, 0, 31, 0, 0, 8225.78, 4, 0, 0, 0.60, 1324, 772, 7572.27, 21058, 19385
1695283158, 0, 0, 31, 0, 0, 8225.78, 4, 0, 0, 14.71, 1329, 774, 7572.27, 21058, 19385
1695283162, 0, 0, 31, 0, 0, 8225.78, 5, 0, 0, 1.74, 1334, 775, 7572.27, 21058, 19385
1695283162, 0, 0, 31, 0, 0, 8225.78, 5, 0, 0, 20.29, 1339, 777, 7572.27, 21058, 19385
1695283169, 0, 0, 31, 0, 0, 8225.78, 5, 0, 0, 0.15, 1340, 777, 7572.27, 21058, 19385
1695283169, 0, 0, 31, 0, 0, 8225.78, 5, 0, 0, 11.63, 1344, 777, 7572.27, 21058, 19385
1695283175, 0, 0, 31, 0, 0, 8225.78, 5, 0, 0, 1.26, 1350, 779, 7572.27, 21058, 19385
1695283176, 0, 0, 31, 0, 0, 8225.78, 5, 0, 0, 18.40, 1354, 781, 7572.27, 21058, 19385
1695283176, 0, 0, 31, 0, 0, 8225.78, 5, 0, 0, 26.95, 1359, 785, 7572.27, 21058, 19385
1695283181, 0, 0, 31, 0, 0, 8225.78, 5, 0, 0, 1.49, 1362, 789, 7572.27, 21058, 19385
1695283186, 0, 0, 31, 0, 0, 8225.78, 5, 0, 0, 1.75, 1368, 792, 7572.27, 21058, 19385
1695283191, 0, 0, 31, 0, 0, 8225.78, 5, 0, 0, 2.30, 1375, 796, 7572.27, 21058, 19385
1695283191, 0, 0, 31, 0, 0, 8225.78, 5, 0, 0, 20.00, 1378, 799, 7572.27, 21058, 19385
1695283195, 0, 0, 31, 0, 0, 8225.78, 5, 0, 0, 0.69, 1380, 800, 7572.27, 21058, 19385
1695283196, 0, 0, 31, 0, 0, 8225.78, 5, 0, 0, 11.11, 1385, 801, 7572.27, 21058, 19385
1695283203, 0, 0, 31, 0, 0, 8225.78, 5, 0, 0, 0.27, 1387, 801, 7572.27, 21058, 19385
1695283204, 0, 0, 31, 0, 0, 8225.78, 5, 0, 0, 25.32, 1392, 804, 7572.27, 21058, 19385
1695283204, 0, 0, 31, 0, 0, 8225.78, 5, 0, 0, 15.63, 1393, 808, 7572.27, 21058, 19385
1695283204, 0, 0, 31, 0, 0, 8225.78, 5, 0, 0, 26.49, 1397, 812, 7572.27, 21058, 19385
1695283204, 0, 0, 31, 0, 0, 8225.78, 5, 0, 0, 29.80, 1403, 815, 7572.27, 21058, 19385
1695283205, 0, 0, 31, 0, 0, 8225.78, 5, 0, 0, 20.00, 1406, 818, 7572.27, 21058, 19385
1695283209, 0, 0, 32, 0, 0, 8226.56, 5, 0, 0, 1.27, 1410, 820, 7573.05, 21060, 19387
1695283210, 0, 0, 32, 0, 0, 8226.56, 5, 0, 0, 8.64, 1412, 822, 7573.05, 21060, 19387
1695283215, 0, 0, 32, 0, 0, 8226.56, 5, 0, 0, 1.32, 1417, 824, 7573.05, 21060, 19387
1695283216, 0, 0, 32, 0, 0, 8226.56, 5, 0, 0, 24.92, 1422, 827, 7573.05, 21060, 19387
1695283216, 0, 0, 32, 0, 0, 8226.56, 5, 0, 0, 18.42, 1426, 830, 7573.05, 21060, 19387
1695283222, 0, 0, 32, 0, 0, 8226.56, 5, 0, 0, 1.03, 1430, 832, 7573.05, 21060, 19387
1695283222, 0, 0, 32, 0, 0, 8226.56, 5, 0, 0, 11.02, 1432, 834, 7573.05, 21060, 19387
1695283223, 0, 0, 32, 0, 0, 8226.56, 5, 0, 0, 12.35, 1434, 837, 7573.05, 21060, 19387
1695283223, 0, 0, 32, 0, 0, 8226.56, 5, 0, 0, 10.03, 1436, 839, 7573.05, 21060, 19387
1695283227, 0, 0, 32, 0, 0, 8226.56, 5, 0, 0, 1.27, 1440, 840, 7573.05, 21060, 19387
1695283232, 0, 0, 32, 0, 0, 8226.56, 5, 0, 0, 0.57, 1442, 841, 7573.05, 21060, 19387
1695283250, 0, 0, 32, 0, 0, 8226.56, 5, 0, 0, 0.16, 1445, 841, 7573.05, 21060, 19387
1695283251, 0, 0, 32, 0, 0, 8226.56, 5, 0, 0, 13.03, 1448, 842, 7573.05, 21060, 19387
1695283255, 0, 0, 32, 0, 0, 8226.56, 5, 0, 0, 1.38, 1452, 844, 7573.05, 21060, 19387
1695283260, 0, 0, 32, 0, 0, 8226.56, 5, 0, 0, 1.44, 1457, 846, 7573.05, 21060, 19387
1695283265, 0, 0, 32, 0, 0, 8226.56, 5, 0, 0, 2.02, 1460, 854, 7573.05, 21060, 19387
1695283266, 0, 0, 32, 0, 0, 8226.56, 5, 0, 0, 36.54, 1464, 861, 7573.05, 21060, 19387
1695283271, 0, 0, 32, 0, 0, 8226.56, 5, 0, 0, 0.36, 1465, 862, 7573.05, 21060, 19387
1695283272, 0, 0, 32, 0, 0, 8226.56, 5, 0, 0, 6.47, 1466, 863, 7573.05, 21060, 19387
1695283272, 0, 0, 32, 0, 0, 8226.56, 5, 0, 0, 15.20, 1469, 865, 7573.05, 21060, 19387
1695283272, 0, 0, 32, 0, 0, 8226.56, 5, 0, 0, 19.67, 1472, 868, 7573.05, 21060, 19387
1695283279, 0, 0, 32, 0, 0, 8226.56, 5, 0, 0, 0.78, 1474, 871, 7573.05, 21060, 19387
1695283279, 0, 0, 32, 0, 0, 8226.56, 5, 0, 0, 12.99, 1476, 873, 7573.05, 21060, 19387
1695283302, 0, 0, 32, 0, 0, 8226.56, 5, 0, 0, 0.13, 1477, 875, 7573.05, 21060, 19387
1695283307, 0, 0, 32, 0, 0, 8226.56, 5, 0, 0, 2.07, 1485, 879, 7573.05, 21060, 19387
1695283308, 0, 0, 32, 0, 0, 8226.56, 5, 0, 0, 24.46, 1487, 885, 7573.05, 21060, 19387
1695283308, 0, 0, 32, 0, 0, 8226.56, 5, 0, 0, 22.58, 1490, 889, 7573.05, 21060, 19387
1695283308, 0, 0, 32, 0, 0, 8226.56, 5, 0, 0, 16.62, 1496, 889, 7573.05, 21060, 19387
1695283309, 0, 0, 32, 0, 0, 8226.56, 5, 0, 0, 19.67, 1500, 891, 7573.05, 21060, 19387
1695283313, 0, 0, 32, 0, 0, 8226.56, 5, 0, 0, 0.91, 1503, 892, 7573.05, 21060, 19387
1695283313, 0, 0, 32, 0, 0, 8226.56, 5, 0, 0, 11.46, 1506, 893, 7573.05, 21060, 19387
1695283319, 0, 0, 32, 0, 0, 8226.56, 5, 0, 0, 0.18, 1507, 893, 7573.05, 21060, 19387
1695283319, 0, 0, 32, 0, 0, 8226.56, 5, 0, 0, 26.06, 1510, 898, 7573.05, 21060, 19387
1695283325, 0, 0, 32, 0, 0, 8226.56, 5, 0, 0, 1.13, 1515, 899, 7573.05, 21060, 19387
1695283330, 0, 0, 32, 0, 0, 8226.56, 5, 0, 0, 1.21, 1520, 900, 7573.05, 21060, 19387
1695283334, 0, 0, 32, 0, 0, 8226.56, 5, 0, 0, 1.24, 1524, 901, 7573.05, 21060, 19387
1695283341, 0, 0, 32, 0, 0, 8226.56, 5, 0, 0, 0.43, 1525, 903, 7573.05, 21060, 19387
1695283347, 0, 0, 32, 0, 0, 8226.56, 5, 0, 0, 0.59, 1529, 903, 7573.05, 21060, 19387
1695283352, 0, 0, 32, 0, 0, 8226.56, 5, 0, 0, 1.29, 1534, 904, 7573.05, 21060, 19387
1695283352, 0, 0, 32, 0, 0, 8226.56, 5, 0, 0, 18.52, 1538, 906, 7573.05, 21060, 19387
1695283357, 0, 0, 32, 0, 0, 8226.56, 5, 0, 0, 0.24, 1539, 906, 7573.05, 21060, 19387
1695283362, 0, 0, 32, 0, 0, 8226.56, 5, 0, 0, 0.18, 1540, 906, 7573.05, 21060, 19387
1695283368, 0, 0, 32, 0, 0, 8226.56, 5, 0, 0, 0.34, 1542, 906, 7573.05, 21060, 19387
1695283374, 0, 0, 32, 0, 0, 8226.56, 5, 0, 0, 0.36, 1544, 906, 7573.05, 21060, 19387
1695283432, 0, 0, 32, 0, 0, 8226.56, 5, 0, 0, 0.05, 1547, 906, 7573.05, 21060, 19387
1695283437, 0, 0, 32, 0, 0, 8226.56, 5, 0, 0, 2.50, 1556, 908, 7573.05, 21060, 19387
1695283437, 0, 0, 32, 0, 0, 8226.56, 5, 0, 0, 3.23, 1557, 908, 7573.05, 21060, 19387
1695283442, 0, 0, 32, 0, 0, 8226.56, 5, 0, 0, 0.21, 1558, 908, 7573.05, 21060, 19387
1695283442, 0, 0, 32, 0, 0, 8226.56, 5, 0, 0, 23.26, 1562, 911, 7573.05, 21060, 19387
1695283443, 0, 0, 32, 0, 0, 8226.56, 5, 0, 0, 15.77, 1564, 914, 7573.05, 21060, 19387
1695283448, 0, 0, 32, 0, 0, 8226.56, 5, 0, 0, 1.90, 1571, 918, 7573.05, 21060, 19387
1695283453, 0, 0, 32, 0, 0, 8226.56, 5, 0, 0, 0.68, 1574, 918, 7573.05, 21060, 19387
1695283453, 0, 0, 32, 0, 0, 8226.56, 5, 0, 0, 23.10, 1580, 919, 7573.05, 21060, 19387
1695283459, 0, 0, 32, 0, 0, 8226.56, 5, 0, 0, 1.43, 1584, 923, 7573.05, 21060, 19387
1695283464, 0, 0, 32, 0, 0, 8226.56, 5, 0, 0, 1.12, 1587, 926, 7573.05, 21060, 19387
1695283464, 0, 0, 32, 0, 0, 8226.56, 5, 0, 0, 36.30, 1591, 933, 7573.05, 21060, 19387
1695283469, 0, 0, 32, 0, 0, 8226.56, 5, 0, 0, 0.21, 1592, 933, 7573.05, 21060, 19387
1695283469, 0, 0, 32, 0, 0, 8226.56, 5, 0, 0, 13.16, 1595, 934, 7573.05, 21060, 19387
1695283470, 0, 0, 32, 0, 0, 8226.56, 5, 0, 0, 10.87, 1595, 938, 7573.05, 21060, 19387
1695283476, 0, 0, 32, 0, 0, 8226.56, 5, 0, 0, 0.48, 1597, 939, 7573.05, 21060, 19387
1695283480, 0, 0, 32, 0, 0, 8226.56, 5, 0, 0, 0.23, 1598, 939, 7573.05, 21060, 19387
1695283485, 0, 0, 32, 0, 0, 8226.56, 5, 0, 0, 0.45, 1600, 939, 7573.05, 21060, 19387
1695283485, 0, 0, 32, 0, 0, 8226.56, 5, 0, 0, 25.14, 1605, 943, 7573.05, 21060, 19387
1695283491, 0, 0, 32, 0, 0, 8226.56, 5, 0, 0, 0.17, 1606, 943, 7573.05, 21060, 19387
1695283491, 0, 0, 32, 0, 0, 8226.56, 5, 0, 0, 14.41, 1608, 946, 7573.05, 21060, 19387
1695283492, 0, 0, 32, 0, 0, 8226.56, 5, 0, 0, 12.72, 1611, 948, 7573.05, 21060, 19387
1695283496, 0, 0, 32, 0, 0, 8226.56, 5, 0, 0, 0.23, 1612, 948, 7573.05, 21060, 19387
1695283510, 0, 0, 32, 0, 0, 8226.56, 5, 0, 0, 0.21, 1614, 949, 7573.05, 21060, 19387
1695283510, 0, 0, 32, 0, 0, 8226.56, 5, 0, 0, 20.11, 1618, 952, 7573.05, 21060, 19387
1695283515, 0, 0, 32, 0, 0, 8226.56, 5, 0, 0, 0.47, 1620, 952, 7573.05, 21060, 19387
1695283515, 0, 0, 32, 0, 0, 8226.56, 5, 0, 0, 8.96, 1620, 955, 7573.05, 21060, 19387
1695283515, 0, 0, 32, 0, 0, 8226.56, 5, 0, 0, 8.55, 1623, 956, 7573.05, 21060, 19387
1695283516, 0, 0, 32, 0, 0, 8226.56, 5, 0, 0, 13.26, 1626, 958, 7573.05, 21060, 19387
1695283516, 0, 0, 32, 0, 0, 8226.56, 5, 0, 0, 22.15, 1628, 963, 7573.05, 21060, 19387
1695283521, 0, 0, 32, 0, 0, 8226.56, 5, 0, 0, 0.22, 1629, 963, 7573.05, 21060, 19387
1695283525, 0, 0, 32, 0, 0, 8226.56, 5, 0, 0, 0.26, 1630, 963, 7573.05, 21060, 19387
1695283525, 0, 0, 32, 0, 0, 8226.56, 5, 0, 0, 11.79, 1633, 965, 7573.05, 21060, 19387
1695283531, 0, 0, 32, 0, 0, 8226.56, 5, 0, 0, 0.84, 1637, 966, 7573.05, 21060, 19387
1695283546, 0, 0, 32, 0, 0, 8226.56, 5, 0, 0, 0.07, 1638, 966, 7573.05, 21060, 19387
1695283547, 0, 0, 32, 0, 0, 8226.56, 5, 0, 0, 21.23, 1641, 972, 7573.05, 21060, 19387
1695283550, 0, 0, 32, 0, 0, 8226.56, 5, 0, 0, 1.89, 1644, 975, 7573.05, 21060, 19387
1695283562, 0, 0, 32, 0, 0, 8226.56, 5, 0, 0, 0.32, 1646, 977, 7573.05, 21060, 19387
1695283589, 0, 0, 32, 0, 0, 8226.56, 5, 0, 0, 0.19, 1650, 978, 7573.05, 21060, 19387
1695283593, 0, 0, 32, 0, 0, 8226.56, 5, 0, 0, 0.22, 1651, 978, 7573.05, 21060, 19387
1695283594, 0, 0, 32, 0, 0, 8226.56, 5, 0, 0, 19.80, 1655, 980, 7573.05, 21060, 19387
1695283599, 0, 0, 32, 0, 0, 8226.56, 5, 0, 0, 0.72, 1659, 980, 7573.05, 21060, 19387
1695283599, 0, 0, 32, 0, 0, 8226.56, 5, 0, 0, 13.07, 1661, 982, 7573.05, 21060, 19387
1695283604, 0, 0, 32, 0, 0, 8226.56, 5, 0, 0, 0.21, 1662, 982, 7573.05, 21060, 19387
1695283608, 0, 0, 32, 0, 0, 8226.56, 5, 0, 0, 0.26, 1663, 982, 7573.05, 21060, 19387
1695283608, 0, 0, 32, 0, 0, 8226.56, 5, 0, 0, 12.38, 1665, 984, 7573.05, 21060, 19387
1695283609, 0, 0, 32, 0, 0, 8226.56, 5, 0, 0, 9.83, 1667, 986, 7573.05, 21060, 19387
1695283609, 0, 0, 32, 0, 0, 8226.56, 5, 0, 0, 16.34, 1669, 989, 7573.05, 21060, 19387
1695283610, 0, 0, 32, 0, 0, 8226.56, 5, 0, 0, 19.18, 1673, 992, 7573.05, 21060, 19387
1695283614, 0, 0, 32, 0, 0, 8226.56, 5, 0, 0, 0.24, 1674, 992, 7573.05, 21060, 19387
1695283614, 0, 0, 32, 0, 0, 8226.56, 5, 0, 0, 23.33, 1676, 997, 7573.05, 21060, 19387
1695283641, 0, 0, 32, 0, 0, 8226.56, 5, 0, 0, 0.04, 1677, 997, 7573.05, 21060, 19387
1695283641, 0, 0, 32, 0, 0, 8226.56, 5, 0, 0, 10.23, 1679, 999, 7573.05, 21060, 19387
1695283641, 0, 0, 32, 0, 0, 8226.56, 5, 0, 0, 23.03, 1682, 1003, 7573.05, 21060, 19387
1695283646, 0, 0, 32, 0, 0, 8226.56, 5, 0, 0, 0.23, 1683, 1003, 7573.05, 21060, 19387
1695283661, 0, 0, 32, 0, 0, 8226.56, 5, 0, 0, 0.13, 1685, 1003, 7573.05, 21060, 19387
1695283662, 0, 0, 32, 0, 0, 8226.56, 5, 0, 0, 25.16, 1689, 1007, 7573.05, 21060, 19387
1695283662, 0, 0, 32, 0, 0, 8226.56, 5, 0, 0, 29.61, 1694, 1011, 7573.05, 21060, 19387
1695283666, 0, 0, 32, 0, 0, 8226.56, 5, 0, 0, 0.22, 1695, 1011, 7573.05, 21060, 19387
1695283671, 0, 0, 32, 0, 0, 8226.56, 5, 0, 0, 0.61, 1696, 1013, 7573.05, 21060, 19387
1695283680, 0, 0, 32, 0, 0, 8226.56, 5, 0, 0, 0.12, 1697, 1013, 7573.05, 21060, 19387
1695283691, 0, 0, 32, 0, 0, 8226.56, 5, 0, 0, 0.09, 1698, 1013, 7573.05, 21060, 19387
1695283692, 0, 0, 32, 0, 0, 8226.56, 5, 0, 0, 13.25, 1699, 1016, 7573.05, 21060, 19387
1695283692, 0, 0, 32, 0, 0, 8226.56, 5, 0, 0, 16.67, 1703, 1017, 7573.05, 21060, 19387
1695283692, 0, 0, 32, 0, 0, 8226.56, 5, 0, 0, 10.67, 1707, 1017, 7573.05, 21060, 19387
1695283698, 0, 0, 32, 0, 0, 8226.56, 5, 0, 0, 0.56, 1709, 1018, 7573.05, 21060, 19387
1695283698, 0, 0, 32, 0, 0, 8226.56, 5, 0, 0, 10.00, 1711, 1020, 7573.05, 21060, 19387
1695283704, 0, 0, 32, 0, 0, 8226.56, 5, 0, 0, 0.18, 1712, 1020, 7573.05, 21060, 19387
1695283709, 0, 0, 32, 0, 0, 8226.56, 5, 0, 0, 0.19, 1713, 1020, 7573.05, 21060, 19387
1695283714, 0, 0, 32, 0, 0, 8226.56, 5, 0, 0, 0.19, 1714, 1020, 7573.05, 21060, 19387
1695283719, 0, 0, 32, 0, 0, 8226.56, 5, 0, 0, 0.41, 1715, 1021, 7573.05, 21060, 19387
1695283720, 0, 0, 32, 0, 0, 8226.56, 5, 0, 0, 9.38, 1716, 1023, 7573.05, 21060, 19387
1695283720, 0, 0, 32, 0, 0, 8226.56, 5, 0, 0, 6.56, 1717, 1024, 7573.05, 21060, 19387
1695283725, 0, 0, 32, 0, 0, 8226.56, 5, 0, 0, 0.82, 1720, 1025, 7573.05, 21060, 19387
1695283771, 0, 0, 32, 0, 0, 8226.56, 5, 0, 0, 0.11, 1725, 1025, 7573.05, 21060, 19387
1695283771, 0, 0, 32, 0, 0, 8226.56, 5, 0, 0, 10.00, 1727, 1026, 7573.05, 21060, 19387
1695283777, 0, 0, 32, 0, 0, 8226.56, 5, 0, 0, 0.35, 1729, 1026, 7573.05, 21060, 19387
1695283782, 0, 0, 32, 0, 0, 8226.56, 5, 0, 0, 0.61, 1732, 1026, 7573.05, 21060, 19387
1695283782, 0, 0, 32, 0, 0, 8226.56, 5, 0, 0, 12.42, 1735, 1027, 7573.05, 21060, 19387
1695283783, 0, 0, 32, 0, 0, 8226.56, 5, 0, 0, 20.25, 1740, 1030, 7573.05, 21060, 19387
1695283783, 0, 0, 32, 0, 0, 8226.56, 5, 0, 0, 11.44, 1742, 1033, 7573.05, 21060, 19387
1695283789, 0, 0, 32, 0, 0, 8226.56, 5, 0, 0, 0.18, 1743, 1033, 7573.05, 21060, 19387
1695283789, 0, 0, 32, 0, 0, 8226.56, 5, 0, 0, 16.04, 1745, 1037, 7573.05, 21060, 19387
1695283815, 0, 0, 32, 0, 0, 8226.56, 5, 0, 0, 0.15, 1747, 1039, 7573.05, 21060, 19387
1695283815, 0, 0, 32, 0, 0, 8226.56, 5, 0, 0, 11.57, 1751, 1040, 7573.05, 21060, 19387
1695283816, 0, 0, 32, 0, 0, 8226.56, 5, 0, 0, 19.29, 1754, 1043, 7573.05, 21060, 19387
1695283816, 0, 0, 32, 0, 0, 8226.56, 5, 0, 0, 13.85, 1758, 1044, 7573.05, 21060, 19387
1695283816, 0, 0, 32, 0, 0, 8226.56, 5, 0, 0, 12.05, 1761, 1045, 7573.05, 21060, 19387
1695283817, 0, 0, 32, 0, 0, 8226.56, 5, 0, 0, 10.78, 1762, 1048, 7573.05, 21060, 19387
1695283834, 0, 0, 32, 0, 0, 8226.56, 5, 0, 0, 0.12, 1764, 1048, 7573.05, 21060, 19387
1695283839, 0, 0, 32, 0, 0, 8226.56, 5, 0, 0, 0.37, 1766, 1048, 7573.05, 21060, 19387
1695283846, 0, 0, 32, 0, 0, 8226.56, 5, 0, 0, 0.32, 1767, 1049, 7573.05, 21060, 19387
1695283853, 0, 0, 32, 0, 0, 8226.56, 5, 0, 0, 0.41, 1768, 1051, 7573.05, 21060, 19387
1695283853, 0, 0, 32, 0, 0, 8226.56, 5, 0, 0, 13.89, 1771, 1053, 7573.05, 21060, 19387
1695283862, 0, 0, 32, 0, 0, 8226.56, 5, 0, 0, 0.11, 1772, 1053, 7573.05, 21060, 19387
1695283862, 0, 0, 32, 0, 0, 8226.56, 5, 0, 0, 19.66, 1775, 1057, 7573.05, 21060, 19387
1695283870, 0, 0, 32, 0, 0, 8226.56, 5, 0, 0, 0.51, 1777, 1059, 7573.05, 21060, 19387
1695283877, 0, 0, 32, 0, 0, 8226.56, 5, 0, 0, 0.16, 1778, 1059, 7573.05, 21060, 19387
1695283877, 0, 0, 32, 0, 0, 8226.56, 5, 0, 0, 2.67, 1778, 1060, 7573.05, 21060, 19387
1695283883, 0, 0, 32, 0, 0, 8226.56, 5, 0, 0, 0.32, 1779, 1061, 7573.05, 21060, 19387
1695283889, 0, 0, 32, 0, 0, 8226.56, 5, 0, 0, 0.32, 1780, 1062, 7573.05, 21060, 19387
1695283896, 0, 0, 32, 0, 0, 8226.56, 5, 0, 0, 0.63, 1783, 1063, 7573.05, 21060, 19387
1695283896, 0, 0, 32, 0, 0, 8226.56, 5, 0, 0, 12.54, 1785, 1065, 7573.05, 21060, 19387
1695283896, 0, 0, 32, 0, 0, 8226.56, 5, 0, 0, 14.66, 1786, 1069, 7573.05, 21060, 19387
1695283904, 0, 0, 32, 0, 0, 8226.56, 5, 0, 0, 0.27, 1787, 1070, 7573.05, 21060, 19387
1695283904, 0, 0, 32, 0, 0, 8226.56, 5, 0, 0, 6.33, 1788, 1071, 7573.05, 21060, 19387
1695283905, 0, 0, 32, 0, 0, 8226.56, 5, 0, 0, 8.38, 1788, 1074, 7573.05, 21060, 19387
1695283905, 0, 0, 32, 0, 0, 8226.56, 5, 0, 0, 3.93, 1789, 1075, 7573.05, 21060, 19387
1695283906, 0, 0, 32, 0, 0, 8226.56, 5, 0, 0, 4.26, 1791, 1075, 7573.05, 21060, 19387
1695283912, 0, 0, 32, 0, 0, 8226.56, 5, 0, 0, 0.47, 1794, 1075, 7573.05, 21060, 19387
1695283912, 0, 0, 32, 0, 0, 8226.56, 5, 0, 0, 11.24, 1796, 1077, 7573.05, 21060, 19387
1695283917, 0, 0, 32, 0, 0, 8226.56, 5, 0, 0, 0.70, 1798, 1078, 7573.05, 21060, 19387
1695283917, 0, 0, 32, 0, 0, 8226.56, 5, 0, 0, 13.93, 1801, 1080, 7573.05, 21060, 19387
1695283923, 0, 0, 32, 0, 0, 8226.56, 5, 0, 0, 0.32, 1802, 1081, 7573.05, 21060, 19387
1695283924, 0, 0, 32, 0, 0, 8226.56, 5, 0, 0, 5.97, 1803, 1082, 7573.05, 21060, 19387
1695283932, 0, 0, 32, 0, 0, 8226.56, 5, 0, 0, 0.24, 1805, 1082, 7573.05, 21060, 19387
1695283932, 0, 0, 32, 0, 0, 8226.56, 5, 0, 0, 9.46, 1807, 1084, 7573.05, 21060, 19387
1695283932, 0, 0, 32, 0, 0, 8226.56, 5, 0, 0, 6.62, 1808, 1085, 7573.05, 21060, 19387
1695283938, 0, 0, 32, 0, 0, 8226.56, 5, 0, 0, 0.19, 1809, 1085, 7573.05, 21060, 19387
1695283938, 0, 0, 32, 0, 0, 8226.56, 5, 0, 0, 11.20, 1811, 1087, 7573.05, 21060, 19387
1695283945, 0, 0, 32, 0, 0, 8226.56, 5, 0, 0, 0.28, 1813, 1087, 7573.05, 21060, 19387
1695283951, 0, 0, 32, 0, 0, 8226.56, 5, 0, 0, 0.70, 1815, 1089, 7573.05, 21060, 19387
1695283951, 0, 0, 32, 0, 0, 8226.56, 5, 0, 0, 12.20, 1819, 1089, 7573.05, 21060, 19387
1695283951, 0, 0, 32, 0, 0, 8226.56, 5, 0, 0, 7.50, 1820, 1091, 7573.05, 21060, 19387
1695283952, 0, 0, 32, 0, 0, 8226.56, 5, 0, 0, 4.54, 1822, 1091, 7573.05, 21060, 19387
1695283952, 0, 0, 32, 0, 0, 8226.56, 5, 0, 0, 18.99, 1824, 1095, 7573.05, 21060, 19387
1695283953, 0, 0, 32, 0, 0, 8226.56, 5, 0, 0, 15.96, 1827, 1098, 7573.05, 21060, 19387
1695283953, 0, 0, 32, 0, 0, 8226.56, 5, 0, 0, 9.40, 1827, 1101, 7573.05, 21060, 19387
1695283953, 0, 0, 32, 0, 0, 8226.56, 5, 0, 0, 4.88, 1829, 1101, 7573.05, 21060, 19387
1695283961, 0, 0, 32, 0, 0, 8226.56, 5, 0, 0, 0.14, 1830, 1101, 7573.05, 21060, 19387
1695283967, 0, 0, 32, 0, 0, 8226.56, 5, 0, 0, 0.50, 1831, 1103, 7573.05, 21060, 19387
1695283967, 0, 0, 32, 0, 0, 8226.56, 5, 0, 0, 7.75, 1833, 1104, 7573.05, 21060, 19387
1695283972, 0, 0, 32, 0, 0, 8226.56, 5, 0, 0, 0.98, 1837, 1105, 7573.05, 21060, 19387
1695283978, 0, 0, 32, 0, 0, 8226.56, 5, 0, 0, 0.35, 1839, 1105, 7573.05, 21060, 19387
1695283985, 0, 0, 32, 0, 0, 8226.56, 5, 0, 0, 0.14, 1840, 1105, 7573.05, 21060, 19387
1695283990, 0, 0, 32, 0, 0, 8226.56, 5, 0, 0, 0.19, 1841, 1105, 7573.05, 21060, 19387
1695283995, 0, 0, 32, 0, 0, 8226.56, 5, 0, 0, 0.59, 1842, 1107, 7573.05, 21060, 19387
1695283999, 0, 0, 32, 0, 0, 8226.56, 5, 0, 0, 1.00, 1844, 1109, 7573.05, 21060, 19387
1695284008, 0, 0, 32, 0, 0, 8226.56, 5, 0, 0, 0.12, 1845, 1109, 7573.05, 21060, 19387
1695284008, 0, 0, 32, 0, 0, 8226.56, 5, 0, 0, 5.40, 1847, 1110, 7573.05, 21060, 19387
1695284009, 0, 0, 32, 0, 0, 8226.56, 5, 0, 0, 13.89, 1849, 1113, 7573.05, 21060, 19387
1695284009, 0, 0, 32, 0, 0, 8226.56, 5, 0, 0, 14.16, 1853, 1114, 7573.05, 21060, 19387
1695284010, 0, 0, 32, 0, 0, 8226.56, 5, 0, 0, 17.81, 1857, 1117, 7573.05, 21060, 19387
1695284010, 0, 0, 32, 0, 0, 8226.56, 5, 0, 0, 19.42, 1860, 1120, 7573.05, 21060, 19387
1695284014, 0, 0, 32, 0, 0, 8226.56, 5, 0, 0, 1.50, 1864, 1122, 7573.05, 21060, 19387
1695284018, 0, 0, 32, 0, 0, 8226.56, 5, 0, 0, 0.44, 1866, 1122, 7573.05, 21060, 19387
1695284019, 0, 0, 32, 0, 0, 8226.56, 5, 0, 0, 14.97, 1869, 1124, 7573.05, 21060, 19387
1695284019, 0, 0, 32, 0, 0, 8226.56, 5, 0, 0, 16.34, 1872, 1126, 7573.05, 21060, 19387
1695284023, 0, 0, 32, 0, 0, 8226.56, 5, 0, 0, 0.24, 1873, 1126, 7573.05, 21060, 19387
1695284034, 0, 0, 32, 0, 0, 8226.56, 5, 0, 0, 0.09, 1874, 1126, 7573.05, 21060, 19387
1695284034, 0, 0, 32, 0, 0, 8226.56, 5, 0, 0, 2.68, 1875, 1126, 7573.05, 21060, 19387
1695284035, 0, 0, 32, 0, 0, 8226.56, 5, 0, 0, 11.53, 1878, 1127, 7573.05, 21060, 19387
1695284040, 0, 0, 32, 0, 0, 8226.56, 5, 0, 0, 0.36, 1880, 1127, 7573.05, 21060, 19387
1695284041, 0, 0, 32, 0, 0, 8226.56, 5, 0, 0, 13.11, 1884, 1127, 7573.05, 21060, 19387
1695284046, 0, 0, 32, 0, 0, 8226.56, 5, 0, 0, 0.61, 1886, 1128, 7573.05, 21060, 19387
1695284050, 0, 0, 32, 0, 0, 8226.56, 5, 0, 0, 0.21, 1887, 1128, 7573.05, 21060, 19387
1695284051, 0, 0, 32, 0, 0, 8226.56, 5, 0, 0, 12.46, 1890, 1129, 7573.05, 21060, 19387
1695284051, 0, 0, 32, 0, 0, 8226.56, 5, 0, 0, 14.45, 1893, 1131, 7573.05, 21060, 19387
1695284051, 0, 0, 32, 0, 0, 8226.56, 5, 0, 0, 19.28, 1899, 1132, 7573.05, 21060, 19387
1695284052, 0, 0, 32, 0, 0, 8226.56, 5, 0, 0, 10.90, 1902, 1133, 7573.05, 21060, 19387
1695284059, 0, 0, 32, 0, 0, 8226.56, 5, 0, 0, 0.42, 1904, 1134, 7573.05, 21060, 19387
1695284059, 0, 0, 32, 0, 0, 8226.56, 5, 0, 0, 12.20, 1905, 1137, 7573.05, 21060, 19387
1695284060, 0, 0, 32, 0, 0, 8226.56, 5, 0, 0, 20.00, 1907, 1141, 7573.05, 21060, 19387
1695284060, 0, 0, 32, 0, 0, 8226.56, 5, 0, 0, 8.36, 1909, 1142, 7573.05, 21060, 19387
1695284065, 0, 0, 32, 0, 0, 8226.56, 5, 0, 0, 1.04, 1914, 1142, 7573.05, 21060, 19387
1695284070, 0, 0, 32, 0, 0, 8226.56, 5, 0, 0, 0.19, 1915, 1142, 7573.05, 21060, 19387
1695284070, 0, 0, 32, 0, 0, 8226.56, 5, 0, 0, 7.63, 1916, 1144, 7573.05, 21060, 19387
1695284071, 0, 0, 32, 0, 0, 8226.56, 5, 0, 0, 12.90, 1919, 1145, 7573.05, 21060, 19387
1695284071, 0, 0, 32, 0, 0, 8226.56, 5, 0, 0, 14.79, 1921, 1148, 7573.05, 21060, 19387
1695284076, 0, 0, 32, 0, 0, 8226.56, 5, 0, 0, 0.22, 1921, 1149, 7573.05, 21060, 19387
1695284083, 0, 0, 32, 0, 0, 8226.56, 5, 0, 0, 0.14, 1922, 1149, 7573.05, 21060, 19387
1695284088, 0, 0, 32, 0, 0, 8226.56, 5, 0, 0, 0.39, 1923, 1150, 7573.05, 21060, 19387
1695284096, 0, 0, 32, 0, 0, 8226.56, 5, 0, 0, 0.51, 1926, 1151, 7573.05, 21060, 19387
1695284103, 0, 0, 32, 0, 0, 8226.56, 5, 0, 0, 0.29, 1927, 1152, 7573.05, 21060, 19387
1695284103, 0, 0, 32, 0, 0, 8226.56, 5, 0, 0, 8.62, 1929, 1153, 7573.05, 21060, 19387
1695284103, 0, 0, 32, 0, 0, 8226.56, 5, 0, 0, 8.33, 1931, 1154, 7573.05, 21060, 19387
1695284111, 0, 0, 32, 0, 0, 8226.56, 5, 0, 0, 0.36, 1934, 1154, 7573.05, 21060, 19387
1695284118, 0, 0, 32, 0, 0, 8226.56, 5, 0, 0, 0.33, 1936, 1154, 7573.05, 21060, 19387
1695284129, 0, 0, 32, 0, 0, 8226.56, 5, 0, 0, 0.18, 1937, 1155, 7573.05, 21060, 19387
1695284129, 0, 0, 32, 0, 0, 8226.56, 5, 0, 0, 9.43, 1940, 1155, 7573.05, 21060, 19387
1695284130, 0, 0, 32, 0, 0, 8226.56, 5, 0, 0, 12.12, 1941, 1158, 7573.05, 21060, 19387
1695284134, 0, 0, 32, 0, 0, 8226.56, 5, 0, 0, 0.42, 1943, 1158, 7573.05, 21060, 19387
1695284160, 0, 0, 32, 0, 0, 8226.56, 5, 0, 0, 0.19, 1945, 1161, 7573.05, 21060, 19387
1695284161, 0, 0, 32, 0, 0, 8226.56, 5, 0, 0, 5.98, 1948, 1161, 7573.05, 21060, 19387
1695284161, 0, 0, 32, 0, 0, 8226.56, 5, 0, 0, 9.29, 1949, 1163, 7573.05, 21060, 19387
1695284161, 0, 0, 32, 0, 0, 8226.56, 5, 0, 0, 6.49, 1951, 1163, 7573.05, 21060, 19387
1695284161, 0, 0, 32, 0, 0, 8226.56, 5, 0, 0, 16.39, 1953, 1166, 7573.05, 21060, 19387
1695284162, 0, 0, 32, 0, 0, 8226.56, 5, 0, 0, 17.24, 1954, 1171, 7573.05, 21060, 19387
1695284169, 0, 0, 32, 0, 0, 8226.56, 5, 0, 0, 0.53, 1957, 1172, 7573.05, 21060, 19387
1695284170, 0, 0, 32, 0, 0, 8226.56, 5, 0, 0, 8.93, 1959, 1173, 7573.05, 21060, 19387
1695284170, 0, 0, 32, 0, 0, 8226.56, 5, 0, 0, 12.08, 1960, 1176, 7573.05, 21060, 19387
1695284175, 0, 0, 32, 0, 0, 8226.56, 5, 0, 0, 0.39, 1962, 1176, 7573.05, 21060, 19387
1695284176, 0, 0, 32, 0, 0, 8226.56, 5, 0, 0, 9.52, 1965, 1176, 7573.05, 21060, 19387
1695284176, 0, 0, 32, 0, 0, 8226.56, 5, 0, 0, 9.52, 1965, 1179, 7573.05, 21060, 19387
1695284182, 0, 0, 32, 0, 0, 8226.56, 5, 0, 0, 0.17, 1966, 1179, 7573.05, 21060, 19387
1695284182, 0, 0, 32, 0, 0, 8226.56, 5, 0, 0, 12.27, 1968, 1181, 7573.05, 21060, 19387
1695284183, 0, 0, 32, 0, 0, 8226.56, 5, 0, 0, 7.02, 1972, 1181, 7573.05, 21060, 19387
1695284183, 0, 0, 32, 0, 0, 8226.56, 5, 0, 0, 5.97, 1973, 1182, 7573.05, 21060, 19387
1695284183, 0, 0, 32, 0, 0, 8226.56, 5, 0, 0, 6.17, 1973, 1184, 7573.05, 21060, 19387
1695284184, 0, 0, 32, 0, 0, 8226.56, 5, 0, 0, 4.13, 1973, 1186, 7573.05, 21060, 19387
1695284184, 0, 0, 32, 0, 0, 8226.56, 5, 0, 0, 2.84, 1973, 1187, 7573.05, 21060, 19387
1695284184, 0, 0, 32, 0, 0, 8226.56, 5, 0, 0, 5.90, 1974, 1188, 7573.05, 21060, 19387
1695284194, 0, 0, 32, 0, 0, 8226.56, 5, 0, 0, 0.11, 1975, 1188, 7573.05, 21060, 19387
1695284194, 0, 0, 32, 0, 0, 8226.56, 5, 0, 0, 11.49, 1977, 1190, 7573.05, 21060, 19387
1695284195, 0, 0, 32, 0, 0, 8226.56, 5, 0, 0, 4.99, 1978, 1191, 7573.05, 21060, 19387
1695284195, 0, 0, 32, 0, 0, 8226.56, 5, 0, 0, 6.67, 1979, 1192, 7573.05, 21060, 19387
1695284195, 0, 0, 32, 0, 0, 8226.56, 5, 0, 0, 12.01, 1981, 1194, 7573.05, 21060, 19387
1695284196, 0, 0, 32, 0, 0, 8226.56, 5, 0, 0, 17.75, 1984, 1197, 7573.05, 21060, 19387
1695284196, 0, 0, 32, 0, 0, 8226.56, 5, 0, 0, 9.38, 1986, 1198, 7573.05, 21060, 19387
1695284204, 0, 0, 32, 0, 0, 8226.56, 5, 0, 0, 0.13, 1987, 1198, 7573.05, 21060, 19387
1695284204, 0, 0, 32, 0, 0, 8226.56, 5, 0, 0, 11.08, 1989, 1200, 7573.05, 21060, 19387
1695284204, 0, 0, 32, 0, 0, 8226.56, 5, 0, 0, 4.59, 1991, 1200, 7573.05, 21060, 19387
1695284205, 0, 0, 32, 0, 0, 8226.56, 5, 0, 0, 9.01, 1993, 1201, 7573.05, 21060, 19387
1695284212, 0, 0, 32, 0, 0, 8226.56, 5, 0, 0, 0.27, 1994, 1202, 7573.05, 21060, 19387
1695284212, 0, 0, 32, 0, 0, 8226.56, 5, 0, 0, 11.76, 1996, 1204, 7573.05, 21060, 19387
1695284213, 0, 0, 32, 0, 0, 8226.56, 5, 0, 0, 8.40, 1997, 1206, 7573.05, 21060, 19387
1695284213, 0, 0, 32, 0, 0, 8226.56, 5, 0, 0, 9.09, 2000, 1206, 7573.05, 21060, 19387
1695284214, 0, 0, 32, 0, 0, 8226.56, 5, 0, 0, 7.54, 2003, 1206, 7573.05, 21060, 19387
1695284214, 0, 0, 32, 0, 0, 8226.56, 5, 0, 0, 13.10, 2007, 1208, 7573.05, 21060, 19387
1695284214, 0, 0, 32, 0, 0, 8226.56, 5, 0, 0, 11.17, 2010, 1209, 7573.05, 21060, 19387
1695284215, 0, 0, 32, 0, 0, 8226.56, 5, 0, 0, 4.93, 2012, 1209, 7573.05, 21060, 19387
1695284220, 0, 0, 32, 0, 0, 8226.56, 5, 0, 0, 0.54, 2015, 1209, 7573.05, 21060, 19387
1695284221, 0, 0, 32, 0, 0, 8226.56, 5, 0, 0, 6.06, 2017, 1209, 7573.05, 21060, 19387
1695284221, 0, 0, 32, 0, 0, 8226.56, 5, 0, 0, 5.03, 2018, 1210, 7573.05, 21060, 19387
1695284221, 0, 0, 32, 0, 0, 8226.56, 5, 0, 0, 9.23, 2019, 1212, 7573.05, 21060, 19387
1695284222, 0, 0, 32, 0, 0, 8226.56, 5, 0, 0, 9.80, 2020, 1215, 7573.05, 21060, 19387
1695284222, 0, 0, 32, 0, 0, 8226.56, 5, 0, 0, 14.20, 2020, 1220, 7573.05, 21060, 19387
1695284223, 0, 0, 32, 0, 0, 8226.56, 5, 0, 0, 8.17, 2022, 1221, 7573.05, 21060, 19387
1695284228, 0, 0, 32, 0, 0, 8226.56, 5, 0, 0, 0.39, 2023, 1222, 7573.05, 21060, 19387
1695284228, 0, 0, 32, 0, 0, 8226.56, 5, 0, 0, 15.38, 2026, 1225, 7573.05, 21060, 19387
1695284228, 0, 0, 32, 0, 0, 8226.56, 5, 0, 0, 8.11, 2029, 1225, 7573.05, 21060, 19387
1695284229, 0, 0, 32, 0, 0, 8226.56, 5, 0, 0, 19.61, 2033, 1227, 7573.05, 21060, 19387
1695284236, 0, 0, 32, 0, 0, 8226.56, 5, 0, 0, 0.15, 2034, 1227, 7573.05, 21060, 19387
1695284236, 0, 0, 32, 0, 0, 8226.56, 5, 0, 0, 7.28, 2034, 1230, 7573.05, 21060, 19387
1695284237, 0, 0, 32, 0, 0, 8226.56, 5, 0, 0, 3.82, 2034, 1232, 7573.05, 21060, 19387
1695284243, 0, 0, 32, 0, 0, 8226.56, 5, 0, 0, 0.47, 2036, 1233, 7573.05, 21060, 19387
1695284243, 0, 0, 32, 0, 0, 8226.56, 5, 0, 0, 9.04, 2038, 1234, 7573.05, 21060, 19387
1695284244, 0, 0, 32, 0, 0, 8226.56, 5, 0, 0, 12.56, 2040, 1237, 7573.05, 21060, 19387
1695284303, 0, 0, 32, 0, 0, 8226.56, 5, 0, 0, 0.08, 2043, 1239, 7573.05, 21060, 19387
1695284304, 0, 0, 32, 0, 0, 8226.56, 5, 0, 0, 4.21, 2044, 1240, 7573.05, 21060, 19387
1695284304, 0, 0, 32, 0, 0, 8226.56, 5, 0, 0, 15.11, 2046, 1243, 7573.05, 21060, 19387
1695284312, 0, 0, 32, 0, 0, 8226.56, 5, 0, 0, 0.13, 2047, 1243, 7573.05, 21060, 19387
1695284312, 0, 0, 32, 0, 0, 8226.56, 5, 0, 0, 6.02, 2048, 1244, 7573.05, 21060, 19387
1695284319, 0, 0, 32, 0, 0, 8226.56, 5, 0, 0, 0.15, 2049, 1244, 7573.05, 21060, 19387
1695284319, 0, 0, 32, 0, 0, 8226.56, 5, 0, 0, 13.20, 2050, 1247, 7573.05, 21060, 19387
1695284319, 0, 0, 32, 0, 0, 8226.56, 5, 0, 0, 9.17, 2051, 1249, 7573.05, 21060, 19387
1695284323, 0, 0, 32, 0, 0, 8226.56, 5, 0, 0, 0.25, 2051, 1250, 7573.05, 21060, 19387
1695284324, 0, 0, 32, 0, 0, 8226.56, 5, 0, 0, 8.85, 2052, 1252, 7573.05, 21060, 19387
1695284324, 0, 0, 32, 0, 0, 8226.56, 5, 0, 0, 6.71, 2054, 1253, 7573.05, 21060, 19387
1695284330, 0, 0, 32, 0, 0, 8226.56, 5, 0, 0, 0.50, 2056, 1254, 7573.05, 21060, 19387
1695284337, 0, 0, 32, 0, 0, 8226.56, 5, 0, 0, 0.46, 2057, 1256, 7573.05, 21060, 19387
1695284343, 0, 0, 32, 0, 0, 8226.56, 5, 0, 0, 0.30, 2058, 1257, 7573.05, 21060, 19387
1695284385, 0, 0, 32, 0, 0, 8226.56, 5, 0, 0, 0.05, 2059, 1258, 7573.05, 21060, 19387
1695284385, 0, 0, 32, 0, 0, 8226.56, 5, 0, 0, 7.46, 2060, 1260, 7573.05, 21060, 19387
1695284392, 0, 0, 32, 0, 0, 8226.56, 5, 0, 0, 0.44, 2062, 1261, 7573.05, 21060, 19387
1695284398, 0, 0, 32, 0, 0, 8226.56, 5, 0, 0, 0.46, 2064, 1262, 7573.05, 21060, 19387
1695284399, 0, 0, 32, 0, 0, 8226.56, 5, 0, 0, 8.96, 2065, 1264, 7573.05, 21060, 19387
1695284399, 0, 0, 32, 0, 0, 8226.56, 5, 0, 0, 8.20, 2067, 1265, 7573.05, 21060, 19387
1695284416, 0, 0, 32, 0, 0, 8226.56, 5, 0, 0, 0.18, 2069, 1266, 7573.05, 21060, 19387
1695284416, 0, 0, 32, 0, 0, 8226.56, 5, 0, 0, 11.47, 2073, 1267, 7573.05, 21060, 19387
1695284417, 0, 0, 32, 0, 0, 8226.56, 5, 0, 0, 15.38, 2076, 1269, 7573.05, 21060, 19387
1695284417, 0, 0, 32, 0, 0, 8226.56, 5, 0, 0, 8.85, 2077, 1271, 7573.05, 21060, 19387
1695284417, 0, 0, 32, 0, 0, 8226.56, 5, 0, 0, 5.68, 2078, 1272, 7573.05, 21060, 19387
1695284418, 0, 0, 32, 0, 0, 8226.56, 5, 0, 0, 7.63, 2079, 1274, 7573.05, 21060, 19387
1695284423, 0, 0, 32, 0, 0, 8226.56, 5, 0, 0, 0.18, 2080, 1274, 7573.05, 21060, 19387
1695284424, 0, 0, 32, 0, 0, 8226.56, 5, 0, 0, 3.24, 2081, 1274, 7573.05, 21060, 19387
1695284424, 0, 0, 32, 0, 0, 8226.56, 5, 0, 0, 6.15, 2081, 1276, 7573.05, 21060, 19387
1695284424, 0, 0, 32, 0, 0, 8226.56, 5, 0, 0, 11.30, 2084, 1277, 7573.05, 21060, 19387
1695284430, 0, 0, 32, 0, 0, 8226.56, 5, 0, 0, 0.35, 2086, 1277, 7573.05, 21060, 19387
1695284430, 0, 0, 32, 0, 0, 8226.56, 5, 0, 0, 6.51, 2086, 1279, 7573.05, 21060, 19387
1695284431, 0, 0, 32, 0, 0, 8226.56, 5, 0, 0, 6.67, 2088, 1279, 7573.05, 21060, 19387
1695284431, 0, 0, 32, 0, 0, 8226.56, 5, 0, 0, 5.75, 2090, 1279, 7573.05, 21060, 19387
1695284438, 0, 0, 32, 0, 0, 8226.56, 5, 0, 0, 0.15, 2091, 1279, 7573.05, 21060, 19387
1695284438, 0, 0, 32, 0, 0, 8226.56, 5, 0, 0, 5.78, 2094, 1279, 7573.05, 21060, 19387
1695284439, 0, 0, 32, 0, 0, 8226.56, 5, 0, 0, 6.16, 2094, 1282, 7573.05, 21060, 19387
1695284446, 0, 0, 32, 0, 0, 8226.56, 5, 0, 0, 0.14, 2095, 1282, 7573.05, 21060, 19387
1695284453, 0, 0, 32, 0, 0, 8226.56, 5, 0, 0, 0.28, 2097, 1282, 7573.05, 21060, 19387
1695284453, 0, 0, 32, 0, 0, 8226.56, 5, 0, 0, 11.05, 2099, 1284, 7573.05, 21060, 19387
1695284454, 0, 0, 32, 0, 0, 8226.56, 5, 0, 0, 7.89, 2100, 1286, 7573.05, 21060, 19387
1695284454, 0, 0, 32, 0, 0, 8226.56, 5, 0, 0, 5.62, 2102, 1286, 7573.05, 21060, 19387
1695284455, 0, 0, 32, 0, 0, 8226.56, 5, 0, 0, 7.30, 2104, 1287, 7573.05, 21060, 19387
1695284455, 0, 0, 32, 0, 0, 8226.56, 5, 0, 0, 5.00, 2105, 1288, 7573.05, 21060, 19387
1695284455, 0, 0, 32, 0, 0, 8226.56, 5, 0, 0, 5.65, 2106, 1290, 7573.05, 21060, 19387
1695284456, 0, 0, 32, 0, 0, 8226.56, 5, 0, 0, 5.49, 2108, 1290, 7573.05, 21060, 19387
1695284482, 0, 0, 32, 0, 0, 8226.56, 5, 0, 0, 0.04, 2109, 1290, 7573.05, 21060, 19387
1695284489, 0, 0, 32, 0, 0, 8226.56, 5, 0, 0, 0.41, 2110, 1292, 7573.05, 21060, 19387
1695284495, 0, 0, 32, 0, 0, 8226.56, 5, 0, 0, 0.16, 2111, 1292, 7573.05, 21060, 19387
1695284496, 0, 0, 32, 0, 0, 8226.56, 5, 0, 0, 5.13, 2112, 1293, 7573.05, 21060, 19387
1695284496, 0, 0, 32, 0, 0, 8226.56, 5, 0, 0, 7.61, 2113, 1295, 7573.05, 21060, 19387
1695284496, 0, 0, 32, 0, 0, 8226.56, 5, 0, 0, 6.13, 2115, 1295, 7573.05, 21060, 19387
1695284497, 0, 0, 32, 0, 0, 8226.56, 5, 0, 0, 7.83, 2115, 1298, 7573.05, 21060, 19387
1695284502, 0, 0, 32, 0, 0, 8226.56, 5, 0, 0, 0.39, 2117, 1298, 7573.05, 21060, 19387
1695284502, 0, 0, 32, 0, 0, 8226.56, 5, 0, 0, 9.20, 2119, 1299, 7573.05, 21060, 19387
1695284508, 0, 0, 32, 0, 0, 8226.56, 5, 0, 0, 0.35, 2121, 1299, 7573.05, 21060, 19387
1695284508, 0, 0, 32, 0, 0, 8226.56, 5, 0, 0, 11.40, 2125, 1299, 7573.05, 21060, 19387
1695284515, 0, 0, 32, 0, 0, 8226.56, 5, 0, 0, 0.62, 2127, 1301, 7573.05, 21060, 19387
1695284515, 0, 0, 32, 0, 0, 8226.56, 5, 0, 0, 4.25, 2129, 1301, 7573.05, 21060, 19387
1695284516, 0, 0, 32, 0, 0, 8226.56, 5, 0, 0, 3.12, 2130, 1301, 7573.05, 21060, 19387
1695284580, 0, 0, 32, 0, 0, 8226.56, 5, 0, 0, 0.02, 2131, 1301, 7573.05, 21060, 19387
1695284580, 0, 0, 32, 0, 0, 8226.56, 5, 0, 0, 6.35, 2132, 1302, 7573.05, 21060, 19387
1695284580, 0, 0, 32, 0, 0, 8226.56, 5, 0, 0, 6.54, 2132, 1304, 7573.05, 21060, 19387
1695284589, 0, 0, 32, 0, 0, 8226.56, 5, 0, 0, 0.11, 2133, 1304, 7573.05, 21060, 19387
1695284589, 0, 0, 32, 0, 0, 8226.56, 5, 0, 0, 11.20, 2134, 1307, 7573.05, 21060, 19387
1695284590, 0, 0, 32, 0, 0, 8226.56, 5, 0, 0, 4.76, 2136, 1307, 7573.05, 21060, 19387
1695284596, 0, 0, 32, 0, 0, 8226.56, 5, 0, 0, 0.64, 2137, 1310, 7573.05, 21060, 19387
1695284629, 0, 0, 32, 0, 0, 8226.56, 5, 0, 0, 0.06, 2139, 1310, 7573.05, 21060, 19387
1695284635, 0, 0, 32, 0, 0, 8226.56, 5, 0, 0, 0.33, 2140, 1311, 7573.05, 21060, 19387
1695284636, 0, 0, 32, 0, 0, 8226.56, 5, 0, 0, 11.43, 2141, 1314, 7573.05, 21060, 19387
1695284641, 0, 0, 32, 0, 0, 8226.56, 5, 0, 0, 0.76, 2144, 1315, 7573.05, 21060, 19387
1695284641, 0, 0, 32, 0, 0, 8226.56, 5, 0, 0, 9.80, 2147, 1316, 7573.05, 21060, 19387
1695284642, 0, 0, 32, 0, 0, 8226.56, 5, 0, 0, 5.83, 2149, 1316, 7573.05, 21060, 19387
1695284642, 0, 0, 32, 0, 0, 8226.56, 5, 0, 0, 11.24, 2151, 1318, 7573.05, 21060, 19387
1695284643, 0, 0, 32, 0, 0, 8226.56, 5, 0, 0, 8.26, 2153, 1319, 7573.05, 21060, 19387
1695284648, 0, 0, 32, 0, 0, 8226.56, 5, 0, 0, 0.18, 2154, 1319, 7573.05, 21060, 19387
1695284663, 0, 0, 32, 0, 0, 8226.56, 5, 0, 0, 0.20, 2156, 1320, 7573.05, 21060, 19387
1695284668, 0, 0, 32, 0, 0, 8226.56, 5, 0, 0, 1.05, 2158, 1323, 7573.05, 21060, 19387
1695284683, 0, 0, 32, 0, 0, 8226.56, 5, 0, 0, 0.07, 2159, 1323, 7573.05, 21060, 19387
1695284683, 0, 0, 32, 0, 0, 8226.56, 5, 0, 0, 6.29, 2161, 1323, 7573.05, 21060, 19387
1695284684, 0, 0, 32, 0, 0, 8226.56, 5, 0, 0, 5.48, 2163, 1323, 7573.05, 21060, 19387
1695284684, 0, 0, 32, 0, 0, 8226.56, 5, 0, 0, 9.20, 2164, 1325, 7573.05, 21060, 19387
1695284685, 0, 0, 32, 0, 0, 8226.56, 5, 0, 0, 7.54, 2167, 1325, 7573.05, 21060, 19387
1695284685, 0, 0, 32, 0, 0, 8226.56, 5, 0, 0, 8.02, 2168, 1327, 7573.05, 21060, 19387
1695284690, 0, 0, 32, 0, 0, 8226.56, 5, 0, 0, 0.20, 2169, 1327, 7573.05, 21060, 19387
1695284690, 0, 0, 32, 0, 0, 8226.56, 5, 0, 0, 8.62, 2170, 1329, 7573.05, 21060, 19387
1695284691, 0, 0, 32, 0, 0, 8226.56, 5, 0, 0, 5.94, 2172, 1330, 7573.05, 21060, 19387
1695284698, 0, 0, 32, 0, 0, 8226.56, 5, 0, 0, 0.42, 2174, 1331, 7573.05, 21060, 19387
1695284698, 0, 0, 32, 0, 0, 8226.56, 5, 0, 0, 5.06, 2176, 1331, 7573.05, 21060, 19387
1695284699, 0, 0, 32, 0, 0, 8226.56, 5, 0, 0, 6.80, 2179, 1331, 7573.05, 21060, 19387
1695284699, 0, 0, 32, 0, 0, 8226.56, 5, 0, 0, 3.03, 2180, 1331, 7573.05, 21060, 19387
1695284700, 0, 0, 32, 0, 0, 8226.56, 5, 0, 0, 2.51, 2180, 1333, 7573.05, 21060, 19387
1695284700, 0, 0, 32, 0, 0, 8226.56, 5, 0, 0, 7.96, 2183, 1333, 7573.05, 21060, 19387
1695284708, 0, 0, 32, 0, 0, 8226.56, 5, 0, 0, 0.13, 2184, 1333, 7573.05, 21060, 19387
1695284708, 0, 0, 32, 0, 0, 8226.56, 5, 0, 0, 14.20, 2188, 1334, 7573.05, 21060, 19387
1695284709, 0, 0, 32, 0, 0, 8226.56, 5, 0, 0, 11.40, 2192, 1334, 7573.05, 21060, 19387
1695284709, 0, 0, 32, 0, 0, 8226.56, 5, 0, 0, 5.12, 2194, 1334, 7573.05, 21060, 19387
1695284714, 0, 0, 32, 0, 0, 8226.56, 5, 0, 0, 0.54, 2196, 1335, 7573.05, 21060, 19387
1695284720, 0, 0, 32, 0, 0, 8226.56, 5, 0, 0, 0.20, 2197, 1335, 7573.05, 21060, 19387
1695284720, 0, 0, 32, 0, 0, 8226.56, 5, 0, 0, 5.08, 2199, 1335, 7573.05, 21060, 19387
1695284720, 0, 0, 32, 0, 0, 8226.56, 5, 0, 0, 6.54, 2199, 1337, 7573.05, 21060, 19387
1695284761, 0, 0, 32, 0, 0, 8226.56, 5, 0, 0, 0.02, 2200, 1337, 7573.05, 21060, 19387
1695284761, 0, 0, 32, 0, 0, 8226.56, 5, 0, 0, 3.33, 2201, 1337, 7573.05, 21060, 19387
1695284771, 0, 0, 32, 0, 0, 8226.56, 5, 0, 0, 0.42, 2203, 1339, 7573.05, 21060, 19387
1695284771, 0, 0, 32, 0, 0, 8226.56, 5, 0, 0, 7.79, 2204, 1341, 7573.05, 21060, 19387
1695284772, 0, 0, 32, 0, 0, 8226.56, 5, 0, 0, 6.94, 2205, 1343, 7573.05, 21060, 19387
1695284772, 0, 0, 32, 0, 0, 8226.56, 5, 0, 0, 6.31, 2207, 1343, 7573.05, 21060, 19387
1695284773, 0, 0, 32, 0, 0, 8226.56, 5, 0, 0, 5.25, 2209, 1343, 7573.05, 21060, 19387
1695284773, 0, 0, 32, 0, 0, 8226.56, 5, 0, 0, 11.87, 2212, 1344, 7573.05, 21060, 19387
1695284779, 0, 0, 32, 0, 0, 8226.56, 5, 0, 0, 0.32, 2214, 1344, 7573.05, 21060, 19387
1695284779, 0, 0, 32, 0, 0, 8226.56, 5, 0, 0, 4.71, 2216, 1344, 7573.05, 21060, 19387
1695284785, 0, 0, 32, 0, 0, 8226.56, 5, 0, 0, 0.19, 2217, 1344, 7573.05, 21060, 19387
1695284785, 0, 0, 32, 0, 0, 8226.56, 5, 0, 0, 5.56, 2218, 1346, 7573.05, 21060, 19387
1695284792, 0, 0, 32, 0, 0, 8226.56, 5, 0, 0, 0.45, 2220, 1347, 7573.05, 21060, 19387
1695284792, 0, 0, 32, 0, 0, 8226.56, 5, 0, 0, 7.96, 2222, 1348, 7573.05, 21060, 19387
1695284799, 0, 0, 32, 0, 0, 8226.56, 5, 0, 0, 0.29, 2223, 1349, 7573.05, 21060, 19387
1695284800, 0, 0, 32, 0, 0, 8226.56, 5, 0, 0, 6.45, 2224, 1350, 7573.05, 21060, 19387
1695284800, 0, 0, 32, 0, 0, 8226.56, 5, 0, 0, 7.33, 2227, 1350, 7573.05, 21060, 19387
1695284800, 0, 0, 32, 0, 0, 8226.56, 5, 0, 0, 9.58, 2229, 1351, 7573.05, 21060, 19387
1695284801, 0, 0, 32, 0, 0, 8226.56, 5, 0, 0, 6.40, 2231, 1352, 7573.05, 21060, 19387
1695284801, 0, 0, 32, 0, 0, 8226.56, 5, 0, 0, 5.87, 2233, 1352, 7573.05, 21060, 19387
1695284801, 0, 0, 32, 0, 0, 8226.56, 5, 0, 0, 10.10, 2234, 1355, 7573.05, 21060, 19387
1695284802, 0, 0, 32, 0, 0, 8226.56, 5, 0, 0, 7.63, 2235, 1357, 7573.05, 21060, 19387
1695284802, 0, 0, 32, 0, 0, 8226.56, 5, 0, 0, 8.43, 2236, 1359, 7573.05, 21060, 19387
1695284808, 0, 0, 32, 0, 0, 8226.56, 5, 0, 0, 0.51, 2238, 1360, 7573.05, 21060, 19387
1695284813, 0, 0, 32, 0, 0, 8226.56, 5, 0, 0, 0.57, 2239, 1362, 7573.05, 21060, 19387
1695284814, 0, 0, 32, 0, 0, 8226.56, 5, 0, 0, 7.28, 2240, 1364, 7573.05, 21060, 19387
1695284814, 0, 0, 32, 0, 0, 8226.56, 5, 0, 0, 6.67, 2241, 1365, 7573.05, 21060, 19387
1695284820, 0, 0, 32, 0, 0, 8226.56, 5, 0, 0, 0.48, 2243, 1366, 7573.05, 21060, 19387
1695284821, 0, 0, 32, 0, 0, 8226.56, 5, 0, 0, 5.57, 2244, 1367, 7573.05, 21060, 19387
1695284821, 0, 0, 32, 0, 0, 8226.56, 5, 0, 0, 8.57, 2245, 1369, 7573.05, 21060, 19387
1695284821, 0, 0, 32, 0, 0, 8226.56, 5, 0, 0, 7.30, 2245, 1372, 7573.05, 21060, 19387
1695284830, 0, 0, 32, 0, 0, 8226.56, 5, 0, 0, 0.23, 2246, 1373, 7573.05, 21060, 19387
1695284837, 0, 0, 32, 0, 0, 8226.56, 5, 0, 0, 0.15, 2247, 1373, 7573.05, 21060, 19387
1695284838, 0, 0, 32, 0, 0, 8226.56, 5, 0, 0, 10.36, 2249, 1375, 7573.05, 21060, 19387
1695284843, 0, 0, 32, 0, 0, 8226.56, 5, 0, 0, 0.35, 2251, 1375, 7573.05, 21060, 19387
1695284849, 0, 0, 32, 0, 0, 8226.56, 5, 0, 0, 0.19, 2252, 1375, 7573.05, 21060, 19387
1695284856, 0, 0, 32, 0, 0, 8226.56, 5, 0, 0, 0.14, 2253, 1375, 7573.05, 21060, 19387
1695284856, 0, 0, 32, 0, 0, 8226.56, 5, 0, 0, 6.17, 2254, 1376, 7573.05, 21060, 19387
1695284857, 0, 0, 32, 0, 0, 8226.56, 5, 0, 0, 4.42, 2255, 1377, 7573.05, 21060, 19387
1695284863, 0, 0, 32, 0, 0, 8226.56, 5, 0, 0, 0.16, 2256, 1377, 7573.05, 21060, 19387
1695284869, 0, 0, 32, 0, 0, 8226.56, 5, 0, 0, 0.33, 2258, 1377, 7573.05, 21060, 19387
1695284875, 0, 0, 32, 0, 0, 8226.56, 5, 0, 0, 0.33, 2260, 1377, 7573.05, 21060, 19387
1695284881, 0, 0, 32, 0, 0, 8226.56, 5, 0, 0, 0.18, 2261, 1377, 7573.05, 21060, 19387
1695284882, 0, 0, 32, 0, 0, 8226.56, 5, 0, 0, 9.24, 2263, 1379, 7573.05, 21060, 19387
1695284882, 0, 0, 32, 0, 0, 8226.56, 5, 0, 0, 3.60, 2264, 1380, 7573.05, 21060, 19387
1695284882, 0, 0, 32, 0, 0, 8226.56, 5, 0, 0, 5.54, 2265, 1381, 7573.05, 21060, 19387
1695284891, 0, 0, 32, 0, 0, 8226.56, 5, 0, 0, 0.12, 2266, 1381, 7573.05, 21060, 19387
1695284912, 0, 0, 32, 0, 0, 8226.56, 5, 0, 0, 0.14, 2268, 1382, 7573.05, 21060, 19387
1695284912, 0, 0, 32, 0, 0, 8226.56, 5, 0, 0, 6.25, 2270, 1383, 7573.05, 21060, 19387
1695284913, 0, 0, 32, 0, 0, 8226.56, 5, 0, 0, 7.18, 2272, 1384, 7573.05, 21060, 19387
1695284914, 0, 0, 32, 0, 0, 8226.56, 5, 0, 0, 2.18, 2274, 1384, 7573.05, 21060, 19387
1695284914, 0, 0, 32, 0, 0, 8226.56, 5, 0, 0, 4.29, 2275, 1385, 7573.05, 21060, 19387
1695284915, 0, 0, 32, 0, 0, 8226.56, 5, 0, 0, 5.32, 2275, 1387, 7573.05, 21060, 19387
1695284915, 0, 0, 32, 0, 0, 8226.56, 5, 0, 0, 3.74, 2277, 1387, 7573.05, 21060, 19387
1695284915, 0, 0, 32, 0, 0, 8226.56, 5, 0, 0, 3.11, 2278, 1387, 7573.05, 21060, 19387
1695284916, 0, 0, 32, 0, 0, 8226.56, 5, 0, 0, 3.72, 2278, 1389, 7573.05, 21060, 19387
1695284916, 0, 0, 32, 0, 0, 8226.56, 5, 0, 0, 3.97, 2280, 1389, 7573.05, 21060, 19387
1695284923, 0, 0, 32, 0, 0, 8226.56, 5, 0, 0, 0.15, 2281, 1389, 7573.05, 21060, 19387
1695284923, 0, 0, 32, 0, 0, 8226.56, 5, 0, 0, 9.01, 2283, 1390, 7573.05, 21060, 19387
1695284924, 0, 0, 32, 0, 0, 8226.56, 5, 0, 0, 12.54, 2287, 1390, 7573.05, 21060, 19387
1695284924, 0, 0, 32, 0, 0, 8226.56, 5, 0, 0, 12.62, 2289, 1392, 7573.05, 21060, 19387
1695284924, 0, 0, 32, 0, 0, 8226.56, 5, 0, 0, 6.15, 2290, 1393, 7573.05, 21060, 19387
1695284925, 0, 0, 32, 0, 0, 8226.56, 5, 0, 0, 6.51, 2291, 1394, 7573.05, 21060, 19387
1695284925, 0, 0, 32, 0, 0, 8226.56, 5, 0, 0, 8.40, 2291, 1397, 7573.05, 21060, 19387
1695284925, 0, 0, 32, 0, 0, 8226.56, 5, 0, 0, 7.25, 2292, 1399, 7573.05, 21060, 19387
1695284939, 0, 0, 32, 0, 0, 8226.56, 5, 0, 0, 0.07, 2293, 1399, 7573.05, 21060, 19387
1695284939, 0, 0, 32, 0, 0, 8226.56, 5, 0, 0, 9.88, 2295, 1401, 7573.05, 21060, 19387
1695284940, 0, 0, 32, 0, 0, 8226.56, 5, 0, 0, 9.17, 2296, 1403, 7573.05, 21060, 19387
1695284949, 0, 0, 32, 0, 0, 8226.56, 5, 0, 0, 0.22, 2298, 1403, 7573.05, 21060, 19387
1695284949, 0, 0, 32, 0, 0, 8226.56, 5, 0, 0, 4.71, 2299, 1404, 7573.05, 21060, 19387
1695284950, 0, 0, 32, 0, 0, 8226.56, 5, 0, 0, 5.62, 2299, 1406, 7573.05, 21060, 19387
1695284950, 0, 0, 32, 0, 0, 8226.56, 5, 0, 0, 7.91, 2301, 1406, 7573.05, 21060, 19387
