# unix_time, cycles_done, cur_path, paths_total, pending_total, pending_favs, map_size, unique_crashes, unique_hangs, max_depth, execs_per_sec, valid_inputs, invalid_inputs, valid_cov, all_covered_probes, valid_covered_probes
1695276479, 0, 0, 1, 0, 0, 837.11, 0, 0, 0, 0.63, 0, 1, 0.00, 2143, 0
1695276479, 0, 0, 4, 0, 0, 1047.27, 0, 0, 0, 11.53, 1, 4, 461.33, 2681, 1181
1695276495, 0, 0, 11, 0, 0, 7607.03, 0, 0, 0, 0.73, 8, 9, 7163.67, 19474, 18339
1695276496, 0, 0, 14, 0, 0, 7825.39, 0, 0, 0, 12.20, 12, 9, 7391.80, 20033, 18923
1695276496, 0, 0, 17, 0, 0, 7889.06, 0, 0, 0, 33.33, 18, 13, 7391.80, 20196, 18923
1695276501, 0, 0, 17, 0, 0, 7889.06, 1, 0, 0, 0.59, 20, 14, 7391.80, 20196, 18923
1695276507, 0, 0, 18, 0, 0, 7891.02, 2, 0, 0, 0.50, 22, 15, 7393.75, 20201, 18928
1695276514, 0, 0, 23, 0, 0, 8169.92, 2, 0, 0, 2.01, 33, 17, 7528.13, 20915, 19272
1695276519, 0, 0, 27, 0, 0, 8170.31, 2, 0, 0, 2.27, 43, 20, 7528.13, 20916, 19272
1695276523, 0, 0, 28, 0, 0, 8171.09, 2, 0, 0, 0.48, 45, 20, 7528.91, 20918, 19274
1695276528, 0, 0, 31, 0, 0, 8171.09, 2, 0, 0, 0.84, 47, 22, 7528.91, 20918, 19274
1695276528, 0, 0, 34, 0, 0, 8171.09, 2, 0, 0, 33.22, 53, 26, 7528.91, 20918, 19274
1695276529, 0, 0, 34, 0, 0, 8171.09, 2, 0, 0, 61.35, 67, 32, 7528.91, 20918, 19274
1695276532, 0, 0, 35, 0, 0, 8171.09, 2, 0, 0, 0.30, 68, 32, 7528.91, 20918, 19274
1695276538, 0, 1, 38, 0, 0, 8171.09, 2, 0, 0, 4.04, 83, 40, 7528.91, 20918, 19274
1695276543, 0, 1, 40, 0, 0, 8171.09, 2, 0, 0, 0.60, 85, 41, 7528.91, 20918, 19274
1695276550, 0, 1, 43, 0, 0, 8308.20, 2, 0, 0, 1.34, 93, 42, 7663.28, 21269, 19618
1695276554, 0, 1, 44, 0, 0, 8308.20, 2, 0, 0, 0.23, 94, 42, 7663.28, 21269, 19618
1695276558, 0, 1, 45, 0, 0, 8308.20, 2, 0, 0, 0.22, 95, 42, 7663.28, 21269, 19618
1695276562, 0, 2, 48, 0, 0, 8313.67, 3, 0, 0, 3.69, 103, 46, 7663.28, 21283, 19618
1695276566, 0, 2, 50, 0, 0, 8313.67, 3, 0, 0, 1.43, 107, 48, 7663.28, 21283, 19618
1695276571, 0, 2, 51, 0, 0, 8313.67, 3, 0, 0, 2.40, 117, 51, 7663.28, 21283, 19618
1695276576, 0, 2, 54, 0, 0, 8313.67, 3, 0, 0, 1.63, 124, 52, 7663.28, 21283, 19618
1695276581, 0, 3, 56, 0, 0, 8313.67, 3, 0, 0, 2.95, 129, 61, 7663.28, 21283, 19618
1695276581, 0, 3, 58, 0, 0, 8313.67, 3, 0, 0, 6.96, 130, 63, 7663.28, 21283, 19618
1695276592, 0, 3, 59, 0, 0, 8313.67, 3, 0, 0, 0.28, 133, 63, 7663.28, 21283, 19618
1695276596, 0, 3, 61, 0, 0, 8313.67, 3, 0, 0, 5.46, 142, 78, 7663.28, 21283, 19618
1695276604, 0, 3, 62, 0, 0, 8331.25, 3, 0, 0, 0.50, 143, 81, 7680.86, 21328, 19663
1695276609, 0, 4, 64, 0, 0, 8331.25, 3, 0, 0, 4.26, 150, 94, 7680.86, 21328, 19663
1695276609, 0, 4, 66, 0, 0, 8331.25, 3, 0, 0, 52.81, 163, 97, 7680.86, 21328, 19663
1695276616, 0, 4, 67, 0, 0, 8337.89, 3, 0, 0, 0.14, 164, 97, 7687.50, 21345, 19680
1695276622, 0, 4, 68, 0, 0, 8337.89, 3, 0, 0, 0.66, 168, 97, 7687.50, 21345, 19680
1695276629, 0, 4, 69, 0, 0, 8337.89, 3, 0, 0, 0.75, 173, 97, 7687.50, 21345, 19680
1695276639, 0, 5, 72, 0, 0, 8337.89, 3, 0, 0, 1.65, 184, 102, 7687.50, 21345, 19680
1695276639, 0, 5, 73, 0, 0, 8343.36, 3, 0, 0, 46.36, 196, 104, 7692.97, 21359, 19694
1695276649, 0, 5, 74, 0, 0, 8343.36, 3, 0, 0, 0.40, 199, 105, 7692.97, 21359, 19694
1695276658, 0, 5, 75, 0, 0, 8343.36, 3, 0, 0, 0.96, 208, 105, 7692.97, 21359, 19694
1695276659, 0, 6, 77, 0, 0, 8343.36, 3, 0, 0, 79.47, 221, 116, 7692.97, 21359, 19694
1695276663, 0, 6, 78, 0, 0, 8343.36, 3, 0, 0, 1.24, 225, 117, 7692.97, 21359, 19694
1695276667, 0, 6, 79, 0, 0, 8343.36, 3, 0, 0, 3.58, 232, 125, 7692.97, 21359, 19694
1695276671, 0, 6, 80, 0, 0, 8343.36, 3, 0, 0, 0.93, 234, 127, 7692.97, 21359, 19694
1695276676, 0, 7, 81, 0, 0, 8343.36, 3, 0, 0, 0.82, 237, 128, 7692.97, 21359, 19694
1695276676, 0, 7, 82, 0, 0, 8343.36, 3, 0, 0, 17.28, 239, 133, 7692.97, 21359, 19694
1695276697, 0, 7, 83, 0, 0, 8345.31, 3, 0, 0, 0.44, 241, 140, 7694.92, 21364, 19699
1695276705, 0, 7, 85, 0, 0, 8345.31, 3, 0, 0, 0.40, 243, 141, 7694.92, 21364, 19699
1695276717, 0, 7, 88, 0, 0, 8372.27, 3, 0, 0, 0.58, 248, 143, 7721.88, 21433, 19768
1695276721, 0, 7, 90, 0, 0, 8372.27, 3, 0, 0, 0.69, 249, 145, 7721.88, 21433, 19768
1695276721, 0, 7, 91, 0, 0, 8372.27, 3, 0, 0, 6.58, 250, 146, 7721.88, 21433, 19768
1695276727, 0, 7, 91, 0, 0, 8372.27, 3, 0, 0, 1.47, 255, 150, 7721.88, 21433, 19768
1695276728, 0, 7, 92, 0, 0, 8372.27, 3, 0, 0, 49.23, 259, 162, 7721.88, 21433, 19768
1695276728, 0, 8, 92, 0, 0, 8372.27, 3, 0, 0, 71.20, 277, 166, 7721.88, 21433, 19768
1695276733, 0, 8, 93, 0, 0, 8372.27, 3, 0, 0, 3.51, 289, 171, 7721.88, 21433, 19768
1695276737, 0, 9, 94, 0, 0, 8372.27, 3, 0, 0, 3.11, 296, 178, 7721.88, 21433, 19768
1695276742, 0, 9, 95, 0, 0, 8373.05, 3, 0, 0, 0.46, 298, 178, 7722.66, 21435, 19770
1695276746, 0, 9, 95, 0, 0, 8373.05, 3, 0, 0, 3.04, 308, 181, 7722.66, 21435, 19770
1695276750, 0, 9, 95, 0, 0, 8373.05, 3, 0, 0, 1.90, 314, 183, 7722.66, 21435, 19770
1695276756, 0, 9, 96, 0, 0, 8373.05, 3, 0, 0, 0.19, 315, 183, 7722.66, 21435, 19770
1695276760, 0, 10, 97, 0, 0, 8373.05, 3, 0, 0, 0.98, 318, 184, 7722.66, 21435, 19770
1695276766, 0, 10, 98, 0, 0, 8373.05, 3, 0, 0, 0.17, 319, 184, 7722.66, 21435, 19770
1695276772, 0, 10, 99, 0, 0, 8373.05, 3, 0, 0, 0.16, 320, 184, 7722.66, 21435, 19770
1695276777, 0, 10, 99, 0, 0, 8373.05, 3, 0, 0, 0.19, 321, 184, 7722.66, 21435, 19770
1695276783, 0, 10, 99, 0, 0, 8373.05, 3, 0, 0, 0.17, 322, 184, 7722.66, 21435, 19770
1695276787, 0, 10, 100, 0, 0, 8373.05, 3, 0, 0, 0.24, 323, 184, 7722.66, 21435, 19770
1695276790, 0, 10, 100, 0, 0, 8373.05, 3, 0, 0, 0.38, 324, 184, 7722.66, 21435, 19770
1695276792, 0, 10, 100, 0, 0, 8373.05, 3, 0, 0, 0.36, 325, 184, 7722.66, 21435, 19770
1695276795, 0, 10, 100, 0, 0, 8373.05, 3, 0, 0, 0.42, 326, 184, 7722.66, 21435, 19770
1695276798, 0, 10, 100, 0, 0, 8373.05, 3, 0, 0, 0.36, 327, 184, 7722.66, 21435, 19770
1695276802, 0, 10, 100, 0, 0, 8373.05, 3, 0, 0, 0.25, 328, 184, 7722.66, 21435, 19770
1695276805, 0, 10, 100, 0, 0, 8373.05, 3, 0, 0, 0.26, 329, 184, 7722.66, 21435, 19770
1695276812, 0, 10, 101, 0, 0, 8389.45, 3, 0, 0, 0.16, 330, 184, 7739.06, 21477, 19812
1695276816, 0, 10, 101, 0, 0, 8389.45, 3, 0, 0, 0.21, 331, 184, 7739.06, 21477, 19812
1695276819, 0, 10, 102, 0, 0, 8389.45, 3, 0, 0, 0.31, 332, 184, 7739.06, 21477, 19812
1695276822, 0, 10, 102, 0, 0, 8389.45, 3, 0, 0, 0.34, 333, 184, 7739.06, 21477, 19812
1695276825, 0, 10, 102, 0, 0, 8389.45, 3, 0, 0, 0.40, 334, 184, 7739.06, 21477, 19812
1695276827, 0, 10, 102, 0, 0, 8389.45, 3, 0, 0, 0.41, 335, 184, 7739.06, 21477, 19812
1695276830, 0, 10, 102, 0, 0, 8389.45, 3, 0, 0, 0.34, 336, 184, 7739.06, 21477, 19812
1695276833, 0, 10, 103, 0, 0, 8389.45, 3, 0, 0, 0.32, 337, 184, 7739.06, 21477, 19812
1695276837, 0, 10, 104, 0, 0, 8389.45, 3, 0, 0, 0.31, 338, 184, 7739.06, 21477, 19812
1695276840, 0, 10, 104, 0, 0, 8389.45, 3, 0, 0, 0.30, 339, 184, 7739.06, 21477, 19812
1695276843, 0, 10, 105, 0, 0, 8389.45, 3, 0, 0, 0.30, 340, 184, 7739.06, 21477, 19812
1695276847, 0, 10, 106, 0, 0, 8389.45, 3, 0, 0, 0.28, 341, 184, 7739.06, 21477, 19812
1695276851, 0, 10, 107, 0, 0, 8389.45, 3, 0, 0, 0.24, 342, 184, 7739.06, 21477, 19812
1695276854, 0, 10, 107, 0, 0, 8389.45, 3, 0, 0, 0.35, 343, 184, 7739.06, 21477, 19812
1695276857, 0, 10, 107, 0, 0, 8389.45, 3, 0, 0, 0.37, 344, 184, 7739.06, 21477, 19812
1695276860, 0, 10, 107, 0, 0, 8389.45, 3, 0, 0, 0.34, 345, 184, 7739.06, 21477, 19812
1695276865, 0, 10, 107, 0, 0, 8389.45, 3, 0, 0, 0.18, 346, 184, 7739.06, 21477, 19812
1695276870, 0, 10, 107, 0, 0, 8389.45, 3, 0, 0, 0.21, 347, 184, 7739.06, 21477, 19812
1695276873, 0, 10, 107, 0, 0, 8389.45, 3, 0, 0, 0.31, 348, 184, 7739.06, 21477, 19812
1695276876, 0, 10, 107, 0, 0, 8389.45, 3, 0, 0, 0.35, 349, 184, 7739.06, 21477, 19812
1695276879, 0, 10, 108, 0, 0, 8389.45, 3, 0, 0, 0.31, 350, 184, 7739.06, 21477, 19812
1695276883, 0, 10, 108, 0, 0, 8389.45, 3, 0, 0, 0.29, 351, 184, 7739.06, 21477, 19812
1695276888, 0, 10, 109, 0, 0, 8389.45, 3, 0, 0, 0.18, 352, 184, 7739.06, 21477, 19812
1695276894, 0, 10, 109, 0, 0, 8389.45, 3, 0, 0, 0.19, 353, 184, 7739.06, 21477, 19812
1695276897, 0, 10, 109, 0, 0, 8389.45, 3, 0, 0, 0.36, 354, 184, 7739.06, 21477, 19812
1695276899, 0, 10, 110, 0, 0, 8389.45, 3, 0, 0, 0.36, 355, 184, 7739.06, 21477, 19812
1695276903, 0, 10, 110, 0, 0, 8389.45, 3, 0, 0, 0.28, 356, 184, 7739.06, 21477, 19812
1695276907, 0, 10, 111, 0, 0, 8389.45, 3, 0, 0, 0.25, 357, 184, 7739.06, 21477, 19812
1695276910, 0, 10, 111, 0, 0, 8389.45, 3, 0, 0, 0.34, 358, 184, 7739.06, 21477, 19812
1695276912, 0, 10, 111, 0, 0, 8389.45, 3, 0, 0, 0.41, 359, 184, 7739.06, 21477, 19812
1695276919, 0, 10, 112, 0, 0, 8389.45, 3, 0, 0, 0.15, 360, 184, 7739.06, 21477, 19812
1695276922, 0, 10, 112, 0, 0, 8389.45, 3, 0, 0, 0.30, 361, 184, 7739.06, 21477, 19812
1695276925, 0, 10, 112, 0, 0, 8389.45, 3, 0, 0, 0.35, 362, 184, 7739.06, 21477, 19812
1695276929, 0, 10, 112, 0, 0, 8389.45, 3, 0, 0, 0.27, 363, 184, 7739.06, 21477, 19812
1695276934, 0, 10, 113, 0, 0, 8389.45, 3, 0, 0, 0.21, 364, 184, 7739.06, 21477, 19812
1695276937, 0, 10, 113, 0, 0, 8389.45, 3, 0, 0, 0.30, 365, 184, 7739.06, 21477, 19812
1695276940, 0, 10, 114, 0, 0, 8389.45, 3, 0, 0, 0.33, 366, 184, 7739.06, 21477, 19812
1695276944, 0, 10, 114, 0, 0, 8389.45, 3, 0, 0, 0.24, 367, 184, 7739.06, 21477, 19812
1695276948, 0, 10, 114, 0, 0, 8389.45, 3, 0, 0, 0.25, 368, 184, 7739.06, 21477, 19812
1695276951, 0, 10, 114, 0, 0, 8389.45, 3, 0, 0, 0.35, 369, 184, 7739.06, 21477, 19812
1695276954, 0, 10, 114, 0, 0, 8389.45, 3, 0, 0, 0.33, 370, 184, 7739.06, 21477, 19812
1695276958, 0, 10, 114, 0, 0, 8389.45, 3, 0, 0, 0.25, 371, 184, 7739.06, 21477, 19812
1695276962, 0, 10, 114, 0, 0, 8389.45, 3, 0, 0, 0.25, 372, 184, 7739.06, 21477, 19812
1695276965, 0, 10, 114, 0, 0, 8389.45, 3, 0, 0, 0.29, 373, 184, 7739.06, 21477, 19812
1695276969, 0, 10, 114, 0, 0, 8389.45, 3, 0, 0, 0.32, 374, 184, 7739.06, 21477, 19812
1695276972, 0, 10, 114, 0, 0, 8389.45, 3, 0, 0, 0.27, 375, 184, 7739.06, 21477, 19812
1695276976, 0, 10, 114, 0, 0, 8389.45, 3, 0, 0, 0.26, 376, 184, 7739.06, 21477, 19812
1695276980, 0, 10, 114, 0, 0, 8389.45, 3, 0, 0, 0.24, 377, 184, 7739.06, 21477, 19812
1695276983, 0, 10, 114, 0, 0, 8389.45, 3, 0, 0, 0.32, 378, 184, 7739.06, 21477, 19812
1695276987, 0, 10, 114, 0, 0, 8389.45, 3, 0, 0, 0.32, 379, 184, 7739.06, 21477, 19812
1695276990, 0, 10, 114, 0, 0, 8389.45, 3, 0, 0, 0.31, 380, 184, 7739.06, 21477, 19812
1695276994, 0, 10, 114, 0, 0, 8389.45, 3, 0, 0, 0.26, 381, 184, 7739.06, 21477, 19812
1695276998, 0, 10, 115, 0, 0, 8389.45, 3, 0, 0, 0.23, 382, 184, 7739.06, 21477, 19812
1695277001, 0, 10, 115, 0, 0, 8389.45, 3, 0, 0, 0.33, 383, 184, 7739.06, 21477, 19812
1695277005, 0, 10, 115, 0, 0, 8389.45, 3, 0, 0, 0.23, 384, 184, 7739.06, 21477, 19812
1695277009, 0, 10, 115, 0, 0, 8389.45, 3, 0, 0, 0.25, 385, 184, 7739.06, 21477, 19812
1695277013, 0, 10, 115, 0, 0, 8389.45, 3, 0, 0, 0.32, 386, 184, 7739.06, 21477, 19812
1695277016, 0, 10, 116, 0, 0, 8389.45, 3, 0, 0, 0.32, 387, 184, 7739.06, 21477, 19812
1695277019, 0, 10, 116, 0, 0, 8389.45, 3, 0, 0, 0.27, 388, 184, 7739.06, 21477, 19812
1695277023, 0, 10, 116, 0, 0, 8389.45, 3, 0, 0, 0.26, 389, 184, 7739.06, 21477, 19812
1695277026, 0, 10, 116, 0, 0, 8389.45, 3, 0, 0, 0.31, 390, 184, 7739.06, 21477, 19812
1695277031, 0, 10, 116, 0, 0, 8389.45, 3, 0, 0, 0.24, 391, 184, 7739.06, 21477, 19812
1695277035, 0, 10, 116, 0, 0, 8389.45, 3, 0, 0, 0.24, 392, 184, 7739.06, 21477, 19812
1695277038, 0, 10, 116, 0, 0, 8389.45, 3, 0, 0, 0.32, 393, 184, 7739.06, 21477, 19812
1695277042, 0, 10, 116, 0, 0, 8389.45, 3, 0, 0, 0.24, 394, 184, 7739.06, 21477, 19812
1695277046, 0, 10, 116, 0, 0, 8389.45, 3, 0, 0, 0.25, 395, 184, 7739.06, 21477, 19812
1695277050, 0, 10, 117, 0, 0, 8389.45, 3, 0, 0, 0.26, 396, 184, 7739.06, 21477, 19812
1695277055, 0, 10, 117, 0, 0, 8389.45, 3, 0, 0, 0.22, 397, 184, 7739.06, 21477, 19812
1695277059, 0, 10, 117, 0, 0, 8389.45, 3, 0, 0, 0.24, 398, 184, 7739.06, 21477, 19812
1695277061, 0, 10, 117, 0, 0, 8389.45, 3, 0, 0, 0.40, 399, 184, 7739.06, 21477, 19812
1695277065, 0, 10, 117, 0, 0, 8389.45, 3, 0, 0, 0.24, 400, 184, 7739.06, 21477, 19812
1695277070, 0, 10, 118, 0, 0, 8389.45, 3, 0, 0, 0.23, 401, 184, 7739.06, 21477, 19812
1695277073, 0, 10, 119, 0, 0, 8389.45, 3, 0, 0, 0.29, 402, 184, 7739.06, 21477, 19812
1695277077, 0, 10, 119, 0, 0, 8389.45, 3, 0, 0, 0.26, 403, 184, 7739.06, 21477, 19812
1695277082, 0, 10, 120, 0, 0, 8389.45, 3, 0, 0, 0.21, 404, 184, 7739.06, 21477, 19812
1695277085, 0, 10, 121, 0, 0, 8389.45, 3, 0, 0, 0.28, 405, 184, 7739.06, 21477, 19812
1695277090, 0, 10, 122, 0, 0, 8389.45, 3, 0, 0, 0.21, 406, 184, 7739.06, 21477, 19812
1695277094, 0, 10, 122, 0, 0, 8389.45, 3, 0, 0, 0.23, 407, 184, 7739.06, 21477, 19812
1695277101, 0, 10, 123, 0, 0, 8389.45, 3, 0, 0, 0.15, 408, 184, 7739.06, 21477, 19812
1695277107, 0, 10, 123, 0, 0, 8389.45, 3, 0, 0, 0.17, 409, 184, 7739.06, 21477, 19812
1695277114, 0, 10, 124, 0, 0, 8389.45, 3, 0, 0, 0.14, 410, 184, 7739.06, 21477, 19812
1695277119, 0, 10, 124, 0, 0, 8389.45, 3, 0, 0, 0.18, 411, 184, 7739.06, 21477, 19812
1695277127, 0, 10, 124, 0, 0, 8389.45, 3, 0, 0, 0.13, 412, 184, 7739.06, 21477, 19812
1695277135, 0, 10, 124, 0, 0, 8389.45, 3, 0, 0, 0.13, 413, 184, 7739.06, 21477, 19812
1695277141, 0, 10, 124, 0, 0, 8389.45, 3, 0, 0, 0.16, 414, 184, 7739.06, 21477, 19812
1695277147, 0, 10, 124, 0, 0, 8389.45, 3, 0, 0, 0.17, 415, 184, 7739.06, 21477, 19812
1695277151, 0, 10, 124, 0, 0, 8389.45, 3, 0, 0, 0.27, 416, 184, 7739.06, 21477, 19812
1695277154, 0, 10, 124, 0, 0, 8389.45, 3, 0, 0, 0.27, 417, 184, 7739.06, 21477, 19812
1695277159, 0, 10, 124, 0, 0, 8389.45, 3, 0, 0, 0.25, 418, 184, 7739.06, 21477, 19812
1695277161, 0, 10, 124, 0, 0, 8389.45, 3, 0, 0, 0.42, 419, 184, 7739.06, 21477, 19812
1695277170, 0, 10, 125, 0, 0, 8389.45, 3, 0, 0, 0.10, 420, 184, 7739.06, 21477, 19812
1695277176, 0, 10, 125, 0, 0, 8389.45, 3, 0, 0, 0.17, 421, 184, 7739.06, 21477, 19812
1695277183, 0, 10, 125, 0, 0, 8389.45, 3, 0, 0, 0.15, 422, 184, 7739.06, 21477, 19812
1695277187, 0, 10, 125, 0, 0, 8389.45, 3, 0, 0, 0.24, 423, 184, 7739.06, 21477, 19812
1695277190, 0, 10, 125, 0, 0, 8389.45, 3, 0, 0, 0.31, 424, 184, 7739.06, 21477, 19812
1695277194, 0, 10, 125, 0, 0, 8389.45, 3, 0, 0, 0.25, 425, 184, 7739.06, 21477, 19812
1695277199, 0, 10, 125, 0, 0, 8389.45, 3, 0, 0, 0.23, 426, 184, 7739.06, 21477, 19812
1695277202, 0, 10, 125, 0, 0, 8389.45, 3, 0, 0, 0.32, 427, 184, 7739.06, 21477, 19812
1695277207, 0, 10, 125, 0, 0, 8389.45, 3, 0, 0, 0.20, 428, 184, 7739.06, 21477, 19812
1695277211, 0, 10, 125, 0, 0, 8389.45, 3, 0, 0, 0.26, 429, 184, 7739.06, 21477, 19812
1695277214, 0, 10, 125, 0, 0, 8389.45, 3, 0, 0, 0.32, 430, 184, 7739.06, 21477, 19812
1695277218, 0, 10, 125, 0, 0, 8389.45, 3, 0, 0, 0.23, 431, 184, 7739.06, 21477, 19812
1695277222, 0, 10, 125, 0, 0, 8389.45, 3, 0, 0, 0.24, 432, 184, 7739.06, 21477, 19812
1695277230, 0, 10, 125, 0, 0, 8389.45, 3, 0, 0, 0.14, 433, 184, 7739.06, 21477, 19812
1695277236, 0, 10, 125, 0, 0, 8389.45, 3, 0, 0, 0.14, 434, 184, 7739.06, 21477, 19812
1695277242, 0, 10, 125, 0, 0, 8389.45, 3, 0, 0, 0.18, 435, 184, 7739.06, 21477, 19812
1695277248, 0, 10, 126, 0, 0, 8389.45, 3, 0, 0, 0.17, 436, 184, 7739.06, 21477, 19812
1695277255, 0, 10, 126, 0, 0, 8389.45, 3, 0, 0, 0.14, 437, 184, 7739.06, 21477, 19812
1695277261, 0, 10, 126, 0, 0, 8389.45, 3, 0, 0, 0.16, 438, 184, 7739.06, 21477, 19812
1695277268, 0, 10, 126, 0, 0, 8389.45, 3, 0, 0, 0.14, 439, 184, 7739.06, 21477, 19812
1695277275, 0, 10, 126, 0, 0, 8389.45, 3, 0, 0, 0.15, 440, 184, 7739.06, 21477, 19812
1695277281, 0, 10, 126, 0, 0, 8389.45, 3, 0, 0, 0.18, 441, 184, 7739.06, 21477, 19812
1695277286, 0, 10, 127, 0, 0, 8389.45, 3, 0, 0, 0.18, 442, 184, 7739.06, 21477, 19812
1695277291, 0, 10, 127, 0, 0, 8389.45, 3, 0, 0, 0.22, 443, 184, 7739.06, 21477, 19812
1695277294, 0, 10, 127, 0, 0, 8389.45, 3, 0, 0, 0.27, 444, 184, 7739.06, 21477, 19812
1695277300, 0, 10, 128, 0, 0, 8389.45, 3, 0, 0, 0.18, 445, 184, 7739.06, 21477, 19812
1695277306, 0, 10, 129, 0, 0, 8389.45, 3, 0, 0, 0.16, 446, 184, 7739.06, 21477, 19812
1695277310, 0, 10, 129, 0, 0, 8389.45, 3, 0, 0, 0.28, 447, 184, 7739.06, 21477, 19812
1695277315, 0, 10, 129, 0, 0, 8389.45, 3, 0, 0, 0.19, 448, 184, 7739.06, 21477, 19812
1695277319, 0, 10, 130, 0, 0, 8389.45, 3, 0, 0, 0.24, 449, 184, 7739.06, 21477, 19812
1695277323, 0, 10, 131, 0, 0, 8389.45, 3, 0, 0, 0.27, 450, 184, 7739.06, 21477, 19812
1695277327, 0, 10, 131, 0, 0, 8389.45, 3, 0, 0, 0.24, 451, 184, 7739.06, 21477, 19812
1695277332, 0, 10, 131, 0, 0, 8389.45, 3, 0, 0, 0.22, 452, 184, 7739.06, 21477, 19812
1695277335, 0, 10, 132, 0, 0, 8389.45, 3, 0, 0, 0.26, 453, 184, 7739.06, 21477, 19812
1695277340, 0, 10, 133, 0, 0, 8389.45, 3, 0, 0, 0.21, 454, 184, 7739.06, 21477, 19812
1695277345, 0, 10, 133, 0, 0, 8389.45, 3, 0, 0, 0.23, 455, 184, 7739.06, 21477, 19812
1695277349, 0, 10, 134, 0, 0, 8389.45, 3, 0, 0, 0.25, 456, 184, 7739.06, 21477, 19812
1695277356, 0, 10, 134, 0, 0, 8389.45, 3, 0, 0, 0.13, 457, 184, 7739.06, 21477, 19812
1695277362, 0, 10, 134, 0, 0, 8389.45, 3, 0, 0, 0.16, 458, 184, 7739.06, 21477, 19812
1695277370, 0, 10, 134, 0, 0, 8389.45, 3, 0, 0, 0.13, 459, 184, 7739.06, 21477, 19812
1695277377, 0, 10, 134, 0, 0, 8389.45, 3, 0, 0, 0.14, 460, 184, 7739.06, 21477, 19812
1695277382, 0, 10, 134, 0, 0, 8389.45, 3, 0, 0, 0.20, 461, 184, 7739.06, 21477, 19812
1695277386, 0, 10, 134, 0, 0, 8389.45, 3, 0, 0, 0.27, 462, 184, 7739.06, 21477, 19812
1695277390, 0, 10, 134, 0, 0, 8389.45, 3, 0, 0, 0.21, 463, 184, 7739.06, 21477, 19812
1695277395, 0, 10, 134, 0, 0, 8389.45, 3, 0, 0, 0.22, 464, 184, 7739.06, 21477, 19812
1695277399, 0, 10, 134, 0, 0, 8389.45, 3, 0, 0, 0.24, 465, 184, 7739.06, 21477, 19812
1695277404, 0, 10, 134, 0, 0, 8389.45, 3, 0, 0, 0.22, 466, 184, 7739.06, 21477, 19812
1695277408, 0, 10, 134, 0, 0, 8389.45, 3, 0, 0, 0.21, 467, 184, 7739.06, 21477, 19812
1695277412, 0, 10, 134, 0, 0, 8389.45, 3, 0, 0, 0.28, 468, 184, 7739.06, 21477, 19812
1695277417, 0, 10, 134, 0, 0, 8389.45, 3, 0, 0, 0.21, 469, 184, 7739.06, 21477, 19812
1695277421, 0, 10, 134, 0, 0, 8389.45, 3, 0, 0, 0.25, 470, 184, 7739.06, 21477, 19812
1695277424, 0, 10, 134, 0, 0, 8389.45, 3, 0, 0, 0.27, 471, 184, 7739.06, 21477, 19812
1695277429, 0, 10, 134, 0, 0, 8389.45, 3, 0, 0, 0.22, 472, 184, 7739.06, 21477, 19812
1695277433, 0, 10, 134, 0, 0, 8389.45, 3, 0, 0, 0.27, 473, 184, 7739.06, 21477, 19812
1695277436, 0, 10, 134, 0, 0, 8389.45, 3, 0, 0, 0.27, 474, 184, 7739.06, 21477, 19812
1695277440, 0, 10, 134, 0, 0, 8389.45, 3, 0, 0, 0.24, 475, 184, 7739.06, 21477, 19812
1695277444, 0, 10, 134, 0, 0, 8389.45, 3, 0, 0, 0.26, 476, 184, 7739.06, 21477, 19812
1695277448, 0, 10, 134, 0, 0, 8389.45, 3, 0, 0, 0.31, 477, 184, 7739.06, 21477, 19812
1695277452, 0, 10, 134, 0, 0, 8389.45, 3, 0, 0, 0.21, 478, 184, 7739.06, 21477, 19812
1695277457, 0, 10, 134, 0, 0, 8389.45, 3, 0, 0, 0.23, 479, 184, 7739.06, 21477, 19812
1695277461, 0, 10, 134, 0, 0, 8389.45, 3, 0, 0, 0.23, 480, 184, 7739.06, 21477, 19812
1695277464, 0, 10, 134, 0, 0, 8389.45, 3, 0, 0, 0.29, 481, 184, 7739.06, 21477, 19812
1695277468, 0, 10, 134, 0, 0, 8389.45, 3, 0, 0, 0.26, 482, 184, 7739.06, 21477, 19812
1695277472, 0, 10, 134, 0, 0, 8389.45, 3, 0, 0, 0.25, 483, 184, 7739.06, 21477, 19812
1695277477, 0, 10, 135, 0, 0, 8389.45, 3, 0, 0, 0.22, 484, 184, 7739.06, 21477, 19812
1695277481, 0, 10, 135, 0, 0, 8389.45, 3, 0, 0, 0.26, 485, 184, 7739.06, 21477, 19812
1695277484, 0, 10, 135, 0, 0, 8389.45, 3, 0, 0, 0.31, 486, 184, 7739.06, 21477, 19812
1695277488, 0, 10, 135, 0, 0, 8389.45, 3, 0, 0, 0.24, 487, 184, 7739.06, 21477, 19812
1695277493, 0, 10, 135, 0, 0, 8389.45, 3, 0, 0, 0.21, 488, 184, 7739.06, 21477, 19812
1695277497, 0, 10, 135, 0, 0, 8389.45, 3, 0, 0, 0.24, 489, 184, 7739.06, 21477, 19812
1695277502, 0, 10, 135, 0, 0, 8389.45, 3, 0, 0, 0.21, 490, 184, 7739.06, 21477, 19812
1695277506, 0, 10, 135, 0, 0, 8389.45, 3, 0, 0, 0.24, 491, 184, 7739.06, 21477, 19812
1695277511, 0, 10, 135, 0, 0, 8389.45, 3, 0, 0, 0.22, 492, 184, 7739.06, 21477, 19812
1695277515, 0, 10, 135, 0, 0, 8389.45, 3, 0, 0, 0.22, 493, 184, 7739.06, 21477, 19812
1695277520, 0, 10, 135, 0, 0, 8389.45, 3, 0, 0, 0.20, 494, 184, 7739.06, 21477, 19812
1695277524, 0, 10, 135, 0, 0, 8389.45, 3, 0, 0, 0.28, 495, 184, 7739.06, 21477, 19812
1695277529, 0, 10, 135, 0, 0, 8389.45, 3, 0, 0, 0.18, 496, 184, 7739.06, 21477, 19812
1695277533, 0, 10, 135, 0, 0, 8389.45, 3, 0, 0, 0.25, 497, 184, 7739.06, 21477, 19812
1695277536, 0, 10, 135, 0, 0, 8389.45, 3, 0, 0, 0.29, 498, 184, 7739.06, 21477, 19812
1695277541, 0, 10, 135, 0, 0, 8389.45, 3, 0, 0, 0.23, 499, 184, 7739.06, 21477, 19812
1695277545, 0, 10, 135, 0, 0, 8389.45, 3, 0, 0, 0.22, 500, 184, 7739.06, 21477, 19812
1695277548, 0, 10, 135, 0, 0, 8389.45, 3, 0, 0, 0.39, 501, 184, 7739.06, 21477, 19812
1695277552, 0, 10, 135, 0, 0, 8389.45, 3, 0, 0, 0.23, 502, 184, 7739.06, 21477, 19812
1695277557, 0, 10, 135, 0, 0, 8389.45, 3, 0, 0, 0.23, 503, 184, 7739.06, 21477, 19812
1695277560, 0, 10, 135, 0, 0, 8389.45, 3, 0, 0, 0.33, 504, 184, 7739.06, 21477, 19812
1695277564, 0, 10, 135, 0, 0, 8389.45, 3, 0, 0, 0.22, 505, 184, 7739.06, 21477, 19812
1695277569, 0, 10, 135, 0, 0, 8389.45, 3, 0, 0, 0.21, 506, 184, 7739.06, 21477, 19812
1695277573, 0, 10, 135, 0, 0, 8389.45, 3, 0, 0, 0.28, 507, 184, 7739.06, 21477, 19812
1695277577, 0, 10, 135, 0, 0, 8389.45, 3, 0, 0, 0.23, 508, 184, 7739.06, 21477, 19812
1695277581, 0, 10, 135, 0, 0, 8389.45, 3, 0, 0, 0.23, 509, 184, 7739.06, 21477, 19812
1695277586, 0, 10, 136, 0, 0, 8389.45, 3, 0, 0, 0.22, 510, 184, 7739.06, 21477, 19812
1695277590, 0, 10, 136, 0, 0, 8389.45, 3, 0, 0, 0.26, 511, 184, 7739.06, 21477, 19812
1695277594, 0, 10, 136, 0, 0, 8389.45, 3, 0, 0, 0.22, 512, 184, 7739.06, 21477, 19812
1695277598, 0, 10, 136, 0, 0, 8389.45, 3, 0, 0, 0.28, 513, 184, 7739.06, 21477, 19812
1695277602, 0, 10, 136, 0, 0, 8389.45, 3, 0, 0, 0.22, 514, 184, 7739.06, 21477, 19812
1695277607, 0, 10, 137, 0, 0, 8389.45, 3, 0, 0, 0.22, 515, 184, 7739.06, 21477, 19812
1695277610, 0, 10, 137, 0, 0, 8389.45, 3, 0, 0, 0.30, 516, 184, 7739.06, 21477, 19812
1695277614, 0, 10, 137, 0, 0, 8389.45, 3, 0, 0, 0.26, 517, 184, 7739.06, 21477, 19812
1695277619, 0, 10, 137, 0, 0, 8389.45, 3, 0, 0, 0.21, 518, 184, 7739.06, 21477, 19812
1695277623, 0, 10, 137, 0, 0, 8389.45, 3, 0, 0, 0.23, 519, 184, 7739.06, 21477, 19812
1695277628, 0, 10, 137, 0, 0, 8389.45, 3, 0, 0, 0.23, 520, 184, 7739.06, 21477, 19812
1695277632, 0, 10, 137, 0, 0, 8389.45, 3, 0, 0, 0.22, 521, 184, 7739.06, 21477, 19812
1695277636, 0, 10, 137, 0, 0, 8389.45, 3, 0, 0, 0.25, 522, 184, 7739.06, 21477, 19812
1695277641, 0, 10, 137, 0, 0, 8389.45, 3, 0, 0, 0.21, 523, 184, 7739.06, 21477, 19812
1695277645, 0, 10, 138, 0, 0, 8389.45, 3, 0, 0, 0.22, 524, 184, 7739.06, 21477, 19812
1695277649, 0, 10, 138, 0, 0, 8389.45, 3, 0, 0, 0.28, 525, 184, 7739.06, 21477, 19812
1695277654, 0, 10, 138, 0, 0, 8389.45, 3, 0, 0, 0.19, 526, 184, 7739.06, 21477, 19812
1695277659, 0, 10, 138, 0, 0, 8389.45, 3, 0, 0, 0.21, 527, 184, 7739.06, 21477, 19812
1695277663, 0, 10, 138, 0, 0, 8389.45, 3, 0, 0, 0.28, 528, 184, 7739.06, 21477, 19812
1695277667, 0, 10, 139, 0, 0, 8389.45, 3, 0, 0, 0.23, 529, 184, 7739.06, 21477, 19812
1695277671, 0, 10, 140, 0, 0, 8389.45, 3, 0, 0, 0.22, 530, 184, 7739.06, 21477, 19812
1695277675, 0, 10, 140, 0, 0, 8389.45, 3, 0, 0, 0.30, 531, 184, 7739.06, 21477, 19812
1695277679, 0, 10, 141, 0, 0, 8389.45, 3, 0, 0, 0.26, 532, 184, 7739.06, 21477, 19812
1695277683, 0, 10, 142, 0, 0, 8389.45, 3, 0, 0, 0.23, 533, 184, 7739.06, 21477, 19812
1695277687, 0, 10, 143, 0, 0, 8389.45, 3, 0, 0, 0.25, 534, 184, 7739.06, 21477, 19812
1695277691, 0, 10, 143, 0, 0, 8389.45, 3, 0, 0, 0.22, 535, 184, 7739.06, 21477, 19812
1695277696, 0, 10, 143, 0, 0, 8389.45, 3, 0, 0, 0.20, 536, 184, 7739.06, 21477, 19812
1695277705, 0, 10, 144, 0, 0, 8389.45, 3, 0, 0, 0.12, 537, 184, 7739.06, 21477, 19812
1695277710, 0, 10, 144, 0, 0, 8389.45, 3, 0, 0, 0.18, 538, 184, 7739.06, 21477, 19812
1695277715, 0, 10, 144, 0, 0, 8389.45, 3, 0, 0, 0.22, 539, 184, 7739.06, 21477, 19812
1695277719, 0, 10, 145, 0, 0, 8389.45, 3, 0, 0, 0.27, 540, 184, 7739.06, 21477, 19812
1695277724, 0, 10, 145, 0, 0, 8389.45, 3, 0, 0, 0.21, 541, 184, 7739.06, 21477, 19812
1695277730, 0, 10, 145, 0, 0, 8389.45, 3, 0, 0, 0.15, 542, 184, 7739.06, 21477, 19812
1695277736, 0, 10, 145, 0, 0, 8389.45, 3, 0, 0, 0.18, 543, 184, 7739.06, 21477, 19812
1695277741, 0, 10, 145, 0, 0, 8389.45, 3, 0, 0, 0.18, 544, 184, 7739.06, 21477, 19812
1695277746, 0, 10, 145, 0, 0, 8389.45, 3, 0, 0, 0.20, 545, 184, 7739.06, 21477, 19812
1695277751, 0, 10, 145, 0, 0, 8389.45, 3, 0, 0, 0.21, 546, 184, 7739.06, 21477, 19812
1695277758, 0, 10, 145, 0, 0, 8389.45, 3, 0, 0, 0.14, 547, 184, 7739.06, 21477, 19812
1695277765, 0, 10, 145, 0, 0, 8389.45, 3, 0, 0, 0.15, 548, 184, 7739.06, 21477, 19812
1695277772, 0, 10, 145, 0, 0, 8389.45, 3, 0, 0, 0.14, 549, 184, 7739.06, 21477, 19812
1695277779, 0, 10, 145, 0, 0, 8389.45, 3, 0, 0, 0.15, 550, 184, 7739.06, 21477, 19812
1695277783, 0, 10, 145, 0, 0, 8389.45, 3, 0, 0, 0.22, 551, 184, 7739.06, 21477, 19812
1695277786, 0, 10, 145, 0, 0, 8389.45, 3, 0, 0, 0.31, 552, 184, 7739.06, 21477, 19812
1695277790, 0, 10, 145, 0, 0, 8389.45, 3, 0, 0, 0.25, 553, 184, 7739.06, 21477, 19812
1695277795, 0, 10, 145, 0, 0, 8389.45, 3, 0, 0, 0.21, 554, 184, 7739.06, 21477, 19812
1695277799, 0, 10, 145, 0, 0, 8389.45, 3, 0, 0, 0.28, 555, 184, 7739.06, 21477, 19812
1695277803, 0, 10, 145, 0, 0, 8389.45, 3, 0, 0, 0.22, 556, 184, 7739.06, 21477, 19812
1695277809, 0, 10, 145, 0, 0, 8389.45, 3, 0, 0, 0.18, 557, 184, 7739.06, 21477, 19812
1695277813, 0, 10, 145, 0, 0, 8389.45, 3, 0, 0, 0.23, 558, 184, 7739.06, 21477, 19812
1695277823, 0, 10, 145, 0, 0, 8389.45, 3, 0, 0, 0.11, 559, 184, 7739.06, 21477, 19812
1695277828, 0, 10, 145, 0, 0, 8389.45, 3, 0, 0, 0.18, 560, 184, 7739.06, 21477, 19812
1695277833, 0, 10, 145, 0, 0, 8389.45, 3, 0, 0, 0.22, 561, 184, 7739.06, 21477, 19812
1695277837, 0, 10, 145, 0, 0, 8389.45, 3, 0, 0, 0.22, 562, 184, 7739.06, 21477, 19812
1695277842, 0, 10, 145, 0, 0, 8389.45, 3, 0, 0, 0.23, 563, 184, 7739.06, 21477, 19812
1695277845, 0, 10, 145, 0, 0, 8389.45, 3, 0, 0, 0.27, 564, 184, 7739.06, 21477, 19812
1695277850, 0, 10, 145, 0, 0, 8389.45, 3, 0, 0, 0.21, 565, 184, 7739.06, 21477, 19812
1695277854, 0, 10, 145, 0, 0, 8389.45, 3, 0, 0, 0.24, 566, 184, 7739.06, 21477, 19812
1695277858, 0, 10, 145, 0, 0, 8389.45, 3, 0, 0, 0.24, 567, 184, 7739.06, 21477, 19812
1695277863, 0, 10, 145, 0, 0, 8389.45, 3, 0, 0, 0.20, 568, 184, 7739.06, 21477, 19812
1695277868, 0, 10, 145, 0, 0, 8389.45, 3, 0, 0, 0.24, 569, 184, 7739.06, 21477, 19812
1695277872, 0, 10, 145, 0, 0, 8389.45, 3, 0, 0, 0.23, 570, 184, 7739.06, 21477, 19812
1695277876, 0, 10, 145, 0, 0, 8389.45, 3, 0, 0, 0.22, 571, 184, 7739.06, 21477, 19812
1695277882, 0, 10, 145, 0, 0, 8389.45, 3, 0, 0, 0.20, 572, 184, 7739.06, 21477, 19812
1695277887, 0, 10, 145, 0, 0, 8389.45, 3, 0, 0, 0.19, 573, 184, 7739.06, 21477, 19812
1695277893, 0, 10, 145, 0, 0, 8389.45, 3, 0, 0, 0.16, 574, 184, 7739.06, 21477, 19812
1695277897, 0, 10, 145, 0, 0, 8389.45, 3, 0, 0, 0.22, 575, 184, 7739.06, 21477, 19812
1695277901, 0, 10, 145, 0, 0, 8389.45, 3, 0, 0, 0.25, 576, 184, 7739.06, 21477, 19812
1695277905, 0, 10, 145, 0, 0, 8389.45, 3, 0, 0, 0.25, 577, 184, 7739.06, 21477, 19812
1695277909, 0, 10, 145, 0, 0, 8389.45, 3, 0, 0, 0.26, 578, 184, 7739.06, 21477, 19812
1695277914, 0, 10, 145, 0, 0, 8389.45, 3, 0, 0, 0.23, 579, 184, 7739.06, 21477, 19812
1695277918, 0, 10, 145, 0, 0, 8389.45, 3, 0, 0, 0.23, 580, 184, 7739.06, 21477, 19812
1695277923, 0, 10, 145, 0, 0, 8389.45, 3, 0, 0, 0.20, 581, 184, 7739.06, 21477, 19812
1695277927, 0, 10, 145, 0, 0, 8389.45, 3, 0, 0, 0.25, 582, 184, 7739.06, 21477, 19812
1695277932, 0, 10, 145, 0, 0, 8389.45, 3, 0, 0, 0.20, 583, 184, 7739.06, 21477, 19812
1695277937, 0, 10, 146, 0, 0, 8390.23, 3, 0, 0, 0.22, 584, 184, 7739.84, 21479, 19814
1695277940, 0, 10, 146, 0, 0, 8390.23, 3, 0, 0, 0.26, 585, 184, 7739.84, 21479, 19814
1695277945, 0, 10, 146, 0, 0, 8390.23, 3, 0, 0, 0.23, 586, 184, 7739.84, 21479, 19814
1695277949, 0, 10, 146, 0, 0, 8390.23, 3, 0, 0, 0.22, 587, 184, 7739.84, 21479, 19814
1695277956, 0, 10, 146, 0, 0, 8390.23, 3, 0, 0, 0.14, 588, 184, 7739.84, 21479, 19814
1695277962, 0, 10, 146, 0, 0, 8390.23, 3, 0, 0, 0.20, 589, 184, 7739.84, 21479, 19814
1695277966, 0, 10, 146, 0, 0, 8390.23, 3, 0, 0, 0.20, 590, 184, 7739.84, 21479, 19814
1695277971, 0, 10, 147, 0, 0, 8390.23, 3, 0, 0, 0.23, 591, 184, 7739.84, 21479, 19814
1695277977, 0, 10, 148, 0, 0, 8390.23, 3, 0, 0, 0.17, 592, 184, 7739.84, 21479, 19814
1695277981, 0, 10, 148, 0, 0, 8390.23, 3, 0, 0, 0.24, 593, 184, 7739.84, 21479, 19814
1695277984, 0, 10, 148, 0, 0, 8390.23, 3, 0, 0, 0.34, 594, 184, 7739.84, 21479, 19814
1695277989, 0, 10, 148, 0, 0, 8390.23, 3, 0, 0, 0.21, 595, 184, 7739.84, 21479, 19814
1695277993, 0, 10, 148, 0, 0, 8390.23, 3, 0, 0, 0.21, 596, 184, 7739.84, 21479, 19814
1695277997, 0, 10, 148, 0, 0, 8390.23, 3, 0, 0, 0.25, 597, 184, 7739.84, 21479, 19814
1695278002, 0, 10, 148, 0, 0, 8390.23, 3, 0, 0, 0.22, 598, 184, 7739.84, 21479, 19814
1695278006, 0, 10, 148, 0, 0, 8390.23, 3, 0, 0, 0.23, 599, 184, 7739.84, 21479, 19814
1695278010, 0, 10, 148, 0, 0, 8390.23, 3, 0, 0, 0.25, 600, 184, 7739.84, 21479, 19814
1695278065, 0, 10, 149, 0, 0, 8390.23, 3, 0, 0, 0.02, 601, 184, 7739.84, 21479, 19814
1695278069, 0, 10, 149, 0, 0, 8390.23, 3, 0, 0, 0.23, 602, 184, 7739.84, 21479, 19814
1695278073, 0, 10, 149, 0, 0, 8390.23, 3, 0, 0, 0.25, 603, 184, 7739.84, 21479, 19814
1695278077, 0, 10, 149, 0, 0, 8390.23, 3, 0, 0, 0.26, 604, 184, 7739.84, 21479, 19814
1695278081, 0, 10, 149, 0, 0, 8390.23, 3, 0, 0, 0.22, 605, 184, 7739.84, 21479, 19814
1695278086, 0, 10, 150, 0, 0, 8390.23, 3, 0, 0, 0.25, 606, 184, 7739.84, 21479, 19814
1695278089, 0, 10, 150, 0, 0, 8390.23, 3, 0, 0, 0.27, 607, 184, 7739.84, 21479, 19814
1695278094, 0, 10, 150, 0, 0, 8390.23, 3, 0, 0, 0.22, 608, 184, 7739.84, 21479, 19814
1695278099, 0, 10, 150, 0, 0, 8390.23, 3, 0, 0, 0.20, 609, 184, 7739.84, 21479, 19814
1695278106, 0, 10, 150, 0, 0, 8390.23, 3, 0, 0, 0.13, 610, 184, 7739.84, 21479, 19814
1695278111, 0, 10, 150, 0, 0, 8390.23, 3, 0, 0, 0.21, 611, 184, 7739.84, 21479, 19814
1695278116, 0, 10, 150, 0, 0, 8390.23, 3, 0, 0, 0.20, 612, 184, 7739.84, 21479, 19814
1695278120, 0, 10, 151, 0, 0, 8390.23, 3, 0, 0, 0.23, 613, 184, 7739.84, 21479, 19814
1695278124, 0, 10, 151, 0, 0, 8390.23, 3, 0, 0, 0.29, 614, 184, 7739.84, 21479, 19814
1695278128, 0, 10, 151, 0, 0, 8390.23, 3, 0, 0, 0.24, 615, 184, 7739.84, 21479, 19814
1695278133, 0, 10, 152, 0, 0, 8390.23, 3, 0, 0, 0.21, 616, 184, 7739.84, 21479, 19814
1695278136, 0, 10, 152, 0, 0, 8390.23, 3, 0, 0, 0.29, 617, 184, 7739.84, 21479, 19814
1695278140, 0, 10, 152, 0, 0, 8390.23, 3, 0, 0, 0.25, 618, 184, 7739.84, 21479, 19814
1695278144, 0, 10, 152, 0, 0, 8390.23, 3, 0, 0, 0.28, 619, 184, 7739.84, 21479, 19814
1695278149, 0, 10, 153, 0, 0, 8390.23, 3, 0, 0, 0.21, 620, 184, 7739.84, 21479, 19814
1695278153, 0, 10, 153, 0, 0, 8390.23, 3, 0, 0, 0.21, 621, 184, 7739.84, 21479, 19814
1695278157, 0, 10, 153, 0, 0, 8390.23, 3, 0, 0, 0.25, 622, 184, 7739.84, 21479, 19814
1695278161, 0, 10, 153, 0, 0, 8390.23, 3, 0, 0, 0.25, 623, 184, 7739.84, 21479, 19814
1695278165, 0, 10, 153, 0, 0, 8390.23, 3, 0, 0, 0.23, 624, 184, 7739.84, 21479, 19814
1695278170, 0, 10, 153, 0, 0, 8390.23, 3, 0, 0, 0.20, 625, 184, 7739.84, 21479, 19814
1695278175, 0, 10, 153, 0, 0, 8390.23, 3, 0, 0, 0.22, 626, 184, 7739.84, 21479, 19814
1695278179, 0, 10, 153, 0, 0, 8390.23, 3, 0, 0, 0.27, 627, 184, 7739.84, 21479, 19814
1695278183, 0, 10, 153, 0, 0, 8390.23, 3, 0, 0, 0.25, 628, 184, 7739.84, 21479, 19814
1695278187, 0, 10, 153, 0, 0, 8390.23, 3, 0, 0, 0.26, 629, 184, 7739.84, 21479, 19814
1695278190, 0, 10, 154, 0, 0, 8390.23, 3, 0, 0, 0.27, 630, 184, 7739.84, 21479, 19814
1695278196, 0, 10, 154, 0, 0, 8390.23, 3, 0, 0, 0.17, 631, 184, 7739.84, 21479, 19814
1695278201, 0, 10, 154, 0, 0, 8390.23, 3, 0, 0, 0.22, 632, 184, 7739.84, 21479, 19814
1695278205, 0, 10, 154, 0, 0, 8390.23, 3, 0, 0, 0.24, 633, 184, 7739.84, 21479, 19814
1695278211, 0, 10, 154, 0, 0, 8390.23, 3, 0, 0, 0.17, 634, 184, 7739.84, 21479, 19814
1695278216, 0, 10, 154, 0, 0, 8390.23, 3, 0, 0, 0.18, 635, 184, 7739.84, 21479, 19814
1695278220, 0, 10, 154, 0, 0, 8390.23, 3, 0, 0, 0.26, 636, 184, 7739.84, 21479, 19814
1695278224, 0, 10, 154, 0, 0, 8390.23, 3, 0, 0, 0.28, 637, 184, 7739.84, 21479, 19814
1695278228, 0, 10, 154, 0, 0, 8390.23, 3, 0, 0, 0.22, 638, 184, 7739.84, 21479, 19814
1695278232, 0, 10, 154, 0, 0, 8390.23, 3, 0, 0, 0.23, 639, 184, 7739.84, 21479, 19814
1695278236, 0, 10, 154, 0, 0, 8390.23, 3, 0, 0, 0.27, 640, 184, 7739.84, 21479, 19814
1695278241, 0, 10, 154, 0, 0, 8390.23, 3, 0, 0, 0.22, 641, 184, 7739.84, 21479, 19814
1695278245, 0, 10, 154, 0, 0, 8390.23, 3, 0, 0, 0.21, 642, 184, 7739.84, 21479, 19814
1695278249, 0, 10, 154, 0, 0, 8390.23, 3, 0, 0, 0.26, 643, 184, 7739.84, 21479, 19814
1695278254, 0, 10, 154, 0, 0, 8390.23, 3, 0, 0, 0.23, 644, 184, 7739.84, 21479, 19814
1695278258, 0, 10, 154, 0, 0, 8390.23, 3, 0, 0, 0.21, 645, 184, 7739.84, 21479, 19814
1695278262, 0, 10, 154, 0, 0, 8390.23, 3, 0, 0, 0.26, 646, 184, 7739.84, 21479, 19814
1695278268, 0, 10, 154, 0, 0, 8390.23, 3, 0, 0, 0.18, 647, 184, 7739.84, 21479, 19814
1695278272, 0, 10, 154, 0, 0, 8390.23, 3, 0, 0, 0.24, 648, 184, 7739.84, 21479, 19814
1695278277, 0, 10, 154, 0, 0, 8390.23, 3, 0, 0, 0.22, 649, 184, 7739.84, 21479, 19814
1695278281, 0, 10, 154, 0, 0, 8390.23, 3, 0, 0, 0.22, 650, 184, 7739.84, 21479, 19814
1695278286, 0, 10, 154, 0, 0, 8390.23, 3, 0, 0, 0.20, 651, 184, 7739.84, 21479, 19814
1695278291, 0, 10, 154, 0, 0, 8390.23, 3, 0, 0, 0.20, 652, 184, 7739.84, 21479, 19814
1695278295, 0, 10, 154, 0, 0, 8390.23, 3, 0, 0, 0.24, 653, 184, 7739.84, 21479, 19814
1695278300, 0, 10, 154, 0, 0, 8390.23, 3, 0, 0, 0.19, 654, 184, 7739.84, 21479, 19814
1695278306, 0, 10, 154, 0, 0, 8390.23, 3, 0, 0, 0.19, 655, 184, 7739.84, 21479, 19814
1695278310, 0, 10, 154, 0, 0, 8390.23, 3, 0, 0, 0.23, 656, 184, 7739.84, 21479, 19814
1695278314, 0, 10, 154, 0, 0, 8390.23, 3, 0, 0, 0.24, 657, 184, 7739.84, 21479, 19814
1695278318, 0, 10, 154, 0, 0, 8390.23, 3, 0, 0, 0.27, 658, 184, 7739.84, 21479, 19814
1695278325, 0, 10, 154, 0, 0, 8390.23, 3, 0, 0, 0.14, 659, 184, 7739.84, 21479, 19814
1695278329, 0, 10, 154, 0, 0, 8390.23, 3, 0, 0, 0.28, 660, 184, 7739.84, 21479, 19814
1695278333, 0, 10, 154, 0, 0, 8390.23, 3, 0, 0, 0.23, 661, 184, 7739.84, 21479, 19814
1695278337, 0, 10, 154, 0, 0, 8390.23, 3, 0, 0, 0.26, 662, 184, 7739.84, 21479, 19814
1695278343, 0, 10, 154, 0, 0, 8390.23, 3, 0, 0, 0.15, 663, 184, 7739.84, 21479, 19814
1695278349, 0, 10, 154, 0, 0, 8390.23, 3, 0, 0, 0.17, 664, 184, 7739.84, 21479, 19814
1695278354, 0, 10, 154, 0, 0, 8390.23, 3, 0, 0, 0.23, 665, 184, 7739.84, 21479, 19814
1695278358, 0, 10, 154, 0, 0, 8390.23, 3, 0, 0, 0.23, 666, 184, 7739.84, 21479, 19814
1695278362, 0, 10, 154, 0, 0, 8390.23, 3, 0, 0, 0.25, 667, 184, 7739.84, 21479, 19814
1695278366, 0, 10, 154, 0, 0, 8390.23, 3, 0, 0, 0.24, 668, 184, 7739.84, 21479, 19814
1695278370, 0, 10, 154, 0, 0, 8390.23, 3, 0, 0, 0.24, 669, 184, 7739.84, 21479, 19814
1695278375, 0, 10, 154, 0, 0, 8390.23, 3, 0, 0, 0.23, 670, 184, 7739.84, 21479, 19814
1695278378, 0, 10, 154, 0, 0, 8390.23, 3, 0, 0, 0.32, 671, 184, 7739.84, 21479, 19814
1695278382, 0, 10, 154, 0, 0, 8390.23, 3, 0, 0, 0.22, 672, 184, 7739.84, 21479, 19814
1695278386, 0, 10, 154, 0, 0, 8390.23, 3, 0, 0, 0.24, 673, 184, 7739.84, 21479, 19814
1695278391, 0, 10, 154, 0, 0, 8390.23, 3, 0, 0, 0.21, 674, 184, 7739.84, 21479, 19814
1695278396, 0, 10, 154, 0, 0, 8390.23, 3, 0, 0, 0.21, 675, 184, 7739.84, 21479, 19814
1695278400, 0, 10, 154, 0, 0, 8390.23, 3, 0, 0, 0.23, 676, 184, 7739.84, 21479, 19814
1695278405, 0, 10, 154, 0, 0, 8390.23, 3, 0, 0, 0.23, 677, 184, 7739.84, 21479, 19814
1695278410, 0, 10, 154, 0, 0, 8390.23, 3, 0, 0, 0.21, 678, 184, 7739.84, 21479, 19814
1695278414, 0, 10, 154, 0, 0, 8390.23, 3, 0, 0, 0.22, 679, 184, 7739.84, 21479, 19814
1695278419, 0, 10, 155, 0, 0, 8390.23, 3, 0, 0, 0.22, 680, 184, 7739.84, 21479, 19814
1695278423, 0, 10, 155, 0, 0, 8390.23, 3, 0, 0, 0.22, 681, 184, 7739.84, 21479, 19814
1695278428, 0, 10, 156, 0, 0, 8390.23, 3, 0, 0, 0.21, 682, 184, 7739.84, 21479, 19814
1695278433, 0, 10, 156, 0, 0, 8390.23, 3, 0, 0, 0.22, 683, 184, 7739.84, 21479, 19814
1695278437, 0, 10, 156, 0, 0, 8390.23, 3, 0, 0, 0.24, 684, 184, 7739.84, 21479, 19814
1695278442, 0, 10, 156, 0, 0, 8390.23, 3, 0, 0, 0.19, 685, 184, 7739.84, 21479, 19814
1695278449, 0, 10, 156, 0, 0, 8390.23, 3, 0, 0, 0.14, 686, 184, 7739.84, 21479, 19814
1695278455, 0, 10, 156, 0, 0, 8390.23, 3, 0, 0, 0.17, 687, 184, 7739.84, 21479, 19814
1695278462, 0, 10, 156, 0, 0, 8390.23, 3, 0, 0, 0.14, 688, 184, 7739.84, 21479, 19814
1695278467, 0, 10, 156, 0, 0, 8390.23, 3, 0, 0, 0.21, 689, 184, 7739.84, 21479, 19814
1695278471, 0, 10, 156, 0, 0, 8390.23, 3, 0, 0, 0.25, 690, 184, 7739.84, 21479, 19814
1695278476, 0, 10, 156, 0, 0, 8390.23, 3, 0, 0, 0.21, 691, 184, 7739.84, 21479, 19814
1695278480, 0, 10, 156, 0, 0, 8390.23, 3, 0, 0, 0.23, 692, 184, 7739.84, 21479, 19814
1695278485, 0, 10, 156, 0, 0, 8390.23, 3, 0, 0, 0.22, 693, 184, 7739.84, 21479, 19814
1695278490, 0, 10, 156, 0, 0, 8390.23, 3, 0, 0, 0.18, 694, 184, 7739.84, 21479, 19814
1695278498, 0, 10, 156, 0, 0, 8390.23, 3, 0, 0, 0.14, 695, 184, 7739.84, 21479, 19814
1695278502, 0, 10, 156, 0, 0, 8390.23, 3, 0, 0, 0.22, 696, 184, 7739.84, 21479, 19814
1695278506, 0, 10, 156, 0, 0, 8390.23, 3, 0, 0, 0.25, 697, 184, 7739.84, 21479, 19814
1695278511, 0, 10, 156, 0, 0, 8390.23, 3, 0, 0, 0.23, 698, 184, 7739.84, 21479, 19814
1695278515, 0, 10, 156, 0, 0, 8390.23, 3, 0, 0, 0.21, 699, 184, 7739.84, 21479, 19814
1695278520, 0, 10, 156, 0, 0, 8390.23, 3, 0, 0, 0.22, 700, 184, 7739.84, 21479, 19814
1695278525, 0, 10, 156, 0, 0, 8390.23, 3, 0, 0, 0.21, 701, 184, 7739.84, 21479, 19814
1695278530, 0, 10, 157, 0, 0, 8390.23, 3, 0, 0, 0.20, 702, 184, 7739.84, 21479, 19814
1695278534, 0, 10, 157, 0, 0, 8390.23, 3, 0, 0, 0.22, 703, 184, 7739.84, 21479, 19814
1695278539, 0, 10, 157, 0, 0, 8390.23, 3, 0, 0, 0.19, 704, 184, 7739.84, 21479, 19814
1695278545, 0, 10, 158, 0, 0, 8390.23, 3, 0, 0, 0.18, 705, 184, 7739.84, 21479, 19814
1695278548, 0, 10, 159, 0, 0, 8390.23, 3, 0, 0, 0.30, 706, 184, 7739.84, 21479, 19814
1695278553, 0, 10, 159, 0, 0, 8390.23, 3, 0, 0, 0.23, 707, 184, 7739.84, 21479, 19814
1695278557, 0, 10, 159, 0, 0, 8390.23, 3, 0, 0, 0.22, 708, 184, 7739.84, 21479, 19814
1695278562, 0, 10, 160, 0, 0, 8390.23, 3, 0, 0, 0.22, 709, 184, 7739.84, 21479, 19814
1695278566, 0, 10, 161, 0, 0, 8390.23, 3, 0, 0, 0.22, 710, 184, 7739.84, 21479, 19814
1695278571, 0, 10, 161, 0, 0, 8390.23, 3, 0, 0, 0.24, 711, 184, 7739.84, 21479, 19814
1695278575, 0, 10, 162, 0, 0, 8390.23, 3, 0, 0, 0.22, 712, 184, 7739.84, 21479, 19814
1695278580, 0, 10, 162, 0, 0, 8390.23, 3, 0, 0, 0.21, 713, 184, 7739.84, 21479, 19814
1695278584, 0, 10, 162, 0, 0, 8390.23, 3, 0, 0, 0.24, 714, 184, 7739.84, 21479, 19814
1695278588, 0, 10, 162, 0, 0, 8390.23, 3, 0, 0, 0.23, 715, 184, 7739.84, 21479, 19814
1695278593, 0, 10, 162, 0, 0, 8390.23, 3, 0, 0, 0.20, 716, 184, 7739.84, 21479, 19814
1695278598, 0, 10, 162, 0, 0, 8390.23, 3, 0, 0, 0.23, 717, 184, 7739.84, 21479, 19814
1695278602, 0, 10, 162, 0, 0, 8390.23, 3, 0, 0, 0.22, 718, 184, 7739.84, 21479, 19814
1695278606, 0, 10, 162, 0, 0, 8390.23, 3, 0, 0, 0.27, 719, 184, 7739.84, 21479, 19814
1695278611, 0, 10, 162, 0, 0, 8390.23, 3, 0, 0, 0.20, 720, 184, 7739.84, 21479, 19814
1695278615, 0, 10, 162, 0, 0, 8390.23, 3, 0, 0, 0.22, 721, 184, 7739.84, 21479, 19814
1695278619, 0, 10, 162, 0, 0, 8390.23, 3, 0, 0, 0.26, 722, 184, 7739.84, 21479, 19814
1695278624, 0, 10, 162, 0, 0, 8390.23, 3, 0, 0, 0.19, 723, 184, 7739.84, 21479, 19814
1695278629, 0, 10, 162, 0, 0, 8390.23, 3, 0, 0, 0.23, 724, 184, 7739.84, 21479, 19814
1695278632, 0, 10, 162, 0, 0, 8390.23, 3, 0, 0, 0.27, 725, 184, 7739.84, 21479, 19814
1695278637, 0, 10, 162, 0, 0, 8390.23, 3, 0, 0, 0.22, 726, 184, 7739.84, 21479, 19814
1695278641, 0, 10, 162, 0, 0, 8390.23, 3, 0, 0, 0.25, 727, 184, 7739.84, 21479, 19814
1695278645, 0, 10, 162, 0, 0, 8390.23, 3, 0, 0, 0.24, 728, 184, 7739.84, 21479, 19814
1695278652, 0, 10, 162, 0, 0, 8390.23, 3, 0, 0, 0.15, 729, 184, 7739.84, 21479, 19814
1695278658, 0, 10, 162, 0, 0, 8390.23, 3, 0, 0, 0.17, 730, 184, 7739.84, 21479, 19814
1695278662, 0, 10, 162, 0, 0, 8390.23, 3, 0, 0, 0.21, 731, 184, 7739.84, 21479, 19814
1695278667, 0, 10, 162, 0, 0, 8390.23, 3, 0, 0, 0.24, 732, 184, 7739.84, 21479, 19814
1695278671, 0, 10, 162, 0, 0, 8390.23, 3, 0, 0, 0.23, 733, 184, 7739.84, 21479, 19814
1695278676, 0, 10, 162, 0, 0, 8390.23, 3, 0, 0, 0.21, 734, 184, 7739.84, 21479, 19814
1695278681, 0, 10, 162, 0, 0, 8390.23, 3, 0, 0, 0.18, 735, 184, 7739.84, 21479, 19814
1695278686, 0, 10, 162, 0, 0, 8390.23, 3, 0, 0, 0.20, 736, 184, 7739.84, 21479, 19814
1695278690, 0, 10, 162, 0, 0, 8390.23, 3, 0, 0, 0.26, 737, 184, 7739.84, 21479, 19814
1695278696, 0, 10, 162, 0, 0, 8390.23, 3, 0, 0, 0.17, 738, 184, 7739.84, 21479, 19814
1695278701, 0, 10, 162, 0, 0, 8390.23, 3, 0, 0, 0.20, 739, 184, 7739.84, 21479, 19814
1695278706, 0, 10, 162, 0, 0, 8390.23, 3, 0, 0, 0.20, 740, 184, 7739.84, 21479, 19814
1695278711, 0, 10, 162, 0, 0, 8390.23, 3, 0, 0, 0.20, 741, 184, 7739.84, 21479, 19814
1695278717, 0, 10, 162, 0, 0, 8390.23, 3, 0, 0, 0.18, 742, 184, 7739.84, 21479, 19814
1695278722, 0, 10, 162, 0, 0, 8390.23, 3, 0, 0, 0.20, 743, 184, 7739.84, 21479, 19814
1695278728, 0, 10, 162, 0, 0, 8390.23, 3, 0, 0, 0.17, 744, 184, 7739.84, 21479, 19814
1695278733, 0, 10, 162, 0, 0, 8390.23, 3, 0, 0, 0.18, 745, 184, 7739.84, 21479, 19814
1695278740, 0, 10, 162, 0, 0, 8390.23, 3, 0, 0, 0.15, 746, 184, 7739.84, 21479, 19814
1695278748, 0, 10, 163, 0, 0, 8390.23, 3, 0, 0, 0.13, 747, 184, 7739.84, 21479, 19814
1695278758, 0, 10, 163, 0, 0, 8390.23, 3, 0, 0, 0.10, 748, 184, 7739.84, 21479, 19814
1695278763, 0, 10, 163, 0, 0, 8390.23, 3, 0, 0, 0.17, 749, 184, 7739.84, 21479, 19814
1695278770, 0, 10, 163, 0, 0, 8390.23, 3, 0, 0, 0.16, 750, 184, 7739.84, 21479, 19814
1695278776, 0, 10, 163, 0, 0, 8390.23, 3, 0, 0, 0.15, 751, 184, 7739.84, 21479, 19814
1695278781, 0, 10, 163, 0, 0, 8390.23, 3, 0, 0, 0.23, 752, 184, 7739.84, 21479, 19814
1695278786, 0, 10, 163, 0, 0, 8390.23, 3, 0, 0, 0.18, 753, 184, 7739.84, 21479, 19814
1695278792, 0, 10, 163, 0, 0, 8390.23, 3, 0, 0, 0.18, 754, 184, 7739.84, 21479, 19814
1695278797, 0, 10, 163, 0, 0, 8390.23, 3, 0, 0, 0.20, 755, 184, 7739.84, 21479, 19814
1695278803, 0, 10, 163, 0, 0, 8390.23, 3, 0, 0, 0.17, 756, 184, 7739.84, 21479, 19814
1695278812, 0, 10, 163, 0, 0, 8390.23, 3, 0, 0, 0.11, 757, 184, 7739.84, 21479, 19814
1695278816, 0, 10, 163, 0, 0, 8390.23, 3, 0, 0, 0.26, 758, 184, 7739.84, 21479, 19814
1695278821, 0, 10, 163, 0, 0, 8390.23, 3, 0, 0, 0.19, 759, 184, 7739.84, 21479, 19814
1695278826, 0, 10, 163, 0, 0, 8390.23, 3, 0, 0, 0.21, 760, 184, 7739.84, 21479, 19814
1695278831, 0, 10, 163, 0, 0, 8390.23, 3, 0, 0, 0.21, 761, 184, 7739.84, 21479, 19814
1695278836, 0, 10, 163, 0, 0, 8390.23, 3, 0, 0, 0.20, 762, 184, 7739.84, 21479, 19814
1695278840, 0, 10, 163, 0, 0, 8390.23, 3, 0, 0, 0.23, 763, 184, 7739.84, 21479, 19814
1695278844, 0, 10, 163, 0, 0, 8390.23, 3, 0, 0, 0.22, 764, 184, 7739.84, 21479, 19814
1695278850, 0, 10, 163, 0, 0, 8390.23, 3, 0, 0, 0.19, 765, 184, 7739.84, 21479, 19814
1695278854, 0, 10, 164, 0, 0, 8390.23, 3, 0, 0, 0.22, 766, 184, 7739.84, 21479, 19814
1695278859, 0, 10, 164, 0, 0, 8390.23, 3, 0, 0, 0.24, 767, 184, 7739.84, 21479, 19814
1695278864, 0, 10, 164, 0, 0, 8390.23, 3, 0, 0, 0.20, 768, 184, 7739.84, 21479, 19814
1695278869, 0, 10, 164, 0, 0, 8390.23, 3, 0, 0, 0.18, 769, 184, 7739.84, 21479, 19814
1695278872, 0, 10, 164, 0, 0, 8390.23, 3, 0, 0, 0.33, 770, 184, 7739.84, 21479, 19814
1695278877, 0, 10, 165, 0, 0, 8390.23, 3, 0, 0, 0.23, 771, 184, 7739.84, 21479, 19814
1695278882, 0, 10, 165, 0, 0, 8390.23, 3, 0, 0, 0.18, 772, 184, 7739.84, 21479, 19814
1695278887, 0, 10, 165, 0, 0, 8390.23, 3, 0, 0, 0.23, 773, 184, 7739.84, 21479, 19814
1695278893, 0, 10, 165, 0, 0, 8390.23, 3, 0, 0, 0.15, 774, 184, 7739.84, 21479, 19814
1695278899, 0, 10, 165, 0, 0, 8390.23, 3, 0, 0, 0.19, 775, 184, 7739.84, 21479, 19814
1695278906, 0, 10, 165, 0, 0, 8390.23, 3, 0, 0, 0.13, 776, 184, 7739.84, 21479, 19814
1695278911, 0, 10, 165, 0, 0, 8390.23, 3, 0, 0, 0.22, 777, 184, 7739.84, 21479, 19814
1695278916, 0, 10, 165, 0, 0, 8390.23, 3, 0, 0, 0.21, 778, 184, 7739.84, 21479, 19814
1695278921, 0, 10, 165, 0, 0, 8390.23, 3, 0, 0, 0.21, 779, 184, 7739.84, 21479, 19814
1695278925, 0, 10, 166, 0, 0, 8390.23, 3, 0, 0, 0.22, 780, 184, 7739.84, 21479, 19814
1695278930, 0, 10, 166, 0, 0, 8390.23, 3, 0, 0, 0.20, 781, 184, 7739.84, 21479, 19814
1695278935, 0, 10, 166, 0, 0, 8390.23, 3, 0, 0, 0.19, 782, 184, 7739.84, 21479, 19814
1695278939, 0, 10, 166, 0, 0, 8390.23, 3, 0, 0, 0.23, 783, 184, 7739.84, 21479, 19814
1695278944, 0, 10, 166, 0, 0, 8390.23, 3, 0, 0, 0.20, 784, 184, 7739.84, 21479, 19814
1695278950, 0, 10, 167, 0, 0, 8390.23, 3, 0, 0, 0.19, 785, 184, 7739.84, 21479, 19814
1695278954, 0, 10, 168, 0, 0, 8390.23, 3, 0, 0, 0.21, 786, 184, 7739.84, 21479, 19814
1695278959, 0, 10, 168, 0, 0, 8390.23, 3, 0, 0, 0.23, 787, 184, 7739.84, 21479, 19814
1695278963, 0, 10, 169, 0, 0, 8390.23, 3, 0, 0, 0.22, 788, 184, 7739.84, 21479, 19814
1695278969, 0, 10, 170, 0, 0, 8390.23, 3, 0, 0, 0.18, 789, 184, 7739.84, 21479, 19814
1695278974, 0, 10, 171, 0, 0, 8390.23, 3, 0, 0, 0.19, 790, 184, 7739.84, 21479, 19814
1695278979, 0, 10, 171, 0, 0, 8390.23, 3, 0, 0, 0.21, 791, 184, 7739.84, 21479, 19814
1695278984, 0, 10, 171, 0, 0, 8390.23, 3, 0, 0, 0.21, 792, 184, 7739.84, 21479, 19814
1695278989, 0, 10, 171, 0, 0, 8390.23, 3, 0, 0, 0.18, 793, 184, 7739.84, 21479, 19814
1695278994, 0, 10, 171, 0, 0, 8390.23, 3, 0, 0, 0.21, 794, 184, 7739.84, 21479, 19814
1695279001, 0, 10, 171, 0, 0, 8390.23, 3, 0, 0, 0.15, 795, 184, 7739.84, 21479, 19814
1695279006, 0, 10, 171, 0, 0, 8390.23, 3, 0, 0, 0.19, 796, 184, 7739.84, 21479, 19814
1695279013, 0, 10, 171, 0, 0, 8390.23, 3, 0, 0, 0.15, 797, 184, 7739.84, 21479, 19814
1695279018, 0, 10, 171, 0, 0, 8390.23, 3, 0, 0, 0.19, 798, 184, 7739.84, 21479, 19814
1695279023, 0, 10, 171, 0, 0, 8390.23, 3, 0, 0, 0.21, 799, 184, 7739.84, 21479, 19814
1695279028, 0, 10, 171, 0, 0, 8390.23, 3, 0, 0, 0.20, 800, 184, 7739.84, 21479, 19814
1695279032, 0, 10, 171, 0, 0, 8390.23, 3, 0, 0, 0.22, 801, 184, 7739.84, 21479, 19814
1695279038, 0, 10, 171, 0, 0, 8390.23, 3, 0, 0, 0.18, 802, 184, 7739.84, 21479, 19814
1695279043, 0, 10, 171, 0, 0, 8390.23, 3, 0, 0, 0.20, 803, 184, 7739.84, 21479, 19814
1695279047, 0, 10, 171, 0, 0, 8390.23, 3, 0, 0, 0.24, 804, 184, 7739.84, 21479, 19814
1695279052, 0, 10, 171, 0, 0, 8390.23, 3, 0, 0, 0.19, 805, 184, 7739.84, 21479, 19814
1695279058, 0, 10, 171, 0, 0, 8390.23, 3, 0, 0, 0.19, 806, 184, 7739.84, 21479, 19814
1695279063, 0, 10, 171, 0, 0, 8390.23, 3, 0, 0, 0.20, 807, 184, 7739.84, 21479, 19814
1695279068, 0, 10, 171, 0, 0, 8390.23, 3, 0, 0, 0.19, 808, 184, 7739.84, 21479, 19814
1695279071, 0, 10, 171, 0, 0, 8390.23, 3, 0, 0, 0.28, 809, 184, 7739.84, 21479, 19814
1695279077, 0, 10, 171, 0, 0, 8390.23, 3, 0, 0, 0.18, 810, 184, 7739.84, 21479, 19814
1695279081, 0, 10, 171, 0, 0, 8390.23, 3, 0, 0, 0.22, 811, 184, 7739.84, 21479, 19814
1695279086, 0, 10, 171, 0, 0, 8390.23, 3, 0, 0, 0.20, 812, 184, 7739.84, 21479, 19814
1695279092, 0, 10, 171, 0, 0, 8390.23, 3, 0, 0, 0.18, 813, 184, 7739.84, 21479, 19814
1695279097, 0, 10, 171, 0, 0, 8390.23, 3, 0, 0, 0.20, 814, 184, 7739.84, 21479, 19814
1695279101, 0, 10, 171, 0, 0, 8390.23, 3, 0, 0, 0.22, 815, 184, 7739.84, 21479, 19814
1695279106, 0, 10, 171, 0, 0, 8390.23, 3, 0, 0, 0.22, 816, 184, 7739.84, 21479, 19814
1695279112, 0, 10, 171, 0, 0, 8390.23, 3, 0, 0, 0.17, 817, 184, 7739.84, 21479, 19814
1695279116, 0, 10, 171, 0, 0, 8390.23, 3, 0, 0, 0.22, 818, 184, 7739.84, 21479, 19814
1695279121, 0, 10, 171, 0, 0, 8390.23, 3, 0, 0, 0.23, 819, 184, 7739.84, 21479, 19814
1695279126, 0, 10, 171, 0, 0, 8390.23, 3, 0, 0, 0.20, 820, 184, 7739.84, 21479, 19814
1695279131, 0, 10, 171, 0, 0, 8390.23, 3, 0, 0, 0.19, 821, 184, 7739.84, 21479, 19814
1695279136, 0, 10, 171, 0, 0, 8390.23, 3, 0, 0, 0.22, 822, 184, 7739.84, 21479, 19814
1695279139, 0, 10, 171, 0, 0, 8390.23, 3, 0, 0, 0.26, 823, 184, 7739.84, 21479, 19814
1695279144, 0, 10, 171, 0, 0, 8390.23, 3, 0, 0, 0.24, 824, 184, 7739.84, 21479, 19814
1695279148, 0, 10, 171, 0, 0, 8390.23, 3, 0, 0, 0.22, 825, 184, 7739.84, 21479, 19814
1695279153, 0, 10, 172, 0, 0, 8390.23, 3, 0, 0, 0.21, 826, 184, 7739.84, 21479, 19814
1695279160, 0, 10, 172, 0, 0, 8390.23, 3, 0, 0, 0.15, 827, 184, 7739.84, 21479, 19814
1695279167, 0, 10, 172, 0, 0, 8390.23, 3, 0, 0, 0.13, 828, 184, 7739.84, 21479, 19814
1695279172, 0, 10, 172, 0, 0, 8390.23, 3, 0, 0, 0.20, 829, 184, 7739.84, 21479, 19814
1695279176, 0, 10, 172, 0, 0, 8390.23, 3, 0, 0, 0.23, 830, 184, 7739.84, 21479, 19814
1695279180, 0, 10, 172, 0, 0, 8390.23, 3, 0, 0, 0.25, 831, 184, 7739.84, 21479, 19814
1695279186, 0, 10, 172, 0, 0, 8390.23, 3, 0, 0, 0.19, 832, 184, 7739.84, 21479, 19814
1695279190, 0, 10, 172, 0, 0, 8390.23, 3, 0, 0, 0.21, 833, 184, 7739.84, 21479, 19814
1695279195, 0, 10, 172, 0, 0, 8390.23, 3, 0, 0, 0.22, 834, 184, 7739.84, 21479, 19814
1695279198, 0, 10, 172, 0, 0, 8390.23, 3, 0, 0, 0.28, 835, 184, 7739.84, 21479, 19814
1695279204, 0, 10, 172, 0, 0, 8390.23, 3, 0, 0, 0.19, 836, 184, 7739.84, 21479, 19814
1695279209, 0, 10, 172, 0, 0, 8390.23, 3, 0, 0, 0.18, 837, 184, 7739.84, 21479, 19814
1695279213, 0, 10, 172, 0, 0, 8390.23, 3, 0, 0, 0.23, 838, 184, 7739.84, 21479, 19814
1695279218, 0, 10, 172, 0, 0, 8390.23, 3, 0, 0, 0.20, 839, 184, 7739.84, 21479, 19814
1695279223, 0, 10, 172, 0, 0, 8390.23, 3, 0, 0, 0.23, 840, 184, 7739.84, 21479, 19814
1695279228, 0, 10, 172, 0, 0, 8390.23, 3, 0, 0, 0.20, 841, 184, 7739.84, 21479, 19814
1695279231, 0, 10, 172, 0, 0, 8390.23, 3, 0, 0, 0.26, 842, 184, 7739.84, 21479, 19814
1695279236, 0, 10, 172, 0, 0, 8390.23, 3, 0, 0, 0.23, 843, 184, 7739.84, 21479, 19814
1695279240, 0, 10, 172, 0, 0, 8390.23, 3, 0, 0, 0.22, 844, 184, 7739.84, 21479, 19814
1695279246, 0, 10, 172, 0, 0, 8390.23, 3, 0, 0, 0.19, 845, 184, 7739.84, 21479, 19814
1695279250, 0, 10, 172, 0, 0, 8390.23, 3, 0, 0, 0.22, 846, 184, 7739.84, 21479, 19814
1695279256, 0, 10, 172, 0, 0, 8390.23, 3, 0, 0, 0.19, 847, 184, 7739.84, 21479, 19814
1695279261, 0, 10, 172, 0, 0, 8390.23, 3, 0, 0, 0.20, 848, 184, 7739.84, 21479, 19814
1695279267, 0, 10, 172, 0, 0, 8390.23, 3, 0, 0, 0.16, 849, 184, 7739.84, 21479, 19814
1695279274, 0, 10, 172, 0, 0, 8390.23, 3, 0, 0, 0.14, 850, 184, 7739.84, 21479, 19814
1695279279, 0, 10, 172, 0, 0, 8390.23, 3, 0, 0, 0.19, 851, 184, 7739.84, 21479, 19814
1695279285, 0, 10, 172, 0, 0, 8390.23, 3, 0, 0, 0.20, 852, 184, 7739.84, 21479, 19814
1695279292, 0, 10, 172, 0, 0, 8390.23, 3, 0, 0, 0.14, 853, 184, 7739.84, 21479, 19814
1695279299, 0, 10, 172, 0, 0, 8390.23, 3, 0, 0, 0.13, 854, 184, 7739.84, 21479, 19814
1695279305, 0, 10, 172, 0, 0, 8390.23, 3, 0, 0, 0.16, 855, 184, 7739.84, 21479, 19814
1695279309, 0, 10, 172, 0, 0, 8390.23, 3, 0, 0, 0.27, 856, 184, 7739.84, 21479, 19814
1695279314, 0, 10, 172, 0, 0, 8390.23, 3, 0, 0, 0.21, 857, 184, 7739.84, 21479, 19814
1695279319, 0, 10, 172, 0, 0, 8390.23, 3, 0, 0, 0.20, 858, 184, 7739.84, 21479, 19814
1695279324, 0, 10, 172, 0, 0, 8390.23, 3, 0, 0, 0.21, 859, 184, 7739.84, 21479, 19814
1695279328, 0, 10, 172, 0, 0, 8390.23, 3, 0, 0, 0.23, 860, 184, 7739.84, 21479, 19814
1695279333, 0, 10, 172, 0, 0, 8390.23, 3, 0, 0, 0.20, 861, 184, 7739.84, 21479, 19814
1695279337, 0, 10, 172, 0, 0, 8390.23, 3, 0, 0, 0.22, 862, 184, 7739.84, 21479, 19814
1695279341, 0, 10, 172, 0, 0, 8390.23, 3, 0, 0, 0.29, 863, 184, 7739.84, 21479, 19814
1695279346, 0, 10, 172, 0, 0, 8390.23, 3, 0, 0, 0.22, 864, 184, 7739.84, 21479, 19814
1695279350, 0, 10, 172, 0, 0, 8390.23, 3, 0, 0, 0.23, 865, 184, 7739.84, 21479, 19814
1695279355, 0, 10, 172, 0, 0, 8390.23, 3, 0, 0, 0.21, 866, 184, 7739.84, 21479, 19814
1695279358, 0, 10, 172, 0, 0, 8390.23, 3, 0, 0, 0.28, 867, 184, 7739.84, 21479, 19814
1695279364, 0, 10, 172, 0, 0, 8390.23, 3, 0, 0, 0.19, 868, 184, 7739.84, 21479, 19814
1695279369, 0, 10, 172, 0, 0, 8390.23, 3, 0, 0, 0.19, 869, 184, 7739.84, 21479, 19814
1695279374, 0, 10, 172, 0, 0, 8390.23, 3, 0, 0, 0.22, 870, 184, 7739.84, 21479, 19814
1695279380, 0, 10, 173, 0, 0, 8390.23, 3, 0, 0, 0.15, 871, 184, 7739.84, 21479, 19814
1695279387, 0, 10, 173, 0, 0, 8390.23, 3, 0, 0, 0.15, 872, 184, 7739.84, 21479, 19814
1695279392, 0, 10, 173, 0, 0, 8390.23, 3, 0, 0, 0.22, 873, 184, 7739.84, 21479, 19814
1695279396, 0, 10, 173, 0, 0, 8390.23, 3, 0, 0, 0.21, 874, 184, 7739.84, 21479, 19814
1695279402, 0, 10, 173, 0, 0, 8390.23, 3, 0, 0, 0.20, 875, 184, 7739.84, 21479, 19814
1695279406, 0, 10, 173, 0, 0, 8390.23, 3, 0, 0, 0.21, 876, 184, 7739.84, 21479, 19814
1695279410, 0, 10, 173, 0, 0, 8390.23, 3, 0, 0, 0.30, 877, 184, 7739.84, 21479, 19814
1695279415, 0, 10, 173, 0, 0, 8390.23, 3, 0, 0, 0.20, 878, 184, 7739.84, 21479, 19814
1695279422, 0, 10, 173, 0, 0, 8390.23, 3, 0, 0, 0.14, 879, 184, 7739.84, 21479, 19814
1695279427, 0, 10, 173, 0, 0, 8390.23, 3, 0, 0, 0.21, 880, 184, 7739.84, 21479, 19814
1695279433, 0, 10, 174, 0, 0, 8390.23, 3, 0, 0, 0.16, 881, 184, 7739.84, 21479, 19814
1695279439, 0, 10, 174, 0, 0, 8390.23, 3, 0, 0, 0.16, 882, 184, 7739.84, 21479, 19814
1695279444, 0, 10, 175, 0, 0, 8390.23, 3, 0, 0, 0.21, 883, 184, 7739.84, 21479, 19814
1695279449, 0, 10, 175, 0, 0, 8390.23, 3, 0, 0, 0.21, 884, 184, 7739.84, 21479, 19814
1695279453, 0, 10, 175, 0, 0, 8390.23, 3, 0, 0, 0.20, 885, 184, 7739.84, 21479, 19814
1695279458, 0, 10, 175, 0, 0, 8390.23, 3, 0, 0, 0.21, 886, 184, 7739.84, 21479, 19814
1695279462, 0, 10, 175, 0, 0, 8390.23, 3, 0, 0, 0.26, 887, 184, 7739.84, 21479, 19814
1695279467, 0, 10, 175, 0, 0, 8390.23, 3, 0, 0, 0.20, 888, 184, 7739.84, 21479, 19814
1695279472, 0, 10, 175, 0, 0, 8390.23, 3, 0, 0, 0.19, 889, 184, 7739.84, 21479, 19814
1695279477, 0, 10, 175, 0, 0, 8390.23, 3, 0, 0, 0.21, 890, 184, 7739.84, 21479, 19814
1695279481, 0, 10, 175, 0, 0, 8390.23, 3, 0, 0, 0.22, 891, 184, 7739.84, 21479, 19814
1695279487, 0, 10, 175, 0, 0, 8390.23, 3, 0, 0, 0.18, 892, 184, 7739.84, 21479, 19814
1695279492, 0, 10, 175, 0, 0, 8390.23, 3, 0, 0, 0.20, 893, 184, 7739.84, 21479, 19814
1695279497, 0, 10, 175, 0, 0, 8390.23, 3, 0, 0, 0.19, 894, 184, 7739.84, 21479, 19814
1695279505, 0, 10, 175, 0, 0, 8390.23, 3, 0, 0, 0.13, 895, 184, 7739.84, 21479, 19814
1695279512, 0, 10, 175, 0, 0, 8390.23, 3, 0, 0, 0.13, 896, 184, 7739.84, 21479, 19814
1695279521, 0, 10, 175, 0, 0, 8390.23, 3, 0, 0, 0.12, 897, 184, 7739.84, 21479, 19814
1695279529, 0, 10, 175, 0, 0, 8390.23, 3, 0, 0, 0.12, 898, 184, 7739.84, 21479, 19814
1695279534, 0, 10, 175, 0, 0, 8390.23, 3, 0, 0, 0.21, 899, 184, 7739.84, 21479, 19814
1695279538, 0, 10, 175, 0, 0, 8390.23, 3, 0, 0, 0.23, 900, 184, 7739.84, 21479, 19814
1695279543, 0, 10, 175, 0, 0, 8390.23, 3, 0, 0, 0.19, 901, 184, 7739.84, 21479, 19814
1695279549, 0, 10, 175, 0, 0, 8390.23, 3, 0, 0, 0.17, 902, 184, 7739.84, 21479, 19814
1695279554, 0, 10, 175, 0, 0, 8390.23, 3, 0, 0, 0.21, 903, 184, 7739.84, 21479, 19814
1695279562, 0, 10, 175, 0, 0, 8390.23, 3, 0, 0, 0.13, 904, 184, 7739.84, 21479, 19814
1695279570, 0, 10, 175, 0, 0, 8390.23, 3, 0, 0, 0.12, 905, 184, 7739.84, 21479, 19814
1695279576, 0, 10, 175, 0, 0, 8390.23, 3, 0, 0, 0.17, 906, 184, 7739.84, 21479, 19814
1695279583, 0, 10, 175, 0, 0, 8390.23, 3, 0, 0, 0.14, 907, 184, 7739.84, 21479, 19814
1695279589, 0, 10, 175, 0, 0, 8390.23, 3, 0, 0, 0.16, 908, 184, 7739.84, 21479, 19814
1695279594, 0, 10, 175, 0, 0, 8390.23, 3, 0, 0, 0.21, 909, 184, 7739.84, 21479, 19814
1695279598, 0, 10, 175, 0, 0, 8390.23, 3, 0, 0, 0.21, 910, 184, 7739.84, 21479, 19814
1695279605, 0, 10, 175, 0, 0, 8390.23, 3, 0, 0, 0.15, 911, 184, 7739.84, 21479, 19814
1695279612, 0, 10, 175, 0, 0, 8390.23, 3, 0, 0, 0.15, 912, 184, 7739.84, 21479, 19814
1695279617, 0, 10, 175, 0, 0, 8390.23, 3, 0, 0, 0.22, 913, 184, 7739.84, 21479, 19814
1695279623, 0, 10, 175, 0, 0, 8390.23, 3, 0, 0, 0.16, 914, 184, 7739.84, 21479, 19814
1695279629, 0, 10, 175, 0, 0, 8390.23, 3, 0, 0, 0.17, 915, 184, 7739.84, 21479, 19814
1695279634, 0, 10, 175, 0, 0, 8390.23, 3, 0, 0, 0.18, 916, 184, 7739.84, 21479, 19814
1695279640, 0, 10, 175, 0, 0, 8390.23, 3, 0, 0, 0.17, 917, 184, 7739.84, 21479, 19814
1695279647, 0, 10, 175, 0, 0, 8390.23, 3, 0, 0, 0.14, 918, 184, 7739.84, 21479, 19814
1695279653, 0, 10, 175, 0, 0, 8390.23, 3, 0, 0, 0.17, 919, 184, 7739.84, 21479, 19814
1695279658, 0, 10, 175, 0, 0, 8390.23, 3, 0, 0, 0.20, 920, 184, 7739.84, 21479, 19814
1695279663, 0, 10, 175, 0, 0, 8390.23, 3, 0, 0, 0.18, 921, 184, 7739.84, 21479, 19814
1695279669, 0, 10, 175, 0, 0, 8390.23, 3, 0, 0, 0.17, 922, 184, 7739.84, 21479, 19814
1695279678, 0, 10, 175, 0, 0, 8390.23, 3, 0, 0, 0.12, 923, 184, 7739.84, 21479, 19814
1695279686, 0, 10, 175, 0, 0, 8390.23, 3, 0, 0, 0.12, 924, 184, 7739.84, 21479, 19814
1695279693, 0, 10, 175, 0, 0, 8390.23, 3, 0, 0, 0.14, 925, 184, 7739.84, 21479, 19814
1695279699, 0, 10, 175, 0, 0, 8390.23, 3, 0, 0, 0.17, 926, 184, 7739.84, 21479, 19814
1695279705, 0, 10, 175, 0, 0, 8390.23, 3, 0, 0, 0.18, 927, 184, 7739.84, 21479, 19814
1695279711, 0, 10, 175, 0, 0, 8390.23, 3, 0, 0, 0.17, 928, 184, 7739.84, 21479, 19814
1695279717, 0, 10, 175, 0, 0, 8390.23, 3, 0, 0, 0.17, 929, 184, 7739.84, 21479, 19814
1695279723, 0, 10, 175, 0, 0, 8390.23, 3, 0, 0, 0.17, 930, 184, 7739.84, 21479, 19814
1695279728, 0, 10, 175, 0, 0, 8390.23, 3, 0, 0, 0.19, 931, 184, 7739.84, 21479, 19814
1695279736, 0, 10, 175, 0, 0, 8390.23, 3, 0, 0, 0.12, 932, 184, 7739.84, 21479, 19814
1695279741, 0, 10, 175, 0, 0, 8390.23, 3, 0, 0, 0.18, 933, 184, 7739.84, 21479, 19814
1695279747, 0, 10, 175, 0, 0, 8390.23, 3, 0, 0, 0.16, 934, 184, 7739.84, 21479, 19814
1695279754, 0, 10, 175, 0, 0, 8390.23, 3, 0, 0, 0.16, 935, 184, 7739.84, 21479, 19814
1695279759, 0, 10, 175, 0, 0, 8390.23, 3, 0, 0, 0.18, 936, 184, 7739.84, 21479, 19814
1695279765, 0, 10, 175, 0, 0, 8390.23, 3, 0, 0, 0.17, 937, 184, 7739.84, 21479, 19814
1695279771, 0, 10, 175, 0, 0, 8390.23, 3, 0, 0, 0.17, 938, 184, 7739.84, 21479, 19814
1695279776, 0, 10, 175, 0, 0, 8390.23, 3, 0, 0, 0.20, 939, 184, 7739.84, 21479, 19814
1695279782, 0, 10, 175, 0, 0, 8390.23, 3, 0, 0, 0.17, 940, 184, 7739.84, 21479, 19814
1695279789, 0, 10, 175, 0, 0, 8390.23, 3, 0, 0, 0.15, 941, 184, 7739.84, 21479, 19814
1695279795, 0, 10, 175, 0, 0, 8390.23, 3, 0, 0, 0.16, 942, 184, 7739.84, 21479, 19814
1695279800, 0, 10, 175, 0, 0, 8390.23, 3, 0, 0, 0.21, 943, 184, 7739.84, 21479, 19814
1695279806, 0, 10, 175, 0, 0, 8390.23, 3, 0, 0, 0.16, 944, 184, 7739.84, 21479, 19814
1695279813, 0, 10, 175, 0, 0, 8390.23, 3, 0, 0, 0.15, 945, 184, 7739.84, 21479, 19814
1695279819, 0, 10, 175, 0, 0, 8390.23, 3, 0, 0, 0.16, 946, 184, 7739.84, 21479, 19814
1695279825, 0, 10, 175, 0, 0, 8390.23, 3, 0, 0, 0.15, 947, 184, 7739.84, 21479, 19814
1695279832, 0, 10, 176, 0, 0, 8390.23, 3, 0, 0, 0.15, 948, 184, 7739.84, 21479, 19814
1695279838, 0, 10, 176, 0, 0, 8390.23, 3, 0, 0, 0.17, 949, 184, 7739.84, 21479, 19814
1695279842, 0, 10, 176, 0, 0, 8390.23, 3, 0, 0, 0.22, 950, 184, 7739.84, 21479, 19814
1695279848, 0, 10, 176, 0, 0, 8390.23, 3, 0, 0, 0.17, 951, 184, 7739.84, 21479, 19814
1695279854, 0, 10, 176, 0, 0, 8390.23, 3, 0, 0, 0.18, 952, 184, 7739.84, 21479, 19814
1695279856, 0, 10, 176, 0, 0, 8390.23, 3, 0, 0, 0.38, 952, 185, 7739.84, 21479, 19814
1695279862, 0, 10, 177, 0, 0, 8390.23, 3, 0, 0, 0.20, 953, 185, 7739.84, 21479, 19814
1695279867, 0, 10, 177, 0, 0, 8390.23, 3, 0, 0, 0.17, 954, 185, 7739.84, 21479, 19814
1695279873, 0, 10, 177, 0, 0, 8390.23, 3, 0, 0, 0.18, 955, 185, 7739.84, 21479, 19814
1695279879, 0, 10, 178, 0, 0, 8390.23, 3, 0, 0, 0.18, 956, 185, 7739.84, 21479, 19814
1695279884, 0, 10, 178, 0, 0, 8390.23, 3, 0, 0, 0.18, 957, 185, 7739.84, 21479, 19814
1695279891, 0, 10, 178, 0, 0, 8390.23, 3, 0, 0, 0.15, 958, 185, 7739.84, 21479, 19814
1695279896, 0, 10, 178, 0, 0, 8390.23, 3, 0, 0, 0.21, 959, 185, 7739.84, 21479, 19814
1695279901, 0, 10, 178, 0, 0, 8390.23, 3, 0, 0, 0.20, 960, 185, 7739.84, 21479, 19814
1695279907, 0, 10, 179, 0, 0, 8390.23, 3, 0, 0, 0.16, 961, 185, 7739.84, 21479, 19814
1695279913, 0, 10, 180, 0, 0, 8390.23, 3, 0, 0, 0.17, 962, 185, 7739.84, 21479, 19814
1695279919, 0, 10, 180, 0, 0, 8390.23, 3, 0, 0, 0.17, 963, 185, 7739.84, 21479, 19814
1695279925, 0, 10, 180, 0, 0, 8390.23, 3, 0, 0, 0.16, 964, 185, 7739.84, 21479, 19814
1695279934, 0, 10, 180, 0, 0, 8390.23, 3, 0, 0, 0.11, 965, 185, 7739.84, 21479, 19814
1695279940, 0, 10, 180, 0, 0, 8390.23, 3, 0, 0, 0.15, 966, 185, 7739.84, 21479, 19814
1695279946, 0, 10, 180, 0, 0, 8390.23, 3, 0, 0, 0.17, 967, 185, 7739.84, 21479, 19814
1695279953, 0, 10, 180, 0, 0, 8390.23, 3, 0, 0, 0.16, 968, 185, 7739.84, 21479, 19814
1695279959, 0, 10, 180, 0, 0, 8390.23, 3, 0, 0, 0.15, 969, 185, 7739.84, 21479, 19814
1695279965, 0, 10, 180, 0, 0, 8390.23, 3, 0, 0, 0.18, 970, 185, 7739.84, 21479, 19814
1695279970, 0, 10, 180, 0, 0, 8390.23, 3, 0, 0, 0.18, 971, 185, 7739.84, 21479, 19814
1695279976, 0, 10, 180, 0, 0, 8390.23, 3, 0, 0, 0.17, 972, 185, 7739.84, 21479, 19814
1695279982, 0, 10, 180, 0, 0, 8390.23, 3, 0, 0, 0.17, 973, 185, 7739.84, 21479, 19814
1695279988, 0, 10, 180, 0, 0, 8390.23, 3, 0, 0, 0.19, 974, 185, 7739.84, 21479, 19814
1695279993, 0, 10, 180, 0, 0, 8390.23, 3, 0, 0, 0.19, 975, 185, 7739.84, 21479, 19814
1695279999, 0, 10, 180, 0, 0, 8390.23, 3, 0, 0, 0.17, 976, 185, 7739.84, 21479, 19814
1695280004, 0, 10, 180, 0, 0, 8390.23, 3, 0, 0, 0.19, 977, 185, 7739.84, 21479, 19814
1695280010, 0, 10, 180, 0, 0, 8390.23, 3, 0, 0, 0.17, 978, 185, 7739.84, 21479, 19814
1695280015, 0, 10, 180, 0, 0, 8390.23, 3, 0, 0, 0.20, 979, 185, 7739.84, 21479, 19814
1695280023, 0, 10, 180, 0, 0, 8390.23, 3, 0, 0, 0.12, 980, 185, 7739.84, 21479, 19814
1695280033, 0, 10, 181, 0, 0, 8390.23, 3, 0, 0, 0.11, 981, 185, 7739.84, 21479, 19814
1695280040, 0, 10, 181, 0, 0, 8390.23, 3, 0, 0, 0.13, 982, 185, 7739.84, 21479, 19814
1695280048, 0, 10, 181, 0, 0, 8390.23, 3, 0, 0, 0.13, 983, 185, 7739.84, 21479, 19814
1695280056, 0, 10, 181, 0, 0, 8390.23, 3, 0, 0, 0.12, 984, 185, 7739.84, 21479, 19814
1695280066, 0, 10, 181, 0, 0, 8390.23, 3, 0, 0, 0.11, 985, 185, 7739.84, 21479, 19814
1695280071, 0, 10, 181, 0, 0, 8390.23, 3, 0, 0, 0.17, 986, 185, 7739.84, 21479, 19814
1695280077, 0, 10, 181, 0, 0, 8390.23, 3, 0, 0, 0.19, 987, 185, 7739.84, 21479, 19814
1695280082, 0, 10, 181, 0, 0, 8390.23, 3, 0, 0, 0.18, 988, 185, 7739.84, 21479, 19814
1695280082, 0, 10, 181, 0, 0, 8390.23, 3, 0, 0, 0.00, 988, 185, 7739.84, 21479, 19814
