# unix_time, cycles_done, cur_path, paths_total, pending_total, pending_favs, map_size, unique_crashes, unique_hangs, max_depth, execs_per_sec, valid_inputs, invalid_inputs, valid_cov, all_covered_probes, valid_covered_probes
1695429053, 0, 0, 0, 0, 0, 0.00, 1, 0, 0, 0.05, 0, 1, 0.00, 0, 0
1695429053, 0, 0, 1, 0, 0, 3084.38, 1, 0, 0, 3.10, 1, 1, 3084.38, 7896, 7896
1695429053, 0, 0, 3, 0, 0, 8237.11, 1, 0, 0, 6.35, 2, 2, 8151.56, 21087, 20868
1695429068, 0, 0, 8, 0, 0, 20141.41, 1, 0, 0, 0.35, 6, 3, 20102.73, 51562, 51463
1695429068, 0, 0, 11, 0, 0, 20524.22, 1, 0, 0, 15.06, 8, 6, 20105.47, 52542, 51470
1695429082, 0, 0, 20, 0, 0, 20753.91, 1, 0, 0, 1.18, 15, 15, 20247.66, 53130, 51834
1695429095, 0, 0, 21, 0, 0, 20962.50, 1, 0, 0, 0.16, 16, 16, 20457.81, 53664, 52372
1695429095, 0, 0, 21, 0, 0, 20962.50, 1, 0, 0, 18.63, 17, 21, 20457.81, 53664, 52372
1695429107, 0, 0, 23, 0, 0, 20976.17, 1, 0, 0, 1.78, 33, 26, 20471.48, 53699, 52407
1695429125, 0, 0, 24, 0, 0, 21360.16, 1, 0, 0, 0.22, 36, 27, 20869.14, 54682, 53425
1695429137, 0, 0, 25, 0, 0, 21361.72, 1, 0, 0, 0.24, 38, 28, 20870.70, 54686, 53429
1695429152, 0, 0, 26, 0, 0, 21399.61, 1, 0, 0, 0.07, 39, 28, 20908.59, 54783, 53526
1695429168, 0, 0, 27, 0, 0, 21400.39, 1, 0, 0, 0.12, 41, 28, 20909.38, 54785, 53528
1695429180, 0, 0, 28, 0, 0, 21408.20, 1, 0, 0, 0.35, 43, 30, 20922.66, 54805, 53562
1695429197, 0, 0, 29, 0, 0, 21411.33, 1, 0, 0, 1.28, 55, 40, 20925.78, 54813, 53570
1695429208, 0, 0, 30, 0, 0, 21417.97, 1, 0, 0, 0.18, 57, 40, 20932.42, 54830, 53587
1695429220, 0, 0, 31, 0, 0, 21429.69, 1, 0, 0, 0.25, 58, 42, 20944.14, 54860, 53617
1695429232, 0, 0, 32, 0, 0, 21431.25, 1, 0, 0, 2.21, 72, 54, 20945.70, 54864, 53621
1695429247, 0, 0, 33, 0, 0, 21431.64, 1, 0, 0, 0.51, 78, 56, 20946.09, 54865, 53622
1695429260, 0, 0, 34, 0, 0, 21570.70, 1, 0, 0, 0.38, 80, 59, 21085.16, 55221, 53978
1695429275, 0, 0, 35, 0, 0, 21639.84, 1, 0, 0, 0.50, 84, 62, 21154.69, 55398, 54156
1695429288, 0, 0, 35, 0, 0, 21639.84, 1, 0, 0, 0.08, 85, 62, 21154.69, 55398, 54156
1695429311, 0, 0, 36, 0, 0, 21641.80, 1, 0, 0, 0.76, 95, 70, 21156.64, 55403, 54161
1695429323, 0, 0, 38, 0, 0, 21642.58, 2, 0, 0, 1.40, 106, 75, 21156.64, 55405, 54161
1695429335, 0, 0, 38, 0, 0, 21642.58, 2, 0, 0, 0.33, 108, 77, 21156.64, 55405, 54161
1695429370, 0, 0, 38, 0, 0, 21642.58, 2, 0, 0, 0.09, 109, 79, 21156.64, 55405, 54161
1695429383, 0, 0, 38, 0, 0, 21642.58, 2, 0, 0, 0.75, 113, 85, 21156.64, 55405, 54161
1695429397, 0, 0, 38, 0, 0, 21642.58, 2, 0, 0, 0.22, 115, 86, 21156.64, 55405, 54161
1695429418, 0, 0, 39, 0, 0, 21642.97, 2, 0, 0, 0.18, 117, 88, 21157.03, 55406, 54162
1695429431, 0, 0, 40, 0, 0, 21644.92, 2, 0, 0, 0.54, 121, 91, 21158.98, 55411, 54167
1695429431, 0, 0, 40, 0, 0, 21644.92, 2, 0, 0, 69.08, 131, 102, 21158.98, 55411, 54167
1695429445, 0, 0, 41, 0, 0, 21645.70, 2, 0, 0, 0.68, 138, 104, 21159.77, 55413, 54169
1695429445, 0, 0, 41, 0, 0, 21645.70, 2, 0, 0, 23.19, 144, 106, 21159.77, 55413, 54169
1695429458, 0, 0, 41, 0, 0, 21645.70, 2, 0, 0, 0.23, 147, 106, 21159.77, 55413, 54169
1695429474, 0, 0, 41, 0, 0, 21645.70, 2, 0, 0, 0.50, 152, 109, 21159.77, 55413, 54169
1695429490, 0, 0, 41, 0, 0, 21645.70, 2, 0, 0, 0.26, 155, 110, 21159.77, 55413, 54169
1695429502, 0, 0, 42, 0, 0, 21646.09, 2, 0, 0, 0.08, 156, 110, 21160.16, 55414, 54170
1695429515, 0, 0, 43, 0, 0, 21646.48, 2, 0, 0, 0.08, 157, 110, 21160.55, 55415, 54171
1695429527, 0, 0, 44, 0, 0, 21658.59, 2, 0, 0, 1.73, 167, 121, 21172.66, 55446, 54202
1695429539, 0, 0, 45, 0, 0, 21660.94, 2, 0, 0, 0.49, 172, 122, 21175.00, 55452, 54208
1695429539, 0, 0, 45, 0, 0, 21660.94, 2, 0, 0, 70.06, 185, 131, 21175.00, 55452, 54208
1695429552, 0, 0, 45, 0, 0, 21660.94, 2, 0, 0, 1.29, 195, 138, 21175.00, 55452, 54208
1695429564, 0, 0, 45, 0, 0, 21660.94, 2, 0, 0, 0.09, 196, 138, 21175.00, 55452, 54208
1695429578, 0, 0, 46, 0, 0, 21662.11, 2, 0, 0, 0.29, 199, 139, 21176.17, 55455, 54211
1695429589, 0, 0, 46, 0, 0, 21662.11, 2, 0, 0, 1.46, 206, 149, 21176.17, 55455, 54211
1695429601, 0, 0, 46, 0, 0, 21662.11, 2, 0, 0, 0.33, 210, 149, 21176.17, 55455, 54211
1695429614, 0, 0, 46, 0, 0, 21662.11, 3, 0, 0, 0.73, 215, 153, 21176.17, 55455, 54211
1695429639, 0, 0, 47, 0, 0, 21681.25, 3, 0, 0, 0.65, 227, 157, 21195.31, 55504, 54260
1695429658, 0, 0, 48, 0, 0, 21682.81, 3, 0, 0, 0.36, 230, 161, 21196.88, 55508, 54264
1695429681, 0, 0, 48, 0, 0, 21682.81, 3, 0, 0, 0.17, 232, 163, 21196.88, 55508, 54264
1695429701, 0, 0, 48, 0, 0, 21682.81, 3, 0, 0, 0.10, 234, 163, 21196.88, 55508, 54264
1695429716, 0, 0, 48, 0, 0, 21682.81, 3, 0, 0, 0.34, 238, 164, 21196.88, 55508, 54264
1695429738, 0, 0, 48, 0, 0, 21682.81, 3, 0, 0, 0.22, 240, 167, 21196.88, 55508, 54264
1695429751, 0, 0, 48, 0, 0, 21682.81, 3, 0, 0, 0.44, 243, 170, 21196.88, 55508, 54264
1695429765, 0, 0, 48, 0, 0, 21682.81, 3, 0, 0, 0.60, 248, 173, 21196.88, 55508, 54264
1695429779, 0, 0, 49, 0, 0, 21691.41, 3, 0, 0, 0.43, 254, 173, 21205.47, 55530, 54286
1695429792, 0, 0, 50, 0, 0, 21691.80, 3, 0, 0, 0.80, 263, 175, 21205.86, 55531, 54287
1695429793, 0, 0, 50, 0, 0, 21691.80, 3, 0, 0, 8.80, 265, 176, 21205.86, 55531, 54287
1695429805, 0, 0, 50, 0, 0, 21691.80, 3, 0, 0, 0.49, 270, 177, 21205.86, 55531, 54287
1695429817, 0, 0, 50, 0, 0, 21691.80, 3, 0, 0, 0.57, 276, 178, 21205.86, 55531, 54287
1695429832, 0, 0, 51, 0, 0, 21692.97, 3, 0, 0, 0.46, 280, 181, 21207.03, 55534, 54290
1695429846, 0, 0, 52, 0, 0, 21696.09, 3, 0, 0, 0.68, 285, 185, 21210.16, 55542, 54298
1695429883, 0, 0, 53, 0, 0, 21696.48, 3, 0, 0, 0.13, 287, 188, 21210.55, 55543, 54299
1695429900, 0, 0, 53, 0, 0, 21696.48, 3, 0, 0, 0.35, 292, 189, 21210.55, 55543, 54299
1695429915, 0, 0, 53, 0, 0, 21696.48, 3, 0, 0, 1.30, 304, 196, 21210.55, 55543, 54299
1695429915, 0, 0, 53, 0, 0, 21696.48, 3, 0, 0, 57.51, 315, 203, 21210.55, 55543, 54299
1695429929, 0, 0, 53, 0, 0, 21696.48, 3, 0, 0, 0.59, 320, 206, 21210.55, 55543, 54299
1695429929, 0, 0, 53, 0, 0, 21696.48, 3, 0, 0, 37.57, 328, 211, 21210.55, 55543, 54299
1695429942, 0, 0, 53, 0, 0, 21696.48, 3, 0, 0, 1.13, 335, 219, 21210.55, 55543, 54299
1695429959, 0, 0, 53, 0, 0, 21696.48, 3, 0, 0, 0.18, 336, 221, 21210.55, 55543, 54299
1695429972, 0, 0, 53, 0, 0, 21696.48, 3, 0, 0, 0.49, 340, 223, 21210.55, 55543, 54299
1695429972, 0, 0, 53, 0, 0, 21696.48, 3, 0, 0, 59.41, 352, 229, 21210.55, 55543, 54299
1695429985, 0, 0, 53, 0, 0, 21696.48, 3, 0, 0, 2.04, 367, 240, 21210.55, 55543, 54299
1695430001, 0, 0, 53, 0, 0, 21696.48, 3, 0, 0, 0.54, 370, 246, 21210.55, 55543, 54299
1695430017, 0, 0, 53, 0, 0, 21696.48, 3, 0, 0, 0.19, 373, 246, 21210.55, 55543, 54299
1695430030, 0, 0, 53, 0, 0, 21696.48, 3, 0, 0, 0.07, 374, 246, 21210.55, 55543, 54299
1695430043, 0, 0, 53, 0, 0, 21696.48, 3, 0, 0, 0.39, 378, 247, 21210.55, 55543, 54299
1695430057, 0, 0, 53, 0, 0, 21696.48, 3, 0, 0, 0.37, 381, 249, 21210.55, 55543, 54299
1695430085, 0, 0, 53, 0, 0, 21696.48, 3, 0, 0, 0.04, 382, 249, 21210.55, 55543, 54299
1695430099, 0, 0, 53, 0, 0, 21696.48, 3, 0, 0, 0.58, 389, 250, 21210.55, 55543, 54299
1695430112, 0, 0, 54, 0, 0, 21697.27, 3, 0, 0, 0.46, 393, 252, 21211.33, 55545, 54301
1695430148, 0, 0, 55, 0, 0, 21698.83, 3, 0, 0, 0.03, 394, 252, 21212.89, 55549, 54305
1695430161, 0, 0, 55, 0, 0, 21698.83, 3, 0, 0, 0.08, 395, 252, 21212.89, 55549, 54305
1695430175, 0, 0, 55, 0, 0, 21698.83, 3, 0, 0, 0.82, 402, 257, 21212.89, 55549, 54305
1695430189, 0, 0, 55, 0, 0, 21698.83, 3, 0, 0, 0.29, 404, 259, 21212.89, 55549, 54305
1695430202, 0, 0, 55, 0, 0, 21698.83, 4, 0, 0, 0.63, 408, 263, 21212.89, 55549, 54305
1695430219, 0, 0, 56, 0, 0, 21699.22, 4, 0, 0, 0.18, 410, 264, 21213.28, 55550, 54306
1695430242, 0, 0, 56, 0, 0, 21699.22, 4, 0, 0, 0.04, 411, 264, 21213.28, 55550, 54306
1695430242, 0, 0, 56, 0, 0, 21699.22, 4, 0, 0, 23.20, 418, 266, 21213.28, 55550, 54306
1695430260, 0, 0, 57, 0, 0, 21705.08, 4, 0, 0, 0.11, 419, 267, 21219.14, 55565, 54321
1695430276, 0, 0, 57, 0, 0, 21705.08, 4, 0, 0, 0.36, 421, 271, 21219.14, 55565, 54321
1695430289, 0, 0, 57, 0, 0, 21705.08, 4, 0, 0, 0.32, 424, 272, 21219.14, 55565, 54321
1695430302, 0, 0, 57, 0, 0, 21705.08, 4, 0, 0, 0.08, 425, 272, 21219.14, 55565, 54321
1695430302, 0, 0, 57, 0, 0, 21705.08, 4, 0, 0, 45.85, 435, 278, 21219.14, 55565, 54321
1695430303, 0, 0, 57, 0, 0, 21705.08, 4, 0, 0, 33.22, 441, 282, 21219.14, 55565, 54321
1695430316, 0, 0, 57, 0, 0, 21705.08, 4, 0, 0, 0.07, 442, 282, 21219.14, 55565, 54321
1695430330, 0, 0, 57, 0, 0, 21705.08, 4, 0, 0, 0.15, 444, 282, 21219.14, 55565, 54321
1695430343, 0, 0, 57, 0, 0, 21705.08, 4, 0, 0, 0.38, 447, 284, 21219.14, 55565, 54321
1695430343, 0, 0, 57, 0, 0, 21705.08, 4, 0, 0, 37.74, 453, 292, 21219.14, 55565, 54321
1695430361, 0, 0, 57, 0, 0, 21705.08, 4, 0, 0, 0.23, 456, 293, 21219.14, 55565, 54321
1695430361, 0, 0, 57, 0, 0, 21705.08, 4, 0, 0, 45.31, 467, 296, 21219.14, 55565, 54321
1695430373, 0, 0, 57, 0, 0, 21705.08, 4, 0, 0, 0.48, 470, 299, 21219.14, 55565, 54321
1695430389, 0, 0, 57, 0, 0, 21705.08, 4, 0, 0, 0.93, 478, 306, 21219.14, 55565, 54321
1695430390, 0, 0, 57, 0, 0, 21705.08, 4, 0, 0, 38.01, 487, 310, 21219.14, 55565, 54321
1695430403, 0, 0, 57, 0, 0, 21705.08, 4, 0, 0, 1.52, 499, 318, 21219.14, 55565, 54321
1695430416, 0, 0, 57, 0, 0, 21705.08, 4, 0, 0, 0.36, 503, 319, 21219.14, 55565, 54321
1695430432, 0, 0, 57, 0, 0, 21705.08, 4, 0, 0, 0.13, 505, 319, 21219.14, 55565, 54321
1695430447, 0, 0, 58, 0, 0, 21712.89, 4, 0, 0, 0.27, 508, 320, 21226.95, 55585, 54341
1695430460, 0, 0, 58, 0, 0, 21712.89, 4, 0, 0, 0.39, 511, 322, 21226.95, 55585, 54341
1695430460, 0, 0, 58, 0, 0, 21712.89, 4, 0, 0, 47.17, 519, 329, 21226.95, 55585, 54341
1695430482, 0, 0, 59, 0, 0, 21713.28, 4, 0, 0, 0.09, 520, 330, 21227.34, 55586, 54342
1695430483, 0, 0, 59, 0, 0, 21713.28, 4, 0, 0, 7.69, 521, 332, 21227.34, 55586, 54342
1695430496, 0, 0, 59, 0, 0, 21713.28, 4, 0, 0, 0.16, 523, 332, 21227.34, 55586, 54342
1695430509, 0, 0, 59, 0, 0, 21713.28, 4, 0, 0, 0.15, 525, 332, 21227.34, 55586, 54342
1695430522, 0, 0, 59, 0, 0, 21713.28, 4, 0, 0, 0.59, 533, 332, 21227.34, 55586, 54342
1695430538, 0, 0, 59, 0, 0, 21713.28, 4, 0, 0, 0.13, 535, 332, 21227.34, 55586, 54342
1695430551, 0, 0, 59, 0, 0, 21713.28, 4, 0, 0, 0.68, 540, 336, 21227.34, 55586, 54342
1695430551, 0, 0, 59, 0, 0, 21713.28, 4, 0, 0, 39.87, 546, 342, 21227.34, 55586, 54342
1695430564, 0, 0, 59, 0, 0, 21713.28, 4, 0, 0, 0.16, 548, 342, 21227.34, 55586, 54342
1695430582, 0, 0, 59, 0, 0, 21713.28, 4, 0, 0, 0.05, 549, 342, 21227.34, 55586, 54342
1695430598, 0, 0, 59, 0, 0, 21713.28, 4, 0, 0, 0.12, 550, 343, 21227.34, 55586, 54342
1695430612, 0, 0, 59, 0, 0, 21713.28, 4, 0, 0, 0.14, 552, 343, 21227.34, 55586, 54342
1695430625, 0, 0, 59, 0, 0, 21713.28, 4, 0, 0, 0.73, 559, 345, 21227.34, 55586, 54342
1695430638, 0, 0, 59, 0, 0, 21713.28, 4, 0, 0, 0.61, 564, 348, 21227.34, 55586, 54342
1695430652, 0, 0, 60, 0, 0, 21714.45, 4, 0, 0, 0.07, 565, 348, 21228.52, 55589, 54345
1695430652, 0, 0, 60, 0, 0, 21714.45, 4, 0, 0, 12.46, 566, 351, 21228.52, 55589, 54345
1695430665, 0, 0, 60, 0, 0, 21714.45, 4, 0, 0, 0.08, 567, 351, 21228.52, 55589, 54345
1695430681, 0, 0, 61, 0, 0, 21714.84, 4, 0, 0, 0.56, 573, 354, 21228.91, 55590, 54346
1695430682, 0, 0, 61, 0, 0, 21714.84, 4, 0, 0, 28.92, 578, 361, 21228.91, 55590, 54346
1695430699, 0, 0, 61, 0, 0, 21714.84, 4, 0, 0, 0.34, 581, 364, 21228.91, 55590, 54346
1695430714, 0, 0, 61, 0, 0, 21714.84, 4, 0, 0, 0.07, 582, 364, 21228.91, 55590, 54346
1695430714, 0, 0, 61, 0, 0, 21714.84, 4, 0, 0, 16.29, 585, 366, 21228.91, 55590, 54346
1695430732, 0, 0, 61, 0, 0, 21714.84, 4, 0, 0, 0.29, 589, 367, 21228.91, 55590, 54346
1695430777, 0, 0, 62, 0, 0, 21715.23, 4, 0, 0, 0.11, 594, 367, 21229.30, 55591, 54347
1695430797, 0, 0, 63, 0, 0, 21716.41, 4, 0, 0, 0.30, 597, 370, 21230.47, 55594, 54350
1695430819, 0, 0, 63, 0, 0, 21716.41, 4, 0, 0, 0.05, 598, 370, 21230.47, 55594, 54350
1695430838, 0, 0, 63, 0, 0, 21716.41, 4, 0, 0, 0.26, 602, 371, 21230.47, 55594, 54350
1695430860, 0, 0, 63, 0, 0, 21716.41, 4, 0, 0, 0.18, 605, 372, 21230.47, 55594, 54350
1695430880, 0, 0, 63, 0, 0, 21716.41, 4, 0, 0, 0.10, 607, 372, 21230.47, 55594, 54350
1695430904, 0, 0, 63, 0, 0, 21716.41, 4, 0, 0, 0.21, 611, 373, 21230.47, 55594, 54350
1695430924, 0, 0, 63, 0, 0, 21716.41, 4, 0, 0, 0.10, 612, 374, 21230.47, 55594, 54350
1695430924, 0, 0, 63, 0, 0, 21716.41, 4, 0, 0, 5.81, 614, 374, 21230.47, 55594, 54350
1695430943, 0, 0, 63, 0, 0, 21716.41, 4, 0, 0, 0.37, 618, 377, 21230.47, 55594, 54350
1695430967, 0, 0, 63, 0, 0, 21716.41, 4, 0, 0, 0.21, 620, 380, 21230.47, 55594, 54350
1695430989, 0, 0, 63, 0, 0, 21716.41, 4, 0, 0, 0.22, 622, 383, 21230.47, 55594, 54350
1695430990, 0, 0, 63, 0, 0, 21716.41, 4, 0, 0, 16.61, 627, 383, 21230.47, 55594, 54350
1695430990, 0, 0, 63, 0, 0, 21716.41, 4, 0, 0, 19.23, 632, 384, 21230.47, 55594, 54350
1695431009, 0, 0, 63, 0, 0, 21716.41, 4, 0, 0, 0.10, 634, 384, 21230.47, 55594, 54350
1695431036, 0, 0, 63, 0, 0, 21716.41, 4, 0, 0, 0.11, 636, 385, 21230.47, 55594, 54350
1695431057, 0, 0, 63, 0, 0, 21716.41, 4, 0, 0, 0.05, 637, 385, 21230.47, 55594, 54350
1695431077, 0, 0, 63, 0, 0, 21716.41, 4, 0, 0, 0.36, 641, 388, 21230.47, 55594, 54350
1695431115, 0, 0, 63, 0, 0, 21716.41, 4, 0, 0, 0.05, 642, 389, 21230.47, 55594, 54350
1695431116, 0, 0, 63, 0, 0, 21716.41, 4, 0, 0, 14.66, 647, 389, 21230.47, 55594, 54350
1695431116, 0, 0, 63, 0, 0, 21716.41, 4, 0, 0, 17.86, 649, 393, 21230.47, 55594, 54350
1695431116, 0, 0, 63, 0, 0, 21716.41, 4, 0, 0, 9.09, 652, 394, 21230.47, 55594, 54350
1695431137, 0, 0, 63, 0, 0, 21716.41, 4, 0, 0, 0.05, 653, 394, 21230.47, 55594, 54350
1695431138, 0, 0, 63, 0, 0, 21716.41, 4, 0, 0, 22.84, 655, 401, 21230.47, 55594, 54350
1695431138, 0, 0, 63, 0, 0, 21716.41, 4, 0, 0, 21.21, 661, 402, 21230.47, 55594, 54350
1695431159, 0, 0, 63, 0, 0, 21716.41, 4, 0, 0, 0.15, 663, 403, 21230.47, 55594, 54350
1695431159, 0, 0, 63, 0, 0, 21716.41, 4, 0, 0, 18.58, 664, 408, 21230.47, 55594, 54350
1695431180, 0, 0, 63, 0, 0, 21716.41, 4, 0, 0, 0.09, 665, 409, 21230.47, 55594, 54350
1695431201, 0, 0, 63, 0, 0, 21716.41, 4, 0, 0, 0.15, 668, 409, 21230.47, 55594, 54350
1695431201, 0, 0, 63, 0, 0, 21716.41, 4, 0, 0, 9.32, 670, 410, 21230.47, 55594, 54350
1695431201, 0, 0, 63, 0, 0, 21716.41, 4, 0, 0, 16.04, 675, 411, 21230.47, 55594, 54350
1695431202, 0, 0, 63, 0, 0, 21716.41, 4, 0, 0, 21.60, 679, 414, 21230.47, 55594, 54350
1695431202, 0, 0, 63, 0, 0, 21716.41, 4, 0, 0, 11.34, 681, 417, 21230.47, 55594, 54350
1695431202, 0, 0, 63, 0, 0, 21716.41, 4, 0, 0, 16.90, 684, 420, 21230.47, 55594, 54350
1695431203, 0, 0, 63, 0, 0, 21716.41, 4, 0, 0, 22.73, 688, 423, 21230.47, 55594, 54350
1695431241, 0, 0, 63, 0, 0, 21716.41, 4, 0, 0, 0.03, 689, 423, 21230.47, 55594, 54350
1695431241, 0, 0, 63, 0, 0, 21716.41, 4, 0, 0, 22.08, 692, 427, 21230.47, 55594, 54350
1695431242, 0, 0, 63, 0, 0, 21716.41, 4, 0, 0, 16.02, 699, 427, 21230.47, 55594, 54350
1695431261, 0, 0, 63, 0, 0, 21716.41, 4, 0, 0, 0.10, 700, 428, 21230.47, 55594, 54350
1695431262, 0, 0, 63, 0, 0, 21716.41, 4, 0, 0, 11.94, 701, 431, 21230.47, 55594, 54350
1695431262, 0, 0, 63, 0, 0, 21716.41, 4, 0, 0, 9.62, 705, 431, 21230.47, 55594, 54350
1695431285, 0, 0, 63, 0, 0, 21716.41, 4, 0, 0, 0.09, 707, 431, 21230.47, 55594, 54350
1695431310, 0, 0, 63, 0, 0, 21716.41, 4, 0, 0, 0.04, 708, 431, 21230.47, 55594, 54350
1695431310, 0, 0, 63, 0, 0, 21716.41, 4, 0, 0, 15.97, 711, 433, 21230.47, 55594, 54350
1695431311, 0, 0, 63, 0, 0, 21716.41, 4, 0, 0, 14.71, 714, 435, 21230.47, 55594, 54350
1695431311, 0, 0, 63, 0, 0, 21716.41, 4, 0, 0, 22.88, 719, 437, 21230.47, 55594, 54350
1695431311, 0, 0, 63, 0, 0, 21716.41, 4, 0, 0, 13.25, 722, 438, 21230.47, 55594, 54350
1695431311, 0, 0, 63, 0, 0, 21716.41, 4, 0, 0, 9.55, 724, 439, 21230.47, 55594, 54350
1695431312, 0, 0, 63, 0, 0, 21716.41, 4, 0, 0, 9.97, 726, 440, 21230.47, 55594, 54350
1695431337, 0, 0, 63, 0, 0, 21716.41, 4, 0, 0, 0.04, 727, 440, 21230.47, 55594, 54350
1695431358, 0, 0, 63, 0, 0, 21716.41, 4, 0, 0, 0.19, 730, 441, 21230.47, 55594, 54350
1695431358, 0, 0, 63, 0, 0, 21716.41, 4, 0, 0, 11.66, 732, 443, 21230.47, 55594, 54350
1695431381, 0, 0, 63, 0, 0, 21716.41, 4, 0, 0, 0.04, 733, 443, 21230.47, 55594, 54350
1695431404, 0, 0, 63, 0, 0, 21716.41, 4, 0, 0, 0.04, 734, 443, 21230.47, 55594, 54350
1695431423, 0, 0, 63, 0, 0, 21716.41, 4, 0, 0, 0.21, 735, 446, 21230.47, 55594, 54350
1695431447, 0, 0, 63, 0, 0, 21716.41, 4, 0, 0, 0.09, 736, 447, 21230.47, 55594, 54350
1695431473, 0, 0, 63, 0, 0, 21716.41, 4, 0, 0, 0.04, 737, 447, 21230.47, 55594, 54350
1695431473, 0, 0, 63, 0, 0, 21716.41, 4, 0, 0, 12.94, 741, 447, 21230.47, 55594, 54350
1695431473, 0, 0, 63, 0, 0, 21716.41, 4, 0, 0, 20.00, 745, 449, 21230.47, 55594, 54350
1695431496, 0, 0, 63, 0, 0, 21716.41, 4, 0, 0, 0.04, 746, 449, 21230.47, 55594, 54350
1695431496, 0, 0, 63, 0, 0, 21716.41, 4, 0, 0, 8.43, 748, 450, 21230.47, 55594, 54350
1695431518, 0, 0, 63, 0, 0, 21716.41, 4, 0, 0, 0.05, 749, 450, 21230.47, 55594, 54350
1695431518, 0, 0, 63, 0, 0, 21716.41, 4, 0, 0, 16.23, 752, 452, 21230.47, 55594, 54350
1695431544, 0, 0, 63, 0, 0, 21716.41, 4, 0, 0, 0.08, 754, 452, 21230.47, 55594, 54350
1695431545, 0, 0, 63, 0, 0, 21716.41, 4, 0, 0, 13.12, 758, 453, 21230.47, 55594, 54350
1695431545, 0, 0, 63, 0, 0, 21716.41, 4, 0, 0, 9.35, 758, 456, 21230.47, 55594, 54350
1695431570, 0, 0, 63, 0, 0, 21716.41, 4, 0, 0, 0.08, 760, 456, 21230.47, 55594, 54350
1695431571, 0, 0, 63, 0, 0, 21716.41, 4, 0, 0, 12.35, 763, 458, 21230.47, 55594, 54350
1695431594, 0, 0, 63, 0, 0, 21716.41, 4, 0, 0, 0.04, 764, 458, 21230.47, 55594, 54350
1695431615, 0, 0, 63, 0, 0, 21716.41, 4, 0, 0, 0.05, 765, 458, 21230.47, 55594, 54350
1695431642, 0, 0, 63, 0, 0, 21716.41, 4, 0, 0, 0.08, 766, 459, 21230.47, 55594, 54350
1695431642, 0, 0, 63, 0, 0, 21716.41, 4, 0, 0, 11.49, 768, 462, 21230.47, 55594, 54350
1695431655, 0, 0, 63, 0, 0, 21716.41, 4, 0, 0, 0.15, 769, 463, 21230.47, 55594, 54350
1695431671, 0, 0, 63, 0, 0, 21716.41, 4, 0, 0, 0.20, 771, 464, 21230.47, 55594, 54350
1695431671, 0, 0, 63, 0, 0, 21716.41, 4, 0, 0, 29.70, 779, 465, 21230.47, 55594, 54350
1695431671, 0, 0, 63, 0, 0, 21716.41, 4, 0, 0, 26.63, 785, 468, 21230.47, 55594, 54350
1695431672, 0, 0, 63, 0, 0, 21716.41, 4, 0, 0, 26.14, 791, 470, 21230.47, 55594, 54350
1695431672, 0, 0, 63, 0, 0, 21716.41, 4, 0, 0, 16.39, 794, 472, 21230.47, 55594, 54350
1695431685, 0, 0, 63, 0, 0, 21716.41, 4, 0, 0, 0.37, 798, 473, 21230.47, 55594, 54350
1695431686, 0, 0, 63, 0, 0, 21716.41, 4, 0, 0, 35.03, 801, 481, 21230.47, 55594, 54350
1695431686, 0, 0, 63, 0, 0, 21716.41, 4, 0, 0, 36.70, 805, 489, 21230.47, 55594, 54350
1695431700, 0, 0, 63, 0, 0, 21716.41, 4, 0, 0, 0.34, 808, 491, 21230.47, 55594, 54350
1695431714, 0, 0, 63, 0, 0, 21716.41, 4, 0, 0, 0.36, 810, 494, 21230.47, 55594, 54350
1695431715, 0, 0, 63, 0, 0, 21716.41, 4, 0, 0, 21.28, 813, 498, 21230.47, 55594, 54350
1695431715, 0, 0, 63, 0, 0, 21716.41, 4, 0, 0, 21.28, 817, 501, 21230.47, 55594, 54350
1695431726, 0, 0, 63, 0, 0, 21716.41, 4, 0, 0, 0.09, 818, 501, 21230.47, 55594, 54350
1695431738, 0, 0, 63, 0, 0, 21716.41, 4, 0, 0, 0.71, 822, 505, 21230.47, 55594, 54350
1695431738, 0, 0, 63, 0, 0, 21716.41, 4, 0, 0, 26.47, 824, 512, 21230.47, 55594, 54350
1695431751, 0, 0, 64, 0, 0, 21716.80, 4, 0, 0, 0.16, 825, 513, 21230.86, 55595, 54351
1695431751, 0, 0, 64, 0, 0, 21716.80, 4, 0, 0, 34.27, 831, 518, 21230.86, 55595, 54351
1695431763, 0, 0, 64, 0, 0, 21716.80, 4, 0, 0, 0.08, 832, 518, 21230.86, 55595, 54351
1695431775, 0, 0, 64, 0, 0, 21716.80, 4, 0, 0, 0.09, 833, 518, 21230.86, 55595, 54351
1695431786, 0, 0, 64, 0, 0, 21716.80, 4, 0, 0, 0.18, 834, 519, 21230.86, 55595, 54351
1695431797, 0, 0, 64, 0, 0, 21716.80, 4, 0, 0, 0.09, 835, 519, 21230.86, 55595, 54351
1695431808, 0, 0, 64, 0, 0, 21716.80, 4, 0, 0, 0.54, 838, 522, 21230.86, 55595, 54351
1695431819, 0, 0, 64, 0, 0, 21716.80, 4, 0, 0, 0.18, 839, 523, 21230.86, 55595, 54351
1695431831, 0, 0, 64, 0, 0, 21716.80, 4, 0, 0, 0.60, 842, 527, 21230.86, 55595, 54351
1695431842, 0, 0, 64, 0, 0, 21716.80, 4, 0, 0, 0.09, 843, 527, 21230.86, 55595, 54351
1695431854, 0, 0, 64, 0, 0, 21716.80, 4, 0, 0, 0.49, 849, 527, 21230.86, 55595, 54351
1695431855, 0, 0, 64, 0, 0, 21716.80, 4, 0, 0, 17.80, 852, 530, 21230.86, 55595, 54351
1695431855, 0, 0, 64, 0, 0, 21716.80, 4, 0, 0, 29.90, 856, 535, 21230.86, 55595, 54351
1695431855, 0, 0, 64, 0, 0, 21716.80, 4, 0, 0, 12.16, 859, 536, 21230.86, 55595, 54351
1695431856, 0, 0, 64, 0, 0, 21716.80, 4, 0, 0, 22.16, 864, 539, 21230.86, 55595, 54351
1695431867, 0, 0, 64, 0, 0, 21716.80, 4, 0, 0, 0.09, 865, 539, 21230.86, 55595, 54351
1695431886, 0, 0, 65, 0, 0, 21717.19, 4, 0, 0, 0.16, 867, 540, 21231.25, 55596, 54352
1695431898, 0, 0, 65, 0, 0, 21717.19, 4, 0, 0, 0.09, 868, 540, 21231.25, 55596, 54352
1695431898, 0, 0, 65, 0, 0, 21717.19, 4, 0, 0, 24.52, 873, 544, 21231.25, 55596, 54352
1695431909, 0, 0, 65, 0, 0, 21717.19, 4, 0, 0, 0.44, 877, 545, 21231.25, 55596, 54352
1695431910, 0, 0, 65, 0, 0, 21717.19, 4, 0, 0, 33.00, 881, 551, 21231.25, 55596, 54352
1695431920, 0, 0, 65, 0, 0, 21717.19, 4, 0, 0, 0.55, 884, 554, 21231.25, 55596, 54352
1695431921, 0, 0, 65, 0, 0, 21717.19, 4, 0, 0, 25.32, 887, 559, 21231.25, 55596, 54352
1695431934, 0, 0, 65, 0, 0, 21717.19, 4, 0, 0, 0.07, 888, 559, 21231.25, 55596, 54352
1695431952, 0, 0, 65, 0, 0, 21717.19, 4, 0, 0, 0.58, 894, 563, 21231.25, 55596, 54352
1695431965, 0, 0, 66, 0, 0, 21717.58, 4, 0, 0, 0.31, 898, 563, 21231.64, 55597, 54353
1695431965, 0, 0, 66, 0, 0, 21717.58, 4, 0, 0, 22.51, 904, 564, 21231.64, 55597, 54353
1695431976, 0, 0, 66, 0, 0, 21717.58, 4, 0, 0, 0.36, 906, 566, 21231.64, 55597, 54353
1695431988, 0, 0, 66, 0, 0, 21717.58, 4, 0, 0, 0.34, 910, 566, 21231.64, 55597, 54353
1695432000, 0, 0, 66, 0, 0, 21717.58, 4, 0, 0, 0.09, 911, 566, 21231.64, 55597, 54353
1695432016, 0, 0, 66, 0, 0, 21717.58, 4, 0, 0, 0.18, 913, 567, 21231.64, 55597, 54353
1695432028, 0, 0, 66, 0, 0, 21717.58, 4, 0, 0, 0.42, 916, 569, 21231.64, 55597, 54353
1695432028, 0, 0, 66, 0, 0, 21717.58, 4, 0, 0, 17.96, 917, 574, 21231.64, 55597, 54353
1695432047, 0, 0, 66, 0, 0, 21717.58, 4, 0, 0, 0.27, 921, 575, 21231.64, 55597, 54353
1695432059, 0, 0, 66, 0, 0, 21717.58, 4, 0, 0, 0.35, 924, 576, 21231.64, 55597, 54353
1695432059, 0, 0, 66, 0, 0, 21717.58, 4, 0, 0, 22.65, 930, 577, 21231.64, 55597, 54353
1695432059, 0, 0, 66, 0, 0, 21717.58, 4, 0, 0, 25.32, 935, 580, 21231.64, 55597, 54353
1695432071, 0, 0, 66, 0, 0, 21717.58, 4, 0, 0, 0.50, 937, 584, 21231.64, 55597, 54353
1695432072, 0, 0, 66, 0, 0, 21717.58, 4, 0, 0, 9.46, 940, 584, 21231.64, 55597, 54353
1695432084, 0, 0, 66, 0, 0, 21717.58, 4, 0, 0, 0.16, 942, 584, 21231.64, 55597, 54353
1695432095, 0, 0, 66, 0, 0, 21717.58, 4, 0, 0, 0.09, 943, 584, 21231.64, 55597, 54353
1695432107, 0, 0, 66, 0, 0, 21717.58, 4, 0, 0, 0.08, 944, 584, 21231.64, 55597, 54353
1695432107, 0, 0, 66, 0, 0, 21717.58, 4, 0, 0, 19.74, 948, 586, 21231.64, 55597, 54353
1695432119, 0, 0, 66, 0, 0, 21717.58, 4, 0, 0, 0.78, 953, 590, 21231.64, 55597, 54353
1695432130, 0, 0, 66, 0, 0, 21717.58, 4, 0, 0, 0.18, 953, 592, 21231.64, 55597, 54353
1695432142, 0, 0, 66, 0, 0, 21717.58, 4, 0, 0, 0.17, 955, 592, 21231.64, 55597, 54353
1695432155, 0, 0, 66, 0, 0, 21717.58, 4, 0, 0, 0.38, 958, 594, 21231.64, 55597, 54353
1695432155, 0, 0, 66, 0, 0, 21717.58, 4, 0, 0, 12.90, 961, 595, 21231.64, 55597, 54353
1695432156, 0, 0, 66, 0, 0, 21717.58, 4, 0, 0, 10.23, 964, 596, 21231.64, 55597, 54353
1695432156, 0, 0, 66, 0, 0, 21717.58, 4, 0, 0, 24.24, 966, 602, 21231.64, 55597, 54353
1695432169, 0, 0, 66, 0, 0, 21717.58, 4, 0, 0, 0.08, 967, 602, 21231.64, 55597, 54353
1695432182, 0, 0, 66, 0, 0, 21717.58, 4, 0, 0, 0.15, 969, 602, 21231.64, 55597, 54353
1695432182, 0, 0, 66, 0, 0, 21717.58, 4, 0, 0, 18.75, 973, 604, 21231.64, 55597, 54353
1695432183, 0, 0, 66, 0, 0, 21717.58, 4, 0, 0, 15.19, 976, 607, 21231.64, 55597, 54353
1695432183, 0, 0, 66, 0, 0, 21717.58, 4, 0, 0, 19.05, 981, 608, 21231.64, 55597, 54353
1695432194, 0, 0, 66, 0, 0, 21717.58, 4, 0, 0, 0.44, 984, 610, 21231.64, 55597, 54353
1695432207, 0, 0, 66, 0, 0, 21717.58, 4, 0, 0, 0.47, 988, 612, 21231.64, 55597, 54353
1695432207, 0, 0, 66, 0, 0, 21717.58, 4, 0, 0, 13.25, 990, 614, 21231.64, 55597, 54353
1695432221, 0, 0, 66, 0, 0, 21717.58, 4, 0, 0, 0.37, 992, 617, 21231.64, 55597, 54353
1695432221, 0, 0, 66, 0, 0, 21717.58, 4, 0, 0, 15.38, 996, 619, 21231.64, 55597, 54353
1695432221, 0, 0, 66, 0, 0, 21717.58, 4, 0, 0, 19.67, 997, 624, 21231.64, 55597, 54353
1695432237, 0, 0, 66, 0, 0, 21717.58, 4, 0, 0, 0.06, 998, 624, 21231.64, 55597, 54353
1695432237, 0, 0, 66, 0, 0, 21717.58, 4, 0, 0, 6.37, 1000, 624, 21231.64, 55597, 54353
1695432282, 0, 0, 66, 0, 0, 21717.58, 4, 0, 0, 0.07, 1002, 625, 21231.64, 55597, 54353
1695432294, 0, 0, 66, 0, 0, 21717.58, 4, 0, 0, 0.08, 1003, 625, 21231.64, 55597, 54353
1695432295, 0, 0, 66, 0, 0, 21717.58, 4, 0, 0, 12.38, 1006, 626, 21231.64, 55597, 54353
1695432310, 0, 0, 66, 0, 0, 21717.58, 4, 0, 0, 0.20, 1008, 627, 21231.64, 55597, 54353
1695432310, 0, 0, 66, 0, 0, 21717.58, 4, 0, 0, 16.03, 1012, 628, 21231.64, 55597, 54353
1695432311, 0, 0, 66, 0, 0, 21717.58, 4, 0, 0, 14.49, 1016, 629, 21231.64, 55597, 54353
1695432323, 0, 0, 66, 0, 0, 21717.58, 4, 0, 0, 0.16, 1018, 629, 21231.64, 55597, 54353
1695432323, 0, 0, 66, 0, 0, 21717.58, 4, 0, 0, 8.80, 1020, 630, 21231.64, 55597, 54353
1695432323, 0, 0, 66, 0, 0, 21717.58, 4, 0, 0, 13.48, 1025, 630, 21231.64, 55597, 54353
1695432337, 0, 0, 66, 0, 0, 21717.58, 4, 0, 0, 0.15, 1027, 630, 21231.64, 55597, 54353
1695432338, 0, 0, 66, 0, 0, 21717.58, 4, 0, 0, 23.81, 1031, 634, 21231.64, 55597, 54353
1695432349, 0, 0, 66, 0, 0, 21717.58, 4, 0, 0, 0.34, 1034, 635, 21231.64, 55597, 54353
1695432370, 0, 0, 66, 0, 0, 21717.58, 4, 0, 0, 0.15, 1037, 635, 21231.64, 55597, 54353
1695432382, 0, 0, 66, 0, 0, 21717.58, 4, 0, 0, 0.08, 1038, 635, 21231.64, 55597, 54353
1695432382, 0, 0, 66, 0, 0, 21717.58, 4, 0, 0, 14.63, 1042, 637, 21231.64, 55597, 54353
1695432394, 0, 0, 66, 0, 0, 21717.58, 4, 0, 0, 0.60, 1046, 640, 21231.64, 55597, 54353
1695432394, 0, 0, 66, 0, 0, 21717.58, 4, 0, 0, 19.80, 1050, 644, 21231.64, 55597, 54353
1695432406, 0, 0, 66, 0, 0, 21717.58, 4, 0, 0, 0.08, 1051, 644, 21231.64, 55597, 54353
1695432420, 0, 0, 66, 0, 0, 21717.58, 4, 0, 0, 0.22, 1053, 645, 21231.64, 55597, 54353
1695432432, 0, 0, 66, 0, 0, 21717.58, 4, 0, 0, 0.40, 1057, 646, 21231.64, 55597, 54353
1695432468, 0, 0, 66, 0, 0, 21717.58, 4, 0, 0, 0.03, 1058, 646, 21231.64, 55597, 54353
1695432480, 0, 0, 67, 0, 0, 21718.36, 4, 0, 0, 0.16, 1060, 646, 21232.42, 55599, 54355
1695432492, 0, 0, 67, 0, 0, 21718.36, 4, 0, 0, 0.17, 1062, 646, 21232.42, 55599, 54355
1695432492, 0, 0, 67, 0, 0, 21718.36, 4, 0, 0, 20.96, 1066, 649, 21232.42, 55599, 54355
1695432493, 0, 0, 67, 0, 0, 21718.36, 4, 0, 0, 15.15, 1070, 650, 21232.42, 55599, 54355
1695432508, 0, 0, 67, 0, 0, 21718.36, 4, 0, 0, 0.13, 1072, 650, 21232.42, 55599, 54355
1695432519, 0, 0, 67, 0, 0, 21718.36, 4, 0, 0, 0.18, 1074, 650, 21232.42, 55599, 54355
1695432534, 0, 0, 67, 0, 0, 21718.36, 4, 0, 0, 0.34, 1078, 651, 21232.42, 55599, 54355
1695432535, 0, 0, 67, 0, 0, 21718.36, 4, 0, 0, 17.80, 1080, 655, 21232.42, 55599, 54355
1695432547, 0, 0, 67, 0, 0, 21718.36, 4, 0, 0, 0.32, 1083, 656, 21232.42, 55599, 54355
1695432547, 0, 0, 67, 0, 0, 21718.36, 4, 0, 0, 16.23, 1085, 659, 21232.42, 55599, 54355
1695432559, 0, 0, 67, 0, 0, 21718.36, 4, 0, 0, 0.17, 1087, 659, 21232.42, 55599, 54355
1695432571, 0, 0, 67, 0, 0, 21718.36, 4, 0, 0, 0.25, 1089, 660, 21232.42, 55599, 54355
1695432601, 0, 0, 67, 0, 0, 21718.36, 4, 0, 0, 0.03, 1090, 660, 21232.42, 55599, 54355
1695432614, 0, 0, 67, 0, 0, 21718.36, 4, 0, 0, 0.24, 1093, 660, 21232.42, 55599, 54355
1695432626, 0, 0, 67, 0, 0, 21718.36, 4, 0, 0, 0.08, 1094, 660, 21232.42, 55599, 54355
1695432626, 0, 0, 67, 0, 0, 21718.36, 4, 0, 0, 11.98, 1097, 661, 21232.42, 55599, 54355
1695432638, 0, 0, 67, 0, 0, 21718.36, 4, 0, 0, 0.33, 1101, 661, 21232.42, 55599, 54355
1695432638, 0, 0, 67, 0, 0, 21718.36, 4, 0, 0, 0.00, 1101, 661, 21232.42, 55599, 54355
