# unix_time, cycles_done, cur_path, paths_total, pending_total, pending_favs, map_size, unique_crashes, unique_hangs, max_depth, execs_per_sec, valid_inputs, invalid_inputs, valid_cov, all_covered_probes, valid_covered_probes
1695465177, 0, 0, 1, 0, 0, 3827.34, 0, 0, 0, 0.34, 0, 1, 0.00, 9798, 0
1695465177, 0, 0, 2, 0, 0, 4065.63, 0, 0, 0, 3.27, 1, 1, 2773.83, 10408, 7101
1695465178, 0, 0, 5, 0, 0, 4735.94, 0, 0, 0, 5.11, 1, 4, 2773.83, 12124, 7101
1695465178, 0, 0, 8, 0, 0, 5009.77, 0, 0, 0, 13.33, 1, 8, 2773.83, 12825, 7101
1695465210, 0, 0, 11, 0, 0, 24996.09, 0, 0, 0, 0.19, 3, 12, 23973.83, 63990, 61373
1695465210, 0, 0, 17, 0, 0, 25055.47, 0, 0, 0, 36.42, 7, 19, 24017.58, 64142, 61485
1695465211, 0, 0, 24, 0, 0, 25334.38, 0, 0, 0, 54.71, 15, 29, 24296.88, 64856, 62200
1695465211, 0, 0, 31, 0, 0, 25342.97, 0, 0, 0, 92.11, 23, 49, 24300.78, 64878, 62210
1695465226, 0, 0, 32, 0, 0, 25546.09, 0, 0, 0, 0.20, 25, 50, 24512.50, 65398, 62752
1695465240, 0, 0, 39, 0, 0, 25591.41, 0, 0, 0, 1.29, 32, 61, 24557.42, 65514, 62867
1695465256, 0, 0, 40, 0, 0, 25591.41, 1, 0, 0, 0.13, 32, 63, 24557.42, 65514, 62867
1695465270, 0, 0, 46, 0, 0, 25624.22, 1, 0, 0, 1.66, 42, 76, 24598.83, 65598, 62973
1695465270, 0, 1, 49, 0, 0, 25627.34, 1, 0, 0, 116.67, 60, 93, 24598.83, 65606, 62973
1695465283, 0, 1, 50, 0, 0, 25802.34, 1, 0, 0, 0.77, 67, 96, 24775.39, 66054, 63425
1695465299, 0, 1, 54, 0, 0, 25803.13, 1, 0, 0, 1.13, 82, 99, 24776.95, 66056, 63429
1695465312, 0, 1, 58, 0, 0, 25803.13, 1, 0, 0, 0.47, 86, 101, 24776.95, 66056, 63429
1695465312, 0, 1, 65, 0, 0, 25803.13, 1, 0, 0, 112.21, 108, 113, 24776.95, 66056, 63429
1695465326, 0, 1, 67, 0, 0, 25816.41, 1, 0, 0, 0.53, 114, 114, 24790.23, 66090, 63463
1695465326, 0, 2, 70, 0, 0, 25816.41, 1, 0, 0, 85.37, 129, 127, 24790.23, 66090, 63463
1695465340, 0, 2, 71, 0, 0, 25816.41, 1, 0, 0, 0.07, 130, 127, 24790.23, 66090, 63463
1695465341, 0, 4, 76, 0, 0, 25816.80, 1, 0, 0, 105.26, 143, 146, 24790.63, 66091, 63464
1695465364, 0, 4, 77, 0, 0, 25839.45, 1, 0, 0, 0.26, 145, 150, 24813.28, 66149, 63522
1695465378, 0, 4, 81, 0, 0, 25840.63, 1, 0, 0, 0.83, 149, 158, 24814.45, 66152, 63525
1695465378, 0, 4, 84, 0, 0, 25847.27, 1, 0, 0, 55.92, 157, 167, 24821.09, 66169, 63542
1695465379, 0, 4, 86, 0, 0, 25847.27, 1, 0, 0, 53.33, 165, 175, 24821.09, 66169, 63542
1695465379, 0, 4, 86, 0, 0, 25847.27, 1, 0, 0, 86.67, 174, 192, 24821.09, 66169, 63542
1695465392, 0, 4, 87, 0, 0, 25847.27, 1, 0, 0, 1.65, 177, 211, 24821.09, 66169, 63542
1695465392, 0, 7, 88, 0, 0, 25847.27, 1, 0, 0, 106.67, 185, 235, 24821.09, 66169, 63542
1695465407, 0, 7, 89, 0, 0, 25848.83, 1, 0, 0, 0.21, 187, 236, 24822.66, 66173, 63546
1695465420, 0, 7, 90, 0, 0, 25849.22, 1, 0, 0, 0.58, 190, 241, 24823.05, 66174, 63547
1695465421, 0, 7, 93, 0, 0, 25849.22, 1, 0, 0, 90.00, 196, 262, 24823.05, 66174, 63547
1695465436, 0, 7, 94, 0, 0, 25849.22, 1, 0, 0, 0.74, 199, 270, 24823.05, 66174, 63547
1695465449, 0, 7, 98, 0, 0, 25849.61, 1, 0, 0, 1.18, 204, 281, 24823.44, 66175, 63548
1695465449, 0, 7, 101, 0, 0, 25849.61, 1, 0, 0, 88.24, 211, 301, 24823.44, 66175, 63548
1695465463, 0, 8, 102, 0, 0, 25851.95, 1, 0, 0, 1.75, 220, 316, 24825.78, 66181, 63554
1695465477, 0, 8, 105, 0, 0, 25852.73, 1, 0, 0, 0.35, 225, 316, 24826.56, 66183, 63556
1695465492, 0, 8, 108, 0, 0, 25852.73, 1, 0, 0, 0.41, 230, 317, 24826.56, 66183, 63556
1695465510, 0, 8, 109, 0, 0, 26214.84, 1, 0, 0, 0.16, 233, 317, 25188.67, 67110, 64483
1695465511, 0, 9, 112, 0, 0, 26214.84, 1, 0, 0, 72.37, 249, 323, 25188.67, 67110, 64483
1695465511, 0, 9, 112, 0, 0, 26214.84, 1, 0, 0, 73.09, 257, 337, 25188.67, 67110, 64483
1695465525, 0, 9, 113, 0, 0, 26221.48, 1, 0, 0, 0.91, 259, 348, 25195.31, 67127, 64500
1695465542, 0, 10, 116, 0, 0, 26222.66, 1, 0, 0, 1.29, 268, 360, 25196.48, 67130, 64503
1695465560, 0, 10, 117, 0, 0, 26239.06, 1, 0, 0, 0.05, 269, 360, 25212.89, 67172, 64545
1695465576, 0, 10, 118, 0, 0, 26239.06, 1, 0, 0, 0.06, 270, 360, 25212.89, 67172, 64545
1695465592, 0, 10, 119, 0, 0, 26239.06, 1, 0, 0, 0.06, 271, 360, 25212.89, 67172, 64545
1695465609, 0, 10, 120, 0, 0, 26239.06, 1, 0, 0, 0.06, 272, 360, 25212.89, 67172, 64545
1695465626, 0, 10, 121, 0, 0, 26239.06, 1, 0, 0, 0.06, 273, 360, 25212.89, 67172, 64545
1695465643, 0, 10, 122, 0, 0, 26239.06, 1, 0, 0, 0.06, 274, 360, 25212.89, 67172, 64545
1695465660, 0, 10, 123, 0, 0, 26241.02, 1, 0, 0, 0.06, 275, 360, 25214.84, 67177, 64550
1695465677, 0, 10, 124, 0, 0, 26241.41, 1, 0, 0, 0.06, 276, 360, 25215.23, 67178, 64551
1695465706, 0, 10, 125, 0, 0, 26241.80, 1, 0, 0, 0.03, 277, 360, 25215.63, 67179, 64552
1695465724, 0, 10, 126, 0, 0, 26243.36, 1, 0, 0, 0.06, 278, 360, 25217.19, 67183, 64556
1695465738, 0, 10, 127, 0, 0, 26243.36, 1, 0, 0, 0.07, 279, 360, 25217.19, 67183, 64556
1695465756, 0, 10, 128, 0, 0, 26243.36, 1, 0, 0, 0.06, 280, 360, 25217.19, 67183, 64556
1695465774, 0, 10, 129, 0, 0, 26243.36, 1, 0, 0, 0.05, 281, 360, 25217.19, 67183, 64556
1695465792, 0, 10, 130, 0, 0, 26243.36, 1, 0, 0, 0.06, 282, 360, 25217.19, 67183, 64556
1695465808, 0, 10, 131, 0, 0, 26243.36, 1, 0, 0, 0.06, 283, 360, 25217.19, 67183, 64556
1695465826, 0, 10, 131, 0, 0, 26243.36, 1, 0, 0, 0.06, 284, 360, 25217.19, 67183, 64556
1695465843, 0, 10, 132, 0, 0, 26243.36, 1, 0, 0, 0.06, 285, 360, 25217.19, 67183, 64556
1695465859, 0, 10, 133, 0, 0, 26243.36, 1, 0, 0, 0.06, 286, 360, 25217.19, 67183, 64556
1695465876, 0, 10, 134, 0, 0, 26243.36, 1, 0, 0, 0.06, 287, 360, 25217.19, 67183, 64556
1695465893, 0, 10, 135, 0, 0, 26243.36, 1, 0, 0, 0.06, 288, 360, 25217.19, 67183, 64556
1695465910, 0, 10, 136, 0, 0, 26243.36, 1, 0, 0, 0.06, 289, 360, 25217.19, 67183, 64556
1695465927, 0, 10, 137, 0, 0, 26243.36, 1, 0, 0, 0.06, 290, 360, 25217.19, 67183, 64556
1695465944, 0, 10, 138, 0, 0, 26243.36, 1, 0, 0, 0.06, 291, 360, 25217.19, 67183, 64556
1695465961, 0, 10, 139, 0, 0, 26243.36, 1, 0, 0, 0.06, 292, 360, 25217.19, 67183, 64556
1695465978, 0, 10, 139, 0, 0, 26243.36, 1, 0, 0, 0.06, 293, 360, 25217.19, 67183, 64556
1695465995, 0, 10, 140, 0, 0, 26243.36, 1, 0, 0, 0.06, 294, 360, 25217.19, 67183, 64556
1695466012, 0, 10, 141, 0, 0, 26243.36, 1, 0, 0, 0.06, 295, 360, 25217.19, 67183, 64556
1695466033, 0, 10, 142, 0, 0, 26243.36, 1, 0, 0, 0.05, 296, 360, 25217.19, 67183, 64556
1695466050, 0, 10, 143, 0, 0, 26243.75, 1, 0, 0, 0.06, 297, 360, 25217.58, 67184, 64557
1695466067, 0, 10, 144, 0, 0, 26243.75, 1, 0, 0, 0.06, 298, 360, 25217.58, 67184, 64557
1695466085, 0, 10, 145, 0, 0, 26244.53, 1, 0, 0, 0.06, 299, 360, 25218.36, 67186, 64559
1695466102, 0, 10, 146, 0, 0, 26244.53, 1, 0, 0, 0.06, 300, 360, 25218.36, 67186, 64559
1695466117, 0, 10, 147, 0, 0, 26244.53, 1, 0, 0, 0.07, 301, 360, 25218.36, 67186, 64559
1695466134, 0, 10, 148, 0, 0, 26244.53, 1, 0, 0, 0.06, 302, 360, 25218.36, 67186, 64559
1695466152, 0, 10, 149, 0, 0, 26244.53, 1, 0, 0, 0.06, 303, 360, 25218.36, 67186, 64559
1695466169, 0, 10, 150, 0, 0, 26244.53, 1, 0, 0, 0.06, 304, 360, 25218.36, 67186, 64559
1695466186, 0, 10, 150, 0, 0, 26244.53, 1, 0, 0, 0.06, 305, 360, 25218.36, 67186, 64559
1695466204, 0, 10, 151, 0, 0, 26244.53, 1, 0, 0, 0.06, 306, 360, 25218.36, 67186, 64559
1695466222, 0, 10, 152, 0, 0, 26244.53, 1, 0, 0, 0.05, 307, 360, 25218.36, 67186, 64559
1695466240, 0, 10, 153, 0, 0, 26244.53, 1, 0, 0, 0.06, 308, 360, 25218.36, 67186, 64559
1695466257, 0, 10, 154, 0, 0, 26244.53, 1, 0, 0, 0.06, 309, 360, 25218.36, 67186, 64559
1695466275, 0, 10, 155, 0, 0, 26244.53, 1, 0, 0, 0.05, 310, 360, 25218.36, 67186, 64559
1695466294, 0, 10, 156, 0, 0, 26244.53, 1, 0, 0, 0.05, 311, 360, 25218.36, 67186, 64559
1695466313, 0, 10, 156, 0, 0, 26244.53, 1, 0, 0, 0.05, 312, 360, 25218.36, 67186, 64559
1695466330, 0, 10, 157, 0, 0, 26244.53, 1, 0, 0, 0.06, 313, 360, 25218.36, 67186, 64559
1695466348, 0, 10, 158, 0, 0, 26244.53, 1, 0, 0, 0.06, 314, 360, 25218.36, 67186, 64559
1695466366, 0, 10, 159, 0, 0, 26245.31, 1, 0, 0, 0.06, 315, 360, 25219.14, 67188, 64561
1695466384, 0, 10, 160, 0, 0, 26245.31, 1, 0, 0, 0.06, 316, 360, 25219.14, 67188, 64561
1695466402, 0, 10, 160, 0, 0, 26245.31, 1, 0, 0, 0.05, 317, 360, 25219.14, 67188, 64561
1695466416, 0, 10, 161, 0, 0, 26245.31, 1, 0, 0, 0.07, 318, 360, 25219.14, 67188, 64561
1695466434, 0, 10, 161, 0, 0, 26245.31, 1, 0, 0, 0.06, 319, 360, 25219.14, 67188, 64561
1695466451, 0, 10, 162, 0, 0, 26245.31, 1, 0, 0, 0.06, 320, 360, 25219.14, 67188, 64561
1695466469, 0, 10, 163, 0, 0, 26245.31, 1, 0, 0, 0.06, 321, 360, 25219.14, 67188, 64561
1695466488, 0, 10, 164, 0, 0, 26245.31, 1, 0, 0, 0.05, 322, 360, 25219.14, 67188, 64561
1695466505, 0, 10, 165, 0, 0, 26245.31, 1, 0, 0, 0.06, 323, 360, 25219.14, 67188, 64561
1695466523, 0, 10, 166, 0, 0, 26245.31, 1, 0, 0, 0.06, 324, 360, 25219.14, 67188, 64561
1695466541, 0, 10, 167, 0, 0, 26245.31, 1, 0, 0, 0.06, 325, 360, 25219.14, 67188, 64561
1695466558, 0, 10, 168, 0, 0, 26245.31, 1, 0, 0, 0.06, 326, 360, 25219.14, 67188, 64561
1695466576, 0, 10, 169, 0, 0, 26245.31, 1, 0, 0, 0.06, 327, 360, 25219.14, 67188, 64561
1695466592, 0, 10, 170, 0, 0, 26245.31, 1, 0, 0, 0.06, 328, 360, 25219.14, 67188, 64561
1695466611, 0, 10, 170, 0, 0, 26245.31, 1, 0, 0, 0.05, 329, 360, 25219.14, 67188, 64561
1695466628, 0, 10, 171, 0, 0, 26246.88, 1, 0, 0, 0.06, 330, 360, 25220.70, 67192, 64565
1695466645, 0, 10, 172, 0, 0, 26246.88, 1, 0, 0, 0.06, 331, 360, 25220.70, 67192, 64565
1695466662, 0, 10, 172, 0, 0, 26246.88, 1, 0, 0, 0.06, 332, 360, 25220.70, 67192, 64565
1695466675, 0, 10, 173, 0, 0, 26246.88, 1, 0, 0, 0.07, 333, 360, 25220.70, 67192, 64565
1695466695, 0, 10, 174, 0, 0, 26246.88, 1, 0, 0, 0.05, 334, 360, 25220.70, 67192, 64565
1695466714, 0, 10, 175, 0, 0, 26246.88, 1, 0, 0, 0.05, 335, 360, 25220.70, 67192, 64565
1695466741, 0, 10, 176, 0, 0, 26246.88, 1, 0, 0, 0.04, 336, 360, 25220.70, 67192, 64565
1695466759, 0, 10, 177, 0, 0, 26246.88, 1, 0, 0, 0.06, 337, 360, 25220.70, 67192, 64565
1695466778, 0, 10, 178, 0, 0, 26246.88, 1, 0, 0, 0.05, 338, 360, 25220.70, 67192, 64565
1695466800, 0, 10, 179, 0, 0, 26246.88, 1, 0, 0, 0.05, 339, 360, 25220.70, 67192, 64565
1695466819, 0, 10, 180, 0, 0, 26246.88, 1, 0, 0, 0.06, 340, 360, 25220.70, 67192, 64565
1695466835, 0, 10, 181, 0, 0, 26246.88, 1, 0, 0, 0.06, 341, 360, 25220.70, 67192, 64565
1695466852, 0, 10, 182, 0, 0, 26246.88, 1, 0, 0, 0.06, 342, 360, 25220.70, 67192, 64565
1695466869, 0, 10, 183, 0, 0, 26246.88, 1, 0, 0, 0.06, 343, 360, 25220.70, 67192, 64565
1695466892, 0, 10, 183, 0, 0, 26246.88, 1, 0, 0, 0.04, 344, 360, 25220.70, 67192, 64565
1695466909, 0, 10, 183, 0, 0, 26246.88, 1, 0, 0, 0.06, 345, 360, 25220.70, 67192, 64565
1695466927, 0, 10, 183, 0, 0, 26246.88, 1, 0, 0, 0.06, 346, 360, 25220.70, 67192, 64565
1695466944, 0, 10, 184, 0, 0, 26246.88, 1, 0, 0, 0.06, 347, 360, 25220.70, 67192, 64565
1695466961, 0, 10, 184, 0, 0, 26246.88, 1, 0, 0, 0.06, 348, 360, 25220.70, 67192, 64565
1695466979, 0, 10, 184, 0, 0, 26246.88, 1, 0, 0, 0.06, 349, 360, 25220.70, 67192, 64565
1695466997, 0, 10, 185, 0, 0, 26246.88, 1, 0, 0, 0.05, 350, 360, 25220.70, 67192, 64565
1695467014, 0, 10, 186, 0, 0, 26246.88, 1, 0, 0, 0.06, 351, 360, 25220.70, 67192, 64565
1695467030, 0, 10, 187, 0, 0, 26246.88, 1, 0, 0, 0.06, 352, 360, 25220.70, 67192, 64565
1695467047, 0, 10, 188, 0, 0, 26246.88, 1, 0, 0, 0.06, 353, 360, 25220.70, 67192, 64565
1695467062, 0, 10, 189, 0, 0, 26246.88, 1, 0, 0, 0.07, 354, 360, 25220.70, 67192, 64565
1695467076, 0, 10, 190, 0, 0, 26246.88, 1, 0, 0, 0.07, 355, 360, 25220.70, 67192, 64565
1695467092, 0, 10, 190, 0, 0, 26246.88, 1, 0, 0, 0.06, 356, 360, 25220.70, 67192, 64565
1695467119, 0, 10, 191, 0, 0, 26246.88, 1, 0, 0, 0.04, 357, 360, 25220.70, 67192, 64565
1695467136, 0, 10, 191, 0, 0, 26246.88, 1, 0, 0, 0.06, 358, 360, 25220.70, 67192, 64565
1695467153, 0, 10, 192, 0, 0, 26246.88, 1, 0, 0, 0.06, 359, 360, 25220.70, 67192, 64565
1695467170, 0, 10, 193, 0, 0, 26246.88, 1, 0, 0, 0.06, 360, 360, 25220.70, 67192, 64565
1695467191, 0, 10, 194, 0, 0, 26246.88, 1, 0, 0, 0.05, 361, 360, 25220.70, 67192, 64565
1695467208, 0, 10, 194, 0, 0, 26246.88, 1, 0, 0, 0.06, 362, 360, 25220.70, 67192, 64565
1695467226, 0, 10, 195, 0, 0, 26246.88, 1, 0, 0, 0.06, 363, 360, 25220.70, 67192, 64565
1695467244, 0, 10, 196, 0, 0, 26247.27, 1, 0, 0, 0.06, 364, 360, 25221.09, 67193, 64566
1695467258, 0, 10, 197, 0, 0, 26247.27, 1, 0, 0, 0.07, 365, 360, 25221.09, 67193, 64566
1695467275, 0, 10, 197, 0, 0, 26247.27, 1, 0, 0, 0.06, 366, 360, 25221.09, 67193, 64566
1695467293, 0, 10, 198, 0, 0, 26247.27, 1, 0, 0, 0.06, 367, 360, 25221.09, 67193, 64566
1695467314, 0, 10, 199, 0, 0, 26247.27, 1, 0, 0, 0.05, 368, 360, 25221.09, 67193, 64566
1695467332, 0, 10, 199, 0, 0, 26247.27, 1, 0, 0, 0.06, 369, 360, 25221.09, 67193, 64566
1695467349, 0, 10, 200, 0, 0, 26247.27, 1, 0, 0, 0.06, 370, 360, 25221.09, 67193, 64566
1695467366, 0, 10, 201, 0, 0, 26247.27, 1, 0, 0, 0.06, 371, 360, 25221.09, 67193, 64566
1695467384, 0, 10, 202, 0, 0, 26247.27, 1, 0, 0, 0.06, 372, 360, 25221.09, 67193, 64566
1695467411, 0, 10, 203, 0, 0, 26247.27, 1, 0, 0, 0.04, 373, 360, 25221.09, 67193, 64566
1695467433, 0, 10, 204, 0, 0, 26247.27, 1, 0, 0, 0.05, 374, 360, 25221.09, 67193, 64566
1695467454, 0, 10, 205, 0, 0, 26247.27, 1, 0, 0, 0.05, 375, 360, 25221.09, 67193, 64566
1695467473, 0, 10, 205, 0, 0, 26247.27, 1, 0, 0, 0.05, 376, 360, 25221.09, 67193, 64566
1695467492, 0, 10, 206, 0, 0, 26247.27, 1, 0, 0, 0.05, 377, 360, 25221.09, 67193, 64566
1695467511, 0, 10, 206, 0, 0, 26247.27, 1, 0, 0, 0.05, 378, 360, 25221.09, 67193, 64566
1695467531, 0, 10, 207, 0, 0, 26247.27, 1, 0, 0, 0.05, 379, 360, 25221.09, 67193, 64566
1695467550, 0, 10, 207, 0, 0, 26247.27, 1, 0, 0, 0.05, 380, 360, 25221.09, 67193, 64566
1695467568, 0, 10, 207, 0, 0, 26247.27, 1, 0, 0, 0.05, 381, 360, 25221.09, 67193, 64566
1695467587, 0, 10, 208, 0, 0, 26247.27, 1, 0, 0, 0.05, 382, 360, 25221.09, 67193, 64566
1695467605, 0, 10, 208, 0, 0, 26247.27, 1, 0, 0, 0.06, 383, 360, 25221.09, 67193, 64566
1695467623, 0, 10, 209, 0, 0, 26247.27, 1, 0, 0, 0.06, 384, 360, 25221.09, 67193, 64566
1695467640, 0, 10, 209, 0, 0, 26247.27, 1, 0, 0, 0.06, 385, 360, 25221.09, 67193, 64566
1695467658, 0, 10, 209, 0, 0, 26247.27, 1, 0, 0, 0.06, 386, 360, 25221.09, 67193, 64566
1695467675, 0, 10, 209, 0, 0, 26247.27, 1, 0, 0, 0.06, 387, 360, 25221.09, 67193, 64566
1695467693, 0, 10, 210, 0, 0, 26247.27, 1, 0, 0, 0.06, 388, 360, 25221.09, 67193, 64566
1695467711, 0, 10, 211, 0, 0, 26247.27, 1, 0, 0, 0.06, 389, 360, 25221.09, 67193, 64566
1695467728, 0, 10, 212, 0, 0, 26247.27, 1, 0, 0, 0.06, 390, 360, 25221.09, 67193, 64566
1695467746, 0, 10, 212, 0, 0, 26247.27, 1, 0, 0, 0.06, 391, 360, 25221.09, 67193, 64566
1695467764, 0, 10, 213, 0, 0, 26247.27, 1, 0, 0, 0.06, 392, 360, 25221.09, 67193, 64566
1695467781, 0, 10, 213, 0, 0, 26247.27, 1, 0, 0, 0.06, 393, 360, 25221.09, 67193, 64566
1695467799, 0, 10, 213, 0, 0, 26247.27, 1, 0, 0, 0.06, 394, 360, 25221.09, 67193, 64566
1695467817, 0, 10, 213, 0, 0, 26247.27, 1, 0, 0, 0.05, 395, 360, 25221.09, 67193, 64566
1695467832, 0, 10, 214, 0, 0, 26247.27, 1, 0, 0, 0.07, 396, 360, 25221.09, 67193, 64566
1695467851, 0, 10, 215, 0, 0, 26247.27, 1, 0, 0, 0.05, 397, 360, 25221.09, 67193, 64566
1695467872, 0, 10, 216, 0, 0, 26247.27, 1, 0, 0, 0.05, 398, 360, 25221.09, 67193, 64566
1695467888, 0, 10, 217, 0, 0, 26247.27, 1, 0, 0, 0.06, 399, 360, 25221.09, 67193, 64566
1695467907, 0, 10, 217, 0, 0, 26247.27, 1, 0, 0, 0.05, 400, 360, 25221.09, 67193, 64566
1695467927, 0, 10, 218, 0, 0, 26247.27, 1, 0, 0, 0.05, 401, 360, 25221.09, 67193, 64566
1695467946, 0, 10, 219, 0, 0, 26247.66, 1, 0, 0, 0.05, 402, 360, 25221.48, 67194, 64567
1695467966, 0, 10, 220, 0, 0, 26247.66, 1, 0, 0, 0.05, 403, 360, 25221.48, 67194, 64567
1695467985, 0, 10, 221, 0, 0, 26247.66, 1, 0, 0, 0.05, 404, 360, 25221.48, 67194, 64567
1695468004, 0, 10, 222, 0, 0, 26247.66, 1, 0, 0, 0.05, 405, 360, 25221.48, 67194, 64567
1695468024, 0, 10, 223, 0, 0, 26247.66, 1, 0, 0, 0.05, 406, 360, 25221.48, 67194, 64567
1695468045, 0, 10, 224, 0, 0, 26247.66, 1, 0, 0, 0.05, 407, 360, 25221.48, 67194, 64567
1695468065, 0, 10, 225, 0, 0, 26247.66, 1, 0, 0, 0.05, 408, 360, 25221.48, 67194, 64567
1695468085, 0, 10, 225, 0, 0, 26247.66, 1, 0, 0, 0.05, 409, 360, 25221.48, 67194, 64567
1695468106, 0, 10, 226, 0, 0, 26247.66, 1, 0, 0, 0.05, 410, 360, 25221.48, 67194, 64567
1695468126, 0, 10, 226, 0, 0, 26247.66, 1, 0, 0, 0.05, 411, 360, 25221.48, 67194, 64567
1695468146, 0, 10, 226, 0, 0, 26247.66, 1, 0, 0, 0.05, 412, 360, 25221.48, 67194, 64567
1695468169, 0, 10, 227, 0, 0, 26247.66, 1, 0, 0, 0.04, 413, 360, 25221.48, 67194, 64567
1695468203, 0, 10, 228, 0, 0, 26247.66, 1, 0, 0, 0.03, 414, 360, 25221.48, 67194, 64567
1695468223, 0, 10, 229, 0, 0, 26247.66, 1, 0, 0, 0.05, 415, 360, 25221.48, 67194, 64567
1695468243, 0, 10, 230, 0, 0, 26247.66, 1, 0, 0, 0.05, 416, 360, 25221.48, 67194, 64567
1695468262, 0, 10, 231, 0, 0, 26247.66, 1, 0, 0, 0.05, 417, 360, 25221.48, 67194, 64567
1695468280, 0, 10, 232, 0, 0, 26247.66, 1, 0, 0, 0.06, 418, 360, 25221.48, 67194, 64567
1695468300, 0, 10, 233, 0, 0, 26247.66, 1, 0, 0, 0.05, 419, 360, 25221.48, 67194, 64567
1695468321, 0, 10, 233, 0, 0, 26247.66, 1, 0, 0, 0.05, 420, 360, 25221.48, 67194, 64567
1695468343, 0, 10, 233, 0, 0, 26247.66, 1, 0, 0, 0.04, 421, 360, 25221.48, 67194, 64567
1695468371, 0, 10, 234, 0, 0, 26247.66, 1, 0, 0, 0.04, 422, 360, 25221.48, 67194, 64567
1695468392, 0, 10, 235, 0, 0, 26255.47, 1, 0, 0, 0.05, 423, 360, 25229.30, 67214, 64587
1695468411, 0, 10, 236, 0, 0, 26255.47, 1, 0, 0, 0.05, 424, 360, 25229.30, 67214, 64587
1695468433, 0, 10, 237, 0, 0, 26255.47, 1, 0, 0, 0.05, 425, 360, 25229.30, 67214, 64587
1695468453, 0, 10, 238, 0, 0, 26255.47, 1, 0, 0, 0.05, 426, 360, 25229.30, 67214, 64587
1695468472, 0, 10, 239, 0, 0, 26255.47, 1, 0, 0, 0.05, 427, 360, 25229.30, 67214, 64587
1695468492, 0, 10, 240, 0, 0, 26255.47, 1, 0, 0, 0.05, 428, 360, 25229.30, 67214, 64587
1695468513, 0, 10, 241, 0, 0, 26255.47, 1, 0, 0, 0.05, 429, 360, 25229.30, 67214, 64587
1695468533, 0, 10, 242, 0, 0, 26255.47, 1, 0, 0, 0.05, 430, 360, 25229.30, 67214, 64587
1695468555, 0, 10, 243, 0, 0, 26255.47, 1, 0, 0, 0.05, 431, 360, 25229.30, 67214, 64587
1695468585, 0, 10, 244, 0, 0, 26255.47, 1, 0, 0, 0.03, 432, 360, 25229.30, 67214, 64587
1695468603, 0, 10, 245, 0, 0, 26255.47, 1, 0, 0, 0.06, 433, 360, 25229.30, 67214, 64587
1695468623, 0, 10, 245, 0, 0, 26255.47, 1, 0, 0, 0.05, 434, 360, 25229.30, 67214, 64587
1695468640, 0, 10, 246, 0, 0, 26255.47, 1, 0, 0, 0.06, 435, 360, 25229.30, 67214, 64587
1695468660, 0, 10, 247, 0, 0, 26255.47, 1, 0, 0, 0.05, 436, 360, 25229.30, 67214, 64587
1695468680, 0, 10, 247, 0, 0, 26255.47, 1, 0, 0, 0.05, 437, 360, 25229.30, 67214, 64587
1695468699, 0, 10, 248, 0, 0, 26255.47, 1, 0, 0, 0.05, 438, 360, 25229.30, 67214, 64587
1695468718, 0, 10, 249, 0, 0, 26255.47, 1, 0, 0, 0.05, 439, 360, 25229.30, 67214, 64587
1695468739, 0, 10, 250, 0, 0, 26255.47, 1, 0, 0, 0.05, 440, 360, 25229.30, 67214, 64587
1695468757, 0, 10, 251, 0, 0, 26255.47, 1, 0, 0, 0.05, 441, 360, 25229.30, 67214, 64587
1695468777, 0, 10, 252, 0, 0, 26255.47, 1, 0, 0, 0.05, 442, 360, 25229.30, 67214, 64587
1695468777, 0, 10, 252, 0, 0, 26255.47, 1, 0, 0, 0.00, 442, 360, 25229.30, 67214, 64587
