# unix_time, cycles_done, cur_path, paths_total, pending_total, pending_favs, map_size, unique_crashes, unique_hangs, max_depth, execs_per_sec, valid_inputs, invalid_inputs, valid_cov, all_covered_probes, valid_covered_probes
1695559942, 0, 0, 1, 0, 0, 3993.36, 0, 0, 0, 0.30, 0, 1, 0.00, 10223, 0
1695559943, 0, 0, 4, 0, 0, 4279.69, 0, 0, 0, 9.29, 2, 2, 2877.34, 10956, 7366
1695559959, 0, 0, 5, 0, 0, 4282.42, 1, 0, 0, 0.12, 3, 3, 2880.08, 10963, 7373
1695559960, 0, 0, 15, 0, 0, 9698.44, 1, 0, 0, 38.10, 11, 7, 8194.92, 24828, 20979
1695559971, 0, 0, 17, 0, 0, 21226.95, 1, 0, 0, 0.25, 14, 7, 20110.16, 54341, 51482
1695559982, 0, 0, 18, 0, 0, 21226.95, 2, 0, 0, 0.19, 14, 9, 20110.16, 54341, 51482
1695559994, 0, 0, 19, 0, 0, 21474.22, 2, 0, 0, 0.09, 15, 9, 20376.17, 54974, 52163
1695560004, 0, 0, 27, 0, 0, 21507.81, 2, 0, 0, 0.95, 23, 11, 20401.95, 55060, 52229
1695560005, 0, 0, 38, 0, 0, 21517.58, 2, 0, 0, 66.01, 37, 17, 20403.13, 55085, 52232
1695560016, 0, 0, 39, 0, 0, 21614.84, 2, 0, 0, 0.36, 39, 19, 20500.39, 55334, 52481
1695560027, 0, 0, 40, 0, 0, 21630.08, 2, 0, 0, 0.09, 40, 19, 20515.63, 55373, 52520
1695560027, 0, 0, 44, 0, 0, 21630.08, 2, 0, 0, 26.06, 46, 21, 20515.63, 55373, 52520
1695560038, 0, 0, 45, 0, 0, 21631.64, 2, 0, 0, 0.09, 47, 21, 20517.19, 55377, 52524
1695560039, 0, 0, 51, 0, 0, 21632.03, 2, 0, 0, 36.45, 58, 26, 20517.19, 55378, 52524
1695560051, 0, 0, 52, 0, 0, 21828.91, 2, 0, 0, 1.24, 71, 28, 20714.45, 55882, 53029
1695560061, 0, 0, 54, 0, 0, 21851.56, 2, 0, 0, 0.96, 81, 28, 20737.11, 55940, 53087
1695560072, 0, 0, 56, 0, 0, 21861.72, 2, 0, 0, 0.27, 83, 29, 20747.27, 55966, 53113
1695560085, 0, 0, 62, 0, 0, 22241.02, 2, 0, 0, 1.91, 103, 33, 21127.34, 56937, 54086
1695560096, 0, 0, 65, 0, 0, 22241.02, 2, 0, 0, 0.83, 111, 34, 21127.34, 56937, 54086
1695560096, 0, 1, 68, 0, 0, 22241.02, 2, 0, 0, 105.96, 133, 44, 21127.34, 56937, 54086
1695560121, 0, 1, 69, 0, 0, 22269.92, 2, 0, 0, 1.29, 157, 52, 21156.25, 57011, 54160
1695560139, 0, 1, 71, 0, 0, 22270.31, 2, 0, 0, 0.11, 158, 53, 21156.64, 57012, 54161
1695560153, 0, 1, 74, 0, 0, 22271.88, 2, 0, 0, 0.67, 163, 57, 21158.20, 57016, 54165
1695560165, 0, 1, 77, 0, 0, 22273.05, 2, 0, 0, 0.43, 167, 58, 21159.38, 57019, 54168
1695560176, 0, 1, 80, 0, 0, 22273.05, 2, 0, 0, 1.20, 180, 58, 21159.38, 57019, 54168
1695560186, 0, 1, 80, 0, 0, 22273.05, 2, 0, 0, 0.10, 180, 59, 21159.38, 57019, 54168
1695560200, 0, 2, 85, 0, 0, 22273.83, 2, 0, 0, 0.86, 190, 61, 21159.38, 57021, 54168
1695560211, 0, 2, 87, 0, 0, 22273.83, 2, 0, 0, 0.37, 194, 61, 21159.38, 57021, 54168
1695560222, 0, 2, 90, 0, 0, 22273.83, 2, 0, 0, 1.38, 204, 67, 21159.38, 57021, 54168
1695560235, 0, 2, 91, 0, 0, 22273.83, 2, 0, 0, 0.08, 205, 67, 21159.38, 57021, 54168
1695560248, 0, 2, 95, 0, 0, 22273.83, 2, 0, 0, 0.41, 210, 67, 21159.38, 57021, 54168
1695560260, 0, 2, 98, 0, 0, 22273.83, 2, 0, 0, 0.58, 216, 68, 21159.38, 57021, 54168
1695560260, 0, 2, 101, 0, 0, 22290.23, 2, 0, 0, 28.35, 226, 69, 21175.78, 57063, 54210
1695560270, 0, 2, 103, 0, 0, 22290.23, 2, 0, 0, 0.47, 229, 71, 21175.78, 57063, 54210
1695560282, 0, 2, 104, 0, 0, 22291.02, 2, 0, 0, 0.09, 230, 71, 21176.56, 57065, 54212
1695560298, 0, 3, 107, 0, 0, 22292.97, 2, 0, 0, 0.51, 234, 75, 21178.52, 57070, 54217
1695560298, 0, 3, 109, 0, 0, 22292.97, 2, 0, 0, 86.38, 246, 89, 21178.52, 57070, 54217
1695560312, 0, 3, 110, 0, 0, 22293.36, 2, 0, 0, 0.07, 247, 89, 21178.91, 57071, 54218
1695560313, 0, 3, 111, 0, 0, 22293.36, 2, 0, 0, 105.96, 271, 97, 21178.91, 57071, 54218
1695560325, 0, 3, 112, 0, 0, 22293.36, 2, 0, 0, 0.41, 273, 100, 21178.91, 57071, 54218
1695560336, 0, 3, 114, 0, 0, 22293.36, 2, 0, 0, 0.64, 278, 102, 21178.91, 57071, 54218
1695560352, 0, 3, 116, 0, 0, 22316.80, 2, 0, 0, 0.25, 282, 102, 21203.91, 57131, 54282
1695560393, 0, 3, 117, 0, 0, 22316.80, 2, 0, 0, 0.02, 283, 102, 21203.91, 57131, 54282
1695560405, 0, 3, 120, 0, 0, 22318.36, 2, 0, 0, 1.77, 300, 105, 21213.67, 57135, 54307
1695560417, 0, 3, 121, 0, 0, 22318.36, 2, 0, 0, 0.08, 301, 105, 21213.67, 57135, 54307
1695560435, 0, 3, 122, 0, 0, 22326.56, 2, 0, 0, 0.11, 302, 106, 21221.88, 57156, 54328
1695560446, 0, 3, 123, 0, 0, 22326.95, 2, 0, 0, 0.26, 305, 106, 21222.27, 57157, 54329
1695560447, 0, 4, 124, 0, 0, 22326.95, 2, 0, 0, 69.08, 322, 110, 21222.27, 57157, 54329
1695560465, 0, 4, 126, 0, 0, 22331.25, 2, 0, 0, 0.65, 332, 112, 21226.56, 57168, 54340
1695560478, 0, 4, 130, 0, 0, 22332.03, 2, 0, 0, 1.09, 340, 118, 21227.34, 57170, 54342
1695560495, 0, 4, 131, 0, 0, 22332.03, 2, 0, 0, 0.30, 344, 119, 21227.34, 57170, 54342
1695560495, 0, 5, 132, 0, 0, 22332.03, 2, 0, 0, 83.33, 363, 125, 21227.34, 57170, 54342
1695560507, 0, 5, 133, 0, 0, 22332.81, 2, 0, 0, 0.48, 366, 128, 21228.13, 57172, 54344
1695560521, 0, 5, 134, 0, 0, 22332.81, 2, 0, 0, 0.58, 370, 132, 21228.13, 57172, 54344
1695560532, 0, 5, 134, 0, 0, 22332.81, 2, 0, 0, 0.28, 371, 134, 21228.13, 57172, 54344
1695560544, 0, 5, 136, 0, 0, 22332.81, 2, 0, 0, 1.54, 378, 146, 21228.13, 57172, 54344
1695560545, 0, 5, 137, 0, 0, 22332.81, 2, 0, 0, 81.70, 384, 165, 21228.13, 57172, 54344
1695560556, 0, 5, 138, 0, 0, 22332.81, 2, 0, 0, 1.31, 390, 174, 21228.13, 57172, 54344
1695560568, 0, 5, 139, 0, 0, 22332.81, 2, 0, 0, 0.43, 391, 178, 21228.13, 57172, 54344
1695560568, 0, 5, 140, 0, 0, 22332.81, 2, 0, 0, 92.02, 401, 198, 21228.13, 57172, 54344
1695560580, 0, 5, 141, 0, 0, 22332.81, 2, 0, 0, 0.86, 404, 205, 21228.13, 57172, 54344
1695560580, 0, 5, 142, 0, 0, 22332.81, 2, 0, 0, 91.21, 409, 228, 21228.13, 57172, 54344
1695560594, 0, 6, 143, 0, 0, 22332.81, 2, 0, 0, 0.50, 413, 231, 21228.13, 57172, 54344
1695560606, 0, 6, 144, 0, 0, 22332.81, 2, 0, 0, 1.01, 421, 235, 21228.13, 57172, 54344
1695560617, 0, 6, 146, 0, 0, 22332.81, 2, 0, 0, 1.42, 435, 237, 21228.13, 57172, 54344
1695560617, 0, 6, 147, 0, 0, 22332.81, 2, 0, 0, 79.21, 456, 240, 21228.13, 57172, 54344
1695560631, 0, 6, 148, 0, 0, 22333.59, 2, 0, 0, 0.44, 462, 240, 21228.91, 57174, 54346
1695560643, 0, 6, 149, 0, 0, 22333.59, 2, 0, 0, 0.48, 466, 242, 21228.91, 57174, 54346
1695560655, 0, 6, 150, 0, 0, 22333.59, 2, 0, 0, 0.09, 467, 242, 21228.91, 57174, 54346
1695560666, 0, 6, 150, 0, 0, 22333.59, 2, 0, 0, 0.85, 474, 245, 21228.91, 57174, 54346
1695560667, 0, 7, 152, 0, 0, 22333.59, 2, 0, 0, 43.19, 484, 248, 21228.91, 57174, 54346
1695560678, 0, 7, 153, 0, 0, 22333.59, 2, 0, 0, 0.63, 489, 250, 21228.91, 57174, 54346
1695560678, 0, 7, 154, 0, 0, 22333.59, 2, 0, 0, 42.21, 498, 254, 21228.91, 57174, 54346
1695560678, 0, 7, 154, 0, 0, 22333.59, 2, 0, 0, 36.30, 508, 255, 21228.91, 57174, 54346
1695560690, 0, 7, 155, 0, 0, 22333.59, 2, 0, 0, 1.42, 517, 262, 21228.91, 57174, 54346
1695560690, 0, 7, 156, 0, 0, 22333.59, 2, 0, 0, 49.18, 528, 266, 21228.91, 57174, 54346
1695560707, 0, 7, 157, 0, 0, 22333.59, 2, 0, 0, 0.84, 537, 271, 21228.91, 57174, 54346
1695560725, 0, 7, 160, 0, 0, 22333.98, 2, 0, 0, 0.22, 540, 272, 21229.30, 57175, 54347
1695560738, 0, 7, 161, 0, 0, 22333.98, 2, 0, 0, 0.15, 542, 272, 21229.30, 57175, 54347
1695560738, 0, 7, 163, 0, 0, 22333.98, 2, 0, 0, 46.01, 553, 276, 21229.30, 57175, 54347
1695560754, 0, 7, 164, 0, 0, 22333.98, 2, 0, 0, 0.50, 558, 279, 21229.30, 57175, 54347
1695560754, 0, 7, 165, 0, 0, 22333.98, 2, 0, 0, 34.59, 566, 282, 21229.30, 57175, 54347
1695560766, 0, 7, 166, 0, 0, 22333.98, 2, 0, 0, 0.93, 572, 287, 21229.30, 57175, 54347
1695560778, 0, 7, 167, 0, 0, 22333.98, 2, 0, 0, 0.41, 575, 289, 21229.30, 57175, 54347
1695560791, 0, 7, 170, 0, 0, 22333.98, 2, 0, 0, 0.38, 579, 290, 21229.30, 57175, 54347
1695560807, 0, 7, 172, 0, 0, 22333.98, 2, 0, 0, 0.19, 581, 291, 21229.30, 57175, 54347
1695560821, 0, 7, 174, 0, 0, 22333.98, 2, 0, 0, 0.66, 588, 293, 21229.30, 57175, 54347
1695560833, 0, 7, 175, 0, 0, 22333.98, 2, 0, 0, 0.42, 591, 295, 21229.30, 57175, 54347
1695560845, 0, 7, 177, 0, 0, 22333.98, 2, 0, 0, 0.65, 596, 298, 21229.30, 57175, 54347
1695560857, 0, 7, 179, 0, 0, 22333.98, 2, 0, 0, 0.25, 599, 298, 21229.30, 57175, 54347
1695560869, 0, 7, 181, 0, 0, 22333.98, 2, 0, 0, 0.25, 601, 299, 21229.30, 57175, 54347
1695560887, 0, 7, 184, 0, 0, 22333.98, 2, 0, 0, 0.62, 606, 305, 21229.30, 57175, 54347
1695560900, 0, 7, 185, 0, 0, 22333.98, 2, 0, 0, 0.23, 608, 306, 21229.30, 57175, 54347
1695560912, 0, 7, 187, 0, 0, 22333.98, 2, 0, 0, 0.41, 611, 308, 21229.30, 57175, 54347
1695560912, 0, 7, 188, 0, 0, 22333.98, 2, 0, 0, 23.39, 619, 308, 21229.30, 57175, 54347
1695560923, 0, 7, 189, 0, 0, 22333.98, 2, 0, 0, 0.18, 620, 309, 21229.30, 57175, 54347
1695560924, 0, 7, 190, 0, 0, 22333.98, 2, 0, 0, 26.24, 628, 310, 21229.30, 57175, 54347
1695560924, 0, 7, 190, 0, 0, 22333.98, 2, 0, 0, 49.67, 642, 311, 21229.30, 57175, 54347
1695560949, 0, 7, 191, 0, 0, 22333.98, 2, 0, 0, 0.16, 643, 314, 21229.30, 57175, 54347
1695560960, 0, 7, 192, 0, 0, 22333.98, 2, 0, 0, 0.18, 644, 315, 21229.30, 57175, 54347
1695560973, 0, 7, 194, 0, 0, 22334.77, 2, 0, 0, 0.38, 649, 315, 21230.08, 57177, 54349
1695560984, 0, 7, 195, 0, 0, 22334.77, 2, 0, 0, 0.09, 650, 315, 21230.08, 57177, 54349
1695560985, 0, 7, 195, 0, 0, 22334.77, 2, 0, 0, 32.70, 658, 319, 21230.08, 57177, 54349
1695561006, 0, 7, 196, 0, 0, 22334.77, 2, 0, 0, 0.33, 665, 319, 21230.08, 57177, 54349
1695561019, 0, 7, 197, 0, 0, 22334.77, 2, 0, 0, 0.61, 670, 322, 21230.08, 57177, 54349
1695561031, 0, 7, 197, 0, 0, 22334.77, 2, 0, 0, 0.52, 672, 326, 21230.08, 57177, 54349
1695561031, 0, 7, 198, 0, 0, 22342.58, 2, 0, 0, 19.29, 678, 326, 21237.89, 57197, 54369
1695561032, 0, 7, 198, 0, 0, 22342.58, 2, 0, 0, 32.79, 686, 328, 21237.89, 57197, 54369
1695561044, 0, 7, 199, 0, 0, 22342.58, 2, 0, 0, 0.58, 692, 329, 21237.89, 57197, 54369
1695561055, 0, 7, 200, 0, 0, 22342.58, 2, 0, 0, 0.76, 695, 335, 21237.89, 57197, 54369
1695561056, 0, 7, 200, 0, 0, 22342.58, 2, 0, 0, 22.44, 698, 339, 21237.89, 57197, 54369
1695561056, 0, 7, 200, 0, 0, 22342.58, 2, 0, 0, 22.65, 703, 341, 21237.89, 57197, 54369
1695561072, 0, 7, 201, 0, 0, 22342.58, 2, 0, 0, 0.26, 707, 341, 21237.89, 57197, 54369
1695561072, 0, 7, 202, 0, 0, 22342.58, 2, 0, 0, 36.67, 716, 343, 21237.89, 57197, 54369
1695561086, 0, 8, 203, 0, 0, 22342.58, 2, 0, 0, 0.29, 719, 344, 21237.89, 57197, 54369
1695561098, 0, 8, 204, 0, 0, 22342.58, 2, 0, 0, 0.65, 725, 346, 21237.89, 57197, 54369
1695561098, 0, 8, 205, 0, 0, 22342.58, 2, 0, 0, 31.43, 731, 351, 21237.89, 57197, 54369
1695561110, 0, 8, 206, 0, 0, 22342.58, 2, 0, 0, 0.67, 737, 353, 21237.89, 57197, 54369
1695561111, 0, 8, 206, 0, 0, 22342.58, 2, 0, 0, 29.61, 744, 355, 21237.89, 57197, 54369
1695561122, 0, 8, 208, 0, 0, 22342.58, 2, 0, 0, 0.42, 749, 355, 21237.89, 57197, 54369
1695561135, 0, 8, 210, 0, 0, 22342.58, 2, 0, 0, 0.74, 756, 357, 21237.89, 57197, 54369
1695561147, 0, 8, 212, 0, 0, 22342.58, 2, 0, 0, 0.64, 762, 359, 21237.89, 57197, 54369
1695561161, 0, 8, 213, 0, 0, 22342.58, 2, 0, 0, 0.35, 766, 360, 21237.89, 57197, 54369
1695561173, 0, 8, 215, 0, 0, 22342.58, 2, 0, 0, 0.26, 769, 360, 21237.89, 57197, 54369
1695561173, 0, 8, 216, 0, 0, 22342.58, 2, 0, 0, 20.00, 775, 360, 21237.89, 57197, 54369
1695561186, 0, 8, 217, 0, 0, 22342.58, 2, 0, 0, 0.40, 780, 360, 21237.89, 57197, 54369
1695561197, 0, 8, 217, 0, 0, 22342.58, 2, 0, 0, 0.45, 783, 362, 21237.89, 57197, 54369
1695561197, 0, 8, 218, 0, 0, 22342.58, 2, 0, 0, 24.32, 791, 362, 21237.89, 57197, 54369
1695561197, 0, 8, 218, 0, 0, 22342.58, 2, 0, 0, 24.77, 798, 363, 21237.89, 57197, 54369
1695561198, 0, 8, 218, 0, 0, 22342.58, 2, 0, 0, 15.97, 802, 364, 21237.89, 57197, 54369
1695561221, 0, 8, 219, 0, 0, 22342.97, 2, 0, 0, 0.21, 806, 365, 21238.28, 57198, 54370
1695561221, 0, 8, 220, 0, 0, 22342.97, 2, 0, 0, 22.79, 812, 367, 21238.28, 57198, 54370
1695561233, 0, 8, 220, 0, 0, 22342.97, 2, 0, 0, 0.26, 814, 368, 21238.28, 57198, 54370
1695561246, 0, 8, 222, 0, 0, 22342.97, 2, 0, 0, 0.55, 821, 368, 21238.28, 57198, 54370
1695561246, 0, 8, 223, 0, 0, 22342.97, 2, 0, 0, 25.81, 829, 368, 21238.28, 57198, 54370
1695561247, 0, 8, 223, 0, 0, 22342.97, 2, 0, 0, 26.32, 835, 370, 21238.28, 57198, 54370
1695561259, 0, 8, 224, 0, 0, 22342.97, 2, 0, 0, 0.40, 839, 371, 21238.28, 57198, 54370
1695561271, 0, 8, 225, 0, 0, 22342.97, 2, 0, 0, 0.09, 840, 371, 21238.28, 57198, 54370
1695561271, 0, 8, 226, 0, 0, 22342.97, 2, 0, 0, 29.90, 847, 373, 21238.28, 57198, 54370
1695561282, 0, 8, 227, 0, 0, 22342.97, 2, 0, 0, 0.44, 851, 374, 21238.28, 57198, 54370
1695561295, 0, 8, 228, 0, 0, 22342.97, 2, 0, 0, 0.55, 858, 374, 21238.28, 57198, 54370
1695561309, 0, 8, 229, 0, 0, 22342.97, 2, 0, 0, 0.50, 863, 376, 21238.28, 57198, 54370
1695561321, 0, 8, 230, 0, 0, 22342.97, 2, 0, 0, 0.16, 865, 376, 21238.28, 57198, 54370
1695561321, 0, 8, 231, 0, 0, 22342.97, 2, 0, 0, 17.65, 869, 378, 21238.28, 57198, 54370
1695561335, 0, 8, 232, 0, 0, 22342.97, 2, 0, 0, 0.29, 872, 379, 21238.28, 57198, 54370
1695561335, 0, 8, 232, 0, 0, 22342.97, 2, 0, 0, 39.09, 880, 383, 21238.28, 57198, 54370
1695561348, 0, 8, 233, 0, 0, 22342.97, 2, 0, 0, 0.32, 883, 384, 21238.28, 57198, 54370
1695561348, 0, 8, 233, 0, 0, 22342.97, 2, 0, 0, 16.81, 888, 385, 21238.28, 57198, 54370
1695561348, 0, 8, 233, 0, 0, 22342.97, 2, 0, 0, 28.17, 896, 387, 21238.28, 57198, 54370
1695561360, 0, 8, 233, 0, 0, 22342.97, 2, 0, 0, 0.44, 898, 390, 21238.28, 57198, 54370
1695561397, 0, 8, 235, 0, 0, 22342.97, 2, 0, 0, 0.11, 902, 390, 21238.28, 57198, 54370
1695561397, 0, 8, 235, 0, 0, 22342.97, 2, 0, 0, 20.96, 908, 391, 21238.28, 57198, 54370
1695561398, 0, 8, 235, 0, 0, 22342.97, 2, 0, 0, 26.06, 915, 392, 21238.28, 57198, 54370
1695561410, 0, 8, 236, 0, 0, 22342.97, 2, 0, 0, 0.16, 917, 392, 21238.28, 57198, 54370
1695561428, 0, 8, 236, 0, 0, 22342.97, 2, 0, 0, 0.27, 921, 393, 21238.28, 57198, 54370
1695561441, 0, 8, 237, 0, 0, 22342.97, 2, 0, 0, 0.82, 930, 394, 21238.28, 57198, 54370
1695561441, 0, 8, 238, 0, 0, 22342.97, 2, 0, 0, 22.41, 937, 395, 21238.28, 57198, 54370
1695561441, 0, 8, 238, 0, 0, 22342.97, 2, 0, 0, 21.81, 942, 397, 21238.28, 57198, 54370
1695561453, 0, 8, 239, 0, 0, 22342.97, 2, 0, 0, 0.17, 943, 398, 21238.28, 57198, 54370
1695561453, 0, 8, 240, 0, 0, 22342.97, 2, 0, 0, 16.00, 949, 398, 21238.28, 57198, 54370
1695561465, 0, 8, 241, 0, 0, 22342.97, 2, 0, 0, 0.33, 951, 400, 21238.28, 57198, 54370
1695561481, 0, 8, 243, 0, 0, 22342.97, 2, 0, 0, 0.32, 955, 401, 21238.28, 57198, 54370
1695561481, 0, 8, 243, 0, 0, 22342.97, 2, 0, 0, 19.23, 960, 403, 21238.28, 57198, 54370
1695561497, 0, 8, 244, 0, 0, 22342.97, 2, 0, 0, 0.26, 964, 403, 21238.28, 57198, 54370
1695561497, 0, 8, 245, 0, 0, 22342.97, 2, 0, 0, 18.18, 969, 404, 21238.28, 57198, 54370
1695561497, 0, 8, 245, 0, 0, 22342.97, 2, 0, 0, 22.65, 975, 405, 21238.28, 57198, 54370
1695561514, 0, 9, 246, 0, 0, 22342.97, 2, 0, 0, 0.43, 976, 411, 21238.28, 57198, 54370
1695561539, 0, 9, 247, 0, 0, 22342.97, 2, 0, 0, 0.28, 979, 415, 21238.28, 57198, 54370
1695561552, 0, 9, 248, 0, 0, 22342.97, 2, 0, 0, 0.37, 982, 417, 21238.28, 57198, 54370
1695561552, 0, 9, 248, 0, 0, 22342.97, 2, 0, 0, 40.88, 986, 426, 21238.28, 57198, 54370
1695561564, 0, 9, 249, 0, 0, 22342.97, 2, 0, 0, 0.53, 989, 429, 21238.28, 57198, 54370
1695561575, 0, 9, 250, 0, 0, 22342.97, 2, 0, 0, 0.43, 993, 430, 21238.28, 57198, 54370
1695561576, 0, 9, 250, 0, 0, 22342.97, 2, 0, 0, 33.33, 997, 437, 21238.28, 57198, 54370
1695561593, 0, 9, 251, 0, 0, 22342.97, 2, 0, 0, 0.11, 999, 437, 21238.28, 57198, 54370
1695561604, 0, 9, 252, 0, 0, 22342.97, 2, 0, 0, 0.55, 1002, 440, 21238.28, 57198, 54370
1695561615, 0, 9, 252, 0, 0, 22342.97, 2, 0, 0, 0.09, 1002, 441, 21238.28, 57198, 54370
1695561616, 0, 9, 253, 0, 0, 22342.97, 2, 0, 0, 25.40, 1005, 446, 21238.28, 57198, 54370
1695561628, 0, 9, 254, 0, 0, 22342.97, 2, 0, 0, 0.08, 1006, 446, 21238.28, 57198, 54370
1695561628, 0, 10, 256, 0, 0, 22342.97, 2, 0, 0, 41.80, 1012, 453, 21238.28, 57198, 54370
1695561629, 0, 10, 256, 0, 0, 22342.97, 2, 0, 0, 42.21, 1016, 462, 21238.28, 57198, 54370
1695561629, 0, 10, 256, 0, 0, 22342.97, 2, 0, 0, 39.76, 1019, 472, 21238.28, 57198, 54370
1695561629, 0, 10, 256, 0, 0, 22342.97, 2, 0, 0, 39.09, 1023, 480, 21238.28, 57198, 54370
1695561630, 0, 10, 256, 0, 0, 22342.97, 2, 0, 0, 39.22, 1024, 491, 21238.28, 57198, 54370
1695561643, 0, 10, 257, 0, 0, 22342.97, 2, 0, 0, 0.66, 1026, 498, 21238.28, 57198, 54370
1695561643, 0, 10, 258, 0, 0, 22342.97, 2, 0, 0, 36.21, 1028, 509, 21238.28, 57198, 54370
1695561657, 0, 10, 258, 0, 0, 22342.97, 2, 0, 0, 0.88, 1031, 518, 21238.28, 57198, 54370
1695561669, 0, 10, 260, 0, 0, 22342.97, 2, 0, 0, 0.78, 1034, 524, 21238.28, 57198, 54370
1695561669, 0, 10, 261, 0, 0, 22342.97, 2, 0, 0, 29.76, 1036, 532, 21238.28, 57198, 54370
1695561669, 0, 10, 261, 0, 0, 22342.97, 2, 0, 0, 28.39, 1040, 537, 21238.28, 57198, 54370
1695561670, 0, 10, 261, 0, 0, 22342.97, 2, 0, 0, 31.15, 1042, 545, 21238.28, 57198, 54370
1695561703, 0, 10, 262, 0, 0, 22342.97, 2, 0, 0, 0.09, 1043, 547, 21238.28, 57198, 54370
1695561703, 0, 10, 263, 0, 0, 22342.97, 2, 0, 0, 27.61, 1044, 555, 21238.28, 57198, 54370
1695561703, 0, 11, 263, 0, 0, 22342.97, 2, 0, 0, 22.35, 1048, 559, 21238.28, 57198, 54370
1695561704, 0, 11, 263, 0, 0, 22342.97, 2, 0, 0, 13.81, 1052, 560, 21238.28, 57198, 54370
1695561704, 0, 12, 263, 0, 0, 22342.97, 2, 0, 0, 19.67, 1055, 563, 21238.28, 57198, 54370
1695561718, 0, 12, 264, 0, 0, 22342.97, 2, 0, 0, 0.35, 1057, 566, 21238.28, 57198, 54370
1695561719, 0, 12, 265, 0, 0, 22342.97, 2, 0, 0, 26.06, 1058, 573, 21238.28, 57198, 54370
1695561719, 0, 12, 265, 0, 0, 22342.97, 2, 0, 0, 27.03, 1060, 580, 21238.28, 57198, 54370
1695561719, 0, 12, 266, 0, 0, 22342.97, 2, 0, 0, 25.21, 1063, 586, 21238.28, 57198, 54370
1695561720, 0, 12, 266, 0, 0, 22342.97, 2, 0, 0, 23.95, 1064, 593, 21238.28, 57198, 54370
1695561720, 0, 12, 266, 0, 0, 22342.97, 2, 0, 0, 32.15, 1067, 600, 21238.28, 57198, 54370
1695561734, 0, 12, 267, 0, 0, 22342.97, 2, 0, 0, 0.59, 1069, 606, 21238.28, 57198, 54370
1695561776, 0, 12, 268, 0, 0, 22342.97, 2, 0, 0, 0.14, 1071, 610, 21238.28, 57198, 54370
1695561776, 0, 12, 268, 0, 0, 22342.97, 2, 0, 0, 28.75, 1072, 618, 21238.28, 57198, 54370
1695561776, 0, 12, 268, 0, 0, 22342.97, 2, 0, 0, 26.39, 1074, 625, 21238.28, 57198, 54370
1695561801, 0, 12, 269, 0, 0, 22343.75, 2, 0, 0, 0.08, 1075, 626, 21239.06, 57200, 54372
1695561801, 0, 12, 269, 0, 0, 22343.75, 2, 0, 0, 16.45, 1076, 630, 21239.06, 57200, 54372
1695561802, 0, 12, 270, 0, 0, 22343.75, 2, 0, 0, 12.62, 1079, 631, 21239.06, 57200, 54372
1695561802, 0, 12, 270, 0, 0, 22343.75, 2, 0, 0, 16.61, 1081, 634, 21239.06, 57200, 54372
1695561815, 0, 12, 271, 0, 0, 22343.75, 2, 0, 0, 0.08, 1082, 634, 21239.06, 57200, 54372
1695561815, 0, 13, 271, 0, 0, 22343.75, 2, 0, 0, 22.80, 1088, 635, 21239.06, 57200, 54372
1695561816, 0, 13, 271, 0, 0, 22343.75, 2, 0, 0, 13.97, 1091, 637, 21239.06, 57200, 54372
1695561816, 0, 13, 271, 0, 0, 22343.75, 2, 0, 0, 8.36, 1094, 637, 21239.06, 57200, 54372
1695561816, 0, 13, 271, 0, 0, 22343.75, 2, 0, 0, 10.23, 1098, 637, 21239.06, 57200, 54372
1695561817, 0, 13, 271, 0, 0, 22343.75, 2, 0, 0, 17.44, 1102, 639, 21239.06, 57200, 54372
1695561830, 0, 13, 272, 0, 0, 22343.75, 2, 0, 0, 0.15, 1104, 639, 21239.06, 57200, 54372
1695561830, 0, 13, 273, 0, 0, 22343.75, 2, 0, 0, 8.77, 1107, 639, 21239.06, 57200, 54372
1695561831, 0, 13, 273, 0, 0, 22343.75, 2, 0, 0, 10.39, 1111, 639, 21239.06, 57200, 54372
1695561846, 0, 13, 274, 0, 0, 22343.75, 2, 0, 0, 0.07, 1112, 639, 21239.06, 57200, 54372
1695561846, 0, 13, 275, 0, 0, 22343.75, 2, 0, 0, 15.92, 1114, 642, 21239.06, 57200, 54372
1695561859, 0, 13, 276, 0, 0, 22343.75, 2, 0, 0, 0.39, 1119, 642, 21239.06, 57200, 54372
1695561860, 0, 13, 277, 0, 0, 22343.75, 2, 0, 0, 11.90, 1123, 642, 21239.06, 57200, 54372
1695561871, 0, 13, 278, 0, 0, 22343.75, 2, 0, 0, 0.26, 1126, 642, 21239.06, 57200, 54372
1695561872, 0, 13, 279, 0, 0, 22343.75, 2, 0, 0, 16.13, 1130, 643, 21239.06, 57200, 54372
1695561885, 0, 13, 280, 0, 0, 22343.75, 2, 0, 0, 0.22, 1133, 643, 21239.06, 57200, 54372
1695561886, 0, 13, 281, 0, 0, 22343.75, 2, 0, 0, 10.23, 1135, 645, 21239.06, 57200, 54372
1695561886, 0, 13, 281, 0, 0, 22343.75, 2, 0, 0, 8.33, 1138, 645, 21239.06, 57200, 54372
1695561900, 0, 13, 282, 0, 0, 22343.75, 2, 0, 0, 0.29, 1141, 646, 21239.06, 57200, 54372
1695561900, 0, 13, 283, 0, 0, 22343.75, 2, 0, 0, 25.56, 1146, 649, 21239.06, 57200, 54372
1695561901, 0, 13, 283, 0, 0, 22343.75, 2, 0, 0, 17.34, 1150, 651, 21239.06, 57200, 54372
1695561916, 0, 13, 284, 0, 0, 22343.75, 2, 0, 0, 0.13, 1151, 652, 21239.06, 57200, 54372
1695561916, 0, 13, 284, 0, 0, 22343.75, 2, 0, 0, 14.93, 1156, 652, 21239.06, 57200, 54372
1695561929, 0, 13, 284, 0, 0, 22343.75, 2, 0, 0, 0.31, 1159, 653, 21239.06, 57200, 54372
1695561947, 0, 13, 285, 0, 0, 22343.75, 2, 0, 0, 0.17, 1161, 654, 21239.06, 57200, 54372
1695561947, 0, 13, 286, 0, 0, 22343.75, 2, 0, 0, 20.41, 1165, 658, 21239.06, 57200, 54372
1695561948, 0, 13, 286, 0, 0, 22343.75, 2, 0, 0, 15.20, 1169, 659, 21239.06, 57200, 54372
1695561948, 0, 13, 286, 0, 0, 22343.75, 2, 0, 0, 18.18, 1174, 660, 21239.06, 57200, 54372
1695561948, 0, 13, 286, 0, 0, 22343.75, 2, 0, 0, 13.77, 1177, 662, 21239.06, 57200, 54372
1695561961, 0, 13, 287, 0, 0, 22344.92, 2, 0, 0, 0.40, 1180, 664, 21240.23, 57203, 54375
1695561961, 0, 13, 287, 0, 0, 22344.92, 2, 0, 0, 18.46, 1186, 664, 21240.23, 57203, 54375
1695561962, 0, 13, 287, 0, 0, 22344.92, 2, 0, 0, 14.12, 1190, 665, 21240.23, 57203, 54375
1695561962, 0, 13, 287, 0, 0, 22344.92, 2, 0, 0, 16.56, 1195, 665, 21240.23, 57203, 54375
1695561962, 0, 13, 287, 0, 0, 22344.92, 2, 0, 0, 12.20, 1199, 665, 21240.23, 57203, 54375
1695561974, 0, 13, 287, 0, 0, 22344.92, 2, 0, 0, 0.08, 1200, 665, 21240.23, 57203, 54375
1695561986, 0, 13, 289, 0, 0, 22344.92, 2, 0, 0, 0.26, 1203, 665, 21240.23, 57203, 54375
1695561986, 0, 13, 290, 0, 0, 22344.92, 2, 0, 0, 14.96, 1207, 667, 21240.23, 57203, 54375
1695562013, 0, 13, 291, 0, 0, 22344.92, 2, 0, 0, 0.07, 1209, 667, 21240.23, 57203, 54375
1695562013, 0, 13, 292, 0, 0, 22344.92, 2, 0, 0, 11.56, 1212, 668, 21240.23, 57203, 54375
1695562045, 0, 13, 293, 0, 0, 22344.92, 2, 0, 0, 0.09, 1215, 668, 21240.23, 57203, 54375
1695562046, 0, 13, 294, 0, 0, 22344.92, 2, 0, 0, 9.01, 1218, 668, 21240.23, 57203, 54375
1695562046, 0, 13, 294, 0, 0, 22344.92, 2, 0, 0, 22.95, 1224, 669, 21240.23, 57203, 54375
1695562047, 0, 13, 294, 0, 0, 22344.92, 2, 0, 0, 14.29, 1229, 670, 21240.23, 57203, 54375
1695562061, 0, 13, 295, 0, 0, 22344.92, 2, 0, 0, 0.28, 1233, 670, 21240.23, 57203, 54375
1695562076, 0, 13, 296, 0, 0, 22344.92, 2, 0, 0, 0.19, 1235, 671, 21240.23, 57203, 54375
1695562090, 0, 13, 298, 0, 0, 22344.92, 2, 0, 0, 0.35, 1239, 672, 21240.23, 57203, 54375
1695562103, 0, 13, 299, 0, 0, 22344.92, 2, 0, 0, 0.08, 1240, 672, 21240.23, 57203, 54375
1695562116, 0, 13, 300, 0, 0, 22344.92, 2, 0, 0, 0.24, 1242, 673, 21240.23, 57203, 54375
1695562129, 0, 13, 301, 0, 0, 22344.92, 2, 0, 0, 0.58, 1247, 676, 21240.23, 57203, 54375
1695562141, 0, 13, 302, 0, 0, 22344.92, 2, 0, 0, 0.17, 1249, 676, 21240.23, 57203, 54375
1695562142, 0, 13, 302, 0, 0, 22344.92, 2, 0, 0, 11.46, 1252, 677, 21240.23, 57203, 54375
1695562142, 0, 13, 302, 0, 0, 22344.92, 2, 0, 0, 12.27, 1256, 677, 21240.23, 57203, 54375
1695562142, 0, 13, 302, 0, 0, 22344.92, 2, 0, 0, 5.60, 1258, 677, 21240.23, 57203, 54375
1695562155, 0, 13, 302, 0, 0, 22344.92, 2, 0, 0, 0.25, 1261, 677, 21240.23, 57203, 54375
1695562155, 0, 13, 302, 0, 0, 22344.92, 2, 0, 0, 15.72, 1266, 677, 21240.23, 57203, 54375
1695562155, 0, 13, 302, 0, 0, 22344.92, 2, 0, 0, 21.02, 1270, 680, 21240.23, 57203, 54375
1695562168, 0, 13, 302, 0, 0, 22344.92, 2, 0, 0, 0.08, 1271, 680, 21240.23, 57203, 54375
1695562180, 0, 13, 302, 0, 0, 22344.92, 2, 0, 0, 0.34, 1275, 680, 21240.23, 57203, 54375
1695562194, 0, 13, 303, 0, 0, 22344.92, 2, 0, 0, 0.29, 1278, 681, 21240.23, 57203, 54375
1695562194, 0, 13, 303, 0, 0, 22344.92, 2, 0, 0, 13.25, 1280, 683, 21240.23, 57203, 54375
1695562194, 0, 13, 303, 0, 0, 22344.92, 2, 0, 0, 16.17, 1286, 683, 21240.23, 57203, 54375
1695562195, 0, 13, 303, 0, 0, 22344.92, 2, 0, 0, 16.23, 1290, 684, 21240.23, 57203, 54375
1695562221, 0, 13, 303, 0, 0, 22344.92, 2, 0, 0, 0.11, 1291, 686, 21240.23, 57203, 54375
1695562222, 0, 13, 303, 0, 0, 22344.92, 2, 0, 0, 13.03, 1294, 687, 21240.23, 57203, 54375
1695562222, 0, 13, 303, 0, 0, 22344.92, 2, 0, 0, 17.70, 1299, 688, 21240.23, 57203, 54375
1695562222, 0, 13, 303, 0, 0, 22344.92, 2, 0, 0, 14.37, 1302, 690, 21240.23, 57203, 54375
1695562234, 0, 13, 303, 0, 0, 22344.92, 2, 0, 0, 0.17, 1304, 690, 21240.23, 57203, 54375
1695562246, 0, 13, 303, 0, 0, 22344.92, 2, 0, 0, 0.08, 1305, 690, 21240.23, 57203, 54375
1695562246, 0, 13, 303, 0, 0, 22344.92, 2, 0, 0, 16.44, 1309, 692, 21240.23, 57203, 54375
1695562258, 0, 13, 304, 0, 0, 22344.92, 2, 0, 0, 0.50, 1312, 695, 21240.23, 57203, 54375
1695562259, 0, 13, 304, 0, 0, 22344.92, 2, 0, 0, 12.62, 1315, 696, 21240.23, 57203, 54375
1695562259, 0, 13, 304, 0, 0, 22344.92, 2, 0, 0, 15.54, 1319, 698, 21240.23, 57203, 54375
1695562259, 0, 13, 304, 0, 0, 22344.92, 2, 0, 0, 17.96, 1322, 701, 21240.23, 57203, 54375
1695562271, 0, 13, 304, 0, 0, 22344.92, 2, 0, 0, 0.34, 1325, 702, 21240.23, 57203, 54375
1695562271, 0, 13, 304, 0, 0, 22344.92, 2, 0, 0, 12.05, 1329, 702, 21240.23, 57203, 54375
1695562272, 0, 13, 304, 0, 0, 22344.92, 2, 0, 0, 14.25, 1332, 704, 21240.23, 57203, 54375
1695562284, 0, 13, 305, 0, 0, 22344.92, 2, 0, 0, 0.08, 1333, 704, 21240.23, 57203, 54375
1695562285, 0, 14, 305, 0, 0, 22344.92, 2, 0, 0, 23.95, 1339, 706, 21240.23, 57203, 54375
1695562285, 0, 14, 305, 0, 0, 22344.92, 2, 0, 0, 19.54, 1344, 707, 21240.23, 57203, 54375
1695562285, 0, 14, 305, 0, 0, 22344.92, 2, 0, 0, 25.24, 1352, 707, 21240.23, 57203, 54375
1695562285, 0, 14, 305, 0, 0, 22344.92, 2, 0, 0, 25.16, 1359, 708, 21240.23, 57203, 54375
1695562297, 0, 14, 306, 0, 0, 22344.92, 2, 0, 0, 0.60, 1365, 709, 21240.23, 57203, 54375
1695562310, 0, 14, 306, 0, 0, 22344.92, 2, 0, 0, 0.16, 1367, 709, 21240.23, 57203, 54375
1695562325, 0, 14, 307, 0, 0, 22345.31, 2, 0, 0, 0.13, 1368, 710, 21240.63, 57204, 54376
1695562337, 0, 14, 307, 0, 0, 22345.31, 2, 0, 0, 0.58, 1373, 712, 21240.63, 57204, 54376
1695562349, 0, 14, 307, 0, 0, 22345.31, 2, 0, 0, 0.08, 1374, 712, 21240.63, 57204, 54376
1695562350, 0, 14, 307, 0, 0, 22345.31, 2, 0, 0, 16.39, 1378, 713, 21240.63, 57204, 54376
1695562362, 0, 14, 308, 0, 0, 22345.31, 2, 0, 0, 0.16, 1379, 714, 21240.63, 57204, 54376
1695562374, 0, 14, 309, 0, 0, 22345.31, 2, 0, 0, 0.25, 1381, 715, 21240.63, 57204, 54376
1695562374, 0, 14, 309, 0, 0, 22345.31, 2, 0, 0, 19.54, 1386, 716, 21240.63, 57204, 54376
1695562375, 0, 14, 309, 0, 0, 22345.31, 2, 0, 0, 21.47, 1391, 718, 21240.63, 57204, 54376
1695562375, 0, 14, 309, 0, 0, 22345.31, 2, 0, 0, 20.41, 1397, 719, 21240.63, 57204, 54376
1695562375, 0, 15, 310, 0, 0, 22345.31, 2, 0, 0, 16.13, 1402, 719, 21240.63, 57204, 54376
1695562390, 0, 15, 311, 0, 0, 22345.31, 2, 0, 0, 0.28, 1404, 721, 21240.63, 57204, 54376
1695562390, 0, 15, 312, 0, 0, 22345.31, 2, 0, 0, 12.77, 1409, 722, 21240.63, 57204, 54376
1695562390, 0, 15, 312, 0, 0, 22345.31, 2, 0, 0, 18.81, 1414, 723, 21240.63, 57204, 54376
1695562391, 0, 15, 312, 0, 0, 22345.31, 2, 0, 0, 19.35, 1417, 726, 21240.63, 57204, 54376
1695562402, 0, 15, 313, 0, 0, 22345.31, 2, 0, 0, 0.09, 1418, 726, 21240.63, 57204, 54376
1695562403, 0, 15, 313, 0, 0, 22345.31, 2, 0, 0, 21.54, 1423, 728, 21240.63, 57204, 54376
1695562403, 0, 15, 313, 0, 0, 22345.31, 2, 0, 0, 21.15, 1427, 731, 21240.63, 57204, 54376
1695562417, 0, 15, 314, 0, 0, 22345.31, 2, 0, 0, 0.29, 1430, 732, 21240.63, 57204, 54376
1695562417, 0, 15, 314, 0, 0, 22345.31, 2, 0, 0, 19.54, 1435, 733, 21240.63, 57204, 54376
1695562418, 0, 15, 314, 0, 0, 22345.31, 2, 0, 0, 18.99, 1440, 734, 21240.63, 57204, 54376
1695562418, 0, 15, 314, 0, 0, 22345.31, 2, 0, 0, 14.49, 1444, 735, 21240.63, 57204, 54376
1695562429, 0, 15, 314, 0, 0, 22345.31, 2, 0, 0, 0.28, 1446, 736, 21240.63, 57204, 54376
1695562440, 0, 15, 314, 0, 0, 22345.31, 2, 0, 0, 0.17, 1448, 736, 21240.63, 57204, 54376
1695562453, 0, 15, 314, 0, 0, 22345.31, 2, 0, 0, 0.24, 1450, 737, 21240.63, 57204, 54376
1695562453, 0, 15, 314, 0, 0, 22345.31, 2, 0, 0, 20.00, 1455, 738, 21240.63, 57204, 54376
1695562467, 0, 15, 315, 0, 0, 22345.31, 2, 0, 0, 0.29, 1458, 739, 21240.63, 57204, 54376
1695562478, 0, 16, 315, 0, 0, 22345.31, 2, 0, 0, 0.09, 1459, 739, 21240.63, 57204, 54376
1695562489, 0, 16, 315, 0, 0, 22345.31, 2, 0, 0, 0.09, 1460, 739, 21240.63, 57204, 54376
1695562500, 0, 16, 316, 0, 0, 22345.31, 2, 0, 0, 0.09, 1461, 739, 21240.63, 57204, 54376
1695562511, 0, 16, 317, 0, 0, 22345.31, 2, 0, 0, 0.09, 1462, 739, 21240.63, 57204, 54376
1695562523, 0, 16, 318, 0, 0, 22345.31, 2, 0, 0, 0.09, 1463, 739, 21240.63, 57204, 54376
1695562534, 0, 16, 319, 0, 0, 22345.31, 2, 0, 0, 0.09, 1464, 739, 21240.63, 57204, 54376
1695562545, 0, 16, 320, 0, 0, 22345.31, 2, 0, 0, 0.09, 1465, 739, 21240.63, 57204, 54376
1695562556, 0, 16, 320, 0, 0, 22345.31, 2, 0, 0, 0.09, 1466, 739, 21240.63, 57204, 54376
1695562567, 0, 16, 321, 0, 0, 22345.31, 2, 0, 0, 0.09, 1467, 739, 21240.63, 57204, 54376
1695562578, 0, 16, 321, 0, 0, 22345.31, 2, 0, 0, 0.09, 1468, 739, 21240.63, 57204, 54376
1695562590, 0, 16, 322, 0, 0, 22345.31, 2, 0, 0, 0.09, 1469, 739, 21240.63, 57204, 54376
1695562601, 0, 16, 322, 0, 0, 22345.31, 2, 0, 0, 0.09, 1470, 739, 21240.63, 57204, 54376
1695562612, 0, 16, 322, 0, 0, 22345.31, 2, 0, 0, 0.09, 1471, 739, 21240.63, 57204, 54376
1695562623, 0, 16, 322, 0, 0, 22345.31, 2, 0, 0, 0.09, 1472, 739, 21240.63, 57204, 54376
1695562634, 0, 16, 322, 0, 0, 22345.31, 2, 0, 0, 0.09, 1473, 739, 21240.63, 57204, 54376
1695562645, 0, 16, 322, 0, 0, 22345.31, 2, 0, 0, 0.09, 1474, 739, 21240.63, 57204, 54376
1695562657, 0, 16, 322, 0, 0, 22345.31, 2, 0, 0, 0.09, 1475, 739, 21240.63, 57204, 54376
1695562668, 0, 16, 322, 0, 0, 22345.31, 2, 0, 0, 0.09, 1476, 739, 21240.63, 57204, 54376
1695562679, 0, 16, 322, 0, 0, 22345.31, 2, 0, 0, 0.09, 1477, 739, 21240.63, 57204, 54376
1695562690, 0, 16, 323, 0, 0, 22345.31, 2, 0, 0, 0.09, 1478, 739, 21240.63, 57204, 54376
1695562701, 0, 16, 323, 0, 0, 22345.31, 2, 0, 0, 0.09, 1479, 739, 21240.63, 57204, 54376
1695562712, 0, 16, 323, 0, 0, 22345.31, 2, 0, 0, 0.09, 1480, 739, 21240.63, 57204, 54376
1695562723, 0, 16, 323, 0, 0, 22345.31, 2, 0, 0, 0.09, 1481, 739, 21240.63, 57204, 54376
1695562734, 0, 16, 323, 0, 0, 22345.31, 2, 0, 0, 0.09, 1482, 739, 21240.63, 57204, 54376
1695562745, 0, 16, 323, 0, 0, 22345.31, 2, 0, 0, 0.09, 1483, 739, 21240.63, 57204, 54376
1695562756, 0, 16, 323, 0, 0, 22345.31, 2, 0, 0, 0.09, 1484, 739, 21240.63, 57204, 54376
1695562767, 0, 16, 323, 0, 0, 22345.31, 2, 0, 0, 0.09, 1485, 739, 21240.63, 57204, 54376
1695562778, 0, 16, 323, 0, 0, 22345.31, 2, 0, 0, 0.09, 1486, 739, 21240.63, 57204, 54376
1695562789, 0, 16, 323, 0, 0, 22345.31, 2, 0, 0, 0.09, 1487, 739, 21240.63, 57204, 54376
1695562801, 0, 16, 323, 0, 0, 22345.31, 2, 0, 0, 0.09, 1488, 739, 21240.63, 57204, 54376
1695562812, 0, 16, 323, 0, 0, 22345.31, 2, 0, 0, 0.08, 1489, 739, 21240.63, 57204, 54376
1695562824, 0, 16, 323, 0, 0, 22345.31, 2, 0, 0, 0.09, 1490, 739, 21240.63, 57204, 54376
1695562835, 0, 16, 323, 0, 0, 22345.31, 2, 0, 0, 0.09, 1491, 739, 21240.63, 57204, 54376
1695562846, 0, 16, 323, 0, 0, 22345.31, 2, 0, 0, 0.09, 1492, 739, 21240.63, 57204, 54376
1695562858, 0, 16, 323, 0, 0, 22345.31, 2, 0, 0, 0.09, 1493, 739, 21240.63, 57204, 54376
1695562869, 0, 16, 324, 0, 0, 22345.31, 2, 0, 0, 0.09, 1494, 739, 21240.63, 57204, 54376
1695562881, 0, 16, 324, 0, 0, 22345.31, 2, 0, 0, 0.09, 1495, 739, 21240.63, 57204, 54376
1695562892, 0, 16, 324, 0, 0, 22345.31, 2, 0, 0, 0.09, 1496, 739, 21240.63, 57204, 54376
1695562903, 0, 16, 324, 0, 0, 22345.31, 2, 0, 0, 0.09, 1497, 739, 21240.63, 57204, 54376
1695562914, 0, 16, 324, 0, 0, 22345.31, 2, 0, 0, 0.09, 1498, 739, 21240.63, 57204, 54376
1695562925, 0, 16, 325, 0, 0, 22345.31, 2, 0, 0, 0.09, 1499, 739, 21240.63, 57204, 54376
1695562937, 0, 16, 326, 0, 0, 22345.31, 2, 0, 0, 0.09, 1500, 739, 21240.63, 57204, 54376
1695562948, 0, 16, 327, 0, 0, 22345.31, 2, 0, 0, 0.09, 1501, 739, 21240.63, 57204, 54376
1695562960, 0, 16, 327, 0, 0, 22345.31, 2, 0, 0, 0.09, 1502, 739, 21240.63, 57204, 54376
1695562971, 0, 16, 327, 0, 0, 22345.31, 2, 0, 0, 0.09, 1503, 739, 21240.63, 57204, 54376
1695562982, 0, 16, 327, 0, 0, 22345.31, 2, 0, 0, 0.09, 1504, 739, 21240.63, 57204, 54376
1695562994, 0, 16, 328, 0, 0, 22347.27, 2, 0, 0, 0.09, 1505, 739, 21242.58, 57209, 54381
1695563005, 0, 16, 329, 0, 0, 22347.27, 2, 0, 0, 0.09, 1506, 739, 21242.58, 57209, 54381
1695563016, 0, 16, 329, 0, 0, 22347.27, 2, 0, 0, 0.09, 1507, 739, 21242.58, 57209, 54381
1695563028, 0, 16, 329, 0, 0, 22347.27, 2, 0, 0, 0.09, 1508, 739, 21242.58, 57209, 54381
1695563039, 0, 16, 329, 0, 0, 22347.27, 2, 0, 0, 0.09, 1509, 739, 21242.58, 57209, 54381
1695563051, 0, 16, 330, 0, 0, 22347.27, 2, 0, 0, 0.09, 1510, 739, 21242.58, 57209, 54381
1695563062, 0, 16, 330, 0, 0, 22347.27, 2, 0, 0, 0.09, 1511, 739, 21242.58, 57209, 54381
1695563073, 0, 16, 331, 0, 0, 22347.27, 2, 0, 0, 0.09, 1512, 739, 21242.58, 57209, 54381
1695563083, 0, 16, 331, 0, 0, 22347.27, 2, 0, 0, 0.09, 1513, 739, 21242.58, 57209, 54381
1695563095, 0, 16, 332, 0, 0, 22347.27, 2, 0, 0, 0.09, 1514, 739, 21242.58, 57209, 54381
1695563106, 0, 16, 332, 0, 0, 22347.27, 2, 0, 0, 0.09, 1515, 739, 21242.58, 57209, 54381
1695563118, 0, 16, 332, 0, 0, 22347.27, 2, 0, 0, 0.08, 1516, 739, 21242.58, 57209, 54381
1695563129, 0, 16, 333, 0, 0, 22347.27, 2, 0, 0, 0.09, 1517, 739, 21242.58, 57209, 54381
1695563141, 0, 16, 334, 0, 0, 22347.27, 2, 0, 0, 0.09, 1518, 739, 21242.58, 57209, 54381
1695563152, 0, 16, 334, 0, 0, 22347.27, 2, 0, 0, 0.09, 1519, 739, 21242.58, 57209, 54381
1695563164, 0, 16, 334, 0, 0, 22347.27, 2, 0, 0, 0.09, 1520, 739, 21242.58, 57209, 54381
1695563176, 0, 16, 335, 0, 0, 22347.27, 2, 0, 0, 0.08, 1521, 739, 21242.58, 57209, 54381
1695563188, 0, 16, 336, 0, 0, 22347.27, 2, 0, 0, 0.09, 1522, 739, 21242.58, 57209, 54381
1695563199, 0, 16, 336, 0, 0, 22347.27, 2, 0, 0, 0.09, 1523, 739, 21242.58, 57209, 54381
1695563210, 0, 16, 337, 0, 0, 22347.27, 2, 0, 0, 0.09, 1524, 739, 21242.58, 57209, 54381
1695563222, 0, 16, 338, 0, 0, 22347.27, 2, 0, 0, 0.09, 1525, 739, 21242.58, 57209, 54381
1695563233, 0, 16, 338, 0, 0, 22347.27, 2, 0, 0, 0.09, 1526, 739, 21242.58, 57209, 54381
1695563245, 0, 16, 339, 0, 0, 22347.27, 2, 0, 0, 0.09, 1527, 739, 21242.58, 57209, 54381
1695563256, 0, 16, 339, 0, 0, 22347.27, 2, 0, 0, 0.09, 1528, 739, 21242.58, 57209, 54381
1695563267, 0, 16, 339, 0, 0, 22347.27, 2, 0, 0, 0.09, 1529, 739, 21242.58, 57209, 54381
1695563279, 0, 16, 340, 0, 0, 22347.27, 2, 0, 0, 0.08, 1530, 739, 21242.58, 57209, 54381
1695563291, 0, 16, 341, 0, 0, 22347.27, 2, 0, 0, 0.08, 1531, 739, 21242.58, 57209, 54381
1695563302, 0, 16, 341, 0, 0, 22347.27, 2, 0, 0, 0.09, 1532, 739, 21242.58, 57209, 54381
1695563314, 0, 16, 342, 0, 0, 22347.27, 2, 0, 0, 0.09, 1533, 739, 21242.58, 57209, 54381
1695563325, 0, 16, 343, 0, 0, 22347.27, 2, 0, 0, 0.09, 1534, 739, 21242.58, 57209, 54381
1695563337, 0, 16, 344, 0, 0, 22347.27, 2, 0, 0, 0.09, 1535, 739, 21242.58, 57209, 54381
1695563348, 0, 16, 345, 0, 0, 22347.27, 2, 0, 0, 0.09, 1536, 739, 21242.58, 57209, 54381
1695563360, 0, 16, 346, 0, 0, 22347.27, 2, 0, 0, 0.08, 1537, 739, 21242.58, 57209, 54381
1695563371, 0, 16, 347, 0, 0, 22347.27, 2, 0, 0, 0.09, 1538, 739, 21242.58, 57209, 54381
1695563383, 0, 16, 348, 0, 0, 22347.27, 2, 0, 0, 0.09, 1539, 739, 21242.58, 57209, 54381
1695563394, 0, 16, 349, 0, 0, 22347.27, 2, 0, 0, 0.09, 1540, 739, 21242.58, 57209, 54381
1695563406, 0, 16, 349, 0, 0, 22347.27, 2, 0, 0, 0.08, 1541, 739, 21242.58, 57209, 54381
1695563417, 0, 16, 350, 0, 0, 22347.66, 2, 0, 0, 0.09, 1542, 739, 21242.97, 57210, 54382
1695563428, 0, 16, 350, 0, 0, 22347.66, 2, 0, 0, 0.09, 1543, 739, 21242.97, 57210, 54382
1695563440, 0, 16, 351, 0, 0, 22347.66, 2, 0, 0, 0.09, 1544, 739, 21242.97, 57210, 54382
1695563452, 0, 16, 352, 0, 0, 22347.66, 2, 0, 0, 0.08, 1545, 739, 21242.97, 57210, 54382
1695563464, 0, 16, 353, 0, 0, 22347.66, 2, 0, 0, 0.08, 1546, 739, 21242.97, 57210, 54382
1695563476, 0, 16, 354, 0, 0, 22347.66, 2, 0, 0, 0.08, 1547, 739, 21242.97, 57210, 54382
1695563488, 0, 16, 355, 0, 0, 22347.66, 2, 0, 0, 0.09, 1548, 739, 21242.97, 57210, 54382
1695563500, 0, 16, 355, 0, 0, 22347.66, 2, 0, 0, 0.08, 1549, 739, 21242.97, 57210, 54382
1695563511, 0, 16, 355, 0, 0, 22347.66, 2, 0, 0, 0.09, 1550, 739, 21242.97, 57210, 54382
1695563523, 0, 16, 356, 0, 0, 22347.66, 2, 0, 0, 0.09, 1551, 739, 21242.97, 57210, 54382
1695563539, 0, 16, 357, 0, 0, 22347.66, 2, 0, 0, 0.06, 1552, 739, 21242.97, 57210, 54382
1695563539, 0, 16, 357, 0, 0, 22347.66, 2, 0, 0, 0.00, 1552, 739, 21242.97, 57210, 54382
