# unix_time, cycles_done, cur_path, paths_total, pending_total, pending_favs, map_size, unique_crashes, unique_hangs, max_depth, execs_per_sec, valid_inputs, invalid_inputs, valid_cov, all_covered_probes, valid_covered_probes
1695410961, 0, 0, 1, 0, 0, 4341.80, 0, 0, 0, 0.55, 0, 1, 0.00, 11115, 0
1695410961, 0, 0, 2, 0, 0, 4777.34, 0, 0, 0, 2.55, 0, 2, 0.00, 12230, 0
1695410962, 0, 0, 10, 0, 0, 4876.17, 0, 0, 0, 25.89, 2, 8, 1921.09, 12483, 4918
1695410988, 0, 0, 12, 0, 0, 4876.17, 1, 0, 0, 0.15, 2, 12, 1921.09, 12483, 4918
1695411000, 0, 0, 21, 0, 0, 20746.09, 1, 0, 0, 0.83, 5, 19, 19492.97, 53110, 49902
1695411001, 0, 0, 31, 0, 0, 21121.88, 1, 0, 0, 48.47, 9, 34, 19923.05, 54072, 51003
1695411012, 0, 0, 36, 0, 0, 21584.38, 1, 0, 0, 1.74, 12, 51, 20393.36, 55256, 52207
1695411029, 0, 0, 40, 0, 0, 21633.59, 1, 0, 0, 0.48, 15, 56, 20442.97, 55382, 52334
1695411029, 0, 0, 47, 0, 0, 21633.98, 1, 0, 0, 59.41, 18, 71, 20442.97, 55383, 52334
1695411029, 0, 0, 49, 0, 0, 21633.98, 1, 0, 0, 33.23, 21, 79, 20442.97, 55383, 52334
1695411030, 0, 0, 49, 0, 0, 21633.98, 1, 0, 0, 66.23, 25, 95, 20442.97, 55383, 52334
1695411044, 0, 0, 50, 0, 0, 21677.73, 1, 0, 0, 0.21, 26, 97, 20488.28, 55495, 52450
1695411045, 0, 0, 55, 0, 0, 21677.73, 1, 0, 0, 86.38, 30, 119, 20488.28, 55495, 52450
1695411056, 0, 0, 56, 0, 0, 21686.33, 1, 0, 0, 0.45, 32, 122, 20496.88, 55517, 52472
1695411056, 0, 0, 61, 0, 0, 21686.33, 1, 0, 0, 64.31, 35, 139, 20497.66, 55517, 52474
1695411056, 0, 0, 62, 0, 0, 21686.33, 1, 0, 0, 9.84, 35, 142, 20497.66, 55517, 52474
1695411069, 0, 0, 63, 0, 0, 21696.48, 1, 0, 0, 0.49, 37, 146, 20507.81, 55543, 52500
1695411080, 0, 0, 68, 0, 0, 21696.48, 1, 0, 0, 0.73, 39, 152, 20507.81, 55543, 52500
1695411090, 0, 0, 72, 0, 0, 21698.83, 1, 0, 0, 0.38, 41, 154, 20510.16, 55549, 52506
1695411091, 0, 1, 77, 0, 0, 21698.83, 1, 0, 0, 40.37, 43, 165, 20510.16, 55549, 52506
1695411110, 0, 1, 78, 0, 0, 21698.83, 1, 0, 0, 0.82, 46, 178, 20510.16, 55549, 52506
1695411123, 0, 1, 80, 0, 0, 21700.00, 1, 0, 0, 0.15, 47, 179, 20511.33, 55552, 52509
1695411134, 0, 1, 82, 0, 0, 21700.00, 1, 0, 0, 1.20, 51, 188, 20511.33, 55552, 52509
1695411150, 0, 1, 85, 0, 0, 21703.52, 1, 0, 0, 0.19, 53, 189, 20530.08, 55561, 52557
1695411171, 0, 1, 90, 0, 0, 21706.25, 1, 0, 0, 1.23, 59, 208, 20532.42, 55568, 52563
1695411171, 0, 1, 92, 0, 0, 21706.25, 1, 0, 0, 125.83, 74, 231, 20532.42, 55568, 52563
1695411183, 0, 1, 93, 0, 0, 21714.84, 1, 0, 0, 0.60, 76, 236, 20541.02, 55590, 52585
1695411195, 0, 1, 95, 0, 0, 21714.84, 2, 0, 0, 0.34, 77, 239, 20541.02, 55590, 52585
1695411210, 0, 2, 97, 0, 0, 21907.03, 2, 0, 0, 0.39, 80, 242, 20733.20, 56082, 53077
1695411224, 0, 2, 98, 0, 0, 21907.42, 2, 0, 0, 0.21, 83, 242, 20733.59, 56083, 53078
1695411236, 0, 2, 103, 0, 0, 21907.42, 2, 0, 0, 1.49, 91, 251, 20733.59, 56083, 53078
1695411247, 0, 2, 109, 0, 0, 21907.42, 2, 0, 0, 1.42, 104, 254, 20733.59, 56083, 53078
1695411297, 0, 2, 112, 0, 0, 21925.39, 2, 0, 0, 0.14, 107, 258, 20751.56, 56129, 53124
1695411308, 0, 2, 114, 0, 0, 21928.91, 2, 0, 0, 0.52, 113, 258, 20755.08, 56138, 53133
1695411321, 0, 2, 116, 0, 0, 21928.91, 2, 0, 0, 0.57, 119, 259, 20755.08, 56138, 53133
1695411332, 0, 2, 118, 0, 0, 21929.30, 2, 0, 0, 1.30, 128, 265, 20755.47, 56139, 53134
1695411332, 0, 4, 121, 0, 0, 21929.30, 2, 0, 0, 59.60, 136, 275, 20755.47, 56139, 53134
1695411351, 0, 4, 122, 0, 0, 21930.08, 2, 0, 0, 0.33, 138, 279, 20756.25, 56141, 53136
1695411366, 0, 4, 124, 0, 0, 22296.48, 2, 0, 0, 0.19, 139, 281, 21128.13, 57079, 54088
1695411380, 0, 4, 125, 0, 0, 22296.88, 2, 0, 0, 0.38, 141, 284, 21128.52, 57080, 54089
1695411380, 0, 4, 127, 0, 0, 22296.88, 2, 0, 0, 64.52, 147, 298, 21128.52, 57080, 54089
1695411393, 0, 4, 128, 0, 0, 22303.13, 2, 0, 0, 0.97, 149, 309, 21134.77, 57096, 54105
1695411406, 0, 5, 131, 0, 0, 22303.13, 2, 0, 0, 1.72, 160, 320, 21134.77, 57096, 54105
1695411418, 0, 5, 133, 0, 0, 22343.75, 2, 0, 0, 0.16, 162, 320, 21175.39, 57200, 54209
1695411430, 0, 5, 134, 0, 0, 22343.75, 2, 0, 0, 0.08, 163, 320, 21175.39, 57200, 54209
1695411431, 0, 5, 137, 0, 0, 22343.75, 2, 0, 0, 66.67, 179, 326, 21175.39, 57200, 54209
1695411443, 0, 5, 138, 0, 0, 22344.53, 2, 0, 0, 0.42, 182, 328, 21176.17, 57202, 54211
1695411461, 0, 5, 141, 0, 0, 22414.84, 2, 0, 0, 0.22, 184, 330, 21246.48, 57382, 54391
1695411461, 0, 5, 143, 0, 0, 22414.84, 2, 0, 0, 35.83, 195, 330, 21246.48, 57382, 54391
1695411474, 0, 5, 146, 0, 0, 22415.63, 2, 0, 0, 1.16, 205, 335, 21247.27, 57384, 54393
1695411506, 0, 5, 148, 0, 0, 22415.63, 2, 0, 0, 0.09, 208, 335, 21247.27, 57384, 54393
1695411544, 0, 5, 149, 0, 0, 22417.97, 2, 0, 0, 0.03, 209, 335, 21249.61, 57390, 54399
1695411558, 0, 5, 151, 0, 0, 22417.97, 2, 0, 0, 0.28, 212, 336, 21249.61, 57390, 54399
1695411576, 0, 5, 153, 0, 0, 22417.97, 2, 0, 0, 0.38, 218, 337, 21249.61, 57390, 54399
1695411589, 0, 5, 154, 0, 0, 22417.97, 2, 0, 0, 0.15, 219, 338, 21249.61, 57390, 54399
1695411590, 0, 6, 155, 0, 0, 22417.97, 2, 0, 0, 26.40, 225, 340, 21249.61, 57390, 54399
1695411590, 0, 6, 157, 0, 0, 22417.97, 2, 0, 0, 29.24, 233, 342, 21249.61, 57390, 54399
1695411604, 0, 6, 158, 0, 0, 22417.97, 2, 0, 0, 0.65, 241, 343, 21249.61, 57390, 54399
1695411604, 0, 6, 159, 0, 0, 22417.97, 2, 0, 0, 52.81, 251, 349, 21249.61, 57390, 54399
1695411630, 0, 6, 160, 0, 0, 22417.97, 2, 0, 0, 0.35, 258, 351, 21249.61, 57390, 54399
1695411630, 0, 6, 161, 0, 0, 22417.97, 2, 0, 0, 3.12, 259, 351, 21249.61, 57390, 54399
1695411644, 0, 6, 162, 0, 0, 22417.97, 2, 0, 0, 0.21, 262, 351, 21249.61, 57390, 54399
1695411658, 0, 6, 164, 0, 0, 22417.97, 2, 0, 0, 0.21, 264, 352, 21257.81, 57390, 54420
1695411670, 0, 6, 166, 0, 0, 22417.97, 2, 0, 0, 0.17, 266, 352, 21257.81, 57390, 54420
1695411686, 0, 6, 168, 0, 0, 22417.97, 2, 0, 0, 0.18, 267, 354, 21257.81, 57390, 54420
1695411698, 0, 8, 171, 0, 0, 22417.97, 2, 0, 0, 1.03, 270, 363, 21257.81, 57390, 54420
1695411711, 0, 8, 172, 0, 0, 22417.97, 2, 0, 0, 0.15, 271, 364, 21257.81, 57390, 54420
1695411731, 0, 8, 173, 0, 0, 22417.97, 2, 0, 0, 0.55, 273, 373, 21257.81, 57390, 54420
1695411743, 0, 8, 173, 0, 0, 22417.97, 3, 0, 0, 0.09, 273, 374, 21257.81, 57390, 54420
1695411756, 0, 8, 175, 0, 0, 22418.75, 3, 0, 0, 0.90, 275, 384, 21258.59, 57392, 54422
1695411770, 0, 8, 177, 0, 0, 22418.75, 3, 0, 0, 1.10, 282, 392, 21258.59, 57392, 54422
1695411784, 0, 8, 178, 0, 0, 22422.66, 3, 0, 0, 0.20, 283, 394, 21262.50, 57402, 54432
1695411796, 0, 9, 179, 0, 0, 22422.66, 3, 0, 0, 0.83, 284, 403, 21262.50, 57402, 54432
1695411809, 0, 9, 180, 0, 0, 22422.66, 3, 0, 0, 0.93, 289, 410, 21262.50, 57402, 54432
1695411821, 0, 9, 182, 0, 0, 22422.66, 3, 0, 0, 1.62, 294, 424, 21262.50, 57402, 54432
1695411833, 0, 9, 183, 0, 0, 22422.66, 3, 0, 0, 1.13, 300, 432, 21262.50, 57402, 54432
1695411851, 0, 9, 184, 0, 0, 22423.05, 3, 0, 0, 0.06, 301, 432, 21262.89, 57403, 54433
1695411851, 0, 11, 186, 0, 0, 22423.05, 3, 0, 0, 58.25, 307, 444, 21262.89, 57403, 54433
1695411852, 0, 12, 187, 0, 0, 22423.05, 3, 0, 0, 40.12, 312, 452, 21262.89, 57403, 54433
1695411868, 0, 12, 188, 0, 0, 22423.05, 3, 0, 0, 0.98, 313, 467, 21262.89, 57403, 54433
1695411868, 0, 12, 190, 0, 0, 22423.05, 3, 0, 0, 59.60, 316, 482, 21262.89, 57403, 54433
1695411880, 0, 12, 191, 0, 0, 22423.05, 3, 0, 0, 0.91, 321, 488, 21262.89, 57403, 54433
1695411881, 0, 12, 191, 0, 0, 22423.05, 3, 0, 0, 95.39, 326, 512, 21262.89, 57403, 54433
1695411893, 0, 12, 192, 0, 0, 22423.05, 3, 0, 0, 0.42, 327, 516, 21262.89, 57403, 54433
1695411909, 0, 13, 193, 0, 0, 22423.44, 3, 0, 0, 1.04, 335, 525, 21263.28, 57404, 54434
1695411923, 0, 13, 194, 0, 0, 22423.44, 3, 0, 0, 0.14, 337, 525, 21263.28, 57404, 54434
1695411939, 0, 13, 195, 0, 0, 22423.44, 3, 0, 0, 0.06, 338, 525, 21263.28, 57404, 54434
1695411952, 0, 13, 199, 0, 0, 22423.44, 3, 0, 0, 1.01, 350, 526, 21263.28, 57404, 54434
1695411962, 0, 13, 199, 0, 0, 22423.44, 3, 0, 0, 0.56, 353, 529, 21263.28, 57404, 54434
1695411975, 0, 13, 201, 0, 0, 22423.44, 3, 0, 0, 0.48, 357, 531, 21263.28, 57404, 54434
1695411998, 0, 13, 203, 0, 0, 22423.83, 3, 0, 0, 0.34, 361, 535, 21263.67, 57405, 54435
1695412011, 0, 13, 204, 0, 0, 22423.83, 3, 0, 0, 0.16, 362, 536, 21263.67, 57405, 54435
1695412023, 0, 13, 206, 0, 0, 22424.22, 3, 0, 0, 0.23, 365, 536, 21264.06, 57406, 54436
1695412039, 0, 13, 208, 0, 0, 22432.81, 3, 0, 0, 0.38, 371, 536, 21272.66, 57428, 54458
1695412077, 0, 13, 210, 0, 0, 22434.38, 3, 0, 0, 0.10, 374, 537, 21274.22, 57432, 54462
1695412090, 0, 13, 211, 0, 0, 22434.38, 3, 0, 0, 0.31, 377, 538, 21274.22, 57432, 54462
1695412102, 0, 13, 212, 0, 0, 22434.38, 3, 0, 0, 0.61, 382, 540, 21274.22, 57432, 54462
1695412115, 0, 13, 213, 0, 0, 22434.38, 3, 0, 0, 0.15, 384, 540, 21274.22, 57432, 54462
1695412128, 0, 13, 214, 0, 0, 22434.38, 3, 0, 0, 0.30, 387, 541, 21274.22, 57432, 54462
1695412148, 0, 14, 216, 0, 0, 22435.94, 3, 0, 0, 0.60, 394, 546, 21275.78, 57436, 54466
1695412148, 0, 14, 217, 0, 0, 22435.94, 3, 0, 0, 35.14, 398, 553, 21275.78, 57436, 54466
1695412161, 0, 14, 218, 0, 0, 22435.94, 3, 0, 0, 0.88, 400, 562, 21275.78, 57436, 54466
1695412161, 0, 14, 218, 0, 0, 22435.94, 3, 0, 0, 46.05, 401, 575, 21275.78, 57436, 54466
1695412178, 0, 14, 219, 0, 0, 22435.94, 3, 0, 0, 0.06, 402, 575, 21275.78, 57436, 54466
1695412178, 0, 14, 219, 0, 0, 22435.94, 3, 0, 0, 58.06, 408, 587, 21275.78, 57436, 54466
1695412178, 0, 15, 219, 0, 0, 22435.94, 3, 0, 0, 56.66, 413, 602, 21275.78, 57436, 54466
1695412179, 0, 15, 219, 0, 0, 22435.94, 3, 0, 0, 65.57, 417, 618, 21275.78, 57436, 54466
1695412191, 0, 15, 220, 0, 0, 22435.94, 3, 0, 0, 1.31, 421, 630, 21275.78, 57436, 54466
1695412203, 0, 15, 220, 0, 0, 22435.94, 3, 0, 0, 0.65, 423, 636, 21275.78, 57436, 54466
1695412219, 0, 15, 221, 0, 0, 22435.94, 3, 0, 0, 1.07, 428, 648, 21275.78, 57436, 54466
1695412219, 0, 15, 221, 0, 0, 22435.94, 3, 0, 0, 47.17, 431, 660, 21275.78, 57436, 54466
1695412220, 0, 15, 221, 0, 0, 22435.94, 3, 0, 0, 35.95, 433, 669, 21275.78, 57436, 54466
1695412220, 0, 17, 221, 0, 0, 22435.94, 3, 0, 0, 49.83, 435, 682, 21275.78, 57436, 54466
1695412220, 0, 17, 221, 0, 0, 22435.94, 3, 0, 0, 38.59, 443, 686, 21275.78, 57436, 54466
1695412232, 0, 17, 222, 0, 0, 22435.94, 3, 0, 0, 0.09, 444, 686, 21275.78, 57436, 54466
1695412243, 0, 17, 223, 0, 0, 22436.33, 3, 0, 0, 0.42, 449, 686, 21276.17, 57437, 54467
1695412244, 0, 17, 224, 0, 0, 22436.33, 3, 0, 0, 22.28, 456, 688, 21276.17, 57437, 54467
1695412257, 0, 17, 225, 0, 0, 22436.33, 3, 0, 0, 0.23, 459, 688, 21276.17, 57437, 54467
1695412270, 0, 17, 226, 0, 0, 22436.33, 3, 0, 0, 0.08, 460, 688, 21276.17, 57437, 54467
1695412270, 0, 17, 227, 0, 0, 22436.33, 3, 0, 0, 38.34, 468, 692, 21276.17, 57437, 54467
1695412270, 0, 17, 227, 0, 0, 22436.33, 3, 0, 0, 51.95, 481, 695, 21276.17, 57437, 54467
1695412285, 0, 17, 228, 0, 0, 22436.33, 3, 0, 0, 0.67, 489, 697, 21276.17, 57437, 54467
1695412298, 0, 17, 230, 0, 0, 22436.33, 3, 0, 0, 0.38, 493, 698, 21276.17, 57437, 54467
1695412314, 0, 17, 231, 0, 0, 22436.33, 3, 0, 0, 0.20, 495, 699, 21276.17, 57437, 54467
1695412326, 0, 17, 233, 0, 0, 22436.33, 3, 0, 0, 0.64, 502, 700, 21276.17, 57437, 54467
1695412326, 0, 17, 233, 0, 0, 22436.33, 3, 0, 0, 28.75, 509, 702, 21276.17, 57437, 54467
1695412341, 0, 17, 234, 0, 0, 22436.33, 3, 0, 0, 1.03, 523, 703, 21276.17, 57437, 54467
1695412356, 0, 17, 236, 0, 0, 22443.75, 3, 0, 0, 0.60, 530, 705, 21283.59, 57456, 54486
1695412368, 0, 17, 237, 0, 0, 22444.14, 3, 0, 0, 0.08, 531, 705, 21283.98, 57457, 54487
1695412382, 0, 17, 238, 0, 0, 22444.92, 3, 0, 0, 0.30, 533, 707, 21284.77, 57459, 54489
1695412382, 0, 17, 239, 0, 0, 22444.92, 3, 0, 0, 25.97, 538, 710, 21284.77, 57459, 54489
1695412395, 0, 17, 240, 0, 0, 22444.92, 3, 0, 0, 0.38, 543, 710, 21284.77, 57459, 54489
1695412396, 0, 18, 241, 0, 0, 22444.92, 3, 0, 0, 31.85, 547, 716, 21284.77, 57459, 54489
1695412396, 0, 18, 241, 0, 0, 22444.92, 3, 0, 0, 45.31, 552, 725, 21284.77, 57459, 54489
1695412420, 0, 18, 242, 0, 0, 22444.92, 3, 0, 0, 0.29, 557, 727, 21284.77, 57459, 54489
1695412441, 0, 18, 243, 0, 0, 24417.58, 3, 0, 0, 0.14, 558, 729, 23341.41, 62509, 59754
1695412442, 0, 18, 247, 0, 0, 24498.44, 3, 0, 0, 34.92, 562, 736, 23422.27, 62716, 59961
1695412442, 0, 18, 250, 0, 0, 24503.91, 3, 0, 0, 31.55, 564, 744, 23422.27, 62730, 59961
1695412455, 0, 18, 252, 0, 0, 24686.72, 3, 0, 0, 0.24, 566, 745, 23606.64, 63198, 60433
1695412477, 0, 18, 253, 0, 0, 24706.64, 3, 0, 0, 0.27, 569, 748, 23626.56, 63249, 60484
1695412478, 0, 18, 254, 0, 0, 24708.20, 3, 0, 0, 16.29, 572, 750, 23628.13, 63253, 60488
1695412478, 0, 18, 254, 0, 0, 24708.20, 3, 0, 0, 19.95, 574, 756, 23628.13, 63253, 60488
1695412478, 0, 18, 254, 0, 0, 24708.20, 3, 0, 0, 28.57, 576, 763, 23628.13, 63253, 60488
1695412493, 0, 18, 255, 0, 0, 24714.84, 3, 0, 0, 0.07, 577, 763, 23634.77, 63270, 60505
1695412517, 0, 18, 256, 0, 0, 24720.70, 3, 0, 0, 0.30, 579, 768, 23640.63, 63285, 60520
1695412539, 0, 18, 257, 0, 0, 24720.70, 3, 0, 0, 0.32, 582, 772, 23640.63, 63285, 60520
1695412639, 0, 18, 258, 0, 0, 26465.63, 3, 0, 0, 0.02, 583, 773, 25386.33, 67752, 64989
1695412671, 0, 20, 262, 0, 0, 27787.50, 3, 0, 0, 0.16, 584, 777, 26687.89, 71136, 68321
1695412703, 0, 20, 263, 0, 0, 29024.22, 3, 0, 0, 0.03, 585, 777, 27924.61, 74302, 71487
1695412733, 0, 20, 264, 0, 0, 30225.00, 3, 0, 0, 0.03, 586, 777, 29125.39, 77376, 74561
1695412774, 0, 20, 265, 0, 0, 31632.42, 3, 0, 0, 0.02, 587, 777, 30532.81, 80979, 78164
1695412817, 0, 20, 266, 0, 0, 32897.27, 3, 0, 0, 0.02, 588, 777, 31797.66, 84217, 81402
1695412870, 0, 20, 267, 0, 0, 34126.17, 3, 0, 0, 0.02, 589, 777, 33026.56, 87363, 84548
1695412933, 0, 20, 268, 0, 0, 35323.05, 3, 0, 0, 0.02, 590, 777, 34223.44, 90427, 87612
1695412993, 0, 20, 269, 0, 0, 36616.02, 3, 0, 0, 0.02, 591, 777, 35516.41, 93737, 90922
1695413088, 0, 20, 270, 0, 0, 37873.83, 3, 0, 0, 0.01, 592, 777, 36774.22, 96957, 94142
1695413203, 0, 20, 271, 0, 0, 39158.98, 3, 0, 0, 0.01, 593, 777, 38059.38, 100247, 97432
