# unix_time, cycles_done, cur_path, paths_total, pending_total, pending_favs, map_size, unique_crashes, unique_hangs, max_depth, execs_per_sec, valid_inputs, invalid_inputs, valid_cov, all_covered_probes, valid_covered_probes
1695400123, 0, 0, 1, 0, 0, 3825.00, 0, 0, 0, 0.56, 0, 1, 0.00, 9792, 0
1695400142, 0, 0, 2, 0, 0, 24373.83, 0, 0, 0, 0.05, 1, 1, 23796.48, 62397, 60919
1695400155, 0, 0, 3, 0, 0, 24875.39, 0, 0, 0, 0.08, 2, 1, 24307.81, 63681, 62228
1695400168, 0, 0, 6, 0, 0, 25323.44, 0, 0, 0, 0.23, 4, 2, 24526.17, 64828, 62787
1695400182, 0, 0, 12, 0, 0, 25374.61, 0, 0, 0, 0.55, 8, 6, 24565.23, 64959, 62887
1695400195, 0, 0, 14, 0, 0, 25633.98, 1, 0, 0, 0.32, 11, 7, 24855.08, 65623, 63629
1695400208, 0, 0, 17, 0, 0, 25644.92, 1, 0, 0, 0.60, 14, 12, 24866.02, 65651, 63657
1695400220, 0, 0, 18, 0, 0, 25886.72, 1, 0, 0, 0.41, 18, 13, 25107.81, 66270, 64276
1695400220, 0, 0, 21, 0, 0, 26010.55, 1, 0, 0, 56.29, 29, 19, 25108.98, 66587, 64279
1695400233, 0, 0, 23, 0, 0, 26021.48, 1, 0, 0, 1.34, 39, 26, 25117.19, 66615, 64300
1695400245, 0, 0, 24, 0, 0, 26023.83, 1, 0, 0, 0.25, 42, 26, 25119.53, 66621, 64306
1695400257, 0, 0, 25, 0, 0, 26024.22, 1, 0, 0, 0.34, 45, 27, 25119.92, 66622, 64307
1695400271, 0, 0, 27, 0, 0, 26036.33, 1, 0, 0, 0.50, 48, 31, 25120.70, 66653, 64309
1695400286, 0, 0, 27, 0, 0, 26036.33, 1, 0, 0, 0.20, 49, 33, 25120.70, 66653, 64309
1695400297, 0, 0, 28, 0, 0, 26419.14, 1, 0, 0, 0.72, 53, 37, 25503.52, 67633, 65289
1695400309, 0, 0, 29, 0, 0, 26419.53, 1, 0, 0, 0.61, 56, 41, 25503.91, 67634, 65290
1695400320, 0, 0, 30, 0, 0, 26426.17, 1, 0, 0, 1.12, 65, 45, 25510.55, 67651, 65307
1695400331, 0, 0, 31, 0, 0, 26426.95, 1, 0, 0, 0.09, 66, 45, 25511.33, 67653, 65309
1695400343, 0, 0, 32, 0, 0, 26428.52, 1, 0, 0, 0.69, 72, 47, 25512.89, 67657, 65313
1695400354, 0, 0, 33, 0, 0, 26440.23, 1, 0, 0, 0.27, 75, 47, 25524.61, 67687, 65343
1695400364, 0, 0, 34, 0, 0, 26441.41, 1, 0, 0, 1.26, 81, 54, 25525.78, 67690, 65346
1695400375, 0, 0, 34, 0, 0, 26441.41, 1, 0, 0, 0.09, 82, 54, 25525.78, 67690, 65346
1695400386, 0, 0, 35, 0, 0, 26442.58, 1, 0, 0, 0.76, 87, 57, 25526.95, 67693, 65349
1695400397, 0, 0, 35, 0, 0, 26442.58, 1, 0, 0, 0.09, 88, 57, 25526.95, 67693, 65349
1695400408, 0, 0, 37, 0, 0, 26446.88, 1, 0, 0, 1.55, 99, 64, 25527.34, 67704, 65350
1695400420, 0, 0, 37, 0, 0, 26446.88, 1, 0, 0, 0.61, 103, 67, 25527.34, 67704, 65350
1695400431, 0, 0, 38, 0, 0, 26447.66, 1, 0, 0, 0.09, 104, 67, 25528.13, 67706, 65352
1695400441, 0, 0, 38, 0, 0, 26447.66, 1, 0, 0, 0.37, 107, 68, 25528.13, 67706, 65352
1695400453, 0, 0, 38, 0, 0, 26447.66, 1, 0, 0, 0.35, 110, 69, 25528.13, 67706, 65352
1695400463, 0, 0, 38, 0, 0, 26447.66, 1, 0, 0, 0.57, 115, 70, 25528.13, 67706, 65352
1695400475, 0, 0, 38, 0, 0, 26447.66, 1, 0, 0, 0.42, 119, 71, 25528.13, 67706, 65352
1695400487, 0, 0, 38, 0, 0, 26447.66, 1, 0, 0, 0.17, 121, 71, 25528.13, 67706, 65352
1695400498, 0, 0, 39, 0, 0, 26463.67, 1, 0, 0, 0.61, 125, 74, 25544.14, 67747, 65393
1695400536, 0, 0, 40, 0, 0, 26468.75, 1, 0, 0, 0.27, 131, 78, 25549.22, 67760, 65406
1695400548, 0, 0, 41, 0, 0, 26469.14, 1, 0, 0, 0.25, 134, 78, 25549.61, 67761, 65407
1695400560, 0, 0, 41, 0, 0, 26469.14, 1, 0, 0, 0.40, 138, 79, 25549.61, 67761, 65407
1695400561, 0, 0, 41, 0, 0, 26469.14, 1, 0, 0, 86.38, 156, 87, 25549.61, 67761, 65407
1695400575, 0, 0, 41, 0, 0, 26469.14, 1, 0, 0, 0.48, 160, 90, 25549.61, 67761, 65407
1695400586, 0, 0, 41, 0, 0, 26469.14, 1, 0, 0, 0.19, 162, 90, 25549.61, 67761, 65407
1695400597, 0, 0, 41, 0, 0, 26469.14, 1, 0, 0, 0.37, 165, 91, 25549.61, 67761, 65407
1695400645, 0, 0, 41, 0, 0, 26469.14, 1, 0, 0, 0.33, 175, 97, 25549.61, 67761, 65407
1695400657, 0, 0, 42, 0, 0, 26475.78, 1, 0, 0, 0.93, 183, 100, 25556.25, 67778, 65424
1695400668, 0, 0, 42, 0, 0, 26475.78, 1, 0, 0, 0.09, 184, 100, 25556.25, 67778, 65424
1695400679, 0, 0, 42, 0, 0, 26475.78, 1, 0, 0, 1.88, 193, 112, 25556.25, 67778, 65424
1695400691, 0, 0, 43, 0, 0, 26482.42, 1, 0, 0, 0.25, 195, 113, 25562.89, 67795, 65441
1695400704, 0, 0, 45, 0, 0, 26491.41, 1, 0, 0, 0.16, 197, 113, 25571.88, 67818, 65464
1695400704, 0, 0, 45, 0, 0, 26491.41, 1, 0, 0, 26.14, 202, 116, 25571.88, 67818, 65464
1695400704, 0, 0, 45, 0, 0, 26491.41, 1, 0, 0, 52.98, 213, 121, 25571.88, 67818, 65464
1695400716, 0, 0, 45, 0, 0, 26491.41, 1, 0, 0, 0.17, 214, 122, 25571.88, 67818, 65464
1695400728, 0, 0, 45, 0, 0, 26491.41, 1, 0, 0, 0.18, 215, 123, 25571.88, 67818, 65464
1695400745, 0, 0, 46, 0, 0, 26507.81, 1, 0, 0, 0.85, 224, 129, 25588.28, 67860, 65506
1695400763, 0, 0, 46, 0, 0, 26507.81, 1, 0, 0, 0.17, 225, 131, 25588.28, 67860, 65506
1695400774, 0, 0, 46, 0, 0, 26507.81, 1, 0, 0, 0.54, 230, 132, 25588.28, 67860, 65506
1695400786, 0, 0, 46, 0, 0, 26507.81, 1, 0, 0, 1.09, 236, 139, 25588.28, 67860, 65506
1695400823, 0, 0, 47, 0, 0, 26509.77, 1, 0, 0, 0.19, 240, 142, 25590.23, 67865, 65511
1695400835, 0, 0, 47, 0, 0, 26509.77, 1, 0, 0, 0.34, 243, 143, 25590.23, 67865, 65511
1695400846, 0, 0, 47, 0, 0, 26509.77, 1, 0, 0, 0.35, 246, 144, 25590.23, 67865, 65511
1695400859, 0, 0, 47, 0, 0, 26509.77, 1, 0, 0, 1.36, 256, 151, 25590.23, 67865, 65511
1695400859, 0, 0, 47, 0, 0, 26509.77, 1, 0, 0, 61.49, 269, 157, 25590.23, 67865, 65511
1695400871, 0, 0, 47, 0, 0, 26509.77, 1, 0, 0, 1.10, 280, 159, 25590.23, 67865, 65511
1695400882, 0, 0, 47, 0, 0, 26509.77, 2, 0, 0, 0.18, 281, 160, 25590.23, 67865, 65511
1695400893, 0, 0, 48, 0, 0, 26510.55, 2, 0, 0, 0.79, 288, 162, 25590.23, 67867, 65511
1695400906, 0, 0, 48, 0, 0, 26510.55, 2, 0, 0, 0.71, 294, 165, 25590.23, 67867, 65511
1695400920, 0, 0, 48, 0, 0, 26510.55, 2, 0, 0, 0.56, 299, 168, 25590.23, 67867, 65511
1695400932, 0, 0, 48, 0, 0, 26510.55, 2, 0, 0, 0.26, 301, 169, 25590.23, 67867, 65511
1695400946, 0, 0, 49, 0, 0, 26511.33, 2, 0, 0, 0.69, 307, 173, 25591.02, 67869, 65513
1695400959, 0, 0, 49, 0, 0, 26511.33, 2, 0, 0, 0.65, 312, 176, 25591.02, 67869, 65513
1695400972, 0, 0, 49, 0, 0, 26511.33, 2, 0, 0, 0.30, 315, 177, 25591.02, 67869, 65513
1695400983, 0, 0, 49, 0, 0, 26511.33, 2, 0, 0, 0.52, 318, 180, 25591.02, 67869, 65513
1695400998, 0, 0, 50, 0, 0, 26511.72, 2, 0, 0, 0.28, 322, 180, 25591.41, 67870, 65514
1695400998, 0, 0, 50, 0, 0, 26511.72, 2, 0, 0, 55.19, 333, 186, 25591.41, 67870, 65514
1695401009, 0, 0, 50, 0, 0, 26511.72, 2, 0, 0, 0.64, 335, 191, 25591.41, 67870, 65514
1695401021, 0, 0, 50, 0, 0, 26511.72, 2, 0, 0, 0.52, 340, 192, 25591.41, 67870, 65514
1695401032, 0, 0, 50, 0, 0, 26511.72, 2, 0, 0, 0.73, 344, 196, 25591.41, 67870, 65514
1695401032, 0, 0, 50, 0, 0, 26511.72, 2, 0, 0, 62.50, 351, 208, 25591.41, 67870, 65514
1695401045, 0, 0, 51, 0, 0, 26512.11, 2, 0, 0, 0.32, 355, 208, 25591.80, 67871, 65515
1695401056, 0, 0, 51, 0, 0, 26512.11, 2, 0, 0, 0.44, 359, 209, 25591.80, 67871, 65515
1695401081, 0, 0, 51, 0, 0, 26512.11, 2, 0, 0, 0.53, 368, 213, 25591.80, 67871, 65515
1695401094, 0, 0, 51, 0, 0, 26512.11, 2, 0, 0, 0.08, 369, 213, 25591.80, 67871, 65515
1695401106, 0, 0, 51, 0, 0, 26512.11, 2, 0, 0, 0.94, 375, 218, 25591.80, 67871, 65515
1695401121, 0, 0, 51, 0, 0, 26512.11, 2, 0, 0, 0.14, 376, 219, 25591.80, 67871, 65515
1695401134, 0, 0, 52, 0, 0, 26512.50, 2, 0, 0, 0.22, 378, 220, 25592.19, 67872, 65516
1695401147, 0, 0, 53, 0, 0, 26513.28, 2, 0, 0, 0.89, 386, 224, 25592.97, 67874, 65518
1695401160, 0, 0, 53, 0, 0, 26513.28, 2, 0, 0, 0.39, 389, 226, 25592.97, 67874, 65518
1695401173, 0, 0, 53, 0, 0, 26513.28, 2, 0, 0, 0.38, 391, 229, 25592.97, 67874, 65518
1695401195, 0, 0, 53, 0, 0, 26513.28, 2, 0, 0, 0.22, 394, 231, 25592.97, 67874, 65518
1695401211, 0, 0, 53, 0, 0, 26513.28, 2, 0, 0, 0.52, 400, 233, 25592.97, 67874, 65518
1695401227, 0, 0, 53, 0, 0, 26513.28, 2, 0, 0, 0.31, 403, 235, 25592.97, 67874, 65518
1695401238, 0, 0, 53, 0, 0, 26513.28, 2, 0, 0, 0.27, 405, 236, 25592.97, 67874, 65518
1695401249, 0, 0, 53, 0, 0, 26513.28, 2, 0, 0, 0.92, 409, 242, 25592.97, 67874, 65518
1695401261, 0, 0, 53, 0, 0, 26513.28, 2, 0, 0, 0.26, 410, 244, 25592.97, 67874, 65518
1695401272, 0, 0, 53, 0, 0, 26513.28, 2, 0, 0, 0.64, 415, 246, 25592.97, 67874, 65518
1695401288, 0, 0, 53, 0, 0, 26513.28, 2, 0, 0, 0.12, 417, 246, 25592.97, 67874, 65518
1695401305, 0, 0, 53, 0, 0, 26513.28, 2, 0, 0, 0.37, 423, 246, 25592.97, 67874, 65518
1695401316, 0, 0, 53, 0, 0, 26513.28, 2, 0, 0, 0.18, 424, 247, 25592.97, 67874, 65518
1695401328, 0, 0, 53, 0, 0, 26513.28, 2, 0, 0, 0.32, 427, 248, 25592.97, 67874, 65518
1695401340, 0, 0, 53, 0, 0, 26513.28, 2, 0, 0, 0.25, 429, 249, 25592.97, 67874, 65518
1695401358, 0, 0, 53, 0, 0, 26513.28, 2, 0, 0, 0.11, 431, 249, 25592.97, 67874, 65518
1695401378, 0, 0, 54, 0, 0, 26514.45, 2, 0, 0, 0.31, 434, 252, 25594.14, 67877, 65521
1695401389, 0, 0, 54, 0, 0, 26514.45, 2, 0, 0, 0.26, 436, 253, 25594.14, 67877, 65521
1695401389, 0, 0, 54, 0, 0, 26514.45, 2, 0, 0, 52.63, 446, 261, 25594.14, 67877, 65521
1695401402, 0, 0, 55, 0, 0, 26516.02, 2, 0, 0, 0.66, 451, 264, 25595.70, 67881, 65525
1695401414, 0, 0, 55, 0, 0, 26516.02, 2, 0, 0, 0.16, 453, 264, 25595.70, 67881, 65525
1695401430, 0, 0, 55, 0, 0, 26516.02, 2, 0, 0, 0.50, 458, 267, 25595.70, 67881, 65525
1695401442, 0, 0, 56, 0, 0, 26516.80, 2, 0, 0, 0.26, 460, 268, 25596.48, 67883, 65527
1695401442, 0, 0, 56, 0, 0, 26516.80, 2, 0, 0, 19.17, 464, 270, 25596.48, 67883, 65527
1695401454, 0, 0, 56, 0, 0, 26516.80, 2, 0, 0, 0.52, 468, 272, 25596.48, 67883, 65527
1695401465, 0, 0, 56, 0, 0, 26516.80, 2, 0, 0, 0.18, 470, 272, 25596.48, 67883, 65527
1695401480, 0, 0, 56, 0, 0, 26516.80, 2, 0, 0, 0.13, 471, 273, 25596.48, 67883, 65527
1695401493, 0, 0, 56, 0, 0, 26516.80, 2, 0, 0, 0.24, 473, 274, 25596.48, 67883, 65527
1695401504, 0, 0, 56, 0, 0, 26516.80, 2, 0, 0, 1.30, 482, 280, 25596.48, 67883, 65527
1695401504, 0, 0, 56, 0, 0, 26516.80, 2, 0, 0, 45.87, 492, 285, 25596.48, 67883, 65527
1695401505, 0, 0, 56, 0, 0, 26516.80, 2, 0, 0, 38.89, 499, 292, 25596.48, 67883, 65527
1695401505, 0, 0, 56, 0, 0, 26516.80, 2, 0, 0, 33.43, 506, 296, 25596.48, 67883, 65527
1695401517, 0, 0, 57, 0, 0, 26517.19, 2, 0, 0, 0.93, 512, 301, 25596.88, 67884, 65528
1695401530, 0, 0, 57, 0, 0, 26517.19, 2, 0, 0, 0.15, 514, 301, 25596.88, 67884, 65528
1695401542, 0, 0, 57, 0, 0, 26517.19, 2, 0, 0, 0.26, 517, 301, 25596.88, 67884, 65528
1695401554, 0, 0, 57, 0, 0, 26517.19, 2, 0, 0, 0.41, 519, 304, 25596.88, 67884, 65528
1695401572, 0, 0, 57, 0, 0, 26517.19, 2, 0, 0, 0.49, 525, 307, 25596.88, 67884, 65528
1695401624, 0, 0, 57, 0, 0, 26517.19, 2, 0, 0, 0.02, 526, 307, 25596.88, 67884, 65528
1695401636, 0, 0, 57, 0, 0, 26517.19, 2, 0, 0, 0.08, 527, 307, 25596.88, 67884, 65528
1695401637, 0, 0, 57, 0, 0, 26517.19, 2, 0, 0, 45.45, 535, 313, 25596.88, 67884, 65528
1695401654, 0, 0, 57, 0, 0, 26517.19, 2, 0, 0, 0.29, 539, 314, 25596.88, 67884, 65528
1695401665, 0, 0, 57, 0, 0, 26517.19, 2, 0, 0, 1.24, 547, 320, 25596.88, 67884, 65528
1695401677, 0, 0, 58, 0, 0, 26517.58, 2, 0, 0, 0.25, 550, 320, 25597.27, 67885, 65529
1695401678, 0, 0, 58, 0, 0, 26517.58, 2, 0, 0, 5.71, 551, 321, 25597.27, 67885, 65529
1695401688, 0, 0, 58, 0, 0, 26517.58, 2, 0, 0, 0.74, 554, 326, 25597.27, 67885, 65529
1695401701, 0, 0, 58, 0, 0, 26517.58, 2, 0, 0, 0.56, 560, 327, 25597.27, 67885, 65529
1695401714, 0, 0, 58, 0, 0, 26517.58, 2, 0, 0, 0.08, 561, 327, 25597.27, 67885, 65529
1695401726, 0, 0, 58, 0, 0, 26517.58, 2, 0, 0, 0.09, 562, 327, 25597.27, 67885, 65529
1695401737, 0, 0, 58, 0, 0, 26517.58, 2, 0, 0, 0.98, 567, 333, 25597.27, 67885, 65529
1695401748, 0, 0, 58, 0, 0, 26517.58, 2, 0, 0, 0.18, 568, 334, 25597.27, 67885, 65529
1695401749, 0, 0, 58, 0, 0, 26517.58, 2, 0, 0, 40.88, 576, 339, 25597.27, 67885, 65529
1695401749, 0, 0, 58, 0, 0, 26517.58, 2, 0, 0, 26.23, 581, 342, 25597.27, 67885, 65529
1695401749, 0, 0, 58, 0, 0, 26517.58, 2, 0, 0, 33.74, 587, 347, 25597.27, 67885, 65529
1695401762, 0, 0, 58, 0, 0, 26517.58, 2, 0, 0, 0.55, 590, 351, 25597.27, 67885, 65529
1695401762, 0, 0, 58, 0, 0, 26517.58, 2, 0, 0, 19.29, 594, 353, 25597.27, 67885, 65529
1695401773, 0, 0, 58, 0, 0, 26517.58, 2, 0, 0, 0.18, 596, 353, 25597.27, 67885, 65529
1695401785, 0, 0, 58, 0, 0, 26517.58, 2, 0, 0, 0.26, 599, 353, 25597.27, 67885, 65529
1695401797, 0, 0, 58, 0, 0, 26517.58, 2, 0, 0, 0.26, 602, 353, 25597.27, 67885, 65529
1695401809, 0, 0, 58, 0, 0, 26517.58, 2, 0, 0, 0.33, 606, 353, 25597.27, 67885, 65529
1695401809, 0, 0, 58, 0, 0, 26517.58, 2, 0, 0, 22.44, 608, 358, 25597.27, 67885, 65529
1695401823, 0, 0, 58, 0, 0, 26517.58, 2, 0, 0, 0.43, 612, 360, 25597.27, 67885, 65529
1695401823, 0, 0, 58, 0, 0, 26517.58, 2, 0, 0, 28.94, 616, 365, 25597.27, 67885, 65529
1695401824, 0, 0, 58, 0, 0, 26517.58, 2, 0, 0, 31.15, 622, 369, 25597.27, 67885, 65529
1695401836, 0, 0, 58, 0, 0, 26517.58, 2, 0, 0, 0.74, 627, 373, 25597.27, 67885, 65529
1695401847, 0, 0, 58, 0, 0, 26517.58, 3, 0, 0, 0.27, 628, 375, 25597.27, 67885, 65529
1695401848, 0, 0, 58, 0, 0, 26517.58, 3, 0, 0, 26.40, 631, 380, 25597.27, 67885, 65529
1695401859, 0, 0, 58, 0, 0, 26517.58, 3, 0, 0, 0.35, 633, 382, 25597.27, 67885, 65529
1695401873, 0, 0, 58, 0, 0, 26517.58, 3, 0, 0, 0.63, 640, 384, 25597.27, 67885, 65529
1695401874, 0, 0, 58, 0, 0, 26517.58, 3, 0, 0, 26.95, 646, 387, 25597.27, 67885, 65529
1695401885, 0, 0, 58, 0, 0, 26517.58, 3, 0, 0, 0.42, 649, 389, 25597.27, 67885, 65529
1695401898, 0, 0, 58, 0, 0, 26517.58, 3, 0, 0, 0.08, 650, 389, 25597.27, 67885, 65529
1695401911, 0, 0, 58, 0, 0, 26517.58, 3, 0, 0, 0.43, 654, 391, 25597.27, 67885, 65529
1695401923, 0, 0, 58, 0, 0, 26517.58, 3, 0, 0, 0.34, 657, 392, 25597.27, 67885, 65529
1695401924, 0, 0, 58, 0, 0, 26517.58, 3, 0, 0, 22.00, 664, 394, 25597.27, 67885, 65529
1695401936, 0, 0, 58, 0, 0, 26517.58, 3, 0, 0, 0.08, 665, 394, 25597.27, 67885, 65529
1695401936, 0, 0, 58, 0, 0, 26517.58, 3, 0, 0, 31.65, 674, 395, 25597.27, 67885, 65529
1695401950, 0, 0, 58, 0, 0, 26517.58, 3, 0, 0, 0.22, 676, 396, 25597.27, 67885, 65529
1695401950, 0, 0, 58, 0, 0, 26517.58, 3, 0, 0, 25.81, 682, 398, 25597.27, 67885, 65529
1695401961, 0, 0, 58, 0, 0, 26517.58, 3, 0, 0, 0.18, 684, 398, 25597.27, 67885, 65529
1695401974, 0, 0, 58, 0, 0, 26517.58, 3, 0, 0, 0.62, 688, 402, 25597.27, 67885, 65529
1695401988, 0, 0, 58, 0, 0, 26517.58, 3, 0, 0, 0.45, 693, 403, 25597.27, 67885, 65529
1695402000, 0, 0, 58, 0, 0, 26517.58, 3, 0, 0, 0.08, 694, 403, 25597.27, 67885, 65529
1695402011, 0, 0, 58, 0, 0, 26517.58, 3, 0, 0, 0.17, 695, 404, 25597.27, 67885, 65529
1695402012, 0, 0, 58, 0, 0, 26517.58, 3, 0, 0, 22.73, 700, 406, 25597.27, 67885, 65529
1695402012, 0, 0, 58, 0, 0, 26517.58, 3, 0, 0, 24.92, 705, 409, 25597.27, 67885, 65529
1695402023, 0, 0, 58, 0, 0, 26517.58, 3, 0, 0, 0.09, 706, 409, 25597.27, 67885, 65529
1695402036, 0, 0, 58, 0, 0, 26517.58, 3, 0, 0, 0.32, 709, 410, 25597.27, 67885, 65529
1695402047, 0, 0, 58, 0, 0, 26517.58, 3, 0, 0, 0.09, 709, 411, 25597.27, 67885, 65529
1695402059, 0, 0, 58, 0, 0, 26517.58, 3, 0, 0, 0.17, 711, 411, 25597.27, 67885, 65529
1695402059, 0, 0, 58, 0, 0, 26517.58, 3, 0, 0, 22.29, 716, 413, 25597.27, 67885, 65529
1695402071, 0, 0, 58, 0, 0, 26517.58, 3, 0, 0, 0.17, 718, 413, 25597.27, 67885, 65529
1695402071, 0, 0, 58, 0, 0, 26517.58, 3, 0, 0, 30.40, 725, 416, 25597.27, 67885, 65529
1695402083, 0, 0, 58, 0, 0, 26517.58, 3, 0, 0, 0.09, 726, 416, 25597.27, 67885, 65529
1695402083, 0, 0, 58, 0, 0, 26517.58, 3, 0, 0, 36.67, 734, 419, 25597.27, 67885, 65529
1695402094, 0, 0, 58, 0, 0, 26517.58, 3, 0, 0, 0.70, 739, 422, 25597.27, 67885, 65529
1695402106, 0, 0, 58, 0, 0, 26517.58, 3, 0, 0, 0.59, 744, 424, 25597.27, 67885, 65529
1695402118, 0, 0, 58, 0, 0, 26517.58, 3, 0, 0, 0.51, 747, 427, 25597.27, 67885, 65529
1695402130, 0, 0, 58, 0, 0, 26517.58, 3, 0, 0, 0.34, 750, 428, 25597.27, 67885, 65529
1695402159, 0, 0, 58, 0, 0, 26517.58, 3, 0, 0, 0.17, 754, 429, 25597.27, 67885, 65529
1695402172, 0, 0, 59, 0, 0, 26518.36, 3, 0, 0, 0.24, 756, 430, 25598.05, 67887, 65531
1695402184, 0, 0, 59, 0, 0, 26518.36, 3, 0, 0, 0.25, 758, 431, 25598.05, 67887, 65531
1695402184, 0, 0, 59, 0, 0, 26518.36, 3, 0, 0, 25.56, 760, 437, 25598.05, 67887, 65531
1695402197, 0, 0, 59, 0, 0, 26518.36, 3, 0, 0, 0.46, 762, 441, 25598.05, 67887, 65531
1695402209, 0, 0, 59, 0, 0, 26518.36, 3, 0, 0, 0.09, 763, 441, 25598.05, 67887, 65531
1695402209, 0, 0, 59, 0, 0, 26518.36, 3, 0, 0, 30.00, 769, 444, 25598.05, 67887, 65531
1695402223, 0, 0, 59, 0, 0, 26518.36, 3, 0, 0, 0.37, 772, 446, 25598.05, 67887, 65531
1695402223, 0, 0, 59, 0, 0, 26518.36, 3, 0, 0, 20.53, 778, 447, 25598.05, 67887, 65531
1695402223, 0, 0, 59, 0, 0, 26518.36, 3, 0, 0, 28.39, 780, 454, 25598.05, 67887, 65531
1695402241, 0, 0, 59, 0, 0, 26518.36, 3, 0, 0, 0.06, 781, 454, 25598.05, 67887, 65531
1695402256, 0, 0, 59, 0, 0, 26518.36, 3, 0, 0, 0.26, 783, 456, 25598.05, 67887, 65531
1695402256, 0, 0, 59, 0, 0, 26518.36, 3, 0, 0, 30.21, 786, 463, 25598.05, 67887, 65531
1695402256, 0, 0, 59, 0, 0, 26518.36, 3, 0, 0, 12.86, 789, 464, 25598.05, 67887, 65531
1695402257, 0, 0, 59, 0, 0, 26518.36, 3, 0, 0, 18.58, 795, 464, 25598.05, 67887, 65531
1695402269, 0, 0, 59, 0, 0, 26518.36, 3, 0, 0, 0.49, 798, 467, 25598.05, 67887, 65531
1695402269, 0, 0, 59, 0, 0, 26518.36, 3, 0, 0, 27.44, 802, 472, 25598.05, 67887, 65531
1695402301, 0, 0, 59, 0, 0, 26518.36, 3, 0, 0, 0.03, 803, 472, 25598.05, 67887, 65531
1695402313, 0, 0, 59, 0, 0, 26518.36, 3, 0, 0, 0.51, 806, 475, 25598.05, 67887, 65531
1695402314, 0, 0, 59, 0, 0, 26518.36, 3, 0, 0, 14.66, 810, 476, 25598.05, 67887, 65531
1695402327, 0, 0, 59, 0, 0, 26518.36, 3, 0, 0, 0.46, 815, 477, 25598.05, 67887, 65531
1695402360, 0, 0, 59, 0, 0, 26518.36, 3, 0, 0, 0.06, 817, 477, 25598.05, 67887, 65531
1695402360, 0, 0, 59, 0, 0, 26518.36, 3, 0, 0, 22.35, 823, 479, 25598.05, 67887, 65531
1695402375, 0, 0, 60, 0, 0, 26519.14, 3, 0, 0, 0.13, 825, 479, 25598.83, 67889, 65533
1695402388, 0, 0, 60, 0, 0, 26519.14, 3, 0, 0, 0.16, 826, 480, 25598.83, 67889, 65533
1695402388, 0, 0, 60, 0, 0, 26519.14, 3, 0, 0, 34.48, 832, 485, 25598.83, 67889, 65533
1695402405, 0, 0, 60, 0, 0, 26519.14, 3, 0, 0, 0.06, 833, 485, 25598.83, 67889, 65533
1695402418, 0, 0, 60, 0, 0, 26519.14, 3, 0, 0, 0.39, 836, 487, 25598.83, 67889, 65533
1695402418, 0, 0, 60, 0, 0, 26519.14, 3, 0, 0, 29.50, 840, 493, 25598.83, 67889, 65533
1695402440, 0, 0, 60, 0, 0, 26519.14, 3, 0, 0, 0.19, 842, 495, 25598.83, 67889, 65533
1695402452, 0, 0, 60, 0, 0, 26519.14, 3, 0, 0, 0.70, 848, 498, 25598.83, 67889, 65533
1695402465, 0, 0, 60, 0, 0, 26519.14, 3, 0, 0, 0.25, 851, 498, 25598.83, 67889, 65533
1695402476, 0, 0, 60, 0, 0, 26519.14, 3, 0, 0, 0.26, 854, 498, 25598.83, 67889, 65533
1695402488, 0, 0, 60, 0, 0, 26519.14, 3, 0, 0, 0.25, 856, 499, 25598.83, 67889, 65533
1695402489, 0, 0, 60, 0, 0, 26519.14, 3, 0, 0, 31.15, 863, 502, 25598.83, 67889, 65533
1695402489, 0, 0, 60, 0, 0, 26519.14, 3, 0, 0, 21.74, 868, 504, 25598.83, 67889, 65533
1695402489, 0, 0, 60, 0, 0, 26519.14, 3, 0, 0, 15.58, 873, 504, 25598.83, 67889, 65533
1695402501, 0, 0, 60, 0, 0, 26519.14, 3, 0, 0, 0.09, 874, 504, 25598.83, 67889, 65533
1695402513, 0, 0, 60, 0, 0, 26519.14, 3, 0, 0, 0.81, 881, 507, 25598.83, 67889, 65533
1695402513, 0, 0, 60, 0, 0, 26519.14, 3, 0, 0, 25.32, 884, 512, 25598.83, 67889, 65533
1695402514, 0, 0, 60, 0, 0, 26519.14, 3, 0, 0, 26.32, 887, 517, 25598.83, 67889, 65533
1695402514, 0, 0, 60, 0, 0, 26519.14, 3, 0, 0, 18.75, 890, 520, 25598.83, 67889, 65533
1695402526, 0, 0, 60, 0, 0, 26519.14, 3, 0, 0, 0.08, 891, 520, 25598.83, 67889, 65533
1695402527, 0, 0, 60, 0, 0, 26519.14, 3, 0, 0, 16.61, 894, 522, 25598.83, 67889, 65533
1695402527, 0, 0, 60, 0, 0, 26519.14, 3, 0, 0, 18.24, 898, 524, 25598.83, 67889, 65533
1695402527, 0, 0, 60, 0, 0, 26519.14, 3, 0, 0, 18.42, 903, 526, 25598.83, 67889, 65533
1695402528, 0, 0, 60, 0, 0, 26519.14, 3, 0, 0, 27.78, 906, 532, 25598.83, 67889, 65533
1695402539, 0, 0, 60, 0, 0, 26519.14, 3, 0, 0, 0.53, 912, 532, 25598.83, 67889, 65533
1695402539, 0, 0, 60, 0, 0, 26519.14, 3, 0, 0, 13.07, 914, 534, 25598.83, 67889, 65533
1695402551, 0, 0, 60, 0, 0, 26519.14, 3, 0, 0, 0.35, 914, 538, 25598.83, 67889, 65533
1695402565, 0, 0, 60, 0, 0, 26519.14, 3, 0, 0, 0.28, 918, 538, 25598.83, 67889, 65533
1695402578, 0, 0, 60, 0, 0, 26519.14, 3, 0, 0, 0.15, 919, 539, 25598.83, 67889, 65533
1695402578, 0, 0, 60, 0, 0, 26519.14, 3, 0, 0, 15.82, 921, 542, 25598.83, 67889, 65533
1695402579, 0, 0, 60, 0, 0, 26519.14, 3, 0, 0, 16.99, 923, 547, 25598.83, 67889, 65533
1695402579, 0, 0, 60, 0, 0, 26519.14, 3, 0, 0, 22.51, 927, 550, 25598.83, 67889, 65533
1695402593, 0, 0, 60, 0, 0, 26519.14, 3, 0, 0, 0.29, 929, 552, 25598.83, 67889, 65533
1695402593, 0, 0, 60, 0, 0, 26519.14, 3, 0, 0, 17.70, 931, 556, 25598.83, 67889, 65533
1695402594, 0, 0, 60, 0, 0, 26519.14, 3, 0, 0, 15.31, 936, 557, 25598.83, 67889, 65533
1695402594, 0, 0, 60, 0, 0, 26519.14, 3, 0, 0, 14.37, 938, 560, 25598.83, 67889, 65533
1695402594, 0, 0, 60, 0, 0, 26519.14, 3, 0, 0, 23.67, 945, 561, 25598.83, 67889, 65533
1695402595, 0, 0, 60, 0, 0, 26519.14, 3, 0, 0, 18.40, 949, 563, 25598.83, 67889, 65533
1695402610, 0, 0, 60, 0, 0, 26519.14, 3, 0, 0, 0.33, 953, 564, 25598.83, 67889, 65533
1695402610, 0, 0, 60, 0, 0, 26519.14, 3, 0, 0, 15.53, 957, 565, 25598.83, 67889, 65533
1695402625, 0, 0, 60, 0, 0, 26519.14, 3, 0, 0, 0.13, 958, 566, 25598.83, 67889, 65533
1695402626, 0, 0, 60, 0, 0, 26519.14, 3, 0, 0, 16.62, 960, 570, 25598.83, 67889, 65533
1695402626, 0, 0, 60, 0, 0, 26519.14, 3, 0, 0, 15.38, 965, 570, 25598.83, 67889, 65533
1695402626, 0, 0, 60, 0, 0, 26519.14, 3, 0, 0, 11.87, 968, 571, 25598.83, 67889, 65533
1695402627, 0, 0, 60, 0, 0, 26519.14, 3, 0, 0, 14.49, 970, 574, 25598.83, 67889, 65533
1695402627, 0, 0, 60, 0, 0, 26519.14, 3, 0, 0, 14.53, 972, 577, 25598.83, 67889, 65533
1695402641, 0, 0, 60, 0, 0, 26519.14, 3, 0, 0, 0.15, 974, 577, 25598.83, 67889, 65533
1695402658, 0, 0, 60, 0, 0, 26519.14, 3, 0, 0, 0.06, 975, 577, 25598.83, 67889, 65533
1695402658, 0, 0, 60, 0, 0, 26519.14, 3, 0, 0, 12.70, 978, 578, 25598.83, 67889, 65533
1695402670, 0, 0, 60, 0, 0, 26519.14, 3, 0, 0, 0.16, 979, 579, 25598.83, 67889, 65533
1695402671, 0, 0, 60, 0, 0, 26519.14, 3, 0, 0, 24.24, 981, 585, 25598.83, 67889, 65533
1695402683, 0, 0, 60, 0, 0, 26519.14, 3, 0, 0, 0.48, 983, 589, 25598.83, 67889, 65533
1695402695, 0, 0, 60, 0, 0, 26519.14, 3, 0, 0, 0.49, 985, 593, 25598.83, 67889, 65533
1695402708, 0, 0, 60, 0, 0, 26519.14, 3, 0, 0, 0.08, 986, 593, 25598.83, 67889, 65533
1695402719, 0, 0, 60, 0, 0, 26519.14, 3, 0, 0, 0.68, 991, 596, 25598.83, 67889, 65533
1695402732, 0, 0, 60, 0, 0, 26519.14, 3, 0, 0, 0.58, 996, 598, 25598.83, 67889, 65533
1695402732, 0, 0, 60, 0, 0, 26519.14, 3, 0, 0, 14.20, 999, 600, 25598.83, 67889, 65533
1695402744, 0, 0, 60, 0, 0, 26519.14, 3, 0, 0, 0.58, 1004, 602, 25598.83, 67889, 65533
1695402756, 0, 0, 60, 0, 0, 26519.14, 3, 0, 0, 0.16, 1005, 603, 25598.83, 67889, 65533
1695402757, 0, 0, 60, 0, 0, 26519.14, 3, 0, 0, 16.00, 1010, 604, 25598.83, 67889, 65533
1695402769, 0, 0, 60, 0, 0, 26519.14, 3, 0, 0, 0.33, 1013, 605, 25598.83, 67889, 65533
1695402769, 0, 0, 60, 0, 0, 26519.14, 3, 0, 0, 16.61, 1017, 606, 25598.83, 67889, 65533
1695402782, 0, 0, 60, 0, 0, 26519.14, 3, 0, 0, 0.24, 1019, 607, 25598.83, 67889, 65533
1695402796, 0, 0, 61, 0, 0, 26621.48, 3, 0, 0, 0.57, 1023, 611, 25701.17, 68151, 65795
1695402808, 0, 0, 61, 0, 0, 26621.48, 3, 0, 0, 0.08, 1024, 611, 25701.17, 68151, 65795
1695402809, 0, 0, 61, 0, 0, 26621.48, 3, 0, 0, 22.15, 1029, 613, 25701.17, 68151, 65795
1695402809, 0, 0, 61, 0, 0, 26621.48, 3, 0, 0, 18.18, 1033, 615, 25701.17, 68151, 65795
1695402822, 0, 0, 61, 0, 0, 26621.48, 3, 0, 0, 0.08, 1034, 615, 25701.17, 68151, 65795
1695402834, 0, 0, 61, 0, 0, 26621.48, 3, 0, 0, 0.34, 1037, 616, 25701.17, 68151, 65795
1695402846, 0, 0, 61, 0, 0, 26621.48, 3, 0, 0, 0.24, 1040, 616, 25701.17, 68151, 65795
1695402847, 0, 0, 61, 0, 0, 26621.48, 3, 0, 0, 18.02, 1044, 618, 25701.17, 68151, 65795
1695402858, 0, 0, 61, 0, 0, 26621.48, 3, 0, 0, 0.17, 1046, 618, 25701.17, 68151, 65795
1695402872, 0, 0, 61, 0, 0, 26621.48, 3, 0, 0, 0.23, 1048, 619, 25701.17, 68151, 65795
1695402872, 0, 0, 61, 0, 0, 26621.48, 3, 0, 0, 18.07, 1051, 622, 25701.17, 68151, 65795
1695402872, 0, 0, 61, 0, 0, 26621.48, 3, 0, 0, 14.32, 1054, 625, 25701.17, 68151, 65795
1695402873, 0, 0, 61, 0, 0, 26621.48, 3, 0, 0, 11.73, 1056, 627, 25701.17, 68151, 65795
1695402873, 0, 0, 61, 0, 0, 26621.48, 3, 0, 0, 18.69, 1058, 631, 25701.17, 68151, 65795
1695402890, 0, 0, 61, 0, 0, 26621.48, 3, 0, 0, 0.24, 1059, 634, 25701.17, 68151, 65795
1695402903, 0, 0, 61, 0, 0, 26621.48, 3, 0, 0, 0.56, 1063, 637, 25701.17, 68151, 65795
1695402916, 0, 0, 62, 0, 0, 26622.27, 3, 0, 0, 0.15, 1065, 637, 25701.95, 68153, 65797
1695402916, 0, 0, 62, 0, 0, 26622.27, 3, 0, 0, 8.02, 1067, 638, 25701.95, 68153, 65797
1695402929, 0, 0, 62, 0, 0, 26622.27, 3, 0, 0, 0.08, 1068, 638, 25701.95, 68153, 65797
1695402929, 0, 0, 62, 0, 0, 26622.27, 3, 0, 0, 16.87, 1071, 642, 25701.95, 68153, 65797
1695402941, 0, 0, 62, 0, 0, 26622.27, 3, 0, 0, 0.34, 1075, 642, 25701.95, 68153, 65797
1695402954, 0, 0, 62, 0, 0, 26622.27, 3, 0, 0, 0.15, 1077, 642, 25701.95, 68153, 65797
1695402955, 0, 0, 62, 0, 0, 26622.27, 3, 0, 0, 22.08, 1080, 646, 25701.95, 68153, 65797
1695402955, 0, 0, 62, 0, 0, 26622.27, 3, 0, 0, 12.20, 1084, 646, 25701.95, 68153, 65797
1695402970, 0, 0, 62, 0, 0, 26622.27, 3, 0, 0, 0.13, 1085, 647, 25701.95, 68153, 65797
1695402983, 0, 0, 62, 0, 0, 26622.27, 3, 0, 0, 0.08, 1086, 647, 25701.95, 68153, 65797
1695403005, 0, 0, 62, 0, 0, 26622.27, 3, 0, 0, 0.18, 1089, 648, 25701.95, 68153, 65797
1695403005, 0, 0, 62, 0, 0, 26622.27, 3, 0, 0, 14.62, 1092, 650, 25701.95, 68153, 65797
1695403006, 0, 0, 62, 0, 0, 26622.27, 3, 0, 0, 14.58, 1095, 652, 25701.95, 68153, 65797
1695403017, 0, 0, 62, 0, 0, 26622.27, 3, 0, 0, 0.43, 1097, 655, 25701.95, 68153, 65797
1695403018, 0, 0, 62, 0, 0, 26622.27, 3, 0, 0, 14.53, 1100, 657, 25701.95, 68153, 65797
1695403030, 0, 0, 62, 0, 0, 26622.27, 3, 0, 0, 0.50, 1103, 660, 25701.95, 68153, 65797
1695403030, 0, 0, 62, 0, 0, 26622.27, 3, 0, 0, 15.38, 1105, 663, 25701.95, 68153, 65797
1695403030, 0, 0, 62, 0, 0, 26622.27, 3, 0, 0, 12.66, 1108, 666, 25701.95, 68153, 65797
1695403082, 0, 0, 62, 0, 0, 26622.27, 3, 0, 0, 0.10, 1110, 669, 25701.95, 68153, 65797
1695403095, 0, 0, 62, 0, 0, 26622.27, 3, 0, 0, 0.41, 1113, 671, 25701.95, 68153, 65797
1695403106, 0, 0, 62, 0, 0, 26622.27, 3, 0, 0, 0.17, 1115, 671, 25701.95, 68153, 65797
1695403107, 0, 0, 62, 0, 0, 26622.27, 3, 0, 0, 21.54, 1119, 674, 25701.95, 68153, 65797
1695403107, 0, 0, 62, 0, 0, 26622.27, 3, 0, 0, 16.50, 1121, 677, 25701.95, 68153, 65797
1695403107, 0, 0, 62, 0, 0, 26622.27, 3, 0, 0, 21.67, 1123, 682, 25701.95, 68153, 65797
1695403120, 0, 0, 62, 0, 0, 26622.27, 3, 0, 0, 0.16, 1124, 683, 25701.95, 68153, 65797
1695403132, 0, 0, 62, 0, 0, 26622.27, 3, 0, 0, 0.16, 1125, 684, 25701.95, 68153, 65797
1695403133, 0, 0, 62, 0, 0, 26622.27, 3, 0, 0, 16.45, 1127, 687, 25701.95, 68153, 65797
1695403133, 0, 0, 62, 0, 0, 26622.27, 3, 0, 0, 16.45, 1130, 689, 25701.95, 68153, 65797
1695403133, 0, 0, 62, 0, 0, 26622.27, 3, 0, 0, 9.97, 1133, 689, 25701.95, 68153, 65797
1695403133, 0, 0, 62, 0, 0, 26622.27, 3, 0, 0, 19.35, 1135, 693, 25701.95, 68153, 65797
1695403134, 0, 0, 62, 0, 0, 26622.27, 3, 0, 0, 20.77, 1136, 699, 25701.95, 68153, 65797
1695403134, 0, 0, 62, 0, 0, 26622.27, 3, 0, 0, 10.93, 1138, 701, 25701.95, 68153, 65797
1695403147, 0, 0, 63, 0, 0, 26622.66, 3, 0, 0, 0.24, 1140, 702, 25702.34, 68154, 65798
1695403158, 0, 0, 64, 0, 0, 26623.44, 3, 0, 0, 0.17, 1141, 703, 25703.13, 68156, 65800
1695403159, 0, 0, 64, 0, 0, 26623.44, 3, 0, 0, 5.03, 1143, 703, 25703.13, 68156, 65800
1695403159, 0, 0, 64, 0, 0, 26623.44, 3, 0, 0, 13.29, 1145, 705, 25703.13, 68156, 65800
1695403159, 0, 0, 64, 0, 0, 26623.44, 3, 0, 0, 17.07, 1149, 708, 25703.13, 68156, 65800
1695403172, 0, 0, 64, 0, 0, 26623.44, 3, 0, 0, 0.24, 1152, 708, 25703.13, 68156, 65800
1695403187, 0, 0, 64, 0, 0, 26623.44, 3, 0, 0, 0.26, 1154, 710, 25703.13, 68156, 65800
1695403200, 0, 0, 64, 0, 0, 26623.44, 3, 0, 0, 0.32, 1156, 712, 25703.13, 68156, 65800
1695403200, 0, 0, 64, 0, 0, 26623.44, 3, 0, 0, 9.71, 1159, 712, 25703.13, 68156, 65800
1695403200, 0, 0, 64, 0, 0, 26623.44, 3, 0, 0, 15.29, 1162, 714, 25703.13, 68156, 65800
1695403213, 0, 0, 64, 0, 0, 26623.44, 3, 0, 0, 0.23, 1163, 716, 25703.13, 68156, 65800
1695403213, 0, 0, 64, 0, 0, 26623.44, 3, 0, 0, 15.82, 1164, 720, 25703.13, 68156, 65800
1695403228, 0, 0, 64, 0, 0, 26623.44, 3, 0, 0, 0.21, 1166, 721, 25703.13, 68156, 65800
1695403240, 0, 0, 64, 0, 0, 26623.44, 3, 0, 0, 0.08, 1167, 721, 25703.13, 68156, 65800
1695403241, 0, 0, 64, 0, 0, 26623.44, 3, 0, 0, 17.91, 1168, 726, 25703.13, 68156, 65800
1695403253, 0, 0, 64, 0, 0, 26623.44, 3, 0, 0, 0.08, 1169, 726, 25703.13, 68156, 65800
1695403253, 0, 0, 64, 0, 0, 26623.44, 3, 0, 0, 11.79, 1170, 730, 25703.13, 68156, 65800
1695403266, 0, 0, 64, 0, 0, 26623.44, 3, 0, 0, 0.32, 1172, 732, 25703.13, 68156, 65800
1695403266, 0, 0, 64, 0, 0, 26623.44, 3, 0, 0, 18.93, 1176, 734, 25703.13, 68156, 65800
1695403267, 0, 0, 64, 0, 0, 26623.44, 3, 0, 0, 15.58, 1177, 738, 25703.13, 68156, 65800
1695403281, 0, 0, 64, 0, 0, 26623.44, 3, 0, 0, 0.21, 1179, 739, 25703.13, 68156, 65800
1695403293, 0, 0, 64, 0, 0, 26623.44, 3, 0, 0, 0.23, 1181, 740, 25703.13, 68156, 65800
1695403294, 0, 0, 64, 0, 0, 26623.44, 3, 0, 0, 18.07, 1184, 743, 25703.13, 68156, 65800
1695403306, 0, 0, 64, 0, 0, 26623.44, 3, 0, 0, 0.08, 1185, 743, 25703.13, 68156, 65800
1695403319, 0, 0, 64, 0, 0, 26623.44, 3, 0, 0, 0.45, 1188, 746, 25703.13, 68156, 65800
1695403333, 0, 0, 64, 0, 0, 26623.44, 3, 0, 0, 0.15, 1190, 746, 25703.13, 68156, 65800
1695403333, 0, 0, 64, 0, 0, 26623.44, 3, 0, 0, 12.62, 1193, 747, 25703.13, 68156, 65800
1695403333, 0, 0, 64, 0, 0, 26623.44, 3, 0, 0, 15.87, 1197, 748, 25703.13, 68156, 65800
1695403334, 0, 0, 64, 0, 0, 26623.44, 3, 0, 0, 16.26, 1199, 752, 25703.13, 68156, 65800
1695403346, 0, 0, 64, 0, 0, 26623.44, 3, 0, 0, 0.08, 1200, 752, 25703.13, 68156, 65800
1695403346, 0, 0, 64, 0, 0, 26623.44, 3, 0, 0, 17.54, 1204, 754, 25703.13, 68156, 65800
1695403363, 0, 0, 64, 0, 0, 26623.44, 3, 0, 0, 0.30, 1207, 756, 25703.13, 68156, 65800
1695403376, 0, 0, 64, 0, 0, 26623.44, 3, 0, 0, 0.47, 1209, 760, 25703.13, 68156, 65800
1695403389, 0, 0, 64, 0, 0, 26623.44, 3, 0, 0, 0.39, 1211, 763, 25703.13, 68156, 65800
1695403389, 0, 0, 64, 0, 0, 26623.44, 3, 0, 0, 12.08, 1215, 763, 25703.13, 68156, 65800
1695403389, 0, 0, 64, 0, 0, 26623.44, 3, 0, 0, 15.92, 1218, 765, 25703.13, 68156, 65800
1695403420, 0, 0, 64, 0, 0, 26623.44, 3, 0, 0, 0.07, 1219, 766, 25703.13, 68156, 65800
1695403431, 0, 0, 64, 0, 0, 26623.44, 3, 0, 0, 0.08, 1220, 766, 25703.13, 68156, 65800
1695403445, 0, 0, 64, 0, 0, 26623.44, 3, 0, 0, 0.08, 1221, 766, 25703.13, 68156, 65800
1695403445, 0, 0, 64, 0, 0, 26623.44, 3, 0, 0, 10.13, 1224, 767, 25703.13, 68156, 65800
1695403458, 0, 0, 64, 0, 0, 26623.44, 3, 0, 0, 0.23, 1227, 767, 25703.13, 68156, 65800
1695403458, 0, 0, 64, 0, 0, 26623.44, 3, 0, 0, 5.81, 1228, 768, 25703.13, 68156, 65800
1695403459, 0, 0, 64, 0, 0, 26623.44, 3, 0, 0, 9.38, 1230, 769, 25703.13, 68156, 65800
1695403472, 0, 0, 64, 0, 0, 26623.44, 3, 0, 0, 0.15, 1232, 769, 25703.13, 68156, 65800
1695403487, 0, 0, 64, 0, 0, 26623.44, 3, 0, 0, 0.07, 1233, 769, 25703.13, 68156, 65800
1695403487, 0, 0, 64, 0, 0, 26623.44, 3, 0, 0, 8.26, 1236, 769, 25703.13, 68156, 65800
1695403488, 0, 0, 64, 0, 0, 26623.44, 3, 0, 0, 9.64, 1239, 770, 25703.13, 68156, 65800
1695403488, 0, 0, 64, 0, 0, 26623.44, 3, 0, 0, 12.38, 1240, 773, 25703.13, 68156, 65800
1695403488, 0, 0, 64, 0, 0, 26623.44, 3, 0, 0, 8.98, 1243, 773, 25703.13, 68156, 65800
1695403489, 0, 0, 64, 0, 0, 26623.44, 3, 0, 0, 16.08, 1245, 776, 25703.13, 68156, 65800
1695403489, 0, 0, 64, 0, 0, 26623.44, 3, 0, 0, 11.83, 1247, 778, 25703.13, 68156, 65800
1695403489, 0, 0, 64, 0, 0, 26623.44, 3, 0, 0, 12.62, 1249, 780, 25703.13, 68156, 65800
1695403503, 0, 0, 64, 0, 0, 26623.44, 3, 0, 0, 0.29, 1252, 781, 25703.13, 68156, 65800
1695403504, 0, 0, 64, 0, 0, 26623.44, 3, 0, 0, 13.66, 1256, 782, 25703.13, 68156, 65800
1695403504, 0, 0, 64, 0, 0, 26623.44, 3, 0, 0, 9.50, 1258, 784, 25703.13, 68156, 65800
1695403518, 0, 0, 64, 0, 0, 26623.44, 3, 0, 0, 0.22, 1260, 785, 25703.13, 68156, 65800
1695403518, 0, 0, 64, 0, 0, 26623.44, 3, 0, 0, 6.70, 1263, 785, 25703.13, 68156, 65800
1695403519, 0, 0, 64, 0, 0, 26623.44, 3, 0, 0, 10.90, 1263, 789, 25703.13, 68156, 65800
1695403532, 0, 0, 64, 0, 0, 26623.44, 3, 0, 0, 0.31, 1265, 791, 25703.13, 68156, 65800
1695403532, 0, 0, 64, 0, 0, 26623.44, 3, 0, 0, 11.76, 1268, 792, 25703.13, 68156, 65800
1695403532, 0, 0, 64, 0, 0, 26623.44, 3, 0, 0, 11.90, 1271, 793, 25703.13, 68156, 65800
1695403544, 0, 0, 64, 0, 0, 26623.44, 3, 0, 0, 0.08, 1272, 793, 25703.13, 68156, 65800
1695403545, 0, 0, 64, 0, 0, 26623.44, 3, 0, 0, 17.54, 1274, 797, 25703.13, 68156, 65800
1695403545, 0, 0, 64, 0, 0, 26623.44, 3, 0, 0, 13.29, 1276, 799, 25703.13, 68156, 65800
1695403558, 0, 0, 64, 0, 0, 26623.44, 3, 0, 0, 0.24, 1277, 801, 25703.13, 68156, 65800
1695403577, 0, 0, 64, 0, 0, 26623.44, 3, 0, 0, 0.11, 1279, 801, 25703.13, 68156, 65800
1695403592, 0, 0, 64, 0, 0, 26623.44, 3, 0, 0, 0.13, 1280, 802, 25703.13, 68156, 65800
1695403592, 0, 0, 64, 0, 0, 26623.44, 3, 0, 0, 6.02, 1282, 802, 25703.13, 68156, 65800
1695403606, 0, 0, 64, 0, 0, 26623.44, 3, 0, 0, 0.30, 1284, 804, 25703.13, 68156, 65800
1695403606, 0, 0, 64, 0, 0, 26623.44, 3, 0, 0, 16.71, 1285, 809, 25703.13, 68156, 65800
1695403606, 0, 0, 64, 0, 0, 26623.44, 3, 0, 0, 16.18, 1288, 811, 25703.13, 68156, 65800
1695403607, 0, 0, 64, 0, 0, 26623.44, 3, 0, 0, 12.35, 1289, 815, 25703.13, 68156, 65800
1695403607, 0, 0, 64, 0, 0, 26623.44, 3, 0, 0, 8.22, 1291, 816, 25703.13, 68156, 65800
1695403621, 0, 0, 64, 0, 0, 26623.44, 3, 0, 0, 0.29, 1292, 819, 25703.13, 68156, 65800
1695403643, 0, 0, 64, 0, 0, 26623.44, 3, 0, 0, 0.09, 1293, 820, 25703.13, 68156, 65800
1695403643, 0, 0, 64, 0, 0, 26623.44, 3, 0, 0, 6.51, 1295, 820, 25703.13, 68156, 65800
1695403657, 0, 0, 64, 0, 0, 26623.44, 3, 0, 0, 0.22, 1298, 820, 25703.13, 68156, 65800
1695403670, 0, 0, 64, 0, 0, 26623.44, 3, 0, 0, 0.15, 1300, 820, 25703.13, 68156, 65800
1695403691, 0, 0, 64, 0, 0, 26623.44, 3, 0, 0, 0.05, 1301, 820, 25703.13, 68156, 65800
1695403691, 0, 0, 64, 0, 0, 26623.44, 3, 0, 0, 6.10, 1302, 821, 25703.13, 68156, 65800
1695403692, 0, 0, 64, 0, 0, 26623.44, 3, 0, 0, 14.41, 1305, 823, 25703.13, 68156, 65800
1695403706, 0, 0, 64, 0, 0, 26623.44, 3, 0, 0, 0.13, 1307, 823, 25703.13, 68156, 65800
1695403707, 0, 0, 64, 0, 0, 26623.44, 3, 0, 0, 13.70, 1309, 826, 25703.13, 68156, 65800
1695403722, 0, 0, 65, 0, 0, 26623.83, 3, 0, 0, 0.19, 1311, 827, 25703.52, 68157, 65801
1695403722, 0, 0, 65, 0, 0, 26623.83, 3, 0, 0, 0.00, 1311, 827, 25703.52, 68157, 65801
