# unix_time, cycles_done, cur_path, paths_total, pending_total, pending_favs, map_size, unique_crashes, unique_hangs, max_depth, execs_per_sec, valid_inputs, invalid_inputs, valid_cov, all_covered_probes, valid_covered_probes
1695450724, 0, 0, 1, 0, 0, 3993.36, 0, 0, 0, 0.33, 0, 1, 0.00, 10223, 0
1695450755, 0, 0, 3, 0, 0, 24483.20, 0, 0, 0, 0.07, 1, 2, 23870.70, 62677, 61109
1695450768, 0, 0, 6, 0, 0, 24761.33, 0, 0, 0, 0.23, 3, 3, 24183.98, 63389, 61911
1695450782, 0, 0, 10, 0, 0, 25226.95, 0, 0, 0, 0.29, 5, 5, 24271.48, 64581, 62135
1695450794, 0, 0, 14, 0, 0, 25372.27, 0, 0, 0, 0.51, 10, 6, 24416.80, 64953, 62507
1695450806, 0, 0, 15, 0, 0, 25375.78, 0, 0, 0, 0.25, 13, 6, 24420.31, 64962, 62516
1695450817, 0, 0, 18, 0, 0, 25753.52, 0, 0, 0, 0.37, 15, 8, 24816.02, 65929, 63529
1695450817, 0, 0, 20, 0, 0, 25760.55, 0, 0, 0, 4.28, 16, 9, 24816.41, 65947, 63530
1695450817, 0, 0, 22, 0, 0, 25776.17, 0, 0, 0, 52.46, 24, 17, 24816.41, 65987, 63530
1695450828, 0, 0, 24, 0, 0, 25777.34, 1, 0, 0, 1.04, 29, 23, 24817.19, 65990, 63532
1695450838, 0, 0, 25, 0, 0, 25779.69, 2, 0, 0, 0.68, 33, 26, 24819.53, 65996, 63538
1695450850, 0, 0, 28, 0, 0, 25957.81, 2, 0, 0, 1.16, 45, 28, 24998.83, 66452, 63997
1695450861, 0, 0, 29, 0, 0, 25966.80, 2, 0, 0, 0.73, 48, 33, 25007.81, 66475, 64020
1695450873, 0, 0, 30, 0, 0, 26329.69, 2, 0, 0, 0.44, 52, 34, 25370.70, 67404, 64949
1695450884, 0, 0, 31, 0, 0, 26335.55, 2, 0, 0, 0.27, 54, 35, 25376.56, 67419, 64964
1695450895, 0, 0, 32, 0, 0, 26346.88, 2, 0, 0, 1.12, 63, 39, 25387.89, 67448, 64993
1695450907, 0, 0, 33, 0, 0, 26347.27, 2, 0, 0, 0.09, 64, 39, 25388.28, 67449, 64994
1695450918, 0, 0, 34, 0, 0, 26348.05, 2, 0, 0, 0.26, 66, 40, 25389.06, 67451, 64996
1695450931, 0, 0, 35, 0, 0, 26357.03, 2, 0, 0, 0.57, 72, 41, 25398.05, 67474, 65019
1695450941, 0, 0, 35, 0, 0, 26357.03, 2, 0, 0, 0.37, 73, 44, 25398.05, 67474, 65019
1695450955, 0, 0, 37, 0, 0, 26360.55, 2, 0, 0, 2.27, 93, 54, 25398.44, 67483, 65020
1695450967, 0, 0, 38, 0, 0, 26364.45, 2, 0, 0, 0.50, 97, 56, 25402.34, 67493, 65030
1695450978, 0, 0, 39, 0, 0, 26365.23, 2, 0, 0, 0.45, 102, 56, 25403.13, 67495, 65032
1695450990, 0, 0, 40, 0, 0, 26365.63, 2, 0, 0, 0.90, 108, 61, 25403.52, 67496, 65033
1695451002, 0, 0, 41, 0, 0, 26367.19, 2, 0, 0, 0.79, 115, 63, 25405.08, 67500, 65037
1695451013, 0, 0, 41, 0, 0, 26367.19, 2, 0, 0, 0.63, 120, 65, 25405.08, 67500, 65037
1695451024, 0, 0, 41, 0, 0, 26367.19, 2, 0, 0, 0.09, 121, 65, 25405.08, 67500, 65037
1695451035, 0, 0, 41, 0, 0, 26367.19, 2, 0, 0, 0.09, 122, 65, 25405.08, 67500, 65037
1695451047, 0, 0, 41, 0, 0, 26367.19, 2, 0, 0, 0.09, 123, 65, 25405.08, 67500, 65037
1695451060, 0, 0, 42, 0, 0, 26368.75, 2, 0, 0, 0.77, 130, 68, 25406.64, 67504, 65041
1695451072, 0, 0, 43, 0, 0, 26369.92, 2, 0, 0, 0.09, 131, 68, 25407.81, 67507, 65044
1695451072, 0, 0, 43, 0, 0, 26369.92, 2, 0, 0, 36.72, 139, 73, 25407.81, 67507, 65044
1695451084, 0, 0, 44, 0, 0, 26383.59, 2, 0, 0, 0.41, 143, 74, 25421.48, 67542, 65079
1695451099, 0, 0, 45, 0, 0, 26389.06, 2, 0, 0, 0.14, 144, 75, 25426.95, 67556, 65093
1695451099, 0, 0, 45, 0, 0, 26389.06, 2, 0, 0, 48.86, 150, 84, 25426.95, 67556, 65093
1695451112, 0, 0, 45, 0, 0, 26389.06, 2, 0, 0, 1.10, 160, 88, 25426.95, 67556, 65093
1695451123, 0, 0, 45, 0, 0, 26389.06, 2, 0, 0, 0.09, 161, 88, 25426.95, 67556, 65093
1695451135, 0, 0, 46, 0, 0, 26389.45, 2, 0, 0, 1.94, 170, 101, 25427.34, 67557, 65094
1695451147, 0, 0, 47, 0, 0, 26395.31, 2, 0, 0, 0.08, 171, 101, 25433.20, 67572, 65109
1695451159, 0, 0, 48, 0, 0, 26450.39, 2, 0, 0, 0.16, 173, 101, 25488.28, 67713, 65250
1695451170, 0, 0, 48, 0, 0, 26450.39, 2, 0, 0, 0.97, 178, 107, 25488.28, 67713, 65250
1695451182, 0, 0, 48, 0, 0, 26450.39, 2, 0, 0, 0.44, 182, 108, 25488.28, 67713, 65250
1695451182, 0, 0, 48, 0, 0, 26450.39, 2, 0, 0, 33.11, 188, 112, 25488.28, 67713, 65250
1695451193, 0, 0, 48, 0, 0, 26450.39, 2, 0, 0, 2.31, 204, 122, 25488.28, 67713, 65250
1695451205, 0, 0, 48, 0, 0, 26450.39, 2, 0, 0, 0.17, 205, 123, 25488.28, 67713, 65250
1695451218, 0, 0, 48, 0, 0, 26450.39, 2, 0, 0, 0.08, 206, 123, 25488.28, 67713, 65250
1695451230, 0, 0, 49, 0, 0, 26450.78, 2, 0, 0, 0.25, 208, 124, 25488.67, 67714, 65251
1695451245, 0, 0, 49, 0, 0, 26450.78, 2, 0, 0, 0.34, 211, 126, 25488.67, 67714, 65251
1695451257, 0, 0, 50, 0, 0, 26452.34, 2, 0, 0, 1.62, 224, 132, 25490.23, 67718, 65255
1695451269, 0, 0, 50, 0, 0, 26452.34, 2, 0, 0, 0.48, 230, 132, 25490.23, 67718, 65255
1695451281, 0, 0, 50, 0, 0, 26452.34, 2, 0, 0, 0.25, 232, 133, 25490.23, 67718, 65255
1695451294, 0, 0, 50, 0, 0, 26452.34, 2, 0, 0, 0.32, 235, 134, 25490.23, 67718, 65255
1695451306, 0, 0, 50, 0, 0, 26452.34, 2, 0, 0, 0.65, 239, 138, 25490.23, 67718, 65255
1695451332, 0, 0, 51, 0, 0, 26475.00, 2, 0, 0, 0.31, 244, 141, 25512.89, 67776, 65313
1695451344, 0, 0, 51, 0, 0, 26475.00, 2, 0, 0, 0.85, 250, 145, 25512.89, 67776, 65313
1695451356, 0, 0, 51, 0, 0, 26475.00, 2, 0, 0, 0.82, 258, 147, 25512.89, 67776, 65313
1695451369, 0, 0, 52, 0, 0, 26475.39, 2, 0, 0, 0.91, 267, 150, 25513.28, 67777, 65314
1695451381, 0, 0, 53, 0, 0, 26476.95, 2, 0, 0, 1.32, 276, 157, 25514.84, 67781, 65318
1695451401, 0, 0, 54, 0, 0, 26478.52, 2, 0, 0, 0.05, 277, 157, 25516.41, 67785, 65322
1695451401, 0, 0, 54, 0, 0, 26478.52, 2, 0, 0, 2.65, 278, 157, 25516.41, 67785, 65322
1695451413, 0, 0, 54, 0, 0, 26478.52, 2, 0, 0, 0.17, 280, 157, 25516.41, 67785, 65322
1695451428, 0, 0, 54, 0, 0, 26478.52, 2, 0, 0, 1.15, 290, 164, 25516.41, 67785, 65322
1695451439, 0, 0, 54, 0, 0, 26478.52, 2, 0, 0, 0.09, 291, 164, 25516.41, 67785, 65322
1695451451, 0, 0, 54, 0, 0, 26478.52, 2, 0, 0, 1.04, 298, 169, 25516.41, 67785, 65322
1695451463, 0, 0, 54, 0, 0, 26478.52, 2, 0, 0, 0.67, 303, 172, 25516.41, 67785, 65322
1695451475, 0, 0, 54, 0, 0, 26478.52, 2, 0, 0, 0.41, 306, 174, 25516.41, 67785, 65322
1695451504, 0, 0, 54, 0, 0, 26478.52, 2, 0, 0, 0.14, 308, 176, 25516.41, 67785, 65322
1695451517, 0, 0, 54, 0, 0, 26478.52, 2, 0, 0, 0.24, 310, 177, 25516.41, 67785, 65322
1695451529, 0, 0, 54, 0, 0, 26478.52, 2, 0, 0, 0.81, 318, 179, 25516.41, 67785, 65322
1695451541, 0, 0, 54, 0, 0, 26478.52, 2, 0, 0, 0.08, 319, 179, 25516.41, 67785, 65322
1695451553, 0, 0, 54, 0, 0, 26478.52, 2, 0, 0, 0.09, 320, 179, 25516.41, 67785, 65322
1695451566, 0, 0, 54, 0, 0, 26478.52, 2, 0, 0, 1.07, 328, 185, 25516.41, 67785, 65322
1695451585, 0, 0, 54, 0, 0, 26478.52, 2, 0, 0, 0.26, 333, 185, 25516.41, 67785, 65322
1695451597, 0, 0, 54, 0, 0, 26478.52, 2, 0, 0, 0.33, 335, 187, 25516.41, 67785, 65322
1695451619, 0, 0, 55, 0, 0, 26480.86, 2, 0, 0, 0.27, 339, 189, 25518.75, 67791, 65328
1695451633, 0, 0, 55, 0, 0, 26480.86, 2, 0, 0, 0.44, 343, 191, 25518.75, 67791, 65328
1695451648, 0, 0, 55, 0, 0, 26480.86, 2, 0, 0, 1.31, 357, 197, 25518.75, 67791, 65328
1695451662, 0, 0, 55, 0, 0, 26480.86, 2, 0, 0, 0.07, 358, 197, 25518.75, 67791, 65328
1695451674, 0, 0, 55, 0, 0, 26480.86, 2, 0, 0, 0.24, 360, 198, 25518.75, 67791, 65328
1695451675, 0, 0, 55, 0, 0, 26480.86, 2, 0, 0, 24.59, 364, 203, 25518.75, 67791, 65328
1695451688, 0, 0, 56, 0, 0, 26481.25, 2, 0, 0, 0.52, 369, 205, 25519.14, 67792, 65329
1695451704, 0, 0, 56, 0, 0, 26481.25, 2, 0, 0, 0.32, 371, 208, 25519.14, 67792, 65329
1695451720, 0, 0, 56, 0, 0, 26481.25, 2, 0, 0, 1.03, 378, 218, 25519.14, 67792, 65329
1695451783, 0, 0, 57, 0, 0, 26482.03, 2, 0, 0, 0.08, 380, 221, 25519.92, 67794, 65331
1695451796, 0, 0, 57, 0, 0, 26482.03, 2, 0, 0, 0.79, 386, 225, 25519.92, 67794, 65331
1695451808, 0, 0, 57, 0, 0, 26482.03, 2, 0, 0, 0.41, 390, 226, 25519.92, 67794, 65331
1695451820, 0, 0, 57, 0, 0, 26482.03, 2, 0, 0, 0.93, 396, 231, 25519.92, 67794, 65331
1695451831, 0, 0, 57, 0, 0, 26482.03, 3, 0, 0, 0.19, 397, 232, 25519.92, 67794, 65331
1695451831, 0, 0, 57, 0, 0, 26482.03, 3, 0, 0, 14.97, 399, 235, 25519.92, 67794, 65331
1695451843, 0, 0, 57, 0, 0, 26482.03, 3, 0, 0, 0.25, 401, 236, 25519.92, 67794, 65331
1695451855, 0, 0, 58, 0, 0, 26482.81, 3, 0, 0, 0.17, 402, 237, 25520.70, 67796, 65333
1695451868, 0, 0, 58, 0, 0, 26482.81, 3, 0, 0, 0.53, 407, 239, 25520.70, 67796, 65333
1695451868, 0, 0, 58, 0, 0, 26482.81, 3, 0, 0, 32.07, 416, 241, 25520.70, 67796, 65333
1695451869, 0, 0, 58, 0, 0, 26482.81, 3, 0, 0, 34.59, 423, 245, 25520.70, 67796, 65333
1695451881, 0, 0, 58, 0, 0, 26482.81, 3, 0, 0, 0.55, 429, 246, 25520.70, 67796, 65333
1695451894, 0, 0, 58, 0, 0, 26482.81, 3, 0, 0, 0.08, 430, 246, 25520.70, 67796, 65333
1695451907, 0, 0, 58, 0, 0, 26482.81, 3, 0, 0, 0.31, 433, 247, 25520.70, 67796, 65333
1695451908, 0, 0, 58, 0, 0, 26482.81, 3, 0, 0, 11.08, 436, 248, 25520.70, 67796, 65333
1695451921, 0, 0, 59, 0, 0, 26483.59, 3, 0, 0, 0.77, 442, 252, 25521.48, 67798, 65335
1695451933, 0, 0, 59, 0, 0, 26483.59, 3, 0, 0, 0.32, 444, 254, 25521.48, 67798, 65335
1695451934, 0, 0, 59, 0, 0, 26483.59, 3, 0, 0, 31.79, 452, 257, 25521.48, 67798, 65335
1695451946, 0, 0, 59, 0, 0, 26483.59, 3, 0, 0, 0.25, 454, 258, 25521.48, 67798, 65335
1695451958, 0, 0, 59, 0, 0, 26483.59, 3, 0, 0, 0.08, 455, 258, 25521.48, 67798, 65335
1695451970, 0, 0, 59, 0, 0, 26483.59, 3, 0, 0, 0.49, 459, 260, 25521.48, 67798, 65335
1695451983, 0, 0, 59, 0, 0, 26483.59, 3, 0, 0, 0.24, 461, 261, 25521.48, 67798, 65335
1695451995, 0, 0, 59, 0, 0, 26483.59, 3, 0, 0, 0.16, 462, 262, 25521.48, 67798, 65335
1695451996, 0, 0, 59, 0, 0, 26483.59, 3, 0, 0, 48.23, 470, 269, 25521.48, 67798, 65335
1695452008, 0, 0, 59, 0, 0, 26483.59, 3, 0, 0, 0.32, 474, 269, 25521.48, 67798, 65335
1695452025, 0, 0, 59, 0, 0, 26483.59, 3, 0, 0, 0.06, 475, 269, 25521.48, 67798, 65335
1695452039, 0, 0, 59, 0, 0, 26483.59, 3, 0, 0, 0.48, 479, 272, 25521.48, 67798, 65335
1695452053, 0, 0, 59, 0, 0, 26483.59, 3, 0, 0, 0.15, 481, 272, 25521.48, 67798, 65335
1695452073, 0, 0, 59, 0, 0, 26483.59, 3, 0, 0, 0.10, 483, 272, 25521.48, 67798, 65335
1695452086, 0, 0, 59, 0, 0, 26483.59, 3, 0, 0, 0.44, 487, 274, 25521.48, 67798, 65335
1695452099, 0, 0, 59, 0, 0, 26483.59, 3, 0, 0, 0.31, 491, 274, 25521.48, 67798, 65335
1695452113, 0, 0, 59, 0, 0, 26483.59, 3, 0, 0, 1.00, 498, 281, 25521.48, 67798, 65335
1695452132, 0, 0, 59, 0, 0, 26483.59, 3, 0, 0, 0.31, 502, 283, 25521.48, 67798, 65335
1695452147, 0, 0, 59, 0, 0, 26483.59, 3, 0, 0, 0.21, 504, 284, 25521.48, 67798, 65335
1695452166, 0, 0, 59, 0, 0, 26483.59, 3, 0, 0, 0.26, 508, 285, 25521.48, 67798, 65335
1695452179, 0, 0, 59, 0, 0, 26483.59, 3, 0, 0, 0.33, 512, 285, 25521.48, 67798, 65335
1695452191, 0, 0, 59, 0, 0, 26483.59, 3, 0, 0, 0.31, 515, 286, 25521.48, 67798, 65335
1695452203, 0, 0, 59, 0, 0, 26483.59, 3, 0, 0, 0.67, 519, 290, 25521.48, 67798, 65335
1695452217, 0, 0, 59, 0, 0, 26483.59, 3, 0, 0, 0.15, 520, 291, 25521.48, 67798, 65335
1695452229, 0, 0, 59, 0, 0, 26483.59, 3, 0, 0, 0.08, 521, 291, 25521.48, 67798, 65335
1695452251, 0, 0, 59, 0, 0, 26483.59, 3, 0, 0, 0.09, 523, 291, 25521.48, 67798, 65335
1695452251, 0, 0, 59, 0, 0, 26483.59, 3, 0, 0, 30.99, 531, 294, 25521.48, 67798, 65335
1695452263, 0, 0, 59, 0, 0, 26483.59, 4, 0, 0, 0.45, 532, 298, 25521.48, 67798, 65335
1695452279, 0, 0, 59, 0, 0, 26483.59, 4, 0, 0, 0.06, 533, 298, 25521.48, 67798, 65335
1695452292, 0, 0, 59, 0, 0, 26483.59, 4, 0, 0, 0.08, 534, 298, 25521.48, 67798, 65335
1695452292, 0, 0, 59, 0, 0, 26483.59, 4, 0, 0, 28.30, 538, 303, 25521.48, 67798, 65335
1695452305, 0, 0, 59, 0, 0, 26483.59, 4, 0, 0, 0.61, 545, 304, 25521.48, 67798, 65335
1695452318, 0, 0, 59, 0, 0, 26483.59, 4, 0, 0, 0.52, 550, 306, 25521.48, 67798, 65335
1695452363, 0, 0, 59, 0, 0, 26483.59, 4, 0, 0, 0.02, 551, 306, 25521.48, 67798, 65335
1695452375, 0, 0, 59, 0, 0, 26483.59, 4, 0, 0, 0.41, 555, 307, 25521.48, 67798, 65335
1695452405, 0, 0, 59, 0, 0, 26483.59, 4, 0, 0, 0.23, 558, 311, 25521.48, 67798, 65335
1695452405, 0, 0, 59, 0, 0, 26483.59, 4, 0, 0, 33.11, 563, 316, 25521.48, 67798, 65335
1695452420, 0, 0, 59, 0, 0, 26483.59, 4, 0, 0, 0.47, 568, 318, 25521.48, 67798, 65335
1695452434, 0, 0, 59, 0, 0, 26483.59, 4, 0, 0, 0.07, 569, 318, 25521.48, 67798, 65335
1695452447, 0, 0, 59, 0, 0, 26483.59, 4, 0, 0, 0.70, 575, 321, 25521.48, 67798, 65335
1695452463, 0, 0, 59, 0, 0, 26483.59, 4, 0, 0, 0.06, 576, 321, 25521.48, 67798, 65335
1695452477, 0, 0, 60, 0, 0, 26484.38, 4, 0, 0, 0.14, 578, 321, 25522.27, 67800, 65337
1695452492, 0, 0, 60, 0, 0, 26484.38, 4, 0, 0, 0.28, 580, 323, 25522.27, 67800, 65337
1695452492, 0, 0, 60, 0, 0, 26484.38, 4, 0, 0, 28.85, 587, 325, 25522.27, 67800, 65337
1695452504, 0, 0, 60, 0, 0, 26484.38, 4, 0, 0, 0.16, 588, 326, 25522.27, 67800, 65337
1695452517, 0, 0, 60, 0, 0, 26484.38, 4, 0, 0, 0.48, 593, 327, 25522.27, 67800, 65337
1695452530, 0, 0, 60, 0, 0, 26484.38, 4, 0, 0, 0.37, 596, 329, 25522.27, 67800, 65337
1695452543, 0, 0, 60, 0, 0, 26484.38, 4, 0, 0, 0.72, 603, 331, 25522.27, 67800, 65337
1695452562, 0, 0, 60, 0, 0, 26484.38, 4, 0, 0, 0.63, 609, 337, 25522.27, 67800, 65337
1695452562, 0, 0, 60, 0, 0, 26484.38, 4, 0, 0, 25.16, 613, 341, 25522.27, 67800, 65337
1695452574, 0, 0, 60, 0, 0, 26484.38, 4, 0, 0, 0.35, 617, 341, 25522.27, 67800, 65337
1695452586, 0, 0, 60, 0, 0, 26484.38, 4, 0, 0, 0.79, 624, 344, 25522.27, 67800, 65337
1695452599, 0, 0, 60, 0, 0, 26484.38, 4, 0, 0, 0.16, 626, 344, 25522.27, 67800, 65337
1695452618, 0, 0, 60, 0, 0, 26484.38, 4, 0, 0, 0.16, 627, 346, 25522.27, 67800, 65337
1695452630, 0, 0, 60, 0, 0, 26484.38, 4, 0, 0, 0.56, 631, 349, 25522.27, 67800, 65337
1695452672, 0, 0, 60, 0, 0, 26484.38, 4, 0, 0, 0.07, 634, 349, 25522.27, 67800, 65337
1695452673, 0, 0, 60, 0, 0, 26484.38, 4, 0, 0, 18.52, 637, 354, 25522.27, 67800, 65337
1695452673, 0, 0, 60, 0, 0, 26484.38, 4, 0, 0, 16.85, 639, 358, 25522.27, 67800, 65337
1695452673, 0, 0, 60, 0, 0, 26484.38, 4, 0, 0, 16.61, 640, 362, 25522.27, 67800, 65337
1695452674, 0, 0, 60, 0, 0, 26484.38, 4, 0, 0, 13.33, 644, 362, 25522.27, 67800, 65337
1695452686, 0, 0, 60, 0, 0, 26484.38, 4, 0, 0, 0.25, 647, 362, 25522.27, 67800, 65337
1695452699, 0, 0, 60, 0, 0, 26484.38, 4, 0, 0, 0.16, 649, 362, 25522.27, 67800, 65337
1695452699, 0, 0, 60, 0, 0, 26484.38, 4, 0, 0, 14.12, 652, 364, 25522.27, 67800, 65337
1695452716, 0, 0, 60, 0, 0, 26484.38, 4, 0, 0, 0.11, 654, 364, 25522.27, 67800, 65337
1695452717, 0, 0, 60, 0, 0, 26484.38, 4, 0, 0, 23.18, 658, 367, 25522.27, 67800, 65337
1695452729, 0, 0, 60, 0, 0, 26484.38, 4, 0, 0, 0.31, 660, 369, 25522.27, 67800, 65337
1695452742, 0, 0, 61, 0, 0, 26485.16, 4, 0, 0, 0.54, 666, 370, 25523.05, 67802, 65339
1695452756, 0, 0, 61, 0, 0, 26485.16, 4, 0, 0, 0.38, 668, 373, 25523.05, 67802, 65339
1695452781, 0, 0, 61, 0, 0, 26485.16, 4, 0, 0, 0.12, 669, 375, 25523.05, 67802, 65339
1695452782, 0, 0, 62, 0, 0, 26492.97, 4, 0, 0, 28.39, 673, 380, 25530.86, 67822, 65359
1695452782, 0, 0, 62, 0, 0, 26492.97, 4, 0, 0, 19.23, 676, 383, 25530.86, 67822, 65359
1695452796, 0, 0, 62, 0, 0, 26492.97, 4, 0, 0, 0.22, 677, 385, 25530.86, 67822, 65359
1695452830, 0, 0, 62, 0, 0, 26492.97, 4, 0, 0, 0.03, 678, 385, 25530.86, 67822, 65359
1695452843, 0, 0, 62, 0, 0, 26492.97, 4, 0, 0, 0.16, 679, 386, 25530.86, 67822, 65359
1695452843, 0, 0, 62, 0, 0, 26492.97, 4, 0, 0, 31.06, 687, 388, 25530.86, 67822, 65359
1695452859, 0, 0, 62, 0, 0, 26492.97, 4, 0, 0, 0.39, 691, 390, 25530.86, 67822, 65359
1695452872, 0, 0, 62, 0, 0, 26492.97, 4, 0, 0, 0.16, 693, 390, 25530.86, 67822, 65359
1695452872, 0, 0, 62, 0, 0, 26492.97, 4, 0, 0, 15.24, 696, 392, 25530.86, 67822, 65359
1695452872, 0, 0, 62, 0, 0, 26492.97, 4, 0, 0, 12.99, 697, 395, 25530.86, 67822, 65359
1695452885, 0, 0, 62, 0, 0, 26492.97, 4, 0, 0, 0.32, 699, 397, 25530.86, 67822, 65359
1695452899, 0, 0, 62, 0, 0, 26492.97, 4, 0, 0, 0.51, 703, 400, 25530.86, 67822, 65359
1695452899, 0, 0, 62, 0, 0, 26492.97, 4, 0, 0, 25.40, 709, 402, 25530.86, 67822, 65359
1695452910, 0, 0, 62, 0, 0, 26492.97, 4, 0, 0, 0.09, 710, 402, 25530.86, 67822, 65359
1695452911, 0, 0, 62, 0, 0, 26492.97, 4, 0, 0, 29.90, 715, 406, 25530.86, 67822, 65359
1695452911, 0, 0, 62, 0, 0, 26492.97, 4, 0, 0, 29.61, 720, 410, 25530.86, 67822, 65359
1695452925, 0, 0, 62, 0, 0, 26492.97, 4, 0, 0, 0.22, 723, 410, 25530.86, 67822, 65359
1695452925, 0, 0, 62, 0, 0, 26492.97, 4, 0, 0, 25.64, 730, 411, 25530.86, 67822, 65359
1695452926, 0, 0, 62, 0, 0, 26492.97, 4, 0, 0, 13.59, 733, 413, 25530.86, 67822, 65359
1695452944, 0, 0, 62, 0, 0, 26492.97, 4, 0, 0, 0.05, 734, 413, 25530.86, 67822, 65359
1695452945, 0, 0, 62, 0, 0, 26492.97, 4, 0, 0, 21.74, 739, 415, 25530.86, 67822, 65359
1695452945, 0, 0, 62, 0, 0, 26492.97, 4, 0, 0, 30.67, 744, 420, 25530.86, 67822, 65359
1695452957, 0, 0, 62, 0, 0, 26492.97, 4, 0, 0, 0.48, 747, 423, 25530.86, 67822, 65359
1695452970, 0, 0, 62, 0, 0, 26492.97, 4, 0, 0, 0.24, 750, 423, 25530.86, 67822, 65359
1695452982, 0, 0, 62, 0, 0, 26492.97, 4, 0, 0, 0.39, 752, 426, 25530.86, 67822, 65359
1695452995, 0, 0, 62, 0, 0, 26492.97, 4, 0, 0, 0.24, 754, 427, 25530.86, 67822, 65359
1695452995, 0, 0, 62, 0, 0, 26492.97, 4, 0, 0, 26.63, 759, 431, 25530.86, 67822, 65359
1695453008, 0, 0, 62, 0, 0, 26492.97, 4, 0, 0, 0.24, 762, 431, 25530.86, 67822, 65359
1695453008, 0, 0, 62, 0, 0, 26492.97, 4, 0, 0, 28.30, 764, 438, 25530.86, 67822, 65359
1695453020, 0, 0, 62, 0, 0, 26492.97, 4, 0, 0, 0.08, 765, 438, 25530.86, 67822, 65359
1695453033, 0, 0, 62, 0, 0, 26492.97, 4, 0, 0, 0.32, 768, 439, 25530.86, 67822, 65359
1695453033, 0, 0, 62, 0, 0, 26492.97, 4, 0, 0, 34.48, 772, 446, 25530.86, 67822, 65359
1695453033, 0, 0, 62, 0, 0, 26492.97, 4, 0, 0, 18.81, 777, 447, 25530.86, 67822, 65359
1695453047, 0, 0, 62, 0, 0, 26492.97, 4, 0, 0, 0.23, 779, 448, 25530.86, 67822, 65359
1695453060, 0, 0, 62, 0, 0, 26492.97, 4, 0, 0, 0.39, 782, 450, 25530.86, 67822, 65359
1695453072, 0, 0, 62, 0, 0, 26492.97, 4, 0, 0, 0.65, 787, 453, 25530.86, 67822, 65359
1695453072, 0, 0, 62, 0, 0, 26492.97, 4, 0, 0, 13.20, 790, 454, 25530.86, 67822, 65359
1695453095, 0, 0, 62, 0, 0, 26492.97, 4, 0, 0, 0.13, 792, 455, 25530.86, 67822, 65359
1695453109, 0, 0, 62, 0, 0, 26492.97, 4, 0, 0, 0.51, 794, 460, 25530.86, 67822, 65359
1695453109, 0, 0, 62, 0, 0, 26492.97, 4, 0, 0, 13.89, 794, 466, 25530.86, 67822, 65359
1695453110, 0, 0, 62, 0, 0, 26492.97, 4, 0, 0, 2.84, 795, 466, 25530.86, 67822, 65359
1695453110, 0, 0, 62, 0, 0, 26492.97, 4, 0, 0, 5.45, 797, 466, 25530.86, 67822, 65359
1695453124, 0, 0, 62, 0, 0, 26492.97, 4, 0, 0, 0.28, 799, 468, 25530.86, 67822, 65359
1695453125, 0, 0, 62, 0, 0, 26492.97, 4, 0, 0, 12.42, 802, 469, 25530.86, 67822, 65359
1695453125, 0, 0, 62, 0, 0, 26492.97, 4, 0, 0, 21.60, 803, 475, 25530.86, 67822, 65359
1695453125, 0, 0, 62, 0, 0, 26492.97, 4, 0, 0, 21.34, 807, 478, 25530.86, 67822, 65359
1695453147, 0, 0, 63, 0, 0, 26496.09, 4, 0, 0, 0.14, 810, 478, 25533.98, 67830, 65367
1695453160, 0, 0, 63, 0, 0, 26496.09, 4, 0, 0, 0.22, 812, 479, 25533.98, 67830, 65367
1695453161, 0, 0, 63, 0, 0, 26496.09, 4, 0, 0, 20.46, 817, 482, 25533.98, 67830, 65367
1695453173, 0, 0, 63, 0, 0, 26496.09, 4, 0, 0, 0.08, 818, 482, 25533.98, 67830, 65367
1695453173, 0, 0, 63, 0, 0, 26496.09, 4, 0, 0, 12.27, 821, 483, 25533.98, 67830, 65367
1695453173, 0, 0, 63, 0, 0, 26496.09, 4, 0, 0, 9.17, 824, 483, 25533.98, 67830, 65367
1695453174, 0, 0, 63, 0, 0, 26496.09, 4, 0, 0, 18.69, 826, 487, 25533.98, 67830, 65367
1695453186, 0, 0, 63, 0, 0, 26496.09, 4, 0, 0, 0.16, 828, 487, 25533.98, 67830, 65367
1695453201, 0, 0, 63, 0, 0, 26496.09, 4, 0, 0, 0.13, 829, 488, 25533.98, 67830, 65367
1695453201, 0, 0, 63, 0, 0, 26496.09, 4, 0, 0, 23.10, 835, 489, 25533.98, 67830, 65367
1695453201, 0, 0, 63, 0, 0, 26496.09, 4, 0, 0, 15.48, 839, 490, 25533.98, 67830, 65367
1695453226, 0, 0, 63, 0, 0, 26496.09, 4, 0, 0, 0.08, 841, 490, 25533.98, 67830, 65367
1695453227, 0, 0, 63, 0, 0, 26496.09, 4, 0, 0, 18.77, 845, 493, 25533.98, 67830, 65367
1695453239, 0, 0, 63, 0, 0, 26496.09, 4, 0, 0, 0.08, 846, 493, 25533.98, 67830, 65367
1695453251, 0, 0, 63, 0, 0, 26496.09, 4, 0, 0, 0.08, 847, 493, 25533.98, 67830, 65367
1695453252, 0, 0, 63, 0, 0, 26496.09, 4, 0, 0, 17.81, 851, 496, 25533.98, 67830, 65367
1695453264, 0, 0, 63, 0, 0, 26496.09, 4, 0, 0, 0.25, 853, 497, 25533.98, 67830, 65367
1695453264, 0, 0, 63, 0, 0, 26496.09, 4, 0, 0, 25.56, 859, 499, 25533.98, 67830, 65367
1695453264, 0, 0, 63, 0, 0, 26496.09, 4, 0, 0, 20.62, 866, 500, 25533.98, 67830, 65367
1695453276, 0, 0, 63, 0, 0, 26496.09, 4, 0, 0, 0.17, 868, 500, 25533.98, 67830, 65367
1695453289, 0, 0, 63, 0, 0, 26496.09, 4, 0, 0, 0.08, 869, 500, 25533.98, 67830, 65367
1695453301, 0, 0, 63, 0, 0, 26496.09, 4, 0, 0, 0.08, 870, 500, 25533.98, 67830, 65367
1695453302, 0, 0, 63, 0, 0, 26496.09, 4, 0, 0, 23.44, 875, 504, 25533.98, 67830, 65367
1695453315, 0, 0, 63, 0, 0, 26496.09, 4, 0, 0, 0.14, 876, 505, 25533.98, 67830, 65367
1695453335, 0, 0, 63, 0, 0, 26496.09, 4, 0, 0, 0.05, 877, 505, 25533.98, 67830, 65367
1695453335, 0, 0, 63, 0, 0, 26496.09, 4, 0, 0, 9.58, 879, 506, 25533.98, 67830, 65367
1695453349, 0, 0, 63, 0, 0, 26496.09, 4, 0, 0, 0.30, 881, 508, 25533.98, 67830, 65367
1695453349, 0, 0, 63, 0, 0, 26496.09, 4, 0, 0, 22.44, 886, 510, 25533.98, 67830, 65367
1695453361, 0, 0, 63, 0, 0, 26496.09, 4, 0, 0, 0.33, 887, 513, 25533.98, 67830, 65367
1695453380, 0, 0, 63, 0, 0, 26496.09, 4, 0, 0, 0.21, 889, 515, 25533.98, 67830, 65367
1695453393, 0, 0, 63, 0, 0, 26496.09, 4, 0, 0, 0.08, 890, 515, 25533.98, 67830, 65367
1695453393, 0, 0, 63, 0, 0, 26496.09, 4, 0, 0, 18.77, 894, 518, 25533.98, 67830, 65367
1695453394, 0, 0, 63, 0, 0, 26496.09, 4, 0, 0, 14.53, 897, 520, 25533.98, 67830, 65367
1695453407, 0, 0, 63, 0, 0, 26496.09, 4, 0, 0, 0.15, 898, 521, 25533.98, 67830, 65367
1695453420, 0, 0, 63, 0, 0, 26496.09, 4, 0, 0, 0.38, 901, 523, 25533.98, 67830, 65367
1695453433, 0, 0, 63, 0, 0, 26496.09, 4, 0, 0, 0.30, 904, 524, 25533.98, 67830, 65367
1695453446, 0, 0, 63, 0, 0, 26496.09, 4, 0, 0, 0.40, 906, 527, 25533.98, 67830, 65367
1695453460, 0, 0, 63, 0, 0, 26496.09, 4, 0, 0, 0.35, 909, 529, 25533.98, 67830, 65367
1695453460, 0, 0, 63, 0, 0, 26496.09, 4, 0, 0, 19.83, 911, 534, 25533.98, 67830, 65367
1695453461, 0, 0, 63, 0, 0, 26496.09, 4, 0, 0, 17.29, 913, 538, 25533.98, 67830, 65367
1695453477, 0, 0, 63, 0, 0, 26496.09, 4, 0, 0, 0.31, 917, 539, 25533.98, 67830, 65367
1695453477, 0, 0, 63, 0, 0, 26496.09, 4, 0, 0, 15.38, 921, 542, 25533.98, 67830, 65367
1695453490, 0, 0, 63, 0, 0, 26496.09, 4, 0, 0, 0.23, 923, 543, 25533.98, 67830, 65367
1695453491, 0, 0, 63, 0, 0, 26496.09, 4, 0, 0, 14.37, 925, 546, 25533.98, 67830, 65367
1695453505, 0, 0, 63, 0, 0, 26496.09, 4, 0, 0, 0.07, 926, 546, 25533.98, 67830, 65367
1695453518, 0, 0, 63, 0, 0, 26496.09, 4, 0, 0, 0.16, 927, 547, 25533.98, 67830, 65367
1695453518, 0, 0, 63, 0, 0, 26496.09, 4, 0, 0, 15.58, 929, 550, 25533.98, 67830, 65367
1695453531, 0, 0, 63, 0, 0, 26496.09, 4, 0, 0, 0.32, 932, 551, 25533.98, 67830, 65367
1695453531, 0, 0, 63, 0, 0, 26496.09, 4, 0, 0, 19.89, 935, 555, 25533.98, 67830, 65367
1695453532, 0, 0, 63, 0, 0, 26496.09, 4, 0, 0, 16.09, 938, 558, 25533.98, 67830, 65367
1695453532, 0, 0, 63, 0, 0, 26496.09, 4, 0, 0, 18.81, 939, 563, 25533.98, 67830, 65367
1695453547, 0, 0, 63, 0, 0, 26496.09, 4, 0, 0, 0.20, 942, 563, 25533.98, 67830, 65367
1695453548, 0, 0, 63, 0, 0, 26496.09, 4, 0, 0, 9.68, 945, 563, 25533.98, 67830, 65367
1695453548, 0, 0, 63, 0, 0, 26496.09, 4, 0, 0, 15.71, 948, 566, 25533.98, 67830, 65367
1695453548, 0, 0, 63, 0, 0, 26496.09, 4, 0, 0, 9.17, 950, 567, 25533.98, 67830, 65367
1695453562, 0, 0, 63, 0, 0, 26496.09, 4, 0, 0, 0.22, 953, 567, 25533.98, 67830, 65367
1695453577, 0, 0, 63, 0, 0, 26496.09, 4, 0, 0, 0.27, 956, 568, 25533.98, 67830, 65367
1695453591, 0, 0, 63, 0, 0, 26496.09, 4, 0, 0, 0.34, 957, 572, 25533.98, 67830, 65367
1695453592, 0, 0, 63, 0, 0, 26496.09, 4, 0, 0, 20.00, 960, 575, 25533.98, 67830, 65367
1695453604, 0, 0, 63, 0, 0, 26496.09, 4, 0, 0, 0.49, 963, 578, 25533.98, 67830, 65367
1695453604, 0, 0, 63, 0, 0, 26496.09, 4, 0, 0, 19.28, 967, 582, 25533.98, 67830, 65367
1695453619, 0, 0, 63, 0, 0, 26496.09, 4, 0, 0, 0.14, 969, 582, 25533.98, 67830, 65367
1695453631, 0, 0, 63, 0, 0, 26496.09, 4, 0, 0, 0.08, 970, 582, 25533.98, 67830, 65367
1695453644, 0, 0, 63, 0, 0, 26496.09, 4, 0, 0, 0.08, 971, 582, 25533.98, 67830, 65367
1695453644, 0, 0, 63, 0, 0, 26496.09, 4, 0, 0, 12.69, 975, 583, 25533.98, 67830, 65367
1695453658, 0, 0, 63, 0, 0, 26496.09, 4, 0, 0, 0.14, 977, 583, 25533.98, 67830, 65367
1695453659, 0, 0, 63, 0, 0, 26496.09, 4, 0, 0, 12.62, 980, 584, 25533.98, 67830, 65367
1695453673, 0, 0, 63, 0, 0, 26496.09, 4, 0, 0, 0.14, 981, 585, 25533.98, 67830, 65367
1695453686, 0, 0, 63, 0, 0, 26496.09, 4, 0, 0, 0.08, 982, 585, 25533.98, 67830, 65367
1695453686, 0, 0, 63, 0, 0, 26496.09, 4, 0, 0, 9.17, 984, 586, 25533.98, 67830, 65367
1695453701, 0, 0, 63, 0, 0, 26496.09, 4, 0, 0, 0.07, 985, 586, 25533.98, 67830, 65367
1695453701, 0, 0, 64, 0, 0, 26496.48, 4, 0, 0, 5.38, 986, 587, 25533.98, 67831, 65367
1695453714, 0, 0, 64, 0, 0, 26496.48, 4, 0, 0, 0.15, 987, 588, 25533.98, 67831, 65367
1695453715, 0, 0, 64, 0, 0, 26496.48, 4, 0, 0, 10.87, 991, 588, 25533.98, 67831, 65367
1695453715, 0, 0, 64, 0, 0, 26496.48, 4, 0, 0, 15.53, 994, 590, 25533.98, 67831, 65367
1695453728, 0, 0, 64, 0, 0, 26496.48, 4, 0, 0, 0.08, 995, 590, 25533.98, 67831, 65367
1695453747, 0, 0, 64, 0, 0, 26496.48, 4, 0, 0, 0.05, 996, 590, 25533.98, 67831, 65367
1695453747, 0, 0, 64, 0, 0, 26496.48, 4, 0, 0, 21.60, 1003, 590, 25533.98, 67831, 65367
1695453760, 0, 0, 64, 0, 0, 26496.48, 4, 0, 0, 0.16, 1005, 590, 25533.98, 67831, 65367
1695453761, 0, 0, 64, 0, 0, 26496.48, 4, 0, 0, 12.76, 1006, 594, 25533.98, 67831, 65367
1695453761, 0, 0, 64, 0, 0, 26496.48, 4, 0, 0, 9.55, 1008, 595, 25533.98, 67831, 65367
1695453761, 0, 0, 64, 0, 0, 26496.48, 4, 0, 0, 11.27, 1011, 596, 25533.98, 67831, 65367
1695453775, 0, 0, 64, 0, 0, 26496.48, 4, 0, 0, 0.29, 1013, 598, 25533.98, 67831, 65367
1695453793, 0, 0, 64, 0, 0, 26496.48, 4, 0, 0, 0.28, 1016, 600, 25533.98, 67831, 65367
1695453807, 0, 0, 64, 0, 0, 26496.48, 4, 0, 0, 0.30, 1019, 601, 25533.98, 67831, 65367
1695453807, 0, 0, 64, 0, 0, 26496.48, 4, 0, 0, 20.96, 1023, 604, 25533.98, 67831, 65367
1695453807, 0, 0, 64, 0, 0, 26496.48, 4, 0, 0, 13.02, 1026, 606, 25533.98, 67831, 65367
1695453820, 0, 0, 64, 0, 0, 26496.48, 4, 0, 0, 0.16, 1027, 607, 25533.98, 67831, 65367
1695453833, 0, 0, 64, 0, 0, 26496.48, 4, 0, 0, 0.15, 1029, 607, 25533.98, 67831, 65367
1695453845, 0, 0, 64, 0, 0, 26496.48, 4, 0, 0, 0.16, 1030, 608, 25533.98, 67831, 65367
1695453859, 0, 0, 64, 0, 0, 26496.48, 4, 0, 0, 0.07, 1031, 608, 25533.98, 67831, 65367
1695453859, 0, 0, 64, 0, 0, 26496.48, 4, 0, 0, 20.53, 1033, 613, 25533.98, 67831, 65367
1695453860, 0, 0, 64, 0, 0, 26496.48, 4, 0, 0, 17.44, 1037, 615, 25533.98, 67831, 65367
1695453860, 0, 0, 64, 0, 0, 26496.48, 4, 0, 0, 12.46, 1041, 615, 25533.98, 67831, 65367
1695453873, 0, 0, 64, 0, 0, 26496.48, 4, 0, 0, 0.38, 1044, 617, 25533.98, 67831, 65367
1695453873, 0, 0, 64, 0, 0, 26496.48, 4, 0, 0, 22.08, 1050, 618, 25533.98, 67831, 65367
1695453885, 0, 0, 64, 0, 0, 26496.48, 4, 0, 0, 0.51, 1054, 620, 25533.98, 67831, 65367
1695453899, 0, 0, 64, 0, 0, 26496.48, 4, 0, 0, 0.22, 1055, 622, 25533.98, 67831, 65367
1695453912, 0, 0, 64, 0, 0, 26496.48, 4, 0, 0, 0.37, 1060, 622, 25533.98, 67831, 65367
1695453925, 0, 0, 64, 0, 0, 26496.48, 4, 0, 0, 0.08, 1061, 622, 25533.98, 67831, 65367
1695453939, 0, 0, 64, 0, 0, 26496.48, 4, 0, 0, 0.35, 1064, 624, 25533.98, 67831, 65367
1695453959, 0, 0, 65, 0, 0, 26497.27, 4, 0, 0, 0.16, 1066, 625, 25534.77, 67833, 65369
1695453959, 0, 0, 65, 0, 0, 26497.27, 4, 0, 0, 5.70, 1068, 626, 25534.77, 67833, 65369
1695453959, 0, 0, 65, 0, 0, 26497.27, 4, 0, 0, 14.53, 1070, 629, 25534.77, 67833, 65369
1695453960, 0, 0, 65, 0, 0, 26497.27, 4, 0, 0, 14.45, 1074, 630, 25534.77, 67833, 65369
1695453974, 0, 0, 65, 0, 0, 26497.27, 4, 0, 0, 0.07, 1075, 630, 25534.77, 67833, 65369
1695453991, 0, 0, 65, 0, 0, 26497.27, 4, 0, 0, 0.17, 1078, 630, 25534.77, 67833, 65369
1695453991, 0, 0, 65, 0, 0, 26497.27, 4, 0, 0, 11.02, 1078, 634, 25534.77, 67833, 65369
1695453992, 0, 0, 65, 0, 0, 26497.27, 4, 0, 0, 15.38, 1079, 638, 25534.77, 67833, 65369
1695453992, 0, 0, 65, 0, 0, 26497.27, 4, 0, 0, 16.03, 1082, 640, 25534.77, 67833, 65369
1695453992, 0, 0, 65, 0, 0, 26497.27, 4, 0, 0, 7.77, 1085, 640, 25534.77, 67833, 65369
1695454008, 0, 0, 65, 0, 0, 26497.27, 4, 0, 0, 0.07, 1086, 640, 25534.77, 67833, 65369
1695454035, 0, 0, 65, 0, 0, 26497.27, 4, 0, 0, 0.04, 1087, 640, 25534.77, 67833, 65369
1695454059, 0, 0, 66, 0, 0, 26497.66, 4, 0, 0, 0.12, 1090, 640, 25535.16, 67834, 65370
1695454059, 0, 0, 66, 0, 0, 26497.66, 4, 0, 0, 9.26, 1091, 642, 25535.16, 67834, 65370
1695454060, 0, 0, 66, 0, 0, 26497.66, 4, 0, 0, 16.08, 1093, 645, 25535.16, 67834, 65370
1695454102, 0, 0, 66, 0, 0, 26497.66, 4, 0, 0, 0.02, 1094, 645, 25535.16, 67834, 65370
1695454102, 0, 0, 66, 0, 0, 26497.66, 4, 0, 0, 7.94, 1097, 645, 25535.16, 67834, 65370
1695454116, 0, 0, 66, 0, 0, 26497.66, 4, 0, 0, 0.28, 1099, 647, 25535.16, 67834, 65370
1695454131, 0, 0, 66, 0, 0, 26497.66, 4, 0, 0, 0.07, 1100, 647, 25535.16, 67834, 65370
1695454131, 0, 0, 66, 0, 0, 26497.66, 4, 0, 0, 8.71, 1103, 648, 25535.16, 67834, 65370
1695454132, 0, 0, 66, 0, 0, 26497.66, 4, 0, 0, 8.52, 1106, 648, 25535.16, 67834, 65370
1695454146, 0, 0, 66, 0, 0, 26497.66, 4, 0, 0, 0.21, 1108, 649, 25535.16, 67834, 65370
1695454146, 0, 0, 66, 0, 0, 26497.66, 4, 0, 0, 11.30, 1110, 651, 25535.16, 67834, 65370
1695454147, 0, 0, 66, 0, 0, 26497.66, 4, 0, 0, 18.02, 1113, 654, 25535.16, 67834, 65370
1695454147, 0, 0, 66, 0, 0, 26497.66, 4, 0, 0, 12.16, 1115, 656, 25535.16, 67834, 65370
1695454174, 0, 0, 66, 0, 0, 26497.66, 4, 0, 0, 0.15, 1118, 657, 25535.16, 67834, 65370
1695454174, 0, 0, 66, 0, 0, 26497.66, 4, 0, 0, 17.70, 1120, 661, 25535.16, 67834, 65370
1695454187, 0, 0, 66, 0, 0, 26497.66, 4, 0, 0, 0.30, 1121, 664, 25535.16, 67834, 65370
1695454188, 0, 0, 66, 0, 0, 26497.66, 4, 0, 0, 14.66, 1122, 668, 25535.16, 67834, 65370
1695454188, 0, 0, 66, 0, 0, 26497.66, 4, 0, 0, 14.33, 1127, 668, 25535.16, 67834, 65370
1695454188, 0, 0, 66, 0, 0, 26497.66, 4, 0, 0, 8.38, 1129, 669, 25535.16, 67834, 65370
1695454201, 0, 0, 66, 0, 0, 26497.66, 4, 0, 0, 0.31, 1132, 670, 25535.16, 67834, 65370
1695454202, 0, 0, 66, 0, 0, 26497.66, 4, 0, 0, 8.13, 1134, 671, 25535.16, 67834, 65370
1695454202, 0, 0, 66, 0, 0, 26497.66, 4, 0, 0, 11.49, 1136, 673, 25535.16, 67834, 65370
1695454202, 0, 0, 66, 0, 0, 26497.66, 4, 0, 0, 5.28, 1138, 673, 25535.16, 67834, 65370
1695454203, 0, 0, 66, 0, 0, 26497.66, 4, 0, 0, 9.26, 1139, 675, 25535.16, 67834, 65370
1695454203, 0, 0, 66, 0, 0, 26497.66, 4, 0, 0, 8.52, 1140, 677, 25535.16, 67834, 65370
1695454221, 0, 0, 66, 0, 0, 26497.66, 4, 0, 0, 0.11, 1142, 677, 25535.16, 67834, 65370
1695454235, 0, 0, 66, 0, 0, 26497.66, 4, 0, 0, 0.15, 1144, 677, 25535.16, 67834, 65370
1695454235, 0, 0, 66, 0, 0, 26497.66, 4, 0, 0, 9.52, 1145, 679, 25535.16, 67834, 65370
1695454249, 0, 0, 66, 0, 0, 26497.66, 4, 0, 0, 0.22, 1148, 679, 25535.16, 67834, 65370
1695454250, 0, 0, 66, 0, 0, 26497.66, 4, 0, 0, 11.60, 1152, 680, 25535.16, 67834, 65370
1695454250, 0, 0, 66, 0, 0, 26497.66, 4, 0, 0, 16.03, 1155, 682, 25535.16, 67834, 65370
1695454250, 0, 0, 66, 0, 0, 26497.66, 4, 0, 0, 9.38, 1157, 683, 25535.16, 67834, 65370
1695454251, 0, 0, 66, 0, 0, 26497.66, 4, 0, 0, 12.08, 1159, 685, 25535.16, 67834, 65370
1695454251, 0, 0, 66, 0, 0, 26497.66, 4, 0, 0, 10.84, 1160, 688, 25535.16, 67834, 65370
1695454251, 0, 0, 66, 0, 0, 26497.66, 4, 0, 0, 9.20, 1162, 689, 25535.16, 67834, 65370
1695454264, 0, 0, 66, 0, 0, 26497.66, 4, 0, 0, 0.16, 1164, 689, 25535.16, 67834, 65370
1695454278, 0, 0, 66, 0, 0, 26497.66, 4, 0, 0, 0.21, 1165, 691, 25535.16, 67834, 65370
1695454279, 0, 0, 66, 0, 0, 26497.66, 4, 0, 0, 16.76, 1170, 692, 25535.16, 67834, 65370
1695454293, 0, 0, 66, 0, 0, 26497.66, 4, 0, 0, 0.21, 1172, 693, 25535.16, 67834, 65370
1695454293, 0, 0, 66, 0, 0, 26497.66, 4, 0, 0, 14.66, 1176, 694, 25535.16, 67834, 65370
1695454308, 0, 0, 66, 0, 0, 26497.66, 4, 0, 0, 0.07, 1177, 694, 25535.16, 67834, 65370
1695454308, 0, 0, 66, 0, 0, 26497.66, 4, 0, 0, 13.16, 1181, 694, 25535.16, 67834, 65370
1695454309, 0, 0, 66, 0, 0, 26497.66, 4, 0, 0, 12.79, 1185, 695, 25535.16, 67834, 65370
1695454309, 0, 0, 66, 0, 0, 26497.66, 4, 0, 0, 9.32, 1188, 696, 25535.16, 67834, 65370
1695454323, 0, 0, 66, 0, 0, 26497.66, 4, 0, 0, 0.07, 1189, 696, 25535.16, 67834, 65370
1695454323, 0, 0, 66, 0, 0, 26497.66, 4, 0, 0, 0.00, 1189, 696, 25535.16, 67834, 65370
