# unix_time, cycles_done, cur_path, paths_total, pending_total, pending_favs, map_size, unique_crashes, unique_hangs, max_depth, execs_per_sec, valid_inputs, invalid_inputs, valid_cov, all_covered_probes, valid_covered_probes
1695454338, 0, 0, 1, 0, 0, 3852.34, 0, 0, 0, 0.35, 1, 0, 3852.34, 9862, 9862
1695454338, 0, 0, 4, 0, 0, 4608.20, 0, 0, 0, 6.25, 2, 2, 3950.39, 11797, 10113
1695454357, 0, 0, 6, 0, 0, 4611.72, 1, 0, 0, 0.22, 3, 5, 3953.52, 11806, 10121
1695454373, 0, 0, 7, 0, 0, 20420.70, 1, 0, 0, 0.06, 4, 5, 20175.39, 52277, 51649
1695454373, 0, 0, 10, 0, 0, 20792.58, 1, 0, 0, 14.71, 6, 8, 20175.39, 53229, 51649
1695454385, 0, 0, 13, 0, 0, 21503.52, 1, 0, 0, 0.26, 8, 9, 20901.17, 55049, 53507
1695454420, 0, 0, 14, 0, 0, 21980.86, 1, 0, 0, 0.06, 9, 10, 21378.52, 56271, 54729
1695454431, 0, 0, 18, 0, 0, 22011.33, 1, 0, 0, 0.57, 13, 12, 21403.91, 56349, 54794
1695454443, 0, 0, 19, 0, 0, 22186.33, 1, 0, 0, 0.25, 15, 13, 21580.47, 56797, 55246
1695454464, 0, 0, 20, 0, 0, 22192.58, 1, 0, 0, 0.28, 18, 16, 21586.72, 56813, 55262
1695454465, 0, 0, 25, 0, 0, 22199.22, 1, 0, 0, 74.19, 32, 25, 21589.45, 56830, 55269
1695454476, 0, 0, 27, 0, 0, 22200.39, 1, 0, 0, 1.78, 47, 30, 21590.23, 56833, 55271
1695454488, 0, 0, 28, 0, 0, 22218.75, 1, 0, 0, 0.92, 52, 36, 21608.59, 56880, 55318
1695454499, 0, 0, 30, 0, 0, 22224.22, 1, 0, 0, 2.31, 71, 42, 21614.45, 56894, 55333
1695454510, 0, 0, 31, 0, 0, 22231.64, 1, 0, 0, 0.47, 74, 44, 21621.88, 56913, 55352
1695454522, 0, 0, 32, 0, 0, 22235.16, 1, 0, 0, 1.13, 82, 50, 21625.39, 56922, 55361
1695454534, 0, 0, 34, 0, 0, 22373.44, 1, 0, 0, 1.94, 96, 60, 21763.28, 57276, 55714
1695454555, 0, 0, 35, 0, 0, 22404.30, 1, 0, 0, 0.10, 97, 61, 21795.31, 57355, 55796
1695454567, 0, 0, 36, 0, 0, 22405.47, 1, 0, 0, 0.09, 98, 61, 21796.48, 57358, 55799
1695454579, 0, 0, 37, 0, 0, 22406.64, 1, 0, 0, 0.17, 100, 61, 21797.66, 57361, 55802
1695454590, 0, 0, 38, 0, 0, 22407.42, 1, 0, 0, 0.09, 101, 61, 21798.44, 57363, 55804
1695454604, 0, 0, 38, 0, 0, 22407.42, 1, 0, 0, 0.14, 102, 62, 21798.44, 57363, 55804
1695454617, 0, 0, 38, 0, 0, 22407.42, 1, 0, 0, 0.23, 105, 62, 21798.44, 57363, 55804
1695454628, 0, 0, 38, 0, 0, 22407.42, 1, 0, 0, 0.60, 112, 62, 21798.44, 57363, 55804
1695454640, 0, 0, 39, 0, 0, 22424.61, 1, 0, 0, 0.09, 113, 62, 21815.63, 57407, 55848
1695454654, 0, 0, 40, 0, 0, 22427.34, 1, 0, 0, 0.44, 117, 64, 21818.36, 57414, 55855
1695454675, 0, 0, 40, 0, 0, 22427.34, 1, 0, 0, 0.81, 129, 69, 21818.36, 57414, 55855
1695454686, 0, 0, 40, 0, 0, 22427.34, 1, 0, 0, 0.17, 130, 70, 21818.36, 57414, 55855
1695454700, 0, 0, 41, 0, 0, 22428.13, 1, 0, 0, 0.52, 135, 72, 21819.14, 57416, 55857
1695454713, 0, 0, 41, 0, 0, 22428.13, 1, 0, 0, 1.54, 150, 77, 21819.14, 57416, 55857
1695454729, 0, 0, 42, 0, 0, 22428.52, 1, 0, 0, 0.29, 154, 78, 21819.53, 57417, 55858
1695454743, 0, 0, 43, 0, 0, 22430.08, 1, 0, 0, 0.07, 155, 78, 21821.09, 57421, 55862
1695454754, 0, 0, 43, 0, 0, 22430.08, 1, 0, 0, 0.80, 161, 80, 21821.09, 57421, 55862
1695454765, 0, 0, 44, 0, 0, 22430.86, 1, 0, 0, 1.45, 166, 92, 21821.88, 57423, 55864
1695454766, 0, 0, 44, 0, 0, 22430.86, 1, 0, 0, 41.54, 175, 97, 21821.88, 57423, 55864
1695454776, 0, 0, 44, 0, 0, 22430.86, 1, 0, 0, 0.48, 178, 99, 21821.88, 57423, 55864
1695454794, 0, 0, 44, 0, 0, 22430.86, 1, 0, 0, 0.23, 180, 101, 21821.88, 57423, 55864
1695454805, 0, 0, 45, 0, 0, 22431.25, 1, 0, 0, 0.43, 182, 104, 21822.27, 57424, 55865
1695454817, 0, 0, 45, 0, 0, 22431.25, 1, 0, 0, 0.50, 186, 106, 21822.27, 57424, 55865
1695454830, 0, 0, 45, 0, 0, 22431.25, 1, 0, 0, 0.24, 188, 107, 21822.27, 57424, 55865
1695454844, 0, 0, 46, 0, 0, 22432.81, 1, 0, 0, 0.29, 191, 108, 21823.83, 57428, 55869
1695454857, 0, 0, 46, 0, 0, 22432.81, 1, 0, 0, 1.24, 199, 116, 21823.83, 57428, 55869
1695454868, 0, 0, 47, 0, 0, 22435.94, 1, 0, 0, 0.09, 200, 116, 21826.95, 57436, 55877
1695454881, 0, 0, 47, 0, 0, 22435.94, 1, 0, 0, 0.24, 201, 118, 21826.95, 57436, 55877
1695454893, 0, 0, 47, 0, 0, 22435.94, 1, 0, 0, 0.26, 204, 118, 21826.95, 57436, 55877
1695454905, 0, 0, 47, 0, 0, 22435.94, 1, 0, 0, 0.08, 205, 118, 21826.95, 57436, 55877
1695454917, 0, 0, 47, 0, 0, 22435.94, 1, 0, 0, 0.25, 207, 119, 21826.95, 57436, 55877
1695454930, 0, 0, 48, 0, 0, 22443.75, 1, 0, 0, 1.17, 217, 124, 21834.77, 57456, 55897
1695454942, 0, 0, 48, 0, 0, 22443.75, 2, 0, 0, 0.17, 217, 126, 21834.77, 57456, 55897
1695454958, 0, 0, 50, 0, 0, 22445.70, 2, 0, 0, 0.63, 222, 131, 21835.94, 57461, 55900
1695454970, 0, 0, 50, 0, 0, 22445.70, 2, 0, 0, 0.72, 228, 134, 21835.94, 57461, 55900
1695454982, 0, 0, 50, 0, 0, 22445.70, 2, 0, 0, 0.43, 231, 136, 21835.94, 57461, 55900
1695454995, 0, 0, 50, 0, 0, 22445.70, 2, 0, 0, 0.46, 236, 137, 21835.94, 57461, 55900
1695455007, 0, 0, 50, 0, 0, 22445.70, 2, 0, 0, 0.43, 239, 139, 21835.94, 57461, 55900
1695455007, 0, 0, 50, 0, 0, 22445.70, 2, 0, 0, 45.90, 248, 144, 21835.94, 57461, 55900
1695455019, 0, 0, 50, 0, 0, 22445.70, 2, 0, 0, 0.99, 257, 147, 21835.94, 57461, 55900
1695455032, 0, 0, 50, 0, 0, 22445.70, 2, 0, 0, 1.18, 266, 153, 21835.94, 57461, 55900
1695455043, 0, 0, 50, 0, 0, 22445.70, 2, 0, 0, 0.68, 271, 156, 21835.94, 57461, 55900
1695455056, 0, 0, 51, 0, 0, 22446.09, 2, 0, 0, 0.16, 273, 156, 21836.33, 57462, 55901
1695455076, 0, 0, 51, 0, 0, 22446.09, 2, 0, 0, 0.05, 274, 156, 21836.33, 57462, 55901
1695455086, 0, 0, 51, 0, 0, 22446.09, 2, 0, 0, 0.86, 279, 160, 21836.33, 57462, 55901
1695455098, 0, 0, 51, 0, 0, 22446.09, 2, 0, 0, 0.92, 287, 163, 21836.33, 57462, 55901
1695455111, 0, 0, 51, 0, 0, 22446.09, 2, 0, 0, 0.31, 290, 164, 21836.33, 57462, 55901
1695455122, 0, 0, 51, 0, 0, 22446.09, 2, 0, 0, 0.72, 293, 169, 21836.33, 57462, 55901
1695455134, 0, 0, 51, 0, 0, 22446.09, 2, 0, 0, 0.33, 297, 169, 21836.33, 57462, 55901
1695455146, 0, 0, 52, 0, 0, 22446.48, 2, 0, 0, 0.26, 298, 171, 21836.72, 57463, 55902
1695455146, 0, 0, 52, 0, 0, 22446.48, 2, 0, 0, 15.97, 303, 174, 21836.72, 57463, 55902
1695455158, 0, 0, 52, 0, 0, 22446.48, 2, 0, 0, 0.51, 308, 175, 21836.72, 57463, 55902
1695455176, 0, 0, 52, 0, 0, 22446.48, 2, 0, 0, 0.23, 309, 178, 21836.72, 57463, 55902
1695455188, 0, 0, 52, 0, 0, 22446.48, 2, 0, 0, 0.47, 314, 179, 21836.72, 57463, 55902
1695455200, 0, 0, 52, 0, 0, 22446.48, 3, 0, 0, 0.43, 315, 183, 21836.72, 57463, 55902
1695455200, 0, 0, 52, 0, 0, 22446.48, 3, 0, 0, 38.30, 322, 194, 21836.72, 57463, 55902
1695455201, 0, 0, 52, 0, 0, 22446.48, 3, 0, 0, 25.48, 329, 195, 21836.72, 57463, 55902
1695455211, 0, 0, 52, 0, 0, 22446.48, 3, 0, 0, 0.09, 329, 196, 21836.72, 57463, 55902
1695455226, 0, 0, 52, 0, 0, 22446.48, 3, 0, 0, 0.48, 332, 200, 21836.72, 57463, 55902
1695455238, 0, 0, 52, 0, 0, 22446.48, 3, 0, 0, 0.50, 334, 204, 21836.72, 57463, 55902
1695455250, 0, 0, 52, 0, 0, 22446.48, 3, 0, 0, 0.17, 336, 204, 21836.72, 57463, 55902
1695455250, 0, 0, 52, 0, 0, 22446.48, 3, 0, 0, 57.69, 344, 214, 21836.72, 57463, 55902
1695455277, 0, 0, 52, 0, 0, 22446.48, 3, 0, 0, 0.33, 348, 219, 21836.72, 57463, 55902
1695455289, 0, 0, 52, 0, 0, 22446.48, 3, 0, 0, 1.03, 354, 225, 21836.72, 57463, 55902
1695455301, 0, 0, 52, 0, 0, 22446.48, 3, 0, 0, 0.16, 356, 225, 21836.72, 57463, 55902
1695455315, 0, 0, 52, 0, 0, 22446.48, 3, 0, 0, 0.15, 358, 225, 21836.72, 57463, 55902
1695455332, 0, 0, 53, 0, 0, 22447.66, 3, 0, 0, 0.93, 367, 232, 21837.89, 57466, 55905
1695455343, 0, 0, 53, 0, 0, 22447.66, 3, 0, 0, 1.15, 378, 234, 21837.89, 57466, 55905
1695455344, 0, 0, 53, 0, 0, 22447.66, 3, 0, 0, 39.47, 385, 239, 21837.89, 57466, 55905
1695455356, 0, 0, 53, 0, 0, 22447.66, 3, 0, 0, 0.25, 387, 240, 21837.89, 57466, 55905
1695455366, 0, 0, 53, 0, 0, 22447.66, 3, 0, 0, 0.57, 389, 244, 21837.89, 57466, 55905
1695455378, 0, 0, 53, 0, 0, 22447.66, 3, 0, 0, 0.09, 390, 244, 21837.89, 57466, 55905
1695455390, 0, 0, 53, 0, 0, 22447.66, 3, 0, 0, 1.54, 404, 249, 21837.89, 57466, 55905
1695455402, 0, 0, 53, 0, 0, 22447.66, 3, 0, 0, 0.25, 405, 251, 21837.89, 57466, 55905
1695455403, 0, 0, 53, 0, 0, 22447.66, 3, 0, 0, 35.60, 412, 255, 21837.89, 57466, 55905
1695455416, 0, 0, 53, 0, 0, 22447.66, 3, 0, 0, 0.67, 416, 260, 21837.89, 57466, 55905
1695455428, 0, 0, 53, 0, 0, 22447.66, 3, 0, 0, 0.42, 419, 262, 21837.89, 57466, 55905
1695455439, 0, 0, 53, 0, 0, 22447.66, 3, 0, 0, 0.51, 423, 264, 21837.89, 57466, 55905
1695455453, 0, 0, 53, 0, 0, 22447.66, 3, 0, 0, 0.53, 428, 266, 21837.89, 57466, 55905
1695455465, 0, 0, 53, 0, 0, 22447.66, 3, 0, 0, 0.08, 429, 266, 21837.89, 57466, 55905
1695455491, 0, 0, 53, 0, 0, 22447.66, 3, 0, 0, 0.42, 434, 272, 21837.89, 57466, 55905
1695455515, 0, 0, 53, 0, 0, 22447.66, 3, 0, 0, 0.08, 436, 272, 21837.89, 57466, 55905
1695455528, 0, 0, 53, 0, 0, 22447.66, 3, 0, 0, 0.24, 439, 272, 21837.89, 57466, 55905
1695455541, 0, 0, 53, 0, 0, 22447.66, 3, 0, 0, 0.15, 441, 272, 21837.89, 57466, 55905
1695455553, 0, 0, 53, 0, 0, 22447.66, 3, 0, 0, 0.80, 449, 274, 21837.89, 57466, 55905
1695455564, 0, 0, 53, 0, 0, 22447.66, 3, 0, 0, 0.19, 451, 274, 21837.89, 57466, 55905
1695455564, 0, 0, 53, 0, 0, 22447.66, 3, 0, 0, 29.70, 456, 278, 21837.89, 57466, 55905
1695455575, 0, 0, 53, 0, 0, 22447.66, 3, 0, 0, 0.28, 458, 279, 21837.89, 57466, 55905
1695455608, 0, 0, 53, 0, 0, 22447.66, 3, 0, 0, 0.12, 461, 280, 21837.89, 57466, 55905
1695455620, 0, 0, 53, 0, 0, 22447.66, 3, 0, 0, 0.60, 467, 281, 21837.89, 57466, 55905
1695455631, 0, 0, 53, 0, 0, 22447.66, 3, 0, 0, 0.79, 471, 286, 21837.89, 57466, 55905
1695455645, 0, 0, 54, 0, 0, 22554.69, 3, 0, 0, 0.79, 479, 289, 21944.92, 57740, 56179
1695455646, 0, 0, 54, 0, 0, 22554.69, 3, 0, 0, 28.11, 486, 296, 21944.92, 57740, 56179
1695455657, 0, 0, 54, 0, 0, 22554.69, 3, 0, 0, 0.88, 492, 300, 21944.92, 57740, 56179
1695455669, 0, 0, 54, 0, 0, 22554.69, 3, 0, 0, 0.98, 496, 308, 21944.92, 57740, 56179
1695455670, 0, 0, 54, 0, 0, 22554.69, 3, 0, 0, 38.34, 504, 312, 21944.92, 57740, 56179
1695455683, 0, 0, 54, 0, 0, 22554.69, 3, 0, 0, 0.52, 510, 313, 21944.92, 57740, 56179
1695455694, 0, 0, 54, 0, 0, 22554.69, 3, 0, 0, 0.09, 511, 313, 21944.92, 57740, 56179
1695455694, 0, 0, 54, 0, 0, 22554.69, 3, 0, 0, 25.84, 517, 317, 21944.92, 57740, 56179
1695455706, 0, 0, 54, 0, 0, 22554.69, 3, 0, 0, 1.04, 523, 323, 21944.92, 57740, 56179
1695455720, 0, 0, 54, 0, 0, 22554.69, 3, 0, 0, 0.85, 529, 329, 21944.92, 57740, 56179
1695455720, 0, 0, 54, 0, 0, 22554.69, 3, 0, 0, 23.26, 533, 332, 21944.92, 57740, 56179
1695455736, 0, 0, 54, 0, 0, 22554.69, 3, 0, 0, 0.26, 537, 332, 21944.92, 57740, 56179
1695455752, 0, 0, 55, 0, 0, 22558.98, 3, 0, 0, 0.24, 540, 333, 21949.22, 57751, 56190
1695455765, 0, 0, 55, 0, 0, 22558.98, 3, 0, 0, 0.81, 545, 338, 21949.22, 57751, 56190
1695455781, 0, 0, 55, 0, 0, 22558.98, 3, 0, 0, 0.31, 547, 341, 21949.22, 57751, 56190
1695455781, 0, 0, 55, 0, 0, 22558.98, 3, 0, 0, 9.46, 550, 342, 21949.22, 57751, 56190
1695455793, 0, 0, 55, 0, 0, 22558.98, 3, 0, 0, 0.73, 554, 347, 21949.22, 57751, 56190
1695455810, 0, 0, 55, 0, 0, 22558.98, 3, 0, 0, 0.30, 559, 347, 21949.22, 57751, 56190
1695455825, 0, 0, 55, 0, 0, 22558.98, 3, 0, 0, 0.54, 565, 349, 21949.22, 57751, 56190
1695455854, 0, 0, 55, 0, 0, 22558.98, 3, 0, 0, 0.07, 566, 350, 21949.22, 57751, 56190
1695455870, 0, 0, 55, 0, 0, 22558.98, 3, 0, 0, 0.26, 569, 351, 21949.22, 57751, 56190
1695455884, 0, 0, 55, 0, 0, 22558.98, 3, 0, 0, 0.21, 571, 352, 21949.22, 57751, 56190
1695455884, 0, 0, 55, 0, 0, 22558.98, 3, 0, 0, 40.11, 575, 362, 21949.22, 57751, 56190
1695455901, 0, 0, 55, 0, 0, 22558.98, 3, 0, 0, 0.53, 577, 369, 21949.22, 57751, 56190
1695455917, 0, 0, 55, 0, 0, 22558.98, 3, 0, 0, 0.25, 580, 370, 21949.22, 57751, 56190
1695455932, 0, 0, 55, 0, 0, 22558.98, 3, 0, 0, 0.07, 581, 370, 21949.22, 57751, 56190
1695455946, 0, 0, 55, 0, 0, 22558.98, 3, 0, 0, 0.27, 583, 372, 21949.22, 57751, 56190
1695455947, 0, 0, 55, 0, 0, 22558.98, 3, 0, 0, 22.08, 586, 376, 21949.22, 57751, 56190
1695455962, 0, 0, 55, 0, 0, 22558.98, 3, 0, 0, 0.13, 588, 376, 21949.22, 57751, 56190
1695455977, 0, 0, 55, 0, 0, 22558.98, 3, 0, 0, 0.14, 590, 376, 21949.22, 57751, 56190
1695455977, 0, 0, 55, 0, 0, 22558.98, 3, 0, 0, 38.34, 599, 379, 21949.22, 57751, 56190
1695456010, 0, 0, 55, 0, 0, 22558.98, 3, 0, 0, 0.40, 607, 384, 21949.22, 57751, 56190
1695456010, 0, 0, 55, 0, 0, 22558.98, 3, 0, 0, 6.27, 608, 385, 21949.22, 57751, 56190
1695456011, 0, 0, 55, 0, 0, 22558.98, 3, 0, 0, 17.44, 612, 387, 21949.22, 57751, 56190
1695456032, 0, 0, 55, 0, 0, 22558.98, 3, 0, 0, 0.19, 614, 389, 21949.22, 57751, 56190
1695456047, 0, 0, 55, 0, 0, 22558.98, 3, 0, 0, 0.20, 617, 389, 21949.22, 57751, 56190
1695456064, 0, 0, 55, 0, 0, 22558.98, 3, 0, 0, 0.47, 623, 391, 21949.22, 57751, 56190
1695456084, 0, 0, 56, 0, 0, 22559.38, 3, 0, 0, 0.05, 624, 391, 21949.61, 57752, 56191
1695456101, 0, 0, 56, 0, 0, 22559.38, 3, 0, 0, 0.29, 626, 394, 21949.61, 57752, 56191
1695456121, 0, 0, 56, 0, 0, 22559.38, 3, 0, 0, 0.50, 629, 401, 21949.61, 57752, 56191
1695456140, 0, 0, 56, 0, 0, 22559.38, 3, 0, 0, 0.32, 632, 404, 21949.61, 57752, 56191
1695456157, 0, 0, 56, 0, 0, 22559.38, 3, 0, 0, 0.06, 633, 404, 21949.61, 57752, 56191
1695456157, 0, 0, 56, 0, 0, 22559.38, 3, 0, 0, 17.05, 637, 406, 21949.61, 57752, 56191
1695456158, 0, 0, 56, 0, 0, 22559.38, 3, 0, 0, 31.95, 644, 409, 21949.61, 57752, 56191
1695456158, 0, 0, 56, 0, 0, 22559.38, 3, 0, 0, 31.06, 651, 412, 21949.61, 57752, 56191
1695456175, 0, 0, 56, 0, 0, 22559.38, 3, 0, 0, 0.23, 653, 414, 21949.61, 57752, 56191
1695456195, 0, 0, 56, 0, 0, 22559.38, 3, 0, 0, 0.05, 654, 414, 21949.61, 57752, 56191
1695456214, 0, 0, 56, 0, 0, 22559.38, 3, 0, 0, 0.46, 658, 419, 21949.61, 57752, 56191
1695456215, 0, 0, 56, 0, 0, 22559.38, 3, 0, 0, 9.46, 659, 421, 21949.61, 57752, 56191
1695456238, 0, 0, 56, 0, 0, 22559.38, 3, 0, 0, 0.09, 660, 422, 21949.61, 57752, 56191
1695456255, 0, 0, 57, 0, 0, 22560.16, 3, 0, 0, 0.34, 663, 425, 21950.39, 57754, 56193
1695456276, 0, 0, 57, 0, 0, 22560.16, 3, 0, 0, 0.10, 665, 425, 21950.39, 57754, 56193
1695456296, 0, 0, 57, 0, 0, 22560.16, 3, 0, 0, 0.40, 670, 428, 21950.39, 57754, 56193
1695456314, 0, 0, 57, 0, 0, 22560.16, 3, 0, 0, 0.16, 672, 429, 21950.39, 57754, 56193
1695456315, 0, 0, 57, 0, 0, 22560.16, 3, 0, 0, 16.45, 674, 432, 21950.39, 57754, 56193
1695456348, 0, 0, 57, 0, 0, 22560.16, 3, 0, 0, 0.09, 676, 433, 21950.39, 57754, 56193
1695456367, 0, 0, 57, 0, 0, 22560.16, 3, 0, 0, 0.21, 680, 433, 21950.39, 57754, 56193
1695456386, 0, 0, 57, 0, 0, 22560.16, 3, 0, 0, 0.05, 681, 433, 21950.39, 57754, 56193
1695456404, 0, 0, 57, 0, 0, 22560.16, 3, 0, 0, 0.17, 684, 433, 21950.39, 57754, 56193
1695456404, 0, 0, 57, 0, 0, 22560.16, 3, 0, 0, 12.82, 686, 435, 21950.39, 57754, 56193
1695456404, 0, 0, 57, 0, 0, 22560.16, 3, 0, 0, 15.24, 689, 437, 21950.39, 57754, 56193
1695456422, 0, 0, 57, 0, 0, 22560.16, 3, 0, 0, 0.06, 690, 437, 21950.39, 57754, 56193
1695456441, 0, 0, 57, 0, 0, 22560.16, 3, 0, 0, 0.16, 692, 438, 21950.39, 57754, 56193
1695456452, 0, 0, 57, 0, 0, 22560.16, 3, 0, 0, 0.37, 694, 440, 21950.39, 57754, 56193
1695456468, 0, 0, 57, 0, 0, 22560.16, 3, 0, 0, 0.12, 696, 440, 21950.39, 57754, 56193
1695456469, 0, 0, 57, 0, 0, 22560.16, 3, 0, 0, 35.83, 702, 445, 21950.39, 57754, 56193
1695456479, 0, 0, 57, 0, 0, 22560.16, 3, 0, 0, 0.28, 704, 446, 21950.39, 57754, 56193
1695456490, 0, 0, 57, 0, 0, 22560.16, 3, 0, 0, 0.09, 705, 446, 21950.39, 57754, 56193
1695456502, 0, 0, 57, 0, 0, 22560.16, 3, 0, 0, 0.60, 711, 447, 21950.39, 57754, 56193
1695456514, 0, 0, 57, 0, 0, 22560.16, 3, 0, 0, 0.17, 713, 447, 21950.39, 57754, 56193
1695456525, 0, 0, 57, 0, 0, 22560.16, 3, 0, 0, 0.52, 717, 449, 21950.39, 57754, 56193
1695456541, 0, 0, 57, 0, 0, 22560.16, 3, 0, 0, 0.06, 718, 449, 21950.39, 57754, 56193
1695456556, 0, 0, 58, 0, 0, 22561.33, 3, 0, 0, 0.55, 725, 450, 21951.56, 57757, 56196
1695456556, 0, 0, 58, 0, 0, 22561.33, 3, 0, 0, 28.13, 730, 454, 21951.56, 57757, 56196
1695456567, 0, 0, 58, 0, 0, 22561.33, 3, 0, 0, 0.10, 731, 454, 21951.56, 57757, 56196
1695456577, 0, 0, 58, 0, 0, 22561.33, 3, 0, 0, 0.92, 737, 458, 21951.56, 57757, 56196
1695456588, 0, 0, 58, 0, 0, 22561.33, 3, 0, 0, 0.19, 739, 458, 21951.56, 57757, 56196
1695456600, 0, 0, 58, 0, 0, 22561.33, 3, 0, 0, 0.33, 743, 458, 21951.56, 57757, 56196
1695456611, 0, 0, 58, 0, 0, 22561.33, 3, 0, 0, 0.38, 745, 460, 21951.56, 57757, 56196
1695456611, 0, 0, 58, 0, 0, 22561.33, 3, 0, 0, 21.88, 749, 463, 21951.56, 57757, 56196
1695456612, 0, 0, 58, 0, 0, 22561.33, 3, 0, 0, 21.56, 753, 467, 21951.56, 57757, 56196
1695456622, 0, 0, 58, 0, 0, 22561.33, 3, 0, 0, 0.09, 754, 467, 21951.56, 57757, 56196
1695456633, 0, 0, 58, 0, 0, 22561.33, 3, 0, 0, 0.39, 757, 468, 21951.56, 57757, 56196
1695456645, 0, 0, 58, 0, 0, 22561.33, 3, 0, 0, 0.17, 759, 468, 21951.56, 57757, 56196
1695456655, 0, 0, 58, 0, 0, 22561.33, 3, 0, 0, 0.46, 761, 471, 21951.56, 57757, 56196
1695456672, 0, 0, 58, 0, 0, 22561.33, 3, 0, 0, 0.12, 762, 472, 21951.56, 57757, 56196
1695456683, 0, 0, 58, 0, 0, 22561.33, 3, 0, 0, 0.55, 765, 475, 21951.56, 57757, 56196
1695456683, 0, 0, 58, 0, 0, 22561.33, 3, 0, 0, 16.09, 769, 477, 21951.56, 57757, 56196
1695456694, 0, 0, 58, 0, 0, 22561.33, 3, 0, 0, 0.09, 770, 477, 21951.56, 57757, 56196
1695456694, 0, 0, 58, 0, 0, 22561.33, 3, 0, 0, 20.77, 773, 481, 21951.56, 57757, 56196
1695456705, 0, 0, 58, 0, 0, 22561.33, 3, 0, 0, 0.47, 777, 482, 21951.56, 57757, 56196
1695456715, 0, 0, 58, 0, 0, 22561.33, 3, 0, 0, 0.38, 779, 484, 21951.56, 57757, 56196
1695456716, 0, 0, 58, 0, 0, 22561.33, 3, 0, 0, 19.19, 786, 486, 21951.56, 57757, 56196
1695456727, 0, 0, 58, 0, 0, 22561.33, 3, 0, 0, 0.27, 789, 486, 21951.56, 57757, 56196
1695456727, 0, 0, 58, 0, 0, 22561.33, 3, 0, 0, 19.54, 794, 487, 21951.56, 57757, 56196
1695456728, 0, 0, 58, 0, 0, 22561.33, 3, 0, 0, 14.46, 797, 490, 21951.56, 57757, 56196
1695456728, 0, 0, 58, 0, 0, 22561.33, 3, 0, 0, 15.92, 801, 491, 21951.56, 57757, 56196
1695456740, 0, 0, 58, 0, 0, 22561.33, 3, 0, 0, 0.09, 802, 491, 21951.56, 57757, 56196
1695456757, 0, 0, 58, 0, 0, 22561.33, 3, 0, 0, 0.12, 804, 491, 21951.56, 57757, 56196
1695456757, 0, 0, 58, 0, 0, 22561.33, 3, 0, 0, 18.81, 810, 491, 21951.56, 57757, 56196
1695456770, 0, 0, 58, 0, 0, 22561.33, 3, 0, 0, 0.24, 812, 492, 21951.56, 57757, 56196
1695456782, 0, 0, 59, 0, 0, 22561.72, 3, 0, 0, 0.16, 814, 492, 21951.95, 57758, 56197
1695456794, 0, 0, 59, 0, 0, 22561.72, 3, 0, 0, 0.17, 816, 492, 21951.95, 57758, 56197
1695456805, 0, 0, 59, 0, 0, 22561.72, 3, 0, 0, 0.44, 820, 493, 21951.95, 57758, 56197
1695456815, 0, 0, 59, 0, 0, 22561.72, 3, 0, 0, 0.20, 821, 494, 21951.95, 57758, 56197
1695456827, 0, 0, 59, 0, 0, 22561.72, 3, 0, 0, 0.62, 826, 496, 21951.95, 57758, 56197
1695456837, 0, 0, 59, 0, 0, 22561.72, 3, 0, 0, 0.20, 827, 497, 21951.95, 57758, 56197
1695456859, 0, 0, 59, 0, 0, 22561.72, 3, 0, 0, 0.04, 828, 497, 21951.95, 57758, 56197
1695456873, 0, 0, 59, 0, 0, 22561.72, 3, 0, 0, 0.43, 833, 498, 21951.95, 57758, 56197
1695456884, 0, 0, 59, 0, 0, 22561.72, 3, 0, 0, 0.18, 835, 498, 21951.95, 57758, 56197
1695456885, 0, 0, 59, 0, 0, 22561.72, 3, 0, 0, 26.49, 839, 502, 21951.95, 57758, 56197
1695456885, 0, 0, 59, 0, 0, 22561.72, 3, 0, 0, 24.92, 846, 503, 21951.95, 57758, 56197
1695456900, 0, 0, 59, 0, 0, 22561.72, 3, 0, 0, 0.33, 850, 504, 21951.95, 57758, 56197
1695456900, 0, 0, 59, 0, 0, 22561.72, 3, 0, 0, 16.18, 852, 507, 21951.95, 57758, 56197
1695456901, 0, 0, 59, 0, 0, 22561.72, 3, 0, 0, 12.38, 856, 507, 21951.95, 57758, 56197
1695456912, 0, 0, 59, 0, 0, 22561.72, 3, 0, 0, 0.46, 859, 509, 21951.95, 57758, 56197
1695456912, 0, 0, 59, 0, 0, 22561.72, 3, 0, 0, 12.74, 863, 509, 21951.95, 57758, 56197
1695456922, 0, 0, 59, 0, 0, 22561.72, 3, 0, 0, 0.58, 866, 512, 21951.95, 57758, 56197
1695456933, 0, 0, 59, 0, 0, 22561.72, 3, 0, 0, 0.27, 869, 512, 21951.95, 57758, 56197
1695456956, 0, 0, 59, 0, 0, 22561.72, 3, 0, 0, 0.04, 870, 512, 21951.95, 57758, 56197
1695456967, 0, 0, 59, 0, 0, 22561.72, 3, 0, 0, 0.37, 872, 514, 21951.95, 57758, 56197
1695456977, 0, 0, 59, 0, 0, 22561.72, 3, 0, 0, 0.38, 875, 515, 21951.95, 57758, 56197
1695456999, 0, 0, 59, 0, 0, 22561.72, 3, 0, 0, 0.14, 878, 515, 21951.95, 57758, 56197
1695457011, 0, 0, 59, 0, 0, 22561.72, 3, 0, 0, 0.08, 879, 515, 21951.95, 57758, 56197
1695457011, 0, 0, 59, 0, 0, 22561.72, 3, 0, 0, 17.86, 882, 518, 21951.95, 57758, 56197
1695457025, 0, 0, 60, 0, 0, 22562.11, 3, 0, 0, 0.37, 886, 519, 21952.34, 57759, 56198
1695457025, 0, 0, 60, 0, 0, 22562.11, 3, 0, 0, 22.73, 890, 522, 21952.34, 57759, 56198
1695457025, 0, 0, 60, 0, 0, 22562.11, 3, 0, 0, 10.61, 893, 523, 21952.34, 57759, 56198
1695457026, 0, 0, 60, 0, 0, 22562.11, 3, 0, 0, 13.59, 896, 525, 21952.34, 57759, 56198
1695457026, 0, 0, 60, 0, 0, 22562.11, 3, 0, 0, 15.48, 899, 527, 21952.34, 57759, 56198
1695457026, 0, 0, 60, 0, 0, 22562.11, 3, 0, 0, 11.36, 901, 529, 21952.34, 57759, 56198
1695457041, 0, 0, 60, 0, 0, 22562.11, 3, 0, 0, 0.49, 903, 534, 21952.34, 57759, 56198
1695457052, 0, 0, 60, 0, 0, 22562.11, 3, 0, 0, 0.72, 908, 537, 21952.34, 57759, 56198
1695457052, 0, 0, 60, 0, 0, 22562.11, 3, 0, 0, 12.66, 912, 537, 21952.34, 57759, 56198
1695457064, 0, 0, 60, 0, 0, 22562.11, 3, 0, 0, 0.58, 917, 539, 21952.34, 57759, 56198
1695457076, 0, 0, 60, 0, 0, 22562.11, 3, 0, 0, 0.26, 919, 540, 21952.34, 57759, 56198
1695457087, 0, 0, 60, 0, 0, 22562.11, 3, 0, 0, 0.09, 920, 540, 21952.34, 57759, 56198
1695457099, 0, 0, 60, 0, 0, 22562.11, 3, 0, 0, 0.09, 921, 540, 21952.34, 57759, 56198
1695457099, 0, 0, 60, 0, 0, 22562.11, 3, 0, 0, 20.06, 927, 541, 21952.34, 57759, 56198
1695457100, 0, 0, 60, 0, 0, 22562.11, 3, 0, 0, 15.63, 932, 542, 21952.34, 57759, 56198
1695457112, 0, 0, 60, 0, 0, 22562.11, 3, 0, 0, 0.31, 934, 544, 21952.34, 57759, 56198
1695457124, 0, 0, 60, 0, 0, 22562.11, 3, 0, 0, 0.08, 935, 544, 21952.34, 57759, 56198
1695457135, 0, 0, 60, 0, 0, 22562.11, 3, 0, 0, 0.36, 936, 547, 21952.34, 57759, 56198
1695457149, 0, 0, 60, 0, 0, 22562.11, 3, 0, 0, 0.29, 939, 548, 21952.34, 57759, 56198
1695457161, 0, 0, 60, 0, 0, 22562.11, 3, 0, 0, 0.25, 941, 549, 21952.34, 57759, 56198
1695457162, 0, 0, 60, 0, 0, 22562.11, 3, 0, 0, 16.39, 945, 550, 21952.34, 57759, 56198
1695457162, 0, 0, 60, 0, 0, 22562.11, 3, 0, 0, 21.15, 948, 554, 21952.34, 57759, 56198
1695457173, 0, 0, 60, 0, 0, 22562.11, 3, 0, 0, 0.45, 953, 554, 21952.34, 57759, 56198
1695457192, 0, 0, 60, 0, 0, 22562.11, 3, 0, 0, 0.16, 955, 555, 21952.34, 57759, 56198
1695457202, 0, 0, 60, 0, 0, 22562.11, 3, 0, 0, 0.10, 956, 555, 21952.34, 57759, 56198
1695457214, 0, 0, 60, 0, 0, 22562.11, 3, 0, 0, 0.43, 959, 557, 21952.34, 57759, 56198
1695457225, 0, 0, 60, 0, 0, 22562.11, 3, 0, 0, 0.18, 960, 558, 21952.34, 57759, 56198
1695457225, 0, 0, 60, 0, 0, 22562.11, 3, 0, 0, 18.75, 964, 560, 21952.34, 57759, 56198
1695457242, 0, 0, 60, 0, 0, 22562.11, 3, 0, 0, 0.06, 965, 560, 21952.34, 57759, 56198
1695457253, 0, 0, 60, 0, 0, 22562.11, 3, 0, 0, 0.48, 968, 562, 21952.34, 57759, 56198
1695457253, 0, 0, 60, 0, 0, 22562.11, 3, 0, 0, 9.71, 971, 562, 21952.34, 57759, 56198
1695457253, 0, 0, 60, 0, 0, 22562.11, 3, 0, 0, 19.54, 975, 564, 21952.34, 57759, 56198
1695457264, 0, 0, 60, 0, 0, 22562.11, 3, 0, 0, 0.19, 976, 565, 21952.34, 57759, 56198
1695457264, 0, 0, 60, 0, 0, 22562.11, 3, 0, 0, 16.39, 979, 567, 21952.34, 57759, 56198
1695457280, 0, 0, 61, 0, 0, 22562.50, 3, 0, 0, 0.06, 980, 567, 21952.73, 57760, 56199
1695457292, 0, 0, 61, 0, 0, 22562.50, 3, 0, 0, 0.09, 981, 567, 21952.73, 57760, 56199
1695457292, 0, 0, 61, 0, 0, 22562.50, 3, 0, 0, 12.16, 985, 567, 21952.73, 57760, 56199
1695457313, 0, 0, 61, 0, 0, 22562.50, 3, 0, 0, 0.23, 989, 568, 21952.73, 57760, 56199
1695457324, 0, 0, 61, 0, 0, 22562.50, 3, 0, 0, 0.64, 992, 572, 21952.73, 57760, 56199
1695457335, 0, 0, 61, 0, 0, 22562.50, 3, 0, 0, 0.54, 995, 575, 21952.73, 57760, 56199
1695457336, 0, 0, 61, 0, 0, 22562.50, 3, 0, 0, 12.50, 998, 576, 21952.73, 57760, 56199
1695457336, 0, 0, 61, 0, 0, 22562.50, 3, 0, 0, 18.99, 1002, 578, 21952.73, 57760, 56199
1695457350, 0, 0, 62, 0, 0, 22562.89, 3, 0, 0, 0.07, 1003, 578, 21953.13, 57761, 56200
1695457350, 0, 0, 62, 0, 0, 22562.89, 3, 0, 0, 17.24, 1008, 579, 21953.13, 57761, 56200
1695457350, 0, 0, 62, 0, 0, 22562.89, 3, 0, 0, 19.61, 1011, 582, 21953.13, 57761, 56200
1695457366, 0, 0, 63, 0, 0, 22563.28, 3, 0, 0, 0.19, 1014, 582, 21953.52, 57762, 56201
1695457409, 0, 0, 64, 0, 0, 22564.06, 3, 0, 0, 0.05, 1015, 583, 21954.30, 57764, 56203
1695457409, 0, 0, 64, 0, 0, 22564.06, 3, 0, 0, 9.62, 1017, 584, 21954.30, 57764, 56203
1695457421, 0, 0, 64, 0, 0, 22564.06, 3, 0, 0, 0.18, 1018, 585, 21954.30, 57764, 56203
1695457431, 0, 0, 64, 0, 0, 22564.06, 3, 0, 0, 0.37, 1022, 585, 21954.30, 57764, 56203
1695457442, 0, 0, 64, 0, 0, 22564.06, 3, 0, 0, 0.27, 1025, 585, 21954.30, 57764, 56203
1695457455, 0, 0, 64, 0, 0, 22564.06, 3, 0, 0, 0.23, 1027, 586, 21954.30, 57764, 56203
1695457455, 0, 0, 64, 0, 0, 22564.06, 3, 0, 0, 17.96, 1031, 588, 21954.30, 57764, 56203
1695457456, 0, 0, 64, 0, 0, 22564.06, 3, 0, 0, 15.82, 1036, 588, 21954.30, 57764, 56203
1695457466, 0, 0, 64, 0, 0, 22564.06, 3, 0, 0, 0.37, 1039, 589, 21954.30, 57764, 56203
1695457478, 0, 0, 64, 0, 0, 22564.06, 3, 0, 0, 0.18, 1041, 589, 21954.30, 57764, 56203
1695457478, 0, 0, 64, 0, 0, 22564.06, 3, 0, 0, 15.20, 1043, 592, 21954.30, 57764, 56203
1695457478, 0, 0, 64, 0, 0, 22564.06, 3, 0, 0, 13.07, 1046, 593, 21954.30, 57764, 56203
1695457479, 0, 0, 64, 0, 0, 22564.06, 3, 0, 0, 17.20, 1050, 596, 21954.30, 57764, 56203
1695457479, 0, 0, 64, 0, 0, 22564.06, 3, 0, 0, 21.88, 1056, 597, 21954.30, 57764, 56203
1695457479, 0, 0, 64, 0, 0, 22564.06, 3, 0, 0, 14.79, 1058, 600, 21954.30, 57764, 56203
1695457480, 0, 0, 64, 0, 0, 22564.06, 3, 0, 0, 11.98, 1060, 602, 21954.30, 57764, 56203
1695457492, 0, 0, 64, 0, 0, 22564.06, 3, 0, 0, 0.42, 1063, 604, 21954.30, 57764, 56203
1695457503, 0, 0, 64, 0, 0, 22564.06, 3, 0, 0, 0.46, 1065, 607, 21954.30, 57764, 56203
1695457513, 0, 0, 64, 0, 0, 22564.06, 3, 0, 0, 0.28, 1067, 608, 21954.30, 57764, 56203
1695457514, 0, 0, 64, 0, 0, 22564.06, 3, 0, 0, 13.16, 1069, 610, 21954.30, 57764, 56203
1695457514, 0, 0, 64, 0, 0, 22564.06, 3, 0, 0, 19.05, 1072, 615, 21954.30, 57764, 56203
1695457535, 0, 0, 64, 0, 0, 22564.06, 3, 0, 0, 0.19, 1075, 616, 21954.30, 57764, 56203
1695457547, 0, 0, 64, 0, 0, 22564.06, 3, 0, 0, 0.44, 1079, 617, 21954.30, 57764, 56203
1695457547, 0, 0, 64, 0, 0, 22564.06, 3, 0, 0, 16.50, 1083, 618, 21954.30, 57764, 56203
1695457558, 0, 0, 64, 0, 0, 22564.06, 3, 0, 0, 0.28, 1086, 618, 21954.30, 57764, 56203
1695457558, 0, 0, 64, 0, 0, 22564.06, 3, 0, 0, 17.54, 1089, 621, 21954.30, 57764, 56203
1695457558, 0, 0, 64, 0, 0, 22564.06, 3, 0, 0, 16.79, 1091, 626, 21954.30, 57764, 56203
1695457559, 0, 0, 64, 0, 0, 22564.06, 3, 0, 0, 16.67, 1092, 631, 21954.30, 57764, 56203
1695457559, 0, 0, 64, 0, 0, 22564.06, 3, 0, 0, 12.12, 1098, 631, 21954.30, 57764, 56203
1695457570, 0, 0, 65, 0, 0, 22564.45, 3, 0, 0, 0.46, 1102, 632, 21954.69, 57765, 56204
1695457570, 0, 0, 65, 0, 0, 22564.45, 3, 0, 0, 20.47, 1104, 637, 21954.69, 57765, 56204
1695457571, 0, 0, 65, 0, 0, 22564.45, 3, 0, 0, 16.13, 1108, 638, 21954.69, 57765, 56204
1695457571, 0, 0, 65, 0, 0, 22564.45, 3, 0, 0, 11.11, 1111, 639, 21954.69, 57765, 56204
1695457571, 0, 0, 65, 0, 0, 22564.45, 3, 0, 0, 15.29, 1115, 640, 21954.69, 57765, 56204
1695457572, 0, 0, 65, 0, 0, 22564.45, 3, 0, 0, 17.24, 1118, 643, 21954.69, 57765, 56204
1695457572, 0, 0, 65, 0, 0, 22564.45, 3, 0, 0, 11.66, 1120, 645, 21954.69, 57765, 56204
1695457582, 0, 0, 65, 0, 0, 22564.45, 3, 0, 0, 0.29, 1122, 646, 21954.69, 57765, 56204
1695457583, 0, 0, 65, 0, 0, 22564.45, 3, 0, 0, 15.38, 1126, 647, 21954.69, 57765, 56204
1695457583, 0, 0, 65, 0, 0, 22564.45, 3, 0, 0, 9.87, 1129, 647, 21954.69, 57765, 56204
1695457593, 0, 0, 65, 0, 0, 22564.45, 3, 0, 0, 0.20, 1131, 647, 21954.69, 57765, 56204
1695457604, 0, 0, 65, 0, 0, 22564.45, 3, 0, 0, 0.47, 1134, 649, 21954.69, 57765, 56204
1695457614, 0, 0, 65, 0, 0, 22564.45, 3, 0, 0, 0.19, 1135, 650, 21954.69, 57765, 56204
1695457626, 0, 0, 65, 0, 0, 22564.45, 3, 0, 0, 0.09, 1136, 650, 21954.69, 57765, 56204
1695457626, 0, 0, 65, 0, 0, 22564.45, 3, 0, 0, 14.84, 1140, 651, 21954.69, 57765, 56204
1695457626, 0, 0, 65, 0, 0, 22564.45, 3, 0, 0, 12.50, 1143, 652, 21954.69, 57765, 56204
1695457627, 0, 0, 65, 0, 0, 22564.45, 3, 0, 0, 14.71, 1144, 656, 21954.69, 57765, 56204
1695457627, 0, 0, 65, 0, 0, 22564.45, 3, 0, 0, 17.60, 1146, 660, 21954.69, 57765, 56204
1695457627, 0, 0, 65, 0, 0, 22564.45, 3, 0, 0, 9.01, 1149, 660, 21954.69, 57765, 56204
1695457641, 0, 0, 65, 0, 0, 22564.45, 3, 0, 0, 0.22, 1151, 661, 21954.69, 57765, 56204
1695457655, 0, 0, 65, 0, 0, 22564.45, 3, 0, 0, 0.50, 1156, 663, 21954.69, 57765, 56204
1695457674, 0, 0, 65, 0, 0, 22564.45, 3, 0, 0, 0.20, 1158, 665, 21954.69, 57765, 56204
1695457685, 0, 0, 65, 0, 0, 22564.45, 3, 0, 0, 0.09, 1159, 665, 21954.69, 57765, 56204
1695457697, 0, 0, 65, 0, 0, 22564.45, 3, 0, 0, 0.26, 1161, 666, 21954.69, 57765, 56204
1695457697, 0, 0, 65, 0, 0, 22564.45, 3, 0, 0, 12.74, 1164, 667, 21954.69, 57765, 56204
1695457707, 0, 0, 65, 0, 0, 22564.45, 3, 0, 0, 0.10, 1165, 667, 21954.69, 57765, 56204
1695457708, 0, 0, 65, 0, 0, 22564.45, 3, 0, 0, 13.33, 1168, 668, 21954.69, 57765, 56204
1695457720, 0, 0, 65, 0, 0, 22564.45, 3, 0, 0, 0.24, 1171, 668, 21954.69, 57765, 56204
1695457732, 0, 0, 65, 0, 0, 22564.45, 3, 0, 0, 0.09, 1172, 668, 21954.69, 57765, 56204
1695457732, 0, 0, 65, 0, 0, 22564.45, 3, 0, 0, 14.93, 1174, 671, 21954.69, 57765, 56204
1695457732, 0, 0, 65, 0, 0, 22564.45, 3, 0, 0, 12.82, 1177, 672, 21954.69, 57765, 56204
1695457732, 0, 0, 65, 0, 0, 22564.45, 3, 0, 0, 9.35, 1179, 673, 21954.69, 57765, 56204
1695457745, 0, 0, 66, 0, 0, 22564.84, 3, 0, 0, 0.41, 1182, 675, 21955.08, 57766, 56205
1695457756, 0, 0, 66, 0, 0, 22564.84, 3, 0, 0, 0.18, 1184, 675, 21955.08, 57766, 56205
1695457768, 0, 0, 66, 0, 0, 22564.84, 3, 0, 0, 0.33, 1187, 676, 21955.08, 57766, 56205
1695457769, 0, 0, 66, 0, 0, 22564.84, 3, 0, 0, 14.66, 1192, 676, 21955.08, 57766, 56205
1695457780, 0, 0, 66, 0, 0, 22564.84, 3, 0, 0, 0.43, 1193, 680, 21955.08, 57766, 56205
1695457792, 0, 0, 66, 0, 0, 22564.84, 3, 0, 0, 0.17, 1195, 680, 21955.08, 57766, 56205
1695457792, 0, 0, 66, 0, 0, 22564.84, 3, 0, 0, 14.88, 1197, 683, 21955.08, 57766, 56205
1695457804, 0, 0, 66, 0, 0, 22564.84, 3, 0, 0, 0.17, 1198, 684, 21955.08, 57766, 56205
1695457815, 0, 0, 66, 0, 0, 22564.84, 3, 0, 0, 0.26, 1200, 685, 21955.08, 57766, 56205
1695457815, 0, 0, 66, 0, 0, 22564.84, 3, 0, 0, 12.70, 1202, 687, 21955.08, 57766, 56205
1695457816, 0, 0, 66, 0, 0, 22564.84, 3, 0, 0, 13.03, 1205, 688, 21955.08, 57766, 56205
1695457816, 0, 0, 66, 0, 0, 22564.84, 3, 0, 0, 18.35, 1209, 690, 21955.08, 57766, 56205
1695457827, 0, 0, 66, 0, 0, 22564.84, 3, 0, 0, 0.27, 1212, 690, 21955.08, 57766, 56205
1695457837, 0, 0, 66, 0, 0, 22564.84, 3, 0, 0, 0.29, 1214, 691, 21955.08, 57766, 56205
1695457891, 0, 0, 66, 0, 0, 22564.84, 3, 0, 0, 0.06, 1215, 693, 21955.08, 57766, 56205
1695457892, 0, 0, 66, 0, 0, 22564.84, 3, 0, 0, 12.50, 1218, 694, 21955.08, 57766, 56205
1695457892, 0, 0, 66, 0, 0, 22564.84, 3, 0, 0, 12.70, 1221, 695, 21955.08, 57766, 56205
1695457903, 0, 0, 66, 0, 0, 22564.84, 3, 0, 0, 0.47, 1224, 697, 21955.08, 57766, 56205
1695457914, 0, 0, 66, 0, 0, 22564.84, 3, 0, 0, 0.09, 1225, 697, 21955.08, 57766, 56205
1695457933, 0, 0, 67, 0, 0, 22565.23, 3, 0, 0, 0.15, 1228, 697, 21955.47, 57767, 56206
1695457947, 0, 0, 67, 0, 0, 22565.23, 3, 0, 0, 0.36, 1232, 698, 21955.47, 57767, 56206
1695457947, 0, 0, 67, 0, 0, 22565.23, 3, 0, 0, 0.00, 1232, 698, 21955.47, 57767, 56206
