# unix_time, cycles_done, cur_path, paths_total, pending_total, pending_favs, map_size, unique_crashes, unique_hangs, max_depth, execs_per_sec, valid_inputs, invalid_inputs, valid_cov, all_covered_probes, valid_covered_probes
1693848060, 0, 0, 1, 0, 0, 807.81, 0, 0, 0, 0.58, 1, 0, 807.81, 2068, 2068
1693848060, 0, 0, 3, 0, 0, 842.58, 0, 0, 0, 16.50, 5, 1, 823.44, 2157, 2108
1693848061, 0, 0, 4, 0, 0, 1074.22, 0, 0, 0, 9.97, 7, 2, 823.44, 2750, 2108
1693848071, 0, 0, 4, 0, 0, 1074.22, 1, 0, 0, 0.09, 7, 3, 823.44, 2750, 2108
1693848072, 0, 0, 8, 0, 0, 1433.20, 1, 0, 0, 27.44, 16, 3, 1249.22, 3669, 3198
1693848078, 0, 0, 11, 0, 0, 6642.58, 1, 0, 0, 1.59, 23, 6, 6438.28, 17005, 16482
1693848081, 0, 0, 14, 0, 0, 6642.97, 1, 0, 0, 1.22, 25, 8, 6438.28, 17006, 16482
1693848086, 0, 0, 19, 0, 0, 6653.13, 1, 0, 0, 4.00, 36, 14, 6447.27, 17032, 16505
1693848089, 0, 0, 22, 0, 0, 6655.47, 1, 0, 0, 0.92, 39, 14, 6449.61, 17038, 16511
1693848092, 0, 0, 24, 0, 0, 6655.47, 1, 0, 0, 0.60, 41, 14, 6449.61, 17038, 16511
1693848092, 0, 0, 28, 0, 0, 6724.22, 1, 0, 0, 56.29, 53, 19, 6449.61, 17214, 16511
1693848097, 0, 0, 29, 0, 0, 6735.16, 1, 0, 0, 6.48, 76, 28, 6460.55, 17242, 16539
1693848100, 0, 1, 31, 0, 0, 6735.16, 1, 0, 0, 8.09, 96, 30, 6460.55, 17242, 16539
1693848103, 0, 1, 33, 0, 0, 6735.16, 1, 0, 0, 1.51, 100, 31, 6460.55, 17242, 16539
1693848113, 0, 1, 35, 0, 0, 6735.16, 1, 0, 0, 0.33, 102, 32, 6460.55, 17242, 16539
1693848115, 0, 1, 37, 0, 0, 6740.63, 1, 0, 0, 5.61, 114, 36, 6466.02, 17256, 16553
1693848119, 0, 1, 41, 0, 0, 6753.13, 1, 0, 0, 1.39, 115, 40, 6472.66, 17288, 16570
1693848122, 0, 1, 42, 0, 0, 6753.13, 1, 0, 0, 0.70, 116, 41, 6472.66, 17288, 16570
1693848125, 0, 2, 46, 0, 0, 6794.53, 1, 0, 0, 5.64, 123, 51, 6514.06, 17394, 16676
1693848128, 0, 2, 48, 0, 0, 6794.53, 1, 0, 0, 7.65, 133, 63, 6514.06, 17394, 16676
1693848130, 0, 2, 51, 0, 0, 6794.53, 1, 0, 0, 9.24, 144, 76, 6514.06, 17394, 16676
1693848133, 0, 3, 55, 0, 0, 6794.53, 1, 0, 0, 5.61, 149, 87, 6514.06, 17394, 16676
1693848138, 0, 3, 56, 0, 0, 6794.53, 1, 0, 0, 1.26, 152, 90, 6514.06, 17394, 16676
1693848145, 0, 3, 57, 0, 0, 6794.53, 1, 0, 0, 0.55, 153, 93, 6514.06, 17394, 16676
1693848148, 0, 3, 59, 0, 0, 6794.53, 1, 0, 0, 4.97, 156, 105, 6514.06, 17394, 16676
1693848151, 0, 3, 60, 0, 0, 6794.53, 1, 0, 0, 0.66, 158, 105, 6514.06, 17394, 16676
1693848155, 0, 3, 63, 0, 0, 6794.53, 1, 0, 0, 5.59, 168, 114, 6514.06, 17394, 16676
1693848158, 0, 3, 64, 0, 0, 6794.53, 1, 0, 0, 2.81, 169, 122, 6514.06, 17394, 16676
1693848164, 0, 4, 66, 0, 0, 6794.53, 1, 0, 0, 3.67, 186, 128, 6514.06, 17394, 16676
1693848167, 0, 4, 68, 0, 0, 6794.53, 1, 0, 0, 2.31, 190, 130, 6514.06, 17394, 16676
1693848169, 0, 4, 69, 0, 0, 6794.53, 1, 0, 0, 4.85, 200, 131, 6514.06, 17394, 16676
1693848173, 0, 4, 71, 0, 0, 6794.53, 1, 0, 0, 0.59, 202, 131, 6514.06, 17394, 16676
1693848176, 0, 4, 72, 0, 0, 6801.17, 1, 0, 0, 2.83, 210, 133, 6520.70, 17411, 16693
1693848180, 0, 4, 73, 0, 0, 6801.17, 1, 0, 0, 5.77, 229, 136, 6520.70, 17411, 16693
1693848183, 0, 4, 74, 0, 0, 6801.17, 1, 0, 0, 3.18, 237, 138, 6520.70, 17411, 16693
1693848186, 0, 5, 76, 0, 0, 6801.17, 1, 0, 0, 3.47, 245, 142, 6520.70, 17411, 16693
1693848190, 0, 5, 79, 0, 0, 6801.17, 1, 0, 0, 6.59, 263, 146, 6520.70, 17411, 16693
1693848193, 0, 5, 82, 0, 0, 6801.17, 1, 0, 0, 13.63, 288, 159, 6520.70, 17411, 16693
1693848197, 0, 5, 83, 0, 0, 6801.17, 1, 0, 0, 2.88, 297, 162, 6520.70, 17411, 16693
1693848200, 0, 6, 85, 0, 0, 6801.17, 1, 0, 0, 3.24, 304, 167, 6520.70, 17411, 16693
1693848203, 0, 6, 86, 0, 0, 6801.17, 1, 0, 0, 5.95, 316, 171, 6520.70, 17411, 16693
1693848207, 0, 6, 87, 0, 0, 6801.17, 1, 0, 0, 0.48, 317, 172, 6520.70, 17411, 16693
1693848208, 0, 6, 87, 0, 0, 6801.17, 1, 0, 0, 43.08, 327, 176, 6520.70, 17411, 16693
1693848211, 0, 6, 87, 0, 0, 6801.17, 1, 0, 0, 5.44, 341, 180, 6520.70, 17411, 16693
1693848214, 0, 6, 89, 0, 0, 6801.17, 1, 0, 0, 5.25, 352, 184, 6520.70, 17411, 16693
1693848218, 0, 7, 90, 0, 0, 6801.17, 1, 0, 0, 9.35, 379, 195, 6520.70, 17411, 16693
1693848221, 0, 7, 90, 0, 0, 6801.17, 1, 0, 0, 3.70, 386, 199, 6520.70, 17411, 16693
1693848221, 0, 7, 90, 0, 0, 6801.17, 1, 0, 0, 84.14, 405, 206, 6520.70, 17411, 16693
1693848224, 0, 7, 91, 0, 0, 6801.17, 1, 0, 0, 1.58, 409, 206, 6520.70, 17411, 16693
1693848226, 0, 7, 93, 0, 0, 6801.17, 1, 0, 0, 3.67, 416, 208, 6520.70, 17411, 16693
1693848229, 0, 7, 94, 0, 0, 6801.17, 1, 0, 0, 5.25, 429, 209, 6520.70, 17411, 16693
1693848233, 0, 7, 95, 0, 0, 6801.17, 1, 0, 0, 2.62, 437, 211, 6520.70, 17411, 16693
1693848235, 0, 7, 96, 0, 0, 6801.17, 1, 0, 0, 0.38, 438, 211, 6520.70, 17411, 16693
1693848239, 0, 7, 97, 0, 0, 6801.17, 1, 0, 0, 0.88, 440, 212, 6520.70, 17411, 16693
1693848242, 0, 7, 99, 0, 0, 6801.17, 1, 0, 0, 1.04, 443, 212, 6520.70, 17411, 16693
1693848245, 0, 7, 100, 0, 0, 6801.17, 1, 0, 0, 2.64, 450, 213, 6520.70, 17411, 16693
1693848247, 0, 8, 101, 0, 0, 6801.17, 1, 0, 0, 3.67, 453, 220, 6520.70, 17411, 16693
1693848251, 0, 8, 102, 0, 0, 6801.17, 1, 0, 0, 3.97, 458, 229, 6520.70, 17411, 16693
1693848256, 0, 8, 103, 0, 0, 6801.17, 1, 0, 0, 3.50, 467, 238, 6520.70, 17411, 16693
1693848258, 0, 8, 103, 0, 0, 6801.17, 1, 0, 0, 4.64, 470, 246, 6520.70, 17411, 16693
1693848262, 0, 9, 104, 0, 0, 6801.17, 1, 0, 0, 8.22, 484, 264, 6520.70, 17411, 16693
1693848265, 0, 9, 105, 0, 0, 6801.17, 2, 0, 0, 3.60, 488, 269, 6520.70, 17411, 16693
1693848267, 0, 9, 105, 0, 0, 6801.17, 2, 0, 0, 6.33, 493, 279, 6520.70, 17411, 16693
1693848271, 0, 9, 107, 0, 0, 6801.95, 2, 0, 0, 7.13, 505, 294, 6520.70, 17413, 16693
1693848274, 0, 9, 108, 0, 0, 6801.95, 2, 0, 0, 5.06, 510, 305, 6520.70, 17413, 16693
1693848277, 0, 9, 108, 0, 0, 6801.95, 2, 0, 0, 1.83, 512, 308, 6520.70, 17413, 16693
1693848277, 0, 9, 108, 0, 0, 6801.95, 2, 0, 0, 6.06, 513, 309, 6520.70, 17413, 16693
1693848281, 0, 10, 109, 0, 0, 6801.95, 2, 0, 0, 0.73, 515, 310, 6520.70, 17413, 16693
1693848283, 0, 10, 109, 0, 0, 6801.95, 2, 0, 0, 0.47, 516, 310, 6520.70, 17413, 16693
1693848288, 0, 10, 110, 0, 0, 6801.95, 2, 0, 0, 0.23, 517, 310, 6520.70, 17413, 16693
1693848293, 0, 10, 111, 0, 0, 6801.95, 2, 0, 0, 0.19, 518, 310, 6520.70, 17413, 16693
1693848297, 0, 10, 112, 0, 0, 6801.95, 2, 0, 0, 0.25, 519, 310, 6520.70, 17413, 16693
1693848301, 0, 10, 113, 0, 0, 6801.95, 2, 0, 0, 0.23, 520, 310, 6520.70, 17413, 16693
1693848305, 0, 10, 114, 0, 0, 6801.95, 2, 0, 0, 0.26, 521, 310, 6520.70, 17413, 16693
1693848309, 0, 10, 115, 0, 0, 6801.95, 2, 0, 0, 0.23, 522, 310, 6520.70, 17413, 16693
1693848313, 0, 10, 115, 0, 0, 6801.95, 2, 0, 0, 0.26, 523, 310, 6520.70, 17413, 16693
1693848316, 0, 10, 115, 0, 0, 6801.95, 2, 0, 0, 0.33, 524, 310, 6520.70, 17413, 16693
1693848320, 0, 10, 116, 0, 0, 6801.95, 2, 0, 0, 0.28, 525, 310, 6520.70, 17413, 16693
1693848324, 0, 10, 116, 0, 0, 6801.95, 2, 0, 0, 0.25, 526, 310, 6520.70, 17413, 16693
1693848327, 0, 10, 116, 0, 0, 6801.95, 2, 0, 0, 0.31, 527, 310, 6520.70, 17413, 16693
1693848331, 0, 10, 116, 0, 0, 6801.95, 2, 0, 0, 0.25, 528, 310, 6520.70, 17413, 16693
1693848336, 0, 10, 116, 0, 0, 6801.95, 2, 0, 0, 0.22, 529, 310, 6520.70, 17413, 16693
1693848340, 0, 10, 116, 0, 0, 6801.95, 2, 0, 0, 0.25, 530, 310, 6520.70, 17413, 16693
1693848344, 0, 10, 116, 0, 0, 6801.95, 2, 0, 0, 0.22, 531, 310, 6520.70, 17413, 16693
1693848348, 0, 10, 116, 0, 0, 6801.95, 2, 0, 0, 0.27, 532, 310, 6520.70, 17413, 16693
1693848354, 0, 10, 117, 0, 0, 6801.95, 2, 0, 0, 0.17, 533, 310, 6520.70, 17413, 16693
1693848358, 0, 10, 117, 0, 0, 6801.95, 2, 0, 0, 0.23, 534, 310, 6520.70, 17413, 16693
1693848361, 0, 10, 117, 0, 0, 6801.95, 2, 0, 0, 0.28, 535, 310, 6520.70, 17413, 16693
1693848365, 0, 10, 117, 0, 0, 6801.95, 2, 0, 0, 0.26, 536, 310, 6520.70, 17413, 16693
1693848369, 0, 10, 117, 0, 0, 6801.95, 2, 0, 0, 0.28, 537, 310, 6520.70, 17413, 16693
1693848373, 0, 10, 118, 0, 0, 6801.95, 2, 0, 0, 0.25, 538, 310, 6520.70, 17413, 16693
1693848377, 0, 10, 118, 0, 0, 6801.95, 2, 0, 0, 0.23, 539, 310, 6520.70, 17413, 16693
1693848380, 0, 10, 119, 0, 0, 6801.95, 2, 0, 0, 0.32, 540, 310, 6520.70, 17413, 16693
1693848384, 0, 10, 120, 0, 0, 6801.95, 2, 0, 0, 0.26, 541, 310, 6520.70, 17413, 16693
1693848389, 0, 10, 120, 0, 0, 6801.95, 2, 0, 0, 0.23, 542, 310, 6520.70, 17413, 16693
1693848392, 0, 10, 120, 0, 0, 6801.95, 2, 0, 0, 0.30, 543, 310, 6520.70, 17413, 16693
1693848396, 0, 10, 120, 0, 0, 6801.95, 2, 0, 0, 0.24, 544, 310, 6520.70, 17413, 16693
1693848400, 0, 10, 120, 0, 0, 6801.95, 2, 0, 0, 0.24, 545, 310, 6520.70, 17413, 16693
1693848404, 0, 10, 120, 0, 0, 6801.95, 2, 0, 0, 0.24, 546, 310, 6520.70, 17413, 16693
1693848409, 0, 10, 120, 0, 0, 6801.95, 2, 0, 0, 0.23, 547, 310, 6520.70, 17413, 16693
1693848413, 0, 10, 120, 0, 0, 6801.95, 2, 0, 0, 0.25, 548, 310, 6520.70, 17413, 16693
1693848416, 0, 10, 120, 0, 0, 6801.95, 2, 0, 0, 0.29, 549, 310, 6520.70, 17413, 16693
1693848421, 0, 10, 121, 0, 0, 6801.95, 2, 0, 0, 0.21, 550, 310, 6520.70, 17413, 16693
1693848425, 0, 10, 121, 0, 0, 6801.95, 2, 0, 0, 0.23, 551, 310, 6520.70, 17413, 16693
1693848429, 0, 10, 122, 0, 0, 6801.95, 2, 0, 0, 0.28, 552, 310, 6520.70, 17413, 16693
1693848433, 0, 10, 122, 0, 0, 6801.95, 2, 0, 0, 0.23, 553, 310, 6520.70, 17413, 16693
1693848437, 0, 10, 122, 0, 0, 6801.95, 2, 0, 0, 0.27, 554, 310, 6520.70, 17413, 16693
1693848440, 0, 10, 122, 0, 0, 6801.95, 2, 0, 0, 0.27, 555, 310, 6520.70, 17413, 16693
1693848444, 0, 10, 122, 0, 0, 6801.95, 2, 0, 0, 0.27, 556, 310, 6520.70, 17413, 16693
1693848448, 0, 10, 122, 0, 0, 6801.95, 2, 0, 0, 0.25, 557, 310, 6520.70, 17413, 16693
1693848452, 0, 10, 122, 0, 0, 6801.95, 2, 0, 0, 0.27, 558, 310, 6520.70, 17413, 16693
1693848456, 0, 10, 122, 0, 0, 6801.95, 2, 0, 0, 0.24, 559, 310, 6520.70, 17413, 16693
1693848460, 0, 10, 122, 0, 0, 6801.95, 2, 0, 0, 0.25, 560, 310, 6520.70, 17413, 16693
1693848464, 0, 10, 122, 0, 0, 6801.95, 2, 0, 0, 0.27, 561, 310, 6520.70, 17413, 16693
1693848468, 0, 10, 122, 0, 0, 6801.95, 2, 0, 0, 0.24, 562, 310, 6520.70, 17413, 16693
1693848473, 0, 10, 123, 0, 0, 6801.95, 2, 0, 0, 0.21, 563, 310, 6520.70, 17413, 16693
1693848477, 0, 10, 123, 0, 0, 6801.95, 2, 0, 0, 0.24, 564, 310, 6520.70, 17413, 16693
1693848481, 0, 10, 124, 0, 0, 6802.73, 2, 0, 0, 0.24, 565, 310, 6521.48, 17415, 16695
1693848484, 0, 10, 124, 0, 0, 6802.73, 2, 0, 0, 0.32, 566, 310, 6521.48, 17415, 16695
1693848487, 0, 10, 124, 0, 0, 6802.73, 2, 0, 0, 0.32, 567, 310, 6521.48, 17415, 16695
1693848491, 0, 10, 125, 0, 0, 6802.73, 2, 0, 0, 0.26, 568, 310, 6521.48, 17415, 16695
1693848495, 0, 10, 125, 0, 0, 6802.73, 2, 0, 0, 0.25, 569, 310, 6521.48, 17415, 16695
1693848499, 0, 10, 126, 0, 0, 6802.73, 2, 0, 0, 0.30, 570, 310, 6521.48, 17415, 16695
1693848502, 0, 10, 126, 0, 0, 6802.73, 2, 0, 0, 0.26, 571, 310, 6521.48, 17415, 16695
1693848506, 0, 10, 126, 0, 0, 6802.73, 2, 0, 0, 0.26, 572, 310, 6521.48, 17415, 16695
1693848510, 0, 10, 126, 0, 0, 6802.73, 2, 0, 0, 0.26, 573, 310, 6521.48, 17415, 16695
1693848514, 0, 10, 126, 0, 0, 6802.73, 2, 0, 0, 0.24, 574, 310, 6521.48, 17415, 16695
1693848518, 0, 10, 126, 0, 0, 6802.73, 2, 0, 0, 0.26, 575, 310, 6521.48, 17415, 16695
1693848522, 0, 10, 126, 0, 0, 6802.73, 2, 0, 0, 0.26, 576, 310, 6521.48, 17415, 16695
1693848527, 0, 10, 126, 0, 0, 6802.73, 2, 0, 0, 0.20, 577, 310, 6521.48, 17415, 16695
1693848531, 0, 10, 126, 0, 0, 6802.73, 2, 0, 0, 0.26, 578, 310, 6521.48, 17415, 16695
1693848535, 0, 10, 126, 0, 0, 6802.73, 2, 0, 0, 0.24, 579, 310, 6521.48, 17415, 16695
1693848540, 0, 10, 126, 0, 0, 6802.73, 2, 0, 0, 0.20, 580, 310, 6521.48, 17415, 16695
1693848545, 0, 10, 126, 0, 0, 6802.73, 2, 0, 0, 0.21, 581, 310, 6521.48, 17415, 16695
1693848549, 0, 10, 127, 0, 0, 6802.73, 2, 0, 0, 0.21, 582, 310, 6521.48, 17415, 16695
1693848554, 0, 10, 128, 0, 0, 6802.73, 2, 0, 0, 0.21, 583, 310, 6521.48, 17415, 16695
1693848558, 0, 10, 129, 0, 0, 6802.73, 2, 0, 0, 0.24, 584, 310, 6521.48, 17415, 16695
1693848562, 0, 10, 130, 0, 0, 6802.73, 2, 0, 0, 0.27, 585, 310, 6521.48, 17415, 16695
1693848567, 0, 10, 131, 0, 0, 6802.73, 2, 0, 0, 0.22, 586, 310, 6521.48, 17415, 16695
1693848571, 0, 10, 131, 0, 0, 6802.73, 2, 0, 0, 0.21, 587, 310, 6521.48, 17415, 16695
1693848577, 0, 10, 131, 0, 0, 6802.73, 2, 0, 0, 0.18, 588, 310, 6521.48, 17415, 16695
1693848582, 0, 10, 131, 0, 0, 6802.73, 2, 0, 0, 0.22, 589, 310, 6521.48, 17415, 16695
1693848586, 0, 10, 131, 0, 0, 6802.73, 2, 0, 0, 0.23, 590, 310, 6521.48, 17415, 16695
1693848590, 0, 10, 131, 0, 0, 6802.73, 2, 0, 0, 0.24, 591, 310, 6521.48, 17415, 16695
1693848595, 0, 10, 131, 0, 0, 6802.73, 2, 0, 0, 0.23, 592, 310, 6521.48, 17415, 16695
1693848599, 0, 10, 131, 0, 0, 6802.73, 2, 0, 0, 0.20, 593, 310, 6521.48, 17415, 16695
1693848604, 0, 10, 131, 0, 0, 6802.73, 2, 0, 0, 0.23, 594, 310, 6521.48, 17415, 16695
1693848609, 0, 10, 132, 0, 0, 6802.73, 2, 0, 0, 0.20, 595, 310, 6521.48, 17415, 16695
1693848614, 0, 10, 132, 0, 0, 6802.73, 2, 0, 0, 0.21, 596, 310, 6521.48, 17415, 16695
1693848618, 0, 10, 132, 0, 0, 6802.73, 2, 0, 0, 0.25, 597, 310, 6521.48, 17415, 16695
1693848623, 0, 10, 133, 0, 0, 6802.73, 2, 0, 0, 0.18, 598, 310, 6521.48, 17415, 16695
1693848627, 0, 10, 133, 0, 0, 6802.73, 2, 0, 0, 0.25, 599, 310, 6521.48, 17415, 16695
1693848631, 0, 10, 133, 0, 0, 6802.73, 2, 0, 0, 0.24, 600, 310, 6521.48, 17415, 16695
1693848636, 0, 10, 133, 0, 0, 6802.73, 2, 0, 0, 0.24, 601, 310, 6521.48, 17415, 16695
1693848639, 0, 10, 133, 0, 0, 6802.73, 2, 0, 0, 0.26, 602, 310, 6521.48, 17415, 16695
1693848644, 0, 10, 133, 0, 0, 6802.73, 2, 0, 0, 0.24, 603, 310, 6521.48, 17415, 16695
1693848648, 0, 10, 134, 0, 0, 6802.73, 2, 0, 0, 0.23, 604, 310, 6521.48, 17415, 16695
1693848652, 0, 10, 134, 0, 0, 6802.73, 2, 0, 0, 0.25, 605, 310, 6521.48, 17415, 16695
1693848655, 0, 10, 134, 0, 0, 6802.73, 2, 0, 0, 0.32, 606, 310, 6521.48, 17415, 16695
1693848660, 0, 10, 134, 0, 0, 6802.73, 2, 0, 0, 0.22, 607, 310, 6521.48, 17415, 16695
1693848664, 0, 10, 134, 0, 0, 6802.73, 2, 0, 0, 0.23, 608, 310, 6521.48, 17415, 16695
1693848668, 0, 10, 134, 0, 0, 6802.73, 2, 0, 0, 0.26, 609, 310, 6521.48, 17415, 16695
1693848672, 0, 10, 134, 0, 0, 6802.73, 2, 0, 0, 0.23, 610, 310, 6521.48, 17415, 16695
1693848676, 0, 10, 134, 0, 0, 6802.73, 2, 0, 0, 0.25, 611, 310, 6521.48, 17415, 16695
1693848680, 0, 10, 134, 0, 0, 6802.73, 2, 0, 0, 0.24, 612, 310, 6521.48, 17415, 16695
1693848685, 0, 10, 134, 0, 0, 6802.73, 2, 0, 0, 0.22, 613, 310, 6521.48, 17415, 16695
1693848689, 0, 10, 134, 0, 0, 6802.73, 2, 0, 0, 0.26, 614, 310, 6521.48, 17415, 16695
1693848694, 0, 10, 134, 0, 0, 6802.73, 2, 0, 0, 0.22, 615, 310, 6521.48, 17415, 16695
1693848698, 0, 10, 134, 0, 0, 6802.73, 2, 0, 0, 0.25, 616, 310, 6521.48, 17415, 16695
1693848701, 0, 10, 134, 0, 0, 6802.73, 2, 0, 0, 0.28, 617, 310, 6521.48, 17415, 16695
1693848706, 0, 10, 134, 0, 0, 6802.73, 2, 0, 0, 0.21, 618, 310, 6521.48, 17415, 16695
1693848710, 0, 10, 134, 0, 0, 6802.73, 2, 0, 0, 0.25, 619, 310, 6521.48, 17415, 16695
1693848714, 0, 10, 134, 0, 0, 6802.73, 2, 0, 0, 0.27, 620, 310, 6521.48, 17415, 16695
1693848717, 0, 10, 134, 0, 0, 6802.73, 2, 0, 0, 0.25, 621, 310, 6521.48, 17415, 16695
1693848722, 0, 10, 135, 0, 0, 6802.73, 2, 0, 0, 0.23, 622, 310, 6521.48, 17415, 16695
1693848726, 0, 10, 136, 0, 0, 6802.73, 2, 0, 0, 0.26, 623, 310, 6521.48, 17415, 16695
1693848730, 0, 10, 136, 0, 0, 6802.73, 2, 0, 0, 0.22, 624, 310, 6521.48, 17415, 16695
1693848734, 0, 10, 137, 0, 0, 6802.73, 2, 0, 0, 0.25, 625, 310, 6521.48, 17415, 16695
1693848739, 0, 10, 138, 0, 0, 6802.73, 2, 0, 0, 0.22, 626, 310, 6521.48, 17415, 16695
1693848743, 0, 10, 138, 0, 0, 6802.73, 2, 0, 0, 0.24, 627, 310, 6521.48, 17415, 16695
1693848747, 0, 10, 138, 0, 0, 6802.73, 2, 0, 0, 0.23, 628, 310, 6521.48, 17415, 16695
1693848751, 0, 10, 138, 0, 0, 6802.73, 2, 0, 0, 0.24, 629, 310, 6521.48, 17415, 16695
1693848756, 0, 10, 139, 0, 0, 6802.73, 2, 0, 0, 0.20, 630, 310, 6521.48, 17415, 16695
1693848759, 0, 10, 139, 0, 0, 6802.73, 2, 0, 0, 0.37, 631, 310, 6521.48, 17415, 16695
1693848763, 0, 10, 139, 0, 0, 6802.73, 2, 0, 0, 0.28, 632, 310, 6521.48, 17415, 16695
1693848767, 0, 10, 139, 0, 0, 6802.73, 2, 0, 0, 0.24, 633, 310, 6521.48, 17415, 16695
1693848771, 0, 10, 139, 0, 0, 6802.73, 2, 0, 0, 0.24, 634, 310, 6521.48, 17415, 16695
1693848775, 0, 10, 140, 0, 0, 6802.73, 2, 0, 0, 0.27, 635, 310, 6521.48, 17415, 16695
1693848780, 0, 10, 141, 0, 0, 6802.73, 2, 0, 0, 0.17, 636, 310, 6521.48, 17415, 16695
1693848785, 0, 10, 141, 0, 0, 6802.73, 2, 0, 0, 0.22, 637, 310, 6521.48, 17415, 16695
1693848789, 0, 10, 141, 0, 0, 6802.73, 2, 0, 0, 0.26, 638, 310, 6521.48, 17415, 16695
1693848793, 0, 10, 141, 0, 0, 6802.73, 2, 0, 0, 0.24, 639, 310, 6521.48, 17415, 16695
1693848797, 0, 10, 141, 0, 0, 6802.73, 2, 0, 0, 0.26, 640, 310, 6521.48, 17415, 16695
1693848801, 0, 10, 141, 0, 0, 6802.73, 2, 0, 0, 0.26, 641, 310, 6521.48, 17415, 16695
1693848805, 0, 10, 141, 0, 0, 6802.73, 2, 0, 0, 0.24, 642, 310, 6521.48, 17415, 16695
1693848809, 0, 10, 141, 0, 0, 6802.73, 2, 0, 0, 0.24, 643, 310, 6521.48, 17415, 16695
1693848813, 0, 10, 141, 0, 0, 6802.73, 2, 0, 0, 0.23, 644, 310, 6521.48, 17415, 16695
1693848818, 0, 10, 141, 0, 0, 6802.73, 2, 0, 0, 0.23, 645, 310, 6521.48, 17415, 16695
1693848822, 0, 10, 142, 0, 0, 6802.73, 2, 0, 0, 0.23, 646, 310, 6521.48, 17415, 16695
1693848826, 0, 10, 142, 0, 0, 6802.73, 2, 0, 0, 0.27, 647, 310, 6521.48, 17415, 16695
1693848830, 0, 10, 143, 0, 0, 6802.73, 2, 0, 0, 0.24, 648, 310, 6521.48, 17415, 16695
1693848833, 0, 10, 143, 0, 0, 6802.73, 2, 0, 0, 0.37, 649, 310, 6521.48, 17415, 16695
1693848837, 0, 10, 144, 0, 0, 6802.73, 2, 0, 0, 0.24, 650, 310, 6521.48, 17415, 16695
1693848841, 0, 10, 144, 0, 0, 6802.73, 2, 0, 0, 0.23, 651, 310, 6521.48, 17415, 16695
1693848845, 0, 10, 144, 0, 0, 6802.73, 2, 0, 0, 0.25, 652, 310, 6521.48, 17415, 16695
1693848848, 0, 10, 145, 0, 0, 6802.73, 2, 0, 0, 0.41, 653, 310, 6521.48, 17415, 16695
1693848851, 0, 10, 146, 0, 0, 6802.73, 2, 0, 0, 0.27, 654, 310, 6521.48, 17415, 16695
1693848856, 0, 10, 146, 0, 0, 6802.73, 2, 0, 0, 0.24, 655, 310, 6521.48, 17415, 16695
1693848861, 0, 10, 146, 0, 0, 6802.73, 2, 0, 0, 0.20, 656, 310, 6521.48, 17415, 16695
1693848864, 0, 10, 146, 0, 0, 6802.73, 2, 0, 0, 0.27, 657, 310, 6521.48, 17415, 16695
1693848869, 0, 10, 146, 0, 0, 6802.73, 2, 0, 0, 0.22, 658, 310, 6521.48, 17415, 16695
1693848873, 0, 10, 146, 0, 0, 6802.73, 2, 0, 0, 0.23, 659, 310, 6521.48, 17415, 16695
1693848877, 0, 10, 146, 0, 0, 6802.73, 2, 0, 0, 0.27, 660, 310, 6521.48, 17415, 16695
1693848881, 0, 10, 146, 0, 0, 6802.73, 2, 0, 0, 0.26, 661, 310, 6521.48, 17415, 16695
1693848885, 0, 10, 146, 0, 0, 6802.73, 2, 0, 0, 0.23, 662, 310, 6521.48, 17415, 16695
1693848888, 0, 10, 146, 0, 0, 6802.73, 2, 0, 0, 0.31, 663, 310, 6521.48, 17415, 16695
1693848891, 0, 10, 147, 0, 0, 6802.73, 2, 0, 0, 0.30, 664, 310, 6521.48, 17415, 16695
1693848896, 0, 10, 147, 0, 0, 6802.73, 2, 0, 0, 0.24, 665, 310, 6521.48, 17415, 16695
1693848900, 0, 10, 147, 0, 0, 6802.73, 2, 0, 0, 0.25, 666, 310, 6521.48, 17415, 16695
1693848904, 0, 10, 147, 0, 0, 6802.73, 2, 0, 0, 0.24, 667, 310, 6521.48, 17415, 16695
1693848908, 0, 10, 147, 0, 0, 6802.73, 2, 0, 0, 0.26, 668, 310, 6521.48, 17415, 16695
1693848912, 0, 10, 147, 0, 0, 6802.73, 2, 0, 0, 0.25, 669, 310, 6521.48, 17415, 16695
1693848916, 0, 10, 147, 0, 0, 6802.73, 2, 0, 0, 0.24, 670, 310, 6521.48, 17415, 16695
1693848920, 0, 10, 147, 0, 0, 6802.73, 2, 0, 0, 0.23, 671, 310, 6521.48, 17415, 16695
1693848924, 0, 10, 147, 0, 0, 6802.73, 2, 0, 0, 0.24, 672, 310, 6521.48, 17415, 16695
1693848928, 0, 10, 147, 0, 0, 6802.73, 2, 0, 0, 0.24, 673, 310, 6521.48, 17415, 16695
1693848933, 0, 10, 147, 0, 0, 6802.73, 2, 0, 0, 0.22, 674, 310, 6521.48, 17415, 16695
1693848937, 0, 10, 147, 0, 0, 6802.73, 2, 0, 0, 0.25, 675, 310, 6521.48, 17415, 16695
1693848941, 0, 10, 147, 0, 0, 6802.73, 2, 0, 0, 0.26, 676, 310, 6521.48, 17415, 16695
1693848945, 0, 10, 147, 0, 0, 6802.73, 2, 0, 0, 0.24, 677, 310, 6521.48, 17415, 16695
1693848949, 0, 10, 147, 0, 0, 6802.73, 2, 0, 0, 0.25, 678, 310, 6521.48, 17415, 16695
1693848953, 0, 10, 147, 0, 0, 6802.73, 2, 0, 0, 0.26, 679, 310, 6521.48, 17415, 16695
1693848957, 0, 10, 147, 0, 0, 6802.73, 2, 0, 0, 0.24, 680, 310, 6521.48, 17415, 16695
1693848961, 0, 10, 147, 0, 0, 6802.73, 2, 0, 0, 0.26, 681, 310, 6521.48, 17415, 16695
1693848965, 0, 10, 147, 0, 0, 6802.73, 2, 0, 0, 0.24, 682, 310, 6521.48, 17415, 16695
1693848969, 0, 10, 147, 0, 0, 6802.73, 2, 0, 0, 0.22, 683, 310, 6521.48, 17415, 16695
1693848973, 0, 10, 147, 0, 0, 6802.73, 2, 0, 0, 0.25, 684, 310, 6521.48, 17415, 16695
1693848977, 0, 10, 147, 0, 0, 6802.73, 2, 0, 0, 0.25, 685, 310, 6521.48, 17415, 16695
1693848981, 0, 10, 148, 0, 0, 6802.73, 2, 0, 0, 0.30, 686, 310, 6521.48, 17415, 16695
1693848985, 0, 10, 148, 0, 0, 6802.73, 2, 0, 0, 0.26, 687, 310, 6521.48, 17415, 16695
1693848989, 0, 10, 148, 0, 0, 6802.73, 2, 0, 0, 0.23, 688, 310, 6521.48, 17415, 16695
1693848994, 0, 10, 148, 0, 0, 6802.73, 2, 0, 0, 0.21, 689, 310, 6521.48, 17415, 16695
1693848998, 0, 10, 148, 0, 0, 6802.73, 2, 0, 0, 0.23, 690, 310, 6521.48, 17415, 16695
1693849002, 0, 10, 148, 0, 0, 6802.73, 2, 0, 0, 0.24, 691, 310, 6521.48, 17415, 16695
1693849006, 0, 10, 148, 0, 0, 6802.73, 2, 0, 0, 0.23, 692, 310, 6521.48, 17415, 16695
1693849011, 0, 10, 148, 0, 0, 6802.73, 2, 0, 0, 0.22, 693, 310, 6521.48, 17415, 16695
1693849015, 0, 10, 148, 0, 0, 6802.73, 2, 0, 0, 0.22, 694, 310, 6521.48, 17415, 16695
1693849020, 0, 10, 148, 0, 0, 6802.73, 2, 0, 0, 0.21, 695, 310, 6521.48, 17415, 16695
1693849024, 0, 10, 148, 0, 0, 6802.73, 2, 0, 0, 0.23, 696, 310, 6521.48, 17415, 16695
1693849029, 0, 10, 148, 0, 0, 6802.73, 2, 0, 0, 0.22, 697, 310, 6521.48, 17415, 16695
1693849034, 0, 10, 149, 0, 0, 6802.73, 2, 0, 0, 0.21, 698, 310, 6521.48, 17415, 16695
1693849037, 0, 10, 149, 0, 0, 6802.73, 2, 0, 0, 0.37, 699, 310, 6521.48, 17415, 16695
1693849041, 0, 10, 149, 0, 0, 6802.73, 2, 0, 0, 0.21, 700, 310, 6521.48, 17415, 16695
1693849046, 0, 10, 149, 0, 0, 6802.73, 2, 0, 0, 0.20, 701, 310, 6521.48, 17415, 16695
1693849050, 0, 10, 149, 0, 0, 6802.73, 2, 0, 0, 0.25, 702, 310, 6521.48, 17415, 16695
1693849054, 0, 10, 149, 0, 0, 6802.73, 2, 0, 0, 0.25, 703, 310, 6521.48, 17415, 16695
1693849059, 0, 10, 149, 0, 0, 6802.73, 2, 0, 0, 0.22, 704, 310, 6521.48, 17415, 16695
1693849064, 0, 10, 149, 0, 0, 6802.73, 2, 0, 0, 0.19, 705, 310, 6521.48, 17415, 16695
1693849068, 0, 10, 149, 0, 0, 6802.73, 2, 0, 0, 0.25, 706, 310, 6521.48, 17415, 16695
1693849073, 0, 10, 149, 0, 0, 6802.73, 2, 0, 0, 0.20, 707, 310, 6521.48, 17415, 16695
1693849077, 0, 10, 150, 0, 0, 6802.73, 2, 0, 0, 0.26, 708, 310, 6521.48, 17415, 16695
1693849081, 0, 10, 150, 0, 0, 6802.73, 2, 0, 0, 0.26, 709, 310, 6521.48, 17415, 16695
1693849085, 0, 10, 151, 0, 0, 6802.73, 2, 0, 0, 0.23, 710, 310, 6521.48, 17415, 16695
1693849089, 0, 10, 152, 0, 0, 6802.73, 2, 0, 0, 0.23, 711, 310, 6521.48, 17415, 16695
1693849093, 0, 10, 153, 0, 0, 6802.73, 2, 0, 0, 0.25, 712, 310, 6521.48, 17415, 16695
1693849097, 0, 10, 154, 0, 0, 6802.73, 2, 0, 0, 0.25, 713, 310, 6521.48, 17415, 16695
1693849101, 0, 10, 155, 0, 0, 6802.73, 2, 0, 0, 0.24, 714, 310, 6521.48, 17415, 16695
1693849106, 0, 10, 155, 0, 0, 6802.73, 2, 0, 0, 0.23, 715, 310, 6521.48, 17415, 16695
1693849111, 0, 10, 155, 0, 0, 6802.73, 2, 0, 0, 0.21, 716, 310, 6521.48, 17415, 16695
1693849115, 0, 10, 155, 0, 0, 6802.73, 2, 0, 0, 0.21, 717, 310, 6521.48, 17415, 16695
1693849119, 0, 10, 155, 0, 0, 6802.73, 2, 0, 0, 0.26, 718, 310, 6521.48, 17415, 16695
1693849123, 0, 10, 155, 0, 0, 6802.73, 2, 0, 0, 0.24, 719, 310, 6521.48, 17415, 16695
1693849127, 0, 10, 155, 0, 0, 6802.73, 2, 0, 0, 0.24, 720, 310, 6521.48, 17415, 16695
1693849131, 0, 10, 155, 0, 0, 6802.73, 2, 0, 0, 0.28, 721, 310, 6521.48, 17415, 16695
1693849135, 0, 10, 155, 0, 0, 6802.73, 2, 0, 0, 0.24, 722, 310, 6521.48, 17415, 16695
1693849139, 0, 10, 155, 0, 0, 6802.73, 2, 0, 0, 0.23, 723, 310, 6521.48, 17415, 16695
1693849144, 0, 10, 155, 0, 0, 6802.73, 2, 0, 0, 0.23, 724, 310, 6521.48, 17415, 16695
1693849147, 0, 10, 155, 0, 0, 6802.73, 2, 0, 0, 0.29, 725, 310, 6521.48, 17415, 16695
1693849151, 0, 10, 155, 0, 0, 6802.73, 2, 0, 0, 0.24, 726, 310, 6521.48, 17415, 16695
1693849155, 0, 10, 155, 0, 0, 6802.73, 2, 0, 0, 0.26, 727, 310, 6521.48, 17415, 16695
1693849159, 0, 10, 155, 0, 0, 6802.73, 2, 0, 0, 0.23, 728, 310, 6521.48, 17415, 16695
1693849163, 0, 10, 155, 0, 0, 6802.73, 2, 0, 0, 0.26, 729, 310, 6521.48, 17415, 16695
1693849168, 0, 10, 155, 0, 0, 6802.73, 2, 0, 0, 0.23, 730, 310, 6521.48, 17415, 16695
1693849171, 0, 10, 155, 0, 0, 6802.73, 2, 0, 0, 0.27, 731, 310, 6521.48, 17415, 16695
1693849176, 0, 10, 156, 0, 0, 6802.73, 2, 0, 0, 0.21, 732, 310, 6521.48, 17415, 16695
1693849180, 0, 10, 156, 0, 0, 6802.73, 2, 0, 0, 0.23, 733, 310, 6521.48, 17415, 16695
1693849184, 0, 10, 156, 0, 0, 6802.73, 2, 0, 0, 0.26, 734, 310, 6521.48, 17415, 16695
1693849188, 0, 10, 156, 0, 0, 6802.73, 2, 0, 0, 0.23, 735, 310, 6521.48, 17415, 16695
1693849194, 0, 10, 156, 0, 0, 6802.73, 2, 0, 0, 0.20, 736, 310, 6521.48, 17415, 16695
1693849198, 0, 10, 156, 0, 0, 6802.73, 2, 0, 0, 0.23, 737, 310, 6521.48, 17415, 16695
1693849203, 0, 10, 156, 0, 0, 6802.73, 2, 0, 0, 0.22, 738, 310, 6521.48, 17415, 16695
1693849207, 0, 10, 156, 0, 0, 6802.73, 2, 0, 0, 0.24, 739, 310, 6521.48, 17415, 16695
1693849212, 0, 10, 156, 0, 0, 6802.73, 2, 0, 0, 0.21, 740, 310, 6521.48, 17415, 16695
1693849216, 0, 10, 156, 0, 0, 6802.73, 2, 0, 0, 0.21, 741, 310, 6521.48, 17415, 16695
1693849221, 0, 10, 156, 0, 0, 6802.73, 2, 0, 0, 0.20, 742, 310, 6521.48, 17415, 16695
1693849225, 0, 10, 156, 0, 0, 6802.73, 2, 0, 0, 0.25, 743, 310, 6521.48, 17415, 16695
1693849229, 0, 10, 156, 0, 0, 6802.73, 2, 0, 0, 0.26, 744, 310, 6521.48, 17415, 16695
1693849233, 0, 10, 156, 0, 0, 6802.73, 2, 0, 0, 0.23, 745, 310, 6521.48, 17415, 16695
1693849237, 0, 10, 156, 0, 0, 6802.73, 2, 0, 0, 0.26, 746, 310, 6521.48, 17415, 16695
1693849241, 0, 10, 156, 0, 0, 6802.73, 2, 0, 0, 0.24, 747, 310, 6521.48, 17415, 16695
1693849246, 0, 10, 156, 0, 0, 6802.73, 2, 0, 0, 0.23, 748, 310, 6521.48, 17415, 16695
1693849252, 0, 10, 157, 0, 0, 6802.73, 2, 0, 0, 0.17, 749, 310, 6521.48, 17415, 16695
1693849257, 0, 10, 157, 0, 0, 6802.73, 2, 0, 0, 0.20, 750, 310, 6521.48, 17415, 16695
1693849262, 0, 10, 157, 0, 0, 6802.73, 2, 0, 0, 0.19, 751, 310, 6521.48, 17415, 16695
1693849266, 0, 10, 157, 0, 0, 6802.73, 2, 0, 0, 0.23, 752, 310, 6521.48, 17415, 16695
1693849271, 0, 10, 157, 0, 0, 6802.73, 2, 0, 0, 0.24, 753, 310, 6521.48, 17415, 16695
1693849276, 0, 10, 157, 0, 0, 6802.73, 2, 0, 0, 0.19, 754, 310, 6521.48, 17415, 16695
1693849280, 0, 10, 157, 0, 0, 6802.73, 2, 0, 0, 0.22, 755, 310, 6521.48, 17415, 16695
1693849285, 0, 10, 157, 0, 0, 6802.73, 2, 0, 0, 0.21, 756, 310, 6521.48, 17415, 16695
1693849290, 0, 10, 157, 0, 0, 6802.73, 2, 0, 0, 0.21, 757, 310, 6521.48, 17415, 16695
1693849294, 0, 10, 157, 0, 0, 6802.73, 2, 0, 0, 0.24, 758, 310, 6521.48, 17415, 16695
1693849298, 0, 10, 157, 0, 0, 6802.73, 2, 0, 0, 0.24, 759, 310, 6521.48, 17415, 16695
1693849303, 0, 10, 157, 0, 0, 6802.73, 2, 0, 0, 0.25, 760, 310, 6521.48, 17415, 16695
1693849306, 0, 10, 157, 0, 0, 6802.73, 2, 0, 0, 0.26, 761, 310, 6521.48, 17415, 16695
1693849311, 0, 10, 157, 0, 0, 6802.73, 2, 0, 0, 0.23, 762, 310, 6521.48, 17415, 16695
1693849315, 0, 10, 157, 0, 0, 6802.73, 2, 0, 0, 0.25, 763, 310, 6521.48, 17415, 16695
1693849319, 0, 10, 157, 0, 0, 6802.73, 2, 0, 0, 0.24, 764, 310, 6521.48, 17415, 16695
1693849323, 0, 10, 157, 0, 0, 6802.73, 2, 0, 0, 0.23, 765, 310, 6521.48, 17415, 16695
1693849327, 0, 10, 157, 0, 0, 6802.73, 2, 0, 0, 0.24, 766, 310, 6521.48, 17415, 16695
1693849332, 0, 10, 157, 0, 0, 6802.73, 2, 0, 0, 0.23, 767, 310, 6521.48, 17415, 16695
1693849336, 0, 10, 157, 0, 0, 6802.73, 2, 0, 0, 0.22, 768, 310, 6521.48, 17415, 16695
1693849341, 0, 10, 157, 0, 0, 6802.73, 2, 0, 0, 0.24, 769, 310, 6521.48, 17415, 16695
1693849343, 0, 10, 157, 0, 0, 6802.73, 2, 0, 0, 0.35, 770, 310, 6521.48, 17415, 16695
1693849348, 0, 10, 158, 0, 0, 6802.73, 2, 0, 0, 0.24, 771, 310, 6521.48, 17415, 16695
1693849352, 0, 10, 158, 0, 0, 6802.73, 2, 0, 0, 0.23, 772, 310, 6521.48, 17415, 16695
1693849356, 0, 10, 158, 0, 0, 6802.73, 2, 0, 0, 0.26, 773, 310, 6521.48, 17415, 16695
1693849360, 0, 10, 158, 0, 0, 6802.73, 2, 0, 0, 0.23, 774, 310, 6521.48, 17415, 16695
1693849364, 0, 10, 158, 0, 0, 6802.73, 2, 0, 0, 0.24, 775, 310, 6521.48, 17415, 16695
1693849369, 0, 10, 158, 0, 0, 6802.73, 2, 0, 0, 0.23, 776, 310, 6521.48, 17415, 16695
1693849373, 0, 10, 158, 0, 0, 6802.73, 2, 0, 0, 0.25, 777, 310, 6521.48, 17415, 16695
1693849377, 0, 10, 158, 0, 0, 6802.73, 2, 0, 0, 0.24, 778, 310, 6521.48, 17415, 16695
1693849380, 0, 10, 158, 0, 0, 6802.73, 2, 0, 0, 0.32, 779, 310, 6521.48, 17415, 16695
1693849385, 0, 10, 158, 0, 0, 6802.73, 2, 0, 0, 0.20, 780, 310, 6521.48, 17415, 16695
1693849390, 0, 10, 158, 0, 0, 6802.73, 2, 0, 0, 0.21, 781, 310, 6521.48, 17415, 16695
1693849394, 0, 10, 158, 0, 0, 6802.73, 2, 0, 0, 0.24, 782, 310, 6521.48, 17415, 16695
1693849397, 0, 10, 159, 0, 0, 6802.73, 2, 0, 0, 0.33, 783, 310, 6521.48, 17415, 16695
1693849401, 0, 10, 159, 0, 0, 6802.73, 2, 0, 0, 0.22, 784, 310, 6521.48, 17415, 16695
1693849406, 0, 10, 159, 0, 0, 6802.73, 2, 0, 0, 0.23, 785, 310, 6521.48, 17415, 16695
1693849410, 0, 10, 159, 0, 0, 6802.73, 2, 0, 0, 0.26, 786, 310, 6521.48, 17415, 16695
1693849414, 0, 10, 159, 0, 0, 6802.73, 2, 0, 0, 0.22, 787, 310, 6521.48, 17415, 16695
1693849419, 0, 10, 159, 0, 0, 6802.73, 2, 0, 0, 0.23, 788, 310, 6521.48, 17415, 16695
1693849423, 0, 10, 159, 0, 0, 6802.73, 2, 0, 0, 0.22, 789, 310, 6521.48, 17415, 16695
1693849428, 0, 10, 159, 0, 0, 6802.73, 2, 0, 0, 0.23, 790, 310, 6521.48, 17415, 16695
1693849431, 0, 10, 159, 0, 0, 6802.73, 2, 0, 0, 0.27, 791, 310, 6521.48, 17415, 16695
1693849436, 0, 10, 159, 0, 0, 6802.73, 2, 0, 0, 0.22, 792, 310, 6521.48, 17415, 16695
1693849440, 0, 10, 159, 0, 0, 6802.73, 2, 0, 0, 0.22, 793, 310, 6521.48, 17415, 16695
1693849445, 0, 10, 160, 0, 0, 6802.73, 2, 0, 0, 0.23, 794, 310, 6521.48, 17415, 16695
1693849449, 0, 10, 160, 0, 0, 6802.73, 2, 0, 0, 0.23, 795, 310, 6521.48, 17415, 16695
1693849454, 0, 10, 160, 0, 0, 6802.73, 2, 0, 0, 0.22, 796, 310, 6521.48, 17415, 16695
1693849458, 0, 10, 161, 0, 0, 6802.73, 2, 0, 0, 0.21, 797, 310, 6521.48, 17415, 16695
1693849463, 0, 10, 161, 0, 0, 6802.73, 2, 0, 0, 0.21, 798, 310, 6521.48, 17415, 16695
1693849468, 0, 10, 161, 0, 0, 6802.73, 2, 0, 0, 0.21, 799, 310, 6521.48, 17415, 16695
1693849472, 0, 10, 161, 0, 0, 6802.73, 2, 0, 0, 0.23, 800, 310, 6521.48, 17415, 16695
1693849477, 0, 10, 161, 0, 0, 6802.73, 2, 0, 0, 0.19, 801, 310, 6521.48, 17415, 16695
1693849482, 0, 10, 161, 0, 0, 6802.73, 2, 0, 0, 0.24, 802, 310, 6521.48, 17415, 16695
1693849486, 0, 10, 162, 0, 0, 6803.52, 2, 0, 0, 0.24, 803, 310, 6522.27, 17417, 16697
1693849491, 0, 10, 163, 0, 0, 6803.91, 2, 0, 0, 0.19, 804, 310, 6522.66, 17418, 16698
1693849496, 0, 10, 163, 0, 0, 6803.91, 2, 0, 0, 0.20, 805, 310, 6522.66, 17418, 16698
1693849500, 0, 10, 163, 0, 0, 6803.91, 2, 0, 0, 0.27, 806, 310, 6522.66, 17418, 16698
1693849504, 0, 10, 164, 0, 0, 6803.91, 2, 0, 0, 0.21, 807, 310, 6522.66, 17418, 16698
1693849509, 0, 10, 165, 0, 0, 6803.91, 2, 0, 0, 0.20, 808, 310, 6522.66, 17418, 16698
1693849514, 0, 10, 165, 0, 0, 6803.91, 2, 0, 0, 0.20, 809, 310, 6522.66, 17418, 16698
1693849519, 0, 10, 165, 0, 0, 6803.91, 2, 0, 0, 0.20, 810, 310, 6522.66, 17418, 16698
1693849522, 0, 10, 165, 0, 0, 6803.91, 2, 0, 0, 0.33, 811, 310, 6522.66, 17418, 16698
1693849527, 0, 10, 165, 0, 0, 6803.91, 2, 0, 0, 0.23, 812, 310, 6522.66, 17418, 16698
1693849531, 0, 10, 165, 0, 0, 6803.91, 2, 0, 0, 0.25, 813, 310, 6522.66, 17418, 16698
1693849535, 0, 10, 165, 0, 0, 6803.91, 2, 0, 0, 0.24, 814, 310, 6522.66, 17418, 16698
1693849538, 0, 10, 165, 0, 0, 6803.91, 2, 0, 0, 0.28, 815, 310, 6522.66, 17418, 16698
1693849543, 0, 10, 165, 0, 0, 6803.91, 2, 0, 0, 0.22, 816, 310, 6522.66, 17418, 16698
1693849548, 0, 10, 165, 0, 0, 6803.91, 2, 0, 0, 0.21, 817, 310, 6522.66, 17418, 16698
1693849552, 0, 10, 165, 0, 0, 6803.91, 2, 0, 0, 0.22, 818, 310, 6522.66, 17418, 16698
1693849557, 0, 10, 166, 0, 0, 6803.91, 2, 0, 0, 0.22, 819, 310, 6522.66, 17418, 16698
1693849561, 0, 10, 166, 0, 0, 6803.91, 2, 0, 0, 0.24, 820, 310, 6522.66, 17418, 16698
1693849566, 0, 10, 166, 0, 0, 6803.91, 2, 0, 0, 0.22, 821, 310, 6522.66, 17418, 16698
1693849571, 0, 10, 166, 0, 0, 6803.91, 2, 0, 0, 0.20, 822, 310, 6522.66, 17418, 16698
1693849575, 0, 10, 166, 0, 0, 6803.91, 2, 0, 0, 0.23, 823, 310, 6522.66, 17418, 16698
1693849578, 0, 10, 167, 0, 0, 6803.91, 2, 0, 0, 0.32, 824, 310, 6522.66, 17418, 16698
1693849583, 0, 10, 167, 0, 0, 6803.91, 2, 0, 0, 0.21, 825, 310, 6522.66, 17418, 16698
1693849587, 0, 10, 167, 0, 0, 6803.91, 2, 0, 0, 0.22, 826, 310, 6522.66, 17418, 16698
1693849591, 0, 10, 167, 0, 0, 6803.91, 2, 0, 0, 0.25, 827, 310, 6522.66, 17418, 16698
1693849596, 0, 10, 167, 0, 0, 6803.91, 2, 0, 0, 0.24, 828, 310, 6522.66, 17418, 16698
1693849600, 0, 10, 167, 0, 0, 6803.91, 2, 0, 0, 0.25, 829, 310, 6522.66, 17418, 16698
1693849603, 0, 10, 167, 0, 0, 6803.91, 2, 0, 0, 0.33, 830, 310, 6522.66, 17418, 16698
1693849607, 0, 10, 168, 0, 0, 6803.91, 2, 0, 0, 0.25, 831, 310, 6522.66, 17418, 16698
1693849611, 0, 10, 168, 0, 0, 6803.91, 2, 0, 0, 0.23, 832, 310, 6522.66, 17418, 16698
1693849615, 0, 10, 168, 0, 0, 6803.91, 2, 0, 0, 0.23, 833, 310, 6522.66, 17418, 16698
1693849620, 0, 10, 168, 0, 0, 6803.91, 2, 0, 0, 0.24, 834, 310, 6522.66, 17418, 16698
1693849624, 0, 10, 168, 0, 0, 6803.91, 2, 0, 0, 0.23, 835, 310, 6522.66, 17418, 16698
1693849629, 0, 10, 168, 0, 0, 6803.91, 2, 0, 0, 0.22, 836, 310, 6522.66, 17418, 16698
1693849633, 0, 10, 168, 0, 0, 6803.91, 2, 0, 0, 0.22, 837, 310, 6522.66, 17418, 16698
1693849637, 0, 10, 168, 0, 0, 6803.91, 2, 0, 0, 0.25, 838, 310, 6522.66, 17418, 16698
1693849641, 0, 10, 168, 0, 0, 6803.91, 2, 0, 0, 0.28, 839, 310, 6522.66, 17418, 16698
1693849645, 0, 10, 168, 0, 0, 6803.91, 2, 0, 0, 0.22, 840, 310, 6522.66, 17418, 16698
1693849649, 0, 10, 168, 0, 0, 6803.91, 2, 0, 0, 0.25, 841, 310, 6522.66, 17418, 16698
1693849654, 0, 10, 168, 0, 0, 6803.91, 2, 0, 0, 0.24, 842, 310, 6522.66, 17418, 16698
1693849658, 0, 10, 168, 0, 0, 6803.91, 2, 0, 0, 0.22, 843, 310, 6522.66, 17418, 16698
1693849662, 0, 10, 168, 0, 0, 6803.91, 2, 0, 0, 0.23, 844, 310, 6522.66, 17418, 16698
1693849667, 0, 10, 168, 0, 0, 6803.91, 2, 0, 0, 0.22, 845, 310, 6522.66, 17418, 16698
1693849672, 0, 10, 168, 0, 0, 6803.91, 2, 0, 0, 0.20, 846, 310, 6522.66, 17418, 16698
1693849677, 0, 10, 168, 0, 0, 6803.91, 2, 0, 0, 0.20, 847, 310, 6522.66, 17418, 16698
1693849681, 0, 10, 168, 0, 0, 6803.91, 2, 0, 0, 0.21, 848, 310, 6522.66, 17418, 16698
1693849686, 0, 10, 169, 0, 0, 6803.91, 2, 0, 0, 0.23, 849, 310, 6522.66, 17418, 16698
1693849690, 0, 10, 169, 0, 0, 6803.91, 2, 0, 0, 0.22, 850, 310, 6522.66, 17418, 16698
1693849695, 0, 10, 170, 0, 0, 6803.91, 2, 0, 0, 0.23, 851, 310, 6522.66, 17418, 16698
1693849700, 0, 10, 170, 0, 0, 6803.91, 2, 0, 0, 0.20, 852, 310, 6522.66, 17418, 16698
1693849704, 0, 10, 170, 0, 0, 6803.91, 2, 0, 0, 0.23, 853, 310, 6522.66, 17418, 16698
1693849708, 0, 10, 170, 0, 0, 6803.91, 2, 0, 0, 0.22, 854, 310, 6522.66, 17418, 16698
1693849713, 0, 10, 170, 0, 0, 6803.91, 2, 0, 0, 0.24, 855, 310, 6522.66, 17418, 16698
1693849717, 0, 10, 170, 0, 0, 6803.91, 2, 0, 0, 0.23, 856, 310, 6522.66, 17418, 16698
1693849721, 0, 10, 170, 0, 0, 6803.91, 2, 0, 0, 0.24, 857, 310, 6522.66, 17418, 16698
1693849726, 0, 10, 170, 0, 0, 6803.91, 2, 0, 0, 0.22, 858, 310, 6522.66, 17418, 16698
1693849730, 0, 10, 170, 0, 0, 6803.91, 2, 0, 0, 0.25, 859, 310, 6522.66, 17418, 16698
1693849734, 0, 10, 170, 0, 0, 6803.91, 2, 0, 0, 0.23, 860, 310, 6522.66, 17418, 16698
1693849738, 0, 10, 170, 0, 0, 6803.91, 2, 0, 0, 0.24, 861, 310, 6522.66, 17418, 16698
1693849743, 0, 10, 170, 0, 0, 6803.91, 2, 0, 0, 0.21, 862, 310, 6522.66, 17418, 16698
1693849748, 0, 10, 170, 0, 0, 6803.91, 2, 0, 0, 0.20, 863, 310, 6522.66, 17418, 16698
1693849752, 0, 10, 170, 0, 0, 6803.91, 2, 0, 0, 0.22, 864, 310, 6522.66, 17418, 16698
1693849757, 0, 10, 170, 0, 0, 6803.91, 2, 0, 0, 0.21, 865, 310, 6522.66, 17418, 16698
1693849762, 0, 10, 170, 0, 0, 6803.91, 2, 0, 0, 0.22, 866, 310, 6522.66, 17418, 16698
1693849766, 0, 10, 170, 0, 0, 6803.91, 2, 0, 0, 0.23, 867, 310, 6522.66, 17418, 16698
1693849771, 0, 10, 170, 0, 0, 6803.91, 2, 0, 0, 0.20, 868, 310, 6522.66, 17418, 16698
1693849776, 0, 10, 170, 0, 0, 6803.91, 2, 0, 0, 0.22, 869, 310, 6522.66, 17418, 16698
1693849780, 0, 10, 170, 0, 0, 6803.91, 2, 0, 0, 0.21, 870, 310, 6522.66, 17418, 16698
1693849785, 0, 10, 170, 0, 0, 6803.91, 2, 0, 0, 0.23, 871, 310, 6522.66, 17418, 16698
1693849789, 0, 10, 170, 0, 0, 6803.91, 2, 0, 0, 0.22, 872, 310, 6522.66, 17418, 16698
1693849794, 0, 10, 170, 0, 0, 6803.91, 2, 0, 0, 0.21, 873, 310, 6522.66, 17418, 16698
1693849797, 0, 10, 170, 0, 0, 6803.91, 2, 0, 0, 0.29, 874, 310, 6522.66, 17418, 16698
1693849802, 0, 10, 170, 0, 0, 6803.91, 2, 0, 0, 0.20, 875, 310, 6522.66, 17418, 16698
1693849807, 0, 10, 170, 0, 0, 6803.91, 2, 0, 0, 0.21, 876, 310, 6522.66, 17418, 16698
1693849812, 0, 10, 170, 0, 0, 6803.91, 2, 0, 0, 0.21, 877, 310, 6522.66, 17418, 16698
1693849817, 0, 10, 171, 0, 0, 6803.91, 2, 0, 0, 0.20, 878, 310, 6522.66, 17418, 16698
1693849821, 0, 10, 172, 0, 0, 6803.91, 2, 0, 0, 0.23, 879, 310, 6522.66, 17418, 16698
1693849826, 0, 10, 172, 0, 0, 6803.91, 2, 0, 0, 0.21, 880, 310, 6522.66, 17418, 16698
1693849831, 0, 10, 173, 0, 0, 6803.91, 2, 0, 0, 0.22, 881, 310, 6522.66, 17418, 16698
1693849835, 0, 10, 173, 0, 0, 6803.91, 2, 0, 0, 0.23, 882, 310, 6522.66, 17418, 16698
1693849840, 0, 10, 173, 0, 0, 6803.91, 2, 0, 0, 0.23, 883, 310, 6522.66, 17418, 16698
1693849843, 0, 10, 173, 0, 0, 6803.91, 2, 0, 0, 0.26, 884, 310, 6522.66, 17418, 16698
1693849846, 0, 10, 173, 0, 0, 6803.91, 2, 0, 0, 0.37, 885, 310, 6522.66, 17418, 16698
1693849851, 0, 10, 173, 0, 0, 6803.91, 2, 0, 0, 0.21, 886, 310, 6522.66, 17418, 16698
1693849855, 0, 10, 173, 0, 0, 6803.91, 2, 0, 0, 0.22, 887, 310, 6522.66, 17418, 16698
1693849859, 0, 10, 173, 0, 0, 6803.91, 2, 0, 0, 0.26, 888, 310, 6522.66, 17418, 16698
1693849864, 0, 10, 173, 0, 0, 6803.91, 2, 0, 0, 0.21, 889, 310, 6522.66, 17418, 16698
1693849867, 0, 10, 173, 0, 0, 6803.91, 2, 0, 0, 0.29, 890, 310, 6522.66, 17418, 16698
1693849871, 0, 10, 173, 0, 0, 6803.91, 2, 0, 0, 0.24, 891, 310, 6522.66, 17418, 16698
1693849876, 0, 10, 173, 0, 0, 6803.91, 2, 0, 0, 0.20, 892, 310, 6522.66, 17418, 16698
1693849881, 0, 10, 173, 0, 0, 6803.91, 2, 0, 0, 0.20, 893, 310, 6522.66, 17418, 16698
1693849886, 0, 10, 173, 0, 0, 6803.91, 2, 0, 0, 0.21, 894, 310, 6522.66, 17418, 16698
1693849890, 0, 10, 173, 0, 0, 6803.91, 2, 0, 0, 0.24, 895, 310, 6522.66, 17418, 16698
1693849895, 0, 10, 173, 0, 0, 6803.91, 2, 0, 0, 0.20, 896, 310, 6522.66, 17418, 16698
1693849909, 0, 10, 174, 0, 0, 8369.14, 2, 0, 0, 0.08, 897, 310, 8091.80, 21425, 20715
1693849914, 0, 10, 175, 0, 0, 8435.16, 2, 0, 0, 0.19, 898, 310, 8157.81, 21594, 20884
1693849919, 0, 10, 176, 0, 0, 8435.16, 2, 0, 0, 0.20, 899, 310, 8157.81, 21594, 20884
1693849924, 0, 10, 176, 0, 0, 8435.16, 2, 0, 0, 0.21, 900, 310, 8157.81, 21594, 20884
1693849930, 0, 10, 177, 0, 0, 8435.16, 2, 0, 0, 0.17, 901, 310, 8157.81, 21594, 20884
1693849935, 0, 10, 178, 0, 0, 8435.16, 2, 0, 0, 0.19, 902, 310, 8157.81, 21594, 20884
1693849940, 0, 10, 178, 0, 0, 8435.16, 2, 0, 0, 0.19, 903, 310, 8157.81, 21594, 20884
1693849946, 0, 10, 178, 0, 0, 8435.16, 2, 0, 0, 0.18, 904, 310, 8157.81, 21594, 20884
1693849952, 0, 10, 179, 0, 0, 8435.16, 2, 0, 0, 0.16, 905, 310, 8157.81, 21594, 20884
1693849958, 0, 10, 180, 0, 0, 8435.16, 2, 0, 0, 0.17, 906, 310, 8157.81, 21594, 20884
1693849963, 0, 10, 180, 0, 0, 8435.16, 2, 0, 0, 0.18, 907, 310, 8157.81, 21594, 20884
1693849968, 0, 10, 180, 0, 0, 8435.16, 2, 0, 0, 0.22, 908, 310, 8157.81, 21594, 20884
1693849972, 0, 10, 181, 0, 0, 8435.16, 2, 0, 0, 0.23, 909, 310, 8157.81, 21594, 20884
1693849976, 0, 10, 182, 0, 0, 8435.16, 2, 0, 0, 0.22, 910, 310, 8157.81, 21594, 20884
1693849981, 0, 10, 182, 0, 0, 8435.16, 2, 0, 0, 0.21, 911, 310, 8157.81, 21594, 20884
1693849986, 0, 10, 182, 0, 0, 8435.16, 2, 0, 0, 0.20, 912, 310, 8157.81, 21594, 20884
1693849991, 0, 10, 182, 0, 0, 8435.16, 2, 0, 0, 0.20, 913, 310, 8157.81, 21594, 20884
1693849995, 0, 10, 182, 0, 0, 8435.16, 2, 0, 0, 0.23, 914, 310, 8157.81, 21594, 20884
1693850000, 0, 10, 182, 0, 0, 8435.16, 2, 0, 0, 0.20, 915, 310, 8157.81, 21594, 20884
1693850005, 0, 10, 183, 0, 0, 8435.16, 2, 0, 0, 0.23, 916, 310, 8157.81, 21594, 20884
1693850009, 0, 10, 184, 0, 0, 8435.16, 2, 0, 0, 0.24, 917, 310, 8157.81, 21594, 20884
1693850013, 0, 10, 184, 0, 0, 8435.16, 2, 0, 0, 0.22, 918, 310, 8157.81, 21594, 20884
1693850018, 0, 10, 184, 0, 0, 8435.16, 2, 0, 0, 0.23, 919, 310, 8157.81, 21594, 20884
1693850022, 0, 10, 184, 0, 0, 8435.16, 2, 0, 0, 0.23, 920, 310, 8157.81, 21594, 20884
1693850027, 0, 10, 185, 0, 0, 8435.16, 2, 0, 0, 0.21, 921, 310, 8157.81, 21594, 20884
1693850031, 0, 10, 185, 0, 0, 8435.16, 2, 0, 0, 0.25, 922, 310, 8157.81, 21594, 20884
1693850035, 0, 10, 185, 0, 0, 8435.16, 2, 0, 0, 0.24, 923, 310, 8157.81, 21594, 20884
1693850038, 0, 10, 186, 0, 0, 8435.16, 2, 0, 0, 0.31, 924, 310, 8157.81, 21594, 20884
1693850043, 0, 10, 186, 0, 0, 8435.16, 2, 0, 0, 0.20, 925, 310, 8157.81, 21594, 20884
1693850048, 0, 10, 186, 0, 0, 8435.16, 2, 0, 0, 0.22, 926, 310, 8157.81, 21594, 20884
1693850052, 0, 10, 186, 0, 0, 8435.16, 2, 0, 0, 0.21, 927, 310, 8157.81, 21594, 20884
1693850057, 0, 10, 186, 0, 0, 8435.16, 2, 0, 0, 0.23, 928, 310, 8157.81, 21594, 20884
1693850061, 0, 10, 186, 0, 0, 8435.16, 2, 0, 0, 0.24, 929, 310, 8157.81, 21594, 20884
1693850065, 0, 10, 186, 0, 0, 8435.16, 2, 0, 0, 0.23, 930, 310, 8157.81, 21594, 20884
1693850069, 0, 10, 186, 0, 0, 8435.16, 2, 0, 0, 0.24, 931, 310, 8157.81, 21594, 20884
1693850073, 0, 10, 186, 0, 0, 8435.16, 2, 0, 0, 0.27, 932, 310, 8157.81, 21594, 20884
1693850078, 0, 10, 186, 0, 0, 8435.16, 2, 0, 0, 0.21, 933, 310, 8157.81, 21594, 20884
1693850083, 0, 10, 186, 0, 0, 8435.16, 2, 0, 0, 0.21, 934, 310, 8157.81, 21594, 20884
1693850088, 0, 10, 186, 0, 0, 8435.16, 2, 0, 0, 0.18, 935, 310, 8157.81, 21594, 20884
1693850094, 0, 10, 186, 0, 0, 8435.16, 2, 0, 0, 0.19, 936, 310, 8157.81, 21594, 20884
1693850098, 0, 10, 186, 0, 0, 8435.16, 2, 0, 0, 0.24, 937, 310, 8157.81, 21594, 20884
1693850103, 0, 10, 186, 0, 0, 8435.16, 2, 0, 0, 0.21, 938, 310, 8157.81, 21594, 20884
1693850107, 0, 10, 186, 0, 0, 8435.16, 2, 0, 0, 0.24, 939, 310, 8157.81, 21594, 20884
1693850110, 0, 10, 187, 0, 0, 8435.16, 2, 0, 0, 0.29, 940, 310, 8157.81, 21594, 20884
1693850121, 0, 10, 187, 0, 0, 8435.16, 2, 0, 0, 0.09, 941, 310, 8157.81, 21594, 20884
1693850127, 0, 10, 188, 0, 0, 8442.97, 2, 0, 0, 0.19, 942, 310, 8165.63, 21614, 20904
1693850138, 0, 10, 188, 0, 0, 8442.97, 2, 0, 0, 0.09, 943, 310, 8165.63, 21614, 20904
1693850142, 0, 10, 188, 0, 0, 8442.97, 2, 0, 0, 0.21, 944, 310, 8165.63, 21614, 20904
1693850147, 0, 10, 188, 0, 0, 8442.97, 2, 0, 0, 0.20, 945, 310, 8165.63, 21614, 20904
1693850151, 0, 10, 188, 0, 0, 8442.97, 2, 0, 0, 0.24, 946, 310, 8165.63, 21614, 20904
1693850156, 0, 10, 188, 0, 0, 8442.97, 2, 0, 0, 0.23, 947, 310, 8165.63, 21614, 20904
1693850160, 0, 10, 188, 0, 0, 8442.97, 2, 0, 0, 0.24, 948, 310, 8165.63, 21614, 20904
1693850164, 0, 10, 188, 0, 0, 8442.97, 2, 0, 0, 0.22, 949, 310, 8165.63, 21614, 20904
1693850168, 0, 10, 188, 0, 0, 8442.97, 2, 0, 0, 0.25, 950, 310, 8165.63, 21614, 20904
1693850173, 0, 10, 188, 0, 0, 8442.97, 2, 0, 0, 0.22, 951, 310, 8165.63, 21614, 20904
1693850184, 0, 10, 188, 0, 0, 8442.97, 2, 0, 0, 0.09, 952, 310, 8165.63, 21614, 20904
1693850189, 0, 10, 188, 0, 0, 8442.97, 2, 0, 0, 0.20, 953, 310, 8165.63, 21614, 20904
1693850194, 0, 10, 188, 0, 0, 8442.97, 2, 0, 0, 0.20, 954, 310, 8165.63, 21614, 20904
1693850198, 0, 10, 188, 0, 0, 8442.97, 2, 0, 0, 0.23, 955, 310, 8165.63, 21614, 20904
1693850203, 0, 10, 188, 0, 0, 8442.97, 2, 0, 0, 0.21, 956, 310, 8165.63, 21614, 20904
1693850208, 0, 10, 188, 0, 0, 8442.97, 2, 0, 0, 0.21, 957, 310, 8165.63, 21614, 20904
1693850212, 0, 10, 188, 0, 0, 8442.97, 2, 0, 0, 0.23, 958, 310, 8165.63, 21614, 20904
1693850216, 0, 10, 188, 0, 0, 8442.97, 2, 0, 0, 0.25, 959, 310, 8165.63, 21614, 20904
1693850221, 0, 10, 188, 0, 0, 8442.97, 2, 0, 0, 0.22, 960, 310, 8165.63, 21614, 20904
1693850231, 0, 10, 188, 0, 0, 8442.97, 2, 0, 0, 0.09, 961, 310, 8165.63, 21614, 20904
1693850236, 0, 10, 188, 0, 0, 8442.97, 2, 0, 0, 0.21, 962, 310, 8165.63, 21614, 20904
1693850240, 0, 10, 188, 0, 0, 8442.97, 2, 0, 0, 0.23, 963, 310, 8165.63, 21614, 20904
1693850245, 0, 10, 188, 0, 0, 8442.97, 2, 0, 0, 0.22, 964, 310, 8165.63, 21614, 20904
1693850250, 0, 10, 188, 0, 0, 8442.97, 2, 0, 0, 0.20, 965, 310, 8165.63, 21614, 20904
1693850255, 0, 10, 189, 0, 0, 8442.97, 2, 0, 0, 0.22, 966, 310, 8165.63, 21614, 20904
1693850266, 0, 10, 190, 0, 0, 8442.97, 2, 0, 0, 0.09, 967, 310, 8165.63, 21614, 20904
1693850271, 0, 10, 191, 0, 0, 8442.97, 2, 0, 0, 0.21, 968, 310, 8165.63, 21614, 20904
1693850282, 0, 10, 192, 0, 0, 8501.95, 2, 0, 0, 0.09, 969, 310, 8224.61, 21765, 21055
1693850294, 0, 10, 193, 0, 0, 9746.09, 2, 0, 0, 0.09, 970, 310, 9468.75, 24950, 24240
1693850313, 0, 10, 194, 0, 0, 11001.17, 2, 0, 0, 0.05, 971, 310, 10723.83, 28163, 27453
1693850339, 0, 10, 195, 0, 0, 12119.92, 2, 0, 0, 0.04, 972, 310, 11842.58, 31027, 30317
