# unix_time, cycles_done, cur_path, paths_total, pending_total, pending_favs, map_size, unique_crashes, unique_hangs, max_depth, execs_per_sec, valid_inputs, invalid_inputs, valid_cov, all_covered_probes, valid_covered_probes
1695432650, 0, 0, 1, 0, 0, 4446.48, 0, 0, 0, 0.54, 0, 1, 0.00, 11383, 0
1695432668, 0, 0, 3, 0, 0, 4700.78, 1, 0, 0, 0.17, 1, 3, 1921.48, 12034, 4919
1695432668, 0, 0, 4, 0, 0, 5398.05, 1, 0, 0, 2.79, 2, 3, 3486.33, 13819, 8925
1695432669, 0, 0, 5, 0, 0, 9998.44, 1, 0, 0, 3.24, 3, 3, 8587.11, 25596, 21983
1695432683, 0, 0, 6, 0, 0, 21195.31, 1, 0, 0, 0.07, 4, 3, 20169.53, 54260, 51634
1695432695, 0, 0, 11, 0, 0, 21483.59, 1, 0, 0, 0.51, 8, 5, 20461.33, 54998, 52381
1695432723, 0, 0, 15, 0, 0, 21505.47, 1, 0, 0, 0.29, 13, 8, 20480.47, 55054, 52430
1695432733, 0, 0, 17, 0, 0, 21593.36, 1, 0, 0, 0.75, 19, 10, 20487.89, 55279, 52449
1695432745, 0, 0, 20, 0, 0, 21600.39, 1, 0, 0, 1.36, 28, 16, 20488.67, 55297, 52451
1695432757, 0, 0, 23, 0, 0, 21855.47, 1, 0, 0, 0.40, 32, 17, 20745.70, 55950, 53109
1695432769, 0, 0, 24, 0, 0, 21858.20, 1, 0, 0, 0.08, 33, 17, 20748.44, 55957, 53116
1695432783, 0, 0, 27, 0, 0, 22230.86, 1, 0, 0, 1.46, 42, 28, 21130.47, 56911, 54094
1695432794, 0, 0, 27, 0, 0, 22230.86, 1, 0, 0, 0.09, 43, 28, 21130.47, 56911, 54094
1695432805, 0, 0, 30, 0, 0, 22238.28, 1, 0, 0, 2.60, 55, 44, 21132.03, 56930, 54098
1695432815, 0, 0, 30, 0, 0, 22238.28, 1, 0, 0, 0.84, 62, 46, 21132.03, 56930, 54098
1695432873, 0, 0, 31, 0, 0, 22266.41, 1, 0, 0, 0.23, 67, 54, 21160.16, 57002, 54170
1695432883, 0, 0, 32, 0, 0, 22267.19, 1, 0, 0, 0.59, 70, 57, 21160.94, 57004, 54172
1695432894, 0, 0, 33, 0, 0, 22268.75, 1, 0, 0, 0.86, 73, 63, 21162.50, 57008, 54176
1695432904, 0, 0, 34, 0, 0, 22278.52, 1, 0, 0, 0.10, 74, 63, 21172.27, 57033, 54201
1695432916, 0, 0, 35, 0, 0, 22419.53, 1, 0, 0, 0.17, 76, 63, 21313.28, 57394, 54562
1695432917, 0, 0, 35, 0, 0, 22419.53, 1, 0, 0, 7.19, 79, 64, 21313.28, 57394, 54562
1695432936, 0, 0, 35, 0, 0, 22419.53, 1, 0, 0, 0.20, 83, 64, 21313.28, 57394, 54562
1695432962, 0, 0, 36, 0, 0, 22421.88, 1, 0, 0, 0.43, 90, 68, 21315.63, 57400, 54568
1695432980, 0, 0, 36, 0, 0, 22421.88, 1, 0, 0, 0.06, 91, 68, 21315.63, 57400, 54568
1695433019, 0, 0, 37, 0, 0, 22432.81, 1, 0, 0, 0.23, 96, 72, 21326.56, 57428, 54596
1695433030, 0, 0, 37, 0, 0, 22432.81, 2, 0, 0, 0.09, 96, 73, 21326.56, 57428, 54596
1695433041, 0, 0, 38, 0, 0, 22434.38, 2, 0, 0, 0.09, 97, 73, 21328.13, 57432, 54600
1695433053, 0, 0, 39, 0, 0, 22442.19, 2, 0, 0, 0.43, 100, 75, 21335.94, 57452, 54620
1695433070, 0, 0, 39, 0, 0, 22442.19, 2, 0, 0, 0.12, 102, 75, 21335.94, 57452, 54620
1695433083, 0, 0, 40, 0, 0, 22443.75, 2, 0, 0, 0.36, 107, 75, 21337.50, 57456, 54624
1695433095, 0, 0, 40, 0, 0, 22443.75, 2, 0, 0, 0.25, 108, 77, 21337.50, 57456, 54624
1695433106, 0, 0, 40, 0, 0, 22443.75, 2, 0, 0, 0.38, 111, 78, 21337.50, 57456, 54624
1695433116, 0, 0, 41, 0, 0, 22444.53, 2, 0, 0, 0.40, 112, 81, 21337.50, 57458, 54624
1695433141, 0, 0, 41, 0, 0, 22444.53, 2, 0, 0, 0.04, 113, 81, 21337.50, 57458, 54624
1695433142, 0, 0, 41, 0, 0, 22444.53, 2, 0, 0, 67.52, 123, 92, 21337.50, 57458, 54624
1695433152, 0, 0, 41, 0, 0, 22444.53, 2, 0, 0, 0.19, 124, 93, 21337.50, 57458, 54624
1695433164, 0, 0, 41, 0, 0, 22444.53, 2, 0, 0, 0.35, 127, 94, 21337.50, 57458, 54624
1695433175, 0, 0, 42, 0, 0, 22445.70, 2, 0, 0, 0.09, 128, 94, 21338.67, 57461, 54627
1695433186, 0, 0, 42, 0, 0, 22445.70, 2, 0, 0, 0.36, 131, 95, 21338.67, 57461, 54627
1695433196, 0, 0, 43, 0, 0, 22446.48, 2, 0, 0, 0.10, 132, 95, 21339.45, 57463, 54629
1695433197, 0, 0, 43, 0, 0, 22446.48, 2, 0, 0, 39.74, 138, 101, 21339.45, 57463, 54629
1695433210, 0, 0, 44, 0, 0, 22447.27, 2, 0, 0, 1.10, 145, 109, 21340.23, 57465, 54631
1695433221, 0, 0, 44, 0, 0, 22447.27, 2, 0, 0, 0.81, 151, 112, 21340.23, 57465, 54631
1695433237, 0, 0, 45, 0, 0, 22451.95, 2, 0, 0, 1.18, 161, 120, 21344.92, 57477, 54643
1695433237, 0, 0, 45, 0, 0, 22451.95, 2, 0, 0, 22.52, 169, 122, 21344.92, 57477, 54643
1695433249, 0, 0, 46, 0, 0, 22456.64, 2, 0, 0, 1.12, 174, 130, 21349.61, 57489, 54655
1695433264, 0, 0, 46, 0, 0, 22456.64, 2, 0, 0, 0.07, 175, 130, 21349.61, 57489, 54655
1695433276, 0, 0, 47, 0, 0, 22463.28, 2, 0, 0, 1.57, 187, 138, 21356.25, 57506, 54672
1695433288, 0, 0, 47, 0, 0, 22463.28, 2, 0, 0, 0.98, 191, 145, 21356.25, 57506, 54672
1695433303, 0, 0, 48, 0, 0, 22464.84, 2, 0, 0, 0.58, 196, 149, 21357.81, 57510, 54676
1695433315, 0, 0, 48, 0, 0, 22464.84, 2, 0, 0, 1.63, 210, 155, 21357.81, 57510, 54676
1695433327, 0, 0, 48, 0, 0, 22464.84, 2, 0, 0, 0.08, 211, 155, 21357.81, 57510, 54676
1695433346, 0, 0, 48, 0, 0, 22464.84, 2, 0, 0, 0.05, 212, 155, 21357.81, 57510, 54676
1695433358, 0, 0, 48, 0, 0, 22464.84, 2, 0, 0, 0.60, 215, 159, 21357.81, 57510, 54676
1695433398, 0, 0, 49, 0, 0, 22465.23, 2, 0, 0, 0.15, 221, 159, 21358.20, 57511, 54677
1695433411, 0, 0, 49, 0, 0, 22465.23, 2, 0, 0, 1.54, 231, 168, 21358.20, 57511, 54677
1695433423, 0, 0, 49, 0, 0, 22465.23, 2, 0, 0, 0.34, 235, 168, 21358.20, 57511, 54677
1695433434, 0, 0, 49, 0, 0, 22465.23, 2, 0, 0, 0.44, 237, 171, 21358.20, 57511, 54677
1695433446, 0, 0, 49, 0, 0, 22465.23, 2, 0, 0, 0.26, 240, 171, 21358.20, 57511, 54677
1695433489, 0, 0, 50, 0, 0, 22465.23, 2, 0, 0, 0.37, 248, 179, 21366.41, 57511, 54698
1695433499, 0, 0, 50, 0, 0, 22465.23, 2, 0, 0, 0.19, 248, 181, 21366.41, 57511, 54698
1695433512, 0, 0, 50, 0, 0, 22465.23, 2, 0, 0, 0.08, 249, 181, 21366.41, 57511, 54698
1695433523, 0, 0, 50, 0, 0, 22465.23, 2, 0, 0, 1.29, 259, 186, 21366.41, 57511, 54698
1695433535, 0, 0, 50, 0, 0, 22465.23, 2, 0, 0, 1.55, 270, 193, 21366.41, 57511, 54698
1695433550, 0, 0, 51, 0, 0, 22465.63, 2, 0, 0, 0.58, 276, 196, 21366.80, 57512, 54699
1695433563, 0, 0, 52, 0, 0, 22466.02, 2, 0, 0, 0.23, 278, 197, 21367.19, 57513, 54700
1695433574, 0, 0, 52, 0, 0, 22466.02, 2, 0, 0, 0.18, 279, 198, 21367.19, 57513, 54700
1695433587, 0, 0, 52, 0, 0, 22466.02, 2, 0, 0, 0.39, 282, 200, 21367.19, 57513, 54700
1695433600, 0, 0, 52, 0, 0, 22466.02, 2, 0, 0, 0.81, 289, 203, 21367.19, 57513, 54700
1695433612, 0, 0, 52, 0, 0, 22466.02, 2, 0, 0, 0.91, 295, 208, 21367.19, 57513, 54700
1695433623, 0, 0, 52, 0, 0, 22466.02, 2, 0, 0, 0.09, 296, 208, 21367.19, 57513, 54700
1695433636, 0, 0, 52, 0, 0, 22466.02, 2, 0, 0, 0.37, 299, 210, 21367.19, 57513, 54700
1695433649, 0, 0, 52, 0, 0, 22466.02, 2, 0, 0, 0.08, 300, 210, 21367.19, 57513, 54700
1695433662, 0, 0, 52, 0, 0, 22466.02, 2, 0, 0, 0.07, 301, 210, 21367.19, 57513, 54700
1695433674, 0, 0, 52, 0, 0, 22466.02, 2, 0, 0, 0.68, 307, 212, 21367.19, 57513, 54700
1695433686, 0, 0, 53, 0, 0, 22466.41, 2, 0, 0, 0.43, 310, 214, 21367.58, 57514, 54701
1695433686, 0, 0, 53, 0, 0, 22466.41, 2, 0, 0, 33.22, 317, 217, 21367.58, 57514, 54701
1695433697, 0, 0, 53, 0, 0, 22466.41, 2, 0, 0, 0.18, 319, 217, 21367.58, 57514, 54701
1695433717, 0, 0, 53, 0, 0, 22466.41, 2, 0, 0, 0.20, 321, 219, 21367.58, 57514, 54701
1695433730, 0, 0, 53, 0, 0, 22466.41, 2, 0, 0, 0.79, 328, 222, 21367.58, 57514, 54701
1695433741, 0, 0, 53, 0, 0, 22466.41, 2, 0, 0, 0.43, 332, 223, 21367.58, 57514, 54701
1695433742, 0, 0, 53, 0, 0, 22466.41, 2, 0, 0, 51.95, 341, 230, 21367.58, 57514, 54701
1695433756, 0, 0, 53, 0, 0, 22466.41, 2, 0, 0, 0.07, 342, 230, 21367.58, 57514, 54701
1695433756, 0, 0, 53, 0, 0, 22466.41, 2, 0, 0, 58.14, 351, 241, 21367.58, 57514, 54701
1695433769, 0, 0, 53, 0, 0, 22466.41, 2, 0, 0, 0.32, 354, 242, 21367.58, 57514, 54701
1695433781, 0, 0, 53, 0, 0, 22466.41, 2, 0, 0, 0.17, 356, 242, 21367.58, 57514, 54701
1695433795, 0, 0, 53, 0, 0, 22466.41, 2, 0, 0, 0.15, 358, 242, 21367.58, 57514, 54701
1695433807, 0, 0, 53, 0, 0, 22466.41, 2, 0, 0, 0.49, 362, 244, 21367.58, 57514, 54701
1695433818, 0, 0, 53, 0, 0, 22466.41, 2, 0, 0, 1.03, 369, 249, 21367.58, 57514, 54701
1695433830, 0, 0, 53, 0, 0, 22466.41, 2, 0, 0, 0.09, 370, 249, 21367.58, 57514, 54701
1695433845, 0, 0, 54, 0, 0, 22466.80, 2, 0, 0, 0.14, 372, 249, 21367.97, 57515, 54702
1695433856, 0, 0, 54, 0, 0, 22466.80, 2, 0, 0, 0.17, 373, 250, 21367.97, 57515, 54702
1695433868, 0, 0, 54, 0, 0, 22466.80, 2, 0, 0, 0.44, 376, 252, 21367.97, 57515, 54702
1695433881, 0, 0, 54, 0, 0, 22466.80, 2, 0, 0, 0.23, 378, 253, 21367.97, 57515, 54702
1695433893, 0, 0, 54, 0, 0, 22466.80, 2, 0, 0, 0.16, 379, 254, 21367.97, 57515, 54702
1695433905, 0, 0, 54, 0, 0, 22466.80, 2, 0, 0, 0.49, 382, 257, 21367.97, 57515, 54702
1695433923, 0, 0, 54, 0, 0, 22466.80, 2, 0, 0, 0.45, 387, 260, 21367.97, 57515, 54702
1695433935, 0, 0, 54, 0, 0, 22466.80, 2, 0, 0, 0.73, 390, 266, 21367.97, 57515, 54702
1695433947, 0, 0, 54, 0, 0, 22466.80, 2, 0, 0, 0.33, 392, 268, 21367.97, 57515, 54702
1695433963, 0, 0, 54, 0, 0, 22466.80, 2, 0, 0, 0.87, 402, 272, 21367.97, 57515, 54702
1695433975, 0, 0, 54, 0, 0, 22466.80, 2, 0, 0, 0.09, 403, 272, 21367.97, 57515, 54702
1695433988, 0, 0, 54, 0, 0, 22466.80, 2, 0, 0, 0.08, 404, 272, 21367.97, 57515, 54702
1695434000, 0, 0, 55, 0, 0, 22467.19, 2, 0, 0, 0.50, 406, 276, 21368.36, 57516, 54703
1695434000, 0, 0, 55, 0, 0, 22467.19, 2, 0, 0, 59.49, 420, 283, 21368.36, 57516, 54703
1695434000, 0, 0, 55, 0, 0, 22467.19, 2, 0, 0, 44.73, 425, 292, 21368.36, 57516, 54703
1695434012, 0, 0, 55, 0, 0, 22467.19, 2, 0, 0, 0.08, 426, 292, 21368.36, 57516, 54703
1695434025, 0, 0, 55, 0, 0, 22467.19, 2, 0, 0, 0.08, 427, 292, 21368.36, 57516, 54703
1695434036, 0, 0, 55, 0, 0, 22467.19, 2, 0, 0, 0.61, 432, 294, 21368.36, 57516, 54703
1695434037, 0, 0, 55, 0, 0, 22467.19, 2, 0, 0, 28.21, 439, 296, 21368.36, 57516, 54703
1695434049, 0, 0, 55, 0, 0, 22467.19, 2, 0, 0, 0.90, 443, 303, 21368.36, 57516, 54703
1695434049, 0, 0, 55, 0, 0, 22467.19, 2, 0, 0, 31.61, 446, 311, 21368.36, 57516, 54703
1695434063, 0, 0, 55, 0, 0, 22467.19, 2, 0, 0, 0.07, 447, 311, 21368.36, 57516, 54703
1695434076, 0, 0, 55, 0, 0, 22467.19, 2, 0, 0, 0.72, 452, 315, 21368.36, 57516, 54703
1695434091, 0, 0, 55, 0, 0, 22467.19, 2, 0, 0, 0.27, 455, 316, 21368.36, 57516, 54703
1695434104, 0, 0, 56, 0, 0, 22467.97, 2, 0, 0, 0.87, 460, 323, 21369.14, 57518, 54705
1695434136, 0, 0, 57, 0, 0, 22471.09, 2, 0, 0, 0.03, 461, 323, 21372.27, 57526, 54713
1695434147, 0, 0, 57, 0, 0, 22471.09, 2, 0, 0, 0.69, 467, 325, 21372.27, 57526, 54713
1695434159, 0, 0, 58, 0, 0, 22472.66, 2, 0, 0, 0.25, 469, 326, 21373.83, 57530, 54717
1695434171, 0, 0, 58, 0, 0, 22472.66, 2, 0, 0, 0.25, 471, 327, 21373.83, 57530, 54717
1695434182, 0, 0, 58, 0, 0, 22472.66, 2, 0, 0, 0.09, 472, 327, 21373.83, 57530, 54717
1695434194, 0, 0, 59, 0, 0, 22473.05, 2, 0, 0, 0.25, 473, 329, 21374.22, 57531, 54718
1695434195, 0, 0, 59, 0, 0, 22473.05, 2, 0, 0, 20.09, 478, 333, 21374.22, 57531, 54718
1695434208, 0, 0, 59, 0, 0, 22473.05, 2, 0, 0, 0.58, 482, 337, 21374.22, 57531, 54718
1695434221, 0, 0, 59, 0, 0, 22473.05, 2, 0, 0, 0.08, 483, 337, 21374.22, 57531, 54718
1695434233, 0, 0, 59, 0, 0, 22473.05, 2, 0, 0, 0.79, 486, 343, 21374.22, 57531, 54718
1695434244, 0, 0, 59, 0, 0, 22473.05, 2, 0, 0, 0.43, 490, 344, 21374.22, 57531, 54718
1695434256, 0, 0, 59, 0, 0, 22473.05, 2, 0, 0, 0.25, 491, 346, 21374.22, 57531, 54718
1695434256, 0, 0, 59, 0, 0, 22473.05, 2, 0, 0, 29.41, 495, 351, 21374.22, 57531, 54718
1695434257, 0, 0, 59, 0, 0, 22473.05, 2, 0, 0, 22.80, 499, 354, 21374.22, 57531, 54718
1695434257, 0, 0, 59, 0, 0, 22473.05, 2, 0, 0, 41.53, 509, 357, 21374.22, 57531, 54718
1695434270, 0, 0, 59, 0, 0, 22473.05, 2, 0, 0, 0.16, 510, 358, 21374.22, 57531, 54718
1695434283, 0, 0, 59, 0, 0, 22473.05, 2, 0, 0, 0.15, 512, 358, 21374.22, 57531, 54718
1695434283, 0, 0, 59, 0, 0, 22473.05, 2, 0, 0, 32.35, 520, 362, 21374.22, 57531, 54718
1695434296, 0, 0, 59, 0, 0, 22473.05, 2, 0, 0, 0.08, 521, 362, 21374.22, 57531, 54718
1695434308, 0, 0, 59, 0, 0, 22473.05, 2, 0, 0, 0.33, 524, 363, 21374.22, 57531, 54718
1695434321, 0, 0, 59, 0, 0, 22473.05, 2, 0, 0, 0.47, 530, 363, 21374.22, 57531, 54718
1695434321, 0, 0, 59, 0, 0, 22473.05, 2, 0, 0, 42.48, 538, 368, 21374.22, 57531, 54718
1695434335, 0, 0, 59, 0, 0, 22473.05, 2, 0, 0, 0.28, 540, 370, 21374.22, 57531, 54718
1695434336, 0, 0, 59, 0, 0, 22473.05, 2, 0, 0, 43.33, 542, 381, 21374.22, 57531, 54718
1695434349, 0, 0, 59, 0, 0, 22473.05, 2, 0, 0, 0.84, 547, 387, 21374.22, 57531, 54718
1695434361, 0, 0, 59, 0, 0, 22473.05, 2, 0, 0, 0.66, 554, 388, 21374.22, 57531, 54718
1695434374, 0, 0, 59, 0, 0, 22473.05, 2, 0, 0, 0.08, 555, 388, 21374.22, 57531, 54718
1695434386, 0, 0, 59, 0, 0, 22473.05, 2, 0, 0, 1.00, 562, 393, 21374.22, 57531, 54718
1695434399, 0, 0, 59, 0, 0, 22473.05, 2, 0, 0, 0.15, 563, 394, 21374.22, 57531, 54718
1695434413, 0, 0, 59, 0, 0, 22473.05, 2, 0, 0, 0.37, 567, 395, 21374.22, 57531, 54718
1695434428, 0, 0, 59, 0, 0, 22473.05, 2, 0, 0, 0.47, 570, 399, 21374.22, 57531, 54718
1695434440, 0, 0, 59, 0, 0, 22473.05, 2, 0, 0, 0.17, 572, 399, 21374.22, 57531, 54718
1695434452, 0, 0, 59, 0, 0, 22473.05, 2, 0, 0, 0.49, 576, 401, 21374.22, 57531, 54718
1695434464, 0, 0, 59, 0, 0, 22473.05, 2, 0, 0, 0.32, 579, 402, 21374.22, 57531, 54718
1695434465, 0, 0, 59, 0, 0, 22473.05, 2, 0, 0, 18.18, 585, 403, 21374.22, 57531, 54718
1695434478, 0, 0, 59, 0, 0, 22473.05, 2, 0, 0, 0.60, 590, 406, 21374.22, 57531, 54718
1695434492, 0, 0, 59, 0, 0, 22473.05, 2, 0, 0, 0.36, 594, 407, 21374.22, 57531, 54718
1695434505, 0, 0, 60, 0, 0, 22473.44, 2, 0, 0, 0.08, 595, 407, 21374.61, 57532, 54719
1695434516, 0, 0, 60, 0, 0, 22473.44, 2, 0, 0, 0.28, 595, 410, 21374.61, 57532, 54719
1695434516, 0, 0, 60, 0, 0, 22473.44, 2, 0, 0, 13.93, 599, 411, 21374.61, 57532, 54719
1695434516, 0, 0, 60, 0, 0, 22473.44, 2, 0, 0, 38.22, 604, 418, 21374.61, 57532, 54719
1695434529, 0, 0, 60, 0, 0, 22473.44, 2, 0, 0, 0.40, 606, 421, 21374.61, 57532, 54719
1695434540, 0, 0, 60, 0, 0, 22473.44, 2, 0, 0, 0.26, 609, 421, 21374.61, 57532, 54719
1695434541, 0, 0, 60, 0, 0, 22473.44, 2, 0, 0, 18.24, 613, 423, 21374.61, 57532, 54719
1695434552, 0, 0, 60, 0, 0, 22473.44, 2, 0, 0, 0.09, 614, 423, 21374.61, 57532, 54719
1695434567, 0, 0, 60, 0, 0, 22473.44, 2, 0, 0, 0.74, 620, 428, 21374.61, 57532, 54719
1695434567, 0, 0, 60, 0, 0, 22473.44, 2, 0, 0, 15.97, 623, 430, 21374.61, 57532, 54719
1695434578, 0, 0, 60, 0, 0, 22473.44, 2, 0, 0, 0.63, 627, 433, 21374.61, 57532, 54719
1695434590, 0, 0, 60, 0, 0, 22473.44, 2, 0, 0, 0.42, 630, 435, 21374.61, 57532, 54719
1695434590, 0, 0, 60, 0, 0, 22473.44, 2, 0, 0, 35.26, 635, 441, 21374.61, 57532, 54719
1695434601, 0, 0, 60, 0, 0, 22473.44, 2, 0, 0, 0.18, 637, 441, 21374.61, 57532, 54719
1695434614, 0, 0, 60, 0, 0, 22473.44, 2, 0, 0, 0.40, 640, 443, 21374.61, 57532, 54719
1695434614, 0, 0, 60, 0, 0, 22473.44, 2, 0, 0, 18.60, 645, 446, 21374.61, 57532, 54719
1695434628, 0, 0, 60, 0, 0, 22473.44, 2, 0, 0, 0.07, 646, 446, 21374.61, 57532, 54719
1695434640, 0, 0, 60, 0, 0, 22473.44, 2, 0, 0, 0.08, 647, 446, 21374.61, 57532, 54719
1695434641, 0, 0, 60, 0, 0, 22473.44, 2, 0, 0, 31.35, 654, 449, 21374.61, 57532, 54719
1695434641, 0, 0, 60, 0, 0, 22473.44, 2, 0, 0, 33.33, 659, 454, 21374.61, 57532, 54719
1695434641, 0, 0, 60, 0, 0, 22473.44, 2, 0, 0, 35.26, 663, 461, 21374.61, 57532, 54719
1695434653, 0, 0, 60, 0, 0, 22473.44, 2, 0, 0, 0.08, 664, 461, 21374.61, 57532, 54719
1695434668, 0, 0, 60, 0, 0, 22473.44, 2, 0, 0, 0.07, 665, 461, 21374.61, 57532, 54719
1695434668, 0, 0, 60, 0, 0, 22473.44, 2, 0, 0, 23.03, 668, 465, 21374.61, 57532, 54719
1695434681, 0, 0, 60, 0, 0, 22473.44, 2, 0, 0, 0.48, 671, 468, 21374.61, 57532, 54719
1695434681, 0, 0, 60, 0, 0, 22473.44, 2, 0, 0, 35.61, 678, 473, 21374.61, 57532, 54719
1695434694, 0, 0, 60, 0, 0, 22473.44, 2, 0, 0, 0.08, 679, 473, 21374.61, 57532, 54719
1695434708, 0, 0, 60, 0, 0, 22473.44, 2, 0, 0, 0.21, 681, 474, 21374.61, 57532, 54719
1695434709, 0, 0, 60, 0, 0, 22473.44, 2, 0, 0, 27.69, 688, 476, 21374.61, 57532, 54719
1695434721, 0, 0, 60, 0, 0, 22473.44, 2, 0, 0, 0.16, 689, 477, 21374.61, 57532, 54719
1695434734, 0, 0, 60, 0, 0, 22473.44, 2, 0, 0, 0.53, 693, 480, 21374.61, 57532, 54719
1695434734, 0, 0, 60, 0, 0, 22473.44, 2, 0, 0, 31.75, 696, 487, 21374.61, 57532, 54719
1695434748, 0, 0, 60, 0, 0, 22473.44, 2, 0, 0, 0.08, 697, 487, 21374.61, 57532, 54719
1695434762, 0, 0, 60, 0, 0, 22473.44, 2, 0, 0, 0.36, 699, 490, 21374.61, 57532, 54719
1695434779, 0, 0, 61, 0, 0, 22473.83, 2, 0, 0, 0.11, 701, 490, 21375.00, 57533, 54720
1695434780, 0, 0, 61, 0, 0, 22473.83, 2, 0, 0, 30.00, 706, 494, 21375.00, 57533, 54720
1695434793, 0, 0, 61, 0, 0, 22473.83, 2, 0, 0, 0.22, 707, 496, 21375.00, 57533, 54720
1695434806, 0, 0, 61, 0, 0, 22473.83, 2, 0, 0, 0.32, 710, 497, 21375.00, 57533, 54720
1695434806, 0, 0, 61, 0, 0, 22473.83, 2, 0, 0, 36.81, 715, 504, 21375.00, 57533, 54720
1695434806, 0, 0, 61, 0, 0, 22473.83, 2, 0, 0, 30.86, 721, 508, 21375.00, 57533, 54720
1695434807, 0, 0, 61, 0, 0, 22473.83, 2, 0, 0, 18.87, 724, 511, 21375.00, 57533, 54720
1695434819, 0, 0, 62, 0, 0, 22474.61, 2, 0, 0, 0.08, 725, 511, 21375.78, 57535, 54722
1695434834, 0, 0, 62, 0, 0, 22474.61, 2, 0, 0, 0.07, 726, 511, 21375.78, 57535, 54722
1695434834, 0, 0, 62, 0, 0, 22474.61, 2, 0, 0, 13.07, 729, 512, 21375.78, 57535, 54722
1695434834, 0, 0, 62, 0, 0, 22474.61, 2, 0, 0, 19.93, 733, 514, 21375.78, 57535, 54722
1695434848, 0, 0, 62, 0, 0, 22474.61, 2, 0, 0, 0.36, 737, 515, 21375.78, 57535, 54722
1695434848, 0, 0, 62, 0, 0, 22474.61, 2, 0, 0, 19.80, 742, 516, 21375.78, 57535, 54722
1695434860, 0, 0, 62, 0, 0, 22474.61, 3, 0, 0, 0.08, 742, 517, 21375.78, 57535, 54722
1695434873, 0, 0, 62, 0, 0, 22474.61, 3, 0, 0, 0.16, 743, 518, 21375.78, 57535, 54722
1695434886, 0, 0, 62, 0, 0, 22474.61, 3, 0, 0, 0.46, 748, 519, 21375.78, 57535, 54722
1695434899, 0, 0, 62, 0, 0, 22474.61, 3, 0, 0, 0.32, 750, 521, 21375.78, 57535, 54722
1695434935, 0, 0, 62, 0, 0, 22474.61, 3, 0, 0, 0.11, 753, 522, 21375.78, 57535, 54722
1695434935, 0, 0, 62, 0, 0, 22474.61, 3, 0, 0, 13.11, 757, 522, 21375.78, 57535, 54722
1695434935, 0, 0, 62, 0, 0, 22474.61, 3, 0, 0, 36.30, 765, 525, 21375.78, 57535, 54722
1695434947, 0, 0, 62, 0, 0, 22474.61, 3, 0, 0, 0.17, 766, 526, 21375.78, 57535, 54722
1695434958, 0, 0, 62, 0, 0, 22474.61, 3, 0, 0, 0.52, 770, 528, 21375.78, 57535, 54722
1695434959, 0, 0, 62, 0, 0, 22474.61, 3, 0, 0, 27.36, 775, 532, 21375.78, 57535, 54722
1695434977, 0, 0, 62, 0, 0, 22474.61, 3, 0, 0, 0.11, 776, 533, 21375.78, 57535, 54722
1695434989, 0, 0, 62, 0, 0, 22474.61, 3, 0, 0, 0.51, 781, 534, 21375.78, 57535, 54722
1695435001, 0, 0, 62, 0, 0, 22474.61, 3, 0, 0, 0.17, 783, 534, 21375.78, 57535, 54722
1695435001, 0, 0, 62, 0, 0, 22474.61, 3, 0, 0, 27.61, 790, 536, 21375.78, 57535, 54722
1695435014, 0, 0, 62, 0, 0, 22474.61, 3, 0, 0, 0.38, 792, 539, 21375.78, 57535, 54722
1695435026, 0, 0, 62, 0, 0, 22474.61, 3, 0, 0, 0.34, 793, 542, 21375.78, 57535, 54722
1695435026, 0, 0, 62, 0, 0, 22474.61, 3, 0, 0, 29.51, 796, 548, 21375.78, 57535, 54722
1695435027, 0, 0, 62, 0, 0, 22474.61, 3, 0, 0, 22.80, 801, 550, 21375.78, 57535, 54722
1695435027, 0, 0, 62, 0, 0, 22474.61, 3, 0, 0, 26.40, 807, 552, 21375.78, 57535, 54722
1695435039, 0, 0, 62, 0, 0, 22474.61, 3, 0, 0, 0.26, 810, 552, 21375.78, 57535, 54722
1695435050, 0, 0, 62, 0, 0, 22474.61, 3, 0, 0, 0.51, 814, 554, 21375.78, 57535, 54722
1695435064, 0, 0, 62, 0, 0, 22474.61, 3, 0, 0, 0.74, 821, 557, 21375.78, 57535, 54722
1695435076, 0, 0, 62, 0, 0, 22474.61, 3, 0, 0, 0.08, 822, 557, 21375.78, 57535, 54722
1695435092, 0, 0, 62, 0, 0, 22474.61, 3, 0, 0, 0.37, 825, 560, 21375.78, 57535, 54722
1695435108, 0, 0, 62, 0, 0, 22474.61, 3, 0, 0, 0.43, 831, 561, 21375.78, 57535, 54722
1695435122, 0, 0, 62, 0, 0, 22474.61, 3, 0, 0, 0.30, 834, 562, 21375.78, 57535, 54722
1695435134, 0, 0, 62, 0, 0, 22474.61, 3, 0, 0, 0.08, 835, 562, 21375.78, 57535, 54722
1695435149, 0, 0, 62, 0, 0, 22474.61, 3, 0, 0, 0.26, 837, 564, 21375.78, 57535, 54722
1695435150, 0, 0, 62, 0, 0, 22474.61, 3, 0, 0, 13.89, 839, 567, 21375.78, 57535, 54722
1695435162, 0, 0, 62, 0, 0, 22474.61, 3, 0, 0, 0.08, 840, 567, 21375.78, 57535, 54722
1695435175, 0, 0, 62, 0, 0, 22474.61, 3, 0, 0, 0.07, 841, 567, 21375.78, 57535, 54722
1695435217, 0, 0, 62, 0, 0, 22474.61, 3, 0, 0, 0.07, 844, 567, 21375.78, 57535, 54722
1695435230, 0, 0, 62, 0, 0, 22474.61, 3, 0, 0, 0.45, 848, 569, 21375.78, 57535, 54722
1695435243, 0, 0, 62, 0, 0, 22474.61, 3, 0, 0, 0.08, 849, 569, 21375.78, 57535, 54722
1695435259, 0, 0, 63, 0, 0, 22475.00, 3, 0, 0, 0.06, 850, 569, 21376.17, 57536, 54723
1695435259, 0, 0, 63, 0, 0, 22475.00, 3, 0, 0, 13.25, 854, 569, 21376.17, 57536, 54723
1695435272, 0, 0, 63, 0, 0, 22475.00, 3, 0, 0, 0.15, 854, 571, 21376.17, 57536, 54723
1695435284, 0, 0, 63, 0, 0, 22475.00, 3, 0, 0, 0.42, 857, 573, 21376.17, 57536, 54723
1695435296, 0, 0, 63, 0, 0, 22475.00, 3, 0, 0, 0.16, 858, 574, 21376.17, 57536, 54723
1695435296, 0, 0, 63, 0, 0, 22475.00, 3, 0, 0, 17.86, 861, 578, 21376.17, 57536, 54723
1695435308, 0, 0, 63, 0, 0, 22475.00, 3, 0, 0, 0.08, 862, 578, 21376.17, 57536, 54723
1695435321, 0, 0, 63, 0, 0, 22475.00, 3, 0, 0, 0.32, 864, 580, 21376.17, 57536, 54723
1695435358, 0, 0, 63, 0, 0, 22475.00, 3, 0, 0, 0.05, 866, 580, 21376.17, 57536, 54723
1695435358, 0, 0, 63, 0, 0, 22475.00, 3, 0, 0, 20.96, 868, 585, 21376.17, 57536, 54723
1695435371, 0, 0, 63, 0, 0, 22475.00, 3, 0, 0, 0.08, 869, 585, 21376.17, 57536, 54723
1695435372, 0, 0, 63, 0, 0, 22475.00, 3, 0, 0, 4.76, 871, 585, 21376.17, 57536, 54723
1695435387, 0, 0, 63, 0, 0, 22475.00, 3, 0, 0, 0.47, 875, 588, 21376.17, 57536, 54723
1695435399, 0, 0, 63, 0, 0, 22475.00, 3, 0, 0, 0.08, 876, 588, 21376.17, 57536, 54723
1695435413, 0, 0, 63, 0, 0, 22475.00, 3, 0, 0, 0.28, 879, 589, 21376.17, 57536, 54723
1695435413, 0, 0, 63, 0, 0, 22475.00, 3, 0, 0, 18.93, 881, 593, 21376.17, 57536, 54723
1695435413, 0, 0, 63, 0, 0, 22475.00, 3, 0, 0, 22.22, 883, 598, 21376.17, 57536, 54723
1695435428, 0, 0, 63, 0, 0, 22475.00, 3, 0, 0, 0.34, 885, 601, 21376.17, 57536, 54723
1695435441, 0, 0, 63, 0, 0, 22475.00, 3, 0, 0, 0.15, 886, 602, 21376.17, 57536, 54723
1695435455, 0, 0, 64, 0, 0, 22475.78, 3, 0, 0, 0.07, 887, 602, 21376.95, 57538, 54725
1695435469, 0, 0, 64, 0, 0, 22475.78, 3, 0, 0, 0.22, 889, 603, 21376.95, 57538, 54725
1695435481, 0, 0, 64, 0, 0, 22475.78, 3, 0, 0, 0.40, 892, 605, 21376.95, 57538, 54725
1695435482, 0, 0, 64, 0, 0, 22475.78, 3, 0, 0, 20.83, 894, 610, 21376.95, 57538, 54725
1695435482, 0, 0, 64, 0, 0, 22475.78, 3, 0, 0, 23.46, 897, 615, 21376.95, 57538, 54725
1695435482, 0, 0, 64, 0, 0, 22475.78, 3, 0, 0, 26.23, 900, 620, 21376.95, 57538, 54725
1695435483, 0, 0, 64, 0, 0, 22475.78, 3, 0, 0, 12.46, 904, 620, 21376.95, 57538, 54725
1695435496, 0, 0, 64, 0, 0, 22475.78, 3, 0, 0, 0.08, 905, 620, 21376.95, 57538, 54725
1695435496, 0, 0, 64, 0, 0, 22475.78, 3, 0, 0, 11.94, 908, 621, 21376.95, 57538, 54725
1695435497, 0, 0, 64, 0, 0, 22475.78, 3, 0, 0, 8.66, 909, 624, 21376.95, 57538, 54725
1695435497, 0, 0, 64, 0, 0, 22475.78, 3, 0, 0, 12.86, 912, 625, 21376.95, 57538, 54725
1695435522, 0, 0, 64, 0, 0, 22475.78, 3, 0, 0, 0.16, 913, 628, 21376.95, 57538, 54725
1695435535, 0, 0, 64, 0, 0, 22475.78, 3, 0, 0, 0.16, 915, 628, 21376.95, 57538, 54725
1695435535, 0, 0, 64, 0, 0, 22475.78, 3, 0, 0, 12.08, 918, 629, 21376.95, 57538, 54725
1695435536, 0, 0, 64, 0, 0, 22475.78, 3, 0, 0, 12.59, 921, 631, 21376.95, 57538, 54725
1695435536, 0, 0, 64, 0, 0, 22475.78, 3, 0, 0, 12.82, 923, 633, 21376.95, 57538, 54725
1695435547, 0, 0, 64, 0, 0, 22475.78, 3, 0, 0, 0.09, 924, 633, 21376.95, 57538, 54725
1695435560, 0, 0, 64, 0, 0, 22475.78, 3, 0, 0, 0.08, 925, 633, 21376.95, 57538, 54725
1695435572, 0, 0, 64, 0, 0, 22475.78, 3, 0, 0, 0.17, 927, 633, 21376.95, 57538, 54725
1695435584, 0, 0, 64, 0, 0, 22475.78, 3, 0, 0, 0.34, 929, 635, 21376.95, 57538, 54725
1695435596, 0, 0, 64, 0, 0, 22475.78, 3, 0, 0, 0.24, 931, 636, 21376.95, 57538, 54725
1695435610, 0, 0, 64, 0, 0, 22475.78, 3, 0, 0, 0.35, 933, 639, 21376.95, 57538, 54725
1695435664, 0, 0, 64, 0, 0, 22475.78, 3, 0, 0, 0.04, 935, 639, 21376.95, 57538, 54725
1695435664, 0, 0, 64, 0, 0, 22475.78, 3, 0, 0, 9.64, 938, 640, 21376.95, 57538, 54725
1695435664, 0, 0, 64, 0, 0, 22475.78, 3, 0, 0, 12.08, 941, 641, 21376.95, 57538, 54725
1695435665, 0, 0, 64, 0, 0, 22475.78, 3, 0, 0, 8.24, 943, 642, 21376.95, 57538, 54725
1695435683, 0, 0, 64, 0, 0, 22475.78, 3, 0, 0, 0.37, 948, 644, 21376.95, 57538, 54725
1695435695, 0, 0, 64, 0, 0, 22475.78, 3, 0, 0, 0.33, 952, 644, 21376.95, 57538, 54725
1695435723, 0, 0, 64, 0, 0, 22475.78, 3, 0, 0, 0.07, 953, 645, 21376.95, 57538, 54725
1695435724, 0, 0, 64, 0, 0, 22475.78, 3, 0, 0, 18.77, 958, 647, 21376.95, 57538, 54725
1695435724, 0, 0, 64, 0, 0, 22475.78, 3, 0, 0, 12.01, 961, 648, 21376.95, 57538, 54725
1695435738, 0, 0, 64, 0, 0, 22475.78, 3, 0, 0, 0.29, 963, 650, 21376.95, 57538, 54725
1695435750, 0, 0, 64, 0, 0, 22475.78, 3, 0, 0, 0.24, 966, 650, 21376.95, 57538, 54725
1695435750, 0, 0, 64, 0, 0, 22475.78, 3, 0, 0, 20.77, 968, 655, 21376.95, 57538, 54725
1695435764, 0, 0, 64, 0, 0, 22475.78, 3, 0, 0, 0.15, 970, 655, 21376.95, 57538, 54725
1695435777, 0, 0, 64, 0, 0, 22475.78, 3, 0, 0, 0.16, 972, 655, 21376.95, 57538, 54725
1695435798, 0, 0, 64, 0, 0, 22475.78, 3, 0, 0, 0.15, 973, 657, 21376.95, 57538, 54725
1695435798, 0, 0, 64, 0, 0, 22475.78, 3, 0, 0, 9.68, 976, 657, 21376.95, 57538, 54725
1695435811, 0, 0, 65, 0, 0, 22479.30, 3, 0, 0, 0.15, 978, 657, 21380.47, 57547, 54734
1695435811, 0, 0, 65, 0, 0, 22479.30, 3, 0, 0, 20.00, 979, 662, 21380.47, 57547, 54734
1695435811, 0, 0, 65, 0, 0, 22479.30, 3, 0, 0, 13.16, 981, 664, 21380.47, 57547, 54734
1695435826, 0, 0, 65, 0, 0, 22479.30, 3, 0, 0, 0.41, 983, 668, 21380.47, 57547, 54734
1695435826, 0, 0, 65, 0, 0, 22479.30, 3, 0, 0, 14.97, 987, 669, 21380.47, 57547, 54734
1695435827, 0, 0, 65, 0, 0, 22479.30, 3, 0, 0, 16.45, 989, 672, 21380.47, 57547, 54734
1695435827, 0, 0, 65, 0, 0, 22479.30, 3, 0, 0, 18.63, 992, 675, 21380.47, 57547, 54734
1695435827, 0, 0, 65, 0, 0, 22479.30, 3, 0, 0, 17.19, 995, 678, 21380.47, 57547, 54734
1695435828, 0, 0, 65, 0, 0, 22479.30, 3, 0, 0, 6.19, 996, 679, 21380.47, 57547, 54734
1695435828, 0, 0, 65, 0, 0, 22479.30, 3, 0, 0, 13.62, 1000, 680, 21380.47, 57547, 54734
1695435828, 0, 0, 65, 0, 0, 22479.30, 3, 0, 0, 8.85, 1001, 682, 21380.47, 57547, 54734
1695435829, 0, 0, 65, 0, 0, 22479.30, 3, 0, 0, 19.48, 1002, 687, 21380.47, 57547, 54734
1695435829, 0, 0, 65, 0, 0, 22479.30, 3, 0, 0, 19.87, 1007, 688, 21380.47, 57547, 54734
1695435843, 0, 0, 65, 0, 0, 22479.30, 3, 0, 0, 0.07, 1008, 688, 21380.47, 57547, 54734
1695435856, 0, 0, 66, 0, 0, 22479.69, 3, 0, 0, 0.31, 1010, 690, 21380.86, 57548, 54735
1695435869, 0, 0, 66, 0, 0, 22479.69, 3, 0, 0, 0.08, 1011, 690, 21380.86, 57548, 54735
1695435882, 0, 0, 66, 0, 0, 22479.69, 3, 0, 0, 0.23, 1013, 691, 21380.86, 57548, 54735
1695435902, 0, 0, 66, 0, 0, 22479.69, 3, 0, 0, 0.05, 1014, 691, 21380.86, 57548, 54735
1695435902, 0, 0, 66, 0, 0, 22479.69, 3, 0, 0, 6.23, 1016, 691, 21380.86, 57548, 54735
1695435903, 0, 0, 66, 0, 0, 22479.69, 3, 0, 0, 12.25, 1019, 693, 21380.86, 57548, 54735
1695435922, 0, 0, 66, 0, 0, 22479.69, 3, 0, 0, 0.10, 1020, 694, 21380.86, 57548, 54735
1695435934, 0, 0, 66, 0, 0, 22479.69, 3, 0, 0, 0.16, 1022, 694, 21380.86, 57548, 54735
1695435935, 0, 0, 66, 0, 0, 22479.69, 3, 0, 0, 11.82, 1025, 696, 21380.86, 57548, 54735
1695435935, 0, 0, 66, 0, 0, 22479.69, 3, 0, 0, 9.01, 1027, 697, 21380.86, 57548, 54735
1695435935, 0, 0, 66, 0, 0, 22479.69, 3, 0, 0, 16.39, 1029, 700, 21380.86, 57548, 54735
1695435948, 0, 0, 66, 0, 0, 22479.69, 3, 0, 0, 0.08, 1030, 700, 21380.86, 57548, 54735
1695435948, 0, 0, 66, 0, 0, 22479.69, 3, 0, 0, 9.07, 1033, 701, 21380.86, 57548, 54735
1695435949, 0, 0, 66, 0, 0, 22479.69, 3, 0, 0, 8.85, 1034, 703, 21380.86, 57548, 54735
1695435949, 0, 0, 66, 0, 0, 22479.69, 3, 0, 0, 9.29, 1035, 705, 21380.86, 57548, 54735
1695435949, 0, 0, 66, 0, 0, 22479.69, 3, 0, 0, 15.58, 1039, 706, 21380.86, 57548, 54735
1695435964, 0, 0, 66, 0, 0, 22479.69, 3, 0, 0, 0.33, 1042, 708, 21380.86, 57548, 54735
1695435977, 0, 0, 66, 0, 0, 22479.69, 3, 0, 0, 0.08, 1043, 708, 21380.86, 57548, 54735
1695435991, 0, 0, 66, 0, 0, 22479.69, 3, 0, 0, 0.22, 1045, 709, 21380.86, 57548, 54735
1695436003, 0, 0, 66, 0, 0, 22479.69, 3, 0, 0, 0.17, 1046, 710, 21380.86, 57548, 54735
1695436014, 0, 0, 66, 0, 0, 22479.69, 3, 0, 0, 0.25, 1048, 711, 21380.86, 57548, 54735
1695436042, 0, 0, 66, 0, 0, 22479.69, 3, 0, 0, 0.11, 1049, 713, 21380.86, 57548, 54735
1695436042, 0, 0, 66, 0, 0, 22479.69, 3, 0, 0, 20.11, 1053, 716, 21380.86, 57548, 54735
1695436056, 0, 0, 66, 0, 0, 22479.69, 3, 0, 0, 0.14, 1055, 716, 21380.86, 57548, 54735
1695436069, 0, 0, 66, 0, 0, 22479.69, 3, 0, 0, 0.08, 1056, 716, 21380.86, 57548, 54735
1695436069, 0, 0, 66, 0, 0, 22479.69, 3, 0, 0, 9.49, 1058, 717, 21380.86, 57548, 54735
1695436084, 0, 0, 66, 0, 0, 22479.69, 3, 0, 0, 0.42, 1063, 718, 21380.86, 57548, 54735
1695436097, 0, 0, 66, 0, 0, 22479.69, 3, 0, 0, 0.23, 1066, 718, 21380.86, 57548, 54735
1695436108, 0, 0, 66, 0, 0, 22479.69, 3, 0, 0, 0.08, 1067, 718, 21380.86, 57548, 54735
1695436120, 0, 0, 66, 0, 0, 22479.69, 3, 0, 0, 0.43, 1071, 719, 21380.86, 57548, 54735
1695436142, 0, 0, 66, 0, 0, 22479.69, 3, 0, 0, 0.27, 1075, 721, 21380.86, 57548, 54735
1695436156, 0, 0, 66, 0, 0, 22479.69, 3, 0, 0, 0.07, 1076, 721, 21380.86, 57548, 54735
1695436172, 0, 0, 66, 0, 0, 22479.69, 3, 0, 0, 0.18, 1078, 722, 21380.86, 57548, 54735
1695436173, 0, 0, 66, 0, 0, 22479.69, 3, 0, 0, 10.10, 1081, 723, 21380.86, 57548, 54735
1695436186, 0, 0, 66, 0, 0, 22479.69, 3, 0, 0, 0.15, 1083, 723, 21380.86, 57548, 54735
1695436186, 0, 0, 66, 0, 0, 22479.69, 3, 0, 0, 13.70, 1085, 726, 21380.86, 57548, 54735
1695436187, 0, 0, 66, 0, 0, 22479.69, 3, 0, 0, 9.78, 1087, 728, 21380.86, 57548, 54735
1695436199, 0, 0, 66, 0, 0, 22479.69, 3, 0, 0, 0.16, 1088, 729, 21380.86, 57548, 54735
1695436212, 0, 0, 66, 0, 0, 22479.69, 3, 0, 0, 0.08, 1089, 729, 21380.86, 57548, 54735
1695436212, 0, 0, 66, 0, 0, 22479.69, 3, 0, 0, 11.87, 1093, 729, 21380.86, 57548, 54735
1695436228, 0, 0, 66, 0, 0, 22479.69, 3, 0, 0, 0.19, 1095, 730, 21380.86, 57548, 54735
1695436228, 0, 0, 66, 0, 0, 22479.69, 3, 0, 0, 13.07, 1096, 733, 21380.86, 57548, 54735
1695436240, 0, 0, 66, 0, 0, 22479.69, 3, 0, 0, 0.27, 1097, 735, 21380.86, 57548, 54735
1695436240, 0, 0, 66, 0, 0, 22479.69, 3, 0, 0, 3.33, 1098, 735, 21380.86, 57548, 54735
1695436240, 0, 0, 66, 0, 0, 22479.69, 3, 0, 0, 9.80, 1100, 736, 21380.86, 57548, 54735
1695436241, 0, 0, 66, 0, 0, 22479.69, 3, 0, 0, 17.75, 1102, 740, 21380.86, 57548, 54735
1695436255, 0, 0, 66, 0, 0, 22479.69, 3, 0, 0, 0.20, 1104, 741, 21380.86, 57548, 54735
1695436255, 0, 0, 66, 0, 0, 22479.69, 3, 0, 0, 0.00, 1104, 741, 21380.86, 57548, 54735
