# unix_time, cycles_done, cur_path, paths_total, pending_total, pending_favs, map_size, unique_crashes, unique_hangs, max_depth, execs_per_sec, valid_inputs, invalid_inputs, valid_cov, all_covered_probes, valid_covered_probes
1695570783, 0, 0, 1, 0, 0, 3827.34, 0, 0, 0, 0.48, 0, 1, 0.00, 9798, 0
1695570783, 0, 0, 2, 0, 0, 4101.95, 0, 0, 0, 3.08, 0, 2, 0.00, 10501, 0
1695570784, 0, 0, 4, 0, 0, 4616.80, 0, 0, 0, 5.80, 1, 3, 1223.05, 11819, 3131
1695570797, 0, 0, 6, 0, 0, 4616.80, 1, 0, 0, 0.29, 1, 7, 1223.05, 11819, 3131
1695570809, 0, 0, 14, 0, 0, 20594.53, 1, 0, 0, 0.85, 7, 11, 19462.11, 52722, 49823
1695570810, 0, 0, 23, 0, 0, 20725.39, 1, 0, 0, 50.00, 13, 20, 19464.06, 53057, 49828
1695570825, 0, 0, 26, 0, 0, 21377.34, 1, 0, 0, 1.00, 20, 28, 20208.98, 54726, 51735
1695570835, 0, 0, 29, 0, 0, 21403.52, 1, 0, 0, 1.22, 21, 40, 20234.77, 54793, 51801
1695570836, 0, 0, 35, 0, 0, 21408.59, 1, 0, 0, 55.92, 28, 50, 20235.16, 54806, 51802
1695570848, 0, 0, 40, 0, 0, 21969.92, 1, 0, 0, 2.73, 43, 69, 20800.78, 56243, 53250
1695570864, 0, 0, 44, 0, 0, 21969.92, 1, 0, 0, 0.74, 47, 77, 20800.78, 56243, 53250
1695570879, 0, 0, 50, 0, 0, 21972.27, 1, 0, 0, 0.63, 52, 81, 20818.36, 56249, 53295
1695570893, 0, 0, 55, 0, 0, 21992.19, 1, 0, 0, 1.20, 58, 92, 20838.28, 56300, 53346
1695570904, 0, 0, 60, 0, 0, 21992.58, 1, 0, 0, 0.80, 62, 97, 20838.67, 56301, 53347
1695570915, 0, 1, 64, 0, 0, 21993.36, 1, 0, 0, 0.64, 67, 99, 20839.45, 56303, 53349
1695570915, 0, 1, 67, 0, 0, 21993.36, 1, 0, 0, 36.67, 76, 101, 20839.45, 56303, 53349
1695570916, 0, 1, 70, 0, 0, 21996.09, 1, 0, 0, 96.03, 97, 109, 20839.45, 56310, 53349
1695570926, 0, 1, 71, 0, 0, 22225.78, 1, 0, 0, 0.09, 98, 109, 21069.14, 56898, 53937
1695570926, 0, 1, 74, 0, 0, 22225.78, 1, 0, 0, 46.58, 110, 112, 21069.14, 56898, 53937
1695570927, 0, 1, 76, 0, 0, 22225.78, 1, 0, 0, 93.33, 132, 118, 21069.14, 56898, 53937
1695570938, 0, 1, 77, 0, 0, 22226.56, 1, 0, 0, 1.71, 145, 125, 21069.92, 56900, 53939
1695570949, 0, 1, 80, 0, 0, 22230.47, 1, 0, 0, 0.49, 148, 127, 21073.83, 56910, 53949
1695570960, 0, 1, 83, 0, 0, 22230.86, 1, 0, 0, 0.35, 152, 127, 21074.22, 56911, 53950
1695570974, 0, 2, 86, 0, 0, 22231.64, 1, 0, 0, 0.74, 161, 128, 21075.00, 56913, 53952
1695570984, 0, 2, 89, 0, 0, 22231.64, 1, 0, 0, 1.00, 165, 134, 21075.00, 56913, 53952
1695571017, 0, 2, 91, 0, 0, 22273.83, 1, 0, 0, 0.06, 166, 135, 21117.58, 57021, 54061
1695571058, 0, 2, 93, 0, 0, 22349.22, 1, 0, 0, 0.12, 170, 136, 21194.14, 57214, 54257
1695571069, 0, 2, 96, 0, 0, 22349.22, 1, 0, 0, 0.83, 174, 141, 21194.14, 57214, 54257
1695571079, 0, 2, 97, 0, 0, 22358.98, 1, 0, 0, 0.10, 175, 141, 21203.91, 57239, 54282
1695571122, 0, 3, 103, 0, 0, 22379.30, 1, 0, 0, 0.73, 188, 159, 21224.22, 57291, 54334
1695571133, 0, 3, 105, 0, 0, 22380.08, 1, 0, 0, 0.98, 191, 167, 21225.00, 57293, 54336
1695571144, 0, 3, 107, 0, 0, 22380.08, 1, 0, 0, 0.54, 193, 171, 21225.00, 57293, 54336
1695571155, 0, 3, 109, 0, 0, 22380.08, 1, 0, 0, 1.53, 199, 182, 21225.00, 57293, 54336
1695571166, 0, 3, 112, 0, 0, 22388.28, 1, 0, 0, 2.20, 213, 192, 21233.20, 57314, 54357
1695571179, 0, 3, 116, 0, 0, 22394.14, 1, 0, 0, 1.84, 223, 206, 21239.06, 57329, 54372
1695571190, 0, 3, 118, 0, 0, 22394.14, 1, 0, 0, 0.17, 224, 207, 21239.06, 57329, 54372
1695571191, 0, 3, 120, 0, 0, 22394.14, 1, 0, 0, 70.22, 232, 228, 21239.06, 57329, 54372
1695571203, 0, 5, 122, 0, 0, 22395.70, 1, 0, 0, 0.41, 234, 231, 21240.63, 57333, 54376
1695571203, 0, 6, 124, 0, 0, 22395.70, 1, 0, 0, 95.08, 240, 254, 21240.63, 57333, 54376
1695571238, 0, 6, 125, 0, 0, 22395.70, 1, 0, 0, 0.12, 243, 255, 21240.63, 57333, 54376
1695571249, 0, 6, 125, 0, 0, 22395.70, 2, 0, 0, 0.55, 245, 259, 21240.63, 57333, 54376
1695571261, 0, 6, 126, 0, 0, 22395.70, 2, 0, 0, 1.42, 249, 272, 21240.63, 57333, 54376
1695571282, 0, 6, 128, 0, 0, 22395.70, 2, 0, 0, 0.09, 250, 273, 21240.63, 57333, 54376
1695571296, 0, 6, 132, 0, 0, 22395.70, 2, 0, 0, 0.65, 254, 278, 21240.63, 57333, 54376
1695571296, 0, 6, 133, 0, 0, 22395.70, 2, 0, 0, 51.12, 260, 288, 21240.63, 57333, 54376
1695571313, 0, 6, 137, 0, 0, 22396.48, 2, 0, 0, 0.85, 267, 295, 21241.41, 57335, 54378
1695571325, 0, 7, 139, 0, 0, 22396.48, 2, 0, 0, 1.52, 278, 302, 21241.41, 57335, 54378
1695571344, 0, 7, 141, 0, 0, 22396.48, 2, 0, 0, 0.52, 287, 303, 21241.41, 57335, 54378
1695571363, 0, 7, 144, 0, 0, 22396.48, 2, 0, 0, 0.89, 298, 309, 21241.41, 57335, 54378
1695571376, 0, 7, 146, 0, 0, 22397.27, 2, 0, 0, 1.26, 311, 312, 21242.19, 57337, 54380
1695571390, 0, 7, 147, 0, 0, 22397.27, 2, 0, 0, 0.85, 318, 317, 21242.19, 57337, 54380
1695571390, 0, 8, 148, 0, 0, 22397.27, 2, 0, 0, 67.09, 327, 329, 21242.19, 57337, 54380
1695571403, 0, 8, 149, 0, 0, 22397.66, 2, 0, 0, 0.15, 328, 330, 21242.58, 57338, 54381
1695571415, 0, 8, 150, 0, 0, 22397.66, 2, 0, 0, 0.08, 329, 330, 21242.58, 57338, 54381
1695571415, 0, 8, 151, 0, 0, 22397.66, 2, 0, 0, 87.10, 337, 349, 21242.58, 57338, 54381
1695571416, 0, 8, 152, 0, 0, 22397.66, 2, 0, 0, 121.71, 350, 373, 21242.58, 57338, 54381
1695571416, 0, 9, 152, 0, 0, 22397.66, 2, 0, 0, 88.52, 369, 381, 21242.58, 57338, 54381
1695571427, 0, 9, 154, 0, 0, 22397.66, 2, 0, 0, 2.48, 392, 386, 21250.78, 57338, 54402
1695571428, 0, 9, 156, 0, 0, 22397.66, 2, 0, 0, 78.69, 412, 390, 21250.78, 57338, 54402
1695571449, 0, 9, 157, 0, 0, 22397.66, 2, 0, 0, 0.19, 415, 391, 21250.78, 57338, 54402
1695571460, 0, 9, 159, 0, 0, 22399.22, 2, 0, 0, 0.53, 421, 391, 21252.34, 57342, 54406
1695571472, 0, 9, 160, 0, 0, 22399.22, 2, 0, 0, 0.34, 424, 392, 21252.34, 57342, 54406
1695571485, 0, 9, 164, 0, 0, 22399.22, 2, 0, 0, 1.40, 436, 398, 21252.34, 57342, 54406
1695571497, 0, 9, 166, 0, 0, 22400.39, 2, 0, 0, 0.50, 440, 400, 21253.52, 57345, 54409
1695571509, 0, 9, 167, 0, 0, 22400.39, 2, 0, 0, 0.08, 441, 400, 21253.52, 57345, 54409
1695571520, 0, 9, 167, 0, 0, 22400.39, 3, 0, 0, 0.45, 443, 403, 21253.52, 57345, 54409
1695571531, 0, 9, 168, 0, 0, 22400.39, 3, 0, 0, 0.35, 447, 403, 21253.52, 57345, 54409
1695571551, 0, 9, 171, 0, 0, 22400.39, 3, 0, 0, 0.46, 455, 404, 21253.52, 57345, 54409
1695571583, 0, 10, 174, 0, 0, 22400.39, 3, 0, 0, 0.38, 463, 408, 21253.52, 57345, 54409
1695571594, 0, 10, 175, 0, 0, 22400.39, 3, 0, 0, 0.35, 465, 410, 21253.52, 57345, 54409
1695571608, 0, 10, 177, 0, 0, 22400.39, 3, 0, 0, 0.50, 471, 411, 21253.52, 57345, 54409
1695571608, 0, 10, 179, 0, 0, 22400.39, 3, 0, 0, 55.92, 486, 413, 21253.52, 57345, 54409
1695571620, 0, 10, 179, 0, 0, 22400.39, 3, 0, 0, 0.44, 488, 416, 21253.52, 57345, 54409
1695571632, 0, 10, 180, 0, 0, 22400.39, 3, 0, 0, 0.40, 493, 416, 21253.52, 57345, 54409
1695571646, 0, 10, 182, 0, 0, 22400.39, 3, 0, 0, 1.05, 504, 420, 21253.52, 57345, 54409
1695571658, 0, 10, 182, 0, 0, 22400.39, 3, 0, 0, 0.44, 506, 423, 21253.52, 57345, 54409
1695571658, 0, 10, 184, 0, 0, 22400.39, 3, 0, 0, 36.04, 515, 426, 21253.52, 57345, 54409
1695571670, 0, 11, 186, 0, 0, 22401.17, 3, 0, 0, 1.62, 528, 433, 21253.52, 57347, 54409
1695571682, 0, 11, 188, 0, 0, 22401.17, 3, 0, 0, 0.34, 532, 433, 21253.52, 57347, 54409
1695571695, 0, 11, 190, 0, 0, 22402.34, 3, 0, 0, 0.63, 538, 435, 21254.69, 57350, 54412
1695571706, 0, 11, 191, 0, 0, 22402.34, 3, 0, 0, 1.28, 546, 441, 21254.69, 57350, 54412
1695571718, 0, 11, 192, 0, 0, 22402.34, 3, 0, 0, 0.16, 548, 441, 21254.69, 57350, 54412
1695571730, 0, 11, 195, 0, 0, 22402.34, 3, 0, 0, 1.78, 563, 447, 21254.69, 57350, 54412
1695571743, 0, 11, 198, 0, 0, 22402.73, 3, 0, 0, 0.56, 570, 447, 21255.08, 57351, 54413
1695571756, 0, 11, 199, 0, 0, 22402.73, 3, 0, 0, 0.07, 571, 447, 21255.08, 57351, 54413
1695571812, 0, 11, 200, 0, 0, 22402.73, 3, 0, 0, 0.02, 572, 447, 21255.08, 57351, 54413
1695571830, 0, 12, 201, 0, 0, 22405.47, 3, 0, 0, 0.50, 578, 450, 21257.81, 57358, 54420
1695571842, 0, 13, 202, 0, 0, 22405.47, 3, 0, 0, 0.17, 579, 451, 21257.81, 57358, 54420
1695571853, 0, 13, 203, 0, 0, 22405.47, 3, 0, 0, 0.09, 580, 451, 21257.81, 57358, 54420
1695571863, 0, 13, 203, 0, 0, 22405.47, 3, 0, 0, 0.09, 581, 451, 21257.81, 57358, 54420
1695571879, 0, 13, 204, 0, 0, 22405.47, 3, 0, 0, 0.06, 582, 451, 21257.81, 57358, 54420
1695571897, 0, 13, 205, 0, 0, 22405.47, 3, 0, 0, 0.06, 583, 451, 21257.81, 57358, 54420
1695571907, 0, 13, 206, 0, 0, 22405.47, 3, 0, 0, 0.09, 584, 451, 21257.81, 57358, 54420
1695571918, 0, 13, 207, 0, 0, 22405.47, 3, 0, 0, 0.09, 585, 451, 21257.81, 57358, 54420
1695571929, 0, 13, 207, 0, 0, 22405.47, 3, 0, 0, 0.09, 586, 451, 21257.81, 57358, 54420
1695571940, 0, 13, 207, 0, 0, 22405.47, 3, 0, 0, 0.09, 587, 451, 21257.81, 57358, 54420
1695571951, 0, 13, 207, 0, 0, 22405.47, 3, 0, 0, 0.09, 588, 451, 21257.81, 57358, 54420
1695571962, 0, 13, 207, 0, 0, 22405.47, 3, 0, 0, 0.10, 589, 451, 21257.81, 57358, 54420
1695571972, 0, 13, 208, 0, 0, 22405.47, 3, 0, 0, 0.10, 590, 451, 21257.81, 57358, 54420
1695571983, 0, 13, 208, 0, 0, 22405.47, 3, 0, 0, 0.09, 591, 451, 21257.81, 57358, 54420
1695571994, 0, 13, 209, 0, 0, 22405.47, 3, 0, 0, 0.09, 592, 451, 21257.81, 57358, 54420
1695572005, 0, 13, 210, 0, 0, 22405.47, 3, 0, 0, 0.09, 593, 451, 21257.81, 57358, 54420
1695572016, 0, 13, 210, 0, 0, 22405.47, 3, 0, 0, 0.09, 594, 451, 21257.81, 57358, 54420
1695572027, 0, 13, 211, 0, 0, 22405.47, 3, 0, 0, 0.09, 595, 451, 21257.81, 57358, 54420
1695572037, 0, 13, 212, 0, 0, 22405.47, 3, 0, 0, 0.10, 596, 451, 21257.81, 57358, 54420
1695572047, 0, 13, 213, 0, 0, 22405.47, 3, 0, 0, 0.10, 597, 451, 21257.81, 57358, 54420
1695572058, 0, 13, 213, 0, 0, 22405.47, 3, 0, 0, 0.09, 598, 451, 21257.81, 57358, 54420
1695572069, 0, 13, 214, 0, 0, 22405.47, 3, 0, 0, 0.09, 599, 451, 21257.81, 57358, 54420
1695572079, 0, 13, 214, 0, 0, 22405.47, 3, 0, 0, 0.10, 600, 451, 21257.81, 57358, 54420
1695572089, 0, 13, 215, 0, 0, 22405.47, 3, 0, 0, 0.10, 601, 451, 21257.81, 57358, 54420
1695572100, 0, 13, 216, 0, 0, 22405.47, 3, 0, 0, 0.10, 602, 451, 21257.81, 57358, 54420
1695572111, 0, 13, 217, 0, 0, 22405.47, 3, 0, 0, 0.09, 603, 451, 21257.81, 57358, 54420
1695572122, 0, 13, 217, 0, 0, 22405.47, 3, 0, 0, 0.09, 604, 451, 21257.81, 57358, 54420
1695572133, 0, 13, 217, 0, 0, 22405.47, 3, 0, 0, 0.09, 605, 451, 21257.81, 57358, 54420
1695572144, 0, 13, 217, 0, 0, 22405.47, 3, 0, 0, 0.09, 606, 451, 21257.81, 57358, 54420
1695572155, 0, 13, 217, 0, 0, 22405.47, 3, 0, 0, 0.09, 607, 451, 21257.81, 57358, 54420
1695572166, 0, 13, 218, 0, 0, 22405.47, 3, 0, 0, 0.09, 608, 451, 21257.81, 57358, 54420
1695572177, 0, 13, 219, 0, 0, 22405.47, 3, 0, 0, 0.09, 609, 451, 21257.81, 57358, 54420
1695572188, 0, 13, 219, 0, 0, 22405.47, 3, 0, 0, 0.09, 610, 451, 21257.81, 57358, 54420
1695572198, 0, 13, 219, 0, 0, 22405.47, 3, 0, 0, 0.09, 611, 451, 21257.81, 57358, 54420
1695572209, 0, 13, 219, 0, 0, 22405.47, 3, 0, 0, 0.09, 612, 451, 21257.81, 57358, 54420
1695572221, 0, 13, 220, 0, 0, 22405.47, 3, 0, 0, 0.09, 613, 451, 21257.81, 57358, 54420
1695572233, 0, 13, 220, 0, 0, 22405.47, 3, 0, 0, 0.08, 614, 451, 21257.81, 57358, 54420
1695572244, 0, 13, 220, 0, 0, 22405.47, 3, 0, 0, 0.09, 615, 451, 21257.81, 57358, 54420
1695572255, 0, 13, 220, 0, 0, 22405.47, 3, 0, 0, 0.09, 616, 451, 21257.81, 57358, 54420
1695572267, 0, 13, 220, 0, 0, 22405.47, 3, 0, 0, 0.08, 617, 451, 21257.81, 57358, 54420
1695572281, 0, 13, 221, 0, 0, 22405.47, 3, 0, 0, 0.07, 618, 451, 21257.81, 57358, 54420
1695572292, 0, 13, 222, 0, 0, 22405.47, 3, 0, 0, 0.09, 619, 451, 21257.81, 57358, 54420
1695572304, 0, 13, 223, 0, 0, 22405.47, 3, 0, 0, 0.08, 620, 451, 21257.81, 57358, 54420
1695572315, 0, 13, 224, 0, 0, 22405.47, 3, 0, 0, 0.09, 621, 451, 21257.81, 57358, 54420
1695572325, 0, 13, 224, 0, 0, 22405.47, 3, 0, 0, 0.09, 622, 451, 21257.81, 57358, 54420
1695572336, 0, 13, 225, 0, 0, 22405.47, 3, 0, 0, 0.09, 623, 451, 21257.81, 57358, 54420
1695572347, 0, 13, 226, 0, 0, 22405.47, 3, 0, 0, 0.09, 624, 451, 21257.81, 57358, 54420
1695572358, 0, 13, 227, 0, 0, 22405.47, 3, 0, 0, 0.09, 625, 451, 21257.81, 57358, 54420
1695572369, 0, 13, 228, 0, 0, 22405.47, 3, 0, 0, 0.09, 626, 451, 21257.81, 57358, 54420
1695572380, 0, 13, 228, 0, 0, 22405.47, 3, 0, 0, 0.09, 627, 451, 21257.81, 57358, 54420
1695572391, 0, 13, 229, 0, 0, 22405.47, 3, 0, 0, 0.09, 628, 451, 21257.81, 57358, 54420
1695572402, 0, 13, 229, 0, 0, 22405.47, 3, 0, 0, 0.09, 629, 451, 21257.81, 57358, 54420
1695572413, 0, 13, 229, 0, 0, 22405.47, 3, 0, 0, 0.09, 630, 451, 21257.81, 57358, 54420
1695572423, 0, 13, 229, 0, 0, 22405.47, 3, 0, 0, 0.10, 631, 451, 21257.81, 57358, 54420
1695572434, 0, 13, 230, 0, 0, 22405.47, 3, 0, 0, 0.10, 632, 451, 21257.81, 57358, 54420
1695572445, 0, 13, 230, 0, 0, 22405.47, 3, 0, 0, 0.09, 633, 451, 21257.81, 57358, 54420
1695572456, 0, 13, 231, 0, 0, 22405.47, 3, 0, 0, 0.09, 634, 451, 21257.81, 57358, 54420
1695572466, 0, 13, 232, 0, 0, 22405.47, 3, 0, 0, 0.09, 635, 451, 21257.81, 57358, 54420
1695572477, 0, 13, 233, 0, 0, 22405.47, 3, 0, 0, 0.09, 636, 451, 21257.81, 57358, 54420
1695572488, 0, 13, 234, 0, 0, 22405.47, 3, 0, 0, 0.10, 637, 451, 21257.81, 57358, 54420
1695572499, 0, 13, 235, 0, 0, 22405.47, 3, 0, 0, 0.09, 638, 451, 21257.81, 57358, 54420
1695572510, 0, 13, 236, 0, 0, 22405.47, 3, 0, 0, 0.09, 639, 451, 21257.81, 57358, 54420
1695572521, 0, 13, 237, 0, 0, 22405.47, 3, 0, 0, 0.09, 640, 451, 21257.81, 57358, 54420
1695572533, 0, 13, 238, 0, 0, 22405.86, 3, 0, 0, 0.09, 641, 451, 21258.20, 57359, 54421
1695572544, 0, 13, 239, 0, 0, 22405.86, 3, 0, 0, 0.09, 642, 451, 21258.20, 57359, 54421
1695572555, 0, 13, 240, 0, 0, 22405.86, 3, 0, 0, 0.09, 643, 451, 21258.20, 57359, 54421
1695572566, 0, 13, 241, 0, 0, 22405.86, 3, 0, 0, 0.09, 644, 451, 21258.20, 57359, 54421
1695572576, 0, 13, 242, 0, 0, 22405.86, 3, 0, 0, 0.10, 645, 451, 21258.20, 57359, 54421
1695572587, 0, 13, 242, 0, 0, 22405.86, 3, 0, 0, 0.09, 646, 451, 21258.20, 57359, 54421
1695572598, 0, 13, 243, 0, 0, 22405.86, 3, 0, 0, 0.09, 647, 451, 21258.20, 57359, 54421
1695572609, 0, 13, 243, 0, 0, 22405.86, 3, 0, 0, 0.09, 648, 451, 21258.20, 57359, 54421
1695572620, 0, 13, 243, 0, 0, 22405.86, 3, 0, 0, 0.09, 649, 451, 21258.20, 57359, 54421
1695572630, 0, 13, 243, 0, 0, 22405.86, 3, 0, 0, 0.10, 650, 451, 21258.20, 57359, 54421
1695572641, 0, 13, 243, 0, 0, 22405.86, 3, 0, 0, 0.09, 651, 451, 21258.20, 57359, 54421
1695572652, 0, 13, 243, 0, 0, 22405.86, 3, 0, 0, 0.09, 652, 451, 21258.20, 57359, 54421
1695572663, 0, 13, 243, 0, 0, 22405.86, 3, 0, 0, 0.10, 653, 451, 21258.20, 57359, 54421
1695572674, 0, 13, 243, 0, 0, 22405.86, 3, 0, 0, 0.09, 654, 451, 21258.20, 57359, 54421
1695572685, 0, 13, 244, 0, 0, 22405.86, 3, 0, 0, 0.09, 655, 451, 21258.20, 57359, 54421
1695572695, 0, 13, 244, 0, 0, 22405.86, 3, 0, 0, 0.09, 656, 451, 21258.20, 57359, 54421
1695572706, 0, 13, 245, 0, 0, 22405.86, 3, 0, 0, 0.09, 657, 451, 21258.20, 57359, 54421
1695572717, 0, 13, 245, 0, 0, 22405.86, 3, 0, 0, 0.09, 658, 451, 21258.20, 57359, 54421
1695572727, 0, 13, 246, 0, 0, 22405.86, 3, 0, 0, 0.09, 659, 451, 21258.20, 57359, 54421
1695572739, 0, 13, 247, 0, 0, 22405.86, 3, 0, 0, 0.09, 660, 451, 21258.20, 57359, 54421
1695572749, 0, 13, 247, 0, 0, 22405.86, 3, 0, 0, 0.09, 661, 451, 21258.20, 57359, 54421
1695572760, 0, 13, 247, 0, 0, 22405.86, 3, 0, 0, 0.09, 662, 451, 21258.20, 57359, 54421
1695572772, 0, 13, 247, 0, 0, 22405.86, 3, 0, 0, 0.08, 663, 451, 21258.20, 57359, 54421
1695572783, 0, 13, 247, 0, 0, 22405.86, 3, 0, 0, 0.09, 664, 451, 21258.20, 57359, 54421
1695572794, 0, 13, 248, 0, 0, 22405.86, 3, 0, 0, 0.09, 665, 451, 21258.20, 57359, 54421
1695572805, 0, 13, 249, 0, 0, 22405.86, 3, 0, 0, 0.09, 666, 451, 21258.20, 57359, 54421
1695572816, 0, 13, 249, 0, 0, 22405.86, 3, 0, 0, 0.09, 667, 451, 21258.20, 57359, 54421
1695572827, 0, 13, 249, 0, 0, 22405.86, 3, 0, 0, 0.09, 668, 451, 21258.20, 57359, 54421
1695572838, 0, 13, 249, 0, 0, 22405.86, 3, 0, 0, 0.09, 669, 451, 21258.20, 57359, 54421
1695572849, 0, 13, 249, 0, 0, 22405.86, 3, 0, 0, 0.09, 670, 451, 21258.20, 57359, 54421
1695572860, 0, 13, 249, 0, 0, 22405.86, 3, 0, 0, 0.09, 671, 451, 21258.20, 57359, 54421
1695572871, 0, 13, 250, 0, 0, 22405.86, 3, 0, 0, 0.09, 672, 451, 21258.20, 57359, 54421
1695572882, 0, 13, 251, 0, 0, 22405.86, 3, 0, 0, 0.09, 673, 451, 21258.20, 57359, 54421
1695572893, 0, 13, 251, 0, 0, 22405.86, 3, 0, 0, 0.09, 674, 451, 21258.20, 57359, 54421
1695572904, 0, 13, 252, 0, 0, 22405.86, 3, 0, 0, 0.09, 675, 451, 21258.20, 57359, 54421
1695572915, 0, 13, 253, 0, 0, 22405.86, 3, 0, 0, 0.09, 676, 451, 21258.20, 57359, 54421
1695572927, 0, 13, 254, 0, 0, 22405.86, 3, 0, 0, 0.09, 677, 451, 21258.20, 57359, 54421
1695572938, 0, 13, 255, 0, 0, 22405.86, 3, 0, 0, 0.09, 678, 451, 21258.20, 57359, 54421
1695572949, 0, 13, 255, 0, 0, 22405.86, 3, 0, 0, 0.09, 679, 451, 21258.20, 57359, 54421
1695572960, 0, 13, 255, 0, 0, 22405.86, 3, 0, 0, 0.09, 680, 451, 21258.20, 57359, 54421
1695572973, 0, 13, 256, 0, 0, 22405.86, 3, 0, 0, 0.07, 681, 451, 21258.20, 57359, 54421
1695572985, 0, 13, 257, 0, 0, 22405.86, 3, 0, 0, 0.08, 682, 451, 21258.20, 57359, 54421
1695572996, 0, 13, 257, 0, 0, 22405.86, 3, 0, 0, 0.09, 683, 451, 21258.20, 57359, 54421
1695573007, 0, 13, 257, 0, 0, 22405.86, 3, 0, 0, 0.09, 684, 451, 21258.20, 57359, 54421
1695573018, 0, 13, 257, 0, 0, 22405.86, 3, 0, 0, 0.09, 685, 451, 21258.20, 57359, 54421
1695573029, 0, 13, 257, 0, 0, 22405.86, 3, 0, 0, 0.09, 686, 451, 21258.20, 57359, 54421
1695573040, 0, 13, 258, 0, 0, 22405.86, 3, 0, 0, 0.09, 687, 451, 21258.20, 57359, 54421
1695573051, 0, 13, 259, 0, 0, 22405.86, 3, 0, 0, 0.09, 688, 451, 21258.20, 57359, 54421
1695573063, 0, 13, 259, 0, 0, 22405.86, 3, 0, 0, 0.09, 689, 451, 21258.20, 57359, 54421
1695573073, 0, 13, 260, 0, 0, 22405.86, 3, 0, 0, 0.09, 690, 451, 21258.20, 57359, 54421
1695573084, 0, 13, 261, 0, 0, 22405.86, 3, 0, 0, 0.09, 691, 451, 21258.20, 57359, 54421
1695573095, 0, 13, 262, 0, 0, 22405.86, 3, 0, 0, 0.09, 692, 451, 21258.20, 57359, 54421
1695573106, 0, 13, 263, 0, 0, 22405.86, 3, 0, 0, 0.09, 693, 451, 21258.20, 57359, 54421
1695573117, 0, 13, 263, 0, 0, 22405.86, 3, 0, 0, 0.09, 694, 451, 21258.20, 57359, 54421
1695573127, 0, 13, 263, 0, 0, 22405.86, 3, 0, 0, 0.09, 695, 451, 21258.20, 57359, 54421
1695573138, 0, 13, 264, 0, 0, 22405.86, 3, 0, 0, 0.09, 696, 451, 21258.20, 57359, 54421
1695573149, 0, 13, 264, 0, 0, 22405.86, 3, 0, 0, 0.09, 697, 451, 21258.20, 57359, 54421
1695573160, 0, 13, 265, 0, 0, 22405.86, 3, 0, 0, 0.09, 698, 451, 21258.20, 57359, 54421
1695573171, 0, 13, 266, 0, 0, 22405.86, 3, 0, 0, 0.09, 699, 451, 21258.20, 57359, 54421
1695573182, 0, 13, 267, 0, 0, 22405.86, 3, 0, 0, 0.09, 700, 451, 21258.20, 57359, 54421
1695573193, 0, 13, 268, 0, 0, 22405.86, 3, 0, 0, 0.09, 701, 451, 21258.20, 57359, 54421
1695573204, 0, 13, 268, 0, 0, 22405.86, 3, 0, 0, 0.09, 702, 451, 21258.20, 57359, 54421
1695573215, 0, 13, 268, 0, 0, 22405.86, 3, 0, 0, 0.09, 703, 451, 21258.20, 57359, 54421
1695573225, 0, 13, 268, 0, 0, 22405.86, 3, 0, 0, 0.09, 704, 451, 21258.20, 57359, 54421
1695573236, 0, 13, 268, 0, 0, 22405.86, 3, 0, 0, 0.09, 705, 451, 21258.20, 57359, 54421
1695573246, 0, 13, 269, 0, 0, 22405.86, 3, 0, 0, 0.10, 706, 451, 21258.20, 57359, 54421
1695573258, 0, 13, 269, 0, 0, 22405.86, 3, 0, 0, 0.09, 707, 451, 21258.20, 57359, 54421
1695573268, 0, 13, 269, 0, 0, 22405.86, 3, 0, 0, 0.10, 708, 451, 21258.20, 57359, 54421
1695573279, 0, 13, 269, 0, 0, 22405.86, 3, 0, 0, 0.09, 709, 451, 21258.20, 57359, 54421
1695573290, 0, 13, 269, 0, 0, 22405.86, 3, 0, 0, 0.09, 710, 451, 21258.20, 57359, 54421
1695573300, 0, 13, 269, 0, 0, 22405.86, 3, 0, 0, 0.10, 711, 451, 21258.20, 57359, 54421
1695573311, 0, 13, 269, 0, 0, 22405.86, 3, 0, 0, 0.09, 712, 451, 21258.20, 57359, 54421
1695573322, 0, 13, 270, 0, 0, 22406.25, 3, 0, 0, 0.09, 713, 451, 21258.59, 57360, 54422
1695573333, 0, 13, 270, 0, 0, 22406.25, 3, 0, 0, 0.09, 714, 451, 21258.59, 57360, 54422
1695573344, 0, 13, 271, 0, 0, 22406.25, 3, 0, 0, 0.09, 715, 451, 21258.59, 57360, 54422
1695573355, 0, 13, 271, 0, 0, 22406.25, 3, 0, 0, 0.09, 716, 451, 21258.59, 57360, 54422
1695573366, 0, 13, 271, 0, 0, 22406.25, 3, 0, 0, 0.09, 717, 451, 21258.59, 57360, 54422
1695573377, 0, 13, 271, 0, 0, 22406.25, 3, 0, 0, 0.09, 718, 451, 21258.59, 57360, 54422
1695573387, 0, 13, 271, 0, 0, 22406.25, 3, 0, 0, 0.09, 719, 451, 21258.59, 57360, 54422
1695573398, 0, 13, 271, 0, 0, 22406.25, 3, 0, 0, 0.09, 720, 451, 21258.59, 57360, 54422
1695573409, 0, 13, 271, 0, 0, 22406.25, 3, 0, 0, 0.09, 721, 451, 21258.59, 57360, 54422
1695573420, 0, 13, 271, 0, 0, 22406.25, 3, 0, 0, 0.09, 722, 451, 21258.59, 57360, 54422
1695573431, 0, 13, 271, 0, 0, 22406.25, 3, 0, 0, 0.09, 723, 451, 21258.59, 57360, 54422
1695573442, 0, 13, 271, 0, 0, 22406.25, 3, 0, 0, 0.09, 724, 451, 21258.59, 57360, 54422
1695573453, 0, 13, 271, 0, 0, 22406.25, 3, 0, 0, 0.09, 725, 451, 21258.59, 57360, 54422
1695573464, 0, 13, 271, 0, 0, 22406.25, 3, 0, 0, 0.09, 726, 451, 21258.59, 57360, 54422
1695573475, 0, 13, 272, 0, 0, 22406.25, 3, 0, 0, 0.09, 727, 451, 21258.59, 57360, 54422
1695573486, 0, 13, 272, 0, 0, 22406.25, 3, 0, 0, 0.09, 728, 451, 21258.59, 57360, 54422
1695573497, 0, 13, 273, 0, 0, 22406.25, 3, 0, 0, 0.09, 729, 451, 21258.59, 57360, 54422
1695573508, 0, 13, 274, 0, 0, 22406.25, 3, 0, 0, 0.09, 730, 451, 21258.59, 57360, 54422
1695573519, 0, 13, 275, 0, 0, 22406.25, 3, 0, 0, 0.09, 731, 451, 21258.59, 57360, 54422
1695573529, 0, 13, 275, 0, 0, 22406.25, 3, 0, 0, 0.09, 732, 451, 21258.59, 57360, 54422
1695573540, 0, 13, 276, 0, 0, 22406.25, 3, 0, 0, 0.09, 733, 451, 21258.59, 57360, 54422
1695573551, 0, 13, 277, 0, 0, 22406.25, 3, 0, 0, 0.09, 734, 451, 21258.59, 57360, 54422
1695573562, 0, 13, 277, 0, 0, 22406.25, 3, 0, 0, 0.09, 735, 451, 21258.59, 57360, 54422
1695573573, 0, 13, 278, 0, 0, 22406.25, 3, 0, 0, 0.09, 736, 451, 21258.59, 57360, 54422
1695573584, 0, 13, 278, 0, 0, 22406.25, 3, 0, 0, 0.09, 737, 451, 21258.59, 57360, 54422
1695573595, 0, 13, 279, 0, 0, 22406.25, 3, 0, 0, 0.09, 738, 451, 21258.59, 57360, 54422
1695573606, 0, 13, 280, 0, 0, 22406.25, 3, 0, 0, 0.09, 739, 451, 21258.59, 57360, 54422
1695573617, 0, 13, 281, 0, 0, 22406.25, 3, 0, 0, 0.09, 740, 451, 21258.59, 57360, 54422
1695573628, 0, 13, 282, 0, 0, 22406.25, 3, 0, 0, 0.09, 741, 451, 21258.59, 57360, 54422
1695573639, 0, 13, 282, 0, 0, 22406.25, 3, 0, 0, 0.09, 742, 451, 21258.59, 57360, 54422
1695573650, 0, 13, 282, 0, 0, 22406.25, 3, 0, 0, 0.09, 743, 451, 21258.59, 57360, 54422
1695573661, 0, 13, 283, 0, 0, 22406.25, 3, 0, 0, 0.09, 744, 451, 21258.59, 57360, 54422
1695573672, 0, 13, 284, 0, 0, 22406.25, 3, 0, 0, 0.09, 745, 451, 21258.59, 57360, 54422
1695573683, 0, 13, 285, 0, 0, 22406.25, 3, 0, 0, 0.09, 746, 451, 21258.59, 57360, 54422
1695573694, 0, 13, 286, 0, 0, 22406.25, 3, 0, 0, 0.09, 747, 451, 21258.59, 57360, 54422
1695573705, 0, 13, 287, 0, 0, 22406.25, 3, 0, 0, 0.09, 748, 451, 21258.59, 57360, 54422
1695573716, 0, 13, 288, 0, 0, 22406.25, 3, 0, 0, 0.09, 749, 451, 21258.59, 57360, 54422
1695573727, 0, 13, 289, 0, 0, 22406.25, 3, 0, 0, 0.09, 750, 451, 21258.59, 57360, 54422
1695573738, 0, 13, 289, 0, 0, 22406.25, 3, 0, 0, 0.09, 751, 451, 21258.59, 57360, 54422
1695573749, 0, 13, 289, 0, 0, 22406.25, 3, 0, 0, 0.09, 752, 451, 21258.59, 57360, 54422
1695573760, 0, 13, 289, 0, 0, 22406.25, 3, 0, 0, 0.09, 753, 451, 21258.59, 57360, 54422
1695573771, 0, 13, 289, 0, 0, 22406.25, 3, 0, 0, 0.09, 754, 451, 21258.59, 57360, 54422
1695573782, 0, 13, 289, 0, 0, 22406.25, 3, 0, 0, 0.09, 755, 451, 21258.59, 57360, 54422
1695573794, 0, 13, 290, 0, 0, 22406.25, 3, 0, 0, 0.09, 756, 451, 21258.59, 57360, 54422
1695573805, 0, 13, 291, 0, 0, 22406.25, 3, 0, 0, 0.09, 757, 451, 21258.59, 57360, 54422
1695573816, 0, 13, 292, 0, 0, 22406.25, 3, 0, 0, 0.09, 758, 451, 21258.59, 57360, 54422
1695573827, 0, 13, 293, 0, 0, 22407.03, 3, 0, 0, 0.09, 759, 451, 21259.38, 57362, 54424
1695573838, 0, 13, 293, 0, 0, 22407.03, 3, 0, 0, 0.09, 760, 451, 21259.38, 57362, 54424
1695573849, 0, 13, 293, 0, 0, 22407.03, 3, 0, 0, 0.09, 761, 451, 21259.38, 57362, 54424
1695573859, 0, 13, 294, 0, 0, 22407.03, 3, 0, 0, 0.09, 762, 451, 21259.38, 57362, 54424
1695573870, 0, 13, 295, 0, 0, 22407.03, 3, 0, 0, 0.09, 763, 451, 21259.38, 57362, 54424
1695573881, 0, 13, 296, 0, 0, 22407.03, 3, 0, 0, 0.09, 764, 451, 21259.38, 57362, 54424
1695573891, 0, 13, 297, 0, 0, 22407.03, 3, 0, 0, 0.09, 765, 451, 21259.38, 57362, 54424
1695573903, 0, 13, 298, 0, 0, 22407.03, 3, 0, 0, 0.09, 766, 451, 21259.38, 57362, 54424
1695573914, 0, 13, 299, 0, 0, 22407.03, 3, 0, 0, 0.09, 767, 451, 21259.38, 57362, 54424
1695573925, 0, 13, 300, 0, 0, 22407.03, 3, 0, 0, 0.09, 768, 451, 21259.38, 57362, 54424
1695573936, 0, 13, 300, 0, 0, 22407.03, 3, 0, 0, 0.09, 769, 451, 21259.38, 57362, 54424
1695573947, 0, 13, 301, 0, 0, 22407.03, 3, 0, 0, 0.09, 770, 451, 21259.38, 57362, 54424
1695573958, 0, 13, 302, 0, 0, 22407.03, 3, 0, 0, 0.09, 771, 451, 21259.38, 57362, 54424
1695573969, 0, 13, 303, 0, 0, 22407.03, 3, 0, 0, 0.09, 772, 451, 21259.38, 57362, 54424
1695573980, 0, 13, 304, 0, 0, 22407.03, 3, 0, 0, 0.09, 773, 451, 21259.38, 57362, 54424
1695573991, 0, 13, 304, 0, 0, 22407.03, 3, 0, 0, 0.09, 774, 451, 21259.38, 57362, 54424
1695574002, 0, 13, 304, 0, 0, 22407.03, 3, 0, 0, 0.09, 775, 451, 21259.38, 57362, 54424
1695574013, 0, 13, 304, 0, 0, 22407.03, 3, 0, 0, 0.09, 776, 451, 21259.38, 57362, 54424
1695574024, 0, 13, 304, 0, 0, 22407.03, 3, 0, 0, 0.09, 777, 451, 21259.38, 57362, 54424
1695574034, 0, 13, 304, 0, 0, 22407.03, 3, 0, 0, 0.09, 778, 451, 21259.38, 57362, 54424
1695574045, 0, 13, 304, 0, 0, 22407.03, 3, 0, 0, 0.09, 779, 451, 21259.38, 57362, 54424
1695574056, 0, 13, 304, 0, 0, 22407.03, 3, 0, 0, 0.09, 780, 451, 21259.38, 57362, 54424
1695574067, 0, 13, 304, 0, 0, 22407.03, 3, 0, 0, 0.09, 781, 451, 21259.38, 57362, 54424
1695574078, 0, 13, 304, 0, 0, 22407.03, 3, 0, 0, 0.09, 782, 451, 21259.38, 57362, 54424
1695574089, 0, 13, 304, 0, 0, 22407.03, 3, 0, 0, 0.09, 783, 451, 21259.38, 57362, 54424
1695574101, 0, 13, 305, 0, 0, 22407.03, 3, 0, 0, 0.09, 784, 451, 21259.38, 57362, 54424
1695574111, 0, 13, 305, 0, 0, 22407.03, 3, 0, 0, 0.09, 785, 451, 21259.38, 57362, 54424
1695574122, 0, 13, 305, 0, 0, 22407.03, 3, 0, 0, 0.09, 786, 451, 21259.38, 57362, 54424
1695574133, 0, 13, 305, 0, 0, 22407.03, 3, 0, 0, 0.09, 787, 451, 21259.38, 57362, 54424
1695574144, 0, 13, 305, 0, 0, 22407.03, 3, 0, 0, 0.09, 788, 451, 21259.38, 57362, 54424
1695574156, 0, 13, 305, 0, 0, 22407.03, 3, 0, 0, 0.09, 789, 451, 21259.38, 57362, 54424
1695574167, 0, 13, 305, 0, 0, 22407.03, 3, 0, 0, 0.09, 790, 451, 21259.38, 57362, 54424
1695574178, 0, 13, 305, 0, 0, 22407.03, 3, 0, 0, 0.09, 791, 451, 21259.38, 57362, 54424
1695574189, 0, 13, 306, 0, 0, 22407.03, 3, 0, 0, 0.09, 792, 451, 21259.38, 57362, 54424
1695574201, 0, 13, 306, 0, 0, 22407.03, 3, 0, 0, 0.09, 793, 451, 21259.38, 57362, 54424
1695574213, 0, 13, 306, 0, 0, 22407.03, 3, 0, 0, 0.09, 794, 451, 21259.38, 57362, 54424
1695574224, 0, 13, 306, 0, 0, 22407.03, 3, 0, 0, 0.09, 795, 451, 21259.38, 57362, 54424
1695574235, 0, 13, 307, 0, 0, 22407.03, 3, 0, 0, 0.09, 796, 451, 21259.38, 57362, 54424
1695574246, 0, 13, 307, 0, 0, 22407.03, 3, 0, 0, 0.09, 797, 451, 21259.38, 57362, 54424
1695574257, 0, 13, 308, 0, 0, 22407.03, 3, 0, 0, 0.09, 798, 451, 21259.38, 57362, 54424
1695574268, 0, 13, 308, 0, 0, 22407.03, 3, 0, 0, 0.09, 799, 451, 21259.38, 57362, 54424
1695574278, 0, 13, 308, 0, 0, 22407.03, 3, 0, 0, 0.09, 800, 451, 21259.38, 57362, 54424
1695574290, 0, 13, 308, 0, 0, 22407.03, 3, 0, 0, 0.09, 801, 451, 21259.38, 57362, 54424
1695574301, 0, 13, 309, 0, 0, 22407.03, 3, 0, 0, 0.09, 802, 451, 21259.38, 57362, 54424
1695574312, 0, 13, 309, 0, 0, 22407.03, 3, 0, 0, 0.09, 803, 451, 21259.38, 57362, 54424
1695574323, 0, 13, 309, 0, 0, 22407.03, 3, 0, 0, 0.09, 804, 451, 21259.38, 57362, 54424
1695574334, 0, 13, 309, 0, 0, 22407.03, 3, 0, 0, 0.09, 805, 451, 21259.38, 57362, 54424
1695574344, 0, 13, 309, 0, 0, 22407.03, 3, 0, 0, 0.09, 806, 451, 21259.38, 57362, 54424
1695574356, 0, 13, 310, 0, 0, 22407.03, 3, 0, 0, 0.09, 807, 451, 21259.38, 57362, 54424
1695574367, 0, 13, 310, 0, 0, 22407.03, 3, 0, 0, 0.09, 808, 451, 21259.38, 57362, 54424
1695574377, 0, 13, 310, 0, 0, 22407.03, 3, 0, 0, 0.09, 809, 451, 21259.38, 57362, 54424
1695574393, 0, 13, 310, 0, 0, 22407.03, 3, 0, 0, 0.07, 810, 451, 21259.38, 57362, 54424
1695574393, 0, 13, 310, 0, 0, 22407.03, 3, 0, 0, 0.00, 810, 451, 21259.38, 57362, 54424
