# unix_time, cycles_done, cur_path, paths_total, pending_total, pending_favs, map_size, unique_crashes, unique_hangs, max_depth, execs_per_sec, valid_inputs, invalid_inputs, valid_cov, all_covered_probes, valid_covered_probes
1695407349, 0, 0, 1, 0, 0, 4344.53, 0, 0, 0, 0.36, 0, 1, 0.00, 11122, 0
1695407350, 0, 0, 3, 0, 0, 4590.63, 0, 0, 0, 4.15, 1, 2, 2773.83, 11752, 7101
1695407350, 0, 0, 9, 0, 0, 4732.03, 0, 0, 0, 19.29, 3, 6, 2878.52, 12114, 7369
1695407350, 0, 0, 14, 0, 0, 5046.48, 0, 0, 0, 14.39, 6, 9, 2878.52, 12919, 7369
1695407375, 0, 0, 17, 0, 0, 5087.11, 1, 0, 0, 0.50, 8, 19, 2917.97, 13023, 7470
1695407387, 0, 0, 24, 0, 0, 21221.09, 1, 0, 0, 0.82, 13, 24, 20036.72, 54326, 51294
1695407387, 0, 0, 38, 0, 0, 21520.31, 1, 0, 0, 92.36, 18, 48, 20355.86, 55092, 52111
1695407399, 0, 0, 39, 0, 0, 21692.97, 1, 0, 0, 1.11, 19, 60, 20528.52, 55534, 52553
1695407412, 0, 0, 44, 0, 0, 21729.69, 1, 0, 0, 0.89, 22, 69, 20580.47, 55628, 52686
1695407413, 0, 0, 49, 0, 0, 21729.69, 1, 0, 0, 22.58, 23, 75, 20580.47, 55628, 52686
1695407425, 0, 0, 52, 0, 0, 21760.94, 1, 0, 0, 0.89, 27, 82, 20612.50, 55708, 52768
1695407437, 0, 0, 55, 0, 0, 22144.92, 1, 0, 0, 0.99, 30, 91, 20998.05, 56691, 53755
1695407452, 0, 0, 56, 0, 0, 22171.48, 1, 0, 0, 0.07, 31, 91, 21024.61, 56759, 53823
1695407464, 0, 0, 62, 0, 0, 22178.91, 1, 0, 0, 1.19, 33, 103, 21032.03, 56778, 53842
1695407475, 0, 0, 64, 0, 0, 22178.91, 1, 0, 0, 0.35, 34, 106, 21032.03, 56778, 53842
1695407490, 0, 0, 72, 0, 0, 22180.86, 1, 0, 0, 1.99, 43, 127, 21033.98, 56783, 53847
1695407502, 0, 0, 73, 0, 0, 22182.81, 1, 0, 0, 0.08, 44, 127, 21035.94, 56788, 53852
1695407516, 0, 1, 77, 0, 0, 22187.11, 1, 0, 0, 1.55, 52, 140, 21040.23, 56799, 53863
1695407516, 0, 1, 81, 0, 0, 22187.11, 1, 0, 0, 108.20, 63, 162, 21040.23, 56799, 53863
1695407531, 0, 1, 83, 0, 0, 22196.88, 1, 0, 0, 1.47, 68, 179, 21050.00, 56824, 53888
1695407543, 0, 1, 84, 0, 0, 22196.88, 1, 0, 0, 0.16, 69, 180, 21050.00, 56824, 53888
1695407557, 0, 2, 86, 0, 0, 22340.63, 1, 0, 0, 0.99, 73, 190, 21193.75, 57192, 54256
1695407571, 0, 2, 87, 0, 0, 22342.58, 1, 0, 0, 0.07, 74, 190, 21195.70, 57197, 54261
1695407584, 0, 2, 91, 0, 0, 22344.14, 1, 0, 0, 1.30, 90, 191, 21197.27, 57201, 54265
1695407597, 0, 2, 94, 0, 0, 22344.53, 1, 0, 0, 0.30, 93, 192, 21197.66, 57202, 54266
1695407610, 0, 2, 96, 0, 0, 22344.53, 1, 0, 0, 0.37, 98, 192, 21197.66, 57202, 54266
1695407624, 0, 2, 100, 0, 0, 22345.31, 1, 0, 0, 0.30, 101, 193, 21198.44, 57204, 54268
1695407636, 0, 2, 102, 0, 0, 22345.31, 1, 0, 0, 0.16, 102, 194, 21198.44, 57204, 54268
1695407649, 0, 2, 106, 0, 0, 22346.48, 1, 0, 0, 1.24, 115, 197, 21199.61, 57207, 54271
1695407663, 0, 2, 109, 0, 0, 22346.48, 1, 0, 0, 0.58, 122, 198, 21199.61, 57207, 54271
1695407677, 0, 2, 112, 0, 0, 22362.89, 1, 0, 0, 0.63, 128, 201, 21216.02, 57249, 54313
1695407691, 0, 2, 113, 0, 0, 22362.89, 1, 0, 0, 0.07, 129, 201, 21216.02, 57249, 54313
1695407706, 0, 2, 115, 0, 0, 22365.23, 1, 0, 0, 0.13, 130, 202, 21218.36, 57255, 54319
1695407721, 0, 2, 119, 0, 0, 22366.41, 1, 0, 0, 1.62, 150, 206, 21219.53, 57258, 54322
1695407735, 0, 2, 122, 0, 0, 22366.41, 1, 0, 0, 0.69, 156, 210, 21219.53, 57258, 54322
1695407750, 0, 2, 124, 0, 0, 22366.41, 1, 0, 0, 0.20, 158, 211, 21219.53, 57258, 54322
1695407751, 0, 3, 126, 0, 0, 22366.41, 1, 0, 0, 46.67, 169, 214, 21219.53, 57258, 54322
1695407765, 0, 3, 127, 0, 0, 22366.41, 1, 0, 0, 0.14, 170, 215, 21219.53, 57258, 54322
1695407766, 0, 3, 129, 0, 0, 22366.41, 1, 0, 0, 66.67, 183, 222, 21219.53, 57258, 54322
1695407780, 0, 3, 130, 0, 0, 22366.80, 1, 0, 0, 0.07, 184, 222, 21219.92, 57259, 54323
1695407795, 0, 3, 131, 0, 0, 22366.80, 1, 0, 0, 0.07, 185, 222, 21219.92, 57259, 54323
1695407816, 0, 3, 131, 0, 0, 22366.80, 2, 0, 0, 0.05, 185, 223, 21219.92, 57259, 54323
1695407830, 0, 3, 133, 0, 0, 22366.80, 2, 0, 0, 0.22, 188, 223, 21219.92, 57259, 54323
1695407884, 0, 3, 134, 0, 0, 22440.23, 2, 0, 0, 0.04, 190, 223, 21293.36, 57447, 54511
1695407899, 0, 3, 139, 0, 0, 22440.23, 2, 0, 0, 1.18, 204, 227, 21293.36, 57447, 54511
1695407900, 0, 4, 141, 0, 0, 22448.05, 2, 0, 0, 57.58, 216, 234, 21301.17, 57467, 54531
1695407913, 0, 4, 142, 0, 0, 22448.83, 2, 0, 0, 2.09, 225, 254, 21301.95, 57469, 54533
1695407928, 0, 4, 143, 0, 0, 22448.83, 2, 0, 0, 0.13, 226, 255, 21301.95, 57469, 54533
1695407929, 0, 4, 145, 0, 0, 22448.83, 2, 0, 0, 49.84, 231, 266, 21301.95, 57469, 54533
1695407929, 0, 6, 145, 0, 0, 22448.83, 2, 0, 0, 41.40, 237, 273, 21301.95, 57469, 54533
1695407942, 0, 6, 146, 0, 0, 22448.83, 2, 0, 0, 0.08, 238, 273, 21301.95, 57469, 54533
1695407942, 0, 6, 147, 0, 0, 22448.83, 2, 0, 0, 42.90, 249, 275, 21301.95, 57469, 54533
1695407957, 0, 6, 148, 0, 0, 22448.83, 2, 0, 0, 0.93, 262, 276, 21301.95, 57469, 54533
1695407972, 0, 6, 151, 0, 0, 22448.83, 2, 0, 0, 0.79, 271, 279, 21301.95, 57469, 54533
1695407986, 0, 6, 152, 0, 0, 22448.83, 2, 0, 0, 0.44, 274, 282, 21301.95, 57469, 54533
1695407999, 0, 6, 155, 0, 0, 22448.83, 2, 0, 0, 0.84, 281, 286, 21301.95, 57469, 54533
1695408013, 0, 7, 156, 0, 0, 22449.22, 2, 0, 0, 1.61, 295, 294, 21302.34, 57470, 54534
1695408026, 0, 7, 158, 0, 0, 22449.22, 2, 0, 0, 1.47, 299, 310, 21302.34, 57470, 54534
1695408039, 0, 7, 160, 0, 0, 22449.22, 2, 0, 0, 1.62, 303, 327, 21302.34, 57470, 54534
1695408068, 0, 7, 162, 0, 0, 22449.22, 2, 0, 0, 0.42, 307, 335, 21302.34, 57470, 54534
1695408081, 0, 8, 164, 0, 0, 22449.22, 2, 0, 0, 0.83, 315, 338, 21302.34, 57470, 54534
1695408094, 0, 8, 165, 0, 0, 22449.22, 2, 0, 0, 0.54, 321, 339, 21302.34, 57470, 54534
1695408094, 0, 8, 167, 0, 0, 22449.22, 2, 0, 0, 56.29, 335, 342, 21302.34, 57470, 54534
1695408110, 0, 8, 168, 0, 0, 22449.22, 2, 0, 0, 0.39, 340, 343, 21310.55, 57470, 54555
1695408110, 0, 8, 169, 0, 0, 22449.22, 2, 0, 0, 27.86, 348, 344, 21310.55, 57470, 54555
1695408132, 0, 8, 170, 0, 0, 22457.42, 2, 0, 0, 0.46, 356, 346, 21318.75, 57491, 54576
1695408132, 0, 8, 172, 0, 0, 22457.42, 2, 0, 0, 29.41, 363, 349, 21318.75, 57491, 54576
1695408146, 0, 8, 173, 0, 0, 22457.42, 2, 0, 0, 0.07, 364, 349, 21318.75, 57491, 54576
1695408172, 0, 8, 175, 0, 0, 22457.42, 2, 0, 0, 0.11, 367, 349, 21318.75, 57491, 54576
1695408173, 0, 8, 177, 0, 0, 22457.42, 2, 0, 0, 21.08, 373, 350, 21318.75, 57491, 54576
1695408173, 0, 8, 178, 0, 0, 22457.42, 2, 0, 0, 33.85, 379, 355, 21318.75, 57491, 54576
1695408185, 0, 8, 178, 0, 0, 22457.42, 2, 0, 0, 0.57, 383, 358, 21318.75, 57491, 54576
1695408199, 0, 9, 180, 0, 0, 22457.42, 2, 0, 0, 0.36, 387, 359, 21318.75, 57491, 54576
1695408216, 0, 10, 181, 0, 0, 22483.59, 2, 0, 0, 0.17, 389, 360, 21345.31, 57558, 54644
1695408237, 0, 12, 184, 0, 0, 22483.98, 2, 0, 0, 0.20, 390, 363, 21346.88, 57559, 54648
1695408237, 0, 12, 186, 0, 0, 22483.98, 2, 0, 0, 59.17, 396, 377, 21346.88, 57559, 54648
1695408251, 0, 12, 187, 0, 0, 22484.38, 2, 0, 0, 0.07, 397, 377, 21347.27, 57560, 54649
1695408266, 0, 12, 189, 0, 0, 22490.23, 2, 0, 0, 0.97, 401, 387, 21353.13, 57575, 54664
1695408266, 0, 12, 190, 0, 0, 22490.23, 2, 0, 0, 48.23, 405, 398, 21353.13, 57575, 54664
1695408279, 0, 12, 191, 0, 0, 22490.23, 2, 0, 0, 0.71, 407, 405, 21353.13, 57575, 54664
1695408291, 0, 13, 192, 0, 0, 22490.23, 2, 0, 0, 0.24, 409, 406, 21353.13, 57575, 54664
1695408304, 0, 13, 194, 0, 0, 22490.23, 2, 0, 0, 0.23, 411, 407, 21353.13, 57575, 54664
1695408324, 0, 13, 195, 0, 0, 22490.23, 2, 0, 0, 0.10, 413, 407, 21353.13, 57575, 54664
1695408338, 0, 13, 197, 0, 0, 22490.23, 2, 0, 0, 0.50, 415, 412, 21353.13, 57575, 54664
1695408338, 0, 13, 199, 0, 0, 22490.23, 2, 0, 0, 61.29, 421, 425, 21353.13, 57575, 54664
1695408350, 0, 13, 199, 0, 0, 22490.23, 2, 0, 0, 0.17, 421, 427, 21353.13, 57575, 54664
1695408350, 0, 13, 200, 0, 0, 22490.23, 2, 0, 0, 33.74, 424, 435, 21353.13, 57575, 54664
1695408351, 0, 13, 200, 0, 0, 22490.23, 2, 0, 0, 45.16, 428, 445, 21353.13, 57575, 54664
1695408368, 0, 13, 201, 0, 0, 22490.23, 2, 0, 0, 0.12, 429, 446, 21353.13, 57575, 54664
1695408381, 0, 13, 203, 0, 0, 22490.23, 2, 0, 0, 1.35, 434, 459, 21353.13, 57575, 54664
1695408396, 0, 13, 205, 0, 0, 22490.23, 2, 0, 0, 1.12, 442, 467, 21353.13, 57575, 54664
1695408410, 0, 13, 206, 0, 0, 22490.23, 2, 0, 0, 0.28, 444, 469, 21353.13, 57575, 54664
1695408423, 0, 13, 208, 0, 0, 22490.23, 2, 0, 0, 0.67, 449, 473, 21353.13, 57575, 54664
1695408424, 0, 14, 210, 0, 0, 22490.23, 2, 0, 0, 44.78, 454, 483, 21353.13, 57575, 54664
1695408439, 0, 14, 211, 0, 0, 22490.23, 2, 0, 0, 0.93, 463, 488, 21353.13, 57575, 54664
1695408439, 0, 14, 212, 0, 0, 22490.23, 2, 0, 0, 37.50, 471, 492, 21353.13, 57575, 54664
1695408439, 0, 15, 212, 0, 0, 22490.23, 2, 0, 0, 68.75, 481, 504, 21353.13, 57575, 54664
1695408456, 0, 15, 213, 0, 0, 22490.23, 2, 0, 0, 0.31, 484, 506, 21353.13, 57575, 54664
1695408456, 0, 15, 213, 0, 0, 22490.23, 2, 0, 0, 61.89, 488, 521, 21353.13, 57575, 54664
1695408470, 0, 17, 214, 0, 0, 22490.23, 2, 0, 0, 0.84, 492, 529, 21353.13, 57575, 54664
1695408470, 0, 17, 216, 0, 0, 22490.23, 2, 0, 0, 22.51, 494, 534, 21353.13, 57575, 54664
1695408484, 0, 17, 217, 0, 0, 22490.23, 2, 0, 0, 0.95, 500, 541, 21353.13, 57575, 54664
1695408484, 0, 17, 218, 0, 0, 22490.23, 2, 0, 0, 38.10, 503, 550, 21353.13, 57575, 54664
1695408485, 0, 17, 218, 0, 0, 22490.23, 2, 0, 0, 56.67, 509, 561, 21353.13, 57575, 54664
1695408485, 0, 17, 218, 0, 0, 22490.23, 2, 0, 0, 37.97, 511, 571, 21353.13, 57575, 54664
1695408498, 0, 17, 218, 0, 0, 22490.23, 2, 0, 0, 0.45, 513, 575, 21353.13, 57575, 54664
1695408515, 0, 17, 219, 0, 0, 22491.80, 2, 0, 0, 0.18, 514, 577, 21354.69, 57579, 54668
1695408529, 0, 17, 220, 0, 0, 22491.80, 2, 0, 0, 0.07, 515, 577, 21354.69, 57579, 54668
1695408541, 0, 17, 221, 0, 0, 22491.80, 2, 0, 0, 1.19, 521, 586, 21354.69, 57579, 54668
1695408558, 0, 17, 222, 0, 0, 22491.80, 2, 0, 0, 0.18, 522, 588, 21354.69, 57579, 54668
1695408558, 0, 18, 223, 0, 0, 22491.80, 2, 0, 0, 41.80, 530, 593, 21354.69, 57579, 54668
1695408559, 0, 18, 223, 0, 0, 22491.80, 2, 0, 0, 44.12, 543, 595, 21354.69, 57579, 54668
1695408559, 0, 18, 223, 0, 0, 22491.80, 2, 0, 0, 23.95, 548, 598, 21354.69, 57579, 54668
1695408559, 0, 18, 223, 0, 0, 22491.80, 2, 0, 0, 32.05, 555, 601, 21354.69, 57579, 54668
1695408576, 0, 18, 223, 0, 0, 22491.80, 2, 0, 0, 0.18, 558, 601, 21354.69, 57579, 54668
1695408576, 0, 18, 223, 0, 0, 22491.80, 2, 0, 0, 31.55, 564, 605, 21354.69, 57579, 54668
1695408576, 0, 18, 224, 0, 0, 22491.80, 2, 0, 0, 48.23, 575, 609, 21354.69, 57579, 54668
1695408591, 0, 18, 225, 0, 0, 22491.80, 2, 0, 0, 0.14, 577, 609, 21354.69, 57579, 54668
1695408604, 0, 18, 226, 0, 0, 22491.80, 2, 0, 0, 0.23, 580, 609, 21354.69, 57579, 54668
1695408618, 0, 19, 227, 0, 0, 22491.80, 2, 0, 0, 0.64, 588, 610, 21354.69, 57579, 54668
1695408632, 0, 19, 229, 0, 0, 22492.19, 2, 0, 0, 0.64, 593, 614, 21355.08, 57580, 54669
1695408646, 0, 19, 230, 0, 0, 22492.19, 2, 0, 0, 0.78, 602, 616, 21355.08, 57580, 54669
1695408660, 0, 19, 231, 0, 0, 22492.19, 2, 0, 0, 0.41, 607, 617, 21355.08, 57580, 54669
1695408682, 0, 19, 233, 0, 0, 22492.19, 2, 0, 0, 0.41, 616, 617, 21355.08, 57580, 54669
1695408683, 0, 19, 234, 0, 0, 22492.19, 2, 0, 0, 13.20, 620, 617, 21355.08, 57580, 54669
1695408696, 0, 19, 235, 0, 0, 22492.19, 2, 0, 0, 0.38, 623, 619, 21355.08, 57580, 54669
1695408709, 0, 19, 236, 0, 0, 22492.19, 2, 0, 0, 0.74, 631, 621, 21355.08, 57580, 54669
1695408723, 0, 19, 238, 0, 0, 22492.19, 2, 0, 0, 0.60, 638, 622, 21355.08, 57580, 54669
1695408723, 0, 19, 239, 0, 0, 22492.19, 2, 0, 0, 23.03, 644, 623, 21355.08, 57580, 54669
1695408765, 0, 19, 240, 0, 0, 22492.19, 2, 0, 0, 0.05, 646, 623, 21355.08, 57580, 54669
1695408778, 0, 19, 241, 0, 0, 22492.19, 2, 0, 0, 0.08, 647, 623, 21355.08, 57580, 54669
1695408779, 0, 20, 241, 0, 0, 22492.19, 2, 0, 0, 44.44, 652, 632, 21355.08, 57580, 54669
1695408796, 0, 20, 243, 0, 0, 22500.00, 2, 0, 0, 0.46, 657, 635, 21362.89, 57600, 54689
1695408796, 0, 20, 243, 0, 0, 22500.00, 2, 0, 0, 42.76, 662, 643, 21362.89, 57600, 54689
1695408797, 0, 20, 243, 0, 0, 22500.00, 2, 0, 0, 28.17, 667, 648, 21362.89, 57600, 54689
1695408810, 0, 20, 243, 0, 0, 22500.00, 3, 0, 0, 0.46, 667, 654, 21362.89, 57600, 54689
1695408824, 0, 20, 245, 0, 0, 22500.39, 3, 0, 0, 0.36, 669, 657, 21363.28, 57601, 54690
1695408872, 0, 20, 246, 0, 0, 24490.23, 3, 0, 0, 0.04, 670, 658, 23421.88, 62695, 59960
1695408885, 0, 20, 250, 0, 0, 24556.25, 4, 0, 0, 0.48, 671, 663, 23471.88, 62864, 60088
1695408898, 0, 20, 251, 0, 0, 24641.41, 4, 0, 0, 0.08, 672, 663, 23557.03, 63082, 60306
1695408910, 0, 20, 251, 0, 0, 24641.41, 5, 0, 0, 0.08, 672, 664, 23557.03, 63082, 60306
1695408933, 0, 20, 253, 0, 0, 24733.59, 5, 0, 0, 0.22, 674, 667, 23650.78, 63318, 60546
1695408947, 0, 20, 256, 0, 0, 24741.41, 5, 0, 0, 0.56, 676, 673, 23657.42, 63338, 60563
1695408960, 0, 20, 257, 0, 0, 24766.41, 5, 0, 0, 0.08, 677, 673, 23682.42, 63402, 60627
1695408961, 0, 21, 258, 0, 0, 24766.41, 5, 0, 0, 29.41, 679, 680, 23682.42, 63402, 60627
1695408961, 0, 21, 259, 0, 0, 24792.19, 5, 0, 0, 21.23, 680, 689, 23708.20, 63468, 60693
1695408961, 0, 21, 260, 0, 0, 24792.19, 5, 0, 0, 20.83, 682, 694, 23708.20, 63468, 60693
1695408962, 0, 21, 260, 0, 0, 24792.19, 5, 0, 0, 22.28, 684, 701, 23708.20, 63468, 60693
1695408962, 0, 21, 260, 0, 0, 24792.19, 5, 0, 0, 28.94, 684, 710, 23708.20, 63468, 60693
1695408985, 0, 21, 261, 0, 0, 25860.94, 5, 0, 0, 0.26, 686, 714, 24776.95, 66204, 63429
1695409009, 0, 21, 262, 0, 0, 27274.61, 5, 0, 0, 0.30, 688, 719, 26190.63, 69823, 67048
1695409009, 0, 21, 266, 0, 0, 27324.61, 5, 0, 0, 15.77, 689, 723, 26228.91, 69951, 67146
1695409033, 0, 21, 268, 0, 0, 27421.09, 5, 0, 0, 0.17, 690, 726, 26321.88, 70198, 67384
1695409033, 0, 21, 268, 0, 0, 27421.09, 5, 0, 0, 35.95, 690, 737, 26321.88, 70198, 67384
1695409033, 0, 21, 269, 0, 0, 27456.64, 5, 0, 0, 25.16, 691, 744, 26357.42, 70289, 67475
1695409098, 0, 22, 271, 0, 0, 28982.03, 5, 0, 0, 0.11, 695, 747, 27882.81, 74194, 71380
1695409199, 0, 22, 272, 0, 0, 30324.61, 5, 0, 0, 0.01, 696, 747, 29225.39, 77631, 74817
1695409316, 0, 22, 273, 0, 0, 31705.08, 5, 0, 0, 0.01, 697, 747, 30605.86, 81165, 78351
1695409487, 0, 22, 276, 0, 0, 33031.25, 5, 0, 0, 0.02, 699, 748, 31928.52, 84560, 81737
1695409488, 0, 22, 280, 0, 0, 33097.27, 5, 0, 0, 19.93, 702, 751, 31982.03, 84729, 81874
1695409488, 0, 22, 281, 0, 0, 33099.22, 5, 0, 0, 28.04, 708, 754, 31982.03, 84734, 81874
1695409488, 0, 22, 282, 0, 0, 33121.88, 5, 0, 0, 15.87, 712, 755, 32006.64, 84792, 81937
1695409489, 0, 22, 283, 0, 0, 33121.88, 5, 0, 0, 14.93, 716, 756, 32006.64, 84792, 81937
1695409489, 0, 22, 283, 0, 0, 33121.88, 5, 0, 0, 19.61, 719, 759, 32006.64, 84792, 81937
1695409498, 0, 22, 283, 0, 0, 33121.88, 5, 0, 0, 0.11, 720, 759, 32006.64, 84792, 81937
