# unix_time, cycles_done, cur_path, paths_total, pending_total, pending_favs, map_size, unique_crashes, unique_hangs, max_depth, execs_per_sec, valid_inputs, invalid_inputs, valid_cov, all_covered_probes, valid_covered_probes
1691786197; 0; 0; 1; 0; 0; 745.31, 0; 0; 0; 1.27, 0; 1; 0.00, 1908; 0
1691786215; 0; 0; 8; 0; 0; 5355.08, 0; 0; 0; 0.40, 3; 5; 4910.16, 13709; 12570
1691786235; 0; 0; 14; 0; 0; 7743.36, 0; 0; 0; 0.35, 8; 7; 7307.03, 19823; 18706
1691786235; 0; 0; 15; 0; 0; 7935.94, 0; 0; 0; 2.05, 8; 8; 7307.03, 20316; 18706
1691786248; 0; 0; 19; 0; 0; 7982.03, 1; 0; 0; 1.32, 19; 14; 7361.72, 20434; 18846
1691786259; 0; 0; 20; 0; 0; 8144.92, 1; 0; 0; 0.58, 23; 16; 7524.61, 20851; 19263
1691786259; 0; 0; 21; 0; 0; 8144.92, 1; 0; 0; 18.32, 25; 21; 7524.61, 20851; 19263
1691786260; 0; 0; 22; 0; 0; 8144.92, 1; 0; 0; 13.45, 30; 24; 7524.61, 20851; 19263
1691786269; 0; 0; 23; 0; 0; 8161.72, 1; 0; 0; 0.33, 33; 24; 7541.41, 20894; 19306
1691786269; 0; 0; 25; 0; 0; 8180.08, 1; 0; 0; 31.61, 37; 31; 7541.41, 20941; 19306
1691786279; 0; 0; 26; 0; 0; 8184.77, 1; 0; 0; 0.30, 39; 32; 7546.09, 20953; 19318
1691786279; 0; 0; 27; 0; 0; 8184.77, 1; 0; 0; 23.46, 43; 36; 7546.09, 20953; 19318
1691786291; 0; 0; 28; 0; 0; 8333.59, 1; 0; 0; 0.09, 44; 36; 7694.92, 21334; 19699
1691786301; 0; 1; 29; 0; 0; 8338.67, 1; 0; 0; 0.71, 45; 42; 7700.00, 21347; 19712
1691786315; 0; 1; 30; 0; 0; 8338.67, 1; 0; 0; 0.14, 47; 42; 7700.00, 21347; 19712
1691786324; 0; 1; 31; 0; 0; 8338.67, 1; 0; 0; 0.73, 52; 44; 7700.00, 21347; 19712
1691786335; 0; 1; 32; 0; 0; 8349.61, 1; 0; 0; 0.58, 56; 46; 7710.94, 21375; 19740
1691786335; 0; 1; 33; 0; 0; 8374.61, 1; 0; 0; 36.47, 63; 51; 7735.94, 21439; 19804
1691786348; 0; 1; 34; 0; 0; 8374.61, 1; 0; 0; 1.02, 72; 55; 7735.94, 21439; 19804
1691786357; 0; 2; 35; 0; 0; 8374.61, 1; 0; 0; 1.94, 81; 64; 7735.94, 21439; 19804
1691786396; 0; 2; 36; 0; 0; 8376.56, 1; 0; 0; 0.05, 82; 65; 7737.89, 21444; 19809
1691786396; 0; 2; 36; 0; 0; 8376.56, 1; 0; 0; 38.76, 92; 70; 7737.89, 21444; 19809
1691786397; 0; 2; 38; 0; 0; 8376.95, 1; 0; 0; 13.85, 96; 71; 7738.28, 21445; 19810
1691786418; 0; 2; 39; 0; 0; 8376.95, 1; 0; 0; 0.28, 99; 74; 7738.28, 21445; 19810
1691786418; 0; 3; 40; 0; 0; 8376.95, 1; 0; 0; 87.38, 112; 88; 7738.28, 21445; 19810
1691786433; 0; 3; 41; 0; 0; 8376.95, 1; 0; 0; 1.72, 125; 100; 7738.28, 21445; 19810
1691786447; 0; 3; 42; 0; 0; 8376.95, 1; 0; 0; 0.42, 130; 101; 7738.28, 21445; 19810
1691786448; 0; 4; 42; 0; 0; 8376.95, 1; 0; 0; 53.33, 140; 107; 7738.28, 21445; 19810
1691786464; 0; 4; 43; 0; 0; 8376.95, 1; 0; 0; 0.59, 146; 111; 7738.28, 21445; 19810
1691786473; 0; 4; 44; 0; 0; 8376.95, 1; 0; 0; 2.11, 160; 116; 7738.28, 21445; 19810
1691786500; 0; 5; 45; 0; 0; 8381.25, 1; 0; 0; 0.26, 165; 118; 7742.58, 21456; 19821
1691786524; 0; 5; 46; 0; 0; 8381.25, 1; 0; 0; 0.25, 171; 118; 7742.58, 21456; 19821
1691786524; 0; 5; 46; 0; 0; 8381.25, 1; 0; 0; 48.86, 180; 124; 7742.58, 21456; 19821
1691786537; 0; 5; 47; 0; 0; 8381.25, 1; 0; 0; 1.90, 194; 133; 7742.58, 21456; 19821
1691786548; 0; 5; 48; 0; 0; 8396.88, 1; 0; 0; 0.52, 197; 136; 7758.20, 21496; 19861
1691786558; 0; 7; 49; 0; 0; 8396.88, 1; 0; 0; 1.12, 206; 138; 7758.20, 21496; 19861
1691786570; 0; 7; 50; 0; 0; 8396.88, 1; 0; 0; 0.08, 207; 138; 7758.20, 21496; 19861
1691786582; 0; 7; 51; 0; 0; 8396.88, 1; 0; 0; 0.09, 208; 138; 7758.20, 21496; 19861
1691786591; 0; 7; 52; 0; 0; 8423.83, 1; 0; 0; 0.10, 209; 138; 7785.16, 21565; 19930
1691786602; 0; 7; 53; 0; 0; 8423.83, 1; 0; 0; 0.09, 210; 138; 7785.16, 21565; 19930
1691786616; 0; 7; 54; 0; 0; 8423.83, 1; 0; 0; 0.07, 211; 138; 7785.16, 21565; 19930
1691786629; 0; 7; 55; 0; 0; 8423.83, 1; 0; 0; 0.07, 212; 138; 7785.16, 21565; 19930
1691786642; 0; 7; 56; 0; 0; 8423.83, 1; 0; 0; 0.08, 213; 138; 7785.16, 21565; 19930
1691786652; 0; 7; 57; 0; 0; 8423.83, 1; 0; 0; 0.10, 214; 138; 7785.16, 21565; 19930
1691786662; 0; 7; 58; 0; 0; 8423.83, 1; 0; 0; 0.10, 215; 138; 7785.16, 21565; 19930
1691786674; 0; 7; 59; 0; 0; 8423.83, 1; 0; 0; 0.09, 216; 138; 7785.16, 21565; 19930
1691786688; 0; 7; 59; 0; 0; 8423.83, 1; 0; 0; 0.07, 217; 138; 7785.16, 21565; 19930
1691786702; 0; 7; 60; 0; 0; 8423.83, 1; 0; 0; 0.07, 218; 138; 7785.16, 21565; 19930
1691786712; 0; 7; 61; 0; 0; 8423.83, 1; 0; 0; 0.10, 219; 138; 7785.16, 21565; 19930
1691786721; 0; 7; 62; 0; 0; 8423.83, 1; 0; 0; 0.11, 220; 138; 7785.16, 21565; 19930
1691786731; 0; 7; 62; 0; 0; 8423.83, 1; 0; 0; 0.10, 221; 138; 7785.16, 21565; 19930
1691786740; 0; 7; 63; 0; 0; 8423.83, 1; 0; 0; 0.11, 222; 138; 7785.16, 21565; 19930
1691786750; 0; 7; 64; 0; 0; 8423.83, 1; 0; 0; 0.11, 223; 138; 7785.16, 21565; 19930
1691786759; 0; 7; 65; 0; 0; 8423.83, 1; 0; 0; 0.10, 224; 138; 7785.16, 21565; 19930
1691786769; 0; 7; 66; 0; 0; 8423.83, 1; 0; 0; 0.10, 225; 138; 7785.16, 21565; 19930
1691786780; 0; 7; 67; 0; 0; 8423.83, 1; 0; 0; 0.09, 226; 138; 7785.16, 21565; 19930
1691786789; 0; 7; 67; 0; 0; 8423.83, 1; 0; 0; 0.10, 227; 138; 7785.16, 21565; 19930
1691786800; 0; 7; 68; 0; 0; 8423.83, 1; 0; 0; 0.10, 228; 138; 7785.16, 21565; 19930
1691786810; 0; 7; 68; 0; 0; 8423.83, 1; 0; 0; 0.10, 229; 138; 7785.16, 21565; 19930
1691786820; 0; 7; 69; 0; 0; 8423.83, 1; 0; 0; 0.11, 230; 138; 7785.16, 21565; 19930
1691786829; 0; 7; 70; 0; 0; 8423.83, 1; 0; 0; 0.10, 231; 138; 7785.16, 21565; 19930
1691786847; 0; 7; 71; 0; 0; 8423.83, 1; 0; 0; 0.06, 232; 138; 7785.16, 21565; 19930
1691786860; 0; 7; 72; 0; 0; 8423.83, 1; 0; 0; 0.08, 233; 138; 7785.16, 21565; 19930
1691786870; 0; 7; 73; 0; 0; 8423.83, 1; 0; 0; 0.10, 234; 138; 7785.16, 21565; 19930
1691786879; 0; 7; 73; 0; 0; 8423.83, 1; 0; 0; 0.10, 235; 138; 7785.16, 21565; 19930
1691786891; 0; 7; 73; 0; 0; 8423.83, 1; 0; 0; 0.08, 236; 138; 7785.16, 21565; 19930
1691786903; 0; 7; 74; 0; 0; 8423.83, 1; 0; 0; 0.08, 237; 138; 7785.16, 21565; 19930
1691786913; 0; 7; 75; 0; 0; 8423.83, 1; 0; 0; 0.11, 238; 138; 7785.16, 21565; 19930
1691786923; 0; 7; 76; 0; 0; 8423.83, 1; 0; 0; 0.10, 239; 138; 7785.16, 21565; 19930
1691786933; 0; 7; 77; 0; 0; 8423.83, 1; 0; 0; 0.10, 240; 138; 7785.16, 21565; 19930
1691786948; 0; 7; 78; 0; 0; 8423.83, 1; 0; 0; 0.07, 241; 138; 7785.16, 21565; 19930
1691786958; 0; 7; 79; 0; 0; 8423.83, 1; 0; 0; 0.10, 242; 138; 7785.16, 21565; 19930
1691786967; 0; 7; 79; 0; 0; 8423.83, 1; 0; 0; 0.11, 243; 138; 7785.16, 21565; 19930
1691786976; 0; 7; 80; 0; 0; 8423.83, 1; 0; 0; 0.11, 244; 138; 7785.16, 21565; 19930
1691786986; 0; 7; 81; 0; 0; 8423.83, 1; 0; 0; 0.10, 245; 138; 7785.16, 21565; 19930
1691786995; 0; 7; 82; 0; 0; 8423.83, 1; 0; 0; 0.11, 246; 138; 7785.16, 21565; 19930
1691787005; 0; 7; 83; 0; 0; 8423.83, 1; 0; 0; 0.11, 247; 138; 7785.16, 21565; 19930
1691787015; 0; 7; 84; 0; 0; 8423.83, 1; 0; 0; 0.10, 248; 138; 7785.16, 21565; 19930
1691787025; 0; 7; 84; 0; 0; 8423.83, 1; 0; 0; 0.10, 249; 138; 7785.16, 21565; 19930
1691787036; 0; 7; 85; 0; 0; 8423.83, 1; 0; 0; 0.09, 250; 138; 7785.16, 21565; 19930
1691787045; 0; 7; 85; 0; 0; 8423.83, 1; 0; 0; 0.11, 251; 138; 7785.16, 21565; 19930
1691787056; 0; 7; 85; 0; 0; 8423.83, 1; 0; 0; 0.09, 252; 138; 7785.16, 21565; 19930
1691787065; 0; 7; 86; 0; 0; 8423.83, 1; 0; 0; 0.10, 253; 138; 7785.16, 21565; 19930
1691787075; 0; 7; 87; 0; 0; 8423.83, 1; 0; 0; 0.11, 254; 138; 7785.16, 21565; 19930
1691787086; 0; 7; 88; 0; 0; 8423.83, 1; 0; 0; 0.09, 255; 138; 7785.16, 21565; 19930
1691787095; 0; 7; 88; 0; 0; 8423.83, 1; 0; 0; 0.10, 256; 138; 7785.16, 21565; 19930
1691787111; 0; 7; 88; 0; 0; 8423.83, 1; 0; 0; 0.06, 257; 138; 7785.16, 21565; 19930
1691787121; 0; 7; 89; 0; 0; 8423.83, 1; 0; 0; 0.10, 258; 138; 7785.16, 21565; 19930
1691787130; 0; 7; 89; 0; 0; 8423.83, 1; 0; 0; 0.11, 259; 138; 7785.16, 21565; 19930
1691787140; 0; 7; 89; 0; 0; 8423.83, 1; 0; 0; 0.11, 260; 138; 7785.16, 21565; 19930
1691787158; 0; 7; 90; 0; 0; 8465.23, 1; 0; 0; 0.05, 261; 138; 7826.56, 21671; 20036
1691787168; 0; 7; 90; 0; 0; 8465.23, 1; 0; 0; 0.11, 262; 138; 7826.56, 21671; 20036
1691787177; 0; 7; 91; 0; 0; 8465.23, 1; 0; 0; 0.11, 263; 138; 7826.56, 21671; 20036
1691787191; 0; 7; 92; 0; 0; 8465.23, 1; 0; 0; 0.07, 264; 138; 7826.56, 21671; 20036
1691787213; 0; 7; 93; 0; 0; 8465.23, 1; 0; 0; 0.04, 265; 138; 7826.56, 21671; 20036
1691787224; 0; 7; 93; 0; 0; 8465.23, 1; 0; 0; 0.09, 266; 138; 7826.56, 21671; 20036
1691787269; 0; 7; 94; 0; 0; 8465.23, 1; 0; 0; 0.02, 267; 138; 7826.56, 21671; 20036
1691787279; 0; 7; 95; 0; 0; 8465.23, 1; 0; 0; 0.10, 268; 138; 7826.56, 21671; 20036
1691787293; 0; 7; 96; 0; 0; 8465.23, 1; 0; 0; 0.07, 269; 138; 7826.56, 21671; 20036
1691787303; 0; 7; 96; 0; 0; 8465.23, 1; 0; 0; 0.11, 270; 138; 7826.56, 21671; 20036
1691787314; 0; 7; 97; 0; 0; 8465.23, 1; 0; 0; 0.09, 271; 138; 7826.56, 21671; 20036
1691787324; 0; 7; 98; 0; 0; 8465.23, 1; 0; 0; 0.10, 272; 138; 7826.56, 21671; 20036
1691787347; 0; 7; 99; 0; 0; 8465.23, 1; 0; 0; 0.04, 273; 138; 7826.56, 21671; 20036
1691787355; 0; 7; 100; 0; 0; 8465.23, 1; 0; 0; 0.11, 274; 138; 7826.56, 21671; 20036
1691787365; 0; 7; 101; 0; 0; 8465.23, 1; 0; 0; 0.11, 275; 138; 7826.56, 21671; 20036
1691787375; 0; 7; 102; 0; 0; 8465.23, 1; 0; 0; 0.10, 276; 138; 7826.56, 21671; 20036
1691787385; 0; 7; 102; 0; 0; 8465.23, 1; 0; 0; 0.10, 277; 138; 7826.56, 21671; 20036
1691787394; 0; 7; 103; 0; 0; 8465.23, 1; 0; 0; 0.10, 278; 138; 7826.56, 21671; 20036
1691787405; 0; 7; 104; 0; 0; 8465.23, 1; 0; 0; 0.09, 279; 138; 7826.56, 21671; 20036
1691787421; 0; 7; 104; 0; 0; 8465.23, 1; 0; 0; 0.06, 280; 138; 7826.56, 21671; 20036
1691787434; 0; 7; 104; 0; 0; 8465.23, 1; 0; 0; 0.08, 281; 138; 7826.56, 21671; 20036
1691787444; 0; 7; 105; 0; 0; 8465.23, 1; 0; 0; 0.11, 282; 138; 7826.56, 21671; 20036
1691787454; 0; 7; 106; 0; 0; 8465.63, 1; 0; 0; 0.09, 283; 138; 7826.95, 21672; 20037
1691787464; 0; 7; 107; 0; 0; 8465.63, 1; 0; 0; 0.11, 284; 138; 7826.95, 21672; 20037
1691787474; 0; 7; 107; 0; 0; 8465.63, 1; 0; 0; 0.10, 285; 138; 7826.95, 21672; 20037
1691787485; 0; 7; 107; 0; 0; 8465.63, 1; 0; 0; 0.09, 286; 138; 7826.95, 21672; 20037
1691787502; 0; 7; 108; 0; 0; 8465.63, 1; 0; 0; 0.06, 287; 138; 7826.95, 21672; 20037
1691787511; 0; 7; 108; 0; 0; 8465.63, 1; 0; 0; 0.11, 288; 138; 7826.95, 21672; 20037
1691787520; 0; 7; 108; 0; 0; 8465.63, 1; 0; 0; 0.11, 289; 138; 7826.95, 21672; 20037
1691787530; 0; 7; 108; 0; 0; 8465.63, 1; 0; 0; 0.10, 290; 138; 7826.95, 21672; 20037
1691787539; 0; 7; 108; 0; 0; 8465.63, 1; 0; 0; 0.11, 291; 138; 7826.95, 21672; 20037
1691787550; 0; 7; 108; 0; 0; 8465.63, 1; 0; 0; 0.09, 292; 138; 7826.95, 21672; 20037
1691787569; 0; 7; 109; 0; 0; 8465.63, 1; 0; 0; 0.05, 293; 138; 7826.95, 21672; 20037
1691787586; 0; 7; 110; 0; 0; 8465.63, 1; 0; 0; 0.06, 294; 138; 7826.95, 21672; 20037
1691787596; 0; 7; 110; 0; 0; 8465.63, 1; 0; 0; 0.10, 295; 138; 7826.95, 21672; 20037
1691787605; 0; 7; 111; 0; 0; 8465.63, 1; 0; 0; 0.11, 296; 138; 7826.95, 21672; 20037
1691787614; 0; 7; 111; 0; 0; 8465.63, 1; 0; 0; 0.11, 297; 138; 7826.95, 21672; 20037
1691787625; 0; 7; 111; 0; 0; 8465.63, 1; 0; 0; 0.10, 298; 138; 7826.95, 21672; 20037
1691787640; 0; 7; 111; 0; 0; 8465.63, 1; 0; 0; 0.06, 299; 138; 7826.95, 21672; 20037
1691787657; 0; 7; 111; 0; 0; 8465.63, 1; 0; 0; 0.06, 300; 138; 7826.95, 21672; 20037
1691787678; 0; 7; 111; 0; 0; 8465.63, 1; 0; 0; 0.05, 301; 138; 7826.95, 21672; 20037
1691787696; 0; 7; 111; 0; 0; 8465.63, 1; 0; 0; 0.05, 302; 138; 7826.95, 21672; 20037
1691787715; 0; 7; 112; 0; 0; 8465.63, 1; 0; 0; 0.05, 303; 138; 7826.95, 21672; 20037
1691787725; 0; 7; 112; 0; 0; 8465.63, 1; 0; 0; 0.10, 304; 138; 7826.95, 21672; 20037
1691787735; 0; 7; 112; 0; 0; 8465.63, 1; 0; 0; 0.10, 305; 138; 7826.95, 21672; 20037
1691787745; 0; 7; 112; 0; 0; 8465.63, 1; 0; 0; 0.11, 306; 138; 7826.95, 21672; 20037
1691787754; 0; 7; 112; 0; 0; 8465.63, 1; 0; 0; 0.11, 307; 138; 7826.95, 21672; 20037
1691787768; 0; 7; 113; 0; 0; 8465.63, 1; 0; 0; 0.07, 308; 138; 7826.95, 21672; 20037
1691787777; 0; 7; 114; 0; 0; 8465.63, 1; 0; 0; 0.11, 309; 138; 7826.95, 21672; 20037
1691787787; 0; 7; 115; 0; 0; 8465.63, 1; 0; 0; 0.11, 310; 138; 7826.95, 21672; 20037
1691787799; 0; 7; 116; 0; 0; 8465.63, 1; 0; 0; 0.08, 311; 138; 7826.95, 21672; 20037
1691787808; 0; 7; 116; 0; 0; 8465.63, 1; 0; 0; 0.11, 312; 138; 7826.95, 21672; 20037
1691787817; 0; 7; 117; 0; 0; 8465.63, 1; 0; 0; 0.11, 313; 138; 7826.95, 21672; 20037
1691787826; 0; 7; 117; 0; 0; 8465.63, 1; 0; 0; 0.11, 314; 138; 7826.95, 21672; 20037
1691787841; 0; 7; 117; 0; 0; 8465.63, 1; 0; 0; 0.07, 315; 138; 7826.95, 21672; 20037
1691787854; 0; 7; 118; 0; 0; 8465.63, 1; 0; 0; 0.08, 316; 138; 7826.95, 21672; 20037
1691787866; 0; 7; 119; 0; 0; 8465.63, 1; 0; 0; 0.08, 317; 138; 7826.95, 21672; 20037
1691787875; 0; 7; 119; 0; 0; 8465.63, 1; 0; 0; 0.11, 318; 138; 7826.95, 21672; 20037
1691787884; 0; 7; 119; 0; 0; 8465.63, 1; 0; 0; 0.11, 319; 138; 7826.95, 21672; 20037
1691787909; 0; 7; 120; 0; 0; 8465.63, 1; 0; 0; 0.04, 320; 138; 7826.95, 21672; 20037
1691787919; 0; 7; 121; 0; 0; 8465.63, 1; 0; 0; 0.10, 321; 138; 7826.95, 21672; 20037
1691787934; 0; 7; 122; 0; 0; 8465.63, 1; 0; 0; 0.07, 322; 138; 7826.95, 21672; 20037
1691787951; 0; 7; 122; 0; 0; 8465.63, 1; 0; 0; 0.06, 323; 138; 7826.95, 21672; 20037
1691787963; 0; 7; 122; 0; 0; 8465.63, 1; 0; 0; 0.08, 324; 138; 7826.95, 21672; 20037
1691787972; 0; 7; 123; 0; 0; 8465.63, 1; 0; 0; 0.11, 325; 138; 7826.95, 21672; 20037
1691787982; 0; 7; 123; 0; 0; 8465.63, 1; 0; 0; 0.10, 326; 138; 7826.95, 21672; 20037
1691787991; 0; 7; 124; 0; 0; 8465.63, 1; 0; 0; 0.12, 327; 138; 7826.95, 21672; 20037
1691788000; 0; 7; 124; 0; 0; 8465.63, 1; 0; 0; 0.11, 328; 138; 7826.95, 21672; 20037
1691788015; 0; 7; 124; 0; 0; 8465.63, 1; 0; 0; 0.07, 329; 138; 7826.95, 21672; 20037
1691788026; 0; 7; 125; 0; 0; 8465.63, 1; 0; 0; 0.09, 330; 138; 7826.95, 21672; 20037
1691788035; 0; 7; 125; 0; 0; 8465.63, 1; 0; 0; 0.11, 331; 138; 7826.95, 21672; 20037
1691788045; 0; 7; 125; 0; 0; 8465.63, 1; 0; 0; 0.11, 332; 138; 7826.95, 21672; 20037
1691788056; 0; 7; 125; 0; 0; 8465.63, 1; 0; 0; 0.09, 333; 138; 7826.95, 21672; 20037
1691788065; 0; 7; 125; 0; 0; 8465.63, 1; 0; 0; 0.11, 334; 138; 7826.95, 21672; 20037
1691788076; 0; 7; 126; 0; 0; 8465.63, 1; 0; 0; 0.09, 335; 138; 7826.95, 21672; 20037
1691788086; 0; 7; 126; 0; 0; 8465.63, 1; 0; 0; 0.10, 336; 138; 7826.95, 21672; 20037
1691788095; 0; 7; 126; 0; 0; 8465.63, 2; 0; 0; 0.11, 336; 139; 7826.95, 21672; 20037
1691788105; 0; 7; 127; 0; 0; 8467.19, 2; 0; 0; 0.10, 337; 139; 7828.52, 21676; 20041
1691788116; 0; 7; 127; 0; 0; 8467.19, 2; 0; 0; 0.10, 338; 139; 7828.52, 21676; 20041
1691788125; 0; 7; 127; 0; 0; 8467.19, 2; 0; 0; 0.11, 339; 139; 7828.52, 21676; 20041
1691788134; 0; 7; 127; 0; 0; 8467.19, 2; 0; 0; 0.11, 340; 139; 7828.52, 21676; 20041
1691788144; 0; 7; 127; 0; 0; 8467.19, 2; 0; 0; 0.10, 341; 139; 7828.52, 21676; 20041
1691788153; 0; 7; 127; 0; 0; 8467.19, 2; 0; 0; 0.11, 342; 139; 7828.52, 21676; 20041
1691788165; 0; 7; 128; 0; 0; 8467.19, 2; 0; 0; 0.09, 343; 139; 7828.52, 21676; 20041
1691788183; 0; 7; 128; 0; 0; 8467.19, 2; 0; 0; 0.05, 344; 139; 7828.52, 21676; 20041
1691788201; 0; 7; 129; 0; 0; 8467.19, 2; 0; 0; 0.06, 345; 139; 7828.52, 21676; 20041
1691788214; 0; 7; 129; 0; 0; 8467.19, 2; 0; 0; 0.08, 346; 139; 7828.52, 21676; 20041
1691788224; 0; 7; 129; 0; 0; 8467.19, 2; 0; 0; 0.10, 347; 139; 7828.52, 21676; 20041
1691788233; 0; 7; 129; 0; 0; 8467.19, 2; 0; 0; 0.11, 348; 139; 7828.52, 21676; 20041
1691788242; 0; 7; 130; 0; 0; 8467.19, 2; 0; 0; 0.11, 349; 139; 7828.52, 21676; 20041
1691788252; 0; 7; 130; 0; 0; 8467.19, 2; 0; 0; 0.10, 350; 139; 7828.52, 21676; 20041
1691788261; 0; 7; 131; 0; 0; 8467.19, 2; 0; 0; 0.11, 351; 139; 7828.52, 21676; 20041
1691788271; 0; 7; 132; 0; 0; 8467.19, 2; 0; 0; 0.10, 352; 139; 7828.52, 21676; 20041
1691788284; 0; 7; 133; 0; 0; 8467.19, 2; 0; 0; 0.08, 353; 139; 7828.52, 21676; 20041
1691788297; 0; 7; 133; 0; 0; 8467.19, 2; 0; 0; 0.08, 354; 139; 7828.52, 21676; 20041
1691788307; 0; 7; 133; 0; 0; 8467.19, 2; 0; 0; 0.10, 355; 139; 7828.52, 21676; 20041
1691788316; 0; 7; 133; 0; 0; 8467.19, 2; 0; 0; 0.10, 356; 139; 7828.52, 21676; 20041
1691788326; 0; 7; 133; 0; 0; 8467.19, 2; 0; 0; 0.10, 357; 139; 7828.52, 21676; 20041
1691788336; 0; 7; 133; 0; 0; 8467.19, 2; 0; 0; 0.10, 358; 139; 7828.52, 21676; 20041
1691788346; 0; 7; 133; 0; 0; 8467.19, 2; 0; 0; 0.10, 359; 139; 7828.52, 21676; 20041
1691788356; 0; 7; 133; 0; 0; 8467.19, 2; 0; 0; 0.09, 360; 139; 7828.52, 21676; 20041
1691788365; 0; 7; 133; 0; 0; 8467.19, 2; 0; 0; 0.11, 361; 139; 7828.52, 21676; 20041
1691788374; 0; 7; 133; 0; 0; 8467.19, 2; 0; 0; 0.11, 361; 140; 7828.52, 21676; 20041
1691788384; 0; 7; 133; 0; 0; 8467.19, 2; 0; 0; 0.10, 362; 140; 7828.52, 21676; 20041
1691788393; 0; 7; 133; 0; 0; 8467.19, 2; 0; 0; 0.11, 363; 140; 7828.52, 21676; 20041
1691788403; 0; 7; 134; 0; 0; 8467.97, 2; 0; 0; 0.10, 364; 140; 7829.30, 21678; 20043
1691788413; 0; 7; 134; 0; 0; 8467.97, 2; 0; 0; 0.10, 365; 140; 7829.30, 21678; 20043
1691788422; 0; 7; 134; 0; 0; 8467.97, 2; 0; 0; 0.11, 366; 140; 7829.30, 21678; 20043
1691788431; 0; 7; 134; 0; 0; 8467.97, 3; 0; 0; 0.11, 366; 141; 7829.30, 21678; 20043
1691788441; 0; 7; 135; 0; 0; 8467.97, 3; 0; 0; 0.10, 367; 141; 7829.30, 21678; 20043
1691788452; 0; 7; 135; 0; 0; 8467.97, 3; 0; 0; 0.09, 368; 141; 7829.30, 21678; 20043
1691788460; 0; 7; 135; 0; 0; 8467.97, 3; 0; 0; 0.12, 369; 141; 7829.30, 21678; 20043
1691788470; 0; 7; 135; 0; 0; 8467.97, 3; 0; 0; 0.11, 370; 141; 7829.30, 21678; 20043
1691788480; 0; 7; 135; 0; 0; 8467.97, 3; 0; 0; 0.10, 371; 141; 7829.30, 21678; 20043
1691788489; 0; 7; 136; 0; 0; 8467.97, 3; 0; 0; 0.11, 372; 141; 7829.30, 21678; 20043
1691788498; 0; 7; 136; 0; 0; 8467.97, 3; 0; 0; 0.10, 373; 141; 7829.30, 21678; 20043
1691788509; 0; 7; 136; 0; 0; 8467.97, 3; 0; 0; 0.09, 374; 141; 7829.30, 21678; 20043
1691788518; 0; 7; 136; 0; 0; 8467.97, 3; 0; 0; 0.11, 375; 141; 7829.30, 21678; 20043
1691788532; 0; 7; 136; 0; 0; 8467.97, 3; 0; 0; 0.07, 376; 141; 7829.30, 21678; 20043
1691788541; 0; 7; 137; 0; 0; 8467.97, 3; 0; 0; 0.11, 377; 141; 7829.30, 21678; 20043
1691788552; 0; 7; 137; 0; 0; 8467.97, 3; 0; 0; 0.10, 378; 141; 7829.30, 21678; 20043
1691788568; 0; 7; 138; 0; 0; 8467.97, 3; 0; 0; 0.06, 379; 141; 7829.30, 21678; 20043
1691788577; 0; 7; 138; 0; 0; 8467.97, 3; 0; 0; 0.11, 380; 141; 7829.30, 21678; 20043
1691788593; 0; 7; 138; 0; 0; 8467.97, 3; 0; 0; 0.06, 381; 141; 7829.30, 21678; 20043
1691788605; 0; 7; 138; 0; 0; 8467.97, 3; 0; 0; 0.08, 382; 141; 7829.30, 21678; 20043
1691788614; 0; 7; 138; 0; 0; 8467.97, 3; 0; 0; 0.11, 383; 141; 7829.30, 21678; 20043
1691788623; 0; 7; 138; 0; 0; 8467.97, 3; 0; 0; 0.11, 384; 141; 7829.30, 21678; 20043
1691788634; 0; 7; 138; 0; 0; 8467.97, 3; 0; 0; 0.10, 385; 141; 7829.30, 21678; 20043
1691788661; 0; 7; 139; 0; 0; 8467.97, 3; 0; 0; 0.04, 386; 141; 7829.30, 21678; 20043
1691788671; 0; 7; 139; 0; 0; 8467.97, 3; 0; 0; 0.10, 387; 141; 7829.30, 21678; 20043
1691788686; 0; 7; 139; 0; 0; 8467.97, 3; 0; 0; 0.07, 388; 141; 7829.30, 21678; 20043
1691788718; 0; 7; 140; 0; 0; 8467.97, 3; 0; 0; 0.03, 389; 141; 7829.30, 21678; 20043
1691788729; 0; 7; 140; 0; 0; 8467.97, 3; 0; 0; 0.09, 390; 141; 7829.30, 21678; 20043
1691788739; 0; 7; 140; 0; 0; 8467.97, 3; 0; 0; 0.10, 391; 141; 7829.30, 21678; 20043
1691788749; 0; 7; 140; 0; 0; 8467.97, 3; 0; 0; 0.10, 392; 141; 7829.30, 21678; 20043
1691788758; 0; 7; 140; 0; 0; 8467.97, 3; 0; 0; 0.11, 393; 141; 7829.30, 21678; 20043
1691788767; 0; 7; 140; 0; 0; 8467.97, 3; 0; 0; 0.11, 394; 141; 7829.30, 21678; 20043
1691788781; 0; 7; 140; 0; 0; 8467.97, 3; 0; 0; 0.07, 395; 141; 7829.30, 21678; 20043
1691788790; 0; 7; 140; 0; 0; 8467.97, 3; 0; 0; 0.11, 396; 141; 7829.30, 21678; 20043
1691788801; 0; 7; 140; 0; 0; 8467.97, 3; 0; 0; 0.09, 397; 141; 7829.30, 21678; 20043
1691788817; 0; 7; 141; 0; 0; 8467.97, 3; 0; 0; 0.06, 398; 141; 7829.30, 21678; 20043
1691788829; 0; 7; 141; 0; 0; 8467.97, 3; 0; 0; 0.08, 399; 141; 7829.30, 21678; 20043
1691788837; 0; 7; 141; 0; 0; 8467.97, 3; 0; 0; 0.12, 400; 141; 7829.30, 21678; 20043
1691788848; 0; 7; 141; 0; 0; 8467.97, 3; 0; 0; 0.09, 401; 141; 7829.30, 21678; 20043
1691788858; 0; 7; 142; 0; 0; 8467.97, 3; 0; 0; 0.10, 402; 141; 7829.30, 21678; 20043
1691788869; 0; 7; 142; 0; 0; 8467.97, 3; 0; 0; 0.10, 403; 141; 7829.30, 21678; 20043
1691788878; 0; 7; 142; 0; 0; 8467.97, 3; 0; 0; 0.11, 404; 141; 7829.30, 21678; 20043
1691788888; 0; 7; 143; 0; 0; 8467.97, 3; 0; 0; 0.10, 405; 141; 7829.30, 21678; 20043
1691788897; 0; 7; 143; 0; 0; 8467.97, 3; 0; 0; 0.10, 406; 141; 7829.30, 21678; 20043
1691788908; 0; 7; 143; 0; 0; 8467.97, 3; 0; 0; 0.09, 407; 141; 7829.30, 21678; 20043
1691788918; 0; 7; 143; 0; 0; 8467.97, 3; 0; 0; 0.10, 408; 141; 7829.30, 21678; 20043
1691788930; 0; 7; 143; 0; 0; 8467.97, 3; 0; 0; 0.09, 409; 141; 7829.30, 21678; 20043
1691788941; 0; 7; 143; 0; 0; 8467.97, 3; 0; 0; 0.09, 410; 141; 7829.30, 21678; 20043
1691788950; 0; 7; 143; 0; 0; 8467.97, 3; 0; 0; 0.12, 411; 141; 7829.30, 21678; 20043
1691788960; 0; 7; 143; 0; 0; 8467.97, 3; 0; 0; 0.10, 412; 141; 7829.30, 21678; 20043
1691788969; 0; 7; 143; 0; 0; 8467.97, 3; 0; 0; 0.11, 413; 141; 7829.30, 21678; 20043
1691788979; 0; 7; 143; 0; 0; 8467.97, 3; 0; 0; 0.10, 414; 141; 7829.30, 21678; 20043
1691788989; 0; 7; 144; 0; 0; 8467.97, 3; 0; 0; 0.10, 415; 141; 7829.30, 21678; 20043
1691788998; 0; 7; 144; 0; 0; 8467.97, 3; 0; 0; 0.11, 416; 141; 7829.30, 21678; 20043
1691789009; 0; 7; 144; 0; 0; 8467.97, 3; 0; 0; 0.10, 417; 141; 7829.30, 21678; 20043
1691789023; 0; 7; 144; 0; 0; 8467.97, 3; 0; 0; 0.07, 418; 141; 7829.30, 21678; 20043
1691789036; 0; 7; 144; 0; 0; 8467.97, 3; 0; 0; 0.07, 419; 141; 7829.30, 21678; 20043
1691789052; 0; 7; 144; 0; 0; 8467.97, 3; 0; 0; 0.06, 420; 141; 7829.30, 21678; 20043
1691789092; 0; 7; 144; 0; 0; 8467.97, 3; 0; 0; 0.02, 421; 141; 7829.30, 21678; 20043
1691789102; 0; 7; 144; 0; 0; 8467.97, 3; 0; 0; 0.11, 422; 141; 7829.30, 21678; 20043
1691789110; 0; 7; 144; 0; 0; 8467.97, 3; 0; 0; 0.12, 423; 141; 7829.30, 21678; 20043
1691789119; 0; 7; 144; 0; 0; 8467.97, 3; 0; 0; 0.11, 424; 141; 7829.30, 21678; 20043
1691789127; 0; 7; 144; 0; 0; 8467.97, 3; 0; 0; 0.12, 425; 141; 7829.30, 21678; 20043
1691789139; 0; 7; 144; 0; 0; 8467.97, 3; 0; 0; 0.09, 426; 141; 7829.30, 21678; 20043
1691789154; 0; 7; 144; 0; 0; 8467.97, 3; 0; 0; 0.07, 427; 141; 7829.30, 21678; 20043
1691789166; 0; 7; 144; 0; 0; 8467.97, 3; 0; 0; 0.08, 428; 141; 7829.30, 21678; 20043
1691789174; 0; 7; 145; 0; 0; 8467.97, 3; 0; 0; 0.12, 429; 141; 7829.30, 21678; 20043
1691789182; 0; 7; 145; 0; 0; 8467.97, 3; 0; 0; 0.12, 430; 141; 7829.30, 21678; 20043
1691789192; 0; 7; 146; 0; 0; 8483.98, 3; 0; 0; 0.10, 431; 141; 7850.00, 21719; 20096
1691789201; 0; 7; 146; 0; 0; 8483.98, 3; 0; 0; 0.12, 432; 141; 7850.00, 21719; 20096
1691789209; 0; 7; 146; 0; 0; 8483.98, 3; 0; 0; 0.12, 433; 141; 7850.00, 21719; 20096
1691789218; 0; 7; 147; 0; 0; 8483.98, 3; 0; 0; 0.12, 434; 141; 7850.00, 21719; 20096
1691789227; 0; 7; 148; 0; 0; 8483.98, 3; 0; 0; 0.10, 435; 141; 7850.00, 21719; 20096
1691789236; 0; 7; 149; 0; 0; 8483.98, 3; 0; 0; 0.12, 436; 141; 7850.00, 21719; 20096
1691789244; 0; 7; 150; 0; 0; 8483.98, 3; 0; 0; 0.12, 437; 141; 7850.00, 21719; 20096
1691789254; 0; 7; 151; 0; 0; 8483.98, 3; 0; 0; 0.11, 438; 141; 7850.00, 21719; 20096
1691789264; 0; 7; 152; 0; 0; 8483.98, 3; 0; 0; 0.09, 439; 141; 7850.00, 21719; 20096
1691789276; 0; 7; 152; 0; 0; 8483.98, 3; 0; 0; 0.09, 440; 141; 7850.00, 21719; 20096
1691789284; 0; 7; 152; 0; 0; 8483.98, 3; 0; 0; 0.12, 441; 141; 7850.00, 21719; 20096
1691789293; 0; 7; 152; 0; 0; 8483.98, 3; 0; 0; 0.11, 442; 141; 7850.00, 21719; 20096
1691789301; 0; 7; 153; 0; 0; 8483.98, 3; 0; 0; 0.12, 443; 141; 7850.00, 21719; 20096
1691789312; 0; 7; 153; 0; 0; 8483.98, 3; 0; 0; 0.09, 444; 141; 7850.00, 21719; 20096
1691789320; 0; 7; 153; 0; 0; 8483.98, 3; 0; 0; 0.12, 445; 141; 7850.00, 21719; 20096
1691789328; 0; 7; 153; 0; 0; 8483.98, 3; 0; 0; 0.12, 446; 141; 7850.00, 21719; 20096
1691789336; 0; 7; 153; 0; 0; 8483.98, 3; 0; 0; 0.12, 447; 141; 7850.00, 21719; 20096
1691789351; 0; 7; 153; 0; 0; 8483.98, 3; 0; 0; 0.07, 448; 141; 7850.00, 21719; 20096
1691789363; 0; 7; 153; 0; 0; 8483.98, 3; 0; 0; 0.08, 449; 141; 7850.00, 21719; 20096
1691789371; 0; 7; 154; 0; 0; 8483.98, 3; 0; 0; 0.12, 450; 141; 7850.00, 21719; 20096
1691789380; 0; 7; 154; 0; 0; 8483.98, 3; 0; 0; 0.12, 451; 141; 7850.00, 21719; 20096
1691789388; 0; 7; 154; 0; 0; 8483.98, 3; 0; 0; 0.12, 452; 141; 7850.00, 21719; 20096
1691789399; 0; 7; 154; 0; 0; 8483.98, 3; 0; 0; 0.10, 453; 141; 7850.00, 21719; 20096
1691789408; 0; 7; 154; 0; 0; 8483.98, 3; 0; 0; 0.11, 454; 141; 7850.00, 21719; 20096
1691789421; 0; 7; 154; 0; 0; 8483.98, 3; 0; 0; 0.08, 455; 141; 7850.00, 21719; 20096
1691789433; 0; 7; 154; 0; 0; 8483.98, 3; 0; 0; 0.08, 456; 141; 7850.00, 21719; 20096
1691789443; 0; 7; 154; 0; 0; 8483.98, 3; 0; 0; 0.10, 457; 141; 7850.00, 21719; 20096
1691789455; 0; 7; 154; 0; 0; 8483.98, 3; 0; 0; 0.08, 458; 141; 7850.00, 21719; 20096
1691789464; 0; 7; 154; 0; 0; 8483.98, 3; 0; 0; 0.11, 459; 141; 7850.00, 21719; 20096
1691789473; 0; 7; 154; 0; 0; 8483.98, 3; 0; 0; 0.12, 460; 141; 7850.00, 21719; 20096
1691789481; 0; 7; 154; 0; 0; 8483.98, 3; 0; 0; 0.12, 461; 141; 7850.00, 21719; 20096
1691789491; 0; 7; 154; 0; 0; 8483.98, 3; 0; 0; 0.10, 462; 141; 7850.00, 21719; 20096
1691789504; 0; 7; 154; 0; 0; 8483.98, 3; 0; 0; 0.07, 463; 141; 7850.00, 21719; 20096
1691789521; 0; 7; 155; 0; 0; 8483.98, 3; 0; 0; 0.06, 464; 141; 7850.00, 21719; 20096
1691789529; 0; 7; 156; 0; 0; 8483.98, 3; 0; 0; 0.12, 465; 141; 7850.00, 21719; 20096
1691789538; 0; 7; 157; 0; 0; 8483.98, 3; 0; 0; 0.11, 466; 141; 7850.00, 21719; 20096
1691789546; 0; 7; 157; 0; 0; 8483.98, 3; 0; 0; 0.12, 467; 141; 7850.00, 21719; 20096
1691789555; 0; 7; 157; 0; 0; 8483.98, 3; 0; 0; 0.11, 468; 141; 7850.00, 21719; 20096
1691789564; 0; 7; 157; 0; 0; 8483.98, 3; 0; 0; 0.12, 469; 141; 7850.00, 21719; 20096
1691789572; 0; 7; 157; 0; 0; 8483.98, 3; 0; 0; 0.12, 470; 141; 7850.00, 21719; 20096
1691789580; 0; 7; 157; 0; 0; 8483.98, 3; 0; 0; 0.12, 471; 141; 7850.00, 21719; 20096
1691789588; 0; 7; 157; 0; 0; 8483.98, 3; 0; 0; 0.12, 472; 141; 7850.00, 21719; 20096
1691789599; 0; 7; 157; 0; 0; 8483.98, 3; 0; 0; 0.10, 473; 141; 7850.00, 21719; 20096
1691789608; 0; 7; 157; 0; 0; 8483.98, 3; 0; 0; 0.11, 474; 141; 7850.00, 21719; 20096
1691789617; 0; 7; 158; 0; 0; 8483.98, 3; 0; 0; 0.12, 475; 141; 7850.00, 21719; 20096
1691789627; 0; 7; 159; 0; 0; 8483.98, 3; 0; 0; 0.10, 476; 141; 7850.00, 21719; 20096
1691789635; 0; 7; 159; 0; 0; 8483.98, 3; 0; 0; 0.12, 477; 141; 7850.00, 21719; 20096
1691789644; 0; 7; 159; 0; 0; 8483.98, 3; 0; 0; 0.12, 478; 141; 7850.00, 21719; 20096
1691789659; 0; 7; 159; 0; 0; 8483.98, 3; 0; 0; 0.07, 479; 141; 7850.00, 21719; 20096
1691789667; 0; 7; 159; 0; 0; 8483.98, 3; 0; 0; 0.12, 480; 141; 7850.00, 21719; 20096
1691789676; 0; 7; 159; 0; 0; 8483.98, 3; 0; 0; 0.12, 481; 141; 7850.00, 21719; 20096
1691789684; 0; 7; 159; 0; 0; 8483.98, 3; 0; 0; 0.12, 482; 141; 7850.00, 21719; 20096
1691789693; 0; 7; 159; 0; 0; 8483.98, 3; 0; 0; 0.11, 483; 141; 7850.00, 21719; 20096
1691789702; 0; 7; 159; 0; 0; 8483.98, 3; 0; 0; 0.12, 484; 141; 7850.00, 21719; 20096
1691789711; 0; 7; 159; 0; 0; 8483.98, 3; 0; 0; 0.11, 485; 141; 7850.00, 21719; 20096
1691789722; 0; 7; 159; 0; 0; 8483.98, 3; 0; 0; 0.10, 486; 141; 7850.00, 21719; 20096
1691789730; 0; 7; 159; 0; 0; 8483.98, 3; 0; 0; 0.12, 487; 141; 7850.00, 21719; 20096
1691789738; 0; 7; 159; 0; 0; 8483.98, 3; 0; 0; 0.12, 488; 141; 7850.00, 21719; 20096
1691789746; 0; 7; 159; 0; 0; 8483.98, 3; 0; 0; 0.12, 489; 141; 7850.00, 21719; 20096
1691789755; 0; 7; 159; 0; 0; 8483.98, 3; 0; 0; 0.12, 490; 141; 7850.00, 21719; 20096
1691789765; 0; 7; 160; 0; 0; 8483.98, 3; 0; 0; 0.10, 491; 141; 7850.00, 21719; 20096
1691789773; 0; 7; 160; 0; 0; 8483.98, 3; 0; 0; 0.12, 492; 141; 7850.00, 21719; 20096
1691789784; 0; 7; 160; 0; 0; 8483.98, 3; 0; 0; 0.09, 493; 141; 7850.00, 21719; 20096
1691789793; 0; 7; 160; 0; 0; 8483.98, 3; 0; 0; 0.11, 494; 141; 7850.00, 21719; 20096
1691789801; 0; 7; 160; 0; 0; 8483.98, 3; 0; 0; 0.12, 495; 141; 7850.00, 21719; 20096
1691789809; 0; 7; 161; 0; 0; 8483.98, 3; 0; 0; 0.12, 496; 141; 7850.00, 21719; 20096
1691789817; 0; 7; 161; 0; 0; 8483.98, 3; 0; 0; 0.12, 497; 141; 7850.00, 21719; 20096
1691789826; 0; 7; 162; 0; 0; 8483.98, 3; 0; 0; 0.12, 498; 141; 7850.00, 21719; 20096
1691789835; 0; 7; 162; 0; 0; 8483.98, 3; 0; 0; 0.11, 499; 141; 7850.00, 21719; 20096
1691789843; 0; 7; 162; 0; 0; 8483.98, 3; 0; 0; 0.12, 500; 141; 7850.00, 21719; 20096
1691789855; 0; 7; 162; 0; 0; 8483.98, 3; 0; 0; 0.08, 501; 141; 7850.00, 21719; 20096
1691789865; 0; 7; 162; 0; 0; 8483.98, 3; 0; 0; 0.11, 502; 141; 7850.00, 21719; 20096
1691789873; 0; 7; 162; 0; 0; 8483.98, 3; 0; 0; 0.12, 503; 141; 7850.00, 21719; 20096
1691789881; 0; 7; 162; 0; 0; 8483.98, 3; 0; 0; 0.12, 504; 141; 7850.00, 21719; 20096
1691789892; 0; 7; 162; 0; 0; 8483.98, 3; 0; 0; 0.09, 505; 141; 7850.00, 21719; 20096
1691789915; 0; 7; 162; 0; 0; 8483.98, 3; 0; 0; 0.04, 506; 141; 7850.00, 21719; 20096
1691789924; 0; 7; 162; 0; 0; 8483.98, 3; 0; 0; 0.12, 507; 141; 7850.00, 21719; 20096
1691789933; 0; 7; 163; 0; 0; 8483.98, 3; 0; 0; 0.11, 508; 141; 7850.00, 21719; 20096
1691789943; 0; 7; 164; 0; 0; 8483.98, 3; 0; 0; 0.10, 509; 141; 7850.00, 21719; 20096
1691789951; 0; 7; 164; 0; 0; 8483.98, 3; 0; 0; 0.12, 510; 141; 7850.00, 21719; 20096
1691790001; 0; 7; 165; 0; 0; 8491.80, 3; 0; 0; 0.02, 511; 141; 7857.81, 21739; 20116
1691790010; 0; 7; 166; 0; 0; 8491.80, 3; 0; 0; 0.12, 512; 141; 7857.81, 21739; 20116
1691790018; 0; 7; 166; 0; 0; 8491.80, 3; 0; 0; 0.11, 513; 141; 7857.81, 21739; 20116
1691790027; 0; 7; 166; 0; 0; 8491.80, 3; 0; 0; 0.11, 514; 141; 7857.81, 21739; 20116
1691790035; 0; 7; 166; 0; 0; 8491.80, 3; 0; 0; 0.12, 515; 141; 7857.81, 21739; 20116
1691790043; 0; 7; 166; 0; 0; 8491.80, 3; 0; 0; 0.12, 516; 141; 7857.81, 21739; 20116
1691790052; 0; 7; 167; 0; 0; 8491.80, 3; 0; 0; 0.12, 517; 141; 7857.81, 21739; 20116
1691790062; 0; 7; 167; 0; 0; 8491.80, 3; 0; 0; 0.10, 518; 141; 7857.81, 21739; 20116
1691790072; 0; 7; 167; 0; 0; 8491.80, 3; 0; 0; 0.09, 519; 141; 7857.81, 21739; 20116
1691790081; 0; 7; 167; 0; 0; 8491.80, 3; 0; 0; 0.12, 520; 141; 7857.81, 21739; 20116
1691790094; 0; 7; 167; 0; 0; 8491.80, 3; 0; 0; 0.08, 521; 141; 7857.81, 21739; 20116
1691790102; 0; 7; 168; 0; 0; 8491.80, 3; 0; 0; 0.12, 522; 141; 7857.81, 21739; 20116
1691790111; 0; 7; 169; 0; 0; 8491.80, 3; 0; 0; 0.12, 523; 141; 7857.81, 21739; 20116
1691790119; 0; 7; 169; 0; 0; 8491.80, 3; 0; 0; 0.12, 524; 141; 7857.81, 21739; 20116
1691790127; 0; 7; 169; 0; 0; 8491.80, 3; 0; 0; 0.12, 525; 141; 7857.81, 21739; 20116
1691790136; 0; 7; 170; 0; 0; 8491.80, 3; 0; 0; 0.11, 526; 141; 7857.81, 21739; 20116
1691790145; 0; 7; 170; 0; 0; 8491.80, 3; 0; 0; 0.11, 527; 141; 7857.81, 21739; 20116
1691790154; 0; 7; 170; 0; 0; 8491.80, 3; 0; 0; 0.12, 528; 141; 7857.81, 21739; 20116
1691790162; 0; 7; 170; 0; 0; 8491.80, 3; 0; 0; 0.12, 529; 141; 7857.81, 21739; 20116
1691790171; 0; 7; 170; 0; 0; 8491.80, 3; 0; 0; 0.11, 530; 141; 7857.81, 21739; 20116
1691790180; 0; 7; 170; 0; 0; 8491.80, 3; 0; 0; 0.12, 531; 141; 7857.81, 21739; 20116
1691790202; 0; 7; 170; 0; 0; 8491.80, 3; 0; 0; 0.05, 532; 141; 7857.81, 21739; 20116
1691790210; 0; 7; 170; 0; 0; 8491.80, 3; 0; 0; 0.12, 533; 141; 7857.81, 21739; 20116
1691790219; 0; 7; 170; 0; 0; 8491.80, 3; 0; 0; 0.12, 534; 141; 7857.81, 21739; 20116
1691790227; 0; 7; 170; 0; 0; 8491.80, 3; 0; 0; 0.12, 535; 141; 7857.81, 21739; 20116
1691790237; 0; 7; 170; 0; 0; 8491.80, 3; 0; 0; 0.10, 536; 141; 7857.81, 21739; 20116
1691790246; 0; 7; 170; 0; 0; 8491.80, 3; 0; 0; 0.11, 537; 141; 7857.81, 21739; 20116
1691790258; 0; 7; 170; 0; 0; 8491.80, 3; 0; 0; 0.08, 538; 141; 7857.81, 21739; 20116
1691790268; 0; 7; 170; 0; 0; 8491.80, 3; 0; 0; 0.10, 539; 141; 7857.81, 21739; 20116
1691790276; 0; 7; 170; 0; 0; 8491.80, 3; 0; 0; 0.12, 540; 141; 7857.81, 21739; 20116
1691790287; 0; 7; 170; 0; 0; 8491.80, 3; 0; 0; 0.09, 541; 141; 7857.81, 21739; 20116
1691790295; 0; 7; 170; 0; 0; 8491.80, 3; 0; 0; 0.12, 542; 141; 7857.81, 21739; 20116
1691790305; 0; 7; 170; 0; 0; 8491.80, 3; 0; 0; 0.11, 543; 141; 7857.81, 21739; 20116
1691790313; 0; 7; 170; 0; 0; 8491.80, 3; 0; 0; 0.12, 544; 141; 7857.81, 21739; 20116
1691790322; 0; 7; 170; 0; 0; 8491.80, 3; 0; 0; 0.11, 545; 141; 7857.81, 21739; 20116
1691790330; 0; 7; 170; 0; 0; 8491.80, 3; 0; 0; 0.12, 546; 141; 7857.81, 21739; 20116
1691790339; 0; 7; 170; 0; 0; 8491.80, 3; 0; 0; 0.11, 547; 141; 7857.81, 21739; 20116
1691790347; 0; 7; 170; 0; 0; 8491.80, 3; 0; 0; 0.12, 548; 141; 7857.81, 21739; 20116
1691790356; 0; 7; 170; 0; 0; 8491.80, 3; 0; 0; 0.12, 549; 141; 7857.81, 21739; 20116
1691790364; 0; 7; 170; 0; 0; 8491.80, 3; 0; 0; 0.12, 550; 141; 7857.81, 21739; 20116
1691790373; 0; 7; 170; 0; 0; 8491.80, 3; 0; 0; 0.12, 551; 141; 7857.81, 21739; 20116
1691790381; 0; 7; 170; 0; 0; 8491.80, 3; 0; 0; 0.12, 552; 141; 7857.81, 21739; 20116
1691790391; 0; 7; 170; 0; 0; 8491.80, 3; 0; 0; 0.11, 553; 141; 7857.81, 21739; 20116
1691790405; 0; 7; 170; 0; 0; 8491.80, 3; 0; 0; 0.07, 554; 141; 7857.81, 21739; 20116
1691790416; 0; 7; 170; 0; 0; 8491.80, 3; 0; 0; 0.09, 555; 141; 7857.81, 21739; 20116
1691790425; 0; 7; 170; 0; 0; 8491.80, 3; 0; 0; 0.11, 556; 141; 7857.81, 21739; 20116
1691790436; 0; 7; 170; 0; 0; 8491.80, 3; 0; 0; 0.09, 557; 141; 7857.81, 21739; 20116
1691790453; 0; 7; 170; 0; 0; 8491.80, 3; 0; 0; 0.06, 558; 141; 7857.81, 21739; 20116
1691790462; 0; 7; 170; 0; 0; 8491.80, 3; 0; 0; 0.11, 559; 141; 7857.81, 21739; 20116
1691790471; 0; 7; 170; 0; 0; 8491.80, 3; 0; 0; 0.11, 560; 141; 7857.81, 21739; 20116
1691790479; 0; 7; 170; 0; 0; 8491.80, 3; 0; 0; 0.12, 561; 141; 7857.81, 21739; 20116
1691790488; 0; 7; 170; 0; 0; 8491.80, 3; 0; 0; 0.11, 562; 141; 7857.81, 21739; 20116
1691790501; 0; 7; 170; 0; 0; 8491.80, 3; 0; 0; 0.08, 563; 141; 7857.81, 21739; 20116
1691790509; 0; 7; 170; 0; 0; 8491.80, 3; 0; 0; 0.12, 564; 141; 7857.81, 21739; 20116
1691790518; 0; 7; 170; 0; 0; 8491.80, 3; 0; 0; 0.12, 565; 141; 7857.81, 21739; 20116
1691790526; 0; 7; 170; 0; 0; 8491.80, 3; 0; 0; 0.12, 566; 141; 7857.81, 21739; 20116
1691790535; 0; 7; 170; 0; 0; 8491.80, 3; 0; 0; 0.12, 567; 141; 7857.81, 21739; 20116
1691790543; 0; 7; 170; 0; 0; 8491.80, 3; 0; 0; 0.12, 568; 141; 7857.81, 21739; 20116
1691790553; 0; 7; 170; 0; 0; 8491.80, 3; 0; 0; 0.11, 569; 141; 7857.81, 21739; 20116
1691790562; 0; 7; 170; 0; 0; 8491.80, 3; 0; 0; 0.12, 569; 142; 7857.81, 21739; 20116
1691790570; 0; 7; 170; 0; 0; 8491.80, 3; 0; 0; 0.12, 570; 142; 7857.81, 21739; 20116
1691790578; 0; 7; 170; 0; 0; 8491.80, 3; 0; 0; 0.12, 571; 142; 7857.81, 21739; 20116
1691790587; 0; 7; 170; 0; 0; 8491.80, 3; 0; 0; 0.12, 572; 142; 7857.81, 21739; 20116
1691790595; 0; 7; 170; 0; 0; 8491.80, 3; 0; 0; 0.12, 573; 142; 7857.81, 21739; 20116
1691790604; 0; 7; 170; 0; 0; 8491.80, 3; 0; 0; 0.11, 574; 142; 7857.81, 21739; 20116
1691790613; 0; 7; 170; 0; 0; 8491.80, 3; 0; 0; 0.12, 575; 142; 7857.81, 21739; 20116
1691790621; 0; 7; 170; 0; 0; 8491.80, 3; 0; 0; 0.12, 576; 142; 7857.81, 21739; 20116
1691790629; 0; 7; 170; 0; 0; 8491.80, 3; 0; 0; 0.12, 577; 142; 7857.81, 21739; 20116
1691790638; 0; 7; 170; 0; 0; 8491.80, 3; 0; 0; 0.11, 578; 142; 7857.81, 21739; 20116
1691790648; 0; 7; 170; 0; 0; 8491.80, 3; 0; 0; 0.11, 579; 142; 7857.81, 21739; 20116
1691790656; 0; 7; 170; 0; 0; 8491.80, 3; 0; 0; 0.12, 580; 142; 7857.81, 21739; 20116
1691790665; 0; 7; 170; 0; 0; 8491.80, 3; 0; 0; 0.11, 581; 142; 7857.81, 21739; 20116
1691790673; 0; 7; 170; 0; 0; 8491.80, 3; 0; 0; 0.12, 582; 142; 7857.81, 21739; 20116
1691790681; 0; 7; 170; 0; 0; 8491.80, 3; 0; 0; 0.12, 583; 142; 7857.81, 21739; 20116
1691790689; 0; 7; 170; 0; 0; 8491.80, 3; 0; 0; 0.12, 584; 142; 7857.81, 21739; 20116
1691790698; 0; 7; 170; 0; 0; 8491.80, 3; 0; 0; 0.12, 585; 142; 7857.81, 21739; 20116
1691790706; 0; 7; 170; 0; 0; 8491.80, 3; 0; 0; 0.12, 586; 142; 7857.81, 21739; 20116
1691790715; 0; 7; 170; 0; 0; 8491.80, 3; 0; 0; 0.11, 587; 142; 7857.81, 21739; 20116
1691790724; 0; 7; 170; 0; 0; 8491.80, 3; 0; 0; 0.12, 588; 142; 7857.81, 21739; 20116
1691790732; 0; 7; 170; 0; 0; 8491.80, 3; 0; 0; 0.12, 589; 142; 7857.81, 21739; 20116
1691790740; 0; 7; 170; 0; 0; 8491.80, 3; 0; 0; 0.12, 590; 142; 7857.81, 21739; 20116
1691790751; 0; 7; 170; 0; 0; 8491.80, 3; 0; 0; 0.09, 591; 142; 7857.81, 21739; 20116
1691790777; 0; 7; 170; 0; 0; 8491.80, 3; 0; 0; 0.04, 592; 142; 7857.81, 21739; 20116
1691790790; 0; 7; 171; 0; 0; 8491.80, 3; 0; 0; 0.08, 593; 142; 7857.81, 21739; 20116
1691790804; 0; 7; 171; 0; 0; 8491.80, 3; 0; 0; 0.07, 594; 142; 7857.81, 21739; 20116
1691790821; 0; 7; 171; 0; 0; 8491.80, 3; 0; 0; 0.06, 595; 142; 7857.81, 21739; 20116
1691790832; 0; 7; 171; 0; 0; 8491.80, 3; 0; 0; 0.09, 596; 142; 7857.81, 21739; 20116
1691790840; 0; 7; 171; 0; 0; 8491.80, 3; 0; 0; 0.12, 597; 142; 7857.81, 21739; 20116
1691790856; 0; 7; 172; 0; 0; 8491.80, 3; 0; 0; 0.06, 598; 142; 7857.81, 21739; 20116
1691790865; 0; 7; 172; 0; 0; 8491.80, 3; 0; 0; 0.11, 599; 142; 7857.81, 21739; 20116
1691790875; 0; 7; 172; 0; 0; 8491.80, 3; 0; 0; 0.10, 600; 142; 7857.81, 21739; 20116
1691790883; 0; 7; 172; 0; 0; 8491.80, 3; 0; 0; 0.12, 601; 142; 7857.81, 21739; 20116
1691790891; 0; 7; 172; 0; 0; 8491.80, 3; 0; 0; 0.12, 602; 142; 7857.81, 21739; 20116
1691790900; 0; 7; 172; 0; 0; 8491.80, 3; 0; 0; 0.11, 603; 142; 7857.81, 21739; 20116
1691790910; 0; 7; 172; 0; 0; 8491.80, 3; 0; 0; 0.10, 604; 142; 7857.81, 21739; 20116
1691790919; 0; 7; 172; 0; 0; 8491.80, 3; 0; 0; 0.11, 605; 142; 7857.81, 21739; 20116
1691790929; 0; 7; 172; 0; 0; 8491.80, 3; 0; 0; 0.10, 606; 142; 7857.81, 21739; 20116
1691790946; 0; 7; 172; 0; 0; 8491.80, 3; 0; 0; 0.06, 607; 142; 7857.81, 21739; 20116
1691790958; 0; 7; 172; 0; 0; 8491.80, 3; 0; 0; 0.09, 608; 142; 7857.81, 21739; 20116
1691790967; 0; 7; 172; 0; 0; 8491.80, 3; 0; 0; 0.11, 609; 142; 7857.81, 21739; 20116
1691791013; 0; 7; 173; 0; 0; 8491.80, 3; 0; 0; 0.02, 610; 142; 7857.81, 21739; 20116
1691791056; 0; 7; 174; 0; 0; 8491.80, 3; 0; 0; 0.02, 611; 142; 7857.81, 21739; 20116
1691791068; 0; 7; 174; 0; 0; 8491.80, 3; 0; 0; 0.08, 612; 142; 7857.81, 21739; 20116
1691791084; 0; 7; 174; 0; 0; 8491.80, 3; 0; 0; 0.06, 613; 142; 7857.81, 21739; 20116
1691791101; 0; 7; 174; 0; 0; 8491.80, 3; 0; 0; 0.06, 614; 142; 7857.81, 21739; 20116
1691791117; 0; 7; 174; 0; 0; 8491.80, 3; 0; 0; 0.06, 615; 142; 7857.81, 21739; 20116
1691791132; 0; 7; 174; 0; 0; 8491.80, 3; 0; 0; 0.07, 616; 142; 7857.81, 21739; 20116
1691791149; 0; 7; 174; 0; 0; 8491.80, 3; 0; 0; 0.06, 617; 142; 7857.81, 21739; 20116
1691791157; 0; 7; 174; 0; 0; 8491.80, 3; 0; 0; 0.12, 618; 142; 7857.81, 21739; 20116
1691791166; 0; 7; 174; 0; 0; 8491.80, 3; 0; 0; 0.12, 619; 142; 7857.81, 21739; 20116
1691791174; 0; 7; 174; 0; 0; 8491.80, 3; 0; 0; 0.12, 620; 142; 7857.81, 21739; 20116
1691791183; 0; 7; 174; 0; 0; 8491.80, 3; 0; 0; 0.11, 621; 142; 7857.81, 21739; 20116
1691791194; 0; 7; 175; 0; 0; 8491.80, 3; 0; 0; 0.09, 622; 142; 7857.81, 21739; 20116
1691791205; 0; 7; 175; 0; 0; 8491.80, 3; 0; 0; 0.09, 623; 142; 7857.81, 21739; 20116
1691791214; 0; 7; 175; 0; 0; 8491.80, 3; 0; 0; 0.11, 624; 142; 7857.81, 21739; 20116
1691791223; 0; 7; 175; 0; 0; 8491.80, 3; 0; 0; 0.10, 625; 142; 7857.81, 21739; 20116
1691791237; 0; 7; 175; 0; 0; 8491.80, 3; 0; 0; 0.07, 626; 142; 7857.81, 21739; 20116
1691791245; 0; 7; 175; 0; 0; 8491.80, 3; 0; 0; 0.12, 627; 142; 7857.81, 21739; 20116
1691791255; 0; 7; 175; 0; 0; 8491.80, 3; 0; 0; 0.10, 628; 142; 7857.81, 21739; 20116
1691791264; 0; 7; 176; 0; 0; 8491.80, 3; 0; 0; 0.11, 629; 142; 7857.81, 21739; 20116
1691791273; 0; 7; 176; 0; 0; 8491.80, 3; 0; 0; 0.11, 630; 142; 7857.81, 21739; 20116
1691791281; 0; 7; 176; 0; 0; 8491.80, 3; 0; 0; 0.12, 631; 142; 7857.81, 21739; 20116
1691791290; 0; 7; 176; 0; 0; 8491.80, 3; 0; 0; 0.11, 632; 142; 7857.81, 21739; 20116
1691791299; 0; 7; 176; 0; 0; 8491.80, 3; 0; 0; 0.12, 633; 142; 7857.81, 21739; 20116
1691791312; 0; 7; 176; 0; 0; 8491.80, 3; 0; 0; 0.08, 634; 142; 7857.81, 21739; 20116
1691791321; 0; 7; 176; 0; 0; 8491.80, 3; 0; 0; 0.11, 635; 142; 7857.81, 21739; 20116
1691791329; 0; 7; 176; 0; 0; 8491.80, 3; 0; 0; 0.12, 636; 142; 7857.81, 21739; 20116
1691791338; 0; 7; 176; 0; 0; 8491.80, 3; 0; 0; 0.11, 637; 142; 7857.81, 21739; 20116
1691791347; 0; 7; 176; 0; 0; 8491.80, 3; 0; 0; 0.12, 638; 142; 7857.81, 21739; 20116
1691791355; 0; 7; 176; 0; 0; 8491.80, 3; 0; 0; 0.12, 639; 142; 7857.81, 21739; 20116
1691791364; 0; 7; 176; 0; 0; 8491.80, 3; 0; 0; 0.11, 640; 142; 7857.81, 21739; 20116
1691791373; 0; 7; 176; 0; 0; 8491.80, 3; 0; 0; 0.12, 641; 142; 7857.81, 21739; 20116
1691791381; 0; 7; 176; 0; 0; 8491.80, 3; 0; 0; 0.12, 642; 142; 7857.81, 21739; 20116
1691791389; 0; 7; 176; 0; 0; 8491.80, 3; 0; 0; 0.12, 643; 142; 7857.81, 21739; 20116
1691791397; 0; 7; 176; 0; 0; 8491.80, 3; 0; 0; 0.12, 644; 142; 7857.81, 21739; 20116
1691791406; 0; 7; 176; 0; 0; 8491.80, 3; 0; 0; 0.12, 645; 142; 7857.81, 21739; 20116
1691791417; 0; 7; 176; 0; 0; 8491.80, 3; 0; 0; 0.09, 646; 142; 7857.81, 21739; 20116
1691791425; 0; 7; 176; 0; 0; 8491.80, 3; 0; 0; 0.12, 647; 142; 7857.81, 21739; 20116
1691791433; 0; 7; 177; 0; 0; 8491.80, 3; 0; 0; 0.12, 648; 142; 7857.81, 21739; 20116
1691791447; 0; 7; 177; 0; 0; 8491.80, 3; 0; 0; 0.07, 649; 142; 7857.81, 21739; 20116
1691791457; 0; 7; 178; 0; 0; 8504.30, 3; 0; 0; 0.11, 650; 142; 7870.31, 21771; 20148
1691791465; 0; 7; 178; 0; 0; 8504.30, 3; 0; 0; 0.12, 651; 142; 7870.31, 21771; 20148
1691791482; 0; 7; 178; 0; 0; 8504.30, 3; 0; 0; 0.06, 652; 142; 7870.31, 21771; 20148
1691791490; 0; 7; 178; 0; 0; 8504.30, 3; 0; 0; 0.12, 653; 142; 7870.31, 21771; 20148
1691791498; 0; 7; 178; 0; 0; 8504.30, 3; 0; 0; 0.12, 654; 142; 7870.31, 21771; 20148
1691791507; 0; 7; 178; 0; 0; 8504.30, 3; 0; 0; 0.12, 655; 142; 7870.31, 21771; 20148
1691791516; 0; 7; 178; 0; 0; 8504.30, 3; 0; 0; 0.11, 656; 142; 7870.31, 21771; 20148
1691791524; 0; 7; 178; 0; 0; 8504.30, 3; 0; 0; 0.12, 657; 142; 7870.31, 21771; 20148
1691791533; 0; 7; 178; 0; 0; 8504.30, 3; 0; 0; 0.12, 658; 142; 7870.31, 21771; 20148
1691791541; 0; 7; 178; 0; 0; 8504.30, 3; 0; 0; 0.11, 659; 142; 7870.31, 21771; 20148
1691791550; 0; 7; 178; 0; 0; 8504.30, 3; 0; 0; 0.12, 660; 142; 7870.31, 21771; 20148
1691791559; 0; 7; 178; 0; 0; 8504.30, 3; 0; 0; 0.10, 661; 142; 7870.31, 21771; 20148
1691791568; 0; 7; 178; 0; 0; 8504.30, 3; 0; 0; 0.12, 662; 142; 7870.31, 21771; 20148
1691791576; 0; 7; 178; 0; 0; 8504.30, 3; 0; 0; 0.12, 663; 142; 7870.31, 21771; 20148
1691791584; 0; 7; 178; 0; 0; 8504.30, 3; 0; 0; 0.12, 664; 142; 7870.31, 21771; 20148
1691791593; 0; 7; 178; 0; 0; 8504.30, 3; 0; 0; 0.12, 665; 142; 7870.31, 21771; 20148
1691791604; 0; 7; 178; 0; 0; 8504.30, 3; 0; 0; 0.09, 666; 142; 7870.31, 21771; 20148
1691791613; 0; 7; 178; 0; 0; 8504.30, 3; 0; 0; 0.12, 667; 142; 7870.31, 21771; 20148
1691791621; 0; 7; 178; 0; 0; 8504.30, 3; 0; 0; 0.12, 668; 142; 7870.31, 21771; 20148
1691791629; 0; 7; 178; 0; 0; 8504.30, 3; 0; 0; 0.12, 669; 142; 7870.31, 21771; 20148
1691791637; 0; 7; 178; 0; 0; 8504.30, 3; 0; 0; 0.12, 670; 142; 7870.31, 21771; 20148
1691791646; 0; 7; 178; 0; 0; 8504.30, 3; 0; 0; 0.12, 671; 142; 7870.31, 21771; 20148
1691791655; 0; 7; 178; 0; 0; 8504.30, 3; 0; 0; 0.10, 672; 142; 7870.31, 21771; 20148
1691791663; 0; 7; 178; 0; 0; 8504.30, 3; 0; 0; 0.12, 673; 142; 7870.31, 21771; 20148
1691791676; 0; 7; 178; 0; 0; 8504.30, 3; 0; 0; 0.08, 674; 142; 7870.31, 21771; 20148
1691791684; 0; 7; 178; 0; 0; 8504.30, 3; 0; 0; 0.12, 675; 142; 7870.31, 21771; 20148
1691791693; 0; 7; 178; 0; 0; 8504.30, 3; 0; 0; 0.12, 676; 142; 7870.31, 21771; 20148
1691791732; 0; 7; 178; 0; 0; 8504.30, 3; 0; 0; 0.03, 677; 142; 7870.31, 21771; 20148
1691791748; 0; 7; 179; 0; 0; 8504.30, 3; 0; 0; 0.06, 678; 142; 7870.31, 21771; 20148
1691791757; 0; 7; 179; 0; 0; 8504.30, 3; 0; 0; 0.12, 679; 142; 7870.31, 21771; 20148
1691791765; 0; 7; 179; 0; 0; 8504.30, 3; 0; 0; 0.12, 680; 142; 7870.31, 21771; 20148
1691791776; 0; 7; 179; 0; 0; 8504.30, 3; 0; 0; 0.09, 681; 142; 7870.31, 21771; 20148
1691791785; 0; 7; 179; 0; 0; 8504.30, 3; 0; 0; 0.12, 682; 142; 7870.31, 21771; 20148
1691791798; 0; 7; 180; 0; 0; 8504.30, 3; 0; 0; 0.07, 683; 142; 7870.31, 21771; 20148
1691791807; 0; 7; 180; 0; 0; 8504.30, 3; 0; 0; 0.12, 684; 142; 7870.31, 21771; 20148
1691791815; 0; 7; 180; 0; 0; 8504.30, 3; 0; 0; 0.12, 685; 142; 7870.31, 21771; 20148
1691791824; 0; 7; 180; 0; 0; 8504.30, 3; 0; 0; 0.11, 686; 142; 7870.31, 21771; 20148
1691791835; 0; 7; 181; 0; 0; 8504.30, 3; 0; 0; 0.10, 687; 142; 7870.31, 21771; 20148
1691791846; 0; 7; 181; 0; 0; 8504.30, 3; 0; 0; 0.09, 688; 142; 7870.31, 21771; 20148
1691791855; 0; 7; 182; 0; 0; 8504.30, 3; 0; 0; 0.12, 689; 142; 7870.31, 21771; 20148
1691791865; 0; 7; 183; 0; 0; 8504.30, 3; 0; 0; 0.10, 690; 142; 7870.31, 21771; 20148
1691791873; 0; 7; 183; 0; 0; 8504.30, 3; 0; 0; 0.12, 691; 142; 7870.31, 21771; 20148
1691791881; 0; 7; 184; 0; 0; 8504.30, 3; 0; 0; 0.12, 692; 142; 7870.31, 21771; 20148
1691791896; 0; 7; 185; 0; 0; 8504.30, 3; 0; 0; 0.07, 693; 142; 7870.31, 21771; 20148
1691791906; 0; 7; 186; 0; 0; 8504.30, 3; 0; 0; 0.10, 694; 142; 7870.31, 21771; 20148
1691791919; 0; 7; 187; 0; 0; 8504.30, 3; 0; 0; 0.08, 695; 142; 7870.31, 21771; 20148
1691791928; 0; 7; 187; 0; 0; 8504.30, 3; 0; 0; 0.11, 696; 142; 7870.31, 21771; 20148
1691791938; 0; 7; 187; 0; 0; 8504.30, 3; 0; 0; 0.10, 697; 142; 7870.31, 21771; 20148
1691791946; 0; 7; 187; 0; 0; 8504.30, 3; 0; 0; 0.13, 697; 143; 7870.31, 21771; 20148
1691791960; 0; 7; 187; 0; 0; 8504.30, 3; 0; 0; 0.07, 698; 143; 7870.31, 21771; 20148
1691791969; 0; 7; 187; 0; 0; 8504.30, 3; 0; 0; 0.10, 699; 143; 7870.31, 21771; 20148
1691791980; 0; 7; 187; 0; 0; 8504.30, 3; 0; 0; 0.09, 700; 143; 7870.31, 21771; 20148
1691791995; 0; 7; 188; 0; 0; 8504.30, 3; 0; 0; 0.07, 701; 143; 7870.31, 21771; 20148
1691792004; 0; 7; 188; 0; 0; 8504.30, 3; 0; 0; 0.11, 702; 143; 7870.31, 21771; 20148
1691792014; 0; 7; 188; 0; 0; 8504.30, 3; 0; 0; 0.10, 703; 143; 7870.31, 21771; 20148
1691792022; 0; 7; 188; 0; 0; 8504.30, 3; 0; 0; 0.12, 704; 143; 7870.31, 21771; 20148
1691792041; 0; 7; 188; 0; 0; 8504.30, 3; 0; 0; 0.05, 705; 143; 7870.31, 21771; 20148
1691792050; 0; 7; 188; 0; 0; 8504.30, 3; 0; 0; 0.12, 706; 143; 7870.31, 21771; 20148
1691792058; 0; 7; 188; 0; 0; 8504.30, 3; 0; 0; 0.13, 707; 143; 7870.31, 21771; 20148
1691792071; 0; 7; 188; 0; 0; 8504.30, 3; 0; 0; 0.07, 708; 143; 7870.31, 21771; 20148
1691792080; 0; 7; 188; 0; 0; 8504.30, 3; 0; 0; 0.12, 709; 143; 7870.31, 21771; 20148
1691792089; 0; 7; 188; 0; 0; 8504.30, 3; 0; 0; 0.12, 710; 143; 7870.31, 21771; 20148
1691792096; 0; 7; 188; 0; 0; 8504.30, 3; 0; 0; 0.13, 711; 143; 7870.31, 21771; 20148
1691792105; 0; 7; 188; 0; 0; 8504.30, 3; 0; 0; 0.12, 712; 143; 7870.31, 21771; 20148
1691792113; 0; 7; 188; 0; 0; 8504.30, 3; 0; 0; 0.12, 713; 143; 7870.31, 21771; 20148
1691792121; 0; 7; 188; 0; 0; 8504.30, 3; 0; 0; 0.12, 714; 143; 7870.31, 21771; 20148
1691792129; 0; 7; 188; 0; 0; 8504.30, 3; 0; 0; 0.12, 715; 143; 7870.31, 21771; 20148
1691792138; 0; 7; 188; 0; 0; 8504.30, 3; 0; 0; 0.11, 716; 143; 7870.31, 21771; 20148
1691792152; 0; 7; 188; 0; 0; 8504.30, 3; 0; 0; 0.07, 717; 143; 7870.31, 21771; 20148
1691792167; 0; 7; 188; 0; 0; 8504.30, 3; 0; 0; 0.07, 718; 143; 7870.31, 21771; 20148
1691792177; 0; 7; 188; 0; 0; 8504.30, 3; 0; 0; 0.09, 719; 143; 7870.31, 21771; 20148
1691792185; 0; 7; 188; 0; 0; 8504.30, 3; 0; 0; 0.12, 720; 143; 7870.31, 21771; 20148
1691792194; 0; 7; 188; 0; 0; 8504.30, 3; 0; 0; 0.12, 721; 143; 7870.31, 21771; 20148
1691792202; 0; 7; 188; 0; 0; 8504.30, 3; 0; 0; 0.12, 722; 143; 7870.31, 21771; 20148
1691792210; 0; 7; 188; 0; 0; 8504.30, 3; 0; 0; 0.12, 723; 143; 7870.31, 21771; 20148
1691792219; 0; 7; 188; 0; 0; 8504.30, 3; 0; 0; 0.12, 724; 143; 7870.31, 21771; 20148
1691792228; 0; 7; 188; 0; 0; 8504.30, 3; 0; 0; 0.11, 725; 143; 7870.31, 21771; 20148
1691792242; 0; 7; 188; 0; 0; 8504.30, 3; 0; 0; 0.07, 726; 143; 7870.31, 21771; 20148
1691792250; 0; 7; 188; 0; 0; 8504.30, 3; 0; 0; 0.12, 727; 143; 7870.31, 21771; 20148
1691792260; 0; 7; 188; 0; 0; 8504.30, 3; 0; 0; 0.11, 728; 143; 7870.31, 21771; 20148
1691792268; 0; 7; 188; 0; 0; 8504.30, 3; 0; 0; 0.12, 729; 143; 7870.31, 21771; 20148
1691792276; 0; 7; 188; 0; 0; 8504.30, 3; 0; 0; 0.12, 730; 143; 7870.31, 21771; 20148
1691792288; 0; 7; 188; 0; 0; 8504.30, 3; 0; 0; 0.08, 731; 143; 7870.31, 21771; 20148
1691792302; 0; 7; 188; 0; 0; 8504.30, 3; 0; 0; 0.07, 732; 143; 7870.31, 21771; 20148
1691792321; 0; 7; 188; 0; 0; 8504.30, 3; 0; 0; 0.05, 733; 143; 7870.31, 21771; 20148
1691792330; 0; 7; 188; 0; 0; 8504.30, 3; 0; 0; 0.12, 734; 143; 7870.31, 21771; 20148
1691792338; 0; 7; 189; 0; 0; 8504.30, 3; 0; 0; 0.12, 735; 143; 7870.31, 21771; 20148
1691792346; 0; 7; 189; 0; 0; 8504.30, 3; 0; 0; 0.12, 736; 143; 7870.31, 21771; 20148
1691792355; 0; 7; 189; 0; 0; 8504.30, 3; 0; 0; 0.12, 737; 143; 7870.31, 21771; 20148
1691792364; 0; 7; 189; 0; 0; 8504.30, 3; 0; 0; 0.11, 738; 143; 7870.31, 21771; 20148
1691792372; 0; 7; 189; 0; 0; 8504.30, 3; 0; 0; 0.12, 739; 143; 7870.31, 21771; 20148
1691792381; 0; 7; 189; 0; 0; 8504.30, 3; 0; 0; 0.12, 740; 143; 7870.31, 21771; 20148
1691792389; 0; 7; 189; 0; 0; 8504.30, 3; 0; 0; 0.12, 741; 143; 7870.31, 21771; 20148
1691792398; 0; 7; 189; 0; 0; 8504.30, 3; 0; 0; 0.11, 742; 143; 7870.31, 21771; 20148
1691792407; 0; 7; 189; 0; 0; 8504.30, 3; 0; 0; 0.12, 743; 143; 7870.31, 21771; 20148
1691792416; 0; 7; 189; 0; 0; 8504.30, 3; 0; 0; 0.11, 744; 143; 7870.31, 21771; 20148
1691792425; 0; 7; 189; 0; 0; 8504.30, 3; 0; 0; 0.11, 745; 143; 7870.31, 21771; 20148
1691792433; 0; 7; 189; 0; 0; 8504.30, 3; 0; 0; 0.12, 746; 143; 7870.31, 21771; 20148
1691792441; 0; 7; 190; 0; 0; 8504.30, 3; 0; 0; 0.12, 747; 143; 7870.31, 21771; 20148
1691792450; 0; 7; 190; 0; 0; 8504.30, 3; 0; 0; 0.12, 748; 143; 7870.31, 21771; 20148
1691792460; 0; 7; 190; 0; 0; 8504.30, 3; 0; 0; 0.10, 749; 143; 7870.31, 21771; 20148
1691792471; 0; 7; 190; 0; 0; 8504.30, 3; 0; 0; 0.10, 750; 143; 7870.31, 21771; 20148
1691792480; 0; 7; 190; 0; 0; 8504.30, 3; 0; 0; 0.11, 751; 143; 7870.31, 21771; 20148
1691792487; 0; 7; 190; 0; 0; 8504.30, 3; 0; 0; 0.13, 752; 143; 7870.31, 21771; 20148
1691792498; 0; 7; 190; 0; 0; 8504.30, 3; 0; 0; 0.09, 753; 143; 7870.31, 21771; 20148
1691792510; 0; 7; 190; 0; 0; 8504.30, 3; 0; 0; 0.09, 754; 143; 7870.31, 21771; 20148
1691792518; 0; 7; 190; 0; 0; 8504.30, 3; 0; 0; 0.12, 755; 143; 7870.31, 21771; 20148
1691792527; 0; 7; 190; 0; 0; 8504.30, 3; 0; 0; 0.12, 756; 143; 7870.31, 21771; 20148
1691792536; 0; 7; 190; 0; 0; 8504.30, 3; 0; 0; 0.11, 757; 143; 7870.31, 21771; 20148
1691792544; 0; 7; 190; 0; 0; 8504.30, 3; 0; 0; 0.12, 758; 143; 7870.31, 21771; 20148
1691792553; 0; 7; 190; 0; 0; 8504.30, 3; 0; 0; 0.12, 759; 143; 7870.31, 21771; 20148
1691792561; 0; 7; 190; 0; 0; 8504.30, 3; 0; 0; 0.12, 760; 143; 7870.31, 21771; 20148
1691792570; 0; 8; 193; 0; 0; 8505.08, 3; 0; 0; 0.36, 762; 144; 7871.09, 21773; 20150
1691792570; 0; 8; 196; 0; 0; 8506.64, 3; 0; 0; 37.15, 769; 149; 7871.48, 21777; 20151
1691792578; 0; 8; 196; 0; 0; 8506.64, 3; 0; 0; 0.12, 770; 149; 7871.48, 21777; 20151
1691792578; 0; 8; 197; 0; 0; 8506.64, 3; 0; 0; 63.25, 778; 162; 7871.48, 21777; 20151
1691792587; 0; 8; 197; 0; 0; 8506.64, 3; 0; 0; 0.55, 781; 164; 7871.48, 21777; 20151
1691792596; 0; 9; 197; 0; 0; 8506.64, 3; 0; 0; 2.14, 792; 172; 7871.48, 21777; 20151
1691792606; 0; 9; 197; 0; 0; 8506.64, 3; 0; 0; 0.53, 794; 175; 7871.48, 21777; 20151
1691792614; 0; 9; 197; 0; 0; 8506.64, 3; 0; 0; 0.24, 796; 175; 7871.48, 21777; 20151
1691792625; 0; 9; 197; 0; 0; 8506.64, 3; 0; 0; 0.46, 800; 176; 7871.48, 21777; 20151
1691792625; 0; 9; 197; 0; 0; 8506.64, 3; 0; 0; 46.36, 804; 186; 7871.48, 21777; 20151
1691792634; 0; 9; 197; 0; 0; 8506.64, 3; 0; 0; 0.24, 805; 187; 7871.48, 21777; 20151
1691792642; 0; 10; 197; 0; 0; 8506.64, 3; 0; 0; 1.36, 812; 192; 7871.48, 21777; 20151
1691792651; 0; 10; 197; 0; 0; 8506.64, 3; 0; 0; 1.03, 816; 197; 7871.48, 21777; 20151
1691792661; 0; 10; 197; 0; 0; 8506.64, 3; 0; 0; 1.49, 825; 202; 7871.48, 21777; 20151
1691792669; 0; 10; 197; 0; 0; 8506.64, 3; 0; 0; 0.79, 831; 203; 7871.48, 21777; 20151
1691792682; 0; 10; 197; 0; 0; 8506.64, 3; 0; 0; 0.16, 833; 203; 7871.48, 21777; 20151
1691792682; 0; 11; 197; 0; 0; 8506.64, 3; 0; 0; 55.88, 842; 213; 7871.48, 21777; 20151
1691792694; 0; 11; 197; 0; 0; 8506.64, 3; 0; 0; 1.50, 848; 224; 7871.48, 21777; 20151
1691792702; 0; 11; 197; 0; 0; 8506.64, 3; 0; 0; 0.70, 851; 227; 7871.48, 21777; 20151
1691792711; 0; 12; 197; 0; 0; 8506.64, 3; 0; 0; 1.90, 858; 236; 7871.48, 21777; 20151
1691792720; 0; 12; 197; 0; 0; 8506.64, 3; 0; 0; 1.50, 869; 239; 7871.48, 21777; 20151
1691792731; 0; 12; 197; 0; 0; 8506.64, 3; 0; 0; 0.09, 870; 239; 7871.48, 21777; 20151
1691792740; 0; 12; 197; 0; 0; 8506.64, 3; 0; 0; 1.39, 878; 243; 7871.48, 21777; 20151
1691792748; 0; 13; 197; 0; 0; 8506.64, 3; 0; 0; 0.37, 880; 244; 7871.48, 21777; 20151
1691792756; 0; 13; 197; 0; 0; 8506.64, 3; 0; 0; 0.12, 881; 244; 7871.48, 21777; 20151
1691792765; 0; 13; 197; 0; 0; 8506.64, 3; 0; 0; 0.12, 882; 244; 7871.48, 21777; 20151
1691792773; 0; 13; 197; 0; 0; 8506.64, 3; 0; 0; 0.12, 883; 244; 7871.48, 21777; 20151
1691792782; 0; 13; 197; 0; 0; 8506.64, 3; 0; 0; 0.12, 884; 244; 7871.48, 21777; 20151
1691792790; 0; 13; 197; 0; 0; 8506.64, 3; 0; 0; 0.12, 885; 244; 7871.48, 21777; 20151
1691792800; 0; 13; 197; 0; 0; 8506.64, 3; 0; 0; 0.11, 886; 244; 7871.48, 21777; 20151
1691792808; 0; 13; 197; 0; 0; 8506.64, 3; 0; 0; 0.12, 887; 244; 7871.48, 21777; 20151
1691792818; 0; 13; 197; 0; 0; 8506.64, 3; 0; 0; 0.10, 888; 244; 7871.48, 21777; 20151
1691792841; 0; 13; 197; 0; 0; 8506.64, 3; 0; 0; 0.04, 889; 244; 7871.48, 21777; 20151
1691792853; 0; 13; 197; 0; 0; 8506.64, 3; 0; 0; 0.08, 890; 244; 7871.48, 21777; 20151
1691792861; 0; 13; 197; 0; 0; 8506.64, 3; 0; 0; 0.12, 891; 244; 7871.48, 21777; 20151
1691792872; 0; 13; 197; 0; 0; 8506.64, 3; 0; 0; 0.10, 892; 244; 7871.48, 21777; 20151
1691792880; 0; 13; 197; 0; 0; 8506.64, 3; 0; 0; 0.12, 893; 244; 7871.48, 21777; 20151
1691792890; 0; 13; 198; 0; 0; 8506.64, 3; 0; 0; 0.11, 894; 244; 7871.48, 21777; 20151
1691792900; 0; 13; 198; 0; 0; 8506.64, 3; 0; 0; 0.10, 895; 244; 7871.48, 21777; 20151
1691792908; 0; 13; 198; 0; 0; 8506.64, 3; 0; 0; 0.11, 896; 244; 7871.48, 21777; 20151
1691792917; 0; 13; 198; 0; 0; 8506.64, 3; 0; 0; 0.12, 897; 244; 7871.48, 21777; 20151
1691792925; 0; 13; 198; 0; 0; 8506.64, 3; 0; 0; 0.12, 898; 244; 7871.48, 21777; 20151
1691792934; 0; 13; 198; 0; 0; 8506.64, 3; 0; 0; 0.12, 899; 244; 7871.48, 21777; 20151
1691792943; 0; 13; 198; 0; 0; 8506.64, 3; 0; 0; 0.11, 900; 244; 7871.48, 21777; 20151
1691792952; 0; 13; 198; 0; 0; 8506.64, 3; 0; 0; 0.12, 901; 244; 7871.48, 21777; 20151
1691792961; 0; 13; 198; 0; 0; 8506.64, 3; 0; 0; 0.11, 902; 244; 7871.48, 21777; 20151
1691792969; 0; 13; 198; 0; 0; 8506.64, 3; 0; 0; 0.12, 903; 244; 7871.48, 21777; 20151
1691792977; 0; 13; 198; 0; 0; 8506.64, 3; 0; 0; 0.12, 904; 244; 7871.48, 21777; 20151
1691792986; 0; 13; 198; 0; 0; 8506.64, 3; 0; 0; 0.12, 905; 244; 7871.48, 21777; 20151
1691792994; 0; 13; 198; 0; 0; 8506.64, 3; 0; 0; 0.12, 906; 244; 7871.48, 21777; 20151
1691793003; 0; 13; 198; 0; 0; 8506.64, 3; 0; 0; 0.11, 907; 244; 7871.48, 21777; 20151
1691793011; 0; 13; 198; 0; 0; 8506.64, 3; 0; 0; 0.12, 908; 244; 7871.48, 21777; 20151
1691793020; 0; 13; 198; 0; 0; 8506.64, 3; 0; 0; 0.12, 909; 244; 7871.48, 21777; 20151
1691793028; 0; 13; 198; 0; 0; 8506.64, 3; 0; 0; 0.12, 910; 244; 7871.48, 21777; 20151
1691793037; 0; 13; 198; 0; 0; 8506.64, 3; 0; 0; 0.12, 911; 244; 7871.48, 21777; 20151
1691793047; 0; 13; 198; 0; 0; 8506.64, 3; 0; 0; 0.09, 912; 244; 7871.48, 21777; 20151
1691793056; 0; 13; 198; 0; 0; 8506.64, 3; 0; 0; 0.11, 913; 244; 7871.48, 21777; 20151
1691793066; 0; 13; 198; 0; 0; 8506.64, 3; 0; 0; 0.10, 914; 244; 7871.48, 21777; 20151
1691793075; 0; 13; 198; 0; 0; 8506.64, 3; 0; 0; 0.11, 915; 244; 7871.48, 21777; 20151
1691793083; 0; 13; 198; 0; 0; 8506.64, 3; 0; 0; 0.12, 916; 244; 7871.48, 21777; 20151
1691793091; 0; 13; 198; 0; 0; 8506.64, 3; 0; 0; 0.12, 917; 244; 7871.48, 21777; 20151
1691793100; 0; 13; 198; 0; 0; 8506.64, 3; 0; 0; 0.11, 918; 244; 7871.48, 21777; 20151
1691793126; 0; 13; 198; 0; 0; 8506.64, 3; 0; 0; 0.04, 919; 244; 7871.48, 21777; 20151
1691793134; 0; 13; 198; 0; 0; 8506.64, 3; 0; 0; 0.12, 920; 244; 7871.48, 21777; 20151
1691793143; 0; 13; 198; 0; 0; 8506.64, 3; 0; 0; 0.11, 921; 244; 7871.48, 21777; 20151
1691793152; 0; 13; 198; 0; 0; 8506.64, 3; 0; 0; 0.11, 922; 244; 7871.48, 21777; 20151
1691793160; 0; 13; 198; 0; 0; 8506.64, 3; 0; 0; 0.12, 923; 244; 7871.48, 21777; 20151
1691793172; 0; 13; 198; 0; 0; 8506.64, 3; 0; 0; 0.09, 924; 244; 7871.48, 21777; 20151
1691793187; 0; 13; 198; 0; 0; 8506.64, 3; 0; 0; 0.07, 925; 244; 7871.48, 21777; 20151
1691793195; 0; 13; 198; 0; 0; 8506.64, 3; 0; 0; 0.13, 926; 244; 7871.48, 21777; 20151
1691793206; 0; 13; 198; 0; 0; 8506.64, 3; 0; 0; 0.09, 927; 244; 7871.48, 21777; 20151
1691793217; 0; 13; 198; 0; 0; 8506.64, 3; 0; 0; 0.10, 928; 244; 7871.48, 21777; 20151
1691793225; 0; 13; 198; 0; 0; 8506.64, 3; 0; 0; 0.12, 929; 244; 7871.48, 21777; 20151
1691793234; 0; 13; 198; 0; 0; 8506.64, 3; 0; 0; 0.11, 930; 244; 7871.48, 21777; 20151
1691793243; 0; 13; 198; 0; 0; 8506.64, 3; 0; 0; 0.12, 931; 244; 7871.48, 21777; 20151
1691793257; 0; 13; 198; 0; 0; 8506.64, 3; 0; 0; 0.07, 932; 244; 7871.48, 21777; 20151
1691793265; 0; 13; 198; 0; 0; 8506.64, 3; 0; 0; 0.13, 933; 244; 7871.48, 21777; 20151
1691793273; 0; 13; 198; 0; 0; 8506.64, 3; 0; 0; 0.12, 934; 244; 7871.48, 21777; 20151
1691793280; 0; 13; 198; 0; 0; 8506.64, 3; 0; 0; 0.13, 934; 245; 7871.48, 21777; 20151
1691793288; 0; 13; 199; 0; 0; 8506.64, 3; 0; 0; 0.13, 935; 245; 7871.48, 21777; 20151
1691793296; 0; 13; 199; 0; 0; 8506.64, 3; 0; 0; 0.13, 936; 245; 7871.48, 21777; 20151
1691793306; 0; 13; 199; 0; 0; 8506.64, 3; 0; 0; 0.10, 937; 245; 7871.48, 21777; 20151
1691793314; 0; 13; 199; 0; 0; 8506.64, 3; 0; 0; 0.13, 938; 245; 7871.48, 21777; 20151
1691793323; 0; 13; 199; 0; 0; 8506.64, 3; 0; 0; 0.11, 939; 245; 7871.48, 21777; 20151
1691793331; 0; 13; 199; 0; 0; 8506.64, 3; 0; 0; 0.13, 940; 245; 7871.48, 21777; 20151
1691793339; 0; 13; 199; 0; 0; 8506.64, 3; 0; 0; 0.12, 941; 245; 7871.48, 21777; 20151
1691793347; 0; 13; 199; 0; 0; 8506.64, 3; 0; 0; 0.12, 942; 245; 7871.48, 21777; 20151
1691793359; 0; 13; 199; 0; 0; 8506.64, 3; 0; 0; 0.09, 943; 245; 7871.48, 21777; 20151
1691793371; 0; 13; 199; 0; 0; 8506.64, 3; 0; 0; 0.08, 944; 245; 7871.48, 21777; 20151
1691793383; 0; 13; 199; 0; 0; 8506.64, 3; 0; 0; 0.08, 945; 245; 7871.48, 21777; 20151
1691793391; 0; 13; 199; 0; 0; 8506.64, 3; 0; 0; 0.12, 946; 245; 7871.48, 21777; 20151
1691793399; 0; 13; 199; 0; 0; 8506.64, 3; 0; 0; 0.13, 947; 245; 7871.48, 21777; 20151
1691793399; 0; 13; 199; 0; 0; 8506.64, 3; 0; 0; 0.00, 947; 245; 7871.48, 21777; 20151
